# Simulation 113
# RelativeTime(days) Magnitude Generation Latitude Longitude
Time Mag Gen Lat Lon
7.007	 2.73	 1	 -41.5176	  167.9802
7.020	 2.29	 1	 -43.6401	  167.0417
7.032	 2.18	 1	 -46.3066	  169.3820
7.034	 2.02	 1	 -41.4112	  171.5246
7.034	 2.59	 1	 -41.8477	  179.0310
7.048	 2.15	 1	 -42.6297	  173.1967
7.052	 2.27	 1	 -40.3576	  178.2505
7.077	 2.27	 1	 -42.1458	  174.7972
7.080	 2.01	 1	 -42.2564	  172.2552
7.081	 2.10	 1	 -44.1365	  172.0747
7.092	 2.38	 1	 -43.0048	  175.7360
7.092	 2.47	 1	 -44.6464	  178.5322
7.093	 2.88	 1	 -40.2864	  175.4029
7.116	 2.01	 1	 -45.8653	  168.6869
7.124	 2.25	 1	 -41.5005	  167.1847
7.132	 2.06	 1	 -42.7450	  174.5068
7.145	 2.44	 1	 -41.3885	  172.4169
7.145	 2.41	 1	 -40.2821	  178.1867
7.149	 2.10	 1	 -42.1337	  173.8250
7.157	 2.06	 1	 -43.7787	  177.1399
7.158	 2.21	 1	 -42.5776	  170.8840
7.168	 2.02	 1	 -41.9274	  173.7126
7.179	 2.78	 1	 -39.7561	  174.7127
7.193	 2.23	 1	 -43.2264	  173.3346
7.195	 2.94	 1	 -44.5206	  173.7209
7.196	 2.38	 1	 -43.0528	  172.1077
7.215	 2.23	 1	 -43.5490	  179.0279
7.217	 3.23	 1	 -42.1892	  173.5912
7.218	 2.32	 1	 -47.1891	  173.0189
7.219	 2.63	 1	 -41.8446	  173.0428
7.228	 2.96	 1	 -44.3590	  173.7697
7.237	 2.60	 1	 -43.1451	  173.6114
7.240	 2.95	 1	 -45.3666	  170.7475
7.244	 2.92	 1	 -38.1967	  172.9062
7.247	 3.79	 1	 -41.7140	  177.4560
7.249	 2.55	 1	 -45.7057	  177.5632
7.260	 3.33	 1	 -45.8467	  172.3823
7.261	 2.33	 1	 -43.0218	  173.3236
7.264	 2.05	 1	 -43.8852	  172.2251
7.268	 2.92	 1	 -45.3811	  174.3716
7.271	 2.16	 1	 -38.5343	  175.3505
7.273	 2.08	 1	 -39.5995	  169.0224
7.274	 2.38	 1	 -38.6970	  175.8287
7.274	 3.21	 1	 -38.3449	  174.5838
7.279	 2.06	 1	 -46.5519	  169.8826
7.282	 2.20	 1	 -41.6050	  172.0643
7.283	 2.12	 1	 -42.5782	  174.0315
7.284	 2.41	 1	 -42.1764	  174.4212
7.285	 2.88	 1	 -45.5073	  176.3229
7.288	 2.20	 1	 -42.2747	  172.2747
7.315	 2.88	 1	 -40.1281	  178.0475
7.323	 3.52	 1	 -43.9484	  178.8965
7.323	 2.06	 1	 -43.3569	  172.7909
7.325	 2.35	 1	 -40.5272	  167.6604
7.328	 2.13	 1	 -41.8736	  175.0851
7.329	 2.16	 1	 -43.6779	  168.3743
7.335	 2.31	 1	 -42.7816	  172.4045
7.335	 2.37	 1	 -42.3628	  172.4872
7.353	 2.01	 1	 -41.5351	  178.9338
7.356	 2.59	 1	 -43.7343	  168.8673
7.375	 2.11	 1	 -38.2973	  171.7307
7.389	 2.33	 1	 -41.3764	  171.5305
7.401	 2.10	 1	 -44.1414	  172.8820
7.401	 2.01	 1	 -40.8466	  167.4436
7.405	 2.51	 1	 -46.7984	  170.5278
7.407	 2.36	 1	 -42.6582	  176.2671
7.435	 2.65	 1	 -43.1972	  173.4686
7.478	 2.11	 1	 -42.1844	  173.8438
7.481	 2.47	 1	 -44.2833	  176.8094
7.493	 2.18	 1	 -41.0892	  173.9760
7.496	 2.78	 1	 -39.6380	  168.5325
7.514	 2.08	 1	 -47.1889	  172.9542
7.540	 2.80	 1	 -40.9139	  174.2957
7.540	 2.16	 1	 -47.1733	  172.5096
7.544	 2.09	 1	 -41.0365	  168.8914
7.550	 2.60	 1	 -41.0082	  171.6105
7.556	 2.68	 1	 -47.0419	  174.5751
7.563	 2.01	 1	 -40.6615	  173.2195
7.566	 2.36	 1	 -43.4550	  172.9326
7.570	 2.69	 1	 -40.7215	  177.6616
7.583	 2.71	 1	 -42.3836	  173.6372
7.592	 2.18	 1	 -45.0813	  171.7386
7.595	 2.15	 1	 -44.0436	  171.8505
7.597	 2.63	 1	 -43.1031	  173.9978
7.597	 2.03	 1	 -40.3358	  178.2323
7.615	 2.86	 1	 -43.0450	  173.4140
7.618	 2.42	 1	 -38.5365	  170.6865
7.622	 2.55	 1	 -43.6535	  169.5596
7.625	 2.37	 1	 -39.0927	  169.3561
7.626	 2.55	 1	 -44.8856	  173.2328
7.627	 3.74	 1	 -38.4928	  175.2084
7.635	 2.23	 1	 -42.0402	  173.6641
7.635	 2.28	 1	 -43.7538	  167.0771
7.638	 2.13	 1	 -43.3873	  173.1576
7.642	 2.77	 1	 -43.2248	  179.0969
7.646	 2.77	 1	 -42.1789	  179.0999
7.648	 2.35	 1	 -43.5596	  174.9368
7.651	 2.02	 1	 -39.0689	  174.5656
7.652	 2.32	 1	 -41.3338	  172.6682
7.671	 2.24	 1	 -44.4558	  174.2743
7.688	 2.96	 1	 -42.9665	  172.3858
7.694	 3.90	 1	 -42.5865	  174.1553
7.710	 2.69	 1	 -40.9101	  173.4323
7.720	 2.80	 1	 -42.4551	  170.8770
7.724	 2.14	 1	 -42.1153	  173.1277
7.731	 2.22	 1	 -42.2808	  173.7007
7.732	 3.82	 1	 -42.8471	  171.6700
7.733	 2.05	 1	 -42.1191	  173.3244
7.738	 2.10	 1	 -38.2513	  172.0648
7.739	 2.05	 1	 -41.6460	  171.5629
7.743	 2.20	 1	 -46.2122	  169.2147
7.759	 2.13	 1	 -38.4997	  175.2325
7.761	 2.25	 1	 -41.2922	  173.4647
7.773	 2.54	 1	 -43.9276	  173.5257
7.790	 3.22	 1	 -44.3915	  178.6865
7.795	 2.32	 1	 -40.0399	  170.4953
7.802	 2.44	 1	 -46.9226	  170.9472
7.805	 2.08	 1	 -45.5201	  170.4362
7.812	 2.02	 1	 -43.2250	  174.4674
7.825	 2.07	 1	 -42.2315	  179.1077
7.825	 2.31	 1	 -38.2168	  173.6108
7.832	 2.18	 1	 -43.1118	  169.8662
7.837	 2.34	 1	 -47.1507	  172.2242
7.837	 2.32	 1	 -42.9636	  169.8977
7.837	 2.41	 1	 -41.6654	  173.0441
7.858	 3.01	 1	 -42.3223	  177.0923
7.877	 2.80	 1	 -46.1220	  169.0653
7.882	 2.73	 1	 -45.5466	  169.3352
7.894	 2.54	 1	 -39.4746	  177.2953
7.895	 3.00	 1	 -40.6259	  174.9250
7.908	 2.75	 1	 -44.5390	  178.6004
7.910	 2.13	 1	 -44.2718	  175.0675
7.921	 2.07	 1	 -47.1193	  174.0959
7.924	 2.56	 1	 -41.4625	  170.2608
7.929	 2.15	 1	 -43.2098	  167.2301
7.939	 2.21	 1	 -40.0227	  177.9449
7.960	 2.19	 1	 -38.1990	  172.7974
7.973	 2.02	 1	 -41.0739	  172.1156
7.980	 2.08	 1	 -41.8138	  167.0223
7.986	 2.70	 1	 -46.0729	  168.9879
7.986	 2.17	 1	 -41.6266	  168.4755
7.991	 2.71	 1	 -41.7698	  174.1882
7.999	 2.33	 1	 -42.3621	  170.3701
8.012	 2.29	 1	 -45.4136	  170.8672
8.018	 2.36	 1	 -41.6632	  174.1728
8.028	 2.15	 1	 -38.9948	  169.5411
8.039	 2.70	 1	 -45.0969	  171.7737
8.050	 2.04	 1	 -38.6515	  172.2551
8.060	 2.11	 1	 -42.3375	  173.4499
8.061	 2.17	 1	 -45.0724	  171.8838
8.062	 2.23	 1	 -38.3330	  174.5210
8.068	 2.20	 1	 -45.7871	  172.4403
8.077	 2.42	 1	 -40.3928	  173.9999
8.078	 2.19	 1	 -42.9291	  174.5828
8.090	 2.11	 1	 -43.3228	  177.0661
8.101	 2.27	 1	 -42.7205	  174.8754
8.106	 2.83	 1	 -40.5209	  171.3081
8.109	 2.04	 1	 -41.6927	  178.9868
8.113	 2.44	 1	 -42.2065	  170.4639
8.115	 2.42	 1	 -46.9069	  170.8887
8.128	 2.19	 1	 -40.4019	  173.4924
8.133	 2.97	 1	 -46.9551	  174.9701
8.135	 2.26	 1	 -38.7985	  169.9629
8.141	 3.02	 1	 -47.1181	  171.9387
8.152	 2.25	 1	 -38.2058	  173.4274
8.153	 2.38	 1	 -38.1959	  173.0243
8.153	 2.80	 1	 -43.6901	  171.0662
8.169	 2.03	 1	 -40.9509	  172.9805
8.170	 2.45	 1	 -46.0469	  168.9478
8.185	 2.53	 1	 -40.3973	  174.9679
8.196	 2.80	 1	 -41.6190	  178.9630
8.201	 3.62	 1	 -39.2876	  169.7492
8.202	 2.18	 1	 -39.7689	  171.8000
8.212	 2.20	 1	 -42.8147	  172.1394
8.215	 2.24	 1	 -46.3550	  176.5715
8.219	 2.37	 1	 -43.2028	  166.9438
8.220	 2.57	 1	 -42.1414	  173.7148
8.233	 2.81	 1	 -43.8694	  178.2820
8.245	 2.12	 1	 -46.8567	  171.6130
8.247	 2.32	 1	 -45.1127	  172.9283
8.250	 2.02	 1	 -44.5325	  175.9563
8.250	 3.34	 1	 -43.6503	  170.6996
8.251	 2.03	 1	 -40.5322	  176.5463
8.253	 2.19	 1	 -43.9712	  174.0464
8.253	 2.37	 1	 -42.6301	  174.0385
8.254	 2.30	 1	 -41.3255	  175.3045
8.262	 2.10	 1	 -38.1962	  172.9609
8.272	 3.12	 1	 -42.5345	  173.3724
8.283	 2.08	 1	 -43.9161	  169.3310
8.300	 2.04	 1	 -42.2711	  173.4919
8.319	 2.42	 1	 -41.4608	  170.5679
8.322	 2.02	 1	 -43.5941	  174.9804
8.330	 2.68	 1	 -43.1757	  175.1008
8.331	 4.05	 1	 -42.6216	  172.9292
8.363	 2.02	 1	 -41.5246	  173.1505
8.363	 2.04	 1	 -40.5173	  167.6678
8.366	 2.42	 1	 -47.0425	  174.5717
8.367	 2.10	 1	 -44.8820	  175.8160
8.367	 2.53	 1	 -42.2690	  173.0006
8.376	 2.20	 1	 -45.2691	  174.2489
8.377	 2.10	 1	 -42.0300	  173.8811
8.383	 3.72	 1	 -38.2024	  172.6949
8.388	 2.25	 1	 -41.2105	  173.1921
8.403	 2.54	 1	 -42.8855	  171.2676
8.408	 2.14	 1	 -40.5553	  172.0119
8.420	 2.78	 1	 -46.5641	  170.2373
8.420	 3.56	 1	 -42.2313	  173.6300
8.421	 4.64	 1	 -44.8085	  170.8403
8.426	 2.15	 1	 -45.6080	  168.3645
8.431	 2.09	 1	 -46.3089	  176.6580
8.434	 2.65	 1	 -40.7201	  172.3560
8.436	 2.32	 1	 -38.2054	  172.6250
8.437	 2.67	 1	 -44.1598	  173.9867
8.455	 2.14	 1	 -40.5985	  175.0408
8.473	 2.86	 1	 -41.5852	  175.2048
8.474	 2.29	 1	 -41.5748	  169.5369
8.482	 2.49	 1	 -40.9488	  167.3831
8.503	 2.21	 1	 -42.9235	  171.5736
8.532	 3.21	 1	 -45.6837	  168.4543
8.557	 2.24	 1	 -41.2496	  178.8164
8.567	 2.14	 1	 -44.9630	  171.0181
8.569	 2.49	 1	 -45.4693	  177.8341
8.588	 2.06	 1	 -38.2206	  172.3815
8.589	 2.42	 1	 -40.7201	  173.6681
8.589	 2.21	 1	 -40.5858	  178.4270
8.607	 2.64	 1	 -44.5426	  175.5997
8.607	 2.06	 1	 -42.1554	  173.4521
8.612	 2.16	 1	 -43.7242	  175.2132
8.614	 2.19	 1	 -41.7979	  174.2565
8.640	 2.75	 1	 -41.1366	  173.5173
8.643	 2.73	 1	 -42.8393	  171.7707
8.645	 4.88	 1	 -43.5220	  172.8283
8.655	 2.14	 1	 -41.6242	  172.5735
8.661	 3.13	 1	 -41.9030	  172.0213
8.663	 4.09	 1	 -40.2400	  171.8851
8.667	 2.61	 1	 -42.3244	  172.2035
8.680	 2.61	 1	 -42.3370	  170.5252
8.683	 2.23	 1	 -42.2680	  173.9040
8.700	 2.60	 1	 -41.7833	  174.1484
8.711	 3.75	 1	 -42.6110	  172.5465
8.714	 2.37	 1	 -42.1005	  173.6977
8.716	 2.02	 1	 -39.4278	  171.8085
8.721	 2.07	 1	 -43.6649	  173.0828
8.728	 2.22	 1	 -38.4899	  175.1980
8.734	 2.56	 1	 -42.0576	  177.3475
8.736	 3.46	 1	 -41.9373	  169.9429
8.751	 2.94	 1	 -42.7875	  170.2049
8.760	 2.85	 1	 -41.4688	  173.8789
8.773	 2.14	 1	 -43.8154	  175.8337
8.776	 2.23	 1	 -44.3428	  173.1732
8.777	 2.18	 1	 -42.6876	  173.4532
8.794	 2.10	 1	 -44.0832	  171.7836
8.800	 2.55	 1	 -42.3279	  172.8503
8.813	 2.60	 1	 -40.7585	  171.4791
8.816	 2.15	 1	 -42.9460	  172.3975
8.820	 2.16	 1	 -44.5326	  175.5120
8.847	 2.12	 1	 -41.3553	  171.1066
8.849	 2.15	 1	 -41.8102	  174.2445
8.859	 2.04	 1	 -43.8600	  174.1146
8.866	 2.12	 1	 -40.6420	  173.3758
8.875	 2.07	 1	 -46.1895	  173.2218
8.889	 2.25	 1	 -40.5083	  178.3697
8.891	 2.06	 1	 -43.5381	  172.7457
8.901	 2.27	 1	 -40.3360	  178.2325
8.903	 2.31	 1	 -41.9813	  173.6603
8.915	 2.86	 1	 -43.1097	  172.0911
8.929	 2.18	 1	 -42.5235	  179.1356
8.956	 2.56	 1	 -42.1534	  177.2460
8.960	 2.78	 1	 -42.6836	  166.9043
8.969	 2.08	 1	 -40.4416	  177.2841
8.985	 2.02	 1	 -42.9727	  171.2527
8.996	 2.15	 1	 -44.2729	  171.8516
8.997	 2.01	 1	 -42.7595	  174.0513
9.000	 2.14	 1	 -42.4299	  170.0650
9.006	 2.14	 1	 -43.8214	  167.1002
9.026	 2.53	 1	 -42.4311	  172.2069
9.039	 2.28	 1	 -41.9446	  171.1876
9.050	 2.30	 1	 -46.6520	  170.1226
9.057	 2.37	 1	 -40.6195	  178.3336
9.087	 2.11	 1	 -42.9245	  172.8721
9.098	 3.02	 1	 -39.7203	  175.4904
9.102	 3.26	 1	 -42.6056	  173.9960
9.105	 2.46	 1	 -47.1277	  172.0139
9.118	 2.94	 1	 -38.3713	  174.7138
9.130	 2.86	 1	 -41.6172	  178.9624
9.134	 2.23	 1	 -42.6195	  172.8320
9.135	 2.16	 1	 -42.5567	  173.1538
9.141	 2.52	 1	 -47.0971	  174.2537
9.164	 2.07	 1	 -43.6886	  174.2473
9.186	 2.20	 1	 -42.5223	  173.2740
9.190	 2.13	 1	 -43.3768	  172.9908
9.205	 2.36	 1	 -41.2181	  172.6144
9.207	 2.11	 1	 -38.2058	  173.4268
9.219	 2.03	 1	 -44.9510	  173.2671
9.229	 2.03	 1	 -41.5067	  173.5095
9.241	 2.36	 1	 -38.4294	  171.0765
9.250	 3.12	 1	 -43.9915	  175.4373
9.308	 2.09	 1	 -42.4048	  173.7345
9.309	 2.40	 1	 -42.2069	  175.8974
9.312	 2.93	 1	 -42.1466	  176.7800
9.316	 4.28	 1	 -44.9872	  169.3846
9.324	 2.02	 1	 -40.4911	  170.5309
9.325	 2.02	 1	 -38.2177	  173.6227
9.331	 2.29	 1	 -43.3913	  179.0656
9.335	 2.35	 1	 -42.6691	  172.5045
9.335	 3.83	 1	 -41.1457	  173.1331
9.338	 3.91	 1	 -38.4983	  175.2277
9.346	 3.04	 1	 -43.4644	  173.7941
9.354	 2.36	 1	 -40.5396	  176.0517
9.356	 2.22	 1	 -40.9881	  176.5938
9.358	 2.30	 1	 -41.5842	  171.8542
9.371	 3.69	 1	 -44.2675	  174.9183
9.386	 2.22	 1	 -47.1776	  172.5840
9.398	 2.83	 1	 -44.0565	  172.5860
9.400	 2.63	 1	 -42.1685	  166.9460
9.402	 2.11	 1	 -42.5205	  172.4299
9.402	 3.27	 1	 -44.2618	  178.7553
9.402	 2.82	 1	 -41.9112	  172.4283
9.433	 2.34	 1	 -43.4125	  170.1181
9.434	 2.20	 1	 -45.3150	  175.1084
9.449	 2.59	 1	 -38.7442	  170.0946
9.451	 2.26	 1	 -44.9932	  171.4069
9.451	 2.01	 1	 -42.4129	  173.3251
9.464	 3.00	 1	 -41.4819	  172.3043
9.465	 2.67	 1	 -44.4611	  173.3953
9.468	 2.51	 1	 -43.9008	  174.2055
9.469	 3.07	 1	 -41.4006	  174.3988
9.470	 2.18	 1	 -43.7374	  170.0286
9.473	 2.68	 1	 -44.0670	  171.6635
9.473	 2.81	 1	 -41.9506	  176.2395
9.500	 2.08	 1	 -40.5361	  172.4073
9.503	 2.60	 1	 -41.9360	  175.2571
9.505	 2.24	 1	 -38.7632	  170.0476
9.516	 2.48	 1	 -43.9650	  172.6736
9.519	 2.18	 1	 -38.7947	  169.9718
9.526	 2.23	 1	 -41.6533	  169.2381
9.528	 2.44	 1	 -42.5905	  170.0035
9.533	 3.32	 1	 -40.9769	  171.8247
9.548	 2.90	 1	 -43.3946	  171.8951
9.556	 2.07	 1	 -42.3753	  171.5447
9.559	 2.16	 1	 -41.7909	  174.1751
9.565	 2.41	 1	 -42.9659	  166.9156
9.575	 2.46	 1	 -42.2861	  171.9233
9.586	 2.15	 1	 -40.1324	  167.9928
9.589	 2.29	 1	 -42.1745	  171.1307
9.596	 2.01	 1	 -44.9863	  178.2841
9.636	 2.14	 1	 -38.7269	  170.1381
9.640	 2.67	 1	 -40.4300	  171.0176
9.646	 3.45	 1	 -42.1439	  173.7893
9.646	 2.01	 1	 -44.1685	  174.1117
9.650	 2.40	 1	 -38.4794	  175.1600
9.654	 2.93	 1	 -43.2986	  175.1905
9.656	 2.16	 1	 -40.9369	  173.1307
9.661	 2.17	 1	 -41.1980	  167.2522
9.662	 2.25	 1	 -41.2058	  174.6170
9.663	 2.06	 1	 -42.4697	  175.7560
9.673	 2.44	 1	 -41.4914	  178.9176
9.674	 2.28	 1	 -45.5521	  177.7435
9.679	 2.51	 1	 -38.6391	  170.3739
9.680	 2.03	 1	 -43.6315	  173.3115
9.687	 2.34	 1	 -39.4509	  170.1821
9.715	 2.36	 1	 -39.9320	  177.8514
9.718	 2.28	 1	 -39.5036	  174.6255
9.725	 2.02	 1	 -40.9931	  176.7779
9.726	 2.04	 1	 -42.3050	  170.1005
9.747	 2.13	 1	 -47.1784	  173.4456
9.754	 2.22	 1	 -43.4171	  169.7929
9.769	 2.10	 1	 -44.3154	  167.3167
9.770	 2.05	 1	 -43.8327	  178.9400
9.774	 2.83	 1	 -38.2000	  172.7614
9.780	 3.40	 1	 -40.0003	  172.1808
9.793	 2.59	 1	 -42.9678	  172.4854
9.799	 2.11	 1	 -47.0958	  174.2619
9.834	 2.11	 1	 -38.3976	  171.2104
9.849	 2.21	 1	 -42.6122	  173.1982
9.859	 2.23	 1	 -42.4142	  172.5041
9.863	 2.47	 1	 -41.9835	  171.0968
9.877	 2.08	 1	 -43.5012	  175.2872
9.880	 2.78	 1	 -41.7603	  174.2798
9.886	 2.80	 1	 -44.6162	  167.4924
9.889	 2.07	 1	 -41.9818	  175.1251
9.902	 2.02	 1	 -43.7908	  171.3985
9.903	 2.28	 1	 -42.7968	  173.0724
9.906	 2.16	 1	 -43.8827	  173.4782
9.920	 2.16	 1	 -46.7124	  175.7636
9.935	 2.06	 1	 -43.8136	  171.6926
9.942	 3.00	 1	 -45.0047	  174.9420
9.963	 2.19	 1	 -40.8025	  177.9884
9.964	 2.20	 1	 -38.2019	  173.3368
9.966	 2.58	 1	 -43.2899	  173.4106
9.982	 2.10	 1	 -43.2706	  175.1222
9.984	 4.04	 1	 -46.5239	  169.8197
9.991	 3.12	 1	 -43.2347	  166.9490
9.996	 2.35	 1	 -46.8920	  170.8352
9.999	 2.17	 1	 -40.4293	  168.4467
10.004	 2.07	 1	 -42.6835	  172.3855
10.015	 2.17	 1	 -41.2542	  174.3739
10.027	 2.05	 1	 -43.0708	  168.4466
10.036	 2.44	 1	 -43.1381	  171.0749
10.039	 2.69	 1	 -46.0296	  172.5505
10.052	 2.45	 1	 -42.3143	  171.7674
10.060	 2.46	 1	 -42.2437	  166.9349
10.069	 2.77	 1	 -44.0886	  173.5479
10.076	 2.22	 1	 -43.7431	  170.8771
10.082	 2.40	 1	 -43.5862	  171.1127
10.085	 2.31	 1	 -43.1309	  175.1651
10.118	 2.06	 1	 -45.8111	  168.6147
10.124	 2.10	 1	 -42.5516	  172.9549
10.133	 2.81	 1	 -38.2006	  173.3005
10.147	 2.59	 1	 -42.0498	  173.6402
10.156	 2.37	 1	 -40.8189	  173.1156
10.162	 2.02	 1	 -42.5675	  170.6922
10.168	 2.02	 1	 -40.6890	  178.4991
10.187	 3.37	 1	 -38.2896	  174.2640
10.194	 2.24	 1	 -45.4922	  173.4088
10.201	 2.00	 1	 -39.3541	  177.1206
10.211	 2.02	 1	 -42.7111	  173.4054
10.217	 2.25	 1	 -45.0080	  174.7554
10.228	 3.23	 1	 -42.2540	  173.7284
10.246	 2.71	 1	 -39.8880	  177.8042
10.246	 3.61	 1	 -44.4894	  167.4140
10.250	 2.30	 1	 -47.1300	  172.0331
10.316	 2.22	 1	 -42.4661	  173.0346
10.322	 2.67	 1	 -41.3270	  174.8291
10.324	 2.08	 1	 -42.7729	  179.1390
10.333	 2.12	 1	 -46.7823	  170.4792
10.337	 2.38	 1	 -41.0711	  173.4770
10.340	 2.37	 1	 -42.2134	  173.7076
10.398	 2.21	 1	 -41.3288	  173.9808
10.403	 2.87	 1	 -43.4611	  170.5464
10.418	 2.28	 1	 -45.7111	  177.5566
10.428	 2.84	 1	 -40.3096	  169.0995
10.432	 2.56	 1	 -38.9071	  176.3240
10.472	 2.32	 1	 -40.1362	  173.3310
10.486	 2.14	 1	 -43.1874	  175.4846
10.501	 2.21	 1	 -41.5259	  171.3623
10.510	 2.46	 1	 -38.2201	  172.3888
10.511	 2.12	 1	 -42.3637	  172.9746
10.551	 2.01	 1	 -41.9578	  172.8223
10.554	 2.11	 1	 -43.8482	  171.3408
10.556	 2.16	 1	 -46.9133	  170.9123
10.592	 2.11	 1	 -40.6948	  178.5030
10.593	 2.73	 1	 -41.8777	  179.0387
10.596	 2.21	 1	 -46.7678	  170.8384
10.621	 2.07	 1	 -41.2806	  172.4138
10.632	 2.93	 1	 -44.0682	  173.2108
10.636	 2.44	 1	 -42.0176	  173.7511
10.640	 2.08	 1	 -39.8965	  177.8134
10.643	 2.90	 1	 -38.1983	  172.8219
10.645	 2.60	 1	 -40.3363	  171.5373
10.653	 2.22	 1	 -43.6714	  178.9932
10.657	 2.04	 1	 -43.0938	  175.5425
10.667	 2.51	 1	 -39.3767	  174.5609
10.672	 2.75	 1	 -43.5393	  174.9171
10.673	 2.38	 1	 -42.5749	  173.4611
10.685	 2.39	 1	 -46.3584	  169.4793
10.698	 4.05	 1	 -44.3915	  167.3578
10.706	 2.10	 1	 -42.8029	  178.7471
10.706	 7.32	 1	 -44.5392	  167.4441
10.727	 3.15	 1	 -41.9306	  172.4860
10.741	 2.09	 1	 -44.6724	  172.8073
10.743	 2.61	 1	 -44.0973	  168.4467
10.744	 2.39	 1	 -44.2055	  178.7832
10.749	 2.41	 1	 -43.3396	  174.5292
10.758	 2.49	 1	 -40.2871	  178.1910
10.762	 2.60	 1	 -40.6738	  174.3459
10.766	 2.91	 1	 -38.3184	  174.4401
10.769	 2.24	 1	 -44.0436	  173.1391
10.774	 2.82	 1	 -41.7080	  174.0731
10.786	 2.38	 1	 -42.6671	  172.1822
10.789	 2.49	 1	 -46.3243	  169.4148
10.797	 2.09	 1	 -41.9363	  172.5029
10.803	 2.03	 1	 -43.6248	  178.5276
10.812	 3.06	 1	 -42.8621	  174.8615
10.823	 2.70	 1	 -40.0425	  168.0796
10.826	 2.27	 1	 -41.9572	  173.8367
10.830	 2.43	 1	 -46.8698	  175.2864
10.832	 2.35	 1	 -47.1709	  173.5730
10.841	 2.79	 1	 -42.2877	  172.0179
10.842	 2.27	 1	 -42.7912	  176.0717
10.846	 2.12	 1	 -40.7432	  177.7985
10.860	 2.30	 1	 -38.2117	  173.5341
10.862	 3.33	 1	 -41.3349	  174.6474
10.872	 3.21	 1	 -44.9305	  173.3660
10.883	 2.42	 1	 -44.4140	  172.8809
10.885	 2.54	 1	 -43.5496	  170.2196
10.887	 3.83	 1	 -38.7248	  170.1435
10.904	 2.18	 1	 -43.0807	  172.8456
10.916	 3.00	 1	 -47.1884	  172.9121
10.919	 2.07	 1	 -47.1865	  172.8117
10.933	 2.05	 1	 -42.0084	  171.0370
10.934	 2.50	 1	 -45.0751	  167.9589
10.945	 2.19	 1	 -39.3842	  168.8788
10.956	 2.64	 1	 -42.9216	  172.5377
10.972	 2.34	 1	 -43.0926	  172.0191
10.980	 2.04	 1	 -42.3124	  168.1946
10.983	 2.06	 1	 -46.6007	  175.9964
11.009	 2.24	 1	 -41.9026	  173.4738
11.013	 2.18	 1	 -47.0725	  171.6377
11.016	 2.19	 1	 -40.1337	  167.9915
11.020	 3.10	 1	 -40.9341	  167.3915
11.034	 2.04	 1	 -42.9681	  170.6289
11.052	 2.73	 1	 -42.3616	  172.6072
11.052	 2.54	 1	 -41.9211	  171.8019
11.058	 2.19	 1	 -40.7935	  176.0290
11.071	 2.20	 1	 -38.3250	  174.4772
11.073	 2.11	 1	 -44.4346	  177.0835
11.085	 2.01	 1	 -42.8545	  173.6622
11.118	 2.65	 1	 -41.7452	  174.4483
11.120	 2.37	 1	 -43.6978	  174.5180
11.123	 2.35	 1	 -39.7671	  168.3761
11.129	 2.09	 1	 -42.2615	  173.7702
11.146	 2.24	 1	 -43.5452	  174.2048
11.147	 3.17	 1	 -45.3581	  173.0264
11.148	 2.07	 1	 -42.4067	  172.9860
11.149	 2.13	 1	 -43.2931	  177.3377
11.157	 2.00	 1	 -42.4547	  173.2245
11.158	 2.12	 1	 -40.3111	  178.2116
11.161	 2.21	 1	 -38.2065	  172.6023
11.165	 2.40	 1	 -44.7478	  170.0704
11.171	 2.89	 1	 -42.3629	  173.7890
11.172	 2.06	 1	 -42.4355	  171.9290
11.198	 2.01	 1	 -42.5053	  173.0021
11.200	 2.07	 1	 -43.7990	  176.7835
11.214	 2.42	 1	 -43.5480	  173.8067
11.221	 2.00	 1	 -41.6834	  174.2997
11.236	 2.06	 1	 -42.4190	  166.9157
11.252	 2.09	 1	 -46.8400	  170.6587
11.257	 2.50	 1	 -42.1277	  174.6552
11.263	 2.38	 1	 -47.1190	  171.9455
11.274	 2.02	 1	 -46.0313	  177.1201
11.285	 2.68	 1	 -40.8392	  173.7954
11.287	 2.38	 1	 -41.4740	  174.7775
11.298	 2.61	 1	 -46.7748	  175.5872
11.299	 2.28	 1	 -41.8728	  173.6367
11.317	 2.16	 1	 -42.0748	  172.9837
11.330	 2.09	 1	 -42.9748	  173.1830
11.330	 2.11	 1	 -43.1697	  166.9389
11.352	 2.00	 1	 -38.8365	  169.8752
11.352	 2.20	 1	 -47.1679	  173.6165
11.354	 2.46	 1	 -42.6004	  172.6875
11.366	 2.46	 1	 -45.2612	  173.1382
11.389	 2.09	 1	 -42.6014	  172.9051
11.396	 2.49	 1	 -45.0150	  178.2608
11.407	 3.79	 1	 -42.3667	  173.9624
11.444	 2.48	 1	 -43.6976	  174.3413
11.452	 2.56	 1	 -41.4573	  173.7697
11.454	 3.54	 1	 -44.6466	  178.5321
11.456	 4.45	 1	 -46.7759	  170.4604
11.461	 2.59	 1	 -41.5946	  173.3972
11.492	 2.43	 1	 -38.2022	  173.3446
11.495	 2.05	 1	 -39.3086	  172.3248
11.507	 3.73	 1	 -39.5313	  173.9873
11.515	 2.26	 1	 -42.4045	  173.7428
11.528	 3.29	 1	 -39.2960	  170.2445
11.563	 3.04	 1	 -41.7227	  174.2502
11.583	 2.22	 1	 -46.1588	  169.1250
11.583	 2.10	 1	 -39.7493	  168.3970
11.586	 2.89	 1	 -41.9220	  174.0132
11.588	 2.09	 1	 -43.6187	  172.0340
11.588	 2.28	 1	 -43.6133	  171.4144
11.592	 2.06	 1	 -40.7524	  173.4580
11.604	 2.00	 1	 -43.7770	  173.0284
11.617	 2.39	 1	 -38.1988	  172.8020
11.619	 2.19	 1	 -41.7569	  174.4607
11.622	 2.07	 1	 -44.2555	  173.2629
11.627	 2.18	 1	 -38.2061	  173.4342
11.629	 2.00	 1	 -42.3911	  173.8703
11.646	 2.56	 1	 -45.9058	  168.7425
11.655	 2.08	 1	 -42.8191	  173.2622
11.681	 3.16	 1	 -43.2480	  174.6592
11.684	 2.04	 1	 -44.0450	  178.4418
11.701	 2.87	 1	 -41.7843	  173.2335
11.717	 2.43	 1	 -41.8148	  174.2150
11.718	 2.03	 1	 -40.8871	  167.4191
11.724	 2.85	 1	 -46.1788	  175.7031
11.736	 2.23	 1	 -41.8925	  169.6600
11.738	 2.26	 1	 -47.1303	  172.0356
11.756	 2.59	 1	 -41.9449	  173.9554
11.764	 2.08	 1	 -41.6687	  174.3507
11.764	 2.95	 1	 -41.0022	  176.3753
11.765	 2.82	 1	 -42.8275	  173.1586
11.773	 2.08	 1	 -41.2446	  178.8141
11.783	 2.33	 1	 -42.4724	  166.9117
11.801	 2.51	 1	 -46.6861	  173.1671
11.825	 2.15	 1	 -45.6017	  174.9138
11.827	 2.86	 1	 -41.2219	  173.8580
11.852	 2.33	 1	 -40.8288	  173.4606
11.854	 2.39	 1	 -38.7983	  176.0809
11.856	 2.11	 1	 -43.1385	  172.2703
11.857	 2.21	 1	 -39.5777	  168.6098
11.870	 2.00	 1	 -38.2009	  172.7356
11.881	 2.57	 1	 -47.1122	  171.8956
11.883	 2.12	 1	 -41.6868	  174.3982
11.888	 3.28	 1	 -39.6386	  177.5125
11.891	 3.50	 1	 -42.4486	  166.9133
11.891	 3.14	 1	 -40.9369	  173.0422
11.922	 2.15	 1	 -45.1646	  178.1324
11.934	 2.44	 1	 -42.9322	  173.7212
11.944	 2.84	 1	 -39.5945	  177.4563
11.950	 2.04	 1	 -41.6456	  173.9960
11.952	 2.72	 1	 -43.4998	  167.0037
12.018	 2.02	 1	 -44.1840	  170.3564
12.081	 2.32	 1	 -38.2071	  172.5907
12.096	 2.35	 1	 -44.4012	  172.8264
12.101	 3.13	 1	 -43.4638	  172.8217
12.107	 2.60	 1	 -41.5102	  172.8891
12.122	 2.52	 1	 -42.1498	  173.4862
12.125	 2.51	 1	 -39.0086	  169.5142
12.139	 2.36	 1	 -41.0828	  167.9121
12.157	 2.27	 1	 -42.1527	  173.5695
12.158	 2.81	 1	 -38.7666	  170.0394
12.159	 2.27	 1	 -42.8876	  170.4571
12.167	 2.62	 1	 -43.2310	  166.9483
12.171	 2.19	 1	 -43.2675	  170.9574
12.173	 2.02	 1	 -41.6542	  178.2183
12.190	 2.03	 1	 -42.1641	  174.6031
12.190	 2.35	 1	 -39.2520	  176.9612
12.194	 2.09	 1	 -41.9574	  173.5263
12.197	 4.03	 1	 -40.6701	  167.5580
12.204	 2.22	 1	 -40.5568	  167.6385
12.205	 2.55	 1	 -40.6042	  178.4402
12.216	 3.22	 1	 -43.3359	  173.2898
12.220	 2.78	 1	 -38.5571	  171.1847
12.242	 2.05	 1	 -46.8553	  175.3353
12.252	 2.21	 1	 -43.5414	  179.0300
12.254	 3.64	 1	 -42.3063	  173.6029
12.254	 2.16	 1	 -42.3778	  173.9146
12.260	 2.22	 1	 -42.7144	  172.9739
12.261	 2.15	 1	 -46.6720	  175.8707
12.264	 2.04	 1	 -42.3090	  166.9266
12.269	 2.45	 1	 -47.1101	  171.8799
12.272	 2.06	 1	 -42.4953	  173.3613
12.272	 2.02	 1	 -41.7817	  175.3097
12.274	 2.91	 1	 -43.5040	  172.1621
12.275	 2.14	 1	 -43.7395	  171.3429
12.276	 2.14	 1	 -41.0027	  171.7377
12.291	 2.10	 1	 -42.3224	  172.9202
12.304	 2.41	 1	 -41.7286	  174.3493
12.324	 2.25	 1	 -47.1761	  173.4882
12.326	 2.06	 1	 -43.2747	  172.7599
12.344	 2.53	 1	 -42.0787	  174.6912
12.360	 2.14	 1	 -42.9548	  178.6131
12.360	 2.37	 1	 -39.6226	  169.7296
12.391	 2.60	 1	 -40.4574	  174.4986
12.408	 2.11	 1	 -42.3727	  172.4234
12.414	 2.11	 1	 -41.6989	  173.0914
12.424	 2.05	 1	 -41.8773	  172.6397
12.425	 2.06	 1	 -41.6796	  172.2885
12.444	 2.63	 1	 -42.0946	  179.0856
12.465	 2.04	 1	 -40.5268	  169.3717
12.471	 2.91	 1	 -44.2779	  170.6590
12.482	 2.41	 1	 -42.8814	  173.1392
12.496	 2.26	 1	 -42.1162	  173.4316
12.503	 2.00	 1	 -43.0010	  173.6466
12.510	 2.09	 1	 -45.6268	  175.7796
12.543	 4.15	 1	 -40.4550	  172.1133
12.553	 2.55	 1	 -38.4093	  171.1599
12.554	 2.01	 1	 -39.9775	  177.8989
12.554	 2.20	 1	 -43.6666	  175.1513
12.555	 2.07	 1	 -43.9104	  176.0976
12.561	 2.24	 1	 -39.4308	  177.2333
12.565	 2.11	 1	 -43.2425	  174.3009
12.579	 2.83	 1	 -43.9632	  172.6367
12.607	 2.19	 1	 -42.3369	  173.3949
12.612	 2.15	 1	 -42.1516	  172.1084
12.612	 2.59	 1	 -40.6057	  170.7120
12.623	 3.00	 1	 -43.9985	  171.9755
12.627	 3.99	 1	 -41.2748	  173.9759
12.631	 2.89	 1	 -43.0897	  171.8257
12.633	 2.48	 1	 -40.2586	  167.8781
12.636	 2.17	 1	 -42.5696	  174.2600
12.640	 2.27	 1	 -44.0396	  167.1853
12.644	 2.58	 1	 -43.5054	  171.9470
12.654	 2.02	 1	 -42.0659	  172.5094
12.659	 2.46	 1	 -44.8615	  171.4370
12.671	 2.58	 1	 -41.2098	  172.7754
12.677	 2.53	 1	 -43.2463	  171.5346
12.689	 2.01	 1	 -43.0216	  170.6823
12.690	 2.04	 1	 -40.6384	  173.9781
12.691	 3.14	 1	 -40.8752	  172.5523
12.703	 2.00	 1	 -42.1283	  173.1930
12.705	 2.34	 1	 -41.6074	  172.5691
12.729	 3.95	 1	 -42.2910	  172.1603
12.743	 2.39	 1	 -38.9645	  169.6014
12.749	 2.59	 1	 -47.1717	  172.4839
12.762	 2.77	 1	 -42.5115	  170.0872
12.772	 2.46	 1	 -47.1556	  172.2765
12.773	 3.44	 1	 -40.8530	  167.4397
12.781	 2.13	 1	 -46.8308	  170.6290
12.783	 2.19	 1	 -43.2120	  175.1810
12.788	 4.25	 1	 -41.9229	  173.0369
12.802	 2.21	 1	 -39.2988	  177.0356
12.806	 2.02	 1	 -42.2197	  170.0804
12.814	 2.03	 1	 -40.4529	  167.7172
12.816	 2.73	 1	 -41.7533	  174.3212
12.820	 2.38	 1	 -44.0468	  170.9594
12.825	 2.75	 1	 -43.6308	  167.0390
12.829	 2.08	 1	 -38.1960	  173.0506
12.847	 2.10	 1	 -42.1580	  173.5873
12.852	 2.15	 1	 -38.3348	  174.5306
12.859	 2.37	 1	 -41.7351	  172.0307
12.869	 2.10	 1	 -38.6048	  175.5712
12.890	 3.09	 1	 -41.2746	  174.6382
12.901	 2.48	 1	 -47.0895	  174.3028
12.905	 2.55	 1	 -43.1066	  173.6215
12.911	 2.42	 1	 -43.6123	  167.0337
12.940	 2.93	 1	 -43.6766	  172.3538
12.944	 4.00	 1	 -42.9886	  172.5213
12.968	 2.34	 1	 -44.0354	  173.9124
12.969	 2.62	 1	 -40.9109	  174.3257
12.974	 2.90	 1	 -46.2443	  169.2703
13.019	 3.76	 1	 -41.6021	  172.6971
13.037	 2.59	 1	 -45.7814	  169.5422
13.043	 3.13	 1	 -42.4394	  168.6589
13.045	 2.02	 1	 -43.3310	  176.6997
13.054	 2.11	 1	 -41.0885	  171.8473
13.056	 2.30	 1	 -42.0640	  173.7591
13.061	 2.05	 1	 -42.8066	  172.6290
13.068	 2.03	 1	 -41.1021	  176.9151
13.070	 2.12	 1	 -42.4327	  173.8914
13.100	 2.10	 1	 -41.6340	  173.8646
13.140	 2.20	 1	 -43.0074	  175.5048
13.142	 3.52	 1	 -47.1775	  173.4623
13.149	 2.16	 1	 -41.4821	  171.4012
13.156	 2.95	 1	 -45.7257	  177.5385
13.167	 2.10	 1	 -39.3842	  168.8788
13.188	 2.13	 1	 -44.5230	  170.8499
13.192	 2.93	 1	 -42.2890	  171.9430
13.193	 2.00	 1	 -42.4602	  176.3498
13.195	 2.26	 1	 -43.2842	  172.9749
13.211	 2.58	 1	 -47.1747	  173.5115
13.213	 2.44	 1	 -39.6112	  177.4778
13.238	 2.91	 1	 -39.0548	  169.4261
13.263	 2.13	 1	 -42.3219	  173.8798
13.287	 2.21	 1	 -44.0047	  175.0435
13.298	 2.13	 1	 -38.9666	  176.4471
13.302	 2.21	 1	 -39.0088	  176.5306
13.305	 2.12	 1	 -45.0897	  172.7363
13.309	 3.33	 1	 -41.8107	  179.0211
13.310	 2.55	 1	 -41.4956	  173.4094
13.363	 3.86	 1	 -41.4346	  178.8957
13.365	 2.05	 1	 -41.5044	  174.4492
13.400	 3.58	 1	 -43.1791	  171.8901
13.418	 2.20	 1	 -43.1450	  173.0658
13.420	 2.97	 1	 -40.2308	  173.1602
13.444	 3.36	 1	 -42.7515	  171.1237
13.445	 2.41	 1	 -40.9650	  172.9411
13.447	 2.15	 1	 -41.8899	  174.1619
13.453	 2.23	 1	 -42.3190	  171.6546
13.457	 2.69	 1	 -42.2348	  173.6360
13.460	 2.33	 1	 -43.8022	  171.8908
13.489	 2.29	 1	 -39.4104	  168.8404
13.498	 2.32	 1	 -41.9242	  166.9943
13.506	 2.21	 1	 -45.9487	  168.8029
13.533	 2.19	 1	 -46.3592	  176.5634
13.536	 2.02	 1	 -44.3230	  167.3207
13.547	 2.30	 1	 -44.4645	  172.5187
13.569	 2.08	 1	 -44.1681	  174.6448
13.582	 2.21	 1	 -42.4952	  174.4781
13.584	 3.14	 1	 -38.5122	  175.2760
13.594	 2.07	 1	 -42.5363	  166.9080
13.599	 3.39	 1	 -43.6742	  178.9924
13.608	 2.43	 1	 -44.6586	  174.3388
13.620	 2.03	 1	 -42.0521	  179.0776
13.622	 2.73	 1	 -40.6458	  172.6755
13.663	 2.45	 1	 -42.2551	  166.9333
13.683	 2.20	 1	 -44.4981	  173.3130
13.684	 2.41	 1	 -43.4211	  172.5540
13.685	 2.08	 1	 -42.9512	  175.5700
13.690	 2.06	 1	 -42.0374	  177.0649
13.699	 2.03	 1	 -46.7995	  175.5131
13.703	 2.29	 1	 -43.4897	  172.9840
13.710	 2.08	 1	 -42.6683	  171.9911
13.717	 2.31	 1	 -42.5070	  172.7497
13.733	 2.86	 1	 -42.8806	  172.8402
13.759	 2.18	 1	 -43.0430	  167.3569
13.772	 2.06	 1	 -42.0782	  179.0826
13.828	 2.22	 1	 -47.1812	  172.6585
13.859	 2.63	 1	 -40.3836	  171.7439
13.860	 2.79	 1	 -44.9842	  172.6382
13.864	 2.33	 1	 -42.0080	  177.8289
13.864	 2.41	 1	 -43.1737	  173.5362
13.870	 2.03	 1	 -43.2432	  173.2014
13.877	 2.17	 1	 -42.0004	  170.9140
13.885	 3.10	 1	 -45.0397	  172.0968
13.921	 2.14	 1	 -44.6361	  167.5053
13.922	 2.04	 1	 -39.9801	  177.9015
13.939	 2.00	 1	 -43.1969	  166.9429
13.973	 2.42	 1	 -41.7815	  173.8675
13.986	 2.08	 1	 -40.0769	  172.9763
13.994	 2.18	 1	 -43.0578	  173.7067
13.994	 2.36	 1	 -39.8928	  168.2349
13.996	 2.54	 1	 -39.3366	  177.0941
13.999	 2.17	 1	 -38.5417	  170.6697
