# Simulation 571
# RelativeTime(days) Magnitude Generation Latitude Longitude
Time Mag Gen Lat Lon
7.002	 2.69	 1	 -42.7040	  173.3860
7.015	 2.13	 1	 -42.8549	  172.2128
7.016	 2.03	 1	 -45.7936	  173.6025
7.031	 2.70	 1	 -42.3801	  173.2695
7.035	 2.20	 1	 -42.3877	  173.9557
7.039	 2.09	 1	 -43.2426	  172.3273
7.045	 2.66	 1	 -42.9239	  171.9842
7.071	 2.11	 1	 -42.0661	  168.5577
7.073	 3.02	 1	 -47.1561	  173.7621
7.082	 2.25	 1	 -42.8090	  169.7391
7.089	 2.18	 1	 -42.2898	  173.6961
7.093	 2.61	 1	 -39.7239	  174.7249
7.097	 2.45	 2	 -39.7250	  174.7266
7.104	 2.19	 1	 -46.2775	  172.0751
7.110	 2.32	 1	 -42.8473	  172.4160
7.118	 2.15	 1	 -44.6631	  174.8251
7.132	 2.17	 1	 -42.5415	  173.2026
7.140	 2.19	 1	 -43.4081	  173.5485
7.148	 2.11	 1	 -42.5523	  173.2856
7.151	 2.06	 1	 -41.0085	  175.1756
7.153	 2.56	 1	 -43.4932	  173.5806
7.156	 2.26	 1	 -42.4451	  172.7458
7.156	 2.13	 1	 -41.7526	  175.2805
7.163	 2.07	 1	 -40.3685	  178.2594
7.171	 3.02	 1	 -42.1554	  173.4122
7.173	 3.02	 1	 -47.1832	  173.3374
7.179	 2.56	 1	 -41.8489	  167.0130
7.184	 2.35	 1	 -42.4123	  173.2533
7.194	 2.35	 1	 -42.3025	  174.2251
7.203	 3.71	 1	 -43.4262	  172.1727
7.222	 3.01	 1	 -42.6270	  179.1393
7.223	 2.83	 1	 -42.2314	  172.8748
7.224	 3.26	 1	 -43.4777	  179.0460
7.231	 2.23	 1	 -42.5078	  166.9095
7.236	 2.20	 1	 -38.2018	  173.3345
7.246	 2.03	 1	 -39.5259	  177.3656
7.252	 2.29	 1	 -39.4526	  177.2644
7.257	 3.32	 1	 -43.4038	  172.8908
7.257	 2.37	 1	 -38.8553	  172.4359
7.258	 2.46	 1	 -40.0076	  173.1660
7.261	 3.47	 1	 -40.9697	  174.4378
7.270	 2.36	 1	 -42.9097	  174.4094
7.279	 2.02	 1	 -44.7563	  174.0866
7.294	 2.31	 1	 -42.1845	  173.7980
7.298	 2.01	 1	 -39.8337	  176.5079
7.300	 2.62	 1	 -45.5919	  174.7972
7.301	 2.03	 1	 -42.1426	  171.9765
7.307	 2.70	 1	 -39.9540	  173.7402
7.338	 2.01	 1	 -42.6145	  172.8660
7.348	 2.39	 1	 -44.6847	  173.1698
7.356	 2.86	 1	 -41.9010	  174.2148
7.357	 2.55	 1	 -43.4230	  178.8751
7.363	 2.15	 1	 -47.0545	  171.5362
7.370	 2.15	 1	 -43.4229	  173.0922
7.378	 2.50	 1	 -41.4827	  171.7023
7.385	 2.67	 1	 -47.1087	  171.8703
7.388	 2.36	 1	 -45.1721	  171.8494
7.401	 3.35	 1	 -45.6896	  177.5829
7.405	 2.52	 1	 -43.4350	  173.7889
7.409	 2.13	 1	 -47.1240	  174.0598
7.416	 2.13	 1	 -39.6020	  177.4660
7.416	 2.02	 1	 -39.4488	  168.7853
7.422	 2.09	 1	 -46.4055	  174.1083
7.427	 2.82	 1	 -39.7212	  168.4303
7.437	 2.07	 1	 -39.6210	  177.4902
7.437	 2.35	 1	 -42.8484	  179.1363
7.439	 2.09	 1	 -43.7788	  177.0977
7.446	 2.61	 1	 -45.2034	  178.0973
7.451	 2.14	 1	 -42.5211	  174.2418
7.451	 2.46	 1	 -42.7867	  174.2145
7.456	 2.63	 1	 -44.1301	  169.2819
7.460	 3.05	 1	 -44.2219	  175.9898
7.469	 2.27	 1	 -43.6813	  178.9902
7.478	 2.18	 1	 -42.9533	  171.8221
7.485	 2.18	 1	 -41.2710	  172.9689
7.489	 3.62	 1	 -44.3602	  174.8717
7.489	 2.58	 1	 -43.5042	  174.8062
7.490	 2.51	 2	 -42.3814	  173.3553
7.494	 2.44	 1	 -42.2821	  173.6328
7.498	 2.68	 2	 -44.3391	  174.8621
7.499	 2.27	 1	 -42.4188	  178.6240
7.532	 2.20	 1	 -43.2256	  173.3482
7.552	 2.27	 1	 -43.5239	  172.0742
7.559	 2.13	 1	 -42.5239	  179.1356
7.560	 2.13	 1	 -42.0669	  166.9638
7.569	 2.06	 1	 -38.4563	  175.0736
7.569	 2.14	 1	 -43.7769	  174.0788
7.575	 2.05	 1	 -42.3916	  172.4602
7.594	 2.22	 1	 -43.2799	  171.1164
7.594	 2.31	 1	 -42.2385	  173.7093
7.600	 2.13	 1	 -42.3410	  172.4231
7.615	 2.27	 1	 -42.2111	  173.6421
7.637	 2.58	 1	 -42.4823	  173.8224
7.647	 2.16	 1	 -44.2979	  168.9642
7.650	 2.01	 1	 -45.0073	  173.7706
7.653	 2.26	 1	 -41.7315	  172.7075
7.654	 2.24	 1	 -43.1057	  173.6983
7.662	 2.71	 1	 -45.4947	  174.0997
7.665	 2.95	 1	 -41.0576	  173.1768
7.667	 2.03	 1	 -43.2533	  174.3742
7.668	 2.20	 1	 -44.8015	  172.7149
7.677	 2.46	 1	 -42.3600	  173.8051
7.680	 2.07	 1	 -44.7273	  175.2230
7.683	 2.01	 1	 -38.2123	  172.5000
7.684	 2.35	 1	 -41.3627	  167.1780
7.686	 2.08	 1	 -41.9796	  167.6156
7.688	 2.03	 1	 -40.5151	  176.3768
7.689	 2.57	 1	 -43.1176	  174.1292
7.698	 2.08	 1	 -41.6390	  173.7731
7.702	 2.09	 1	 -42.1906	  178.2222
7.710	 2.28	 1	 -44.2309	  170.1973
7.715	 2.05	 1	 -44.0762	  174.7226
7.717	 2.05	 1	 -42.4543	  179.1313
7.727	 2.02	 1	 -41.1838	  174.8091
7.736	 2.50	 1	 -42.5076	  171.3701
7.738	 2.10	 1	 -43.1055	  173.9768
7.740	 2.41	 1	 -42.1798	  169.9737
7.741	 2.51	 1	 -42.2836	  169.8552
7.742	 2.42	 1	 -45.0741	  170.3521
7.744	 2.16	 1	 -46.7216	  175.2067
7.746	 2.08	 1	 -42.6913	  174.7546
7.760	 2.53	 1	 -43.0325	  169.9702
7.763	 2.14	 1	 -43.0700	  175.0071
7.764	 2.93	 1	 -43.0120	  171.8481
7.768	 2.64	 1	 -42.2741	  174.1198
7.778	 2.27	 1	 -45.9831	  168.8527
7.780	 2.14	 1	 -44.9352	  174.0456
7.794	 2.11	 1	 -43.3560	  173.3912
7.797	 2.33	 1	 -40.2867	  171.7567
7.800	 2.74	 1	 -44.3294	  178.7202
7.805	 2.41	 1	 -46.7554	  170.4606
7.811	 2.22	 1	 -42.3374	  172.8314
7.816	 2.53	 1	 -41.8409	  173.3952
7.820	 2.17	 1	 -41.2375	  176.0433
7.822	 2.70	 1	 -40.2662	  176.8500
7.825	 3.00	 1	 -42.0789	  173.7073
7.830	 3.68	 1	 -45.9642	  177.2191
7.835	 2.68	 1	 -42.9908	  174.1071
7.836	 2.28	 1	 -43.3090	  172.4491
7.858	 2.04	 2	 -44.1321	  169.2820
7.865	 2.22	 1	 -41.9674	  173.6499
7.869	 3.03	 1	 -42.3062	  172.4583
7.871	 2.66	 1	 -43.9794	  169.3672
7.873	 2.13	 1	 -42.0283	  173.0061
7.880	 2.98	 1	 -42.9782	  170.0144
7.883	 2.05	 1	 -42.4589	  172.1276
7.884	 2.07	 1	 -41.4862	  169.2878
7.887	 2.29	 1	 -42.2682	  174.0670
7.892	 2.03	 1	 -43.1186	  176.8292
7.894	 2.58	 1	 -43.0808	  171.0995
7.903	 2.03	 1	 -39.6414	  168.5283
7.915	 2.14	 1	 -47.1890	  172.9758
7.917	 2.44	 1	 -42.1755	  172.0045
7.918	 2.62	 1	 -43.4777	  175.5999
7.919	 2.01	 1	 -41.1462	  174.3919
7.932	 2.14	 1	 -44.4962	  167.4181
7.937	 2.23	 1	 -46.4491	  175.9513
7.949	 2.25	 1	 -40.6595	  174.2685
7.950	 2.77	 1	 -41.7967	  173.6750
7.959	 2.22	 1	 -44.9249	  173.8284
7.964	 2.30	 1	 -41.6041	  171.7207
7.964	 2.14	 1	 -39.6599	  171.1216
7.983	 2.47	 1	 -41.5105	  175.5089
7.989	 2.01	 1	 -38.2618	  174.0654
8.000	 2.06	 1	 -40.5375	  175.6210
8.013	 2.04	 1	 -43.1936	  173.0964
8.039	 2.24	 1	 -43.4900	  170.2954
8.053	 2.62	 1	 -42.2784	  172.3798
8.054	 2.00	 1	 -41.6025	  167.5867
8.054	 2.04	 1	 -42.5607	  170.9099
8.055	 2.14	 1	 -46.3398	  176.6003
8.056	 2.03	 1	 -43.6644	  173.3871
8.061	 2.07	 1	 -47.1735	  172.5116
8.066	 2.20	 1	 -41.7588	  179.0066
8.075	 2.08	 2	 -41.3549	  167.1963
8.080	 2.03	 1	 -44.6014	  173.8314
8.086	 2.20	 1	 -41.9648	  172.7594
8.092	 2.85	 1	 -40.7609	  172.1439
8.096	 2.09	 1	 -42.4250	  173.7798
8.096	 2.75	 1	 -42.4296	  173.1620
8.103	 3.19	 1	 -41.7029	  171.3026
8.109	 2.56	 1	 -41.6965	  167.0563
8.115	 2.62	 2	 -41.7077	  171.3127
8.119	 2.47	 1	 -42.0795	  171.7806
8.119	 2.21	 1	 -43.2487	  173.9317
8.125	 2.87	 1	 -43.7693	  175.8531
8.144	 3.39	 1	 -42.8823	  179.1345
8.146	 3.12	 1	 -44.3562	  174.0235
8.151	 3.25	 1	 -40.5527	  173.2971
8.157	 2.18	 1	 -43.5536	  167.0175
8.161	 2.16	 1	 -42.8225	  173.4468
8.162	 2.44	 1	 -41.6838	  173.0505
8.166	 2.45	 1	 -40.1194	  176.5231
8.177	 2.10	 1	 -44.3984	  174.7189
8.195	 2.03	 1	 -38.8435	  169.8593
8.196	 2.52	 1	 -42.7640	  176.4905
8.197	 2.64	 1	 -42.1272	  172.9274
8.199	 2.12	 1	 -42.2657	  173.3517
8.215	 2.40	 1	 -45.6087	  177.6790
8.215	 2.15	 1	 -41.5799	  173.1054
8.230	 2.06	 1	 -42.7427	  171.5327
8.233	 2.65	 1	 -42.4497	  172.0186
8.237	 2.16	 1	 -41.7686	  173.1601
8.239	 3.43	 1	 -43.9284	  173.1188
8.244	 2.07	 1	 -38.3015	  171.7041
8.256	 3.87	 1	 -43.8679	  174.2372
8.257	 2.19	 1	 -47.1599	  172.3256
8.260	 2.44	 1	 -42.9017	  172.4925
8.278	 2.04	 1	 -43.1874	  171.7885
8.294	 2.56	 1	 -42.1400	  173.5861
8.306	 2.59	 1	 -42.8885	  173.5359
8.309	 2.07	 1	 -42.1651	  173.6592
8.313	 3.59	 1	 -45.2417	  174.3848
8.322	 2.75	 1	 -41.6663	  171.4082
8.327	 2.04	 2	 -40.7678	  172.1360
8.329	 2.60	 1	 -43.6129	  172.2681
8.337	 2.93	 1	 -43.7770	  176.8490
8.337	 2.77	 1	 -42.8398	  174.3764
8.348	 2.40	 1	 -41.1039	  174.3231
8.349	 2.10	 2	 -43.7794	  176.8603
8.353	 2.54	 1	 -41.5399	  172.4805
8.358	 2.97	 1	 -44.5215	  174.4888
8.385	 2.42	 1	 -43.9827	  172.7353
8.405	 2.32	 1	 -42.8236	  171.9581
8.413	 2.36	 1	 -41.3113	  172.1384
8.448	 2.95	 1	 -41.9976	  173.5182
8.454	 2.06	 1	 -42.2167	  174.0408
8.457	 2.14	 1	 -41.2263	  178.8056
8.461	 2.50	 2	 -42.8638	  179.0435
8.467	 2.23	 1	 -39.5632	  177.1980
8.473	 2.02	 1	 -42.6829	  173.0600
8.474	 2.34	 1	 -38.3645	  174.6816
8.474	 2.88	 1	 -43.0499	  174.6384
8.477	 4.78	 1	 -42.7741	  172.8855
8.482	 2.38	 1	 -43.7673	  172.2473
8.483	 2.94	 1	 -42.2198	  178.4070
8.496	 2.42	 1	 -43.1406	  168.3958
8.497	 2.08	 1	 -45.2779	  170.3877
8.498	 3.16	 1	 -38.9005	  169.7342
8.500	 2.01	 1	 -42.9149	  173.1705
8.502	 2.12	 1	 -42.7063	  179.1399
8.513	 2.82	 1	 -45.5978	  177.6916
8.526	 2.23	 1	 -45.2196	  174.4618
8.537	 2.50	 1	 -38.5360	  170.6883
8.570	 2.17	 1	 -46.9175	  174.1878
8.572	 2.05	 1	 -46.1305	  169.0789
8.581	 2.33	 1	 -42.3814	  173.9070
8.581	 2.83	 1	 -41.4076	  172.5713
8.582	 2.50	 1	 -41.7285	  178.6230
8.591	 2.08	 1	 -43.6549	  174.5001
8.591	 2.82	 1	 -41.0655	  173.3950
8.591	 2.63	 1	 -46.8370	  170.6489
8.593	 2.55	 1	 -44.3968	  178.6835
8.602	 2.48	 1	 -42.0620	  173.3540
8.608	 3.23	 1	 -44.7144	  171.3402
8.628	 2.08	 1	 -43.1405	  172.5110
8.641	 2.06	 1	 -43.4621	  174.0695
8.650	 2.00	 1	 -43.1956	  175.2711
8.663	 2.43	 1	 -39.4282	  175.3172
8.677	 2.20	 1	 -42.4546	  174.9846
8.683	 3.89	 1	 -44.2823	  173.5148
8.694	 2.27	 1	 -43.5268	  171.3536
8.704	 2.66	 1	 -42.9137	  173.6570
8.714	 2.53	 1	 -43.6718	  171.4859
8.718	 2.40	 1	 -46.0188	  171.1255
8.721	 2.34	 1	 -42.1316	  172.0500
8.738	 3.13	 1	 -42.2168	  172.1665
8.743	 3.10	 1	 -41.3303	  176.0119
8.766	 2.17	 1	 -46.8301	  173.4258
8.779	 2.14	 1	 -43.0967	  176.6252
8.789	 2.28	 1	 -42.3364	  170.9109
8.793	 2.67	 1	 -44.0202	  171.0362
8.796	 2.02	 1	 -38.3112	  171.6459
8.799	 2.09	 1	 -39.2462	  174.0793
8.803	 2.03	 1	 -45.7187	  176.5541
8.810	 2.27	 1	 -44.4397	  172.7090
8.821	 2.52	 1	 -41.2014	  172.1114
8.826	 2.22	 1	 -43.3086	  174.3941
8.827	 2.71	 1	 -38.8005	  169.9583
8.828	 2.64	 1	 -42.9631	  173.2360
8.854	 2.27	 1	 -39.5612	  173.9596
8.865	 2.39	 1	 -39.0285	  174.1379
8.868	 2.37	 1	 -39.8028	  176.3017
8.869	 2.00	 1	 -43.7220	  170.7870
8.881	 2.23	 1	 -42.2717	  173.5169
8.881	 2.76	 1	 -43.9173	  170.9577
8.886	 2.38	 1	 -41.4692	  175.3446
8.898	 2.15	 1	 -38.2435	  173.9096
8.901	 2.68	 1	 -40.9106	  178.6391
8.906	 2.66	 1	 -44.3366	  172.3831
8.930	 2.56	 1	 -43.6414	  173.2441
8.932	 2.32	 1	 -42.7231	  173.2664
8.942	 2.02	 1	 -41.6072	  172.0494
8.946	 2.02	 1	 -44.0210	  171.4630
8.951	 2.51	 1	 -44.7576	  170.9093
8.954	 2.85	 1	 -47.1290	  172.0252
8.958	 2.22	 1	 -45.6792	  177.5955
8.977	 3.91	 1	 -44.1287	  174.6826
8.979	 2.02	 1	 -39.8058	  177.7128
8.984	 2.40	 1	 -40.9393	  175.6929
8.989	 2.34	 2	 -44.1235	  174.6764
8.990	 2.06	 1	 -38.8909	  176.2893
9.002	 2.66	 1	 -39.5944	  168.5881
9.011	 2.02	 1	 -43.0757	  170.8718
9.011	 2.12	 1	 -44.5562	  177.5337
9.043	 2.70	 1	 -40.1235	  168.0011
9.063	 2.30	 1	 -42.0609	  175.6008
9.065	 2.49	 1	 -44.8155	  172.2877
9.074	 3.14	 1	 -44.4055	  174.4534
9.076	 2.28	 1	 -41.0685	  167.3173
9.082	 2.17	 1	 -43.2201	  179.0977
9.084	 2.26	 2	 -44.2690	  174.2555
9.085	 2.20	 1	 -41.1773	  167.2621
9.090	 2.96	 1	 -42.6870	  179.1399
9.092	 2.24	 1	 -39.5256	  168.6790
9.094	 2.55	 1	 -42.8972	  173.1243
9.102	 2.88	 1	 -42.5997	  179.1386
9.106	 2.10	 1	 -42.2669	  173.8466
9.111	 2.42	 1	 -44.2593	  173.3498
9.115	 2.30	 1	 -42.6559	  172.7807
9.116	 2.23	 1	 -44.5335	  169.7078
9.117	 2.02	 1	 -42.2829	  173.6044
9.120	 2.11	 1	 -42.7627	  175.7455
9.137	 2.28	 1	 -41.0649	  173.5623
9.158	 2.05	 1	 -43.6460	  174.0682
9.162	 2.74	 1	 -39.8387	  177.7499
9.193	 2.60	 1	 -42.0872	  173.5556
9.199	 2.41	 1	 -41.8671	  168.2250
9.207	 2.51	 1	 -39.1718	  169.2165
9.216	 2.17	 1	 -42.2859	  173.6487
9.218	 2.26	 1	 -43.7460	  174.9293
9.243	 2.04	 1	 -43.3469	  172.3916
9.248	 2.47	 1	 -43.3347	  175.1254
9.259	 2.58	 2	 -44.6594	  173.0858
9.265	 2.27	 1	 -41.3923	  170.6639
9.292	 3.95	 1	 -41.6397	  175.0920
9.306	 2.19	 2	 -41.4101	  172.5716
9.306	 2.08	 1	 -43.0201	  172.2070
9.309	 2.10	 1	 -45.1146	  167.8677
9.312	 2.01	 1	 -43.6532	  173.8642
9.317	 2.27	 1	 -41.6357	  170.8124
9.360	 2.21	 2	 -42.7670	  172.8443
9.362	 2.54	 1	 -42.9449	  172.8176
9.370	 2.45	 1	 -41.0601	  175.1956
9.386	 3.14	 1	 -45.9913	  177.1796
9.390	 2.10	 1	 -38.6593	  175.7269
9.422	 2.14	 1	 -43.3947	  174.2015
9.440	 2.24	 1	 -45.2643	  178.0406
9.440	 2.03	 1	 -42.1050	  173.8404
9.448	 2.78	 1	 -44.7401	  171.2453
9.458	 2.87	 1	 -42.9390	  174.7563
9.459	 2.04	 1	 -38.6708	  175.7585
9.468	 2.14	 1	 -38.2764	  171.8697
9.471	 2.97	 1	 -42.3913	  166.9181
9.476	 2.21	 1	 -43.1316	  173.3588
9.483	 2.01	 1	 -40.6299	  169.8301
9.485	 2.07	 1	 -43.1124	  175.2070
9.496	 2.27	 1	 -43.3616	  173.1181
9.511	 2.51	 1	 -43.9911	  171.4525
9.517	 2.06	 1	 -41.1087	  178.7479
9.544	 2.24	 1	 -44.2004	  174.7735
9.544	 2.07	 1	 -42.3327	  173.0997
9.550	 2.39	 1	 -40.4658	  174.1626
9.551	 2.43	 1	 -41.4674	  172.8559
9.554	 2.20	 1	 -41.8172	  179.0229
9.560	 2.42	 1	 -45.8597	  177.3649
9.561	 2.04	 1	 -44.2014	  176.7222
9.562	 2.05	 2	 -42.6566	  172.7825
9.575	 2.03	 1	 -42.2031	  173.5771
9.585	 2.58	 1	 -45.2216	  178.0806
9.597	 2.40	 1	 -43.4129	  175.3216
9.604	 3.66	 1	 -41.2451	  174.2212
9.609	 2.65	 1	 -40.4867	  174.6098
9.624	 2.03	 1	 -46.7657	  174.8133
9.627	 2.01	 1	 -45.6928	  170.9975
9.629	 2.08	 1	 -45.0439	  174.2400
9.669	 3.29	 1	 -44.6112	  178.5551
9.696	 2.25	 1	 -40.7367	  172.8077
9.703	 2.96	 1	 -42.1230	  171.9326
9.709	 2.04	 1	 -43.0528	  172.9730
9.712	 2.14	 1	 -42.9200	  173.0025
9.716	 3.47	 1	 -38.2695	  171.9203
9.722	 2.50	 1	 -42.3471	  174.8949
9.725	 2.82	 1	 -39.7504	  177.6486
9.726	 4.48	 1	 -42.7142	  171.3120
9.733	 3.23	 1	 -43.9334	  167.1419
9.735	 3.56	 1	 -40.6414	  176.6178
9.736	 2.27	 1	 -42.7766	  171.9476
9.753	 2.54	 1	 -47.0113	  171.3186
9.757	 2.59	 1	 -43.4038	  174.0822
9.759	 2.32	 1	 -43.5713	  168.7790
9.763	 2.98	 1	 -39.8114	  168.5403
9.765	 2.68	 1	 -42.0153	  179.0702
9.776	 2.64	 1	 -42.7434	  174.9287
9.788	 2.61	 1	 -42.6596	  174.8510
9.792	 2.77	 1	 -41.2949	  173.7019
9.795	 2.42	 1	 -41.6071	  174.5563
9.802	 2.21	 1	 -44.4132	  174.3305
9.815	 2.12	 1	 -41.3829	  174.0551
9.816	 2.04	 2	 -42.4806	  171.1338
9.820	 2.05	 1	 -41.3055	  178.8416
9.822	 2.78	 2	 -42.8319	  172.8777
9.833	 2.05	 2	 -42.7079	  171.3111
9.842	 2.22	 1	 -41.1453	  171.2667
9.845	 2.05	 1	 -45.5446	  173.3391
9.847	 4.41	 1	 -44.2157	  172.4260
9.849	 2.33	 1	 -39.3682	  177.1417
9.850	 2.89	 1	 -40.9428	  171.8109
9.865	 2.17	 1	 -41.8340	  172.8686
9.881	 2.56	 1	 -42.0063	  173.3251
9.891	 2.77	 1	 -44.6068	  174.6319
9.932	 2.44	 1	 -42.5626	  171.8560
9.950	 2.70	 1	 -43.5590	  170.9448
9.953	 2.54	 1	 -40.1777	  173.3338
9.962	 2.14	 1	 -43.5442	  172.8685
9.963	 2.13	 1	 -45.3602	  168.0972
9.963	 2.15	 1	 -45.6580	  171.7134
9.967	 2.35	 1	 -41.7706	  174.3313
9.991	 2.70	 2	 -42.6042	  179.1400
10.012	 2.23	 1	 -42.7453	  173.5756
10.017	 2.13	 1	 -42.6954	  172.9542
10.035	 2.14	 1	 -45.9662	  177.2162
10.041	 2.12	 1	 -41.9757	  174.0896
10.045	 2.08	 1	 -46.4490	  175.5304
10.047	 2.44	 1	 -43.6033	  172.8593
10.060	 2.93	 1	 -43.6970	  167.0589
10.070	 2.05	 1	 -43.7469	  172.1518
10.085	 2.44	 1	 -44.1850	  172.7938
10.093	 2.28	 2	 -42.8361	  172.9137
10.094	 2.42	 1	 -42.4650	  173.3508
10.097	 2.39	 2	 -44.6113	  178.5495
10.118	 2.91	 1	 -42.9590	  172.9567
10.122	 3.09	 1	 -42.2513	  177.3226
10.133	 2.28	 1	 -43.8657	  173.9226
10.133	 2.03	 1	 -42.6529	  174.3463
10.138	 3.83	 1	 -40.9602	  175.0775
10.139	 2.01	 1	 -42.0015	  172.7496
10.148	 2.31	 1	 -39.8193	  170.9392
10.161	 2.10	 1	 -42.9992	  172.1590
10.167	 2.37	 1	 -45.5286	  168.2746
10.171	 2.72	 1	 -43.9544	  171.8916
10.181	 3.06	 1	 -38.4012	  174.8497
10.186	 2.39	 1	 -43.1053	  176.0853
10.190	 2.48	 1	 -41.5509	  169.2640
10.194	 2.16	 1	 -45.1776	  178.1208
10.199	 2.57	 1	 -43.1591	  171.1261
10.204	 2.01	 1	 -41.8274	  179.0257
10.217	 2.47	 1	 -43.1388	  174.6862
10.226	 2.04	 1	 -41.7390	  172.2668
10.230	 3.32	 1	 -45.1251	  174.1888
10.235	 2.16	 1	 -42.5788	  171.7488
10.245	 2.33	 1	 -41.7428	  173.5765
10.257	 2.28	 1	 -42.2820	  170.2888
10.260	 2.17	 1	 -43.1795	  173.6915
10.263	 2.34	 1	 -41.5956	  169.9396
10.272	 2.10	 1	 -46.4714	  173.0017
10.272	 2.79	 1	 -42.5109	  172.7171
10.272	 3.23	 1	 -43.6958	  173.1805
10.284	 2.54	 1	 -40.0713	  172.2427
10.284	 2.51	 1	 -42.4242	  176.7367
10.286	 3.71	 2	 -38.3359	  171.8730
10.320	 3.14	 1	 -42.5578	  171.6683
10.340	 2.36	 1	 -41.8882	  172.1065
10.341	 3.10	 1	 -42.1439	  172.9046
10.347	 2.49	 1	 -41.3589	  178.8647
10.383	 2.84	 1	 -44.6596	  172.6286
10.394	 2.51	 1	 -47.0372	  174.4430
10.422	 2.97	 1	 -43.9170	  167.1355
10.426	 2.47	 1	 -39.7344	  168.4146
10.430	 2.37	 1	 -38.8289	  176.1519
10.454	 2.05	 1	 -44.4923	  170.5805
10.467	 3.44	 1	 -43.4953	  174.6153
10.493	 2.45	 1	 -42.2580	  171.9889
10.497	 3.66	 1	 -38.2061	  172.6105
10.502	 2.04	 1	 -41.5458	  172.7219
10.503	 2.09	 1	 -45.4736	  168.2148
10.511	 2.21	 1	 -46.6611	  175.8986
10.514	 3.10	 1	 -43.8350	  177.8739
10.538	 2.48	 1	 -42.0494	  166.9672
10.546	 2.05	 1	 -38.4706	  172.1161
10.550	 2.13	 1	 -41.3668	  171.5795
10.552	 2.24	 1	 -42.5956	  173.2267
10.568	 2.06	 1	 -42.5023	  173.6285
10.571	 2.76	 1	 -43.4600	  175.3374
10.579	 2.48	 1	 -43.4560	  176.2271
10.585	 3.18	 1	 -45.4486	  173.7799
10.590	 2.73	 1	 -42.5203	  170.8570
10.609	 2.44	 1	 -44.9958	  175.8962
10.622	 2.19	 1	 -43.0080	  175.1632
10.629	 2.42	 1	 -39.8870	  177.8031
10.629	 2.03	 1	 -43.0933	  169.9710
10.642	 2.01	 1	 -45.0839	  178.2030
10.643	 3.76	 1	 -41.9149	  173.5827
10.645	 2.54	 2	 -41.8945	  173.5666
10.659	 2.04	 1	 -42.9330	  173.5051
10.660	 2.05	 1	 -40.8204	  178.5845
10.663	 2.78	 1	 -41.3246	  173.3465
10.674	 2.28	 1	 -38.7601	  175.9891
10.691	 2.75	 1	 -42.6411	  172.1037
10.695	 2.17	 1	 -42.8660	  172.6881
10.708	 2.29	 1	 -41.3360	  172.8614
10.727	 2.32	 2	 -42.7845	  175.1847
10.728	 2.41	 1	 -41.8283	  173.4537
10.734	 2.27	 1	 -41.6618	  173.7647
10.751	 2.39	 2	 -41.9264	  173.5706
10.753	 2.68	 1	 -39.4425	  177.2500
10.757	 2.47	 1	 -43.2496	  173.7964
10.766	 2.51	 1	 -43.2714	  173.6682
10.782	 2.30	 1	 -40.2902	  178.1937
10.799	 2.02	 1	 -42.1352	  174.0225
10.818	 2.01	 1	 -42.7666	  179.1391
10.831	 2.02	 1	 -44.6287	  171.1007
10.835	 2.27	 1	 -40.9785	  178.6780
10.842	 2.24	 1	 -42.2247	  173.9353
10.845	 2.34	 1	 -42.9356	  173.5322
10.856	 2.32	 1	 -43.2049	  174.0230
10.859	 2.78	 2	 -42.9374	  173.5284
10.860	 2.58	 1	 -41.6024	  172.1066
10.867	 2.01	 1	 -43.3849	  170.4507
10.870	 2.43	 1	 -42.3713	  172.9053
10.876	 2.08	 1	 -43.8531	  167.1116
10.888	 2.03	 1	 -42.7477	  175.7792
10.889	 2.00	 1	 -43.0611	  172.5197
10.892	 2.15	 1	 -40.8339	  167.4514
10.924	 2.26	 1	 -41.2324	  174.8518
10.927	 2.50	 1	 -42.6087	  173.6563
10.936	 2.81	 1	 -41.3507	  167.1831
10.939	 2.56	 1	 -42.4234	  173.7893
10.947	 2.22	 1	 -40.0451	  177.9322
10.961	 2.10	 1	 -40.6143	  167.5970
10.964	 3.37	 1	 -42.7721	  173.2157
10.964	 2.36	 2	 -42.7669	  173.2030
10.967	 2.50	 1	 -39.7196	  175.7438
10.975	 2.04	 1	 -41.7385	  174.2518
10.978	 2.05	 2	 -41.9390	  173.5610
10.982	 2.60	 1	 -42.4463	  166.9135
10.998	 3.81	 1	 -43.9771	  173.3534
11.003	 2.07	 1	 -47.0265	  171.7858
11.007	 2.18	 1	 -44.7468	  167.5801
11.011	 2.75	 1	 -43.3936	  172.8652
11.017	 2.05	 1	 -42.1986	  179.1029
11.017	 2.84	 1	 -39.1943	  176.2689
11.038	 2.02	 1	 -44.7322	  174.4742
11.093	 2.86	 1	 -41.5783	  167.0951
11.093	 2.11	 1	 -41.4052	  176.4620
11.137	 2.12	 1	 -42.6859	  174.2076
11.142	 2.43	 1	 -42.1143	  173.8468
11.148	 2.01	 1	 -40.4640	  175.8382
11.150	 2.41	 1	 -43.7446	  167.0741
11.169	 2.28	 1	 -42.6606	  172.8443
11.173	 2.79	 1	 -43.8295	  171.1024
11.176	 2.04	 1	 -38.6234	  175.6256
11.227	 2.13	 1	 -43.2557	  174.2994
11.229	 2.05	 1	 -42.5102	  173.1197
11.231	 2.88	 1	 -45.5874	  177.7035
11.246	 2.85	 1	 -43.3998	  168.5463
11.268	 2.49	 1	 -41.2863	  172.5305
11.277	 2.04	 1	 -41.2201	  171.3686
11.285	 3.83	 1	 -43.3248	  173.5921
11.292	 2.05	 1	 -42.8533	  175.0254
11.312	 2.24	 1	 -46.3706	  169.5028
11.313	 2.03	 1	 -42.5641	  172.3847
11.324	 2.16	 1	 -39.5464	  177.3931
11.334	 2.12	 1	 -41.8156	  170.1881
11.350	 2.86	 1	 -43.9854	  172.6666
11.351	 2.52	 1	 -38.9661	  172.0225
11.358	 2.52	 1	 -42.6974	  173.5201
11.367	 2.30	 1	 -42.4684	  171.6828
11.372	 2.44	 1	 -40.4063	  173.9487
11.376	 2.06	 1	 -41.4325	  172.1280
11.376	 2.26	 1	 -44.1341	  173.0518
11.378	 3.55	 1	 -41.8800	  174.3340
11.386	 2.80	 1	 -47.1792	  172.6163
11.393	 2.45	 1	 -42.4552	  173.7649
11.398	 2.22	 1	 -42.9490	  170.0707
11.400	 3.00	 1	 -42.5601	  179.0582
11.418	 2.14	 1	 -42.2187	  173.1253
11.424	 2.55	 1	 -40.0033	  168.1190
11.430	 2.78	 1	 -42.4954	  179.1341
11.433	 2.67	 1	 -44.8486	  170.8945
11.443	 2.31	 1	 -41.5948	  171.9413
11.444	 2.16	 1	 -46.5646	  169.9117
11.449	 2.10	 1	 -42.3397	  174.0031
11.454	 2.19	 1	 -41.7344	  173.9421
11.464	 2.07	 1	 -44.3849	  170.3519
11.477	 2.27	 1	 -43.2447	  171.3039
11.494	 2.08	 1	 -43.7141	  172.3554
11.497	 2.15	 1	 -42.1227	  173.1997
11.515	 2.20	 1	 -46.9283	  170.9686
11.541	 2.93	 1	 -45.8718	  168.6957
11.569	 2.82	 1	 -39.0980	  169.3466
11.571	 3.46	 1	 -42.2167	  173.4581
11.575	 2.41	 1	 -43.6684	  173.1207
11.599	 3.35	 1	 -41.9389	  172.7177
11.600	 2.04	 2	 -41.9340	  172.7341
11.607	 2.01	 1	 -41.0395	  170.7716
11.626	 2.19	 1	 -41.1448	  167.2782
11.641	 2.61	 1	 -38.2112	  172.5180
11.644	 2.97	 1	 -46.4328	  172.6117
11.654	 2.35	 1	 -43.5440	  174.5444
11.665	 2.20	 1	 -41.3420	  176.2599
11.666	 2.03	 1	 -38.7776	  176.0317
11.667	 2.18	 1	 -42.0789	  171.8746
11.689	 2.10	 1	 -38.4878	  170.8541
11.715	 2.61	 2	 -41.9368	  172.7018
11.747	 2.12	 1	 -43.0497	  173.8128
11.796	 2.10	 1	 -42.1249	  174.0556
11.806	 2.15	 1	 -41.6799	  174.1763
11.814	 2.04	 1	 -39.3066	  168.9964
11.822	 2.04	 1	 -43.3359	  173.8516
11.850	 2.05	 1	 -40.8157	  171.7310
11.859	 2.20	 1	 -42.0974	  171.9920
11.864	 2.76	 1	 -39.2317	  176.9281
11.871	 2.81	 1	 -43.2274	  172.5849
11.884	 2.38	 1	 -46.7601	  170.4141
11.885	 2.69	 1	 -43.6658	  178.9949
11.890	 2.13	 1	 -40.5292	  167.6589
11.903	 2.17	 1	 -42.1722	  173.3850
11.907	 2.22	 1	 -42.9707	  172.3109
11.908	 2.64	 1	 -43.6951	  168.3796
11.917	 2.73	 1	 -43.7711	  174.8263
11.922	 2.31	 1	 -41.4614	  170.7092
11.974	 2.27	 1	 -42.8924	  170.5096
11.977	 2.11	 1	 -42.3770	  175.0846
11.982	 2.12	 1	 -41.1792	  174.0607
11.983	 3.44	 1	 -41.9729	  173.4214
11.997	 2.10	 1	 -41.8165	  175.8275
12.004	 2.22	 1	 -46.3639	  169.4899
12.008	 2.27	 1	 -42.2720	  166.9311
12.034	 2.24	 1	 -42.2837	  175.0883
12.055	 2.20	 1	 -41.8591	  173.9804
12.061	 3.16	 1	 -44.9652	  167.7432
12.080	 2.68	 1	 -47.0382	  174.5941
12.102	 2.59	 1	 -42.7812	  171.8593
12.107	 2.32	 1	 -42.6667	  172.9232
12.134	 2.10	 1	 -43.2596	  172.6311
12.143	 2.68	 1	 -42.7900	  170.4852
12.153	 2.38	 1	 -43.7859	  168.8021
12.171	 2.43	 1	 -42.2152	  173.9752
12.184	 2.36	 1	 -44.6742	  175.9166
12.187	 3.16	 1	 -42.6491	  171.6319
12.196	 2.11	 1	 -42.1766	  172.9341
12.212	 2.48	 1	 -43.5262	  172.9273
12.212	 2.80	 1	 -42.3905	  170.9113
12.215	 2.64	 1	 -40.8595	  173.9385
12.236	 2.21	 1	 -45.0767	  170.4310
12.252	 2.10	 1	 -39.6965	  168.4602
12.272	 2.34	 1	 -44.7698	  173.2372
12.277	 2.34	 1	 -42.4186	  174.0048
12.283	 3.85	 1	 -43.4301	  173.4662
12.285	 2.40	 1	 -43.3755	  176.3646
12.299	 2.01	 1	 -43.1887	  169.7911
12.309	 2.89	 1	 -44.0490	  175.0716
12.315	 2.13	 1	 -42.0738	  173.6598
12.330	 2.65	 1	 -38.2870	  171.7972
12.332	 2.21	 1	 -41.7959	  169.7878
12.333	 2.46	 1	 -38.3436	  174.5773
12.337	 2.14	 1	 -45.5377	  168.3020
12.349	 2.07	 1	 -40.8152	  173.6374
12.350	 2.20	 1	 -40.9299	  176.2676
12.352	 2.90	 1	 -43.0273	  170.9365
12.364	 2.67	 1	 -45.0812	  167.8389
12.367	 2.21	 1	 -45.4204	  173.1066
12.368	 2.42	 1	 -46.1263	  169.0721
12.370	 2.03	 1	 -42.0905	  173.7254
12.387	 2.38	 1	 -41.8502	  174.2621
12.392	 3.16	 1	 -42.9050	  166.9112
12.398	 2.30	 1	 -42.4088	  174.0789
12.416	 2.43	 2	 -44.0965	  174.8374
12.431	 2.11	 1	 -40.3406	  173.2052
12.443	 2.74	 1	 -43.0650	  172.5192
12.443	 2.41	 1	 -38.4439	  175.0258
12.450	 2.05	 2	 -45.6877	  167.2385
12.463	 2.34	 1	 -42.4481	  166.9134
12.478	 2.16	 1	 -44.0925	  173.9548
12.510	 2.20	 1	 -44.0103	  174.3811
12.519	 2.72	 1	 -47.1225	  171.9732
12.547	 2.12	 1	 -43.0862	  166.9278
12.551	 2.12	 1	 -44.4699	  167.4025
12.551	 2.44	 1	 -42.8553	  173.6183
12.555	 2.29	 1	 -43.4833	  173.0132
12.558	 2.64	 1	 -40.2177	  168.0306
12.573	 2.20	 1	 -40.5357	  176.3839
12.574	 2.79	 1	 -43.1240	  172.6483
12.593	 2.13	 1	 -47.1682	  173.6120
12.604	 2.07	 1	 -40.0625	  177.9844
12.604	 2.47	 1	 -46.6055	  170.6013
12.620	 2.90	 1	 -44.1782	  173.2448
12.627	 2.33	 1	 -43.6868	  173.8177
12.633	 2.82	 1	 -42.0129	  173.6426
12.642	 2.55	 1	 -40.3986	  172.3320
12.645	 2.06	 1	 -43.0574	  172.1967
12.675	 2.13	 1	 -39.7138	  168.5964
12.691	 2.01	 1	 -41.2973	  178.8380
12.697	 3.34	 1	 -43.5400	  173.5047
12.726	 2.13	 1	 -44.0738	  174.0962
12.741	 3.48	 1	 -43.0757	  173.3325
12.746	 2.32	 1	 -41.8940	  173.6286
12.777	 2.24	 1	 -41.8759	  172.8548
12.819	 2.26	 1	 -43.0345	  174.4141
12.852	 3.08	 1	 -42.9185	  171.9133
12.869	 2.48	 1	 -43.3304	  172.8224
12.892	 2.01	 1	 -42.1176	  173.7630
12.922	 2.14	 1	 -42.0122	  172.1849
12.924	 2.75	 1	 -41.6008	  178.9569
12.924	 2.30	 1	 -43.5264	  173.4483
12.930	 2.13	 1	 -41.3921	  171.8922
12.938	 3.02	 1	 -47.1342	  172.0685
12.957	 2.83	 1	 -42.7661	  173.0231
12.973	 2.19	 1	 -46.2438	  176.7748
12.975	 2.15	 1	 -47.0968	  171.7890
12.979	 2.51	 1	 -39.0971	  176.6962
12.985	 2.60	 1	 -46.7641	  175.6184
13.023	 2.44	 1	 -40.4855	  173.3918
13.034	 2.20	 1	 -42.7086	  174.2002
13.047	 3.41	 2	 -42.1030	  173.7616
13.049	 2.12	 1	 -46.1134	  176.9928
13.053	 2.29	 1	 -39.7531	  175.2175
13.057	 2.01	 1	 -41.0071	  167.3504
13.058	 2.52	 1	 -43.0608	  174.4055
13.091	 2.03	 1	 -42.7603	  171.4308
13.099	 2.21	 1	 -40.3491	  172.8408
13.101	 2.15	 1	 -42.4247	  173.7552
13.104	 2.30	 1	 -47.1887	  173.1048
13.116	 2.32	 1	 -44.2956	  171.9074
13.151	 2.35	 1	 -38.3387	  173.9269
13.153	 2.24	 1	 -43.2997	  173.5952
13.182	 2.13	 1	 -40.7303	  178.5267
13.193	 2.09	 1	 -41.2629	  173.7301
13.212	 2.26	 1	 -42.6415	  173.6229
13.212	 2.23	 1	 -39.4564	  172.5381
13.215	 2.24	 1	 -41.6894	  174.4674
13.216	 2.05	 1	 -41.9041	  173.4891
13.216	 2.20	 1	 -38.2556	  174.0154
13.246	 2.30	 1	 -44.9775	  171.3132
13.281	 2.24	 1	 -46.7397	  172.2514
13.286	 2.09	 1	 -42.7995	  174.6078
13.297	 3.60	 1	 -40.3487	  172.0739
13.304	 2.28	 1	 -39.2363	  169.2653
13.313	 2.22	 1	 -44.3951	  172.1382
13.315	 2.00	 2	 -40.3464	  172.0939
13.315	 2.39	 1	 -39.0195	  174.6345
13.319	 2.19	 1	 -42.4859	  177.0738
13.396	 2.12	 1	 -41.2740	  176.6419
13.398	 2.12	 1	 -40.1897	  178.1047
13.408	 2.04	 1	 -42.8710	  175.9162
13.410	 3.54	 1	 -38.5675	  173.7002
13.410	 2.58	 1	 -45.9188	  171.7863
13.432	 2.25	 1	 -43.4859	  176.5985
13.453	 2.13	 1	 -43.8928	  172.9863
13.459	 2.00	 1	 -42.4374	  171.6667
13.462	 2.22	 1	 -41.1923	  170.3871
13.486	 2.78	 2	 -40.2655	  172.0364
13.487	 2.29	 1	 -43.5211	  171.2894
13.497	 2.39	 1	 -42.1311	  172.4624
13.509	 2.95	 1	 -44.2064	  178.7828
13.511	 2.69	 1	 -46.6530	  170.1252
13.514	 2.33	 1	 -41.7793	  173.4921
13.516	 2.41	 1	 -43.3154	  174.0096
13.555	 2.86	 1	 -43.4589	  171.5303
13.566	 2.67	 1	 -39.5701	  177.4244
13.579	 2.07	 1	 -38.2067	  172.5983
13.591	 2.04	 1	 -38.2037	  173.3809
13.593	 2.92	 1	 -43.7512	  176.6736
13.614	 2.27	 1	 -41.1332	  171.9751
13.623	 2.12	 1	 -41.8948	  174.6155
13.624	 2.13	 1	 -42.3202	  173.5827
13.627	 2.39	 1	 -42.0627	  173.7119
13.633	 2.12	 1	 -38.2184	  172.4107
13.637	 2.63	 1	 -45.6211	  177.6646
13.639	 2.10	 1	 -42.5448	  175.6902
13.655	 2.15	 2	 -40.2187	  168.0307
13.656	 2.13	 1	 -45.7146	  177.5523
13.681	 2.44	 1	 -44.3548	  175.4053
13.702	 3.56	 1	 -42.3331	  171.6442
13.706	 2.88	 2	 -42.2528	  171.6625
13.711	 2.26	 1	 -47.1339	  172.0662
13.715	 2.34	 1	 -42.4621	  172.1045
13.717	 2.30	 1	 -40.7851	  176.6136
13.755	 2.65	 1	 -38.8270	  175.3387
13.758	 2.10	 1	 -41.4987	  171.3766
13.781	 2.54	 1	 -41.4426	  174.1960
13.784	 2.26	 1	 -39.8345	  170.1539
13.796	 2.03	 1	 -42.0457	  175.5095
13.798	 2.10	 1	 -42.8702	  172.3291
13.800	 2.37	 1	 -43.1233	  171.8358
13.805	 2.07	 1	 -42.5332	  173.6474
13.813	 2.51	 1	 -40.0750	  177.9966
13.819	 2.17	 1	 -42.3655	  173.4590
13.838	 3.18	 1	 -46.6854	  170.2086
13.848	 2.27	 1	 -43.5849	  167.0260
13.849	 2.58	 1	 -42.1558	  174.0922
13.860	 2.20	 1	 -41.8131	  179.0218
13.873	 2.48	 1	 -41.8848	  173.9128
13.874	 2.08	 1	 -41.4852	  172.6557
13.877	 4.29	 1	 -42.1604	  174.9024
13.883	 2.30	 1	 -38.7884	  174.2772
13.884	 2.15	 1	 -41.5692	  172.1936
13.899	 2.04	 1	 -42.7055	  172.6135
13.902	 2.01	 1	 -45.4903	  168.2327
13.918	 3.70	 1	 -45.7808	  177.4689
13.924	 2.14	 1	 -44.5802	  175.1986
13.958	 2.06	 1	 -38.2624	  174.0698
13.961	 2.24	 1	 -42.3615	  173.4167
13.969	 2.20	 1	 -42.1405	  173.5550
13.982	 2.10	 1	 -46.6007	  176.0479
13.987	 2.03	 1	 -41.5120	  171.0233
