# Simulation 205
# RelativeTime(days) Magnitude Generation Latitude Longitude
Time Mag Gen Lat Lon
0.084	 2.20	 1	 -42.4675	  172.7789
0.084	 2.50	 1	 -42.6724	  173.0401
0.084	 2.00	 1	 -42.1881	  173.5719
0.084	 2.46	 1	 -42.2916	  173.7401
0.084	 2.07	 1	 -42.1707	  173.7183
0.084	 2.01	 1	 -42.6558	  172.7941
0.085	 3.72	 1	 -41.6160	  174.3125
0.085	 2.05	 1	 -42.7975	  173.3443
0.085	 2.34	 1	 -43.6426	  171.2525
0.086	 2.29	 1	 -42.6406	  173.2244
0.086	 2.04	 1	 -43.0539	  172.7706
0.086	 2.67	 1	 -42.1570	  173.6424
0.086	 2.23	 1	 -42.3485	  173.6948
0.086	 2.26	 1	 -42.6462	  174.6734
0.087	 2.42	 1	 -43.0038	  177.1934
0.087	 2.34	 1	 -42.4045	  172.5734
0.088	 2.30	 1	 -42.6069	  172.9987
0.088	 2.07	 1	 -42.4974	  173.2228
0.088	 2.39	 1	 -42.1630	  173.5445
0.088	 2.08	 1	 -42.5005	  173.1000
0.089	 2.36	 1	 -42.5105	  173.1883
0.089	 3.20	 1	 -42.5737	  173.0477
0.089	 2.74	 1	 -42.0537	  173.8217
0.089	 2.12	 1	 -42.0289	  173.5657
0.090	 3.13	 1	 -38.5384	  170.6803
0.090	 2.35	 1	 -42.3245	  173.8689
0.091	 2.67	 1	 -41.6567	  174.4318
0.091	 2.26	 1	 -41.8765	  174.1841
0.091	 2.34	 1	 -43.4597	  173.0835
0.092	 2.57	 1	 -41.6568	  174.3088
0.093	 2.36	 1	 -42.3860	  173.8113
0.093	 2.35	 1	 -42.3952	  173.6522
0.093	 2.16	 1	 -41.8652	  173.9103
0.094	 2.08	 1	 -41.9992	  173.8641
0.094	 2.02	 1	 -42.7441	  173.1185
0.094	 2.01	 1	 -41.7460	  174.1070
0.094	 2.64	 1	 -42.3182	  173.8179
0.094	 2.46	 1	 -42.6455	  173.0174
0.094	 2.06	 1	 -43.0043	  173.0010
0.094	 2.52	 1	 -41.9548	  174.0069
0.095	 2.84	 1	 -42.0369	  171.7927
0.095	 3.05	 1	 -42.8303	  173.2687
0.095	 2.02	 1	 -42.8558	  172.9665
0.096	 2.23	 1	 -41.8944	  173.9938
0.096	 2.08	 1	 -45.2574	  176.1882
0.096	 2.14	 1	 -42.7672	  173.0739
0.097	 2.72	 1	 -41.7809	  174.4367
0.097	 2.08	 1	 -42.4400	  173.6283
0.097	 2.42	 1	 -42.2694	  172.3320
0.097	 2.22	 1	 -41.7895	  167.5076
0.097	 2.15	 1	 -42.1765	  173.5773
0.097	 2.21	 1	 -41.7997	  174.4426
0.097	 2.13	 1	 -42.4667	  173.1538
0.097	 2.41	 1	 -42.0809	  173.6761
0.098	 2.22	 1	 -42.4304	  173.1347
0.098	 2.65	 1	 -41.7102	  174.2762
0.098	 2.25	 1	 -44.5136	  173.2817
0.098	 2.23	 1	 -42.6416	  172.6937
0.099	 2.27	 1	 -41.6482	  173.5816
0.099	 2.01	 1	 -42.7204	  172.8672
0.099	 3.35	 1	 -42.1665	  173.6904
0.099	 2.43	 1	 -41.8572	  174.2635
0.099	 2.09	 1	 -42.3616	  173.7492
0.100	 2.15	 1	 -42.1365	  173.8480
0.100	 2.75	 1	 -42.4406	  172.7612
0.100	 2.94	 1	 -42.6272	  173.1245
0.101	 2.16	 1	 -41.8791	  174.1998
0.101	 2.05	 1	 -42.2849	  173.9550
0.102	 2.29	 1	 -42.1448	  173.8352
0.102	 2.34	 1	 -41.8250	  174.0456
0.102	 2.35	 1	 -42.7508	  172.6630
0.102	 2.45	 1	 -40.9098	  178.6386
0.103	 3.01	 1	 -42.1629	  173.6185
0.103	 2.15	 1	 -42.0567	  173.7379
0.103	 2.16	 1	 -42.2130	  173.6000
0.103	 2.39	 1	 -41.7227	  174.2762
0.103	 2.24	 1	 -42.0527	  173.7142
0.104	 2.37	 1	 -42.6431	  172.8212
0.104	 3.39	 1	 -41.9413	  173.6137
0.104	 2.21	 1	 -42.1843	  173.5687
0.105	 2.96	 1	 -42.1275	  167.6005
0.105	 2.14	 1	 -42.1559	  173.4480
0.106	 2.76	 1	 -42.5677	  173.2079
0.106	 2.72	 1	 -42.2441	  172.5890
0.106	 2.16	 1	 -42.4253	  173.8235
0.107	 2.61	 1	 -42.1778	  173.5928
0.107	 2.94	 1	 -42.6769	  172.9414
0.108	 2.08	 1	 -41.9069	  173.9810
0.108	 2.61	 1	 -41.5961	  173.5672
0.108	 2.01	 1	 -41.7318	  174.1579
0.109	 2.52	 1	 -41.9522	  173.6929
0.110	 2.71	 1	 -41.6857	  174.7731
0.110	 2.47	 1	 -42.4769	  173.5520
0.110	 2.05	 1	 -42.8257	  172.8345
0.111	 3.19	 1	 -41.9078	  173.3221
0.111	 2.08	 1	 -43.3235	  172.5561
0.111	 2.09	 1	 -42.2184	  173.7841
0.111	 2.91	 1	 -41.8231	  174.2873
0.111	 3.50	 1	 -42.6317	  173.8005
0.111	 2.03	 1	 -41.7664	  174.2564
0.112	 2.05	 1	 -42.7375	  172.6150
0.112	 2.20	 1	 -42.2272	  173.5777
0.112	 3.18	 1	 -42.4198	  173.7400
0.113	 2.05	 1	 -42.1782	  173.8436
0.113	 2.35	 1	 -42.0920	  173.2469
0.113	 2.14	 1	 -42.2634	  173.6503
0.113	 4.05	 1	 -42.2780	  173.9785
0.114	 2.00	 1	 -43.1080	  173.0436
0.115	 3.08	 1	 -42.6896	  172.3318
0.115	 2.06	 1	 -42.6786	  172.8616
0.115	 2.73	 1	 -41.8667	  173.8616
0.115	 2.42	 1	 -42.5657	  172.5467
0.115	 2.36	 1	 -42.6669	  172.8786
0.116	 2.18	 1	 -41.7839	  174.2473
0.116	 3.42	 1	 -41.7105	  174.1556
0.116	 2.04	 1	 -41.6936	  174.2923
0.116	 3.02	 1	 -42.0499	  173.4940
0.117	 2.13	 1	 -41.9574	  173.7124
0.117	 2.87	 1	 -42.1784	  172.9603
0.118	 2.91	 1	 -42.3558	  173.2094
0.119	 2.13	 1	 -42.7277	  168.7753
0.119	 2.11	 1	 -42.8346	  173.0469
0.119	 2.17	 1	 -42.2809	  173.4089
0.120	 3.55	 1	 -44.1851	  174.0047
0.120	 2.40	 1	 -42.5167	  173.1414
0.121	 2.01	 1	 -43.0024	  172.8532
0.121	 2.06	 1	 -42.4679	  173.7126
0.122	 2.14	 1	 -42.0292	  173.4102
0.123	 2.01	 1	 -42.0944	  173.6358
0.124	 2.36	 1	 -42.6338	  172.9266
0.124	 2.42	 1	 -42.3404	  173.8547
0.124	 2.47	 1	 -41.7093	  174.3392
0.125	 3.06	 1	 -42.6631	  172.9248
0.125	 2.33	 1	 -41.8583	  173.8671
0.125	 2.05	 1	 -43.0552	  173.9555
0.126	 2.39	 1	 -41.3280	  173.1440
0.126	 2.29	 1	 -42.6104	  173.1617
0.126	 2.04	 1	 -42.5421	  172.4010
0.126	 2.93	 1	 -41.6954	  174.2344
0.127	 2.46	 1	 -42.4882	  173.2419
0.127	 2.41	 1	 -42.2446	  173.9073
0.128	 2.45	 1	 -42.1095	  173.5244
0.128	 2.58	 1	 -41.9450	  173.6536
0.128	 2.63	 1	 -42.7398	  173.3906
0.129	 2.11	 1	 -41.8229	  174.1918
0.130	 2.03	 1	 -41.6755	  174.0978
0.130	 2.26	 1	 -41.7023	  174.3271
0.132	 2.20	 1	 -43.1422	  171.5834
0.132	 2.40	 1	 -41.6918	  174.2845
0.132	 3.07	 1	 -42.1976	  175.5687
0.132	 2.55	 1	 -42.5862	  173.0934
0.133	 3.61	 1	 -41.9862	  174.0358
0.133	 2.03	 1	 -42.1165	  172.2077
0.134	 2.02	 1	 -42.7773	  172.7918
0.135	 2.05	 1	 -42.8111	  173.4496
0.135	 2.09	 1	 -41.9735	  173.7246
0.135	 2.16	 1	 -42.6580	  172.9809
0.136	 2.59	 1	 -43.1192	  172.5221
0.136	 2.06	 1	 -42.0405	  173.6508
0.136	 2.22	 1	 -41.6208	  174.2215
0.136	 2.29	 1	 -41.4389	  174.1410
0.136	 2.88	 1	 -42.2021	  173.0438
0.137	 2.79	 1	 -42.5312	  172.2542
0.137	 2.71	 1	 -42.3708	  173.2126
0.137	 2.05	 1	 -42.4463	  173.6908
0.138	 2.24	 1	 -42.3116	  173.9889
0.138	 2.20	 1	 -42.2433	  173.6504
0.138	 2.43	 1	 -41.9085	  174.0738
0.138	 2.21	 1	 -41.6739	  174.3678
0.138	 2.38	 1	 -42.8870	  173.1694
0.139	 2.01	 1	 -41.8679	  174.1099
0.139	 2.07	 1	 -42.7568	  172.9623
0.139	 2.58	 1	 -42.5411	  173.6198
0.139	 2.06	 1	 -44.1847	  170.8961
0.139	 3.74	 1	 -42.1354	  173.5919
0.140	 2.20	 1	 -42.4905	  173.1156
0.140	 2.30	 1	 -42.3764	  173.3672
0.140	 2.23	 1	 -42.5448	  173.0123
0.140	 2.13	 1	 -42.5806	  173.0280
0.140	 2.44	 1	 -43.2733	  172.8800
0.140	 2.91	 1	 -42.0284	  173.5447
0.141	 2.98	 1	 -41.3123	  174.1873
0.141	 2.28	 1	 -42.5479	  173.3755
0.141	 2.38	 1	 -41.7621	  173.6270
0.142	 2.30	 1	 -41.6924	  174.2474
0.143	 2.90	 1	 -42.1780	  173.6532
0.143	 2.40	 1	 -44.9858	  171.1512
0.144	 2.19	 1	 -42.5630	  173.1235
0.144	 2.65	 1	 -42.1493	  173.8826
0.144	 3.24	 1	 -42.2614	  173.4855
0.144	 2.17	 1	 -42.6757	  172.8790
0.144	 2.04	 1	 -39.7566	  173.4620
0.145	 2.63	 1	 -41.9716	  174.0931
0.145	 2.50	 1	 -45.1550	  169.3360
0.145	 3.24	 1	 -42.7048	  172.9749
0.145	 2.29	 1	 -46.7684	  175.2711
0.147	 2.05	 1	 -42.3359	  173.6939
0.147	 3.16	 1	 -42.4328	  173.1578
0.147	 2.13	 1	 -42.6944	  173.1905
0.147	 3.01	 1	 -42.1747	  173.6051
0.148	 2.43	 1	 -42.5700	  173.0750
0.148	 2.36	 1	 -42.3664	  173.6963
0.148	 2.06	 1	 -41.9281	  173.6040
0.148	 2.26	 1	 -42.6181	  173.2255
0.148	 2.36	 1	 -41.7742	  174.2605
0.150	 2.05	 1	 -41.9349	  174.4743
0.150	 2.07	 1	 -41.8587	  174.1542
0.150	 2.43	 1	 -42.1339	  173.6114
0.150	 2.34	 1	 -41.8282	  173.8413
0.150	 2.04	 1	 -41.8102	  174.4307
0.150	 2.52	 1	 -42.4277	  172.2752
0.150	 2.33	 1	 -42.4474	  173.1450
0.151	 2.01	 1	 -42.7733	  172.9160
0.151	 2.51	 1	 -42.4227	  173.8800
0.151	 5.16	 1	 -42.1455	  173.6871
0.151	 2.14	 1	 -42.1431	  173.5564
0.152	 2.31	 1	 -41.7591	  174.1711
0.152	 2.39	 1	 -42.2783	  173.3706
0.154	 2.45	 1	 -42.9547	  172.7610
0.155	 3.62	 1	 -42.0570	  173.7078
0.155	 3.71	 1	 -41.9291	  173.8135
0.156	 2.27	 1	 -43.2618	  173.5490
0.157	 2.03	 1	 -42.5299	  173.2940
0.157	 2.91	 1	 -41.9841	  173.6254
0.157	 2.96	 1	 -42.1098	  173.6995
0.158	 2.08	 2	 -42.1848	  173.6615
0.158	 2.18	 1	 -42.4567	  173.1540
0.158	 2.08	 1	 -43.5757	  170.3159
0.158	 2.95	 1	 -42.3904	  173.5763
0.159	 2.29	 1	 -43.1872	  173.2105
0.159	 2.10	 1	 -42.6331	  173.1307
0.159	 2.49	 1	 -42.8067	  173.0616
0.160	 2.35	 2	 -42.7035	  173.3923
0.160	 2.13	 1	 -41.6609	  174.2983
0.160	 2.12	 1	 -41.9899	  173.6608
0.161	 2.17	 1	 -41.7374	  174.1644
0.161	 2.16	 1	 -42.3981	  172.9451
0.162	 2.14	 1	 -42.4256	  173.0585
0.162	 2.03	 1	 -42.5610	  173.0599
0.162	 2.78	 1	 -42.6637	  172.9654
0.164	 2.06	 1	 -45.8672	  168.6895
0.164	 2.09	 1	 -42.1513	  173.5492
0.164	 2.34	 1	 -42.6226	  172.4322
0.165	 2.73	 1	 -43.1761	  172.9528
0.166	 2.92	 1	 -41.5432	  174.3276
0.166	 2.70	 1	 -42.2525	  173.7719
0.167	 2.54	 1	 -42.5962	  172.8153
0.167	 2.22	 1	 -42.5984	  173.1791
0.167	 2.14	 1	 -42.4016	  171.8862
0.168	 3.65	 1	 -42.3263	  173.7366
0.169	 2.36	 1	 -42.4702	  173.7882
0.169	 2.85	 1	 -42.6064	  173.0289
0.169	 2.81	 1	 -41.6818	  174.1755
0.169	 2.57	 1	 -42.2634	  171.1719
0.170	 2.05	 1	 -42.1644	  172.9278
0.171	 2.51	 1	 -42.8239	  173.0054
0.171	 3.31	 1	 -44.1071	  174.3231
0.172	 2.06	 1	 -41.7929	  173.9783
0.172	 2.31	 1	 -42.4386	  173.0796
0.172	 2.20	 1	 -42.2862	  173.6301
0.173	 2.11	 1	 -41.9699	  173.7177
0.173	 2.10	 1	 -42.5923	  172.7847
0.175	 2.16	 1	 -41.9529	  173.6844
0.176	 2.19	 1	 -42.0347	  174.7806
0.176	 3.15	 1	 -41.9805	  173.7428
0.177	 2.04	 1	 -41.1633	  175.1877
0.177	 2.30	 1	 -42.0172	  173.7090
0.177	 2.11	 1	 -42.0828	  173.6906
0.177	 3.36	 1	 -41.9514	  173.7025
0.178	 2.27	 1	 -42.5533	  173.0751
0.178	 3.29	 1	 -41.9432	  174.2446
0.178	 2.00	 1	 -42.3822	  173.4947
0.178	 2.30	 1	 -42.1975	  173.5677
0.179	 2.80	 1	 -43.2101	  173.9101
0.179	 3.17	 1	 -42.8468	  173.1357
0.180	 2.04	 1	 -41.7008	  174.2039
0.180	 2.16	 1	 -41.7811	  174.2369
0.180	 2.77	 1	 -42.2703	  173.7009
0.181	 2.71	 1	 -42.1943	  173.4587
0.181	 2.15	 1	 -42.5537	  173.6611
0.182	 2.32	 1	 -42.8882	  172.9441
0.183	 2.05	 1	 -42.4150	  172.6650
0.183	 2.27	 1	 -42.1101	  174.1218
0.183	 2.29	 1	 -42.1662	  173.6511
0.184	 2.71	 1	 -42.0422	  173.4310
0.185	 2.76	 1	 -42.3135	  173.5097
0.185	 2.05	 1	 -42.7388	  172.6032
0.185	 2.04	 1	 -42.5866	  173.0499
0.186	 2.49	 1	 -42.4711	  173.0327
0.186	 2.84	 1	 -41.8154	  172.8112
0.187	 2.02	 1	 -42.5715	  172.9292
0.187	 2.34	 1	 -42.7350	  173.1216
0.187	 2.54	 1	 -39.2036	  169.1627
0.187	 2.34	 1	 -42.2449	  173.3573
0.188	 3.30	 1	 -42.1740	  173.6286
0.189	 2.94	 1	 -42.9182	  172.9811
0.190	 2.54	 1	 -42.7475	  172.7231
0.190	 2.13	 1	 -42.6047	  174.6994
0.190	 2.74	 1	 -41.9557	  174.2505
0.191	 2.05	 1	 -42.1289	  173.7178
0.192	 2.49	 1	 -41.8112	  174.0732
0.192	 2.64	 1	 -42.2359	  173.5924
0.193	 2.30	 1	 -42.4940	  173.0494
0.193	 2.02	 1	 -41.9548	  173.9821
0.193	 2.13	 1	 -41.8115	  174.2850
0.194	 3.08	 1	 -41.8295	  173.9063
0.194	 2.03	 1	 -41.6036	  174.2883
0.194	 2.18	 1	 -42.7756	  173.0895
0.194	 2.12	 1	 -42.8583	  173.2160
0.195	 2.03	 1	 -42.6507	  172.8215
0.195	 2.28	 1	 -41.9432	  173.9582
0.195	 2.65	 1	 -42.7181	  173.1547
0.195	 2.01	 1	 -42.4309	  173.7584
0.196	 2.72	 1	 -43.6143	  171.7267
0.197	 2.05	 1	 -42.5847	  173.0649
0.198	 2.41	 1	 -42.3784	  173.8781
0.199	 2.26	 1	 -42.5911	  172.8793
0.200	 2.23	 1	 -41.8507	  173.6105
0.202	 4.10	 1	 -42.4336	  173.2694
0.203	 2.09	 1	 -41.8251	  174.2389
0.203	 2.62	 1	 -42.2809	  173.7694
0.203	 2.27	 1	 -42.4681	  173.8897
0.204	 2.14	 1	 -42.1379	  173.6654
0.204	 2.90	 1	 -43.0389	  172.2994
0.204	 2.98	 1	 -42.1891	  173.6074
0.205	 2.07	 1	 -42.3673	  173.0699
0.205	 2.39	 1	 -42.2742	  173.6255
0.205	 2.40	 1	 -42.4734	  172.1982
0.206	 2.26	 1	 -42.4356	  173.7955
0.208	 3.45	 1	 -42.0036	  173.8194
0.209	 2.86	 1	 -42.0203	  173.7445
0.209	 3.00	 1	 -42.6184	  172.9137
0.209	 2.63	 1	 -41.6903	  174.3173
0.209	 2.36	 1	 -42.0993	  173.5943
0.209	 2.43	 1	 -42.0474	  173.7673
0.210	 2.53	 1	 -42.2205	  173.6304
0.211	 2.28	 1	 -42.0219	  173.7913
0.211	 2.77	 1	 -42.6155	  172.9014
0.211	 2.17	 1	 -42.8740	  173.0438
0.212	 2.48	 1	 -41.8486	  175.1216
0.212	 2.06	 1	 -42.1867	  173.5812
0.213	 2.03	 1	 -42.4725	  173.0504
0.215	 2.19	 1	 -42.5960	  172.5466
0.215	 2.02	 1	 -38.4761	  175.1478
0.216	 2.46	 1	 -41.8663	  173.5679
0.217	 2.08	 1	 -42.0447	  173.6956
0.217	 2.83	 1	 -42.7284	  172.6828
0.218	 2.21	 2	 -42.1361	  173.6884
0.218	 2.05	 1	 -42.4695	  172.5525
0.218	 3.00	 1	 -42.3820	  173.7641
0.218	 2.35	 1	 -42.1054	  173.7723
0.218	 2.81	 2	 -42.0188	  173.7434
0.220	 2.29	 1	 -42.7133	  171.2812
0.220	 2.34	 1	 -42.5116	  172.9853
0.220	 2.22	 1	 -42.5220	  173.1644
0.221	 2.12	 1	 -42.3815	  173.8410
0.221	 2.79	 1	 -42.0416	  173.7042
0.222	 2.26	 1	 -40.1935	  167.9361
0.224	 3.49	 1	 -42.3467	  172.9021
0.225	 2.05	 1	 -42.2726	  173.8624
0.229	 2.37	 1	 -41.4019	  173.5145
0.229	 2.04	 1	 -41.8141	  173.6040
0.229	 2.85	 1	 -41.1464	  170.2178
0.229	 2.72	 1	 -42.1979	  173.5327
0.230	 2.77	 1	 -43.0516	  172.9641
0.231	 2.79	 1	 -41.7745	  172.3800
0.232	 2.13	 1	 -41.9461	  173.6078
0.232	 2.14	 1	 -42.2307	  173.5952
0.233	 2.01	 1	 -39.2076	  169.1955
0.233	 2.81	 1	 -42.3411	  172.1886
0.234	 2.88	 2	 -42.4369	  173.2892
0.235	 2.06	 1	 -40.5982	  172.3842
0.235	 2.97	 1	 -42.2213	  173.3852
0.235	 2.30	 1	 -42.4863	  173.2796
0.236	 2.22	 1	 -42.5629	  173.5473
0.236	 2.38	 1	 -42.3144	  174.9386
0.237	 2.26	 1	 -42.6237	  172.8808
0.239	 2.10	 1	 -42.7974	  172.9197
0.240	 2.91	 1	 -42.3425	  173.8219
0.241	 2.09	 1	 -42.2215	  173.6676
0.241	 2.57	 1	 -42.4743	  173.1518
0.245	 3.22	 1	 -42.3246	  173.7781
0.245	 2.32	 1	 -42.2165	  172.9686
0.245	 2.48	 1	 -42.3480	  173.6420
0.245	 2.79	 1	 -42.2544	  173.6711
0.245	 2.43	 1	 -43.2211	  174.4927
0.248	 2.50	 1	 -43.7838	  178.9571
0.249	 3.66	 1	 -43.0891	  173.3284
0.250	 2.17	 1	 -41.8432	  174.2558
0.250	 2.97	 1	 -42.0135	  173.5351
0.251	 3.19	 1	 -42.1388	  173.7990
0.251	 2.12	 1	 -41.9359	  173.6520
0.251	 2.10	 1	 -42.3115	  173.6273
0.251	 2.29	 1	 -46.9894	  174.8253
0.252	 2.04	 1	 -42.0933	  173.1356
0.253	 2.20	 1	 -41.6578	  174.3376
0.254	 2.02	 1	 -42.2224	  173.5988
0.256	 2.86	 1	 -42.1834	  173.5200
0.256	 2.45	 1	 -42.4798	  173.0453
0.256	 2.24	 1	 -42.7581	  172.8076
0.259	 2.37	 1	 -41.9138	  174.3160
0.259	 3.22	 1	 -42.9347	  173.3602
0.259	 2.11	 1	 -42.2651	  173.6787
0.261	 2.54	 1	 -42.6962	  173.1496
0.261	 2.25	 1	 -41.8979	  173.7039
0.262	 2.10	 1	 -41.9133	  173.8915
0.263	 2.43	 1	 -41.8951	  174.2070
0.263	 2.14	 1	 -42.9860	  173.4932
0.263	 2.46	 1	 -42.1116	  173.6404
0.264	 2.12	 1	 -42.5796	  172.1806
0.264	 2.14	 1	 -42.0310	  173.7450
0.265	 2.11	 1	 -41.4272	  173.4632
0.266	 2.73	 1	 -42.6852	  173.7107
0.268	 2.62	 1	 -42.8464	  173.0723
0.269	 2.25	 1	 -42.2373	  173.7897
0.269	 2.35	 2	 -42.0869	  173.6348
0.269	 3.13	 1	 -42.1590	  174.2772
0.270	 2.17	 1	 -42.8716	  172.7194
0.270	 2.50	 1	 -42.7851	  172.9596
0.271	 2.02	 1	 -42.2904	  173.6871
0.271	 4.28	 1	 -41.6479	  174.3660
0.271	 2.86	 1	 -42.4237	  173.3217
0.272	 2.42	 1	 -42.3609	  173.9333
0.272	 2.40	 1	 -42.6090	  172.9516
0.273	 2.08	 1	 -42.9829	  172.8754
0.273	 2.18	 1	 -42.6365	  173.1405
0.274	 2.81	 1	 -41.6925	  174.2574
0.274	 2.11	 1	 -42.2378	  173.6576
0.275	 2.28	 1	 -42.0955	  173.7063
0.275	 2.33	 1	 -42.4381	  173.0587
0.275	 2.27	 2	 -42.3449	  173.8518
0.276	 2.52	 2	 -42.1315	  173.6632
0.277	 2.72	 1	 -41.7047	  174.2826
0.277	 2.12	 1	 -42.5353	  173.0900
0.278	 2.23	 1	 -42.5662	  173.7293
0.278	 2.63	 1	 -42.1411	  173.5337
0.279	 2.57	 1	 -41.2163	  178.8009
0.279	 2.30	 2	 -42.4449	  173.0435
0.279	 2.14	 1	 -42.3621	  173.7820
0.281	 2.06	 1	 -41.7224	  174.2674
0.281	 2.73	 1	 -42.8559	  172.8927
0.282	 2.81	 1	 -42.4507	  173.7903
0.282	 2.19	 1	 -42.7437	  172.9749
0.285	 2.10	 1	 -42.0800	  173.7758
0.285	 2.16	 1	 -41.7078	  174.2883
0.286	 4.00	 1	 -41.7573	  174.2440
0.286	 2.12	 1	 -42.3201	  172.4418
0.287	 2.02	 1	 -42.7708	  172.9463
0.287	 2.01	 1	 -42.2296	  173.5740
0.288	 2.17	 1	 -41.1540	  173.2733
0.289	 2.22	 1	 -41.3519	  173.9987
0.289	 2.08	 1	 -41.8956	  173.9136
0.290	 2.36	 2	 -42.0455	  173.0631
0.292	 3.03	 1	 -42.3786	  173.7698
0.293	 2.70	 1	 -42.4770	  173.2478
0.293	 2.02	 1	 -43.3546	  171.3930
0.294	 2.23	 1	 -42.4370	  173.8288
0.294	 3.10	 1	 -42.5293	  173.1584
0.294	 3.78	 1	 -42.6457	  174.3725
0.295	 3.19	 1	 -42.2539	  173.6525
0.295	 2.15	 1	 -41.9777	  173.6245
0.296	 2.04	 1	 -42.1407	  173.6261
0.296	 2.34	 1	 -42.4442	  173.2484
0.296	 2.15	 1	 -41.9978	  173.6432
0.298	 2.69	 1	 -42.5208	  173.1358
0.298	 2.03	 1	 -42.1823	  172.8759
0.299	 2.09	 1	 -42.3847	  174.0125
0.303	 2.34	 1	 -42.7659	  172.8731
0.305	 2.18	 1	 -44.5816	  169.0843
0.305	 2.01	 1	 -42.5579	  173.0571
0.307	 2.12	 1	 -42.1801	  173.6301
0.307	 2.88	 1	 -42.4316	  172.8741
0.309	 2.07	 1	 -42.6490	  172.8633
0.311	 2.25	 1	 -42.0224	  173.8182
0.312	 2.17	 1	 -41.4869	  173.9053
0.313	 2.07	 1	 -43.1810	  173.3398
0.314	 2.01	 1	 -42.9387	  177.1171
0.315	 2.43	 1	 -41.7356	  174.2061
0.316	 2.46	 1	 -42.7147	  173.2748
0.317	 2.11	 1	 -42.5945	  173.2147
0.318	 2.59	 1	 -43.3520	  172.3819
0.318	 2.73	 1	 -41.6931	  174.3183
0.318	 2.12	 1	 -42.6468	  172.9633
0.319	 2.55	 1	 -42.1767	  173.5329
0.319	 2.02	 1	 -42.3873	  174.0297
0.319	 2.02	 1	 -42.2759	  173.7217
0.320	 2.01	 1	 -42.7956	  173.0735
0.321	 2.48	 1	 -39.4903	  176.1471
0.322	 2.92	 1	 -42.2463	  173.6423
0.322	 2.15	 1	 -43.1516	  173.3837
0.324	 3.59	 2	 -42.2810	  173.9865
0.324	 2.31	 1	 -42.7435	  173.3105
0.326	 2.17	 2	 -43.2001	  173.1714
0.328	 2.16	 1	 -42.9690	  174.5943
0.329	 3.16	 1	 -40.9783	  173.2124
0.329	 2.57	 2	 -42.3688	  173.8263
0.331	 2.42	 1	 -42.7714	  173.1161
0.332	 2.17	 1	 -42.0458	  173.5637
0.333	 2.06	 1	 -43.5377	  172.8118
0.334	 2.23	 2	 -40.8939	  172.4870
0.335	 2.02	 1	 -42.4922	  173.1275
0.335	 2.86	 1	 -42.4314	  173.5260
0.336	 2.90	 1	 -42.8320	  172.8492
0.336	 2.05	 1	 -42.8330	  174.5299
0.337	 3.15	 1	 -40.7088	  178.5124
0.337	 2.07	 1	 -41.9278	  175.1532
0.338	 2.45	 1	 -41.8514	  174.0108
0.339	 2.13	 1	 -42.2981	  173.7682
0.342	 2.48	 1	 -41.9237	  174.2645
0.343	 2.64	 1	 -41.7140	  174.2780
0.343	 2.73	 1	 -42.4472	  173.7483
0.344	 3.39	 1	 -43.9204	  173.8801
0.344	 2.43	 1	 -41.9737	  173.6930
0.345	 2.09	 1	 -41.7494	  173.8176
0.345	 3.27	 1	 -42.5094	  173.1735
0.346	 2.96	 1	 -42.1825	  173.4169
0.347	 2.02	 1	 -42.5915	  172.9840
0.347	 2.16	 1	 -42.1248	  173.6624
0.349	 2.04	 1	 -42.5429	  173.0947
0.350	 2.35	 1	 -42.1561	  173.5146
0.350	 2.57	 1	 -42.2014	  173.6274
0.350	 3.22	 1	 -42.2620	  172.1607
0.350	 2.47	 1	 -42.7828	  172.7753
0.352	 2.31	 1	 -42.2590	  173.5067
0.352	 2.17	 1	 -42.2480	  173.7639
0.353	 2.12	 1	 -42.6285	  173.6167
0.353	 2.30	 1	 -42.8883	  173.1184
0.355	 2.15	 1	 -43.1113	  172.3731
0.355	 2.30	 1	 -46.7864	  175.5528
0.357	 2.13	 1	 -42.6504	  172.9539
0.359	 2.20	 1	 -42.1670	  173.6409
0.360	 3.01	 1	 -42.7381	  172.1095
0.360	 2.34	 1	 -41.7224	  174.1615
0.361	 2.02	 1	 -42.5573	  173.4020
0.362	 2.02	 1	 -42.5230	  173.1141
0.363	 2.07	 1	 -42.5846	  172.8414
0.364	 2.77	 1	 -42.5998	  172.9583
0.364	 2.04	 1	 -42.5547	  173.0468
0.365	 2.49	 1	 -42.0227	  173.6544
0.366	 2.23	 1	 -46.3354	  176.6087
0.368	 3.35	 1	 -43.9401	  174.8150
0.368	 2.48	 1	 -42.3192	  173.7854
0.371	 2.49	 1	 -42.6460	  172.8869
0.371	 2.03	 1	 -41.7857	  174.2499
0.372	 2.06	 1	 -42.6730	  173.0470
0.373	 2.18	 1	 -41.9631	  174.2057
0.374	 2.88	 1	 -42.2245	  173.3392
0.374	 2.02	 1	 -41.7040	  174.2424
0.376	 2.61	 1	 -42.6475	  173.0499
0.377	 2.23	 1	 -42.3999	  173.3004
0.379	 3.57	 1	 -41.7260	  174.2839
0.380	 2.17	 1	 -42.6927	  172.9914
0.380	 2.17	 1	 -42.6214	  173.0093
0.380	 2.70	 1	 -41.7818	  174.0470
0.382	 3.47	 1	 -42.1460	  173.5755
0.382	 3.33	 1	 -42.6293	  172.4995
0.383	 2.30	 1	 -42.3937	  173.6702
0.383	 2.65	 1	 -42.1342	  173.6216
0.385	 2.38	 1	 -41.9889	  173.7509
0.385	 2.32	 1	 -41.5285	  172.7654
0.386	 2.16	 1	 -42.4146	  171.9592
0.387	 2.25	 1	 -41.6664	  174.3589
0.387	 2.54	 1	 -42.0754	  170.5457
0.388	 2.00	 1	 -41.8651	  173.9859
0.390	 2.01	 1	 -42.3158	  173.6618
0.391	 3.19	 1	 -41.9847	  174.0223
0.391	 2.13	 1	 -41.7672	  174.4181
0.392	 2.08	 1	 -42.0534	  174.7443
0.393	 2.39	 1	 -42.8658	  172.9228
0.393	 2.30	 1	 -42.8418	  172.5487
0.395	 2.16	 1	 -42.2139	  173.6414
0.399	 2.70	 1	 -42.3531	  173.4434
0.399	 2.16	 1	 -42.5009	  173.9776
0.400	 2.55	 1	 -42.7335	  173.5366
0.405	 2.45	 1	 -42.8392	  173.4606
0.405	 2.65	 1	 -41.8860	  173.7291
0.406	 2.77	 1	 -42.5499	  173.0495
0.406	 2.93	 1	 -42.3382	  173.8693
0.408	 2.28	 2	 -41.9518	  173.7033
0.409	 2.19	 1	 -41.8186	  174.3217
0.411	 2.22	 1	 -42.2568	  173.8031
0.412	 2.41	 1	 -43.0126	  172.8064
0.413	 3.15	 1	 -41.6949	  174.2791
0.415	 2.05	 1	 -44.3848	  174.1074
0.418	 2.20	 1	 -42.2965	  173.6981
0.419	 2.07	 1	 -42.1440	  173.9445
0.420	 2.49	 1	 -42.6300	  173.2281
0.420	 2.18	 1	 -42.3352	  173.7502
0.421	 2.01	 1	 -42.4292	  173.8626
0.422	 2.26	 1	 -42.2013	  173.5668
0.423	 2.72	 1	 -40.5178	  167.6674
0.424	 3.06	 1	 -42.1978	  173.7589
0.425	 2.42	 1	 -42.8750	  172.3297
0.425	 2.74	 1	 -41.7345	  174.2488
0.425	 2.74	 1	 -42.0459	  173.8510
0.426	 2.67	 1	 -42.4004	  172.9410
0.426	 2.31	 1	 -41.5486	  172.4118
0.429	 2.77	 1	 -42.6501	  172.4809
0.429	 2.36	 1	 -42.1831	  173.6544
0.429	 2.43	 1	 -42.5743	  173.0230
0.431	 2.20	 1	 -41.7552	  174.3218
0.432	 2.86	 1	 -42.4307	  173.0755
0.433	 2.23	 1	 -41.8445	  174.4843
0.434	 2.48	 1	 -42.3892	  173.8250
0.434	 2.15	 1	 -42.0541	  174.0575
0.434	 2.12	 1	 -42.6593	  172.5640
0.434	 2.00	 1	 -45.3263	  168.0636
0.435	 3.06	 1	 -42.2693	  173.9080
0.435	 2.26	 1	 -41.7306	  174.2694
0.436	 2.17	 1	 -42.4050	  173.3088
0.438	 2.83	 1	 -42.6152	  172.7508
0.440	 2.12	 1	 -42.8075	  172.9089
0.440	 2.06	 1	 -42.2596	  173.6964
0.440	 2.78	 1	 -42.8247	  174.2104
0.441	 2.23	 1	 -42.7712	  172.7554
0.442	 2.20	 1	 -42.4121	  173.7893
0.443	 2.53	 1	 -42.7141	  172.8319
0.444	 2.10	 1	 -41.6294	  174.2864
0.446	 2.10	 1	 -41.7196	  174.2842
0.447	 3.73	 1	 -42.2455	  173.7769
0.451	 2.05	 1	 -42.5009	  173.6888
0.453	 2.35	 1	 -42.3534	  172.6269
0.455	 2.70	 1	 -42.0634	  173.6860
0.457	 2.00	 1	 -42.2094	  173.9262
0.457	 2.15	 1	 -42.3667	  173.4140
0.460	 2.69	 1	 -42.5853	  173.0368
0.460	 2.05	 1	 -41.9250	  173.7532
0.461	 2.24	 1	 -42.6694	  172.9716
0.462	 2.38	 1	 -42.1300	  173.7065
0.463	 2.51	 1	 -42.9224	  176.3593
0.463	 2.53	 1	 -42.2490	  173.5253
0.463	 3.55	 1	 -42.6429	  172.8225
0.464	 2.12	 1	 -45.0892	  178.1619
0.464	 2.11	 2	 -41.7983	  174.2027
0.467	 2.06	 1	 -41.2207	  173.9243
0.468	 2.10	 1	 -41.8113	  173.9942
0.469	 2.11	 1	 -43.0365	  172.6000
0.470	 2.10	 1	 -42.8392	  173.0407
0.470	 2.05	 1	 -42.4030	  173.3291
0.470	 2.29	 1	 -42.1952	  173.7154
0.471	 2.04	 1	 -42.6323	  172.9333
0.472	 2.90	 1	 -42.9234	  172.4477
0.473	 2.48	 1	 -42.7084	  172.8426
0.473	 2.50	 1	 -42.4349	  173.3203
0.473	 2.80	 1	 -42.3472	  173.3399
0.480	 2.00	 1	 -42.5820	  173.1226
0.480	 2.31	 1	 -41.6548	  174.3289
0.482	 3.90	 1	 -42.8756	  173.5634
0.483	 3.44	 1	 -42.3224	  173.6898
0.483	 2.78	 1	 -43.2815	  173.1491
0.484	 2.18	 1	 -42.5497	  169.4156
0.485	 3.42	 1	 -42.3687	  174.2944
0.486	 2.80	 1	 -42.4799	  173.1993
0.486	 2.86	 2	 -42.6570	  173.8072
0.487	 2.47	 1	 -43.1800	  173.9063
0.488	 2.11	 1	 -42.3152	  173.4810
0.492	 2.32	 1	 -42.2867	  173.7532
0.494	 2.98	 1	 -42.0149	  173.7420
0.495	 3.74	 1	 -41.7693	  174.2601
0.495	 2.37	 1	 -42.1664	  173.5206
0.497	 2.34	 1	 -42.4531	  173.7377
0.497	 2.24	 1	 -42.2054	  173.6236
0.499	 2.37	 1	 -43.1738	  173.8280
0.501	 2.00	 1	 -42.0245	  173.6949
0.502	 2.00	 1	 -42.2821	  173.5466
0.502	 3.35	 1	 -42.6856	  173.6148
0.503	 2.63	 1	 -42.3607	  173.4765
0.505	 2.16	 1	 -41.9943	  173.6708
0.505	 2.75	 1	 -41.9818	  173.3757
0.511	 2.20	 1	 -41.6699	  174.3200
0.512	 2.87	 1	 -42.1957	  173.5712
0.514	 2.14	 1	 -42.5252	  173.8048
0.515	 2.07	 2	 -41.7609	  174.2595
0.515	 2.09	 1	 -41.6070	  174.0746
0.517	 2.62	 1	 -42.4100	  173.4829
0.521	 2.66	 1	 -43.1049	  172.1891
0.521	 2.19	 1	 -40.0369	  172.7676
0.521	 2.58	 1	 -41.7719	  174.2121
0.522	 2.97	 1	 -42.5482	  172.7947
0.527	 2.06	 1	 -41.2984	  174.3041
0.528	 2.70	 1	 -41.7087	  174.1756
0.528	 3.04	 1	 -42.7063	  172.4647
0.532	 2.19	 1	 -42.4946	  173.7636
0.536	 2.37	 1	 -42.5482	  171.7369
0.537	 2.99	 1	 -41.7400	  174.1897
0.540	 2.28	 1	 -42.3535	  173.2171
0.540	 2.20	 1	 -42.3043	  173.8655
0.541	 2.39	 1	 -42.8396	  173.3400
0.542	 2.40	 1	 -41.9165	  174.3539
0.542	 2.17	 1	 -42.8426	  173.0537
0.543	 2.15	 1	 -42.4460	  173.3923
0.545	 3.43	 1	 -42.7659	  173.0955
0.546	 2.43	 1	 -42.2527	  173.6331
0.546	 2.28	 1	 -42.5767	  173.0536
0.546	 4.76	 1	 -42.1350	  173.5967
0.549	 3.04	 1	 -41.7341	  174.1859
0.550	 2.33	 1	 -41.9588	  173.7359
0.555	 2.45	 1	 -41.9424	  174.2354
0.556	 2.04	 1	 -42.4269	  173.2129
0.556	 2.05	 1	 -38.2251	  173.7174
0.557	 2.72	 1	 -44.8702	  168.7635
0.557	 2.04	 1	 -42.8608	  173.2836
0.558	 2.45	 1	 -42.1922	  173.6435
0.559	 2.48	 1	 -42.0935	  173.7836
0.559	 2.05	 1	 -42.0137	  173.7085
0.560	 2.16	 1	 -40.2794	  168.2105
0.561	 2.14	 1	 -42.4501	  173.6704
0.561	 4.27	 1	 -42.2423	  173.6361
0.563	 2.19	 1	 -42.5437	  172.9526
0.565	 2.05	 1	 -42.2757	  173.6680
0.566	 2.06	 2	 -42.1837	  173.7587
0.566	 2.34	 1	 -43.2621	  172.4909
0.569	 2.27	 1	 -42.2444	  173.4746
0.569	 2.07	 1	 -43.3091	  174.0362
0.570	 2.40	 1	 -42.7323	  173.1024
0.571	 2.17	 1	 -42.2911	  173.5080
0.571	 2.22	 1	 -42.2552	  173.5656
0.572	 2.00	 1	 -42.7796	  172.9651
0.572	 2.24	 1	 -42.5767	  172.7847
0.572	 2.25	 1	 -42.4098	  173.7917
0.573	 2.72	 1	 -42.4003	  173.7378
0.573	 2.86	 1	 -42.6305	  173.3887
0.574	 2.35	 1	 -42.9432	  172.7770
0.575	 2.13	 1	 -42.7488	  173.6120
0.576	 2.34	 1	 -42.5466	  173.7436
0.577	 2.07	 1	 -41.8644	  174.2669
0.577	 2.36	 1	 -42.1274	  173.6249
0.579	 2.39	 1	 -42.2648	  173.5867
0.580	 2.25	 1	 -41.7471	  174.2406
0.585	 2.77	 1	 -41.6860	  174.2102
0.586	 2.66	 1	 -42.5753	  172.8945
0.586	 2.22	 1	 -42.2117	  173.6434
0.586	 2.19	 1	 -41.7482	  174.1979
0.587	 2.40	 1	 -42.6811	  173.3292
0.588	 2.09	 1	 -42.7736	  172.8830
0.589	 2.79	 1	 -42.4762	  173.0975
0.589	 2.62	 1	 -42.9878	  172.5092
0.589	 2.54	 1	 -42.2999	  173.6647
0.590	 2.21	 1	 -41.7118	  174.2962
0.592	 2.44	 1	 -42.5329	  173.4158
0.594	 2.03	 1	 -43.1257	  173.6666
0.595	 2.20	 1	 -42.3941	  173.3705
0.595	 2.42	 1	 -42.5453	  173.7566
0.595	 2.05	 1	 -45.5509	  172.2935
0.597	 2.02	 1	 -42.0644	  173.7827
0.602	 2.16	 1	 -41.9804	  173.6162
0.602	 2.85	 1	 -42.2774	  173.6703
0.607	 2.41	 1	 -43.7072	  175.8666
0.607	 3.81	 1	 -42.4434	  172.9915
0.607	 2.74	 2	 -42.5061	  172.9415
0.607	 2.34	 1	 -41.0133	  170.2252
0.609	 3.04	 1	 -42.6131	  172.9394
0.611	 2.04	 1	 -41.5979	  173.9038
0.615	 3.41	 1	 -42.3926	  173.7495
0.615	 2.02	 1	 -42.4126	  174.1301
0.615	 2.09	 1	 -42.0893	  174.6508
0.616	 2.72	 1	 -42.4793	  173.2401
0.618	 2.29	 1	 -42.2201	  173.5837
0.618	 2.25	 1	 -42.2794	  173.5155
0.620	 2.24	 1	 -42.6106	  172.9921
0.620	 2.29	 1	 -42.0839	  173.8021
0.621	 2.01	 1	 -42.3228	  173.7276
0.621	 2.41	 1	 -41.9195	  173.9369
0.622	 2.42	 1	 -41.8218	  174.1960
0.624	 2.12	 2	 -41.9260	  173.7962
0.626	 2.16	 1	 -42.1916	  173.7912
0.628	 3.04	 1	 -43.7829	  171.1039
0.629	 2.16	 1	 -43.0798	  173.8345
0.631	 2.63	 1	 -42.5321	  172.9330
0.632	 2.26	 1	 -41.8617	  173.3440
0.634	 2.21	 1	 -42.1430	  173.6049
0.635	 2.11	 1	 -42.7612	  173.3689
0.635	 2.28	 1	 -42.6168	  172.7934
0.636	 2.50	 1	 -42.6788	  172.8685
0.637	 2.21	 1	 -42.4708	  173.1620
0.638	 2.17	 1	 -42.4532	  173.8893
0.641	 2.23	 1	 -42.2742	  173.7406
0.642	 3.21	 1	 -41.9967	  173.7445
0.642	 2.11	 1	 -42.6819	  173.3749
0.646	 2.35	 1	 -41.7571	  174.3408
0.647	 2.37	 1	 -41.7818	  174.2798
0.648	 3.16	 1	 -42.6196	  172.8994
0.648	 2.44	 1	 -42.4314	  173.3222
0.651	 2.26	 1	 -42.0653	  173.4974
0.651	 2.84	 1	 -42.4718	  173.7032
0.651	 2.45	 1	 -43.3374	  173.0069
0.652	 2.09	 1	 -41.8004	  174.4163
0.652	 3.31	 1	 -42.1408	  173.7022
0.652	 3.24	 1	 -43.3284	  172.7067
0.652	 2.02	 1	 -42.1771	  172.6789
0.652	 2.43	 1	 -43.2480	  173.7119
0.655	 2.03	 1	 -41.9236	  173.6684
0.658	 2.80	 1	 -43.9677	  175.3212
0.658	 2.43	 1	 -42.4191	  173.2361
0.659	 2.30	 1	 -41.7911	  174.3674
0.661	 3.41	 1	 -42.6930	  171.3152
0.661	 2.61	 1	 -47.1891	  173.0352
0.661	 2.73	 1	 -42.6557	  172.8721
0.661	 2.99	 1	 -41.7707	  174.2721
0.664	 2.43	 1	 -42.3172	  172.6619
0.665	 2.97	 1	 -42.6171	  173.1998
0.665	 2.07	 1	 -43.1028	  171.9568
0.666	 3.08	 1	 -41.3511	  174.0072
0.668	 2.57	 1	 -42.6607	  173.0727
0.671	 2.11	 1	 -42.9555	  174.5478
0.673	 2.66	 1	 -42.7436	  173.1288
0.673	 2.01	 1	 -42.8316	  172.8040
0.674	 2.65	 1	 -42.0545	  173.7279
0.675	 2.02	 1	 -42.6290	  172.8552
0.677	 2.33	 1	 -42.8936	  173.8122
0.680	 2.06	 1	 -42.1771	  173.5346
0.682	 2.20	 1	 -42.8546	  173.1487
0.682	 2.01	 1	 -42.0357	  173.5546
0.683	 2.71	 1	 -42.2011	  173.6560
0.689	 2.15	 1	 -41.7224	  173.6541
0.692	 2.03	 1	 -42.4658	  173.0175
0.692	 3.16	 1	 -42.4307	  173.9158
0.692	 2.66	 1	 -42.9482	  173.2086
0.693	 2.18	 1	 -42.1327	  173.4382
0.694	 2.75	 1	 -42.4399	  173.9442
0.698	 2.09	 1	 -42.5984	  175.3597
0.702	 2.29	 1	 -42.9628	  172.9380
0.703	 2.21	 1	 -41.7045	  174.2405
0.704	 2.25	 2	 -42.6901	  171.3092
0.704	 2.62	 1	 -42.0533	  173.8831
0.707	 2.69	 1	 -41.9282	  173.7700
0.707	 2.11	 1	 -42.2497	  173.6502
0.707	 2.19	 1	 -43.4751	  179.0466
0.711	 2.40	 1	 -42.0300	  173.6954
0.713	 2.11	 1	 -42.0279	  173.5912
0.719	 2.47	 1	 -42.5969	  173.0605
0.719	 2.07	 1	 -42.6515	  172.8516
0.720	 2.08	 1	 -41.6961	  174.2689
0.720	 2.53	 2	 -42.0545	  173.8811
0.721	 2.06	 1	 -43.1049	  173.0691
0.724	 2.22	 1	 -43.0834	  172.1382
0.726	 2.34	 1	 -41.7874	  173.6914
0.726	 2.11	 1	 -42.1342	  173.7984
0.729	 2.03	 1	 -41.8532	  173.5883
0.729	 2.59	 1	 -42.5084	  172.9351
0.730	 2.70	 1	 -42.4788	  173.0718
0.730	 3.12	 1	 -42.3363	  173.7260
0.731	 2.16	 1	 -42.0194	  173.6913
0.731	 2.06	 1	 -42.6829	  172.3922
0.731	 2.18	 1	 -42.7636	  174.5526
0.733	 2.43	 1	 -42.6132	  173.1741
0.734	 2.05	 2	 -42.1363	  173.5984
0.738	 2.53	 1	 -42.5778	  172.7220
0.741	 2.42	 1	 -42.5118	  173.2174
0.742	 2.15	 1	 -42.7349	  172.6018
0.742	 2.26	 1	 -42.0134	  173.7813
0.742	 2.08	 1	 -42.7636	  173.0685
0.742	 2.01	 1	 -42.2318	  173.7003
0.743	 2.35	 1	 -42.1800	  173.7308
0.743	 2.01	 1	 -42.3811	  173.7283
0.744	 2.60	 1	 -42.6078	  172.8675
0.745	 2.32	 1	 -42.5580	  173.8641
0.746	 2.24	 2	 -42.0698	  173.6181
0.747	 2.74	 1	 -42.1298	  173.5880
0.753	 2.49	 1	 -43.6700	  172.0801
0.757	 2.77	 1	 -42.3808	  173.6412
0.757	 3.13	 1	 -41.5709	  173.7419
0.760	 2.07	 1	 -42.1751	  173.6850
0.763	 2.32	 1	 -42.1607	  172.7544
0.766	 2.39	 1	 -41.7730	  174.0698
0.768	 2.04	 1	 -42.2156	  173.6624
0.771	 2.25	 2	 -42.0720	  173.2018
0.778	 2.24	 2	 -42.2380	  173.8074
0.779	 2.12	 1	 -41.0430	  175.5967
0.779	 2.81	 1	 -42.2855	  173.5887
0.781	 2.35	 1	 -42.4845	  173.1506
0.781	 2.01	 1	 -41.7033	  174.2195
0.786	 2.52	 1	 -42.7185	  173.8027
0.787	 2.13	 1	 -42.1563	  173.7453
0.787	 2.65	 1	 -41.9112	  173.9516
0.788	 2.05	 1	 -42.3638	  174.1202
0.789	 2.11	 2	 -42.1629	  172.7532
0.792	 4.57	 2	 -42.2856	  173.4288
0.792	 2.08	 1	 -42.7850	  173.1003
0.797	 2.06	 1	 -42.6592	  172.9716
0.797	 2.09	 1	 -42.1170	  173.6945
0.800	 3.04	 1	 -42.6782	  173.2833
0.807	 2.65	 3	 -42.3376	  173.4514
0.808	 2.37	 1	 -41.7928	  174.4226
0.808	 2.24	 1	 -42.7275	  172.4767
0.812	 2.61	 2	 -42.1445	  173.6437
0.812	 2.24	 2	 -41.8487	  174.4891
0.814	 2.05	 1	 -42.2810	  173.4913
0.816	 2.17	 1	 -42.7936	  179.6197
0.819	 2.14	 1	 -42.9358	  173.2425
0.823	 5.57	 1	 -41.8366	  174.1842
0.823	 2.51	 1	 -43.1500	  173.3978
0.823	 2.45	 1	 -42.4371	  174.1842
0.825	 2.23	 1	 -41.7688	  174.1666
0.827	 2.01	 1	 -42.2449	  173.7342
0.827	 2.21	 1	 -41.7180	  174.2133
0.828	 2.17	 1	 -42.1373	  173.8999
0.828	 2.14	 1	 -42.4150	  172.1914
0.828	 2.81	 1	 -42.3002	  173.6656
0.831	 2.76	 1	 -42.8834	  173.3484
0.831	 2.21	 1	 -41.4353	  173.3955
0.833	 2.04	 1	 -41.9631	  174.1435
0.837	 2.21	 1	 -42.4743	  173.2420
0.839	 2.12	 1	 -43.0508	  172.9850
0.840	 2.35	 1	 -42.8635	  172.9227
0.840	 2.43	 1	 -41.9637	  173.7259
0.846	 2.35	 1	 -42.2293	  173.7533
0.847	 2.15	 1	 -42.3963	  174.4014
0.849	 2.36	 1	 -42.2526	  173.5657
0.850	 2.45	 1	 -41.7123	  174.2740
0.854	 2.12	 3	 -42.2840	  173.4385
0.855	 3.00	 1	 -42.7145	  173.7339
0.860	 2.39	 1	 -42.1576	  173.4527
0.861	 2.63	 1	 -42.4814	  173.1129
0.861	 2.18	 1	 -40.9003	  178.6330
0.861	 2.04	 1	 -42.6678	  172.8635
0.861	 2.26	 1	 -41.8384	  174.1717
0.864	 2.42	 2	 -41.4206	  175.3918
0.866	 2.55	 1	 -42.4103	  173.8181
0.874	 2.24	 1	 -42.8664	  173.4741
0.879	 2.23	 1	 -41.6942	  174.2758
0.880	 2.11	 1	 -42.5635	  174.0647
0.880	 2.44	 1	 -42.7320	  172.9520
0.881	 2.38	 1	 -41.8703	  174.2215
0.881	 2.38	 1	 -41.7453	  174.3916
0.882	 2.20	 1	 -42.2941	  173.8078
0.883	 2.61	 1	 -42.2315	  173.3441
0.883	 3.24	 1	 -42.2725	  173.8070
0.886	 2.44	 1	 -42.4042	  173.7749
0.887	 2.65	 1	 -41.8964	  174.2705
0.890	 2.05	 1	 -42.2777	  173.7495
0.891	 2.22	 1	 -43.4939	  173.1835
0.893	 2.22	 2	 -41.4130	  174.3973
0.895	 2.23	 1	 -43.2563	  172.0270
0.895	 2.08	 1	 -42.3456	  173.1650
0.898	 2.25	 1	 -42.0422	  173.7998
0.898	 2.03	 2	 -41.7288	  174.1478
0.899	 2.42	 1	 -42.5571	  173.0633
0.901	 2.61	 1	 -42.7278	  171.8694
0.907	 2.25	 1	 -42.1563	  172.3865
0.908	 2.32	 1	 -42.5492	  173.0290
0.912	 3.28	 1	 -42.1773	  173.9276
0.915	 2.53	 1	 -42.9193	  172.9558
0.915	 3.44	 1	 -42.6663	  173.3313
0.919	 2.37	 1	 -41.8389	  174.2530
0.922	 2.42	 1	 -42.5835	  174.1314
0.922	 2.11	 1	 -41.9663	  173.9707
0.924	 2.03	 1	 -42.3372	  173.6751
0.924	 2.17	 1	 -44.7039	  174.1313
0.928	 2.10	 1	 -42.4661	  173.5801
0.929	 2.05	 1	 -41.8973	  173.7408
0.931	 2.65	 1	 -42.6807	  172.7446
0.932	 2.87	 1	 -41.9525	  173.9942
0.934	 2.17	 1	 -42.5871	  173.3475
0.935	 2.07	 2	 -41.8228	  173.9003
0.939	 2.35	 2	 -42.2867	  173.9211
0.940	 3.59	 1	 -41.7881	  174.2346
0.942	 2.94	 1	 -42.6168	  172.8324
0.942	 2.36	 2	 -42.0277	  171.7855
0.942	 2.49	 1	 -41.6819	  174.3258
0.943	 3.29	 2	 -42.1290	  173.5749
0.952	 2.07	 1	 -42.6357	  173.3942
0.952	 2.70	 1	 -42.5578	  173.1109
0.954	 2.10	 2	 -41.8534	  174.1349
0.955	 2.45	 1	 -46.1181	  169.0590
0.956	 2.44	 1	 -42.2278	  173.7263
0.960	 2.06	 1	 -42.3885	  168.7310
0.961	 2.86	 1	 -46.7682	  175.6067
0.964	 3.13	 1	 -42.8222	  172.8955
0.966	 2.37	 1	 -40.5136	  174.3827
0.967	 2.51	 1	 -42.6081	  172.7900
0.973	 2.61	 1	 -42.3957	  173.3819
0.977	 2.80	 1	 -42.8294	  172.7419
0.978	 2.20	 1	 -42.6176	  172.8402
0.980	 2.64	 1	 -42.6120	  173.1514
0.982	 2.41	 1	 -42.5712	  173.0967
0.984	 2.48	 1	 -42.1376	  173.5896
0.988	 2.28	 1	 -42.4796	  173.0094
0.989	 2.03	 1	 -42.7141	  172.8619
0.991	 2.09	 1	 -43.3996	  173.6818
0.993	 2.18	 1	 -41.9843	  173.9588
0.995	 2.03	 1	 -43.2726	  172.8115
1.003	 2.33	 1	 -42.1550	  172.3618
1.009	 2.33	 1	 -41.9351	  173.6673
1.010	 2.10	 2	 -42.3697	  173.6978
1.013	 2.14	 1	 -42.8968	  172.9985
1.014	 2.89	 1	 -41.8189	  174.1839
1.015	 2.05	 1	 -42.1516	  173.8240
1.016	 3.06	 1	 -41.9708	  173.9262
1.022	 2.49	 1	 -42.2513	  174.7012
1.024	 2.39	 1	 -42.6594	  172.9041
1.029	 2.74	 1	 -41.7837	  174.1973
1.035	 2.45	 1	 -42.3631	  173.7358
1.042	 2.24	 1	 -41.6135	  172.1037
1.043	 2.70	 1	 -42.3059	  173.5301
1.043	 2.76	 1	 -42.1889	  173.6745
1.045	 2.83	 1	 -42.4043	  173.7482
1.045	 2.27	 1	 -43.4254	  170.2057
1.049	 2.86	 1	 -42.2910	  173.5660
1.052	 2.43	 1	 -42.3775	  172.8264
1.054	 2.13	 1	 -41.6585	  174.3427
1.055	 3.28	 1	 -43.2108	  173.2200
1.057	 2.06	 1	 -42.2425	  173.8806
1.073	 2.60	 2	 -41.8261	  174.1828
1.073	 2.07	 1	 -42.2193	  173.6451
1.080	 2.29	 1	 -42.5643	  173.5656
1.088	 3.16	 1	 -42.5090	  174.3691
1.089	 2.06	 1	 -45.0389	  167.8033
1.089	 2.32	 1	 -42.3103	  173.5873
1.093	 2.16	 2	 -41.8312	  174.1218
1.093	 2.29	 1	 -42.5600	  173.1571
1.095	 2.15	 1	 -40.7935	  169.9804
1.097	 2.01	 1	 -42.1925	  173.0649
1.102	 2.03	 1	 -42.2512	  173.7896
1.108	 3.02	 1	 -42.9182	  173.1544
1.112	 2.17	 1	 -41.9561	  173.7308
1.116	 2.12	 1	 -42.1093	  173.6431
1.121	 2.06	 1	 -42.5151	  172.8761
1.121	 2.19	 1	 -42.2185	  173.7425
1.122	 2.05	 1	 -42.1834	  172.9335
1.124	 2.01	 1	 -42.1712	  173.6827
1.125	 2.25	 1	 -42.1476	  173.5748
1.127	 2.75	 1	 -42.3875	  173.8366
1.133	 2.01	 1	 -42.3182	  173.6724
1.142	 2.70	 1	 -41.6901	  174.2523
1.147	 2.13	 1	 -45.3871	  169.9069
1.151	 2.31	 1	 -40.9130	  174.7283
1.154	 2.56	 1	 -42.3211	  173.7782
1.155	 2.39	 2	 -42.0879	  173.5271
1.158	 2.43	 1	 -42.1341	  173.4454
1.161	 2.73	 1	 -42.5531	  173.0804
1.166	 2.52	 1	 -41.8243	  174.2347
1.172	 3.63	 1	 -42.0003	  173.5447
1.173	 2.04	 1	 -41.5639	  176.4583
1.174	 2.23	 1	 -41.7168	  174.1562
1.180	 2.16	 1	 -42.5704	  172.6848
1.186	 4.79	 1	 -42.6609	  179.1398
1.187	 2.12	 1	 -42.6930	  172.9645
1.188	 2.49	 2	 -42.7937	  181.8696
1.190	 2.23	 2	 -42.6898	  172.7417
1.192	 3.32	 1	 -42.4368	  169.0365
1.192	 2.54	 1	 -41.7258	  174.3153
1.193	 2.88	 1	 -42.0173	  174.5211
1.194	 2.01	 1	 -41.7698	  174.3186
1.196	 2.10	 1	 -41.6711	  174.2606
1.197	 2.36	 1	 -42.2535	  173.5591
1.198	 2.07	 1	 -41.9097	  173.0271
1.199	 2.00	 1	 -42.5915	  173.0118
1.199	 2.26	 1	 -42.5968	  173.0754
1.202	 2.50	 1	 -42.0911	  173.4077
1.202	 2.88	 2	 -42.0934	  173.9994
1.202	 2.00	 2	 -42.6822	  179.1240
1.203	 2.34	 1	 -43.2390	  174.5615
1.208	 2.05	 1	 -41.7396	  174.1972
1.212	 2.82	 1	 -43.1059	  172.7620
1.217	 2.53	 1	 -41.7917	  174.5003
1.217	 2.12	 1	 -42.8323	  173.9731
1.226	 2.49	 1	 -42.6441	  173.0002
1.227	 2.38	 1	 -42.1146	  172.7075
1.228	 2.04	 2	 -43.1061	  172.7548
1.230	 2.34	 1	 -43.7487	  172.4052
1.231	 2.51	 1	 -43.5109	  174.2077
1.232	 3.86	 1	 -41.6914	  174.3674
1.237	 2.21	 1	 -41.8102	  174.2607
1.237	 3.34	 1	 -42.9265	  172.3803
1.238	 2.57	 1	 -44.0789	  174.6625
1.239	 2.08	 2	 -42.6714	  179.1674
1.241	 2.07	 1	 -42.2540	  173.7785
1.242	 3.03	 1	 -41.7339	  174.3017
1.246	 2.92	 1	 -41.9481	  173.6583
1.255	 3.16	 1	 -42.5685	  172.8523
1.256	 2.19	 1	 -42.4993	  173.1638
1.258	 2.34	 1	 -42.6009	  172.7965
1.262	 3.57	 1	 -45.0098	  170.8864
1.267	 2.19	 1	 -44.4802	  172.0250
1.270	 2.12	 1	 -41.5742	  174.6714
1.271	 2.02	 1	 -40.6682	  172.8773
1.272	 2.06	 1	 -42.8170	  173.3590
1.274	 2.16	 1	 -42.4374	  173.7861
1.276	 2.39	 1	 -42.5255	  173.0097
1.276	 2.84	 1	 -42.2411	  173.7471
1.279	 2.01	 1	 -42.4094	  173.3284
1.280	 2.05	 1	 -41.8904	  173.8840
1.283	 2.04	 1	 -42.7025	  173.2741
1.294	 2.35	 1	 -41.7337	  174.2124
1.299	 2.01	 1	 -40.6797	  171.9415
1.302	 2.26	 1	 -43.0615	  173.1673
1.302	 2.06	 1	 -42.6642	  173.0272
1.303	 2.11	 1	 -42.2491	  173.7958
1.303	 2.81	 1	 -42.3487	  173.7002
1.306	 2.15	 1	 -42.9024	  174.0201
1.308	 2.08	 1	 -41.6594	  174.3292
1.308	 2.76	 1	 -42.6853	  173.1186
1.319	 2.59	 1	 -42.6135	  173.4693
1.320	 2.37	 2	 -42.1969	  173.7259
1.326	 2.66	 1	 -43.0205	  172.0756
1.327	 3.76	 1	 -41.8018	  174.0472
1.331	 2.05	 1	 -42.0763	  173.6738
1.331	 2.29	 1	 -41.5759	  174.4298
1.336	 2.15	 1	 -42.5484	  173.1361
1.340	 3.03	 1	 -43.8341	  173.8160
1.343	 2.06	 2	 -42.5414	  172.4022
1.347	 2.21	 1	 -41.7346	  174.2107
1.353	 2.28	 1	 -42.7444	  172.7887
1.354	 2.71	 1	 -42.4164	  172.7406
1.355	 2.02	 1	 -42.3773	  174.9121
1.358	 2.14	 1	 -42.5808	  172.9337
1.360	 2.24	 1	 -43.0077	  173.5812
1.363	 2.62	 1	 -41.9736	  173.6964
1.365	 2.16	 1	 -41.6853	  174.8015
1.367	 2.96	 1	 -42.3770	  173.7139
1.367	 2.42	 1	 -41.5469	  174.0529
1.368	 2.33	 1	 -43.6015	  174.1527
1.369	 2.15	 1	 -42.5682	  173.0716
1.370	 2.14	 1	 -42.7194	  173.3049
1.371	 2.59	 1	 -45.4063	  168.1441
1.379	 2.48	 1	 -42.2494	  173.7178
1.385	 2.19	 1	 -42.0662	  173.7511
1.388	 2.20	 1	 -42.4861	  173.7623
1.392	 2.25	 2	 -41.8816	  174.1960
1.394	 2.18	 1	 -42.2814	  173.0713
1.398	 2.41	 1	 -44.4982	  174.6648
1.399	 2.44	 1	 -42.4256	  173.7657
1.400	 2.26	 1	 -42.4173	  173.6439
1.401	 2.05	 1	 -46.1923	  176.6710
1.405	 2.07	 1	 -41.6405	  174.3704
1.406	 2.35	 1	 -42.9612	  174.5298
1.410	 2.82	 1	 -42.0141	  174.4927
1.416	 2.26	 1	 -42.3511	  173.7506
1.417	 2.11	 1	 -42.5986	  172.8384
1.418	 2.44	 1	 -43.0782	  173.3726
1.420	 2.40	 1	 -41.9718	  173.7129
1.424	 2.21	 1	 -42.0471	  173.3867
1.426	 2.04	 1	 -41.4076	  173.0589
1.426	 3.36	 1	 -42.1802	  173.7345
1.432	 2.10	 1	 -42.7078	  172.7645
1.438	 2.26	 1	 -43.5998	  173.8839
1.443	 2.11	 1	 -42.4296	  173.7661
1.453	 2.50	 1	 -41.8289	  173.7632
1.454	 2.24	 1	 -39.9250	  179.9100
1.456	 2.26	 1	 -42.3216	  172.8951
1.458	 2.82	 1	 -42.7581	  173.2772
1.461	 2.03	 1	 -42.1871	  173.6011
1.467	 2.79	 1	 -41.6507	  174.2800
1.470	 2.23	 1	 -42.5291	  172.8307
1.477	 2.19	 1	 -42.4053	  173.6649
1.484	 2.20	 1	 -41.8207	  173.6004
1.493	 2.01	 1	 -42.5099	  172.8609
1.493	 2.44	 1	 -44.2728	  172.2874
1.497	 2.98	 1	 -41.6576	  174.3297
1.500	 2.32	 1	 -41.6973	  174.4951
1.500	 2.82	 1	 -42.1071	  173.8060
1.501	 2.33	 1	 -42.1554	  173.7281
1.503	 2.63	 1	 -42.2788	  174.0409
1.507	 2.05	 1	 -41.8113	  174.0589
1.508	 2.48	 1	 -42.1509	  173.7472
1.513	 2.72	 1	 -44.3415	  174.0602
1.514	 2.10	 1	 -41.9694	  173.7014
1.515	 3.21	 1	 -42.6671	  173.0952
1.533	 2.35	 1	 -42.5427	  173.1887
1.548	 2.64	 1	 -42.5400	  173.0806
1.551	 2.22	 1	 -42.3903	  173.9607
1.552	 2.39	 1	 -42.2248	  173.6086
1.553	 2.03	 1	 -42.2919	  173.6321
1.554	 2.75	 1	 -42.6032	  174.3344
1.555	 2.19	 1	 -42.4619	  172.7327
1.561	 2.18	 1	 -42.0415	  173.8929
1.566	 2.01	 1	 -42.6821	  173.7537
1.575	 2.04	 1	 -42.1517	  173.4839
1.578	 2.47	 1	 -43.1032	  172.6902
1.578	 2.09	 1	 -42.2536	  173.6409
1.586	 2.35	 1	 -41.0158	  174.4212
1.594	 2.16	 1	 -42.2465	  173.6076
1.597	 2.09	 1	 -41.8782	  174.1803
1.608	 2.67	 1	 -42.1858	  173.6113
1.621	 2.92	 1	 -42.3008	  173.2430
1.624	 2.07	 1	 -42.0712	  173.5370
1.629	 2.13	 1	 -42.4711	  173.0299
1.639	 2.09	 1	 -39.3396	  168.9457
1.642	 2.60	 1	 -41.6196	  174.3353
1.646	 2.21	 1	 -42.6257	  172.8935
1.652	 2.27	 1	 -41.9799	  173.6656
1.653	 2.26	 1	 -41.7290	  174.3186
1.665	 2.04	 1	 -44.2522	  174.2724
1.671	 2.22	 1	 -42.8593	  173.2856
1.672	 2.81	 1	 -42.1844	  173.7927
1.674	 2.02	 1	 -42.7908	  172.8817
1.691	 2.84	 1	 -42.4906	  173.7908
1.691	 2.10	 1	 -42.8369	  173.2862
1.703	 2.56	 1	 -43.1280	  173.3343
1.706	 2.05	 1	 -41.9743	  173.9233
1.708	 2.21	 1	 -41.8163	  174.1861
1.715	 2.28	 1	 -42.4509	  173.5551
1.717	 2.67	 1	 -42.2763	  173.9995
1.725	 2.03	 1	 -42.4484	  172.2360
1.727	 2.32	 1	 -43.2085	  173.1839
1.729	 4.62	 1	 -46.7964	  170.5218
1.731	 2.17	 1	 -42.1792	  173.6048
1.738	 2.28	 2	 -42.4724	  179.1870
1.744	 2.44	 1	 -42.5851	  173.8665
1.749	 2.03	 1	 -42.9479	  172.9821
1.752	 2.08	 2	 -42.6759	  179.1270
1.762	 2.60	 1	 -42.0549	  173.7569
1.764	 2.60	 1	 -42.5921	  172.4345
1.771	 2.07	 1	 -42.3930	  173.8268
1.775	 2.66	 1	 -43.5540	  173.7071
1.786	 2.24	 1	 -41.6754	  174.3167
1.790	 2.51	 1	 -42.6699	  172.8849
1.790	 2.03	 1	 -41.7284	  174.3060
1.791	 2.21	 1	 -41.7171	  174.3016
1.804	 2.15	 1	 -42.7803	  173.0900
1.809	 2.95	 1	 -42.6141	  172.9569
1.812	 2.37	 1	 -42.4048	  173.8771
1.815	 2.92	 1	 -42.1924	  173.6109
1.815	 3.06	 1	 -42.0031	  173.7687
1.817	 2.85	 1	 -42.2717	  173.3942
1.819	 2.36	 1	 -43.0358	  172.8727
1.829	 2.00	 1	 -41.6744	  174.2498
1.830	 2.66	 1	 -42.3286	  173.6923
1.832	 2.42	 1	 -42.6936	  172.8905
1.833	 2.49	 2	 -41.7275	  174.4035
1.834	 2.76	 1	 -43.0174	  172.8227
1.835	 2.23	 1	 -42.7733	  173.1686
1.847	 2.15	 1	 -42.1452	  173.9050
1.851	 2.35	 1	 -41.9416	  173.3137
1.856	 2.12	 1	 -41.7924	  174.2586
1.857	 2.04	 1	 -42.9945	  175.4951
1.861	 2.85	 1	 -42.3703	  173.6301
1.865	 3.24	 1	 -42.4624	  172.7055
1.867	 2.06	 1	 -41.7776	  174.2005
1.868	 2.75	 1	 -42.0302	  173.6656
1.870	 2.75	 1	 -42.3260	  173.5507
1.873	 2.05	 1	 -42.6381	  173.2915
1.877	 2.34	 1	 -42.5288	  172.8282
1.878	 2.66	 1	 -42.7103	  173.8365
1.886	 2.31	 1	 -42.5116	  173.4214
1.895	 2.11	 1	 -42.4300	  173.7463
1.900	 2.25	 1	 -42.2509	  173.6705
1.900	 3.10	 1	 -42.8274	  171.8007
1.905	 2.37	 1	 -43.8480	  172.8810
1.906	 2.20	 1	 -42.2299	  173.6559
1.912	 2.20	 1	 -41.7276	  174.2674
1.914	 2.05	 1	 -42.8454	  173.3164
1.923	 2.01	 1	 -42.9142	  173.2583
1.923	 2.09	 1	 -42.2383	  173.7075
1.926	 2.71	 1	 -43.6258	  171.3059
1.929	 2.64	 1	 -43.3705	  173.6480
1.931	 2.28	 1	 -43.3280	  179.4789
1.931	 2.17	 1	 -41.9902	  173.7205
1.933	 2.93	 1	 -41.9726	  173.7574
1.937	 2.57	 1	 -41.3957	  170.2937
1.937	 2.95	 1	 -41.7966	  174.2379
1.945	 2.01	 1	 -42.6231	  172.9696
1.965	 2.47	 1	 -42.3671	  172.8943
1.968	 2.22	 1	 -42.7355	  172.8125
1.979	 2.40	 1	 -42.4317	  173.6179
1.995	 2.08	 1	 -41.6942	  174.1681
1.995	 2.06	 1	 -42.4009	  173.2508
1.997	 2.32	 1	 -42.4554	  173.7779
2.008	 3.26	 1	 -41.8806	  173.3824
2.009	 2.26	 1	 -42.4881	  172.3679
2.022	 2.18	 1	 -42.7302	  172.7917
2.026	 2.10	 1	 -41.7493	  173.9006
2.038	 2.57	 1	 -42.1731	  173.1703
2.039	 2.28	 1	 -42.3457	  173.4456
2.047	 2.07	 1	 -41.9482	  173.7288
2.048	 2.09	 1	 -42.4805	  174.0249
2.048	 3.25	 1	 -42.1477	  173.5534
2.051	 3.30	 1	 -42.5197	  173.2248
2.055	 4.01	 1	 -42.3940	  173.2907
2.057	 2.51	 1	 -43.1809	  172.7179
2.062	 2.86	 1	 -42.3800	  173.6166
2.065	 2.37	 1	 -42.7805	  172.9230
2.066	 2.08	 1	 -41.6735	  174.2161
2.076	 2.69	 1	 -41.7566	  174.1924
2.086	 2.29	 1	 -42.2653	  173.3987
2.094	 2.35	 1	 -42.3264	  172.7130
2.095	 2.09	 1	 -41.6340	  174.2991
2.096	 2.13	 1	 -42.6418	  172.9642
2.108	 2.33	 1	 -42.3766	  173.2924
2.114	 2.25	 1	 -42.6220	  173.0551
2.114	 2.21	 1	 -42.3553	  173.4157
2.132	 2.56	 1	 -42.2526	  173.4277
2.138	 2.16	 1	 -40.4677	  175.8730
2.151	 2.23	 1	 -41.6040	  174.3717
2.156	 2.61	 1	 -42.5785	  172.9567
2.158	 2.37	 1	 -42.6866	  173.1875
2.160	 2.11	 1	 -42.5918	  173.1085
2.160	 2.92	 1	 -42.7259	  173.1012
2.164	 2.12	 1	 -42.3254	  173.6739
2.165	 2.70	 1	 -44.6446	  175.8464
2.173	 2.44	 1	 -43.0204	  175.9480
2.181	 2.02	 1	 -40.9995	  172.9114
2.184	 2.09	 1	 -42.0565	  173.7343
2.187	 2.15	 2	 -42.0525	  173.7705
2.188	 2.44	 2	 -42.1114	  173.5942
2.194	 2.94	 1	 -41.3925	  173.9154
2.199	 2.25	 1	 -41.9903	  173.9516
2.200	 2.07	 1	 -43.0919	  172.7372
2.201	 3.00	 1	 -42.2696	  173.7702
2.207	 2.40	 1	 -42.4428	  172.4881
2.213	 2.09	 1	 -42.8776	  173.1939
2.213	 2.72	 1	 -42.2128	  174.0206
2.215	 2.51	 1	 -41.6683	  174.2786
2.216	 2.51	 2	 -42.4734	  173.8203
2.219	 2.27	 1	 -42.0924	  173.4183
2.228	 2.36	 1	 -42.2411	  173.5915
2.232	 2.74	 1	 -42.2285	  173.6861
2.238	 2.06	 1	 -42.2596	  173.3005
2.240	 2.04	 1	 -42.1591	  173.5667
2.252	 2.05	 1	 -42.2735	  173.5773
2.254	 2.96	 1	 -41.8567	  174.1522
2.262	 2.29	 1	 -42.1832	  173.6495
2.264	 3.17	 1	 -42.5936	  172.7513
2.266	 2.51	 1	 -41.7499	  174.3568
2.271	 2.47	 1	 -42.5658	  172.6993
2.273	 2.90	 1	 -42.1841	  173.5084
2.274	 2.04	 1	 -42.2479	  173.6697
2.277	 2.28	 1	 -42.5550	  173.8373
2.278	 2.28	 1	 -41.7066	  174.3221
2.283	 2.15	 1	 -37.2565	  175.0961
2.285	 2.04	 1	 -41.8335	  174.2431
2.287	 2.28	 1	 -41.7949	  174.2453
2.288	 2.34	 1	 -42.5013	  172.1409
2.290	 2.48	 1	 -41.9674	  173.8077
2.294	 2.13	 1	 -42.8085	  172.9763
2.297	 3.21	 1	 -41.5834	  173.6195
2.298	 2.43	 1	 -42.4507	  172.5969
2.306	 2.31	 1	 -42.7413	  173.4772
2.318	 2.37	 1	 -42.4796	  173.9513
2.320	 2.55	 1	 -41.9588	  174.5296
2.324	 3.89	 1	 -42.3044	  173.4947
2.325	 2.15	 1	 -41.9676	  172.7885
2.342	 2.05	 1	 -42.0782	  173.5990
2.353	 2.03	 1	 -41.7460	  174.2769
2.357	 2.15	 1	 -43.1913	  172.3720
2.357	 2.82	 1	 -41.9751	  173.6769
2.361	 2.14	 1	 -43.0048	  173.3184
2.361	 2.57	 1	 -38.4603	  170.9555
2.365	 2.09	 1	 -42.5275	  173.3876
2.373	 2.08	 1	 -41.5564	  174.7168
2.383	 2.04	 1	 -42.2972	  173.5190
2.384	 2.37	 1	 -42.2135	  173.6460
2.387	 2.32	 1	 -41.9090	  173.9193
2.396	 2.25	 1	 -42.0463	  172.8281
2.433	 2.54	 1	 -42.6318	  173.6187
2.434	 2.22	 1	 -42.2305	  173.7546
2.439	 2.03	 1	 -42.4415	  172.8263
2.439	 2.22	 1	 -42.2300	  173.5685
2.444	 2.56	 1	 -41.8987	  173.6351
2.447	 2.24	 1	 -43.2129	  172.9634
2.462	 2.73	 1	 -42.4297	  173.3329
2.466	 2.78	 1	 -42.1018	  173.5759
2.467	 2.07	 1	 -42.1839	  173.5734
2.481	 2.15	 1	 -41.6879	  174.3013
2.485	 2.01	 1	 -41.0822	  178.7342
2.490	 2.04	 1	 -42.5512	  173.2674
2.497	 2.34	 1	 -41.7322	  174.2625
2.500	 2.13	 1	 -42.3781	  174.2217
2.509	 3.21	 1	 -42.2395	  173.7677
2.514	 3.19	 1	 -42.0108	  173.7305
2.518	 2.12	 1	 -42.5588	  173.8288
2.533	 2.14	 1	 -41.6669	  174.3437
2.534	 2.05	 1	 -42.0491	  173.7517
2.538	 2.25	 1	 -42.3225	  174.0812
2.539	 2.08	 1	 -42.3784	  173.8786
2.551	 2.24	 1	 -42.2992	  172.9625
2.553	 2.20	 1	 -42.5366	  172.6154
2.562	 3.13	 1	 -41.7138	  173.4548
2.570	 3.06	 1	 -42.7232	  173.5687
2.572	 2.22	 1	 -41.5402	  174.6214
2.581	 3.33	 2	 -41.7886	  174.1037
2.588	 2.37	 1	 -42.4257	  173.6838
2.591	 2.21	 1	 -42.3530	  172.8367
2.598	 2.29	 1	 -43.7208	  174.6322
2.600	 2.71	 1	 -41.7840	  174.2889
2.614	 2.02	 1	 -42.4053	  173.0667
2.629	 2.39	 1	 -41.8008	  173.6257
2.635	 2.04	 1	 -42.7868	  173.0226
2.635	 3.28	 1	 -42.4477	  173.5827
2.648	 2.13	 1	 -42.2535	  173.7382
2.649	 2.13	 1	 -43.0826	  171.5349
2.667	 2.16	 1	 -42.4928	  173.8827
2.684	 2.35	 1	 -42.6964	  172.4633
2.686	 3.01	 1	 -43.1883	  173.5845
2.692	 2.52	 1	 -43.2769	  173.2997
2.694	 2.03	 1	 -42.1538	  173.6027
2.695	 2.17	 1	 -42.4240	  173.6655
2.702	 2.01	 1	 -42.9071	  172.8545
2.705	 2.24	 1	 -41.9325	  173.9695
2.707	 2.22	 1	 -42.5938	  174.2666
2.710	 2.47	 1	 -41.6942	  174.2600
2.711	 3.33	 1	 -42.0559	  173.7949
2.714	 2.18	 1	 -42.3063	  173.6675
2.719	 2.14	 2	 -43.8371	  172.9589
2.727	 2.29	 1	 -42.6082	  172.8644
2.728	 2.18	 1	 -42.6358	  173.1823
2.730	 2.89	 1	 -42.4465	  173.7158
2.745	 2.15	 1	 -42.8858	  173.6130
2.746	 3.09	 1	 -43.6706	  172.1422
2.746	 3.15	 1	 -41.7961	  174.5309
2.747	 2.39	 1	 -42.1347	  173.6281
2.765	 2.27	 1	 -42.5645	  172.8562
2.770	 2.00	 1	 -42.8489	  172.4432
2.770	 2.15	 1	 -42.6324	  173.1357
2.777	 4.72	 2	 -41.8974	  174.1549
2.783	 2.18	 1	 -42.5922	  172.9957
2.789	 2.22	 1	 -42.4710	  173.4452
2.803	 3.01	 1	 -42.3790	  173.6412
2.804	 2.39	 1	 -42.4099	  173.7763
2.804	 2.42	 1	 -43.2346	  166.9490
2.808	 2.16	 1	 -42.0728	  173.8077
2.822	 2.85	 1	 -44.1016	  167.2125
2.841	 2.01	 1	 -42.7545	  173.9093
2.857	 2.10	 1	 -42.3208	  173.1163
2.867	 2.84	 1	 -41.7274	  174.1736
2.869	 3.49	 1	 -41.7253	  174.2551
2.871	 2.38	 1	 -42.5955	  172.7183
2.873	 2.32	 2	 -41.7741	  174.0800
2.879	 2.55	 1	 -41.8338	  174.1630
2.905	 2.11	 1	 -41.9652	  174.0382
2.905	 2.75	 1	 -41.6701	  174.3060
2.910	 3.09	 1	 -40.6115	  178.4453
2.921	 3.23	 1	 -44.0786	  171.3308
2.926	 2.87	 1	 -42.3570	  174.4134
2.930	 2.34	 1	 -42.9591	  172.9536
2.943	 2.11	 1	 -42.1450	  173.6060
2.944	 2.63	 1	 -41.8633	  174.2222
2.951	 2.46	 1	 -41.8429	  171.9174
2.964	 2.49	 1	 -42.3362	  173.6882
2.968	 2.29	 1	 -42.0540	  174.7604
2.979	 2.33	 1	 -42.7038	  172.8472
2.987	 2.53	 1	 -41.7372	  174.2125
2.992	 2.12	 1	 -42.2278	  173.5760
3.006	 2.01	 1	 -42.4904	  173.0916
3.010	 2.02	 1	 -42.8698	  172.8383
3.013	 2.18	 1	 -42.1961	  173.9681
3.036	 2.09	 1	 -42.2663	  173.6314
3.038	 2.78	 1	 -42.3918	  173.1540
3.052	 2.55	 1	 -41.7652	  174.1702
3.065	 2.93	 1	 -42.7978	  173.1490
3.070	 2.34	 1	 -42.6630	  172.9286
3.077	 2.06	 1	 -41.6341	  174.3462
3.079	 2.27	 1	 -42.5243	  173.9207
3.081	 3.46	 1	 -42.1979	  173.6746
3.082	 3.20	 1	 -42.2526	  173.2154
3.088	 2.57	 1	 -42.6112	  172.9040
3.096	 2.77	 1	 -42.1784	  173.5424
3.097	 2.53	 1	 -41.9391	  173.7398
3.104	 2.58	 1	 -42.2078	  173.7421
3.115	 3.05	 1	 -42.4944	  173.1426
3.126	 3.16	 1	 -41.1696	  177.0291
3.134	 2.45	 1	 -41.6981	  173.8065
3.141	 2.09	 1	 -41.7807	  174.2767
3.155	 2.26	 1	 -42.6590	  172.6594
3.157	 2.46	 1	 -42.6785	  172.9916
3.171	 2.19	 1	 -41.7617	  174.3949
3.181	 2.30	 1	 -40.7775	  174.2016
3.193	 2.80	 1	 -42.9976	  172.7712
3.195	 2.04	 1	 -42.6469	  173.5340
3.202	 2.67	 1	 -42.7438	  173.1461
3.209	 2.03	 1	 -42.0541	  173.8445
3.211	 2.95	 1	 -42.6512	  173.0436
3.212	 2.17	 1	 -42.5569	  173.0198
3.224	 2.93	 1	 -42.1430	  173.5827
3.228	 2.49	 1	 -42.5917	  172.4528
3.251	 2.28	 1	 -42.4228	  173.8479
3.255	 2.35	 1	 -41.7888	  174.1584
3.258	 3.23	 1	 -40.6734	  168.8414
3.260	 2.78	 1	 -42.5469	  173.4397
3.260	 2.48	 1	 -42.9818	  173.1832
3.261	 2.18	 1	 -41.7361	  174.2538
3.261	 2.29	 1	 -42.0619	  176.0236
3.283	 2.01	 2	 -42.0272	  173.5456
3.285	 2.42	 1	 -42.2967	  173.9944
3.289	 2.79	 1	 -42.7144	  173.2781
3.291	 3.41	 1	 -42.0862	  173.6008
3.301	 2.15	 1	 -42.3620	  173.0858
3.305	 2.05	 1	 -42.2495	  173.5871
3.315	 2.52	 1	 -42.3095	  172.8620
3.322	 2.43	 1	 -42.1853	  173.6213
3.332	 2.14	 1	 -42.5991	  173.0000
3.333	 2.70	 1	 -42.7792	  172.8618
3.335	 2.65	 2	 -42.6665	  173.3322
3.343	 2.34	 1	 -42.0503	  173.1007
3.347	 2.17	 1	 -42.6510	  174.1629
3.353	 3.98	 1	 -42.6441	  173.0344
3.357	 2.61	 1	 -41.7106	  174.2454
3.362	 2.16	 1	 -42.4157	  173.5610
3.362	 2.95	 1	 -42.6521	  172.8749
3.370	 2.21	 1	 -43.2051	  172.4018
3.373	 2.08	 2	 -42.6592	  173.0011
3.375	 2.18	 1	 -42.2958	  173.6536
3.384	 2.12	 1	 -41.7000	  174.2473
3.397	 2.48	 1	 -38.8296	  176.1535
3.402	 2.37	 2	 -42.6566	  173.0450
3.407	 2.16	 1	 -42.5808	  173.1151
3.412	 2.34	 1	 -42.3132	  174.0599
3.421	 2.12	 1	 -42.1304	  173.5843
3.432	 2.43	 1	 -42.7238	  172.9068
3.454	 3.48	 1	 -42.6409	  172.9231
3.455	 2.01	 1	 -42.6685	  172.6266
3.463	 3.84	 1	 -42.5005	  173.4500
3.492	 2.08	 1	 -42.6487	  172.8876
3.496	 2.10	 1	 -42.1836	  174.1556
3.499	 2.01	 1	 -42.6026	  173.0736
3.500	 2.05	 1	 -42.4558	  172.9769
3.505	 2.12	 1	 -42.0391	  173.7832
3.508	 2.03	 1	 -42.6816	  172.7179
3.510	 2.35	 1	 -42.2863	  173.6362
3.530	 2.15	 1	 -42.6824	  172.9588
3.531	 2.39	 1	 -42.5380	  172.7706
3.533	 2.11	 1	 -42.9361	  173.3755
3.534	 3.41	 1	 -42.8380	  173.0475
3.545	 2.27	 1	 -39.2177	  170.8084
3.550	 3.75	 1	 -42.4217	  172.7626
3.554	 2.74	 2	 -41.8280	  173.9125
3.557	 2.65	 2	 -41.7370	  174.2260
3.567	 2.31	 1	 -41.9802	  171.7460
3.570	 2.25	 1	 -41.7377	  174.2354
3.571	 2.08	 1	 -42.2299	  173.8283
3.580	 2.15	 1	 -42.9891	  173.8072
3.582	 2.43	 1	 -44.4084	  175.7730
3.591	 3.31	 1	 -42.6426	  172.8239
3.614	 3.38	 1	 -42.5638	  172.9946
3.623	 2.46	 1	 -41.8649	  173.6505
3.626	 2.51	 1	 -42.4511	  173.9942
3.628	 2.55	 1	 -41.6083	  174.1799
3.631	 2.64	 1	 -42.3590	  173.0215
3.633	 2.06	 2	 -42.3318	  173.7182
3.640	 2.36	 1	 -42.1648	  173.8110
3.650	 2.46	 1	 -42.4172	  173.2784
3.653	 4.89	 1	 -42.7502	  173.5885
3.670	 2.92	 2	 -42.7602	  172.6206
3.676	 2.06	 1	 -42.4181	  173.8261
3.676	 2.13	 1	 -41.7507	  173.9296
3.676	 2.60	 1	 -42.6955	  171.7206
3.677	 2.54	 1	 -41.9469	  174.1324
3.693	 2.60	 1	 -43.0987	  173.7037
3.700	 2.22	 2	 -42.7305	  173.5674
3.707	 2.08	 1	 -42.7989	  173.5446
3.712	 2.07	 1	 -42.1445	  173.6888
3.715	 2.43	 1	 -41.5306	  174.3366
3.720	 2.23	 1	 -42.2698	  173.8009
3.730	 2.20	 1	 -42.5915	  173.6491
3.735	 2.22	 1	 -43.9634	  178.4372
3.735	 2.27	 1	 -42.7686	  173.2723
3.737	 2.75	 1	 -42.4625	  173.1373
3.738	 2.70	 2	 -41.8510	  174.4264
3.742	 2.86	 2	 -42.7029	  173.5989
3.743	 2.22	 1	 -41.9671	  179.0598
3.756	 2.10	 1	 -41.8461	  173.9686
3.760	 2.29	 1	 -41.8422	  174.5733
3.773	 2.99	 1	 -41.6705	  174.3134
3.779	 2.67	 1	 -42.6417	  174.8385
3.793	 2.08	 1	 -42.7503	  172.8891
3.801	 2.09	 1	 -41.8365	  174.0113
3.805	 2.62	 1	 -42.6996	  173.0504
3.824	 2.42	 1	 -43.6550	  173.5378
3.833	 2.86	 1	 -42.4524	  173.6742
3.834	 2.13	 2	 -42.1478	  173.5583
3.836	 2.24	 1	 -44.7874	  168.6612
3.839	 2.68	 1	 -42.6943	  172.9967
3.844	 2.10	 1	 -42.6679	  173.0347
3.853	 2.02	 1	 -41.8606	  173.9796
3.876	 3.37	 1	 -41.2822	  173.3155
3.901	 2.58	 1	 -42.4464	  173.8090
3.904	 2.06	 1	 -42.7059	  172.8195
3.942	 2.49	 1	 -42.2453	  173.6678
3.945	 2.18	 1	 -42.0748	  173.8269
3.954	 2.40	 1	 -43.2426	  175.6875
3.959	 3.10	 1	 -42.1474	  173.7356
3.978	 2.60	 1	 -42.5198	  173.2225
3.985	 2.19	 1	 -42.5501	  172.9878
3.993	 2.01	 1	 -42.8286	  172.9796
3.997	 2.80	 1	 -42.5707	  173.9646
4.006	 2.49	 1	 -42.2875	  173.6949
4.007	 2.21	 1	 -42.0901	  173.5974
4.027	 2.31	 1	 -42.0052	  173.6268
4.045	 3.18	 1	 -42.5624	  172.7916
4.055	 2.31	 1	 -42.3677	  173.9130
4.084	 2.52	 1	 -41.8334	  173.0482
4.084	 2.11	 1	 -44.6432	  172.4813
4.092	 2.24	 1	 -42.5281	  172.8942
4.100	 2.07	 2	 -42.5053	  173.4563
4.101	 2.16	 1	 -43.0218	  172.9620
4.106	 2.34	 1	 -42.4530	  173.1367
4.110	 3.27	 1	 -42.0583	  171.8688
4.132	 2.59	 1	 -41.9865	  173.6665
4.139	 2.29	 1	 -42.2707	  173.5181
4.154	 2.53	 1	 -42.8964	  173.2094
4.157	 2.39	 1	 -42.2010	  173.8370
4.159	 2.22	 1	 -42.2771	  173.7245
4.163	 2.30	 1	 -42.9751	  172.3423
4.214	 2.70	 1	 -42.5662	  173.2458
4.247	 2.05	 1	 -44.5041	  176.9909
4.253	 2.67	 1	 -42.0582	  173.6232
4.254	 2.09	 1	 -42.7252	  173.2486
4.254	 2.39	 1	 -42.6951	  172.9996
4.262	 2.31	 1	 -42.2119	  173.7069
4.267	 2.04	 1	 -42.5283	  173.1681
4.274	 3.13	 1	 -42.6899	  172.8616
4.275	 2.04	 1	 -42.5519	  173.1016
4.290	 2.03	 1	 -42.3860	  173.6445
4.291	 2.84	 1	 -45.3168	  177.9174
4.300	 2.50	 1	 -42.7120	  173.0348
4.302	 3.32	 1	 -42.6288	  172.9233
4.304	 2.07	 1	 -42.5550	  173.0612
4.317	 3.21	 1	 -42.5202	  173.1714
4.351	 2.77	 1	 -42.4630	  172.1378
4.353	 2.32	 1	 -43.1720	  172.6157
4.372	 2.40	 1	 -43.4338	  175.1221
4.393	 2.22	 1	 -42.4266	  173.7786
4.393	 2.70	 1	 -42.1872	  174.3400
4.414	 2.67	 1	 -41.8273	  172.5631
4.415	 2.24	 1	 -42.2678	  173.1747
4.417	 2.15	 1	 -42.9868	  173.2536
4.435	 2.21	 1	 -42.6059	  172.4833
4.436	 2.65	 1	 -42.6995	  172.8035
4.441	 2.07	 1	 -41.9610	  173.6696
4.451	 2.06	 1	 -42.9460	  173.0545
4.462	 2.21	 1	 -42.7330	  172.7189
4.466	 2.41	 1	 -42.4315	  173.3810
4.535	 2.40	 1	 -42.4388	  173.5672
4.597	 2.37	 1	 -41.9581	  173.9777
4.598	 2.20	 1	 -42.1903	  173.6491
4.608	 2.33	 1	 -41.8721	  173.7873
4.611	 2.39	 1	 -41.7903	  174.3251
4.612	 2.41	 1	 -43.0229	  173.5425
4.624	 2.31	 1	 -42.1923	  174.1860
4.626	 4.29	 1	 -41.7801	  174.3032
4.648	 2.57	 1	 -42.2666	  173.8468
4.667	 2.95	 1	 -42.8650	  173.8715
4.668	 2.27	 1	 -42.7962	  173.2564
4.697	 2.17	 1	 -41.7927	  174.2291
4.716	 2.44	 1	 -41.8329	  174.0781
4.722	 2.31	 1	 -42.9342	  173.5019
4.733	 2.97	 1	 -41.9462	  173.8382
4.734	 2.92	 1	 -42.3963	  173.7596
4.742	 2.81	 2	 -44.0033	  171.1969
4.747	 2.22	 1	 -42.3329	  173.3517
4.749	 3.08	 1	 -41.7682	  174.2794
4.756	 2.28	 1	 -41.7186	  174.0483
4.768	 2.88	 1	 -41.9530	  173.7540
4.772	 2.16	 1	 -42.5807	  173.3093
4.786	 2.53	 1	 -41.8501	  174.2076
4.787	 6.07	 1	 -42.4937	  173.7919
4.795	 3.93	 1	 -41.5721	  170.9351
4.797	 2.44	 3	 -41.8964	  174.1461
4.799	 2.12	 1	 -40.4833	  173.1959
4.803	 2.25	 1	 -42.2978	  173.6174
4.807	 2.06	 2	 -42.5240	  173.7752
4.811	 2.35	 1	 -42.7863	  172.6875
4.821	 2.51	 2	 -42.4706	  173.8752
4.846	 2.41	 1	 -41.7322	  174.2875
4.846	 2.47	 2	 -42.7656	  174.2145
4.850	 2.29	 1	 -42.2174	  173.5593
4.853	 2.32	 1	 -42.8653	  173.3994
4.863	 3.33	 1	 -41.9058	  173.4803
4.868	 2.06	 1	 -42.6964	  173.0651
4.898	 3.03	 1	 -42.2687	  173.5714
4.907	 2.87	 1	 -42.3014	  173.4930
4.908	 2.27	 1	 -39.9093	  178.8231
4.913	 2.06	 1	 -42.3590	  173.9589
4.919	 2.37	 1	 -41.0259	  172.1908
4.932	 2.63	 1	 -44.3987	  172.3936
4.949	 4.57	 1	 -41.9536	  173.7245
4.949	 2.73	 1	 -41.8875	  173.9232
4.958	 2.46	 1	 -43.0796	  173.8943
4.963	 2.20	 1	 -42.3069	  173.7448
4.966	 2.01	 1	 -41.5989	  174.2496
4.972	 2.69	 1	 -42.2091	  173.0320
4.976	 2.28	 1	 -42.3035	  173.9740
4.983	 2.43	 1	 -42.4945	  173.7031
4.993	 2.49	 2	 -42.4866	  173.8562
4.995	 2.44	 1	 -41.9839	  173.7527
5.005	 2.66	 1	 -42.6677	  173.2619
5.006	 2.85	 1	 -42.9064	  172.5235
5.014	 2.33	 2	 -42.7287	  168.7702
5.026	 2.74	 1	 -42.1603	  173.4148
5.031	 3.61	 1	 -41.7929	  174.3047
5.048	 2.02	 1	 -41.9750	  173.7278
5.065	 2.06	 1	 -42.0317	  173.7291
5.067	 3.07	 2	 -41.3504	  174.0191
5.073	 2.10	 1	 -42.4904	  173.1847
5.076	 2.14	 2	 -42.4692	  173.7665
5.087	 2.18	 1	 -42.1876	  173.6165
5.090	 2.29	 1	 -40.8951	  178.6299
5.093	 2.02	 1	 -43.1676	  169.6061
5.095	 2.43	 1	 -42.8543	  174.5076
5.106	 2.03	 2	 -42.0017	  173.5431
5.114	 2.76	 1	 -43.1345	  173.0028
5.114	 2.54	 1	 -42.6719	  172.8392
5.121	 2.12	 2	 -42.5090	  173.9447
5.138	 2.95	 1	 -41.9955	  173.7484
5.146	 2.36	 1	 -42.6445	  172.9833
5.156	 2.42	 1	 -41.7726	  174.3125
5.161	 2.64	 1	 -42.3114	  171.9865
5.168	 2.18	 2	 -42.1031	  173.7115
5.181	 2.07	 1	 -42.4083	  173.1541
5.196	 2.13	 2	 -41.9729	  173.7162
5.211	 2.33	 2	 -42.4133	  173.6775
5.217	 2.55	 1	 -42.2562	  173.7650
5.222	 2.22	 1	 -42.7444	  172.7819
5.224	 2.05	 2	 -42.4639	  173.7639
5.242	 2.55	 1	 -42.4392	  173.3441
5.248	 2.49	 1	 -42.5858	  173.4955
5.258	 2.03	 1	 -41.7622	  174.1763
5.274	 2.42	 2	 -42.6193	  173.7285
5.275	 2.37	 1	 -42.6910	  173.2131
5.278	 2.07	 1	 -42.5769	  172.4395
5.283	 2.12	 1	 -41.8200	  173.9539
5.300	 2.76	 1	 -38.0169	  171.5581
5.323	 2.05	 1	 -42.7477	  173.2642
5.325	 2.21	 1	 -41.7589	  173.0592
5.326	 2.11	 1	 -42.5993	  172.9594
5.331	 2.38	 1	 -41.9967	  173.9822
5.336	 2.01	 1	 -42.5283	  173.3522
5.343	 3.16	 2	 -41.9148	  174.1351
5.356	 2.07	 1	 -43.0632	  173.8263
5.359	 2.15	 1	 -42.4890	  173.7463
5.360	 2.19	 1	 -41.8713	  173.3925
5.379	 2.02	 1	 -43.0364	  173.4089
5.380	 2.13	 1	 -42.3202	  173.3503
5.381	 2.24	 1	 -42.5479	  172.0570
5.409	 2.28	 1	 -42.2287	  173.3223
5.417	 2.30	 1	 -42.4437	  173.0417
5.429	 2.12	 1	 -42.7019	  172.5833
5.450	 2.66	 1	 -42.5366	  173.0362
5.460	 2.24	 1	 -41.9192	  174.0499
5.461	 2.26	 1	 -42.2941	  175.0907
5.462	 2.12	 1	 -41.8578	  173.8043
5.527	 2.36	 2	 -42.4552	  173.9088
5.549	 2.35	 1	 -42.5534	  173.3076
5.551	 2.25	 1	 -41.7988	  174.2381
5.609	 2.40	 1	 -42.1508	  173.6758
5.627	 2.16	 1	 -41.8101	  174.3815
5.671	 2.17	 1	 -42.3925	  173.4424
5.683	 2.20	 1	 -43.1792	  172.8249
5.685	 3.08	 1	 -42.3860	  173.5401
5.690	 2.05	 1	 -42.6721	  173.0674
5.714	 2.22	 1	 -42.5158	  172.8048
5.726	 3.03	 1	 -42.0089	  173.7177
5.733	 2.31	 1	 -42.5039	  173.4159
5.737	 2.11	 1	 -45.2535	  173.2883
5.738	 2.72	 1	 -42.5715	  172.4640
5.763	 2.28	 1	 -42.1577	  174.4417
5.764	 2.34	 1	 -43.1476	  173.0321
5.765	 2.15	 1	 -42.8751	  173.3118
5.774	 2.18	 1	 -42.4272	  173.7666
5.798	 3.12	 1	 -41.6069	  173.9765
5.804	 2.54	 1	 -42.1422	  173.8128
5.806	 2.92	 1	 -42.4285	  173.6598
5.808	 2.50	 1	 -41.9919	  173.6553
5.819	 2.10	 1	 -42.5626	  173.0788
5.824	 2.21	 1	 -42.2518	  173.8560
5.834	 2.38	 1	 -41.8700	  173.9592
5.837	 2.17	 1	 -45.3383	  177.9688
5.856	 3.52	 2	 -41.7584	  174.1353
5.862	 2.45	 3	 -41.7337	  174.1916
5.869	 2.34	 1	 -41.9744	  173.8167
5.885	 2.69	 1	 -41.6514	  174.1609
5.889	 2.05	 1	 -42.9426	  172.7109
5.910	 3.82	 1	 -42.0270	  173.9250
5.913	 3.91	 1	 -42.5227	  173.1889
5.927	 2.67	 1	 -42.3361	  172.8338
5.937	 2.82	 1	 -42.4453	  173.7175
5.938	 2.17	 1	 -41.8936	  173.9459
5.984	 2.80	 1	 -43.0063	  172.6220
5.985	 3.78	 1	 -41.7594	  174.2812
5.993	 2.11	 1	 -42.2496	  173.6613
5.996	 2.03	 1	 -39.4337	  168.8069
6.008	 2.32	 1	 -42.8516	  172.9761
6.023	 2.49	 1	 -42.9092	  179.6808
6.025	 4.18	 1	 -42.6322	  173.8372
6.035	 2.48	 2	 -41.9403	  174.2549
6.040	 2.10	 2	 -41.0269	  168.0272
6.044	 2.21	 1	 -42.0203	  173.7968
6.058	 3.03	 1	 -43.1626	  175.3925
6.104	 2.10	 1	 -42.0409	  173.5210
6.159	 2.11	 1	 -42.5507	  172.8045
6.159	 2.77	 1	 -42.2214	  173.6629
6.163	 2.55	 1	 -41.8534	  174.1591
6.223	 2.78	 1	 -41.7096	  174.4052
6.234	 2.07	 1	 -42.3520	  173.2078
6.239	 2.45	 2	 -42.6152	  173.6276
6.278	 2.17	 1	 -41.8203	  174.2122
6.286	 2.65	 1	 -42.3894	  172.5937
6.298	 2.76	 1	 -41.8725	  174.4077
6.299	 2.28	 1	 -41.7789	  171.0265
6.314	 2.16	 1	 -42.5111	  172.9939
6.315	 2.50	 1	 -41.9360	  175.1993
6.329	 2.32	 1	 -42.5806	  173.0619
6.333	 2.92	 1	 -43.2829	  173.4548
6.333	 2.07	 1	 -42.6753	  173.0597
6.337	 2.35	 1	 -41.7335	  174.2752
6.347	 2.46	 2	 -42.5613	  173.8711
6.360	 2.06	 1	 -44.4962	  167.8457
6.364	 2.92	 1	 -42.2165	  173.5465
6.367	 2.60	 1	 -42.5743	  172.9837
6.371	 3.00	 2	 -42.3889	  173.7465
6.375	 3.28	 1	 -41.8296	  174.5232
6.397	 2.07	 1	 -42.5932	  173.1312
6.414	 3.36	 2	 -42.5162	  174.0028
6.420	 2.00	 1	 -42.7573	  173.3117
6.430	 2.24	 1	 -42.5258	  172.7095
6.432	 2.42	 1	 -42.7733	  173.1743
6.456	 2.71	 1	 -41.6127	  174.7016
6.459	 2.00	 1	 -42.7186	  173.3109
6.476	 2.64	 1	 -41.7409	  174.2220
6.486	 2.68	 1	 -42.4097	  173.6941
6.493	 2.01	 1	 -42.2942	  173.9898
6.503	 3.76	 1	 -41.9544	  173.5965
6.535	 2.16	 1	 -42.0785	  173.8985
6.549	 2.18	 1	 -42.4688	  172.2740
6.549	 2.41	 1	 -42.3949	  172.6388
6.551	 3.02	 1	 -42.3459	  172.7680
6.580	 3.20	 1	 -42.3952	  173.2951
6.586	 2.22	 1	 -42.5513	  173.1508
6.595	 2.73	 1	 -42.5444	  173.0992
6.607	 3.02	 1	 -42.1125	  173.6962
6.614	 2.34	 1	 -42.2537	  173.1043
6.617	 3.17	 1	 -42.5474	  172.1201
6.623	 2.44	 1	 -44.0079	  172.9888
6.646	 2.81	 1	 -41.9359	  173.6059
6.659	 2.03	 1	 -42.3510	  173.6964
6.664	 2.26	 1	 -42.4215	  173.7194
6.714	 2.21	 1	 -42.6257	  173.5772
6.724	 2.75	 1	 -42.7355	  174.5060
6.736	 2.94	 1	 -41.7922	  174.0995
6.756	 2.30	 1	 -43.0444	  172.9585
6.759	 2.88	 1	 -42.7996	  173.1821
6.804	 2.89	 1	 -42.3253	  173.6740
6.830	 2.11	 1	 -38.9695	  169.5914
6.831	 2.45	 1	 -42.4981	  173.0516
6.875	 2.80	 1	 -42.4387	  173.8667
6.890	 2.35	 1	 -42.8178	  172.8118
6.917	 2.79	 1	 -42.4326	  172.5530
6.926	 2.09	 1	 -42.4884	  173.7180
6.934	 2.49	 1	 -42.7681	  172.6361
6.941	 2.46	 1	 -42.4800	  173.0626
6.946	 2.35	 1	 -42.9399	  173.7373
6.948	 2.30	 1	 -47.0532	  174.5152
6.967	 2.72	 1	 -42.1495	  173.5534
6.992	 2.04	 1	 -42.5329	  173.1668
7.007	 4.06	 1	 -42.6674	  172.9894
7.049	 2.16	 1	 -41.8137	  174.2910
7.108	 2.19	 1	 -41.7805	  174.0904
7.122	 2.60	 1	 -42.5997	  173.0414
7.154	 2.46	 1	 -41.8049	  174.2128
7.155	 2.17	 1	 -42.2035	  174.1475
7.156	 2.72	 1	 -42.7708	  173.3406
7.176	 2.51	 1	 -42.4961	  173.1072
7.218	 2.14	 1	 -41.7973	  174.2217
7.224	 2.25	 1	 -42.3379	  173.6336
7.239	 2.23	 1	 -42.0001	  173.7265
7.246	 2.52	 1	 -42.4026	  173.7361
7.262	 4.98	 1	 -42.8113	  172.8071
7.316	 2.24	 1	 -42.3734	  173.7983
7.335	 2.59	 1	 -41.8400	  174.1705
7.337	 2.90	 1	 -42.4676	  173.3302
7.346	 2.04	 1	 -42.2183	  173.9793
7.368	 3.39	 1	 -41.9740	  173.6586
7.381	 2.02	 1	 -42.5831	  173.5683
7.382	 2.83	 1	 -42.2042	  173.8797
7.396	 2.22	 2	 -42.4901	  173.7087
7.406	 2.15	 1	 -42.2260	  173.6381
7.408	 2.23	 1	 -44.0511	  171.6103
7.436	 2.02	 1	 -42.0278	  173.6747
7.470	 2.64	 1	 -41.8153	  174.0916
7.472	 2.33	 1	 -42.7155	  173.3135
7.503	 2.20	 1	 -42.5458	  173.2066
7.527	 2.60	 1	 -43.0054	  173.0016
7.593	 2.54	 1	 -42.0873	  173.9062
7.602	 2.56	 2	 -42.1672	  173.7139
7.617	 2.28	 1	 -42.2276	  173.5301
7.634	 2.25	 1	 -41.6688	  174.3452
7.661	 3.42	 1	 -42.1442	  173.6057
7.672	 2.83	 1	 -42.8996	  173.1092
7.678	 2.13	 1	 -42.5255	  172.8244
7.692	 2.14	 1	 -42.1619	  173.5915
7.696	 2.25	 1	 -43.0446	  173.4955
7.704	 2.08	 1	 -41.8003	  174.0479
7.704	 3.23	 1	 -42.1764	  173.5134
7.715	 2.71	 1	 -39.7121	  178.6317
7.774	 2.32	 2	 -40.5194	  167.6650
7.774	 2.75	 1	 -42.0641	  173.5533
7.798	 2.51	 2	 -42.2914	  173.9611
7.835	 3.79	 1	 -41.7151	  174.3006
7.858	 2.53	 1	 -42.2722	  174.0128
7.891	 2.02	 1	 -41.7431	  174.1257
7.912	 2.85	 2	 -42.2841	  173.9430
7.936	 2.05	 1	 -41.7355	  174.1607
7.944	 2.03	 1	 -41.9652	  173.5021
7.946	 2.57	 1	 -41.7052	  174.2291
7.976	 2.77	 1	 -41.9630	  173.5279
7.987	 2.11	 1	 -41.9909	  173.7041
8.000	 2.88	 1	 -44.0228	  171.8152
8.048	 2.40	 1	 -42.6993	  172.4298
8.054	 2.13	 1	 -41.5393	  174.2935
8.064	 2.19	 1	 -42.7698	  172.8479
8.066	 2.48	 1	 -42.5666	  173.4003
8.076	 2.28	 1	 -42.2584	  173.6938
8.077	 2.10	 1	 -42.0477	  173.6978
8.095	 2.37	 1	 -42.2231	  174.8101
8.095	 3.08	 1	 -41.6770	  174.2768
8.109	 2.52	 1	 -42.5570	  173.1623
8.167	 3.16	 1	 -42.2784	  173.6127
8.176	 2.22	 2	 -42.5059	  173.8184
8.216	 2.48	 1	 -42.2610	  173.6368
8.223	 2.65	 1	 -42.6013	  172.9069
8.233	 2.69	 1	 -42.1893	  173.9109
8.260	 2.24	 1	 -42.1793	  173.3799
8.296	 2.10	 1	 -42.2378	  173.6348
8.298	 2.03	 1	 -42.6381	  172.9672
8.308	 2.64	 1	 -42.6558	  173.2143
8.311	 3.08	 1	 -40.1899	  174.8106
8.331	 2.24	 1	 -42.2170	  173.5597
8.349	 3.09	 1	 -42.5566	  170.9256
8.379	 2.18	 1	 -42.5823	  172.9267
8.400	 2.09	 1	 -42.3051	  173.6284
8.418	 2.83	 1	 -42.2842	  173.6999
8.471	 2.30	 1	 -42.3259	  173.4872
8.477	 2.24	 1	 -42.5791	  172.8653
8.492	 3.90	 1	 -41.8153	  174.1767
8.515	 2.22	 1	 -41.9812	  173.6911
8.590	 2.30	 1	 -42.2458	  173.7802
8.595	 2.78	 1	 -42.3513	  173.4735
8.613	 2.00	 1	 -42.8350	  172.8864
8.620	 2.36	 1	 -42.6258	  173.0209
8.634	 2.22	 2	 -41.8551	  174.2394
8.643	 2.55	 1	 -42.3741	  173.3119
8.654	 2.13	 1	 -42.5730	  173.0969
8.682	 2.16	 1	 -42.6862	  173.3134
8.687	 2.26	 1	 -42.9087	  173.9043
8.722	 3.59	 1	 -41.7653	  174.2165
8.748	 2.35	 1	 -42.3761	  173.5373
8.765	 2.57	 1	 -43.0010	  172.7400
8.828	 2.89	 1	 -42.3115	  172.7088
8.844	 2.40	 1	 -41.9513	  173.6468
8.890	 2.33	 1	 -41.8331	  175.3665
8.933	 2.25	 1	 -40.8511	  167.8983
8.946	 2.42	 1	 -42.5597	  173.0310
9.010	 2.32	 1	 -41.6580	  175.3936
9.052	 2.79	 1	 -42.7805	  173.2487
9.066	 2.73	 1	 -42.4511	  173.5652
9.072	 2.23	 1	 -42.5570	  173.0004
9.081	 2.56	 1	 -42.1637	  173.5206
9.085	 2.00	 1	 -42.6182	  172.9759
9.103	 2.73	 1	 -42.5903	  172.9162
9.103	 2.13	 1	 -42.6455	  173.0252
9.121	 2.56	 1	 -42.6332	  172.6955
9.127	 2.41	 1	 -41.9283	  174.4763
9.136	 3.11	 2	 -42.0172	  173.5487
9.161	 2.19	 2	 -42.1525	  173.6658
9.242	 2.79	 1	 -42.2464	  173.6659
9.263	 2.14	 1	 -42.4047	  172.8136
9.267	 2.14	 2	 -42.0357	  174.2188
9.298	 2.11	 1	 -42.5469	  177.0992
9.331	 2.86	 1	 -42.8874	  172.9462
9.346	 2.40	 1	 -42.5759	  172.9159
9.362	 2.81	 1	 -42.4841	  173.7889
9.381	 2.52	 1	 -42.8239	  173.1867
9.405	 2.61	 1	 -42.4385	  172.7755
9.436	 2.07	 1	 -41.6734	  174.3244
9.454	 2.40	 1	 -42.8531	  172.5103
9.469	 3.20	 1	 -42.4492	  172.5061
9.502	 2.38	 1	 -41.7353	  174.3542
9.513	 2.09	 1	 -42.6947	  172.6308
9.522	 2.51	 1	 -42.5975	  172.5961
9.555	 2.17	 1	 -41.6932	  174.2795
9.648	 4.29	 1	 -43.1883	  174.7759
9.679	 2.17	 1	 -42.8481	  173.0917
9.693	 2.37	 1	 -42.5305	  173.1226
9.701	 2.11	 1	 -42.2283	  173.9476
9.704	 2.23	 1	 -42.7470	  173.8937
9.706	 2.21	 1	 -42.7038	  173.3843
9.754	 2.03	 1	 -42.2196	  173.6269
9.770	 2.18	 1	 -42.2483	  173.6722
9.810	 2.02	 3	 -42.3420	  173.2075
9.829	 2.02	 1	 -42.3426	  173.6173
9.863	 3.01	 1	 -42.4000	  173.5400
9.863	 2.19	 1	 -42.6813	  172.9069
9.945	 2.31	 1	 -43.3466	  172.6265
9.958	 2.45	 1	 -41.7520	  173.6999
9.958	 2.26	 1	 -43.1960	  172.5087
9.994	 2.68	 1	 -42.0382	  173.7247
10.055	 2.10	 1	 -42.4475	  173.6727
10.075	 2.00	 1	 -42.0967	  173.5970
10.109	 2.14	 1	 -42.1428	  173.5964
10.118	 2.97	 1	 -42.1830	  173.5250
10.135	 3.32	 1	 -42.6618	  172.9339
10.149	 2.43	 1	 -42.0226	  173.7225
10.151	 3.13	 1	 -42.4671	  173.5941
10.185	 2.02	 1	 -42.0968	  173.3717
10.192	 3.17	 1	 -42.4413	  173.8301
10.231	 2.03	 1	 -41.7655	  174.2641
10.241	 2.03	 1	 -42.7816	  173.2943
10.248	 2.42	 1	 -44.3950	  177.8266
10.255	 2.09	 1	 -42.5364	  173.3442
10.315	 2.60	 1	 -42.1604	  173.8515
10.381	 2.04	 1	 -42.6058	  172.9093
10.410	 2.00	 1	 -42.4705	  173.4922
10.423	 2.32	 1	 -42.2008	  173.9347
10.447	 2.01	 1	 -42.7010	  173.0297
10.509	 2.61	 1	 -42.1728	  173.6840
10.622	 2.36	 1	 -42.8054	  172.7569
10.642	 2.21	 1	 -41.7712	  174.2274
10.663	 2.38	 1	 -41.9988	  173.6879
10.674	 2.74	 1	 -42.0778	  173.7159
10.697	 2.23	 2	 -41.8850	  174.3855
10.709	 2.31	 1	 -42.4015	  173.5980
10.715	 2.13	 1	 -41.0824	  174.5633
10.756	 2.36	 1	 -43.0089	  172.8992
10.778	 2.11	 1	 -41.9746	  174.0180
10.780	 2.39	 1	 -42.6749	  173.0117
10.787	 2.54	 1	 -42.5913	  173.2189
10.854	 2.19	 1	 -42.5028	  173.1918
10.875	 3.01	 1	 -42.0106	  173.7940
10.887	 2.18	 1	 -42.1414	  173.4810
10.895	 2.03	 1	 -42.8461	  172.4753
10.904	 2.00	 1	 -43.2032	  171.6554
11.030	 2.10	 2	 -42.4243	  173.2675
11.032	 2.14	 1	 -41.9409	  173.7761
11.057	 2.10	 1	 -41.7778	  174.3996
11.067	 3.02	 1	 -41.6866	  174.3240
11.191	 2.81	 1	 -41.9669	  173.4127
11.263	 2.12	 2	 -42.2253	  173.4638
11.310	 2.37	 1	 -42.4038	  173.7314
11.343	 2.27	 1	 -42.5999	  172.9598
11.349	 2.25	 1	 -42.5560	  173.2483
11.357	 2.05	 1	 -41.3568	  170.7125
11.362	 2.60	 1	 -42.2139	  173.5375
11.379	 2.01	 1	 -43.6928	  172.6331
11.403	 2.05	 1	 -41.6476	  174.2331
11.403	 2.04	 1	 -41.7045	  174.3060
11.417	 2.01	 1	 -42.9084	  172.8985
11.450	 2.52	 1	 -40.4267	  177.1702
11.458	 2.26	 1	 -42.0199	  173.6763
11.495	 2.05	 2	 -46.7499	  170.5548
11.521	 2.19	 1	 -40.9662	  176.3698
11.582	 2.19	 1	 -42.9615	  172.5464
11.606	 2.32	 1	 -42.4934	  173.1503
11.682	 3.43	 1	 -41.9865	  179.7370
11.705	 2.25	 2	 -43.0934	  172.7235
11.706	 2.87	 1	 -42.5701	  172.8423
11.727	 2.67	 1	 -42.5747	  173.1114
11.758	 2.44	 1	 -42.6402	  172.6541
11.788	 3.06	 1	 -41.8803	  173.9726
11.797	 2.49	 1	 -42.4726	  171.8374
11.847	 2.10	 1	 -41.9933	  174.2759
11.871	 2.03	 1	 -42.0438	  173.7270
11.933	 2.40	 1	 -42.4925	  173.0945
11.996	 4.07	 1	 -42.6013	  172.6092
12.005	 2.54	 1	 -42.5478	  173.0483
12.064	 2.78	 1	 -41.7841	  174.2809
12.097	 4.22	 1	 -42.3783	  173.8550
12.156	 3.05	 1	 -42.9192	  172.9817
12.168	 2.56	 1	 -42.2585	  170.9818
12.254	 2.11	 1	 -42.6237	  172.9032
12.260	 2.26	 1	 -41.7743	  174.1225
12.261	 2.26	 1	 -42.7412	  172.9935
12.363	 3.08	 1	 -42.8873	  172.6578
12.404	 2.06	 2	 -42.1479	  173.7000
12.575	 2.16	 1	 -42.8441	  172.8038
12.584	 2.68	 1	 -42.0943	  173.6861
12.615	 3.09	 1	 -42.3639	  172.9198
12.619	 2.93	 1	 -43.3024	  173.2639
12.624	 2.77	 1	 -42.3144	  173.7759
12.644	 2.64	 1	 -42.6957	  173.2323
12.670	 2.43	 1	 -41.8342	  174.1724
12.717	 2.22	 1	 -42.5758	  172.9265
12.778	 2.06	 1	 -42.5532	  173.0494
12.795	 2.36	 1	 -42.7475	  172.6845
12.797	 2.19	 1	 -42.2431	  173.4697
12.805	 2.87	 1	 -42.8305	  174.3096
12.808	 2.47	 1	 -42.2684	  173.5105
12.810	 2.22	 1	 -42.7251	  172.9960
12.820	 2.10	 1	 -42.1321	  173.6196
12.864	 2.76	 1	 -42.3353	  174.2636
12.870	 2.16	 1	 -42.2230	  173.5533
12.873	 2.75	 1	 -42.0158	  173.6765
12.883	 2.02	 1	 -42.6569	  173.1726
12.913	 2.82	 1	 -42.6111	  173.2548
12.924	 2.24	 1	 -42.7322	  173.0672
12.942	 2.03	 1	 -40.5083	  176.0652
12.952	 2.46	 1	 -41.7576	  174.3112
12.956	 3.16	 1	 -41.7030	  174.2656
12.982	 3.24	 1	 -41.7009	  174.2603
12.993	 2.10	 1	 -41.7186	  174.2282
13.075	 2.31	 1	 -42.0190	  173.7246
13.076	 2.31	 1	 -43.0831	  172.9237
13.131	 2.02	 1	 -42.7789	  173.1354
13.190	 2.07	 1	 -42.4996	  171.3967
13.203	 2.08	 1	 -42.1019	  173.8058
13.223	 2.42	 1	 -41.6884	  174.3268
13.274	 2.02	 1	 -42.5514	  173.7231
13.311	 2.23	 1	 -41.7498	  174.2906
13.343	 2.91	 1	 -42.3334	  173.7792
13.347	 3.13	 1	 -42.2515	  173.6333
13.382	 2.38	 1	 -42.1626	  173.8736
13.401	 2.22	 1	 -41.9652	  173.7128
13.438	 2.09	 1	 -42.7347	  173.1254
13.450	 2.07	 1	 -42.1634	  173.5217
13.461	 2.53	 1	 -43.6079	  172.6457
13.472	 2.07	 1	 -42.9007	  173.1815
13.481	 2.15	 1	 -41.7298	  174.1921
13.482	 2.46	 1	 -42.2414	  173.5269
13.494	 2.41	 1	 -42.6450	  173.0652
13.530	 2.69	 1	 -41.7536	  174.2955
13.540	 2.09	 1	 -42.5220	  173.1285
13.547	 2.06	 1	 -45.6814	  170.1773
13.547	 2.60	 1	 -42.7856	  173.2242
13.624	 2.86	 1	 -41.0608	  171.6685
13.630	 2.78	 1	 -42.4945	  174.0767
13.636	 2.12	 1	 -41.9260	  173.9687
13.641	 2.96	 2	 -41.8602	  174.1773
13.664	 2.45	 1	 -42.0446	  173.7204
13.709	 2.71	 1	 -41.7208	  174.2535
13.733	 2.18	 1	 -42.7923	  172.7067
13.777	 2.36	 1	 -42.3517	  175.9628
13.786	 2.24	 2	 -42.6025	  172.7487
13.802	 2.25	 1	 -42.0379	  173.7243
13.861	 2.03	 1	 -42.9745	  178.2852
13.931	 2.47	 1	 -42.4931	  173.8401
13.951	 2.00	 1	 -42.1469	  173.6365
14.028	 2.29	 1	 -42.0016	  173.6779
14.055	 2.58	 1	 -42.0312	  173.9596
14.133	 2.10	 1	 -42.1877	  173.2587
14.189	 2.77	 1	 -42.0221	  173.6868
14.202	 2.18	 1	 -42.3488	  173.8619
14.258	 2.18	 1	 -42.9207	  174.2942
14.267	 2.42	 1	 -42.1372	  173.6351
14.339	 2.18	 1	 -42.0586	  173.7035
14.440	 2.30	 1	 -44.3365	  172.7319
14.456	 2.49	 1	 -42.0199	  173.7213
