# Simulation 993
# RelativeTime(days) Magnitude Generation Latitude Longitude
Time Mag Gen Lat Lon
7.005	 2.54	 1	 -42.4697	  173.4592
7.010	 2.61	 1	 -41.6604	  174.3080
7.013	 2.89	 1	 -42.0762	  173.9309
7.014	 3.13	 1	 -45.7328	  177.5297
7.022	 2.39	 1	 -42.0919	  176.2204
7.029	 2.15	 1	 -43.2819	  174.4690
7.031	 2.33	 1	 -44.2605	  172.9863
7.038	 2.12	 1	 -41.2167	  174.5819
7.042	 2.79	 1	 -42.6160	  171.8149
7.048	 2.07	 1	 -41.3619	  172.6938
7.050	 2.71	 1	 -42.2565	  173.6740
7.052	 2.23	 1	 -42.3754	  174.3482
7.054	 2.05	 1	 -41.4382	  173.5603
7.057	 2.21	 1	 -43.7218	  172.7035
7.060	 2.43	 1	 -42.9486	  173.1252
7.073	 2.34	 1	 -45.6448	  174.5482
7.080	 2.59	 1	 -42.4184	  176.1794
7.094	 2.04	 1	 -42.1432	  173.6715
7.102	 2.29	 1	 -44.6446	  173.3789
7.107	 4.59	 1	 -41.4484	  172.1390
7.136	 2.05	 1	 -46.0120	  177.1489
7.147	 2.71	 1	 -42.4976	  173.4666
7.160	 2.38	 1	 -40.0669	  175.5141
7.161	 2.26	 1	 -43.1916	  174.2335
7.164	 2.47	 1	 -44.2685	  178.7519
7.172	 2.10	 1	 -41.8568	  174.3491
7.173	 2.61	 1	 -42.7961	  172.9518
7.189	 2.24	 1	 -42.8211	  166.9068
7.192	 2.02	 1	 -42.1280	  174.1835
7.196	 2.73	 1	 -43.6405	  174.4564
7.197	 2.06	 1	 -42.7399	  171.3938
7.201	 2.09	 1	 -40.3290	  175.1681
7.205	 3.31	 1	 -43.2280	  168.5518
7.207	 2.20	 1	 -41.1404	  167.2804
7.208	 2.23	 1	 -41.3886	  178.8771
7.208	 2.26	 1	 -41.0366	  173.4583
7.208	 3.41	 1	 -45.8373	  174.2960
7.213	 2.94	 1	 -42.4965	  172.2729
7.216	 2.16	 1	 -42.9264	  171.2859
7.217	 2.55	 1	 -41.3459	  174.2102
7.218	 2.54	 1	 -38.1972	  173.1674
7.219	 3.24	 1	 -40.4230	  173.2654
7.221	 2.42	 2	 -41.4456	  172.1714
7.233	 2.45	 1	 -44.8400	  167.6471
7.236	 2.49	 1	 -40.7050	  170.8917
7.242	 2.11	 1	 -43.9047	  171.6801
7.244	 2.04	 1	 -43.2758	  173.2747
7.245	 2.08	 1	 -43.6236	  178.9690
7.245	 2.71	 1	 -42.5119	  173.6974
7.246	 2.47	 1	 -42.2621	  172.9629
7.258	 2.09	 1	 -40.7950	  173.6500
7.258	 2.14	 1	 -43.0242	  173.6105
7.259	 2.21	 1	 -42.9999	  172.7281
7.261	 2.14	 1	 -42.3641	  173.7508
7.261	 2.77	 1	 -43.2767	  179.0881
7.263	 2.17	 1	 -41.4442	  173.1850
7.264	 2.25	 1	 -44.1781	  172.2507
7.266	 2.03	 1	 -44.1310	  173.6150
7.268	 2.04	 1	 -43.9633	  173.9119
7.271	 2.02	 1	 -43.2548	  179.0919
7.278	 2.06	 1	 -44.1469	  171.5961
7.279	 2.32	 1	 -42.4527	  173.7532
7.281	 2.13	 1	 -42.8344	  173.6760
7.282	 2.17	 1	 -43.9697	  175.3175
7.291	 2.31	 1	 -41.7155	  173.8169
7.295	 3.01	 1	 -40.9494	  175.9134
7.296	 2.65	 1	 -43.7861	  172.2849
7.304	 2.25	 1	 -41.5494	  174.5110
7.305	 2.47	 1	 -44.3176	  175.1186
7.321	 2.11	 1	 -42.9319	  170.6430
7.331	 2.55	 1	 -38.9386	  172.9151
7.337	 2.81	 1	 -39.9677	  174.7485
7.340	 2.37	 1	 -42.7820	  174.1374
7.341	 2.18	 1	 -42.6692	  172.5466
7.362	 3.18	 1	 -40.9334	  174.8442
7.362	 2.63	 1	 -42.2617	  173.1703
7.369	 2.03	 1	 -41.8583	  172.8240
7.372	 2.33	 1	 -41.9371	  174.2393
7.394	 2.15	 1	 -42.0438	  173.6857
7.402	 2.44	 1	 -42.2356	  173.7579
7.402	 2.15	 1	 -41.7166	  174.7334
7.413	 2.93	 1	 -45.4269	  177.8789
7.417	 2.26	 1	 -46.1031	  169.0352
7.423	 2.05	 1	 -45.8240	  173.5027
7.424	 2.35	 1	 -43.8115	  171.8188
7.426	 2.36	 1	 -43.4561	  172.3428
7.431	 2.05	 1	 -44.2304	  167.2732
7.432	 2.21	 1	 -42.8369	  173.3663
7.442	 2.17	 1	 -42.0227	  173.6619
7.447	 2.31	 1	 -41.6734	  173.6232
7.454	 2.47	 1	 -42.9780	  174.2261
7.457	 2.33	 1	 -42.9400	  173.3165
7.475	 2.65	 1	 -42.8974	  172.9252
7.476	 2.61	 1	 -42.4215	  173.2884
7.476	 2.02	 1	 -45.4366	  174.9334
7.477	 2.94	 1	 -43.0526	  172.5377
7.484	 2.19	 1	 -41.5917	  171.2277
7.493	 2.14	 1	 -42.1238	  173.3302
7.501	 2.20	 1	 -43.1819	  172.9813
7.503	 2.17	 1	 -44.3388	  171.4294
7.514	 2.47	 1	 -41.3075	  177.1437
7.517	 2.15	 1	 -44.2636	  172.8148
7.525	 2.54	 1	 -42.2974	  172.3992
7.569	 2.98	 1	 -41.1600	  173.4687
7.580	 2.15	 1	 -46.4943	  171.1431
7.588	 2.68	 1	 -43.3881	  172.2273
7.589	 3.56	 1	 -43.4977	  173.9393
7.593	 2.05	 1	 -40.9550	  172.7977
7.601	 2.69	 1	 -43.7379	  172.5156
7.613	 2.60	 1	 -41.5444	  169.1659
7.615	 2.67	 1	 -46.6985	  175.8011
7.623	 2.14	 1	 -44.8681	  173.8758
7.625	 2.35	 1	 -43.4896	  172.6014
7.637	 2.61	 1	 -44.2414	  178.7656
7.638	 2.25	 1	 -41.2917	  171.6467
7.638	 2.09	 1	 -42.8861	  172.0551
7.640	 2.31	 1	 -44.1771	  173.4135
7.644	 2.07	 1	 -42.1795	  172.6997
7.651	 2.08	 1	 -42.3518	  171.9435
7.655	 3.09	 1	 -46.5305	  176.2099
7.657	 3.47	 1	 -43.4866	  173.5174
7.660	 2.61	 1	 -42.5335	  171.8179
7.667	 2.42	 1	 -43.8528	  173.5680
7.675	 3.04	 1	 -42.8483	  170.7434
7.688	 2.04	 1	 -46.3622	  176.5577
7.690	 2.21	 1	 -40.2160	  173.3232
7.693	 2.46	 1	 -43.6585	  174.4581
7.700	 2.54	 1	 -40.8215	  171.5721
7.704	 2.30	 1	 -43.4944	  175.7377
7.715	 2.16	 1	 -43.3836	  173.0331
7.720	 2.32	 1	 -44.3949	  171.0151
7.727	 2.34	 1	 -40.3254	  175.3781
7.732	 2.10	 1	 -43.4572	  173.7472
7.748	 2.06	 2	 -42.2263	  173.7595
7.770	 2.04	 1	 -41.3308	  172.5049
7.773	 2.03	 1	 -46.2323	  170.7812
7.775	 2.10	 1	 -42.5784	  174.6563
7.776	 2.05	 1	 -43.5308	  172.7179
7.781	 2.45	 1	 -43.0093	  172.5842
7.795	 2.08	 1	 -42.1624	  172.2168
7.796	 2.29	 1	 -41.5611	  174.0253
7.798	 2.73	 2	 -43.3849	  173.0071
7.804	 3.32	 1	 -42.0437	  173.8066
7.807	 2.59	 1	 -43.6423	  170.7050
7.813	 2.22	 1	 -42.1840	  173.6017
7.826	 2.74	 1	 -42.8440	  173.1080
7.831	 2.21	 1	 -42.9204	  173.3733
7.835	 2.94	 1	 -42.6094	  179.1389
7.837	 2.00	 1	 -42.5755	  173.4530
7.847	 2.08	 1	 -47.1863	  172.8043
7.849	 2.43	 1	 -38.2420	  173.8960
7.851	 2.04	 1	 -42.2624	  173.7047
7.860	 2.68	 1	 -42.1220	  171.9812
7.861	 2.12	 1	 -45.9398	  177.2540
7.872	 2.27	 1	 -43.8892	  174.1963
7.881	 2.16	 1	 -40.5480	  175.0265
7.883	 2.81	 1	 -43.4703	  176.8953
7.891	 2.62	 1	 -42.6550	  172.1605
7.893	 2.04	 1	 -45.7437	  176.4527
7.907	 2.29	 1	 -38.4449	  175.0297
7.908	 2.12	 1	 -42.4193	  172.8961
7.915	 2.35	 1	 -45.7352	  168.7216
7.917	 2.09	 1	 -46.7935	  170.5129
7.926	 2.44	 1	 -42.4790	  173.0910
7.928	 2.25	 1	 -43.1057	  172.5845
7.931	 2.42	 1	 -38.2059	  172.6141
7.938	 2.50	 1	 -41.9430	  173.6189
7.947	 2.48	 1	 -41.3046	  173.7519
7.961	 2.06	 1	 -42.9313	  173.3889
7.965	 2.29	 1	 -43.0901	  171.1841
7.966	 2.23	 1	 -38.5155	  170.7570
7.986	 2.26	 1	 -45.8826	  176.2016
7.991	 2.48	 1	 -44.3265	  173.6689
7.992	 2.27	 1	 -43.4120	  169.9006
8.005	 2.05	 1	 -42.1335	  171.9297
8.007	 2.11	 1	 -43.4205	  173.8590
8.007	 2.09	 1	 -42.3665	  171.8306
8.008	 2.01	 1	 -44.9161	  178.3396
8.010	 2.31	 1	 -44.9895	  172.9165
8.022	 2.58	 1	 -42.5714	  170.9550
8.022	 2.23	 1	 -41.1300	  171.2902
8.031	 2.25	 1	 -38.3636	  174.6771
8.033	 2.48	 1	 -43.4512	  173.4436
8.033	 2.20	 1	 -39.8085	  177.7159
8.040	 2.48	 1	 -43.4988	  171.6637
8.043	 2.64	 1	 -41.4312	  171.6135
8.045	 2.28	 1	 -43.7057	  167.0616
8.061	 2.30	 1	 -47.1824	  173.3578
8.063	 2.03	 1	 -43.5198	  173.2405
8.065	 2.14	 1	 -44.2204	  172.5213
8.070	 2.31	 1	 -42.6445	  173.4904
8.072	 2.68	 1	 -43.2551	  174.0560
8.074	 2.84	 1	 -43.6769	  176.6295
8.079	 2.08	 1	 -43.3590	  171.2415
8.079	 2.19	 2	 -41.5712	  174.0122
8.080	 2.06	 1	 -41.8423	  173.2897
8.083	 4.16	 1	 -47.1068	  171.8566
8.089	 2.43	 1	 -41.0645	  171.3562
8.091	 2.30	 2	 -47.1118	  171.8575
8.106	 2.16	 1	 -40.8469	  171.0771
8.116	 2.78	 1	 -42.5713	  172.8039
8.117	 2.01	 1	 -42.8729	  173.8654
8.121	 2.22	 1	 -43.4678	  172.0477
8.123	 2.73	 2	 -47.1567	  171.8389
8.125	 2.51	 1	 -46.9367	  175.0433
8.126	 2.10	 1	 -41.6731	  174.6896
8.130	 2.27	 1	 -42.6479	  171.3607
8.134	 2.05	 1	 -41.9826	  173.8192
8.135	 2.81	 1	 -38.4320	  171.5307
8.143	 2.47	 1	 -42.9618	  174.7796
8.149	 2.28	 1	 -42.3759	  174.0807
8.154	 2.14	 1	 -39.4957	  175.3631
8.155	 3.95	 1	 -42.7558	  179.1393
8.156	 2.38	 1	 -39.2068	  170.2991
8.159	 3.34	 2	 -41.4483	  172.1733
8.164	 2.23	 1	 -42.9612	  172.5629
8.165	 3.13	 1	 -43.0221	  173.6144
8.165	 2.51	 2	 -42.7794	  179.1135
8.166	 2.28	 1	 -45.6948	  172.9244
8.166	 3.05	 1	 -43.1614	  172.4344
8.166	 2.76	 1	 -38.2081	  173.4722
8.167	 2.33	 1	 -43.0002	  171.5810
8.180	 2.23	 1	 -42.3886	  167.7251
8.182	 2.36	 1	 -42.3789	  173.2369
8.186	 2.05	 1	 -41.5908	  169.8047
8.195	 2.22	 1	 -43.4078	  172.0706
8.200	 2.23	 1	 -42.2888	  173.7067
8.201	 2.37	 1	 -42.1864	  172.5866
8.231	 2.06	 1	 -43.0272	  172.2349
8.238	 2.59	 1	 -42.1659	  173.6542
8.240	 2.42	 2	 -42.8054	  179.1578
8.242	 2.16	 1	 -38.4877	  170.8544
8.243	 2.05	 1	 -42.8796	  171.8469
8.251	 2.11	 1	 -42.4423	  172.6633
8.262	 2.17	 1	 -43.2799	  174.5945
8.268	 2.12	 1	 -42.9907	  172.6129
8.272	 2.60	 1	 -42.2225	  172.2560
8.285	 2.90	 1	 -47.0432	  171.4762
8.289	 2.18	 1	 -42.5833	  176.1727
8.295	 3.22	 1	 -42.7367	  176.9123
8.297	 2.03	 1	 -42.5701	  173.3211
8.301	 2.44	 1	 -39.6265	  171.3286
8.303	 2.03	 1	 -43.4424	  170.2368
8.304	 2.08	 1	 -44.6506	  171.6119
8.311	 3.53	 1	 -46.0814	  169.0011
8.315	 2.51	 1	 -42.2513	  175.1914
8.333	 2.14	 1	 -47.1485	  173.8426
8.338	 2.44	 1	 -43.5608	  172.9140
8.340	 2.12	 1	 -43.8282	  171.5677
8.341	 2.17	 1	 -42.7493	  174.7867
8.344	 2.93	 1	 -40.0824	  173.7189
8.368	 2.03	 1	 -42.3705	  174.5385
8.370	 2.71	 1	 -42.8748	  166.9094
8.393	 2.10	 1	 -42.0134	  173.6979
8.403	 2.05	 1	 -44.1997	  169.4479
8.421	 2.01	 1	 -43.4553	  172.7231
8.433	 2.12	 1	 -42.6381	  172.5487
8.438	 2.16	 1	 -40.6334	  173.4223
8.438	 2.36	 1	 -38.4107	  171.1539
8.441	 2.04	 1	 -42.1339	  173.6304
8.444	 2.46	 1	 -44.4045	  172.5783
8.446	 2.53	 1	 -42.7122	  171.0078
8.446	 2.37	 1	 -42.3494	  179.1221
8.450	 3.03	 1	 -41.6003	  173.8472
8.450	 2.26	 1	 -44.5362	  176.0623
8.452	 2.01	 1	 -47.1882	  172.8982
8.460	 2.23	 1	 -45.9387	  177.2555
8.461	 3.38	 1	 -39.9541	  171.6548
8.486	 2.79	 1	 -42.2206	  173.7382
8.486	 2.83	 1	 -42.6436	  172.6985
8.490	 2.01	 1	 -44.8768	  171.5968
8.493	 2.58	 1	 -42.7455	  173.5679
8.497	 2.13	 1	 -45.2407	  178.0628
8.505	 2.06	 1	 -42.7405	  172.3969
8.515	 2.17	 1	 -47.1510	  173.8172
8.520	 2.17	 1	 -46.9808	  171.1814
8.532	 2.09	 1	 -39.6929	  173.2172
8.535	 2.46	 1	 -43.0757	  172.9575
8.543	 2.04	 1	 -40.0005	  174.8022
8.544	 2.10	 2	 -39.9016	  171.6793
8.549	 2.22	 2	 -39.9996	  174.8021
8.554	 2.04	 1	 -43.3281	  171.1909
8.560	 2.45	 1	 -45.7661	  168.5567
8.561	 2.40	 1	 -40.6034	  177.6402
8.566	 2.21	 1	 -42.7987	  172.3417
8.567	 2.13	 1	 -42.1474	  173.8760
8.576	 2.34	 1	 -46.9872	  171.2093
8.591	 2.16	 1	 -42.4104	  171.9832
8.592	 2.05	 1	 -40.9916	  174.5454
8.605	 2.12	 1	 -43.7290	  172.0260
8.616	 2.99	 1	 -38.7739	  172.5621
8.622	 3.08	 1	 -43.5724	  173.5059
8.649	 2.44	 1	 -41.7598	  173.4819
8.650	 2.37	 1	 -42.1725	  173.7863
8.662	 2.71	 1	 -47.1891	  172.9849
8.682	 3.88	 1	 -42.0976	  173.4827
8.684	 2.36	 1	 -45.0541	  167.8160
8.685	 2.05	 1	 -43.5131	  173.6744
8.689	 2.26	 1	 -38.8863	  176.2796
8.691	 2.17	 1	 -42.8440	  172.4868
8.692	 2.00	 1	 -42.2017	  173.5294
8.698	 2.23	 1	 -42.3250	  173.7428
8.712	 2.45	 1	 -43.3940	  173.3759
8.712	 2.34	 1	 -44.7121	  170.1977
8.717	 2.04	 1	 -41.5507	  172.4886
8.720	 2.39	 1	 -43.9564	  173.3060
8.729	 2.58	 1	 -41.9978	  171.3929
8.735	 3.12	 1	 -43.7090	  174.2181
8.740	 2.68	 1	 -41.8049	  169.5961
8.742	 2.13	 1	 -42.4832	  172.1831
8.768	 2.40	 1	 -41.8999	  174.8840
8.769	 3.06	 1	 -44.8618	  171.4673
8.773	 2.18	 1	 -43.2202	  172.5391
8.779	 2.61	 1	 -40.0641	  172.5322
8.788	 2.85	 1	 -46.9133	  170.9125
8.789	 2.34	 1	 -43.1474	  171.9738
8.791	 2.28	 1	 -43.9874	  174.2403
8.819	 2.03	 1	 -45.8141	  173.0592
8.820	 2.56	 1	 -42.3677	  172.0306
8.823	 2.04	 1	 -42.5195	  172.4157
8.833	 2.41	 1	 -41.8192	  174.2656
8.852	 2.48	 1	 -43.3894	  173.5086
8.854	 2.50	 1	 -46.1592	  176.9185
8.855	 3.78	 1	 -45.3146	  168.0522
8.862	 2.18	 2	 -45.3147	  168.0596
8.870	 2.16	 1	 -39.7406	  170.4344
8.878	 2.28	 1	 -45.3826	  175.1076
8.891	 2.60	 1	 -38.3830	  174.7686
8.892	 2.49	 1	 -42.6304	  172.5105
8.893	 3.33	 1	 -41.4562	  172.2588
8.895	 2.51	 1	 -46.8244	  175.4356
8.915	 2.42	 1	 -41.1264	  178.7569
8.918	 2.10	 1	 -42.6740	  173.5652
8.923	 2.09	 1	 -43.7381	  173.2570
8.923	 2.69	 1	 -40.6490	  178.4717
8.929	 2.12	 1	 -41.9438	  171.4819
8.933	 2.10	 1	 -38.9036	  176.3166
8.946	 2.10	 1	 -44.1244	  174.3520
8.960	 3.48	 1	 -43.1933	  170.7552
8.978	 2.23	 1	 -42.2493	  174.1328
8.979	 2.33	 1	 -42.2106	  173.5352
8.996	 2.72	 2	 -43.5025	  173.9365
9.004	 2.59	 1	 -41.4427	  174.0853
9.025	 2.01	 1	 -39.1076	  176.7151
9.029	 2.03	 1	 -43.9875	  174.0090
9.036	 2.01	 1	 -43.1788	  173.4588
9.048	 2.05	 1	 -46.6272	  175.9837
9.062	 2.29	 1	 -41.1370	  175.7626
9.063	 2.66	 1	 -39.0757	  172.2495
9.065	 3.27	 1	 -42.5821	  173.4272
9.069	 2.96	 1	 -45.2942	  171.9315
9.069	 2.07	 1	 -45.3580	  172.0442
9.081	 2.49	 1	 -44.6855	  178.5063
9.086	 2.17	 1	 -42.8350	  173.2058
9.093	 2.17	 1	 -42.5031	  172.8666
9.101	 2.19	 1	 -42.7236	  171.3980
9.113	 2.20	 1	 -44.4056	  178.6786
9.118	 2.06	 1	 -43.5246	  173.4841
9.121	 2.07	 1	 -40.7250	  176.1795
9.123	 2.47	 1	 -42.3129	  174.0068
9.128	 2.41	 1	 -45.4306	  170.4180
9.130	 2.77	 1	 -43.7000	  175.2084
9.142	 2.34	 1	 -41.6263	  173.9346
9.157	 2.65	 1	 -41.4475	  170.1361
9.159	 2.14	 1	 -42.9414	  177.1375
9.161	 2.16	 1	 -43.9426	  175.2889
9.172	 2.10	 1	 -40.9382	  171.3535
9.206	 2.23	 1	 -41.7823	  174.0522
9.226	 2.76	 1	 -41.3502	  177.9646
9.226	 2.21	 1	 -42.5435	  172.9096
9.238	 2.11	 1	 -39.5845	  176.7874
9.244	 2.98	 1	 -42.7856	  174.9482
9.245	 2.26	 1	 -43.7314	  167.0698
9.249	 2.01	 1	 -42.8522	  175.2939
9.250	 2.27	 1	 -41.3333	  168.9254
9.259	 2.02	 1	 -42.5259	  173.1112
9.260	 2.03	 1	 -42.7787	  170.8145
9.267	 2.10	 1	 -43.9472	  175.2425
9.274	 2.29	 1	 -40.6123	  175.9967
9.275	 2.14	 1	 -42.4533	  173.8788
9.290	 2.62	 1	 -42.8980	  171.7297
9.293	 2.72	 1	 -44.2704	  172.6081
9.300	 2.18	 1	 -41.7550	  171.7253
9.312	 2.20	 1	 -41.2642	  174.3807
9.322	 2.78	 1	 -45.5568	  171.4421
9.330	 2.92	 1	 -40.6222	  173.8141
9.339	 2.15	 1	 -46.4665	  173.3899
9.340	 2.18	 1	 -42.6920	  171.4375
9.340	 2.17	 1	 -43.7068	  172.4166
9.344	 2.45	 1	 -42.4600	  173.5955
9.352	 2.06	 1	 -41.5731	  171.1504
9.362	 2.21	 1	 -43.6103	  171.2141
9.362	 2.24	 1	 -42.6127	  174.8732
9.365	 2.35	 1	 -38.5094	  175.2662
9.366	 2.23	 1	 -41.2897	  174.5114
9.381	 2.79	 1	 -41.3243	  178.0049
9.382	 2.69	 1	 -40.6143	  174.0023
9.413	 2.39	 1	 -46.1486	  173.7988
9.419	 3.13	 1	 -42.1768	  173.6442
9.426	 2.20	 1	 -43.1967	  172.7906
9.430	 3.20	 1	 -42.3958	  172.3175
9.435	 2.01	 1	 -44.0018	  176.2093
9.441	 2.52	 1	 -39.9995	  172.4978
9.444	 2.30	 1	 -42.9200	  172.7011
9.447	 2.67	 1	 -43.1960	  175.9592
9.448	 2.54	 1	 -45.9283	  168.7740
9.460	 2.07	 1	 -42.0401	  171.2446
9.480	 2.48	 1	 -43.6921	  172.2101
9.486	 2.54	 1	 -42.0466	  175.1108
9.489	 2.20	 1	 -41.8943	  179.0428
9.519	 2.26	 1	 -38.3195	  171.5978
9.521	 2.05	 1	 -43.9972	  173.7597
9.525	 2.16	 1	 -38.2360	  172.2077
9.526	 3.65	 1	 -43.5719	  172.2082
9.528	 2.01	 1	 -41.3318	  173.4220
9.531	 2.45	 1	 -38.6952	  175.8239
9.556	 2.26	 1	 -42.1381	  173.4067
9.566	 2.39	 1	 -40.6695	  174.5815
9.570	 2.60	 1	 -40.5830	  171.4137
9.588	 2.79	 1	 -42.7948	  171.6497
9.589	 2.40	 1	 -42.5818	  171.8431
9.589	 2.06	 1	 -43.3297	  172.1296
9.589	 2.27	 1	 -44.2034	  170.1543
9.590	 2.26	 1	 -44.1579	  173.8253
9.596	 2.27	 1	 -42.5691	  173.0857
9.618	 2.01	 1	 -41.9017	  171.5448
9.619	 2.09	 1	 -46.4023	  175.0835
9.640	 2.32	 1	 -42.6052	  173.0869
9.641	 2.48	 1	 -38.1997	  172.7710
9.659	 2.12	 1	 -42.9794	  166.9168
9.661	 2.35	 1	 -40.4028	  173.6051
9.665	 2.04	 1	 -42.9794	  174.1670
9.675	 2.77	 1	 -46.0997	  177.0145
9.680	 2.46	 1	 -41.1845	  174.5619
9.682	 2.33	 1	 -40.2171	  171.9017
9.688	 3.52	 1	 -43.0709	  173.0989
9.690	 2.45	 1	 -45.1012	  167.8561
9.696	 2.22	 1	 -42.9112	  173.9695
9.699	 2.38	 1	 -38.2602	  174.0531
9.703	 2.33	 1	 -41.7502	  174.2047
9.703	 2.02	 1	 -41.2858	  175.3411
9.713	 2.09	 1	 -41.1062	  178.5368
9.724	 2.10	 1	 -42.3602	  172.7076
9.724	 2.37	 1	 -42.1781	  172.8472
9.727	 2.13	 1	 -42.2084	  173.3748
9.730	 2.41	 1	 -41.4416	  174.8199
9.738	 2.33	 1	 -42.2061	  173.6635
9.755	 2.05	 1	 -42.2179	  172.5383
9.762	 2.73	 1	 -42.6846	  173.0138
9.777	 2.01	 1	 -42.2154	  173.7622
9.787	 3.13	 1	 -40.5684	  169.6460
9.788	 2.23	 1	 -44.2866	  178.7426
9.791	 2.04	 1	 -42.3307	  171.8645
9.810	 2.65	 1	 -44.0644	  174.2425
9.811	 3.16	 1	 -45.6677	  177.6094
9.823	 2.51	 1	 -42.3930	  173.7475
9.827	 2.45	 2	 -42.5796	  173.1590
9.827	 2.66	 1	 -41.6642	  167.5902
9.834	 2.43	 1	 -41.5983	  174.8694
9.835	 2.05	 1	 -46.1277	  176.9698
9.839	 2.36	 1	 -41.9128	  171.3544
9.841	 2.17	 1	 -43.6590	  174.2657
9.847	 2.38	 1	 -38.7718	  171.4151
9.849	 4.53	 1	 -42.5797	  173.5990
9.869	 2.09	 1	 -47.1821	  173.3655
9.872	 2.67	 1	 -42.4690	  173.8298
9.877	 2.73	 1	 -41.4387	  171.7402
9.888	 3.10	 1	 -46.7557	  175.6427
9.903	 3.28	 1	 -44.7433	  176.2095
9.932	 2.65	 1	 -42.0198	  173.5115
9.933	 2.07	 1	 -41.7951	  174.5161
9.944	 2.14	 1	 -41.9958	  173.9139
9.944	 2.93	 1	 -43.0035	  173.1174
9.965	 2.07	 1	 -42.4400	  171.6280
9.966	 2.90	 1	 -42.7432	  173.0649
9.978	 2.13	 1	 -38.3085	  171.6618
9.978	 2.32	 1	 -46.1777	  176.8879
9.980	 3.37	 1	 -47.1667	  173.6324
9.983	 2.11	 1	 -43.9913	  173.7667
9.985	 2.39	 1	 -42.8959	  178.7045
9.986	 2.32	 2	 -47.1841	  173.6034
9.987	 2.69	 1	 -41.2342	  170.1824
9.989	 2.41	 1	 -39.4189	  168.8281
9.994	 2.52	 1	 -42.4329	  174.4787
10.033	 2.20	 1	 -45.1552	  175.3570
10.039	 2.42	 1	 -44.6170	  167.4930
10.048	 2.59	 1	 -43.0274	  172.5909
10.060	 2.24	 1	 -43.0815	  172.8877
10.061	 2.07	 1	 -42.2693	  170.5966
10.074	 2.07	 1	 -39.4136	  177.2086
10.088	 2.10	 1	 -42.8392	  171.8714
10.095	 2.01	 1	 -42.3052	  173.2278
10.097	 2.50	 1	 -40.4287	  167.7363
10.099	 2.25	 2	 -40.4372	  167.7195
10.104	 2.37	 1	 -41.9372	  173.6907
10.105	 2.15	 1	 -42.1687	  175.0195
10.112	 2.21	 1	 -40.7536	  173.7312
10.120	 2.35	 1	 -40.5828	  167.6195
10.127	 2.38	 1	 -41.7008	  174.2613
10.132	 2.14	 1	 -42.4197	  173.8098
10.156	 2.81	 1	 -42.1888	  175.0371
10.170	 2.14	 1	 -43.4278	  173.4281
10.170	 2.14	 1	 -44.4236	  172.3974
10.197	 2.96	 1	 -41.6099	  173.9256
10.198	 3.09	 1	 -41.9744	  168.6402
10.200	 2.08	 1	 -42.6362	  172.5935
10.205	 2.14	 1	 -41.6127	  173.5333
10.210	 2.01	 1	 -42.1537	  173.5771
10.242	 2.07	 1	 -43.0469	  173.7003
10.256	 3.47	 1	 -42.1738	  174.3069
10.258	 2.44	 1	 -46.3457	  169.4551
10.260	 2.48	 1	 -42.3270	  170.3181
10.260	 2.44	 1	 -41.9740	  176.1316
10.260	 2.62	 1	 -42.7230	  172.0161
10.265	 2.95	 1	 -42.6069	  169.5962
10.269	 2.02	 1	 -43.3238	  172.4793
10.288	 2.75	 1	 -43.7342	  172.8988
10.329	 2.95	 1	 -46.8761	  175.2647
10.343	 2.65	 1	 -42.2375	  171.9121
10.344	 2.78	 1	 -47.1009	  174.2280
10.345	 2.05	 1	 -42.0646	  172.6079
10.353	 2.07	 1	 -41.9605	  172.4664
10.354	 2.34	 1	 -41.9984	  173.6749
10.366	 2.04	 1	 -42.2775	  172.5388
10.375	 2.94	 1	 -42.7918	  172.1198
10.389	 2.05	 1	 -44.1543	  175.9013
10.394	 2.57	 1	 -43.1574	  173.6550
10.409	 3.25	 1	 -42.6550	  172.7203
10.418	 2.11	 1	 -43.1567	  173.0279
10.434	 2.33	 1	 -43.5298	  171.5679
10.446	 3.11	 1	 -41.4349	  171.5875
10.456	 2.32	 1	 -42.5918	  174.2878
10.461	 2.05	 1	 -41.9558	  173.8625
10.465	 2.51	 1	 -41.4511	  170.0518
10.472	 2.22	 1	 -43.6668	  174.1703
10.473	 2.09	 1	 -38.3026	  174.3465
10.482	 2.11	 1	 -41.0678	  178.7266
10.494	 2.04	 1	 -42.4938	  174.1386
10.495	 2.63	 1	 -42.5081	  172.2416
10.498	 2.03	 1	 -43.1517	  172.0877
10.507	 2.37	 1	 -42.7962	  175.1982
10.514	 3.46	 1	 -41.7228	  172.4385
10.529	 2.00	 1	 -42.5455	  177.4125
10.535	 2.31	 1	 -41.2312	  173.8192
10.536	 2.92	 1	 -43.1578	  175.0754
10.551	 2.16	 1	 -42.5538	  173.6719
10.562	 2.73	 1	 -43.0587	  175.0166
10.592	 2.24	 1	 -41.3986	  167.5097
10.598	 2.13	 1	 -42.8260	  172.4379
10.602	 2.89	 1	 -46.6545	  175.9154
10.604	 2.69	 1	 -42.3212	  172.5563
10.606	 3.20	 1	 -41.7481	  179.0035
10.634	 2.15	 1	 -42.4887	  174.0530
10.635	 2.79	 1	 -40.3285	  178.2262
10.641	 2.46	 1	 -46.7329	  170.3369
10.650	 2.39	 1	 -43.7099	  174.6565
10.650	 2.03	 1	 -41.9134	  179.0474
10.658	 2.07	 1	 -42.1018	  173.6789
10.680	 2.08	 1	 -41.6490	  173.8764
10.681	 2.43	 1	 -43.0053	  170.4100
10.699	 2.06	 1	 -42.7854	  173.1959
10.700	 2.83	 1	 -41.7071	  174.1092
10.709	 2.34	 1	 -42.8472	  169.6589
10.719	 2.02	 1	 -41.9548	  173.7823
10.725	 2.04	 1	 -42.9395	  172.3262
10.732	 2.20	 1	 -42.6597	  166.9045
10.741	 2.06	 1	 -42.9730	  173.0807
10.759	 2.04	 1	 -39.3023	  174.7440
10.773	 2.17	 1	 -42.8222	  173.0351
10.779	 2.61	 1	 -44.4366	  173.2854
10.809	 2.07	 1	 -41.0009	  173.2241
10.817	 2.28	 1	 -41.8038	  172.6380
10.832	 2.07	 1	 -42.6724	  173.7903
10.833	 2.29	 1	 -41.8708	  174.1793
10.840	 2.23	 1	 -39.1035	  169.3365
10.850	 2.95	 1	 -45.2499	  178.0542
10.850	 2.12	 1	 -42.4530	  172.9825
10.853	 3.09	 1	 -42.3251	  172.2757
10.857	 2.02	 1	 -45.1068	  178.1833
10.860	 2.03	 1	 -44.4062	  173.4565
10.880	 2.03	 1	 -42.9259	  176.7054
10.888	 3.49	 1	 -42.4654	  170.2439
10.891	 2.17	 1	 -42.6704	  173.3291
10.893	 2.92	 2	 -42.6614	  170.4004
10.897	 2.27	 1	 -42.5124	  172.5168
10.903	 2.97	 1	 -40.1730	  178.0894
10.906	 2.48	 1	 -42.0567	  171.7227
10.906	 2.08	 1	 -43.6681	  174.3251
10.909	 2.20	 1	 -42.4981	  172.8983
10.943	 2.20	 1	 -43.0669	  170.7208
10.943	 2.24	 1	 -41.3225	  175.3141
10.945	 2.59	 1	 -41.8033	  170.8373
10.953	 2.52	 1	 -43.2864	  173.9481
10.965	 2.37	 1	 -45.6444	  174.8929
10.966	 2.83	 1	 -42.7124	  172.7093
10.967	 2.21	 1	 -43.5175	  176.9361
10.967	 2.22	 1	 -42.5847	  171.8057
10.982	 2.31	 1	 -42.4288	  173.7868
10.984	 2.18	 1	 -44.2729	  172.5881
10.985	 2.09	 1	 -41.2643	  171.3699
11.002	 2.08	 1	 -43.2983	  174.4688
11.002	 2.96	 1	 -42.2959	  169.9955
11.008	 2.48	 1	 -43.5560	  175.0825
11.013	 2.09	 1	 -41.2933	  169.4394
11.021	 2.15	 1	 -41.5752	  169.9292
11.022	 2.22	 1	 -40.2023	  168.9123
11.022	 2.04	 1	 -43.6159	  171.6613
11.028	 3.37	 1	 -41.9079	  176.8403
11.031	 2.45	 1	 -41.7670	  174.6091
11.042	 2.23	 1	 -40.0924	  174.8048
11.044	 2.75	 1	 -42.7881	  173.0903
11.052	 2.61	 1	 -41.8825	  170.3233
11.060	 2.21	 1	 -42.1473	  173.8676
11.067	 3.40	 1	 -44.2348	  172.4288
11.075	 2.80	 1	 -47.1710	  173.5711
11.077	 2.74	 1	 -45.3198	  168.0572
11.078	 2.27	 1	 -41.3408	  171.7070
11.091	 2.89	 1	 -43.8466	  173.1716
11.092	 2.16	 1	 -45.1065	  175.9516
11.093	 2.01	 1	 -42.7487	  172.9502
11.101	 2.72	 1	 -42.3180	  173.9123
11.102	 2.31	 1	 -41.5546	  174.7840
11.106	 2.02	 1	 -44.3457	  173.5910
11.115	 2.11	 1	 -42.8529	  173.2700
11.145	 2.18	 1	 -47.1712	  173.5679
11.154	 2.49	 2	 -43.0724	  173.1001
11.162	 2.53	 1	 -41.2973	  167.2063
11.169	 2.27	 1	 -45.3074	  168.5873
11.180	 2.08	 1	 -42.8889	  170.4029
11.193	 2.26	 1	 -42.5338	  173.1055
11.194	 2.11	 1	 -43.5273	  174.0470
11.210	 2.66	 1	 -38.9901	  169.5504
11.216	 2.12	 1	 -39.8738	  169.9435
11.220	 2.18	 1	 -42.8390	  173.1569
11.230	 2.50	 1	 -41.1350	  171.9054
11.251	 2.15	 1	 -41.8355	  174.1761
11.260	 2.23	 1	 -42.5090	  172.6987
11.275	 2.47	 1	 -42.2215	  173.5234
11.278	 2.10	 1	 -41.2251	  167.2393
11.318	 2.77	 1	 -45.6842	  168.4548
11.340	 2.48	 1	 -42.3005	  172.4612
11.357	 2.20	 1	 -40.6858	  178.4969
11.377	 2.51	 1	 -41.9217	  173.0753
11.387	 3.27	 1	 -46.9231	  170.9490
11.389	 2.09	 1	 -45.3910	  168.1284
11.395	 2.09	 1	 -47.1850	  172.7585
11.396	 2.20	 1	 -42.2107	  173.5504
11.398	 2.70	 1	 -43.0790	  173.6145
11.400	 2.01	 1	 -42.0793	  173.6918
11.411	 2.08	 1	 -42.7992	  172.4234
11.412	 3.05	 1	 -44.1330	  167.2267
11.422	 2.34	 1	 -42.3477	  171.7447
11.440	 3.30	 1	 -41.8890	  170.9805
11.444	 2.05	 2	 -41.8906	  170.9773
11.472	 2.46	 1	 -42.7272	  174.0428
11.475	 2.25	 1	 -39.7950	  171.0217
11.490	 2.25	 1	 -43.2915	  172.7962
11.491	 3.28	 1	 -47.0133	  174.7161
11.521	 3.10	 1	 -41.5773	  168.2624
11.547	 3.42	 1	 -39.7034	  170.6159
11.557	 2.87	 1	 -46.4505	  176.3817
11.557	 2.07	 2	 -41.4587	  172.0950
11.562	 2.35	 1	 -40.8733	  178.6169
11.583	 2.10	 1	 -42.4212	  171.8924
11.588	 2.02	 1	 -43.6696	  167.0505
11.600	 2.38	 1	 -42.0298	  173.6637
11.632	 2.12	 1	 -42.7509	  172.7566
11.651	 2.71	 1	 -40.2348	  172.0792
11.653	 2.35	 1	 -43.8717	  170.0214
11.658	 2.25	 1	 -43.7645	  178.9635
11.660	 2.07	 1	 -42.1041	  173.6099
11.663	 2.40	 1	 -41.6894	  177.6115
11.687	 2.32	 1	 -47.1830	  173.3425
11.693	 2.24	 1	 -43.8669	  170.3712
11.714	 3.03	 1	 -42.6302	  171.0289
11.719	 2.22	 1	 -42.2719	  173.0991
11.725	 3.45	 1	 -38.6507	  172.3580
11.741	 2.00	 1	 -45.5343	  177.7633
11.750	 2.45	 1	 -44.7789	  171.6927
11.755	 3.06	 1	 -44.6390	  167.5072
11.755	 2.60	 1	 -41.7841	  174.2331
11.758	 2.93	 1	 -42.5289	  173.1368
11.765	 2.50	 1	 -43.7147	  178.9798
11.768	 4.14	 1	 -42.4782	  178.8556
11.768	 2.20	 1	 -41.0476	  168.4442
11.779	 2.09	 1	 -43.0584	  172.6714
11.783	 2.57	 1	 -42.4152	  172.9620
11.786	 2.06	 2	 -42.4770	  178.8608
11.790	 2.24	 1	 -44.4458	  177.7301
11.817	 2.22	 1	 -44.4455	  170.9856
11.853	 2.35	 1	 -40.9141	  171.1658
11.858	 2.17	 1	 -44.6320	  176.2868
11.873	 2.05	 1	 -47.1723	  173.5513
11.891	 2.14	 1	 -42.7187	  171.7773
11.894	 3.95	 1	 -39.7869	  171.7206
11.896	 2.54	 1	 -44.0089	  173.8151
11.905	 2.45	 1	 -40.4907	  172.3978
11.950	 2.04	 1	 -40.7451	  176.3020
11.977	 2.59	 1	 -38.2313	  172.3729
11.991	 3.01	 1	 -43.4390	  173.5264
12.003	 2.54	 1	 -42.7301	  171.3994
12.003	 2.31	 1	 -41.3341	  172.1078
12.009	 2.00	 1	 -42.5352	  173.1569
12.019	 2.22	 1	 -42.3257	  172.1241
12.060	 2.34	 1	 -43.7540	  173.3155
12.076	 2.24	 1	 -42.6129	  173.3633
12.086	 2.59	 1	 -41.7787	  174.4098
12.096	 2.00	 1	 -47.0694	  171.6198
12.097	 2.43	 1	 -42.9155	  173.1093
12.103	 3.56	 1	 -42.1942	  173.3986
12.121	 2.10	 1	 -42.8808	  174.7800
12.131	 2.00	 1	 -45.5478	  172.0225
12.133	 2.16	 1	 -43.6161	  173.9489
12.143	 2.17	 1	 -40.3645	  178.2562
12.155	 2.31	 1	 -42.3247	  172.9879
12.156	 2.32	 1	 -43.3508	  173.4916
12.157	 2.17	 2	 -42.1949	  173.3986
12.170	 2.55	 1	 -41.3989	  175.3679
12.179	 2.03	 1	 -40.6353	  172.9744
12.185	 2.20	 1	 -43.8174	  173.5567
12.187	 2.13	 1	 -41.9576	  174.2106
12.188	 2.97	 1	 -42.6887	  173.1129
12.193	 2.33	 1	 -41.6731	  167.0636
12.204	 4.08	 1	 -41.3395	  172.3465
12.205	 2.28	 1	 -46.1798	  174.5527
12.205	 2.04	 1	 -40.2623	  174.4788
12.206	 2.69	 1	 -42.0169	  172.7287
12.214	 2.32	 1	 -43.7202	  171.9163
12.219	 2.00	 1	 -42.6834	  172.5609
12.223	 2.22	 1	 -44.2435	  178.2702
12.229	 2.44	 1	 -42.1690	  173.5760
12.243	 3.35	 1	 -45.6499	  177.6307
12.246	 2.42	 1	 -42.0843	  173.9655
12.250	 3.11	 1	 -44.1685	  174.0996
12.251	 2.43	 2	 -42.6315	  171.0106
12.254	 2.07	 1	 -38.2814	  171.8353
12.257	 2.12	 1	 -40.2209	  167.9114
12.258	 2.16	 1	 -41.6133	  175.2562
12.317	 2.50	 1	 -41.8287	  172.1974
12.322	 2.38	 1	 -42.6079	  172.9088
12.328	 2.22	 1	 -43.9136	  169.2798
12.330	 2.78	 1	 -44.0607	  167.1944
12.332	 2.84	 1	 -46.1589	  169.4051
12.339	 2.11	 1	 -41.4093	  174.2568
12.341	 2.30	 1	 -39.2858	  177.0152
12.345	 2.09	 1	 -42.7756	  173.2677
12.363	 2.90	 1	 -42.3346	  173.5194
12.374	 2.00	 1	 -41.4858	  174.0662
12.382	 2.49	 1	 -43.6751	  173.7979
12.383	 2.16	 1	 -42.1464	  172.2682
12.390	 2.80	 1	 -42.5379	  172.9402
12.398	 2.11	 1	 -42.9618	  172.5317
12.425	 2.45	 1	 -41.7109	  178.9924
12.427	 2.43	 1	 -42.2274	  173.8246
12.433	 2.05	 1	 -43.0988	  172.7375
12.437	 2.24	 1	 -43.1870	  172.1779
12.451	 2.41	 1	 -43.5410	  172.3922
12.469	 2.28	 1	 -43.2382	  175.7028
12.481	 2.65	 1	 -42.5477	  174.2279
12.485	 2.35	 1	 -47.0257	  171.3879
12.492	 3.00	 1	 -42.0153	  173.2986
12.503	 2.88	 1	 -42.0855	  173.6547
12.541	 2.11	 1	 -41.6003	  172.3939
12.550	 2.74	 1	 -42.2196	  172.5538
12.567	 2.02	 1	 -42.8394	  173.0033
12.567	 2.12	 1	 -44.9514	  172.9237
12.567	 2.07	 1	 -44.6381	  173.2170
12.568	 2.19	 1	 -43.2806	  176.4133
12.572	 2.48	 1	 -45.2254	  172.8893
12.591	 2.47	 1	 -42.1460	  173.5733
12.596	 2.83	 1	 -43.0457	  172.6219
12.597	 2.05	 1	 -44.2929	  178.7394
12.598	 2.16	 1	 -43.4833	  171.1005
12.599	 2.17	 1	 -41.6614	  176.2247
12.602	 2.14	 1	 -40.1746	  168.4692
12.607	 2.04	 1	 -43.2416	  173.5797
12.671	 2.49	 1	 -42.6758	  172.4871
12.672	 2.22	 1	 -45.6842	  177.5894
12.674	 3.26	 1	 -43.0028	  172.4657
12.676	 2.65	 1	 -43.8360	  178.9388
12.681	 2.52	 1	 -43.5211	  172.0402
12.681	 2.14	 1	 -47.1716	  172.4820
12.719	 2.56	 1	 -43.5689	  173.9807
12.731	 2.13	 1	 -43.4015	  174.3002
12.733	 2.22	 1	 -40.5632	  167.6338
12.737	 2.64	 1	 -42.2674	  173.6763
12.738	 2.11	 2	 -42.2598	  173.6691
12.739	 2.11	 1	 -41.5878	  174.7783
12.742	 3.87	 1	 -41.4266	  170.6345
12.751	 2.57	 1	 -44.1762	  172.3536
12.757	 2.02	 1	 -43.9602	  173.2957
12.759	 2.68	 1	 -46.6032	  170.0023
12.767	 2.65	 1	 -42.2683	  172.2099
12.780	 2.08	 1	 -42.5572	  172.9239
12.781	 2.84	 1	 -40.6428	  171.5556
12.783	 3.07	 1	 -41.7113	  172.5221
12.787	 2.58	 1	 -44.1792	  176.0122
12.798	 2.32	 1	 -44.7031	  172.2110
12.799	 2.29	 1	 -42.4048	  173.0838
12.806	 2.20	 1	 -41.9249	  173.6151
12.812	 2.06	 1	 -43.6012	  171.8566
12.814	 2.22	 1	 -43.8866	  170.0195
12.825	 2.02	 1	 -38.5464	  170.6543
12.827	 2.09	 1	 -42.4039	  173.7211
12.835	 2.04	 1	 -42.9569	  172.1516
12.839	 2.16	 1	 -45.8153	  175.5486
12.872	 2.12	 1	 -38.7717	  171.0152
12.887	 2.12	 1	 -43.7679	  172.0683
12.900	 2.17	 2	 -41.4907	  170.8457
12.902	 2.35	 1	 -45.6937	  175.2845
12.903	 2.35	 1	 -45.3114	  177.9953
12.905	 3.24	 1	 -42.4880	  173.2856
12.925	 2.25	 1	 -42.5687	  174.5901
12.928	 2.07	 1	 -42.4083	  173.7014
12.938	 2.45	 1	 -42.3554	  173.8676
12.943	 2.17	 1	 -41.0288	  171.0852
12.962	 4.24	 1	 -46.9330	  175.0576
12.974	 2.31	 1	 -41.9692	  173.7464
12.979	 3.46	 1	 -41.7074	  171.7894
12.980	 2.08	 1	 -42.2625	  172.0937
12.995	 2.34	 1	 -42.5200	  174.5051
13.039	 2.10	 1	 -41.7738	  172.8926
13.057	 2.23	 1	 -41.9712	  172.4306
13.067	 2.33	 1	 -46.9574	  174.9607
13.069	 2.43	 1	 -38.2391	  172.1766
13.069	 2.01	 1	 -45.3074	  168.0451
13.089	 3.21	 1	 -44.0482	  172.8041
13.101	 2.05	 1	 -44.8027	  171.8007
13.106	 2.05	 1	 -46.9830	  174.8534
13.112	 2.56	 1	 -43.2207	  173.0218
13.118	 3.10	 1	 -44.1727	  178.7990
13.127	 2.03	 3	 -40.0022	  174.8018
13.147	 2.15	 1	 -45.2663	  178.0387
13.147	 2.85	 1	 -43.2410	  172.1351
13.165	 2.21	 1	 -42.5240	  172.4097
13.179	 2.02	 1	 -41.7998	  174.2906
13.201	 2.27	 1	 -43.1349	  173.5313
13.205	 2.21	 2	 -42.3240	  173.4194
13.207	 2.10	 1	 -43.3238	  170.5995
13.219	 2.55	 1	 -42.6710	  173.2217
13.226	 2.67	 1	 -40.9390	  173.5750
13.228	 2.67	 1	 -42.1121	  171.9041
13.231	 2.37	 1	 -41.9292	  175.1757
13.240	 2.16	 1	 -42.3070	  172.2136
13.248	 2.46	 1	 -43.8615	  173.5657
13.258	 2.02	 1	 -45.9349	  177.2610
13.264	 2.06	 1	 -41.5899	  172.4422
13.264	 2.12	 2	 -41.5512	  172.7774
13.297	 2.26	 1	 -43.5095	  173.8535
13.325	 3.05	 1	 -39.6922	  173.6934
13.339	 3.34	 1	 -41.8063	  171.0017
13.367	 3.18	 1	 -41.9289	  174.0059
13.369	 2.36	 1	 -38.2084	  173.4778
13.381	 2.07	 1	 -42.8849	  173.7980
13.387	 2.15	 1	 -43.4636	  172.0761
13.397	 2.11	 1	 -40.4216	  171.7463
13.399	 3.42	 1	 -38.2598	  174.0494
13.404	 2.07	 1	 -45.3648	  168.1018
13.409	 2.47	 1	 -40.1046	  178.0252
13.413	 2.45	 1	 -40.3448	  177.1044
13.415	 2.67	 1	 -42.6358	  172.8976
13.419	 2.22	 1	 -42.2113	  172.1544
13.435	 2.07	 1	 -43.6570	  172.1594
13.438	 3.48	 1	 -43.2033	  169.7959
13.445	 2.56	 1	 -42.2339	  173.6136
13.450	 2.98	 1	 -45.5845	  175.4469
13.462	 2.41	 1	 -42.9436	  171.9496
13.470	 2.12	 1	 -42.7701	  172.7627
13.483	 2.37	 1	 -42.7563	  171.8518
13.494	 2.07	 1	 -43.0733	  173.1115
13.541	 2.60	 1	 -44.5135	  178.6158
13.550	 2.67	 1	 -42.6657	  172.8810
13.550	 2.77	 1	 -42.1250	  171.6606
13.577	 2.15	 1	 -41.9095	  172.8534
13.585	 2.02	 1	 -42.2007	  173.5233
13.594	 2.12	 1	 -46.6568	  172.2854
13.597	 2.12	 2	 -41.4130	  172.0358
13.615	 2.79	 1	 -38.5613	  170.6064
13.616	 2.18	 1	 -41.2684	  172.4176
13.618	 2.28	 1	 -43.2799	  173.3059
13.634	 2.05	 1	 -41.7069	  169.9059
13.647	 2.05	 1	 -42.8132	  172.8112
13.654	 3.72	 1	 -40.5935	  167.6118
13.659	 2.34	 2	 -40.6035	  167.6124
13.661	 2.37	 1	 -43.3821	  173.7404
13.685	 3.20	 1	 -43.3994	  174.0456
13.692	 2.09	 1	 -41.8893	  173.1082
13.701	 2.47	 1	 -42.0133	  173.6821
13.709	 3.12	 1	 -41.7658	  174.5265
13.746	 3.41	 1	 -42.1196	  170.9287
13.749	 2.70	 1	 -42.1515	  174.0462
13.757	 2.78	 1	 -44.8153	  178.4154
13.787	 2.07	 1	 -43.1278	  175.8176
13.795	 2.40	 1	 -42.1849	  173.6288
13.805	 2.52	 1	 -42.7163	  176.2187
13.808	 2.22	 1	 -43.8300	  172.7942
13.811	 3.40	 1	 -44.5786	  175.4207
13.819	 3.11	 1	 -39.7968	  168.3418
13.825	 2.48	 1	 -43.1384	  172.8582
13.845	 2.57	 1	 -40.0015	  177.8324
13.847	 2.15	 1	 -38.5411	  170.6713
13.868	 2.27	 1	 -42.9691	  171.3051
13.869	 2.09	 1	 -41.9549	  172.5584
13.871	 2.13	 1	 -42.1558	  172.1476
13.884	 2.12	 1	 -42.7404	  171.9727
13.885	 2.09	 1	 -44.1653	  173.2007
13.893	 2.39	 1	 -42.0383	  172.9324
13.905	 3.02	 1	 -43.1141	  172.8501
13.905	 2.38	 1	 -42.0544	  176.2103
13.910	 4.09	 1	 -42.3591	  173.1601
13.911	 2.02	 1	 -42.6768	  171.2451
13.913	 2.32	 1	 -42.6982	  172.6115
13.918	 3.03	 1	 -43.4532	  173.5844
13.920	 2.02	 1	 -43.4697	  166.9964
13.923	 2.75	 1	 -42.7135	  173.2174
13.939	 2.78	 1	 -39.6694	  172.0202
13.946	 2.25	 1	 -40.6842	  170.6004
13.962	 2.14	 1	 -41.4978	  173.1038
13.964	 2.09	 1	 -44.5840	  170.9028
13.986	 2.39	 1	 -42.3257	  174.8154
13.999	 2.73	 1	 -42.6336	  173.8661
