# Simulation 689
# RelativeTime(days) Magnitude Generation Latitude Longitude
Time Mag Gen Lat Lon
0.084	 2.10	 1	 -42.5184	  174.0999
0.084	 2.88	 1	 -42.0840	  173.9241
0.084	 2.47	 1	 -42.6501	  172.8996
0.084	 2.41	 1	 -43.1153	  172.7614
0.084	 2.20	 1	 -41.7509	  174.2487
0.084	 2.49	 1	 -42.5320	  173.5946
0.085	 2.45	 1	 -41.9522	  174.0760
0.085	 3.47	 1	 -41.7949	  174.2921
0.085	 2.54	 1	 -43.0971	  172.9848
0.086	 2.57	 1	 -42.5601	  172.8010
0.086	 2.28	 1	 -42.8644	  173.3107
0.087	 3.44	 1	 -42.3254	  173.7463
0.087	 2.27	 1	 -43.0656	  171.9721
0.087	 2.82	 1	 -42.3354	  173.7975
0.087	 2.81	 1	 -42.2521	  173.7305
0.087	 2.45	 1	 -41.6564	  174.3203
0.089	 2.09	 1	 -41.6092	  174.1803
0.089	 2.05	 1	 -42.5794	  172.8159
0.090	 2.58	 1	 -42.3926	  173.3472
0.090	 2.22	 1	 -42.0167	  173.8671
0.090	 2.06	 1	 -42.0974	  173.5831
0.090	 2.44	 1	 -38.5958	  170.5910
0.090	 2.18	 1	 -42.3631	  173.5296
0.090	 2.89	 1	 -41.5153	  174.1074
0.091	 2.46	 1	 -42.4667	  173.0103
0.091	 4.28	 1	 -41.7132	  174.3094
0.091	 2.53	 1	 -41.7587	  174.2020
0.092	 2.33	 1	 -42.1459	  173.5897
0.092	 2.28	 1	 -42.0535	  173.8035
0.093	 2.24	 1	 -42.2831	  173.8310
0.093	 2.17	 1	 -41.9991	  173.7506
0.093	 2.22	 1	 -42.7796	  173.2328
0.093	 2.33	 1	 -41.9758	  174.0896
0.094	 2.17	 1	 -42.3464	  173.4752
0.094	 2.23	 1	 -40.1644	  170.1459
0.095	 2.21	 1	 -42.2151	  173.6199
0.095	 2.08	 1	 -43.6749	  173.3519
0.096	 2.11	 1	 -42.2356	  173.5648
0.096	 3.35	 1	 -46.6624	  170.1491
0.096	 2.54	 2	 -42.3276	  173.7501
0.096	 2.03	 1	 -42.4845	  172.8169
0.097	 2.00	 1	 -42.4211	  173.6722
0.097	 2.01	 1	 -42.5016	  173.3700
0.098	 2.51	 1	 -42.2867	  172.5527
0.098	 2.56	 1	 -41.1946	  173.9381
0.098	 2.43	 1	 -42.9475	  173.4934
0.098	 2.90	 1	 -43.2702	  174.1231
0.098	 2.77	 1	 -41.6852	  174.2079
0.098	 2.60	 1	 -42.7905	  173.2047
0.098	 2.01	 1	 -42.2375	  173.8623
0.099	 2.02	 2	 -42.7905	  173.2177
0.099	 2.73	 1	 -42.2894	  173.7455
0.100	 2.07	 1	 -46.4703	  175.7563
0.101	 2.07	 1	 -43.5564	  173.8276
0.101	 2.81	 1	 -42.2669	  173.5949
0.101	 3.13	 1	 -41.7213	  174.1318
0.102	 2.01	 1	 -42.7713	  172.1687
0.102	 2.38	 1	 -42.2124	  172.8567
0.102	 2.31	 1	 -41.9018	  174.2030
0.103	 2.72	 1	 -42.6439	  174.7230
0.103	 2.47	 1	 -42.7148	  172.8043
0.103	 2.34	 1	 -43.9114	  173.0566
0.103	 2.22	 1	 -42.2483	  173.5801
0.104	 2.09	 1	 -42.4399	  173.0915
0.104	 2.34	 1	 -42.0180	  173.6803
0.104	 2.48	 1	 -42.2391	  173.6980
0.104	 2.08	 1	 -41.9935	  173.7751
0.105	 2.42	 1	 -42.7549	  173.1727
0.105	 2.13	 1	 -42.1963	  173.7566
0.105	 2.09	 1	 -47.0163	  171.3424
0.105	 2.80	 1	 -42.8292	  173.7221
0.106	 2.53	 1	 -42.5280	  172.8623
0.107	 2.42	 1	 -41.6755	  174.6014
0.107	 2.84	 1	 -41.7988	  174.2538
0.107	 2.31	 1	 -41.8062	  173.9559
0.108	 2.51	 2	 -42.1401	  173.7381
0.108	 2.17	 1	 -41.8932	  173.5005
0.108	 2.14	 1	 -42.7055	  172.7503
0.108	 3.05	 1	 -42.5368	  173.1905
0.109	 2.14	 1	 -42.4923	  173.2234
0.110	 2.14	 1	 -41.6259	  174.2449
0.110	 2.14	 1	 -38.6967	  175.8279
0.110	 2.15	 1	 -45.3637	  168.1008
0.110	 2.05	 1	 -42.1168	  173.6359
0.111	 2.66	 1	 -42.3356	  173.6901
0.111	 3.08	 1	 -41.9489	  173.7543
0.112	 2.12	 1	 -42.4475	  172.7249
0.112	 2.10	 1	 -42.1281	  173.4411
0.112	 2.22	 1	 -42.7438	  172.9067
0.112	 2.36	 1	 -44.1319	  173.2005
0.113	 2.10	 1	 -42.7943	  172.8735
0.114	 2.04	 1	 -42.7234	  173.6990
0.114	 2.14	 1	 -41.9469	  173.8553
0.115	 2.29	 1	 -41.9161	  173.0904
0.115	 2.52	 1	 -44.3194	  167.3188
0.115	 2.10	 1	 -41.9746	  173.7005
0.116	 3.10	 1	 -42.3903	  172.8155
0.116	 2.12	 1	 -43.1893	  173.7819
0.116	 3.61	 1	 -42.5618	  173.1917
0.117	 2.10	 1	 -42.8853	  173.2991
0.117	 2.11	 1	 -42.1847	  173.5645
0.117	 2.11	 1	 -41.5118	  174.2719
0.117	 2.47	 1	 -42.6923	  172.9849
0.118	 2.15	 1	 -41.9504	  173.9566
0.118	 2.05	 1	 -42.5110	  173.1154
0.118	 2.55	 1	 -41.8186	  174.3459
0.118	 2.56	 1	 -42.4053	  173.1855
0.119	 2.12	 1	 -42.4383	  172.5104
0.119	 3.05	 1	 -42.8875	  173.0262
0.120	 2.67	 2	 -42.7083	  172.8260
0.120	 2.19	 1	 -42.9085	  173.1102
0.121	 2.33	 1	 -43.3015	  172.5320
0.121	 2.95	 1	 -42.6914	  172.7823
0.121	 2.12	 1	 -42.2585	  173.4455
0.121	 2.97	 1	 -41.8475	  173.0083
0.121	 2.15	 1	 -41.7424	  173.7579
0.121	 2.15	 1	 -43.1462	  173.9790
0.122	 2.18	 1	 -43.0896	  171.6366
0.122	 2.38	 1	 -42.5395	  173.4959
0.122	 2.34	 1	 -41.7544	  174.3270
0.122	 2.35	 1	 -43.7270	  171.5700
0.122	 2.33	 1	 -42.2787	  173.8638
0.122	 2.60	 1	 -42.3246	  172.7553
0.123	 2.47	 1	 -42.5650	  172.9349
0.123	 2.49	 1	 -41.8894	  173.8080
0.123	 2.14	 1	 -41.6536	  174.4095
0.124	 2.47	 1	 -42.3592	  173.1349
0.124	 2.60	 1	 -43.6671	  173.8940
0.124	 2.06	 1	 -42.2284	  173.6448
0.124	 2.14	 1	 -42.1875	  173.3525
0.124	 2.04	 1	 -42.0100	  173.8070
0.125	 2.30	 1	 -41.8729	  173.9808
0.126	 2.27	 1	 -41.6964	  174.4167
0.127	 2.94	 1	 -43.2896	  174.5877
0.127	 2.39	 1	 -41.5109	  173.9228
0.127	 2.05	 1	 -42.5015	  173.2047
0.127	 2.00	 1	 -41.7424	  174.2360
0.127	 2.57	 1	 -42.6924	  173.0473
0.129	 2.12	 1	 -41.7932	  174.1980
0.130	 2.02	 1	 -42.2543	  173.5756
0.130	 2.04	 1	 -42.6197	  172.6492
0.130	 2.38	 1	 -42.4374	  172.6950
0.130	 3.57	 1	 -42.4363	  173.0997
0.131	 3.29	 1	 -42.2708	  173.7565
0.131	 2.13	 1	 -42.3185	  173.4390
0.131	 2.13	 1	 -41.6359	  174.2169
0.131	 2.20	 1	 -42.6510	  172.8483
0.132	 2.25	 1	 -42.5733	  173.4689
0.133	 2.39	 1	 -42.2884	  173.9889
0.134	 2.57	 1	 -42.3671	  173.6012
0.134	 2.82	 1	 -41.8341	  173.9637
0.135	 2.02	 1	 -42.4235	  173.9094
0.136	 2.43	 1	 -42.1458	  173.3914
0.137	 2.80	 1	 -41.6455	  174.4743
0.137	 2.10	 1	 -42.4198	  173.0087
0.137	 2.24	 1	 -41.7414	  174.2354
0.138	 2.23	 1	 -42.3518	  173.7711
0.138	 2.78	 1	 -41.6439	  174.5389
0.139	 2.01	 1	 -42.7405	  172.9705
0.139	 2.51	 1	 -41.6911	  174.2598
0.139	 2.23	 1	 -41.8295	  174.2129
0.139	 2.37	 1	 -42.2252	  173.7046
0.140	 2.27	 1	 -42.2475	  173.7460
0.140	 2.33	 1	 -41.9553	  173.6865
0.141	 2.03	 1	 -42.0418	  173.5738
0.141	 2.36	 1	 -42.6739	  172.8898
0.142	 2.17	 1	 -42.7010	  173.2460
0.142	 2.12	 1	 -42.8577	  173.0344
0.142	 2.58	 1	 -42.5842	  173.0604
0.143	 3.91	 1	 -42.3061	  173.6849
0.143	 2.04	 1	 -42.9102	  173.2432
0.146	 2.47	 1	 -39.1993	  169.1699
0.146	 2.10	 1	 -41.8308	  173.8431
0.146	 2.01	 1	 -39.0125	  176.5377
0.147	 2.47	 1	 -38.5759	  170.5607
0.147	 2.60	 1	 -41.7841	  174.0135
0.148	 2.68	 1	 -42.1379	  173.6591
0.149	 3.33	 1	 -42.5309	  173.7056
0.149	 2.13	 1	 -42.1656	  173.5740
0.149	 2.29	 1	 -42.4534	  173.6555
0.150	 2.37	 1	 -45.0237	  178.2536
0.150	 2.95	 1	 -42.4216	  173.7743
0.150	 2.82	 1	 -42.3138	  173.8462
0.151	 2.31	 1	 -41.6615	  174.3262
0.151	 2.35	 1	 -41.9423	  174.0108
0.151	 2.02	 1	 -42.1800	  173.5631
0.152	 2.53	 2	 -42.1389	  172.7172
0.153	 2.86	 1	 -41.7766	  174.4378
0.154	 2.32	 1	 -41.9113	  173.8035
0.154	 2.53	 1	 -42.6373	  172.7538
0.154	 3.49	 1	 -41.7729	  173.4699
0.154	 2.60	 1	 -42.1776	  173.3925
0.154	 3.65	 1	 -42.7396	  172.7516
0.155	 2.16	 1	 -41.7290	  174.2432
0.155	 2.12	 1	 -42.8451	  173.4642
0.156	 2.36	 1	 -41.6705	  174.1748
0.157	 2.25	 1	 -42.0032	  173.7307
0.157	 2.70	 1	 -42.4700	  173.3667
0.158	 2.07	 1	 -42.8091	  172.9407
0.158	 2.26	 1	 -42.9588	  173.1662
0.160	 2.16	 1	 -41.9846	  173.6296
0.160	 2.82	 1	 -41.6757	  174.2822
0.161	 2.14	 1	 -42.5151	  173.7991
0.161	 3.57	 1	 -42.6165	  172.2405
0.162	 2.05	 1	 -42.2142	  173.5300
0.162	 2.26	 1	 -42.4928	  172.8377
0.162	 2.17	 1	 -41.8359	  174.0668
0.162	 2.43	 1	 -42.3634	  172.8742
0.162	 2.10	 1	 -42.9936	  174.6013
0.163	 2.51	 1	 -42.4208	  173.3445
0.163	 2.42	 1	 -42.3309	  173.4458
0.163	 2.14	 1	 -42.3613	  173.7045
0.165	 2.31	 1	 -42.8389	  172.2804
0.166	 2.19	 1	 -42.4814	  173.2831
0.166	 2.34	 1	 -42.4610	  173.8859
0.166	 2.87	 1	 -41.5077	  172.8642
0.167	 2.65	 1	 -41.7899	  173.9539
0.167	 2.21	 1	 -41.9579	  173.2879
0.167	 2.05	 1	 -43.1139	  172.8283
0.167	 2.35	 1	 -42.2294	  173.4520
0.167	 2.38	 1	 -42.8203	  172.9827
0.168	 2.70	 1	 -42.2041	  173.7077
0.168	 2.14	 1	 -42.6484	  172.7162
0.168	 2.24	 1	 -42.4692	  173.1513
0.168	 3.03	 1	 -42.7355	  173.2885
0.169	 2.52	 1	 -42.4693	  173.2119
0.169	 2.36	 1	 -41.9332	  173.6002
0.169	 2.02	 1	 -41.7161	  174.1963
0.169	 2.22	 1	 -42.1441	  173.6316
0.170	 2.03	 1	 -43.2988	  179.0841
0.170	 2.01	 1	 -42.4832	  173.9435
0.170	 2.93	 1	 -42.3347	  173.6706
0.170	 2.09	 1	 -42.6365	  172.9509
0.170	 2.48	 1	 -42.8902	  172.8126
0.171	 2.12	 1	 -42.1623	  173.5764
0.171	 2.56	 1	 -42.7578	  173.2279
0.171	 2.25	 1	 -41.7075	  174.0156
0.172	 2.41	 1	 -42.0648	  173.9892
0.172	 2.05	 1	 -42.2287	  173.6892
0.172	 2.03	 1	 -41.6674	  174.2567
0.173	 2.32	 1	 -42.4903	  173.1391
0.174	 2.21	 2	 -42.1779	  173.3920
0.174	 2.02	 1	 -41.8556	  174.1996
0.175	 2.05	 1	 -41.8216	  174.7218
0.175	 2.06	 1	 -42.1532	  173.7670
0.175	 3.49	 1	 -42.4832	  173.4429
0.175	 2.43	 1	 -42.3920	  173.1707
0.176	 2.25	 1	 -42.9753	  172.3835
0.176	 2.80	 1	 -42.3275	  173.5755
0.176	 2.00	 1	 -42.4941	  173.7046
0.176	 2.10	 1	 -42.0217	  172.1153
0.176	 2.41	 1	 -42.2447	  173.6986
0.177	 2.53	 1	 -42.6364	  173.2574
0.178	 2.63	 1	 -41.9188	  173.9090
0.178	 2.67	 1	 -42.8730	  174.0093
0.178	 2.18	 1	 -42.2961	  173.1130
0.178	 2.57	 1	 -42.9254	  173.0259
0.178	 2.13	 1	 -44.0819	  170.2809
0.179	 2.77	 1	 -41.8241	  172.1437
0.179	 2.08	 1	 -43.8600	  173.1401
0.180	 2.43	 1	 -42.3016	  173.5925
0.180	 2.22	 1	 -41.5528	  174.0658
0.180	 2.33	 1	 -42.9639	  172.7020
0.180	 2.15	 1	 -45.5746	  168.3262
0.180	 2.11	 1	 -41.6958	  174.2847
0.181	 2.11	 1	 -42.7366	  173.5458
0.181	 2.08	 1	 -42.6286	  172.2308
0.181	 2.56	 1	 -42.6636	  172.5437
0.181	 2.04	 1	 -42.5664	  172.7624
0.182	 2.07	 1	 -41.7518	  174.2940
0.182	 2.13	 1	 -42.1368	  173.8400
0.183	 2.61	 1	 -42.6035	  173.1367
0.184	 2.87	 1	 -41.8513	  174.3314
0.184	 2.22	 1	 -42.2237	  173.6216
0.184	 2.19	 1	 -42.7450	  172.9355
0.185	 2.41	 1	 -43.4732	  173.9012
0.185	 2.13	 1	 -42.0733	  173.7448
0.185	 2.32	 1	 -42.0774	  172.9427
0.186	 2.61	 1	 -42.2663	  173.6843
0.187	 2.51	 1	 -42.2611	  173.4935
0.187	 2.09	 1	 -41.8522	  174.0256
0.187	 2.13	 1	 -41.9601	  173.7166
0.187	 2.18	 1	 -42.4184	  173.3571
0.188	 2.14	 1	 -41.9214	  173.6861
0.188	 3.25	 1	 -42.6825	  173.3952
0.190	 2.02	 1	 -42.5200	  173.0282
0.191	 2.33	 1	 -41.6111	  174.3487
0.191	 2.17	 1	 -43.6439	  174.7652
0.191	 2.52	 1	 -41.8027	  173.4344
0.191	 2.02	 1	 -43.0519	  172.9211
0.192	 2.14	 1	 -42.3313	  173.7511
0.192	 2.17	 1	 -42.3496	  173.7242
0.192	 2.38	 1	 -42.8428	  173.3311
0.193	 2.03	 1	 -41.7366	  174.1760
0.194	 2.51	 1	 -42.5548	  173.4440
0.195	 2.67	 1	 -42.6924	  173.3396
0.195	 2.21	 1	 -41.6156	  174.3240
0.196	 2.08	 1	 -42.7332	  172.7965
0.197	 2.44	 1	 -41.6262	  174.3549
0.198	 2.62	 1	 -41.9283	  172.9427
0.198	 2.13	 1	 -42.6576	  173.2346
0.198	 2.12	 1	 -42.5240	  173.1654
0.199	 3.26	 1	 -42.0922	  173.5466
0.200	 2.32	 1	 -42.5448	  173.1322
0.200	 2.19	 1	 -41.9879	  173.6646
0.201	 2.24	 1	 -42.4114	  172.8104
0.202	 2.10	 1	 -42.1533	  175.4328
0.202	 2.23	 1	 -42.6668	  172.8449
0.202	 2.12	 1	 -42.2553	  173.7535
0.202	 2.23	 1	 -42.6821	  173.0352
0.204	 3.87	 1	 -41.6891	  174.0392
0.205	 4.19	 1	 -47.1686	  173.6064
0.206	 2.80	 1	 -42.0744	  173.6830
0.206	 2.87	 1	 -42.4992	  173.2240
0.207	 2.45	 1	 -42.2652	  173.7674
0.208	 2.95	 1	 -42.1946	  173.0847
0.208	 2.37	 1	 -42.4564	  173.6496
0.211	 2.25	 2	 -42.3587	  173.5324
0.211	 3.54	 1	 -42.3099	  173.4066
0.212	 2.60	 1	 -41.8191	  174.2386
0.212	 2.13	 1	 -42.5115	  173.1351
0.213	 2.64	 1	 -42.3979	  173.0691
0.213	 2.17	 1	 -41.7397	  174.1620
0.213	 3.17	 1	 -41.6213	  174.2878
0.214	 2.12	 1	 -42.9553	  175.2086
0.214	 2.28	 1	 -41.8387	  174.2095
0.215	 2.27	 1	 -41.9347	  173.6920
0.215	 2.10	 1	 -42.4240	  173.7714
0.215	 2.06	 1	 -42.4906	  173.6812
0.215	 2.34	 1	 -41.7687	  174.4609
0.215	 2.63	 1	 -42.7457	  173.3076
0.216	 2.08	 1	 -42.4507	  176.7202
0.217	 2.70	 1	 -42.5541	  173.2439
0.217	 2.88	 1	 -42.5417	  173.0892
0.218	 2.64	 1	 -42.0052	  173.7455
0.218	 2.23	 1	 -39.1680	  174.5159
0.219	 2.63	 1	 -43.1254	  172.6534
0.219	 2.07	 1	 -42.6224	  173.0559
0.220	 2.25	 1	 -41.5933	  175.3225
0.220	 2.04	 1	 -42.8583	  172.8063
0.220	 2.47	 1	 -41.7166	  174.2460
0.220	 2.41	 1	 -43.0770	  171.2675
0.221	 2.23	 1	 -41.8730	  174.1706
0.222	 3.91	 1	 -41.7137	  174.2315
0.222	 2.13	 1	 -42.1834	  173.8242
0.223	 2.22	 1	 -42.3569	  173.7861
0.223	 2.00	 1	 -41.7865	  174.1923
0.223	 2.06	 1	 -42.6707	  173.0288
0.225	 2.27	 1	 -43.6343	  172.0702
0.225	 2.59	 1	 -42.3398	  173.5249
0.226	 2.01	 1	 -42.1743	  173.5903
0.227	 2.74	 1	 -41.8106	  173.8832
0.227	 2.03	 1	 -42.7976	  172.9624
0.227	 2.46	 1	 -42.1560	  173.6326
0.228	 2.70	 1	 -41.8988	  173.8741
0.228	 2.25	 1	 -42.2217	  173.5992
0.229	 2.36	 1	 -42.1098	  173.5704
0.229	 3.16	 1	 -42.6341	  173.1762
0.230	 2.70	 1	 -42.6925	  173.4066
0.230	 2.38	 1	 -42.4906	  173.8753
0.231	 2.06	 2	 -41.6226	  174.2890
0.231	 2.11	 1	 -42.9895	  172.7946
0.232	 2.05	 1	 -42.1809	  173.5183
0.232	 2.34	 1	 -42.3376	  173.4892
0.232	 2.15	 1	 -42.1949	  173.6929
0.233	 2.22	 1	 -42.1832	  173.6418
0.235	 2.28	 1	 -43.1889	  171.2402
0.236	 3.23	 1	 -42.6189	  173.1575
0.236	 2.73	 1	 -43.1421	  172.9617
0.237	 2.01	 1	 -42.3160	  173.2535
0.238	 2.36	 1	 -42.2953	  173.7505
0.241	 2.13	 1	 -42.9904	  173.5157
0.241	 2.16	 1	 -42.2087	  173.6632
0.241	 2.24	 1	 -42.3201	  174.3045
0.241	 3.24	 1	 -41.7644	  174.2209
0.242	 2.91	 1	 -42.7222	  173.0671
0.243	 2.53	 1	 -42.7098	  173.0631
0.243	 2.15	 1	 -40.9817	  175.4261
0.244	 2.04	 1	 -42.8914	  172.5565
0.245	 2.06	 1	 -41.7907	  172.3711
0.246	 2.07	 1	 -41.7049	  174.2773
0.246	 2.69	 1	 -41.3058	  174.3533
0.246	 2.33	 1	 -41.4363	  173.5126
0.246	 3.05	 1	 -42.5580	  173.9002
0.246	 2.26	 2	 -42.7809	  172.8700
0.247	 2.16	 1	 -42.2582	  172.5283
0.247	 2.67	 1	 -42.6723	  172.4651
0.247	 2.33	 1	 -42.0989	  173.9965
0.247	 2.54	 1	 -42.6582	  172.8230
0.247	 2.44	 1	 -42.7482	  173.6834
0.249	 2.71	 1	 -42.6539	  173.1410
0.251	 2.07	 1	 -42.8200	  173.0506
0.252	 3.41	 1	 -42.5372	  173.0636
0.252	 2.04	 1	 -42.3112	  173.9003
0.253	 2.33	 1	 -42.4630	  173.2443
0.253	 2.11	 1	 -42.3916	  173.7556
0.254	 3.14	 1	 -42.1106	  173.7408
0.254	 2.45	 1	 -41.9828	  173.7309
0.255	 2.20	 1	 -42.2778	  173.9132
0.256	 2.28	 1	 -42.3473	  172.0456
0.257	 2.44	 1	 -42.6053	  172.8136
0.257	 2.74	 1	 -42.4087	  173.6720
0.257	 2.17	 1	 -41.8708	  174.1582
0.257	 2.13	 1	 -42.7821	  173.3120
0.258	 2.95	 1	 -38.6048	  169.7943
0.258	 2.16	 1	 -42.2267	  173.5796
0.259	 2.60	 1	 -41.8221	  174.3578
0.259	 2.43	 2	 -41.7723	  174.4350
0.259	 2.11	 1	 -42.2745	  173.7070
0.260	 3.44	 1	 -43.3521	  173.4750
0.262	 3.00	 1	 -42.1052	  173.5036
0.263	 2.35	 1	 -42.3680	  173.3377
0.263	 2.10	 1	 -43.0400	  173.4133
0.265	 2.22	 1	 -42.7118	  173.4247
0.265	 2.08	 1	 -42.3937	  173.7420
0.266	 2.02	 1	 -42.6236	  172.9857
0.267	 2.15	 1	 -41.2133	  173.0066
0.267	 2.31	 1	 -42.3693	  173.8797
0.267	 2.22	 1	 -42.0428	  173.7264
0.267	 2.26	 1	 -42.3604	  172.1595
0.268	 2.30	 1	 -42.1471	  173.9243
0.268	 2.12	 1	 -41.8809	  173.8909
0.269	 2.99	 1	 -42.7719	  173.5320
0.269	 2.75	 1	 -43.8184	  173.5991
0.269	 2.39	 1	 -42.6825	  172.9223
0.269	 2.03	 1	 -42.9775	  173.4711
0.269	 2.99	 1	 -42.4724	  173.0249
0.270	 2.51	 1	 -44.5025	  173.4922
0.270	 3.88	 1	 -42.3026	  172.8909
0.270	 2.55	 1	 -41.9352	  172.1827
0.272	 2.38	 1	 -42.6402	  172.7666
0.272	 2.55	 2	 -47.0720	  173.5929
0.272	 2.02	 1	 -42.1708	  173.9257
0.273	 2.86	 1	 -43.1952	  172.9368
0.273	 2.08	 1	 -41.6024	  171.3548
0.274	 2.11	 1	 -41.9619	  173.5542
0.274	 2.16	 1	 -41.9815	  173.9248
0.275	 2.89	 1	 -42.7375	  173.3221
0.277	 2.68	 1	 -42.7852	  173.1156
0.277	 2.54	 1	 -42.4043	  173.6341
0.278	 2.11	 1	 -38.2295	  172.2762
0.278	 2.74	 1	 -43.1099	  173.1683
0.279	 3.23	 1	 -41.5678	  172.4615
0.280	 2.43	 1	 -43.3780	  172.1734
0.280	 2.18	 1	 -42.9457	  174.0010
0.280	 2.04	 1	 -42.4918	  172.8156
0.280	 2.58	 1	 -42.2541	  174.4601
0.284	 2.35	 1	 -42.4819	  173.0818
0.286	 2.50	 1	 -42.2415	  173.3416
0.287	 2.75	 1	 -42.8999	  172.5500
0.288	 2.84	 1	 -42.4575	  172.6247
0.288	 2.22	 1	 -42.7322	  172.9480
0.289	 2.20	 1	 -42.1010	  173.7830
0.289	 2.37	 1	 -42.5163	  173.4301
0.289	 2.31	 1	 -42.5933	  173.0249
0.290	 3.51	 1	 -42.3140	  173.8391
0.291	 2.18	 1	 -41.7735	  174.1288
0.291	 2.07	 1	 -41.8331	  173.7620
0.292	 2.75	 1	 -43.0818	  178.3336
0.295	 2.12	 1	 -42.5430	  173.7586
0.295	 2.34	 1	 -43.9233	  178.9063
0.297	 2.64	 1	 -44.7336	  172.3419
0.297	 2.28	 1	 -41.9906	  173.7578
0.298	 2.36	 1	 -42.7121	  172.8626
0.298	 2.25	 1	 -42.5914	  173.1290
0.299	 2.42	 1	 -42.2801	  173.4998
0.301	 2.33	 1	 -42.3178	  172.3666
0.301	 3.15	 2	 -41.7456	  174.0576
0.303	 2.56	 1	 -42.3271	  173.0409
0.303	 2.18	 1	 -43.0397	  172.8557
0.303	 2.22	 1	 -42.6018	  172.7351
0.304	 4.46	 1	 -41.9416	  174.1865
0.305	 2.23	 1	 -43.2725	  172.7147
0.305	 2.40	 1	 -42.3787	  173.5927
0.306	 2.29	 1	 -41.8389	  173.1916
0.308	 3.01	 1	 -42.2082	  174.0676
0.308	 2.36	 1	 -42.2176	  173.6120
0.309	 2.03	 1	 -42.3254	  174.5000
0.310	 2.70	 1	 -42.6433	  173.1506
0.310	 2.75	 1	 -41.7387	  174.2075
0.311	 2.31	 1	 -43.2814	  173.2779
0.312	 3.40	 1	 -41.6291	  173.6995
0.316	 2.01	 1	 -45.3825	  173.2881
0.316	 2.13	 1	 -42.0948	  173.7342
0.316	 2.16	 1	 -41.8492	  173.7944
0.317	 2.29	 1	 -42.3315	  172.6265
0.317	 5.07	 1	 -43.0314	  173.8864
0.318	 2.01	 1	 -42.5452	  173.0729
0.319	 2.02	 2	 -42.5839	  174.2474
0.319	 2.22	 2	 -41.3062	  174.3544
0.319	 2.28	 1	 -42.0142	  173.6597
0.320	 2.05	 1	 -42.5784	  172.9867
0.320	 2.11	 1	 -42.8652	  173.1738
0.321	 2.11	 1	 -41.8921	  173.9863
0.322	 3.96	 1	 -42.9655	  174.1077
0.323	 2.14	 1	 -42.8029	  173.0841
0.324	 2.03	 1	 -42.5959	  173.6793
0.324	 2.24	 1	 -42.2446	  173.6992
0.324	 3.24	 1	 -42.8737	  172.8834
0.326	 3.39	 1	 -41.7973	  174.4351
0.326	 2.05	 1	 -42.1489	  173.6353
0.326	 2.49	 1	 -42.2784	  173.6582
0.326	 2.34	 1	 -42.8477	  172.9493
0.326	 3.02	 1	 -42.0835	  173.7159
0.328	 2.09	 1	 -42.4078	  173.2705
0.328	 2.07	 1	 -42.3051	  173.4012
0.329	 2.14	 1	 -42.6643	  173.6498
0.329	 2.41	 1	 -42.5047	  172.3178
0.329	 2.35	 1	 -41.6570	  172.9203
0.333	 2.44	 1	 -42.0053	  173.5800
0.334	 2.19	 1	 -47.0229	  171.3740
0.334	 2.11	 1	 -43.4720	  174.0766
0.337	 2.03	 1	 -41.8973	  173.2183
0.337	 2.36	 1	 -42.2230	  174.4532
0.339	 3.08	 1	 -41.8678	  174.1858
0.339	 2.15	 1	 -42.3925	  171.7910
0.341	 2.17	 1	 -42.6001	  172.8784
0.343	 2.11	 1	 -44.2520	  176.9712
0.344	 2.88	 1	 -43.0719	  171.2881
0.344	 3.03	 1	 -42.2468	  173.3431
0.344	 2.20	 1	 -42.6718	  173.1980
0.346	 2.96	 1	 -41.6821	  174.3738
0.347	 2.09	 1	 -42.2443	  173.8486
0.347	 3.24	 1	 -42.3971	  173.1783
0.348	 2.34	 1	 -41.7176	  174.2179
0.350	 2.23	 1	 -38.7803	  176.0381
0.350	 3.66	 1	 -42.3203	  173.7286
0.351	 2.19	 1	 -42.6887	  173.3434
0.351	 3.48	 1	 -42.1798	  173.7143
0.351	 2.27	 1	 -41.9788	  172.7588
0.352	 2.13	 1	 -42.6584	  172.8887
0.353	 2.65	 1	 -42.1927	  173.7500
0.353	 2.23	 1	 -43.2147	  173.3720
0.354	 2.28	 1	 -44.1321	  167.4261
0.354	 2.80	 2	 -41.8104	  173.8368
0.354	 2.18	 1	 -43.6643	  167.0489
0.355	 2.41	 1	 -42.1356	  172.9222
0.355	 2.21	 1	 -42.2397	  173.9132
0.356	 2.10	 1	 -43.6254	  173.9768
0.356	 2.93	 1	 -42.6341	  173.4919
0.356	 2.19	 1	 -42.1574	  173.6700
0.356	 2.21	 1	 -41.9718	  173.6640
0.357	 2.29	 1	 -42.1483	  173.5706
0.358	 2.32	 1	 -42.4284	  173.1889
0.360	 2.01	 1	 -42.4571	  173.1703
0.360	 3.05	 1	 -42.9643	  173.3801
0.360	 2.10	 1	 -42.5268	  173.3807
0.361	 2.42	 1	 -43.2973	  171.3344
0.362	 2.64	 1	 -42.4446	  173.3504
0.363	 2.03	 2	 -42.4342	  172.6719
0.364	 2.27	 1	 -42.7985	  173.1753
0.364	 2.26	 1	 -41.8441	  174.3110
0.364	 2.29	 1	 -42.8836	  172.8907
0.364	 2.71	 1	 -42.1838	  173.5761
0.365	 2.66	 1	 -41.6952	  174.1667
0.366	 2.23	 1	 -42.4888	  172.6234
0.366	 2.03	 1	 -42.2247	  173.6024
0.367	 2.14	 2	 -43.0346	  173.7794
0.367	 2.70	 1	 -42.5867	  174.8083
0.368	 2.05	 1	 -43.5056	  174.5131
0.368	 2.06	 1	 -42.1389	  173.5675
0.369	 2.30	 1	 -42.6710	  173.4786
0.369	 2.01	 1	 -42.3076	  172.9848
0.369	 2.83	 1	 -43.2718	  172.6203
0.371	 2.05	 1	 -42.5974	  173.1316
0.371	 3.09	 1	 -42.0508	  173.6916
0.371	 2.95	 1	 -42.4434	  173.2999
0.372	 2.03	 1	 -42.5559	  172.9121
0.373	 3.17	 1	 -46.6169	  176.0089
0.374	 3.31	 1	 -42.3225	  173.7080
0.374	 2.10	 1	 -42.9901	  173.0823
0.375	 2.07	 1	 -42.6673	  172.9013
0.377	 2.02	 1	 -42.1178	  173.7044
0.378	 2.05	 1	 -42.9401	  172.7312
0.378	 2.05	 1	 -42.4425	  173.7531
0.381	 2.31	 1	 -43.1408	  170.3624
0.381	 2.46	 1	 -43.0828	  173.1160
0.382	 2.82	 1	 -42.7253	  172.8878
0.382	 2.36	 1	 -42.1944	  173.5917
0.383	 2.32	 1	 -42.6194	  173.1625
0.389	 3.50	 1	 -42.0237	  173.6710
0.390	 2.02	 1	 -42.1880	  173.5440
0.390	 2.03	 1	 -42.0584	  173.7197
0.392	 3.09	 1	 -42.2887	  174.5569
0.392	 3.88	 1	 -41.7123	  174.3046
0.392	 2.60	 1	 -42.1523	  173.6364
0.393	 2.05	 1	 -42.0987	  173.6656
0.393	 2.12	 1	 -42.0745	  173.9391
0.393	 2.07	 1	 -42.0033	  173.7272
0.394	 2.05	 1	 -42.5964	  173.7073
0.395	 2.83	 1	 -41.7414	  172.3997
0.396	 2.32	 1	 -41.0225	  177.5871
0.397	 2.66	 2	 -43.0401	  173.8891
0.398	 2.26	 1	 -42.1776	  173.6087
0.398	 2.62	 1	 -41.9242	  172.8882
0.398	 2.44	 1	 -42.8189	  173.7144
0.399	 2.14	 1	 -43.0439	  173.1822
0.399	 2.11	 1	 -42.3739	  173.3205
0.400	 2.00	 1	 -43.2421	  172.6409
0.401	 2.52	 1	 -42.5730	  173.8623
0.402	 2.08	 1	 -42.5487	  172.8837
0.402	 2.32	 1	 -41.7704	  174.3166
0.402	 2.27	 1	 -41.7542	  174.2927
0.402	 2.59	 1	 -41.7072	  173.4763
0.402	 2.10	 1	 -42.4060	  173.7861
0.403	 2.66	 1	 -42.4459	  173.7129
0.405	 2.14	 1	 -42.5115	  173.3464
0.406	 2.12	 1	 -42.3268	  173.6434
0.410	 2.10	 1	 -42.6013	  173.0131
0.410	 2.67	 1	 -41.6817	  174.3260
0.411	 2.60	 1	 -42.3731	  173.9074
0.412	 2.20	 1	 -41.7928	  174.2605
0.412	 2.28	 1	 -42.1861	  173.6279
0.412	 2.00	 1	 -42.3151	  173.0802
0.413	 3.15	 2	 -42.1061	  173.3838
0.416	 2.32	 1	 -42.8560	  172.8362
0.417	 2.45	 1	 -40.3310	  172.3894
0.417	 2.59	 1	 -38.5234	  175.3140
0.418	 2.29	 1	 -41.8648	  174.0612
0.420	 2.08	 1	 -41.5987	  174.5178
0.422	 2.48	 1	 -42.9032	  172.6319
0.422	 2.19	 1	 -42.5135	  172.7037
0.423	 2.27	 1	 -41.9812	  173.4120
0.424	 2.12	 1	 -42.2051	  173.6893
0.424	 3.49	 1	 -42.1830	  173.3224
0.426	 2.76	 1	 -41.7242	  174.5672
0.426	 2.28	 1	 -42.6044	  173.1707
0.428	 2.64	 1	 -42.1589	  179.4170
0.429	 2.54	 1	 -40.8866	  178.6248
0.430	 2.20	 1	 -42.3640	  173.3406
0.431	 2.41	 1	 -42.6924	  173.3431
0.432	 2.31	 1	 -41.9549	  166.9872
0.433	 2.51	 1	 -42.6036	  172.9873
0.435	 3.16	 1	 -42.5893	  172.4553
0.435	 2.01	 1	 -42.9636	  172.9355
0.436	 2.23	 1	 -43.1258	  173.1016
0.436	 2.41	 1	 -42.4462	  173.8459
0.436	 2.33	 1	 -42.2420	  173.6688
0.436	 2.63	 1	 -42.2430	  173.4554
0.437	 2.06	 1	 -41.7497	  174.1942
0.437	 3.81	 1	 -42.5811	  173.1860
0.439	 2.47	 1	 -42.6039	  172.8470
0.439	 2.27	 1	 -42.7174	  173.1604
0.441	 2.50	 1	 -41.7142	  174.1984
0.442	 2.97	 1	 -42.0148	  173.6389
0.443	 2.93	 1	 -42.9811	  172.4950
0.444	 2.48	 1	 -41.6814	  174.2579
0.445	 2.18	 2	 -43.0240	  173.8790
0.445	 2.34	 1	 -42.4358	  173.4228
0.446	 2.04	 1	 -42.1887	  173.8130
0.446	 2.20	 1	 -41.7308	  171.5544
0.447	 2.04	 1	 -42.0062	  173.6790
0.447	 2.05	 1	 -42.4016	  173.8335
0.449	 2.53	 1	 -42.7790	  173.0022
0.452	 2.79	 1	 -39.6840	  176.9315
0.452	 2.69	 1	 -41.7991	  173.9769
0.453	 2.52	 1	 -43.2351	  173.6254
0.453	 2.27	 1	 -41.8459	  173.2946
0.454	 3.59	 1	 -42.1614	  173.5453
0.456	 2.27	 1	 -42.3431	  173.1529
0.457	 2.02	 1	 -42.2518	  173.9807
0.459	 2.71	 1	 -42.9907	  172.6763
0.459	 2.52	 1	 -42.3194	  173.5895
0.459	 2.08	 1	 -41.9931	  173.6825
0.461	 2.11	 1	 -42.2910	  173.7308
0.461	 2.37	 2	 -43.2615	  172.6163
0.463	 2.11	 1	 -42.5024	  173.3261
0.464	 2.07	 1	 -44.1327	  172.1246
0.464	 2.35	 1	 -42.4155	  173.7524
0.466	 2.15	 1	 -42.0202	  173.9569
0.468	 2.76	 1	 -42.2581	  173.2858
0.469	 2.40	 1	 -41.9405	  173.6851
0.472	 2.23	 1	 -42.7227	  173.0977
0.473	 2.18	 1	 -42.6372	  172.9998
0.475	 2.15	 1	 -41.8565	  174.2110
0.477	 2.40	 1	 -42.4375	  173.0950
0.478	 2.34	 2	 -46.6112	  170.1263
0.479	 2.45	 1	 -42.6552	  172.5471
0.480	 2.03	 1	 -43.4785	  173.1104
0.482	 2.80	 1	 -41.8196	  174.4058
0.483	 2.16	 1	 -42.2539	  173.4805
0.483	 2.22	 1	 -42.5555	  172.9471
0.485	 2.26	 1	 -41.9033	  174.3519
0.486	 2.14	 1	 -42.3187	  172.6645
0.487	 3.04	 1	 -42.0883	  173.7686
0.487	 3.32	 1	 -41.2547	  171.0356
0.489	 2.20	 1	 -43.0095	  173.0486
0.491	 2.09	 1	 -42.4338	  173.1623
0.491	 2.92	 1	 -42.5498	  173.0829
0.491	 2.54	 1	 -42.7269	  173.0606
0.491	 2.08	 1	 -42.1870	  173.6808
0.492	 2.02	 1	 -41.9677	  173.5613
0.493	 3.34	 1	 -42.5228	  173.1606
0.494	 2.03	 2	 -42.3355	  172.9035
0.495	 2.30	 1	 -42.3692	  172.7609
0.496	 2.33	 1	 -41.7533	  174.4228
0.496	 2.74	 1	 -42.4168	  173.1483
0.497	 2.31	 1	 -42.2385	  173.5220
0.497	 2.26	 1	 -42.4822	  172.8254
0.498	 2.86	 1	 -46.6774	  174.7068
0.498	 2.84	 1	 -42.2008	  173.6690
0.499	 2.12	 1	 -42.3495	  173.4016
0.501	 2.15	 1	 -41.7506	  174.2367
0.501	 2.31	 1	 -42.4048	  173.5859
0.503	 2.66	 1	 -42.2637	  173.7141
0.504	 2.02	 1	 -42.8372	  173.1474
0.506	 2.47	 1	 -42.1287	  173.2934
0.506	 2.61	 1	 -42.1657	  173.4439
0.516	 2.26	 1	 -41.6520	  173.3853
0.518	 2.12	 1	 -42.9329	  172.8077
0.519	 2.56	 1	 -41.7432	  174.2095
0.519	 2.29	 1	 -42.2166	  172.4605
0.519	 2.22	 2	 -42.4478	  173.8465
0.521	 2.10	 1	 -42.6939	  173.0325
0.521	 2.00	 1	 -42.0633	  172.4010
0.524	 2.98	 1	 -42.0450	  173.4606
0.527	 2.20	 1	 -41.8317	  174.2341
0.528	 2.49	 1	 -41.6637	  174.3183
0.530	 2.26	 1	 -42.8656	  172.7715
0.533	 2.38	 1	 -42.1039	  173.7854
0.535	 2.41	 1	 -42.5148	  173.8156
0.536	 2.17	 1	 -42.1621	  174.0615
0.536	 2.15	 1	 -42.6914	  171.6795
0.537	 2.91	 1	 -42.2832	  173.7140
0.537	 2.99	 1	 -41.6898	  174.2259
0.538	 3.18	 1	 -42.6362	  172.4693
0.542	 2.36	 1	 -42.2443	  173.5911
0.544	 2.40	 2	 -42.6138	  172.9827
0.544	 2.31	 1	 -42.1658	  173.2480
0.545	 2.15	 2	 -47.1337	  173.5917
0.550	 2.47	 1	 -42.6360	  172.7360
0.550	 2.22	 1	 -43.0983	  173.3141
0.551	 2.38	 1	 -41.9473	  173.6618
0.553	 3.12	 1	 -42.7567	  172.8436
0.555	 2.26	 1	 -42.5656	  172.9372
0.556	 2.52	 1	 -41.7174	  171.4736
0.556	 2.05	 1	 -41.8693	  173.9394
0.558	 2.67	 1	 -42.2708	  173.8091
0.559	 2.61	 2	 -42.6392	  173.5088
0.561	 2.41	 1	 -43.8321	  172.8219
0.562	 2.81	 1	 -42.4631	  173.1739
0.562	 2.07	 1	 -42.1904	  173.6405
0.563	 2.37	 1	 -44.0170	  176.2611
0.565	 2.09	 1	 -42.8411	  173.5747
0.567	 2.88	 1	 -41.7110	  174.3335
0.569	 2.20	 2	 -43.3509	  173.4761
0.569	 2.11	 1	 -42.3140	  173.7156
0.569	 2.27	 1	 -43.2541	  173.5901
0.570	 2.93	 1	 -42.2465	  172.2650
0.571	 3.04	 1	 -42.3034	  173.5110
0.571	 3.22	 1	 -46.1468	  176.9389
0.573	 2.04	 1	 -42.6019	  172.8886
0.574	 2.42	 1	 -42.2181	  174.0146
0.574	 2.20	 1	 -42.9633	  172.5831
0.577	 2.22	 1	 -41.6631	  172.9619
0.577	 2.04	 1	 -41.6533	  174.3659
0.582	 2.55	 1	 -41.9296	  174.0502
0.584	 2.00	 1	 -42.5654	  172.9960
0.585	 2.19	 1	 -42.3890	  172.8308
0.585	 2.85	 1	 -42.5152	  173.1264
0.587	 2.03	 1	 -42.8279	  174.4120
0.587	 2.25	 1	 -41.7440	  173.9876
0.589	 2.23	 2	 -41.8599	  174.2379
0.590	 2.06	 1	 -42.8320	  172.8313
0.591	 2.14	 1	 -42.4614	  172.8199
0.591	 2.45	 1	 -42.0427	  172.7056
0.591	 2.31	 1	 -41.7420	  172.8303
0.594	 2.27	 1	 -42.5721	  173.0161
0.595	 2.04	 1	 -43.0436	  175.3076
0.597	 2.97	 1	 -41.5197	  169.7039
0.598	 2.14	 1	 -42.2440	  173.4521
0.601	 2.43	 2	 -43.0323	  173.8898
0.602	 3.00	 1	 -42.1414	  173.6441
0.602	 2.01	 1	 -39.3740	  173.0844
0.604	 4.08	 1	 -41.8015	  174.2741
0.605	 2.68	 1	 -42.8106	  173.2518
0.606	 2.03	 1	 -41.9510	  173.7006
0.610	 2.93	 1	 -42.3571	  173.5317
0.610	 2.83	 1	 -42.2358	  176.3027
0.610	 2.62	 1	 -43.0334	  172.6111
0.611	 2.71	 1	 -42.4986	  174.0121
0.613	 2.29	 1	 -42.7756	  173.0201
0.616	 2.54	 1	 -42.6127	  179.1390
0.616	 2.25	 1	 -42.5722	  172.9535
0.617	 2.07	 1	 -42.4614	  172.0688
0.618	 2.27	 1	 -42.2024	  173.6361
0.621	 2.40	 1	 -41.6786	  174.2786
0.624	 2.12	 1	 -41.7199	  174.1824
0.624	 2.25	 1	 -42.2205	  174.0187
0.625	 2.81	 1	 -42.5728	  173.7621
0.626	 2.04	 1	 -42.2183	  173.8494
0.627	 2.08	 1	 -40.5487	  176.7746
0.629	 2.17	 1	 -42.6237	  172.9663
0.630	 2.89	 1	 -42.9040	  173.4602
0.630	 2.47	 1	 -42.1544	  173.7117
0.640	 2.50	 1	 -42.2214	  173.4559
0.642	 2.21	 1	 -38.7210	  177.0669
0.648	 3.48	 1	 -42.3650	  173.0295
0.652	 2.95	 1	 -41.8228	  174.0038
0.653	 2.34	 1	 -43.5696	  171.2749
0.653	 2.30	 1	 -41.9727	  173.6587
0.653	 2.19	 1	 -42.4450	  173.0350
0.656	 3.17	 1	 -42.1166	  173.9996
0.657	 2.37	 1	 -41.7832	  174.2669
0.658	 2.04	 1	 -42.1191	  173.5697
0.659	 2.74	 1	 -42.5121	  170.7684
0.659	 3.75	 1	 -42.8991	  173.5308
0.665	 2.38	 1	 -42.2027	  173.6315
0.667	 2.04	 1	 -42.2116	  173.6304
0.668	 2.30	 1	 -41.8023	  174.0020
0.670	 3.02	 1	 -45.5988	  172.1057
0.670	 2.63	 1	 -43.8425	  179.3516
0.670	 2.32	 1	 -42.3603	  173.7148
0.672	 2.25	 1	 -42.7432	  176.4998
0.675	 2.31	 1	 -42.0675	  173.4667
0.677	 2.37	 1	 -41.9001	  173.9749
0.679	 2.39	 1	 -42.5712	  172.8907
0.679	 5.01	 1	 -41.9226	  173.7509
0.681	 2.46	 2	 -42.8727	  172.8851
0.686	 2.13	 1	 -42.3386	  172.7437
0.690	 2.07	 1	 -42.1721	  173.6351
0.690	 2.35	 1	 -42.1484	  173.6677
0.691	 2.38	 1	 -39.3614	  174.7968
0.692	 2.37	 1	 -42.6624	  173.1229
0.694	 2.22	 1	 -41.7625	  174.1693
0.697	 2.13	 1	 -43.0218	  173.1785
0.698	 2.11	 1	 -42.0198	  173.6623
0.703	 2.70	 1	 -42.1439	  170.8333
0.705	 2.03	 2	 -42.0430	  173.7893
0.705	 2.48	 1	 -42.4712	  173.1799
0.707	 2.43	 1	 -41.8223	  170.8041
0.708	 2.02	 1	 -41.7541	  171.6746
0.710	 2.31	 1	 -42.1471	  173.5047
0.710	 2.15	 1	 -42.4556	  173.0937
0.712	 2.46	 1	 -43.0980	  173.2084
0.713	 2.30	 1	 -43.0897	  172.7193
0.713	 2.85	 1	 -41.7217	  174.1978
0.714	 2.02	 1	 -42.8058	  173.2458
0.714	 2.01	 1	 -42.2977	  172.7676
0.715	 2.28	 1	 -42.6907	  174.1708
0.716	 2.09	 1	 -42.3354	  173.7588
0.716	 2.24	 1	 -42.9030	  172.7188
0.716	 2.39	 1	 -41.8048	  174.2371
0.717	 2.23	 1	 -42.0437	  173.4385
0.717	 3.04	 1	 -41.8743	  173.9840
0.718	 2.85	 1	 -42.9072	  172.9097
0.719	 2.05	 1	 -38.7179	  175.8831
0.721	 2.67	 2	 -41.9186	  173.7357
0.722	 2.01	 1	 -42.4924	  173.0937
0.724	 2.07	 1	 -42.8696	  173.1805
0.726	 2.24	 1	 -42.4498	  173.3895
0.729	 2.60	 1	 -42.5471	  172.8949
0.731	 2.36	 1	 -42.5526	  174.0249
0.734	 2.73	 1	 -42.9255	  172.7922
0.735	 3.30	 1	 -42.9363	  173.2239
0.735	 2.27	 2	 -41.9079	  173.9040
0.744	 2.56	 1	 -41.9832	  174.1759
0.745	 2.35	 1	 -41.7747	  173.8067
0.746	 2.19	 1	 -42.4197	  173.7356
0.747	 2.15	 1	 -42.4199	  172.8068
0.748	 2.23	 1	 -42.0386	  173.6060
0.749	 2.33	 1	 -42.9028	  172.8733
0.749	 3.23	 1	 -41.8088	  174.3559
0.750	 2.60	 1	 -43.2035	  172.7716
0.751	 2.17	 1	 -41.5854	  175.6398
0.754	 2.67	 1	 -42.0269	  173.7359
0.760	 2.52	 1	 -42.8041	  173.1016
0.762	 2.13	 2	 -41.7953	  174.2663
0.762	 2.61	 1	 -42.4506	  172.9043
0.764	 2.45	 1	 -42.7857	  173.5032
0.764	 2.39	 1	 -42.1122	  173.5549
0.765	 2.01	 2	 -42.5680	  173.1513
0.766	 2.09	 1	 -43.1393	  173.7256
0.771	 2.12	 1	 -40.7445	  170.3212
0.772	 2.68	 1	 -42.2692	  173.9965
0.774	 2.44	 1	 -42.5498	  173.1362
0.778	 2.35	 1	 -41.8611	  173.6444
0.779	 2.40	 1	 -42.8033	  173.3323
0.779	 2.27	 1	 -42.2272	  173.5406
0.779	 2.36	 1	 -43.3485	  171.9036
0.780	 2.22	 1	 -42.5357	  173.2535
0.780	 3.79	 1	 -42.3069	  173.8394
0.782	 2.11	 1	 -46.6391	  170.0903
0.783	 2.69	 1	 -42.2077	  173.6745
0.783	 2.07	 1	 -44.6905	  171.7801
0.784	 2.04	 1	 -42.5789	  173.8313
0.784	 2.10	 1	 -42.0182	  173.7999
0.785	 4.05	 2	 -41.8196	  174.2798
0.786	 2.36	 1	 -42.2255	  173.6699
0.789	 2.04	 1	 -42.0290	  173.7945
0.790	 2.45	 1	 -41.7033	  174.2493
0.793	 2.04	 1	 -41.8707	  173.8123
0.795	 2.27	 1	 -42.5405	  172.7046
0.797	 2.46	 1	 -42.4684	  174.0507
0.798	 2.25	 1	 -41.6385	  174.0117
0.798	 2.14	 1	 -42.4713	  173.9650
0.800	 2.42	 1	 -42.3728	  172.4261
0.801	 2.50	 1	 -43.2965	  172.4053
0.802	 2.44	 1	 -43.1964	  173.7089
0.802	 2.10	 1	 -42.6695	  172.8271
0.805	 2.11	 1	 -42.0487	  173.6386
0.806	 2.53	 1	 -42.6114	  172.9446
0.810	 2.56	 1	 -41.8070	  174.3783
0.812	 2.21	 1	 -46.0648	  171.4558
0.815	 2.26	 1	 -42.2130	  173.5329
0.822	 2.64	 1	 -41.9605	  173.7783
0.824	 2.08	 1	 -41.7309	  174.1371
0.828	 3.10	 1	 -42.1820	  174.0775
0.830	 2.84	 1	 -42.1831	  173.5730
0.830	 2.30	 1	 -42.5078	  172.9340
0.831	 2.46	 1	 -42.7062	  172.9914
0.833	 2.11	 1	 -42.4869	  173.0681
0.834	 2.49	 1	 -42.1591	  173.6132
0.836	 2.38	 1	 -41.9967	  172.7470
0.837	 2.46	 1	 -42.9962	  173.0415
0.839	 2.05	 1	 -43.2792	  172.1512
0.839	 2.59	 1	 -42.5201	  173.9333
0.843	 2.33	 1	 -42.0837	  173.6223
0.844	 2.35	 1	 -42.9046	  173.9064
0.844	 2.12	 1	 -42.1628	  173.4657
0.847	 2.03	 1	 -42.8735	  173.0249
0.849	 3.34	 1	 -41.9659	  174.2792
0.850	 2.18	 1	 -41.7322	  174.2661
0.851	 2.93	 1	 -42.6817	  173.1943
0.852	 2.08	 1	 -42.5980	  173.2395
0.858	 2.45	 1	 -42.4566	  173.6921
0.863	 2.32	 1	 -42.7687	  172.8932
0.864	 3.17	 1	 -42.0289	  173.4531
0.864	 2.61	 1	 -42.4262	  173.6819
0.864	 2.09	 1	 -43.4725	  172.7505
0.865	 2.18	 1	 -42.4231	  173.4007
0.865	 2.23	 1	 -42.6834	  172.9364
0.869	 2.31	 1	 -42.3226	  174.0238
0.872	 3.51	 1	 -42.2079	  173.5643
0.873	 2.56	 2	 -41.8847	  174.1750
0.874	 2.66	 1	 -42.7153	  172.7826
0.878	 2.41	 1	 -41.6516	  173.5436
0.880	 2.08	 1	 -42.8583	  172.9847
0.881	 2.59	 1	 -41.3312	  173.6902
0.883	 2.15	 1	 -42.6481	  173.3443
0.885	 2.21	 1	 -39.7164	  173.8998
0.887	 2.48	 2	 -42.4090	  173.6340
0.889	 2.02	 1	 -41.6818	  174.3266
0.894	 2.28	 1	 -42.3786	  173.8952
0.897	 2.19	 1	 -42.7207	  172.3574
0.898	 2.01	 2	 -42.1977	  173.5704
0.900	 2.04	 1	 -41.0073	  174.9682
0.900	 2.15	 2	 -41.8791	  174.4436
0.902	 2.02	 1	 -41.9633	  173.7291
0.904	 2.94	 1	 -42.5751	  172.7309
0.907	 3.10	 1	 -42.5172	  173.3776
0.912	 2.53	 1	 -42.2882	  173.7483
0.912	 2.09	 1	 -41.7327	  174.1922
0.913	 3.14	 1	 -42.9527	  172.8095
0.914	 2.11	 1	 -41.5001	  174.1811
0.916	 2.02	 1	 -42.4483	  173.3889
0.919	 2.52	 1	 -42.2902	  173.5513
0.920	 2.20	 1	 -42.8658	  172.3246
0.920	 2.13	 2	 -42.6470	  172.2161
0.920	 2.27	 1	 -42.4204	  173.1902
0.921	 2.12	 1	 -42.5420	  173.3689
0.926	 2.79	 3	 -41.8205	  174.2790
0.929	 2.08	 1	 -42.9523	  172.8476
0.929	 2.12	 1	 -42.7710	  172.8709
0.937	 2.15	 1	 -42.1747	  173.5409
0.937	 3.31	 1	 -42.8858	  172.9777
0.944	 2.27	 2	 -47.1712	  173.6004
0.946	 2.36	 1	 -42.5256	  172.4098
0.947	 2.61	 1	 -41.9919	  173.6900
0.948	 2.84	 1	 -43.0733	  172.6740
0.948	 3.54	 1	 -43.2324	  172.7585
0.950	 2.93	 1	 -41.5115	  172.5529
0.951	 2.47	 1	 -42.3874	  173.0674
0.953	 2.05	 2	 -42.2904	  173.5524
0.955	 2.06	 1	 -42.5914	  173.4634
0.955	 2.52	 1	 -42.2783	  173.6985
0.958	 2.77	 1	 -41.8299	  173.6597
0.959	 2.10	 1	 -42.6047	  173.0536
0.960	 2.79	 1	 -42.3358	  173.3180
0.967	 2.71	 1	 -42.2802	  173.5491
0.967	 2.08	 1	 -42.3877	  173.8252
0.968	 3.35	 1	 -42.5459	  173.7549
0.971	 2.63	 2	 -42.3598	  173.7658
0.975	 2.59	 1	 -42.0342	  173.7176
0.976	 2.01	 1	 -41.6974	  174.2203
0.978	 2.15	 1	 -42.3113	  173.6642
0.979	 2.12	 1	 -42.6859	  174.6297
0.979	 2.29	 1	 -43.3710	  176.7065
0.981	 2.06	 1	 -42.2220	  173.6876
0.987	 2.09	 1	 -42.8228	  173.0965
0.989	 2.55	 1	 -42.5773	  174.0909
0.989	 2.17	 1	 -42.5325	  173.2685
0.990	 2.51	 1	 -41.9660	  172.5973
0.991	 2.21	 1	 -42.2699	  173.6212
0.992	 3.15	 1	 -42.3608	  172.1464
0.995	 2.04	 1	 -42.6672	  173.2840
0.995	 2.16	 1	 -42.0396	  173.7391
0.996	 2.24	 1	 -42.7258	  173.0983
0.996	 2.29	 1	 -42.6721	  173.0339
1.000	 2.34	 1	 -42.5638	  173.0816
1.000	 2.36	 1	 -41.7304	  174.2729
1.003	 2.39	 1	 -43.3588	  173.3553
1.005	 2.11	 1	 -42.0310	  173.4363
1.007	 2.32	 1	 -42.2431	  172.3276
1.009	 2.00	 1	 -42.4304	  173.1723
1.009	 2.00	 2	 -43.0394	  173.9314
1.015	 2.21	 1	 -42.4930	  173.1625
1.017	 3.03	 1	 -42.2862	  173.7003
1.017	 2.45	 1	 -42.6820	  173.1355
1.017	 2.30	 1	 -41.7655	  174.2629
1.018	 2.74	 1	 -42.6553	  172.8747
1.019	 2.12	 1	 -42.1754	  173.1807
1.020	 2.06	 1	 -42.2112	  173.2951
1.021	 2.15	 1	 -42.4040	  173.6173
1.027	 2.04	 1	 -42.0708	  173.6070
1.029	 2.53	 1	 -42.6473	  173.1011
1.032	 2.09	 1	 -42.1697	  173.4567
1.034	 2.39	 1	 -42.2540	  173.6266
1.038	 2.02	 1	 -41.8129	  173.9916
1.040	 2.75	 2	 -41.7169	  174.3542
1.040	 2.69	 1	 -42.4071	  173.8274
1.040	 3.20	 1	 -42.2929	  173.7524
1.042	 2.30	 1	 -41.6825	  174.3047
1.047	 2.17	 1	 -44.0965	  167.2102
1.048	 2.44	 1	 -42.2503	  173.5009
1.051	 2.03	 1	 -41.6470	  174.3421
1.055	 2.70	 1	 -43.3935	  173.4024
1.062	 2.79	 2	 -41.6917	  174.0166
1.065	 2.12	 1	 -41.8743	  172.3457
1.067	 2.13	 1	 -42.9030	  171.5825
1.068	 2.14	 1	 -41.6781	  174.2991
1.077	 2.57	 1	 -42.2209	  173.2002
1.077	 2.01	 1	 -42.8367	  174.9592
1.079	 2.34	 2	 -42.4327	  173.0031
1.084	 2.37	 1	 -43.1816	  173.1819
1.085	 3.24	 1	 -43.3279	  174.0327
1.086	 2.03	 1	 -42.5532	  172.9450
1.094	 2.49	 1	 -42.2182	  173.3562
1.095	 2.71	 1	 -41.8582	  174.3347
1.095	 2.04	 1	 -42.2004	  173.5934
1.102	 2.25	 1	 -42.4391	  173.7243
1.114	 2.62	 1	 -42.7321	  173.1260
1.115	 2.13	 1	 -42.6894	  172.8663
1.118	 2.11	 1	 -42.1455	  173.6605
1.118	 2.08	 1	 -41.9086	  173.7862
1.121	 2.45	 1	 -41.7667	  174.2186
1.122	 2.27	 1	 -42.6658	  173.3465
1.137	 2.33	 1	 -42.4139	  173.0331
1.139	 3.31	 1	 -41.6826	  174.2050
1.144	 2.14	 1	 -41.6254	  174.3432
1.144	 2.31	 1	 -42.0122	  173.6208
1.147	 2.40	 1	 -42.0516	  173.5829
1.151	 2.29	 1	 -41.8141	  174.2411
1.151	 3.86	 1	 -42.5702	  173.0652
1.154	 2.62	 1	 -42.2075	  173.6258
1.167	 2.73	 1	 -41.6932	  174.2638
1.167	 2.64	 1	 -41.9525	  173.5425
1.168	 2.12	 1	 -42.5067	  173.1580
1.172	 2.22	 1	 -40.5117	  173.5554
1.172	 2.33	 1	 -41.7221	  174.2635
1.172	 3.12	 1	 -41.7931	  174.1587
1.174	 2.01	 1	 -41.4994	  175.0782
1.175	 2.06	 1	 -42.5063	  172.7990
1.179	 2.60	 1	 -42.2149	  173.8595
1.184	 2.25	 1	 -42.2782	  173.4670
1.186	 2.28	 1	 -42.8919	  172.7989
1.194	 2.46	 2	 -41.7166	  174.3177
1.196	 2.57	 1	 -43.0864	  173.1720
1.198	 3.19	 1	 -42.3153	  173.8208
1.200	 2.36	 2	 -42.0846	  173.9225
1.212	 2.07	 1	 -42.6372	  173.0057
1.214	 2.43	 1	 -42.6661	  173.0935
1.219	 2.62	 1	 -41.9263	  174.1103
1.224	 2.24	 1	 -42.2772	  173.6298
1.229	 2.39	 1	 -42.2037	  173.4886
1.230	 2.27	 2	 -42.4129	  173.3649
1.230	 2.35	 2	 -42.2710	  173.8079
1.231	 2.00	 1	 -42.2067	  172.9665
1.232	 2.04	 1	 -41.8322	  174.2110
1.233	 2.47	 1	 -42.4448	  173.1718
1.234	 2.09	 1	 -41.9671	  173.9599
1.243	 2.52	 1	 -39.9451	  171.4094
1.246	 3.02	 1	 -42.6804	  173.0081
1.247	 2.67	 1	 -42.7551	  173.7048
1.249	 2.88	 1	 -41.7606	  172.2940
1.260	 2.46	 1	 -42.9397	  174.7083
1.263	 2.45	 1	 -42.5103	  172.8531
1.264	 2.94	 1	 -41.8599	  174.2580
1.267	 2.41	 1	 -42.2956	  173.5239
1.268	 2.91	 1	 -41.7709	  174.1750
1.268	 2.52	 1	 -42.2465	  173.5841
1.269	 2.28	 1	 -42.0768	  173.6859
1.270	 2.88	 1	 -42.7438	  173.2223
1.277	 2.66	 1	 -42.1777	  173.4730
1.281	 2.11	 1	 -42.3766	  172.7848
1.289	 2.46	 1	 -42.2788	  173.6575
1.289	 2.22	 1	 -42.2153	  173.1447
1.291	 2.62	 1	 -42.7407	  173.1361
1.291	 2.40	 1	 -42.2371	  173.7065
1.295	 2.12	 1	 -42.8473	  172.6844
1.296	 2.52	 2	 -41.9105	  173.8505
1.299	 2.01	 1	 -42.1681	  173.5396
1.301	 2.07	 1	 -42.1225	  173.5659
1.305	 2.37	 1	 -43.0418	  174.0947
1.308	 2.52	 1	 -44.1179	  178.4727
1.308	 2.44	 2	 -42.2069	  174.0491
1.310	 2.71	 1	 -42.2709	  173.6501
1.328	 2.06	 1	 -42.7916	  172.7277
1.329	 2.28	 1	 -42.6426	  172.8074
1.333	 2.06	 1	 -42.3886	  174.8578
1.338	 2.05	 1	 -42.0868	  174.1350
1.340	 2.31	 1	 -42.9235	  173.0683
1.341	 2.40	 1	 -42.4022	  171.5983
1.342	 2.69	 1	 -42.3969	  173.2913
1.344	 2.42	 1	 -42.8879	  173.2335
1.348	 2.08	 1	 -41.7783	  174.2548
1.349	 2.17	 1	 -41.7610	  174.1843
1.350	 3.24	 1	 -43.5141	  172.1556
1.358	 2.42	 1	 -41.7326	  174.2868
1.363	 2.94	 1	 -42.8271	  173.6711
1.371	 2.09	 1	 -37.8586	  172.9214
1.373	 2.15	 1	 -42.8229	  172.5823
1.375	 2.29	 1	 -42.5447	  173.6934
1.381	 2.86	 1	 -41.9401	  173.6741
1.386	 2.01	 1	 -42.6931	  173.5010
1.388	 2.44	 1	 -42.8169	  175.5176
1.389	 2.06	 1	 -41.9860	  174.3324
1.391	 2.48	 1	 -41.7951	  174.3615
1.392	 2.31	 2	 -42.7589	  173.7104
1.392	 2.55	 3	 -42.7090	  172.8241
1.398	 2.10	 1	 -42.1930	  173.3925
1.398	 2.47	 1	 -42.8286	  173.8660
1.400	 2.06	 1	 -41.7967	  174.2151
1.405	 2.19	 1	 -42.4201	  173.8465
1.406	 2.10	 1	 -42.5970	  173.0550
1.408	 2.02	 1	 -42.3364	  174.1369
1.409	 2.03	 1	 -42.0573	  172.4510
1.415	 2.03	 1	 -42.5407	  173.0497
1.416	 2.64	 1	 -42.4508	  173.6860
1.421	 2.24	 1	 -42.3780	  171.3072
1.423	 2.41	 1	 -42.2441	  173.6682
1.432	 2.05	 1	 -42.2369	  172.7654
1.433	 2.13	 1	 -41.9321	  173.5383
1.435	 2.07	 1	 -42.5587	  172.5650
1.435	 2.07	 1	 -42.1447	  173.6222
1.437	 2.03	 1	 -42.0558	  173.7282
1.440	 2.15	 2	 -42.1820	  174.0763
1.442	 2.64	 1	 -41.6042	  175.1116
1.446	 2.02	 1	 -42.6944	  173.1868
1.454	 2.52	 1	 -41.8122	  174.1224
1.455	 3.29	 1	 -41.7861	  174.1605
1.455	 2.86	 1	 -42.0826	  173.5327
1.458	 2.03	 1	 -42.8372	  173.6416
1.463	 2.29	 1	 -42.6641	  172.6945
1.474	 2.46	 1	 -43.0463	  173.1908
1.476	 2.94	 1	 -42.6622	  172.9583
1.479	 2.35	 1	 -42.7129	  173.2942
1.483	 2.02	 1	 -43.4569	  174.0971
1.484	 2.01	 1	 -42.7823	  172.7625
1.485	 3.28	 1	 -42.6737	  173.0974
1.493	 2.64	 1	 -42.1480	  174.4463
1.497	 2.14	 1	 -42.8568	  173.9660
1.505	 2.23	 1	 -41.6811	  174.1118
1.510	 2.66	 1	 -42.2943	  172.2694
1.514	 2.38	 1	 -42.5469	  172.6582
1.520	 2.14	 1	 -42.4985	  173.0601
1.528	 2.36	 1	 -42.8072	  173.2128
1.529	 2.02	 1	 -42.7893	  174.3329
1.538	 2.05	 1	 -42.9124	  172.9366
1.543	 2.45	 1	 -43.0312	  172.8494
1.543	 2.07	 1	 -42.7178	  172.8943
1.543	 2.39	 2	 -42.3031	  172.9047
1.565	 2.44	 1	 -42.3792	  173.1446
1.569	 3.06	 1	 -45.0275	  173.9614
1.570	 2.44	 1	 -42.4940	  168.0609
1.571	 2.79	 1	 -42.1065	  173.8259
1.578	 2.53	 1	 -41.9971	  173.7206
1.595	 3.75	 1	 -41.6682	  171.6466
1.598	 2.88	 1	 -42.0518	  174.0379
1.604	 2.24	 1	 -41.9896	  173.6441
1.605	 3.17	 2	 -41.7952	  174.2524
1.617	 2.38	 1	 -41.8194	  174.2104
1.621	 2.77	 1	 -42.5018	  173.1031
1.621	 2.04	 2	 -42.1064	  173.8310
1.622	 2.16	 2	 -42.6821	  173.0624
1.622	 2.02	 1	 -47.0932	  171.7651
1.623	 2.03	 1	 -42.4001	  173.3407
1.626	 2.13	 1	 -42.8199	  172.8884
1.636	 2.22	 1	 -41.7768	  174.1586
1.643	 2.65	 1	 -39.8915	  177.8080
1.654	 2.12	 1	 -44.3833	  172.2971
1.669	 2.14	 1	 -41.9725	  173.4904
1.671	 3.42	 1	 -41.1940	  172.2034
1.675	 2.07	 1	 -42.6223	  172.7820
1.678	 2.37	 1	 -43.6089	  173.2898
1.680	 2.62	 1	 -40.5493	  173.0891
1.685	 2.34	 1	 -41.6443	  174.4145
1.704	 2.66	 1	 -41.7606	  174.4223
1.718	 2.14	 1	 -42.7549	  173.8824
1.720	 2.16	 1	 -42.3489	  173.6758
1.721	 2.18	 1	 -42.2620	  172.2610
1.731	 2.22	 1	 -42.1832	  173.5589
1.738	 2.53	 1	 -41.7254	  174.2540
1.742	 4.16	 1	 -42.5819	  172.8232
1.742	 3.09	 1	 -41.7561	  174.1725
1.745	 2.26	 1	 -42.3323	  172.0754
1.746	 2.64	 2	 -42.4204	  173.7426
1.752	 2.21	 1	 -42.5926	  172.8160
1.753	 3.40	 1	 -42.3532	  172.9810
1.754	 3.15	 1	 -44.5045	  172.5207
1.757	 2.00	 2	 -41.2117	  172.2164
1.757	 2.07	 1	 -41.9706	  174.0304
1.759	 2.35	 1	 -41.7481	  174.0602
1.770	 2.08	 1	 -42.2552	  173.6737
1.776	 2.44	 1	 -41.9720	  173.7905
1.779	 2.03	 1	 -42.5742	  173.0350
1.782	 2.17	 1	 -41.6616	  174.2891
1.795	 2.13	 1	 -42.4103	  174.2800
1.802	 2.55	 1	 -42.4880	  173.1831
1.803	 2.19	 1	 -38.7997	  177.6269
1.804	 2.85	 1	 -42.2860	  173.2956
1.807	 2.72	 1	 -42.2956	  173.2550
1.808	 3.00	 1	 -42.4415	  172.8235
1.811	 3.31	 1	 -42.2543	  173.7213
1.825	 2.24	 1	 -41.7861	  173.9235
1.826	 2.50	 1	 -42.3594	  173.7524
1.830	 2.37	 2	 -42.2084	  173.5635
1.832	 2.61	 2	 -43.0317	  173.4420
1.833	 2.25	 2	 -41.5905	  174.0515
1.835	 2.74	 1	 -42.6907	  172.8490
1.838	 2.20	 1	 -42.8324	  172.9192
1.842	 2.32	 1	 -42.2077	  173.7610
1.854	 2.12	 1	 -42.0205	  173.7287
1.858	 2.00	 1	 -42.1685	  173.5961
1.859	 2.58	 1	 -41.7987	  172.8312
1.862	 2.46	 1	 -42.5037	  173.0452
1.866	 2.51	 1	 -42.7414	  172.9383
1.871	 3.38	 1	 -42.6900	  174.3035
1.871	 2.09	 1	 -42.2459	  173.4949
1.871	 2.67	 1	 -42.5191	  173.0365
1.872	 2.02	 1	 -42.5132	  173.8173
1.872	 2.23	 1	 -42.5512	  172.7155
1.899	 2.14	 1	 -42.7171	  173.3570
1.907	 4.00	 1	 -42.8110	  173.3687
1.907	 2.64	 1	 -41.7572	  174.2841
1.908	 2.20	 1	 -42.5985	  173.2724
1.912	 2.18	 1	 -42.2097	  173.6270
1.915	 2.01	 1	 -42.8993	  172.8518
1.916	 2.14	 1	 -42.4683	  173.1484
1.919	 3.09	 1	 -42.9568	  172.6960
1.923	 2.08	 1	 -42.3573	  173.1763
1.935	 2.14	 1	 -42.5157	  173.8208
1.937	 2.25	 1	 -42.2247	  173.8656
1.942	 3.83	 1	 -40.9631	  172.2079
1.942	 2.69	 1	 -41.9035	  173.8002
1.943	 2.02	 1	 -42.4519	  174.6713
1.949	 2.59	 1	 -39.7364	  175.1925
1.954	 2.52	 2	 -43.2950	  172.5434
1.962	 2.76	 2	 -40.9806	  172.2306
1.969	 2.02	 1	 -41.9560	  174.1754
1.986	 2.67	 2	 -42.6812	  174.2925
1.987	 2.24	 2	 -42.9557	  172.6915
1.991	 3.37	 1	 -42.2084	  173.7336
1.994	 3.03	 1	 -42.2167	  173.7883
1.996	 2.69	 1	 -42.1212	  174.9076
2.005	 2.42	 1	 -42.2140	  173.7065
2.014	 3.13	 1	 -43.0611	  173.1506
2.033	 2.84	 1	 -40.2070	  174.4677
2.034	 2.16	 2	 -42.0168	  173.6743
2.037	 2.49	 1	 -42.9734	  172.8639
2.057	 2.14	 1	 -43.6791	  173.6704
2.060	 2.96	 2	 -42.1470	  173.5258
2.068	 2.05	 1	 -42.5451	  172.9720
2.074	 2.34	 1	 -42.5724	  173.0460
2.083	 2.71	 1	 -41.2346	  174.5159
2.084	 2.88	 2	 -42.7142	  172.9579
2.092	 2.13	 1	 -42.2142	  173.5928
2.092	 2.61	 1	 -42.9700	  172.7361
2.102	 2.27	 1	 -42.2111	  173.7896
2.112	 2.54	 1	 -42.9012	  173.1228
2.130	 2.75	 1	 -42.1567	  173.5979
2.134	 2.12	 1	 -42.5415	  173.6594
2.139	 2.16	 1	 -41.9840	  173.8570
2.140	 2.03	 1	 -41.9474	  174.0337
2.149	 2.39	 1	 -41.9086	  174.1276
2.155	 2.04	 1	 -38.5379	  170.6821
2.158	 2.18	 1	 -42.4082	  172.8197
2.161	 2.19	 2	 -43.0423	  173.8750
2.167	 2.19	 1	 -41.7704	  174.1723
2.176	 2.05	 1	 -43.1678	  172.8835
2.178	 2.46	 1	 -41.8177	  174.3214
2.181	 2.44	 1	 -42.8609	  172.8025
2.182	 2.09	 1	 -42.5963	  173.2008
2.185	 2.03	 1	 -42.3952	  173.8945
2.189	 2.89	 1	 -42.0449	  173.5837
2.201	 2.09	 2	 -41.8885	  173.8157
2.214	 2.44	 1	 -46.6896	  175.8247
2.223	 2.39	 1	 -42.5791	  173.7005
2.234	 2.29	 1	 -44.0526	  176.1268
2.236	 2.18	 1	 -42.6007	  173.8055
2.237	 2.71	 1	 -41.8197	  174.4116
2.250	 2.08	 1	 -41.6732	  174.2234
2.261	 2.24	 1	 -41.7938	  173.0911
2.268	 3.67	 1	 -42.2327	  173.7125
2.273	 2.02	 1	 -42.9588	  173.5566
2.274	 2.63	 1	 -42.0009	  173.6767
2.275	 2.63	 2	 -43.2336	  172.7602
2.275	 2.71	 1	 -43.5305	  170.8941
2.276	 2.62	 1	 -42.4868	  173.9317
2.281	 2.11	 2	 -42.4231	  172.8224
2.288	 2.19	 1	 -41.9436	  173.5925
2.294	 3.37	 1	 -42.5313	  172.4791
2.299	 2.22	 2	 -42.3175	  172.9788
2.300	 2.17	 1	 -42.4786	  173.2620
2.305	 2.10	 1	 -42.6182	  173.0389
2.306	 2.16	 1	 -41.6173	  172.3055
2.307	 2.47	 1	 -42.7189	  172.5989
2.309	 3.15	 2	 -42.8324	  173.4886
2.331	 2.20	 1	 -42.5809	  172.9806
2.334	 2.10	 1	 -41.7481	  174.1981
2.358	 3.52	 1	 -41.9836	  173.7069
2.366	 2.31	 1	 -42.8783	  173.2260
2.368	 2.04	 1	 -41.6989	  174.2165
2.373	 2.05	 1	 -42.2042	  173.6617
2.374	 2.70	 1	 -42.9931	  172.2449
2.374	 2.07	 1	 -41.8139	  173.9789
2.378	 2.57	 1	 -42.1720	  173.8959
2.384	 2.32	 1	 -43.2822	  175.0442
2.386	 2.03	 1	 -42.4355	  173.2822
2.388	 2.47	 1	 -42.8055	  173.1597
2.388	 2.13	 1	 -42.0522	  173.7963
2.396	 2.03	 1	 -42.7128	  173.0957
2.396	 2.52	 1	 -42.6064	  172.8840
2.398	 2.77	 1	 -42.6593	  172.6766
2.418	 2.86	 1	 -41.9371	  173.6322
2.436	 2.93	 1	 -41.7276	  174.3521
2.456	 2.50	 1	 -41.7742	  174.1467
2.469	 2.59	 1	 -42.7256	  172.8662
2.475	 2.33	 1	 -43.1252	  172.7173
2.489	 2.70	 1	 -42.6346	  173.0177
2.494	 2.26	 1	 -42.2476	  173.5336
2.505	 2.40	 1	 -41.9613	  173.6581
2.509	 2.22	 1	 -42.7018	  173.1395
2.509	 2.25	 1	 -42.5390	  172.9642
2.529	 2.58	 1	 -41.8984	  173.6852
2.539	 2.23	 1	 -42.9879	  172.9974
2.539	 2.06	 2	 -47.2575	  173.2398
2.541	 2.23	 1	 -42.6677	  173.8732
2.545	 2.15	 1	 -42.7362	  173.3240
2.579	 2.43	 1	 -42.5189	  173.1487
2.595	 2.08	 1	 -42.2325	  173.6604
2.596	 2.07	 1	 -41.7153	  174.2936
2.598	 2.14	 1	 -42.2419	  173.5936
2.602	 2.07	 1	 -41.7115	  174.2778
2.605	 3.22	 2	 -42.7511	  173.3157
2.609	 2.05	 1	 -42.5560	  172.9535
2.609	 2.70	 1	 -42.0078	  173.7309
2.619	 2.77	 1	 -41.8077	  174.2307
2.652	 2.13	 1	 -41.0092	  170.7474
2.656	 2.59	 1	 -42.5410	  173.0719
2.658	 2.24	 2	 -43.0869	  172.7169
2.675	 2.55	 1	 -42.9166	  173.0474
2.686	 2.40	 2	 -43.0559	  173.8790
2.689	 2.22	 1	 -42.5349	  173.5998
2.695	 2.03	 1	 -43.9147	  174.2298
2.702	 2.01	 1	 -42.1328	  173.6175
2.704	 2.38	 1	 -41.8200	  174.3062
2.711	 2.08	 1	 -42.4091	  173.8065
2.726	 2.05	 1	 -42.4208	  173.8197
2.728	 2.36	 1	 -41.7027	  174.3283
2.741	 2.00	 1	 -42.5722	  172.9909
2.744	 2.53	 1	 -42.4911	  174.4227
2.750	 2.65	 1	 -41.8543	  174.0363
2.757	 2.04	 1	 -42.6340	  172.9456
2.765	 2.29	 1	 -42.6793	  172.8460
2.779	 2.11	 1	 -41.9811	  176.0278
2.785	 2.06	 1	 -42.2568	  173.5214
2.791	 2.02	 1	 -41.6565	  174.1700
2.804	 2.66	 1	 -42.7273	  173.0786
2.805	 2.13	 1	 -41.8244	  174.1914
2.808	 2.26	 1	 -42.1676	  173.4613
2.810	 3.07	 1	 -42.1948	  173.5978
2.812	 2.65	 1	 -42.1438	  173.6371
2.816	 3.47	 2	 -41.8002	  174.2571
2.824	 2.12	 1	 -42.2188	  173.5352
2.831	 2.65	 1	 -42.1666	  173.5125
2.839	 2.17	 1	 -41.9568	  173.6935
2.842	 2.07	 1	 -42.6270	  172.9333
2.848	 2.68	 1	 -42.8927	  173.1038
2.848	 2.05	 1	 -42.5278	  173.0300
2.856	 2.87	 1	 -42.7212	  173.2513
2.858	 2.22	 1	 -42.6293	  172.9930
2.859	 2.47	 1	 -41.9779	  179.0622
2.866	 2.13	 1	 -42.8997	  171.4257
2.869	 2.04	 1	 -41.9743	  174.3359
2.872	 2.20	 1	 -42.2121	  173.5604
2.874	 2.38	 1	 -42.5598	  175.5411
2.890	 2.02	 1	 -42.1957	  173.5365
2.897	 2.38	 1	 -42.1335	  173.6127
2.898	 2.71	 1	 -41.9735	  173.9634
2.908	 2.86	 1	 -41.9988	  172.0829
2.921	 2.20	 1	 -42.7161	  173.1541
2.931	 2.09	 1	 -42.0650	  173.6703
2.969	 2.30	 1	 -42.6141	  172.9611
2.969	 2.01	 1	 -42.1587	  173.7589
2.972	 2.24	 1	 -42.1431	  173.8138
2.976	 2.54	 1	 -42.2280	  173.6818
2.983	 2.04	 1	 -42.9438	  172.1959
2.988	 2.46	 1	 -42.8800	  172.5615
2.997	 2.05	 1	 -42.1985	  173.1783
3.003	 2.07	 1	 -42.4657	  173.3463
3.008	 2.09	 1	 -42.7096	  173.2477
3.018	 2.20	 1	 -42.3964	  172.9929
3.031	 2.87	 1	 -42.1290	  174.0481
3.041	 2.44	 1	 -42.2163	  173.6705
3.055	 3.39	 1	 -42.1724	  173.1320
3.071	 2.60	 1	 -41.8023	  168.2272
3.075	 2.72	 1	 -42.1028	  173.4668
3.075	 2.23	 1	 -41.8258	  174.2552
3.080	 2.51	 1	 -41.9702	  174.2420
3.082	 2.05	 1	 -42.5900	  173.0315
3.083	 2.38	 1	 -41.9449	  173.6615
3.090	 2.40	 1	 -42.2015	  173.6053
3.096	 2.04	 1	 -43.2441	  173.9622
3.108	 2.71	 1	 -41.9294	  174.2206
3.120	 2.13	 1	 -42.5985	  172.8353
3.130	 2.40	 1	 -42.6542	  173.0256
3.134	 2.40	 1	 -41.8632	  173.8061
3.142	 2.40	 1	 -42.7340	  171.3872
3.152	 2.47	 1	 -42.4859	  174.6059
3.153	 2.72	 1	 -46.6985	  175.8009
3.156	 2.65	 1	 -41.7444	  172.4350
3.166	 2.61	 1	 -41.6670	  174.2134
3.186	 2.04	 1	 -41.8288	  174.2184
3.188	 2.39	 1	 -42.5844	  173.0219
3.192	 3.11	 1	 -42.7383	  173.2896
3.203	 2.27	 1	 -42.5689	  172.7061
3.214	 2.00	 1	 -42.4117	  173.8484
3.223	 3.39	 1	 -42.8217	  172.8551
3.224	 2.45	 1	 -42.4177	  173.3450
3.238	 2.52	 1	 -42.1195	  173.5649
3.240	 2.22	 1	 -41.7528	  174.3235
3.276	 2.29	 1	 -42.3165	  176.8240
3.280	 2.03	 1	 -42.2392	  173.6981
3.318	 2.35	 1	 -42.4734	  173.4048
3.334	 3.26	 1	 -42.6048	  172.9530
3.343	 2.30	 1	 -42.2182	  173.5583
3.346	 2.05	 1	 -41.7565	  174.1298
3.346	 2.01	 1	 -42.7024	  172.8609
3.346	 2.37	 2	 -47.1727	  173.6085
3.355	 2.13	 2	 -42.8844	  172.8906
3.357	 2.33	 1	 -42.2575	  173.6626
3.358	 2.35	 1	 -42.9221	  172.7712
3.362	 2.19	 1	 -43.4225	  173.8033
3.362	 2.98	 1	 -41.7699	  174.2181
3.366	 2.33	 1	 -40.9272	  173.2679
3.376	 2.12	 1	 -42.8747	  173.5374
3.384	 2.70	 2	 -42.7004	  173.7898
3.386	 2.98	 1	 -42.1998	  173.8027
3.412	 2.04	 1	 -42.0360	  173.7548
3.413	 2.01	 1	 -42.2122	  173.5999
3.415	 2.01	 1	 -42.6159	  173.0185
3.437	 2.42	 1	 -42.2546	  173.6120
3.441	 2.26	 1	 -42.8411	  172.0596
3.447	 2.10	 1	 -42.4660	  173.4841
3.449	 2.31	 1	 -42.4083	  173.3082
3.487	 2.44	 1	 -43.0098	  172.7921
3.492	 2.54	 1	 -38.2434	  173.9088
3.497	 2.00	 1	 -42.1611	  173.4475
3.505	 2.56	 1	 -42.2184	  173.6504
3.513	 3.27	 1	 -42.5994	  173.0805
3.526	 3.32	 1	 -40.9348	  167.3911
3.541	 2.55	 2	 -41.6757	  174.3459
3.547	 2.01	 1	 -42.2370	  173.7848
3.554	 2.17	 1	 -42.1606	  174.1373
3.563	 2.55	 1	 -42.1814	  173.6599
3.576	 2.14	 1	 -40.9122	  176.1567
3.578	 2.46	 1	 -42.9361	  173.1961
3.586	 3.36	 1	 -42.1688	  173.6766
3.589	 2.03	 1	 -38.1960	  172.9825
3.596	 2.97	 1	 -42.1360	  173.7436
3.618	 2.38	 1	 -42.3315	  173.7272
3.622	 2.15	 1	 -42.7943	  173.5438
3.629	 3.06	 1	 -41.7581	  174.2025
3.654	 2.30	 1	 -42.8456	  173.1834
3.670	 2.23	 1	 -42.5409	  173.7933
3.679	 2.83	 1	 -42.4551	  173.7721
3.692	 2.02	 1	 -42.4655	  173.8338
3.704	 2.03	 1	 -42.6851	  173.4018
3.708	 2.73	 1	 -42.0477	  173.6793
3.718	 2.55	 1	 -42.8373	  173.7005
3.728	 3.32	 1	 -42.1612	  173.6910
3.733	 2.61	 1	 -41.8609	  173.9491
3.738	 2.24	 1	 -42.6165	  172.9447
3.746	 2.06	 1	 -42.3840	  172.9893
3.748	 2.15	 1	 -42.2465	  173.6484
3.748	 2.39	 1	 -42.4930	  173.8271
3.756	 2.13	 1	 -40.5056	  173.4119
3.757	 2.05	 1	 -42.1977	  173.5703
3.767	 2.05	 1	 -42.4753	  172.8539
3.771	 2.55	 1	 -41.9748	  173.7050
3.786	 2.04	 1	 -41.7065	  174.2628
3.809	 2.23	 1	 -42.8232	  173.1825
3.822	 2.03	 1	 -42.7438	  172.7985
3.828	 2.67	 1	 -41.9529	  173.8480
3.839	 2.31	 1	 -43.0348	  172.7305
3.866	 2.94	 1	 -42.4148	  173.6924
3.881	 2.42	 2	 -42.0155	  173.7954
3.890	 2.15	 1	 -42.9782	  173.6599
3.895	 2.55	 2	 -41.9386	  174.1823
3.912	 2.80	 1	 -42.4164	  172.9314
3.931	 2.08	 1	 -41.8224	  174.2174
3.939	 2.51	 1	 -42.1232	  173.6012
3.950	 3.73	 1	 -41.8963	  172.5975
3.955	 3.95	 1	 -39.8163	  175.9938
3.956	 2.36	 1	 -42.7160	  172.8515
3.959	 2.68	 1	 -41.7008	  174.2722
3.975	 2.71	 1	 -41.7406	  174.3564
3.978	 2.41	 1	 -39.0502	  169.4347
4.015	 2.33	 1	 -42.4171	  173.7336
4.017	 2.08	 1	 -41.4142	  173.2502
4.041	 3.01	 1	 -42.7815	  172.8844
4.060	 2.32	 2	 -41.8920	  172.5916
4.082	 2.01	 1	 -41.7862	  174.1864
4.094	 2.32	 1	 -42.6121	  172.8908
4.096	 2.02	 1	 -42.6926	  172.8738
4.114	 2.26	 1	 -42.1178	  173.6014
4.122	 2.30	 2	 -42.9109	  172.7867
4.131	 2.22	 1	 -42.8338	  173.2794
4.148	 3.26	 1	 -42.0519	  173.6818
4.155	 2.17	 1	 -41.7090	  173.5307
4.170	 2.03	 1	 -41.7147	  173.6804
4.209	 2.00	 1	 -42.5739	  172.8370
4.209	 2.32	 1	 -41.6840	  174.2021
4.209	 3.05	 1	 -42.1253	  173.7071
4.214	 2.01	 2	 -42.0059	  173.5800
4.250	 2.53	 1	 -43.0792	  172.7108
4.259	 2.32	 1	 -42.6317	  173.0625
4.267	 2.08	 1	 -42.0697	  173.8365
4.268	 3.00	 1	 -41.7825	  174.2071
4.284	 2.15	 2	 -41.9477	  173.7911
4.288	 2.38	 1	 -43.3677	  173.2946
4.310	 2.07	 1	 -42.3727	  172.7573
4.317	 2.05	 1	 -42.2339	  173.6805
4.324	 2.05	 1	 -42.7439	  172.4665
4.328	 3.14	 1	 -43.0944	  172.8514
4.369	 2.77	 1	 -42.4521	  173.1167
4.369	 2.03	 1	 -42.2641	  173.8134
4.371	 2.15	 2	 -42.5369	  173.7912
4.372	 2.65	 1	 -42.9314	  172.9891
4.392	 2.18	 1	 -42.2098	  173.8609
4.402	 2.72	 1	 -42.2371	  173.5675
4.416	 2.50	 1	 -42.1895	  173.5235
4.435	 2.03	 1	 -41.1002	  174.3207
4.444	 3.39	 1	 -42.6290	  172.8863
4.461	 2.80	 1	 -42.5893	  173.0347
4.464	 2.02	 2	 -42.7571	  172.4617
4.481	 3.55	 1	 -42.2296	  173.4933
4.492	 3.00	 1	 -42.2551	  173.6173
4.498	 2.70	 1	 -42.1164	  173.7084
4.501	 2.26	 1	 -42.9404	  172.5747
4.508	 2.82	 1	 -42.6879	  172.8507
4.527	 2.39	 1	 -42.4261	  172.7142
4.535	 2.45	 1	 -42.9809	  173.4639
4.537	 3.03	 1	 -42.8157	  172.8563
4.542	 2.74	 1	 -42.5219	  173.0187
4.554	 2.05	 1	 -41.8007	  173.9759
4.555	 2.46	 1	 -42.4271	  173.1475
4.570	 2.06	 1	 -41.8137	  174.1091
4.571	 2.10	 1	 -41.8424	  174.1775
4.571	 2.44	 1	 -42.0793	  173.5711
4.618	 2.54	 1	 -43.8387	  170.9606
4.633	 2.01	 1	 -41.9701	  174.0263
4.658	 2.89	 2	 -43.0370	  173.8908
4.663	 2.63	 1	 -42.2590	  173.6660
4.667	 2.55	 1	 -42.6478	  172.8342
4.690	 3.07	 1	 -42.7289	  172.8947
4.706	 2.11	 1	 -41.9231	  173.4096
4.709	 2.17	 1	 -41.8632	  173.9982
4.716	 2.18	 1	 -42.3340	  173.5860
4.723	 2.26	 2	 -41.8462	  173.2922
4.742	 2.94	 1	 -42.2955	  173.4133
4.744	 2.31	 1	 -41.8886	  173.9393
4.759	 3.03	 1	 -41.6177	  174.2852
4.803	 2.41	 1	 -42.4140	  173.7915
4.830	 2.45	 1	 -41.9896	  173.7818
4.872	 2.08	 1	 -41.7039	  174.4813
4.882	 2.20	 1	 -42.2373	  173.6073
4.915	 2.40	 1	 -47.1413	  173.9123
4.955	 2.71	 2	 -41.8199	  174.4150
4.973	 2.17	 1	 -42.2403	  173.6901
4.986	 2.04	 1	 -42.3678	  173.5823
5.005	 3.18	 1	 -42.7539	  173.9179
5.047	 2.22	 1	 -42.4780	  172.7222
5.049	 2.02	 1	 -42.6557	  172.9576
5.052	 2.83	 1	 -42.3677	  174.0671
5.067	 2.09	 1	 -38.9141	  169.7054
5.088	 2.25	 1	 -42.7949	  174.0342
5.134	 2.97	 1	 -42.6165	  172.9548
5.157	 2.42	 1	 -42.6645	  173.2708
5.164	 2.76	 1	 -41.6175	  174.4648
5.209	 2.38	 1	 -42.5568	  172.8199
5.220	 2.38	 1	 -42.4675	  173.5473
5.255	 2.06	 1	 -41.9162	  173.7663
5.266	 2.31	 1	 -42.0035	  173.7712
5.279	 3.06	 1	 -42.4928	  173.1363
5.293	 2.02	 1	 -41.8756	  174.3307
5.294	 2.21	 1	 -43.0565	  172.4192
5.312	 2.40	 1	 -42.2050	  173.6570
5.312	 2.02	 1	 -42.7176	  172.6818
5.315	 2.26	 1	 -42.8689	  172.9391
5.322	 2.46	 1	 -42.4879	  173.7661
5.323	 3.00	 2	 -42.4042	  172.9990
5.325	 2.17	 1	 -42.3152	  172.1336
5.334	 2.13	 1	 -42.3867	  173.1469
5.337	 2.28	 1	 -42.2324	  173.7633
5.348	 2.04	 1	 -42.6927	  173.5185
5.369	 2.19	 1	 -39.6422	  174.7991
5.380	 2.09	 1	 -42.8949	  173.2370
5.416	 2.09	 2	 -42.6025	  172.9566
5.422	 2.48	 1	 -42.2496	  172.8171
5.431	 2.11	 1	 -42.0078	  173.6743
5.447	 3.02	 1	 -41.8956	  173.7171
5.475	 2.19	 1	 -42.2234	  173.6772
5.491	 2.73	 1	 -42.5994	  172.9977
5.507	 2.28	 1	 -41.7315	  174.0618
5.543	 2.13	 1	 -42.5854	  173.1228
5.555	 3.02	 1	 -42.9321	  179.1313
5.562	 2.18	 1	 -42.6315	  173.1041
5.570	 2.72	 1	 -43.0507	  173.1142
5.591	 6.04	 1	 -41.7259	  174.1773
5.595	 2.26	 2	 -41.7165	  174.2501
5.599	 3.45	 1	 -42.3792	  173.7487
5.600	 2.31	 2	 -41.6357	  174.4036
5.600	 2.61	 2	 -41.7506	  174.2578
5.602	 2.04	 2	 -41.7203	  174.1649
5.603	 2.40	 2	 -41.3403	  173.9339
5.605	 2.08	 2	 -41.7615	  174.3941
5.607	 2.07	 1	 -42.6533	  173.0549
5.609	 2.22	 2	 -41.5593	  173.6216
5.611	 2.47	 2	 -41.7157	  174.1628
5.614	 2.59	 2	 -41.7816	  174.1891
5.614	 2.38	 2	 -41.7174	  174.1552
5.615	 3.24	 2	 -41.7692	  174.2492
5.617	 2.09	 2	 -41.7332	  174.1597
5.618	 2.14	 1	 -42.5306	  173.5461
5.618	 2.24	 2	 -41.6439	  174.2764
5.626	 2.48	 2	 -41.6496	  174.0619
5.627	 2.51	 2	 -41.6652	  174.3630
5.638	 2.01	 2	 -41.7072	  174.0746
5.639	 2.24	 2	 -41.7699	  174.1452
5.640	 2.06	 2	 -41.6282	  174.9015
5.640	 2.18	 2	 -41.7592	  174.2193
5.643	 2.32	 2	 -41.7276	  174.2048
5.646	 2.00	 2	 -41.6472	  174.1071
5.647	 2.73	 2	 -41.3257	  173.1661
5.647	 2.24	 2	 -41.7177	  174.2766
5.648	 2.50	 2	 -41.9910	  174.3600
5.648	 2.21	 2	 -41.7273	  173.9687
5.650	 2.11	 2	 -41.8959	  174.8873
5.651	 2.02	 2	 -41.7254	  174.0843
5.658	 2.39	 2	 -41.4726	  174.1502
5.660	 2.21	 2	 -41.7525	  174.1240
5.660	 2.19	 2	 -41.6480	  174.2140
5.665	 2.49	 1	 -42.1316	  173.4752
5.667	 2.20	 2	 -42.5782	  173.9270
5.672	 2.34	 1	 -41.9408	  173.6571
5.674	 2.78	 2	 -41.7831	  174.2156
5.676	 2.76	 3	 -41.6546	  174.4336
5.682	 2.08	 2	 -41.8487	  173.9260
5.684	 2.06	 2	 -41.3707	  173.7595
5.691	 2.39	 2	 -41.8405	  174.3009
5.694	 2.12	 1	 -42.5097	  173.4026
5.707	 2.02	 2	 -41.8260	  174.1990
5.708	 2.09	 2	 -41.7147	  174.1710
5.709	 2.40	 2	 -41.8334	  174.1098
5.713	 2.71	 2	 -41.8163	  174.2600
5.715	 2.17	 2	 -41.7576	  173.9374
5.720	 2.08	 3	 -41.8523	  174.2903
5.720	 2.70	 2	 -42.2778	  174.9225
5.723	 3.22	 1	 -41.7905	  174.6683
5.723	 2.52	 2	 -41.8277	  174.0832
5.725	 2.29	 2	 -41.6822	  174.2377
5.728	 2.04	 2	 -41.7415	  174.2386
5.732	 2.14	 1	 -44.6714	  169.6700
5.732	 2.20	 2	 -41.5737	  174.2717
5.746	 2.59	 2	 -41.7837	  174.2099
5.750	 2.05	 2	 -41.7156	  173.9875
5.759	 2.06	 2	 -41.8596	  174.4237
5.761	 2.01	 1	 -41.9142	  172.3623
5.772	 3.10	 1	 -42.5288	  172.9869
5.790	 2.61	 2	 -41.9429	  173.4809
5.794	 2.34	 2	 -41.7327	  174.2636
5.795	 2.04	 1	 -42.8050	  175.2741
5.801	 2.77	 2	 -38.8472	  178.8057
5.804	 2.18	 2	 -41.7454	  174.1626
5.815	 2.04	 2	 -41.7264	  174.1991
5.835	 3.09	 2	 -41.9076	  173.9830
5.838	 2.28	 2	 -41.6520	  174.6068
5.843	 2.41	 2	 -41.7371	  174.2123
5.845	 2.54	 2	 -40.2030	  172.6327
5.847	 2.10	 2	 -41.7810	  174.1814
5.856	 2.42	 1	 -42.4890	  172.8292
5.858	 2.03	 2	 -41.8398	  174.2091
5.862	 2.79	 2	 -41.7617	  174.0896
5.862	 2.08	 2	 -42.5521	  173.0674
5.863	 2.11	 2	 -41.7213	  174.3909
5.874	 2.07	 2	 -42.2467	  173.5045
5.874	 2.76	 2	 -41.6895	  174.1424
5.881	 2.09	 2	 -41.7101	  174.2684
5.886	 2.81	 2	 -41.7500	  174.2058
5.886	 2.74	 2	 -42.7226	  172.8896
5.890	 2.29	 1	 -42.4174	  173.7493
5.905	 2.40	 1	 -41.9948	  174.3719
5.916	 2.50	 3	 -42.7639	  172.9217
5.917	 2.24	 2	 -41.8831	  174.0947
5.925	 2.64	 2	 -41.7308	  172.6607
5.930	 2.30	 1	 -42.4478	  173.9585
5.944	 2.42	 1	 -42.5333	  173.2898
5.944	 2.26	 2	 -42.0299	  173.6487
5.954	 2.14	 1	 -39.5073	  168.7040
5.962	 2.77	 1	 -42.5308	  172.5864
5.965	 2.90	 1	 -43.0698	  176.4456
5.973	 2.40	 1	 -41.6677	  174.3324
5.974	 2.83	 1	 -42.5613	  173.2006
5.984	 2.35	 2	 -42.0876	  173.7103
5.996	 3.51	 2	 -44.9555	  169.9851
6.005	 2.01	 2	 -41.5817	  174.0985
6.008	 2.90	 2	 -41.7510	  174.1451
6.011	 2.08	 1	 -42.3762	  173.0191
6.012	 2.24	 1	 -41.7699	  174.3011
6.015	 2.40	 3	 -41.7366	  174.2110
6.025	 3.31	 1	 -42.1396	  173.8029
6.032	 2.45	 2	 -41.9311	  173.7282
6.052	 2.22	 1	 -42.2309	  173.6523
6.057	 2.47	 2	 -41.7510	  174.2532
6.058	 2.71	 1	 -42.7245	  173.2216
6.061	 2.07	 2	 -41.8089	  174.3259
6.066	 2.01	 2	 -41.7928	  174.4090
6.070	 2.00	 2	 -41.8709	  174.3065
6.091	 2.14	 1	 -42.2764	  173.6188
6.097	 2.33	 2	 -41.7008	  174.4146
6.100	 2.06	 2	 -41.8296	  174.1855
6.105	 2.49	 2	 -41.7151	  174.0525
6.122	 2.06	 2	 -41.7145	  174.4804
6.129	 2.04	 1	 -45.9560	  170.2632
6.137	 2.60	 1	 -42.2154	  173.6065
6.139	 2.82	 1	 -42.1565	  173.5762
6.141	 2.37	 1	 -42.2314	  172.9339
6.142	 2.00	 2	 -41.7232	  174.1411
6.150	 2.06	 2	 -41.8403	  174.3293
6.160	 2.29	 1	 -43.9459	  175.2499
6.174	 2.10	 1	 -42.0986	  173.5279
6.175	 3.24	 1	 -42.7917	  174.1651
6.176	 2.86	 2	 -41.7301	  174.1345
6.176	 2.34	 2	 -41.5578	  174.3255
6.182	 2.05	 2	 -40.8761	  175.6246
6.184	 2.16	 2	 -41.7305	  174.1815
6.187	 5.54	 1	 -42.3070	  173.7176
6.190	 2.61	 2	 -42.3021	  173.7952
6.195	 2.02	 1	 -42.9716	  173.5301
6.204	 2.16	 2	 -41.6997	  174.0762
6.206	 2.63	 2	 -42.3209	  173.6711
6.208	 2.29	 2	 -42.2663	  173.7459
6.209	 2.93	 2	 -41.9295	  174.1042
6.211	 2.33	 2	 -42.3137	  173.8559
6.211	 2.36	 2	 -41.7357	  174.1827
6.213	 2.33	 2	 -42.3482	  173.9286
6.220	 3.94	 2	 -42.2771	  173.6598
6.222	 2.04	 2	 -42.2804	  173.7111
6.231	 2.77	 2	 -41.7032	  174.0720
6.249	 2.02	 1	 -43.0576	  173.8393
6.251	 2.10	 1	 -43.0761	  179.8054
6.282	 2.36	 1	 -42.5331	  173.1395
6.292	 2.98	 2	 -41.3049	  174.2368
6.299	 2.10	 2	 -41.8189	  174.3095
6.309	 2.12	 2	 -41.7927	  173.9576
6.315	 2.68	 2	 -41.8208	  174.1906
6.316	 2.43	 3	 -47.1638	  173.6066
6.324	 2.85	 2	 -41.7392	  174.7998
6.333	 2.24	 1	 -41.8045	  174.4219
6.342	 2.11	 1	 -42.6755	  173.0159
6.345	 2.06	 2	 -42.2737	  173.7379
6.347	 2.31	 1	 -41.8845	  174.4945
6.349	 2.24	 1	 -41.8708	  173.8965
6.354	 2.07	 2	 -42.7448	  173.4033
6.357	 2.01	 2	 -41.7967	  174.2844
6.367	 2.17	 2	 -41.6446	  174.0501
6.373	 2.23	 2	 -42.2936	  173.6624
6.375	 2.37	 2	 -42.2915	  173.5172
6.406	 2.11	 1	 -41.6946	  174.2356
6.408	 2.14	 1	 -41.7229	  174.1732
6.410	 2.96	 2	 -42.0610	  174.2249
6.421	 2.34	 2	 -41.7143	  174.4350
6.427	 2.32	 2	 -42.2500	  173.6821
6.428	 2.15	 2	 -42.2852	  173.6439
6.431	 2.50	 1	 -42.5411	  173.1634
6.445	 2.50	 1	 -42.6479	  173.1001
6.446	 2.52	 1	 -42.0240	  173.8534
6.453	 2.10	 2	 -42.4071	  174.0073
6.459	 3.11	 2	 -41.7241	  174.1572
6.480	 3.26	 2	 -42.2832	  173.6588
6.486	 2.21	 2	 -41.7153	  174.1436
6.489	 2.06	 2	 -42.8733	  171.7432
6.499	 2.27	 1	 -45.5573	  174.8886
6.504	 2.44	 2	 -41.7124	  174.0979
6.513	 2.03	 1	 -42.2104	  173.5692
6.515	 2.08	 1	 -41.8315	  174.4442
6.533	 2.09	 1	 -41.8051	  174.4289
6.538	 2.42	 2	 -42.3034	  173.7083
6.551	 2.58	 1	 -42.2423	  173.6403
6.585	 2.57	 1	 -42.8512	  173.8930
6.588	 2.52	 1	 -42.3468	  176.1285
6.607	 2.05	 2	 -42.2942	  173.7232
6.611	 2.36	 2	 -41.6023	  174.1379
6.620	 2.10	 1	 -42.9024	  173.0913
6.628	 2.60	 3	 -42.3160	  173.6003
6.632	 2.10	 1	 -42.6505	  172.3786
6.654	 2.67	 1	 -42.3172	  174.0205
6.682	 2.01	 1	 -42.2137	  173.5699
6.700	 3.04	 2	 -42.3285	  173.8035
6.718	 2.12	 2	 -42.0579	  173.6150
6.743	 2.16	 2	 -42.3569	  173.6758
6.778	 2.00	 2	 -41.9285	  173.7533
6.780	 2.11	 2	 -42.1067	  173.8248
6.787	 2.12	 2	 -42.3689	  173.6870
6.787	 2.15	 1	 -42.3048	  173.2457
6.797	 2.03	 2	 -41.7079	  174.1237
6.808	 2.06	 1	 -42.3691	  173.7717
6.810	 2.78	 2	 -42.3175	  173.7303
6.822	 2.23	 1	 -42.2506	  173.7570
6.832	 2.51	 1	 -42.5044	  173.4527
6.835	 2.38	 1	 -42.3155	  172.9705
6.861	 2.34	 2	 -42.1802	  173.8363
6.864	 2.04	 2	 -42.3640	  173.6878
6.880	 2.04	 2	 -41.8024	  174.1521
6.887	 2.08	 2	 -42.4585	  173.8066
6.890	 2.06	 2	 -42.7509	  174.9473
6.890	 2.32	 2	 -42.3361	  173.7139
6.916	 2.06	 1	 -42.2780	  173.4607
6.921	 2.09	 1	 -41.9619	  174.0557
6.923	 3.05	 1	 -42.5506	  173.4293
6.930	 2.04	 1	 -42.6920	  173.0098
6.930	 2.07	 1	 -42.6567	  172.9414
6.943	 2.22	 2	 -42.3188	  173.8067
6.980	 2.29	 2	 -41.7454	  174.1199
6.987	 2.19	 2	 -41.7165	  174.2492
6.997	 2.01	 1	 -42.6897	  173.0536
7.011	 2.23	 1	 -44.2722	  179.2627
7.021	 2.10	 2	 -42.2766	  173.8301
7.034	 2.33	 1	 -41.8613	  174.0781
7.034	 2.35	 1	 -45.2064	  167.9497
7.036	 2.70	 1	 -44.4028	  173.2660
7.041	 3.10	 1	 -42.2449	  173.6950
7.042	 2.21	 2	 -41.8748	  173.6957
7.056	 2.01	 1	 -42.2651	  173.6235
7.093	 2.14	 2	 -41.7276	  174.1385
7.106	 2.55	 2	 -39.0547	  175.1217
7.151	 2.01	 1	 -43.0192	  173.8956
7.167	 2.28	 1	 -42.3141	  173.8282
7.172	 2.39	 1	 -42.2181	  173.9113
7.179	 3.72	 2	 -44.0847	  169.0479
7.209	 2.71	 1	 -42.6241	  173.0293
7.221	 2.25	 1	 -41.7903	  174.1358
7.241	 2.22	 3	 -44.0825	  169.0353
7.248	 2.27	 2	 -40.9312	  172.0983
7.248	 2.01	 1	 -42.1947	  174.8172
7.262	 2.22	 1	 -42.7170	  173.0223
7.287	 3.52	 2	 -42.8174	  172.8546
7.310	 2.61	 1	 -42.2847	  173.8482
7.323	 2.57	 2	 -42.2633	  173.5921
7.327	 2.02	 1	 -42.5124	  172.6279
7.356	 2.24	 2	 -41.6421	  174.2646
7.358	 2.80	 1	 -42.2723	  173.6683
7.392	 2.68	 1	 -41.9066	  173.4289
7.419	 2.59	 2	 -42.4133	  173.6553
7.429	 2.57	 2	 -41.5137	  174.2418
7.433	 2.02	 1	 -45.5176	  177.7818
7.433	 2.24	 1	 -42.3344	  173.7158
7.434	 2.20	 1	 -43.5675	  172.8258
7.449	 2.11	 2	 -42.9772	  172.8625
7.454	 2.79	 2	 -41.6797	  174.0445
7.473	 2.21	 1	 -43.7693	  174.6746
7.474	 2.61	 1	 -42.1919	  173.6619
7.475	 2.43	 1	 -42.1586	  173.6053
7.483	 4.02	 2	 -42.3637	  173.7602
7.574	 3.01	 1	 -42.7452	  172.5320
7.584	 2.95	 1	 -43.0175	  173.2455
7.598	 2.11	 1	 -42.5265	  171.9218
7.722	 3.46	 2	 -41.7316	  174.1170
7.723	 2.52	 1	 -42.1092	  173.5789
7.741	 2.01	 1	 -42.1092	  173.8664
7.744	 2.57	 1	 -44.1817	  174.6445
7.748	 2.38	 1	 -43.1565	  173.3913
7.789	 2.88	 3	 -41.8946	  173.0584
7.792	 4.42	 1	 -41.9549	  173.6557
7.832	 2.57	 1	 -41.9741	  174.0883
7.862	 2.76	 1	 -42.3763	  173.7596
7.865	 2.27	 2	 -42.0374	  174.1445
7.883	 2.37	 1	 -42.4753	  172.7107
7.889	 2.03	 1	 -42.2556	  173.6002
7.926	 2.15	 2	 -42.3040	  173.6114
7.935	 2.25	 1	 -43.2101	  172.9963
7.956	 2.12	 2	 -42.3515	  173.7392
7.970	 2.13	 2	 -41.9931	  173.6598
7.985	 2.00	 1	 -42.7459	  172.7891
7.987	 2.32	 1	 -42.4912	  173.1677
7.994	 2.50	 2	 -42.1062	  174.4018
7.995	 2.04	 1	 -42.4886	  172.8334
8.004	 2.09	 1	 -42.4187	  173.6961
8.019	 2.51	 2	 -44.7996	  177.8161
8.058	 2.22	 2	 -41.7482	  174.1378
8.062	 2.07	 3	 -42.2126	  173.6588
8.066	 2.11	 1	 -42.9200	  173.4989
8.072	 2.14	 1	 -42.1663	  173.6709
8.107	 3.85	 2	 -41.4958	  174.2345
8.128	 2.09	 1	 -42.1057	  174.8760
8.207	 3.34	 2	 -41.8772	  172.9458
8.207	 2.63	 2	 -41.6068	  174.2312
8.225	 2.19	 1	 -41.9733	  173.7316
8.235	 2.89	 1	 -42.5487	  172.6623
8.284	 2.22	 1	 -42.5693	  173.7107
8.325	 2.06	 2	 -42.3811	  173.7933
8.405	 2.05	 1	 -41.9804	  173.6738
8.422	 2.31	 2	 -42.2810	  173.3075
8.441	 2.02	 1	 -42.4812	  173.2266
8.462	 2.37	 1	 -42.6111	  173.1150
8.468	 2.44	 2	 -42.3551	  171.4755
8.470	 2.09	 2	 -41.7153	  174.2219
8.493	 2.32	 1	 -42.8846	  173.0280
8.499	 3.14	 1	 -42.7573	  173.0287
8.504	 2.60	 3	 -42.3608	  173.7761
8.505	 2.19	 1	 -42.2180	  172.2953
8.518	 2.12	 1	 -42.3298	  173.3017
8.538	 2.43	 2	 -45.2710	  177.8835
8.543	 2.54	 1	 -42.6611	  172.9820
8.546	 2.35	 2	 -41.9578	  173.6559
8.548	 2.07	 2	 -42.2357	  172.9361
8.600	 2.04	 1	 -40.8818	  171.9870
8.636	 2.10	 1	 -42.2464	  174.2053
8.661	 2.46	 1	 -41.7561	  174.1714
8.666	 2.57	 1	 -42.1352	  173.5201
8.671	 2.33	 1	 -45.5763	  177.7161
8.681	 2.82	 1	 -41.7133	  174.1829
8.688	 2.25	 2	 -41.3302	  173.8371
8.694	 2.44	 2	 -39.4141	  179.3449
8.741	 2.60	 1	 -42.3543	  173.7159
8.778	 2.34	 1	 -45.3574	  172.2418
8.788	 2.54	 1	 -42.3967	  173.0098
8.812	 2.49	 1	 -41.9785	  174.2449
8.813	 2.92	 1	 -42.1566	  173.5760
8.817	 3.89	 2	 -41.5627	  174.2408
8.837	 2.40	 1	 -42.4486	  173.7403
8.893	 2.71	 1	 -42.5377	  172.8799
8.919	 2.08	 1	 -41.6599	  174.2244
8.927	 3.75	 2	 -41.6917	  174.2993
8.948	 2.16	 2	 -42.5862	  172.8140
8.958	 2.73	 3	 -41.5552	  174.2203
8.959	 2.09	 1	 -42.0269	  172.9462
8.965	 2.45	 1	 -42.4619	  173.1654
8.978	 2.21	 2	 -41.7938	  174.1649
8.979	 3.08	 1	 -42.6839	  173.4931
8.994	 3.05	 1	 -41.7815	  174.2400
9.021	 2.35	 1	 -41.1041	  173.1279
9.035	 2.69	 1	 -42.0077	  173.6918
9.039	 2.17	 1	 -42.7146	  173.2489
9.057	 3.27	 1	 -42.8981	  173.7054
9.081	 2.12	 3	 -41.4768	  174.2186
9.087	 2.61	 1	 -42.3614	  174.3771
9.091	 2.07	 3	 -41.5662	  174.2932
9.114	 2.71	 1	 -42.7042	  172.7251
9.114	 2.14	 1	 -42.2401	  172.3599
9.126	 2.52	 1	 -41.9832	  173.6767
9.139	 2.10	 1	 -42.5480	  173.0591
9.153	 3.18	 1	 -42.4665	  173.3802
9.188	 2.99	 2	 -42.0529	  173.2969
9.210	 2.07	 1	 -42.6362	  172.9871
9.243	 2.21	 2	 -42.4823	  173.2263
9.279	 2.18	 2	 -41.7223	  174.1414
9.288	 2.98	 1	 -42.4797	  173.8043
9.304	 2.07	 2	 -41.7198	  174.1290
9.358	 2.49	 1	 -42.1266	  173.8113
9.379	 2.08	 1	 -42.5154	  173.0658
9.380	 2.12	 2	 -41.7061	  174.2796
9.397	 2.92	 2	 -41.6890	  174.2832
9.403	 2.35	 2	 -41.7293	  174.2250
9.430	 3.45	 1	 -42.5983	  173.1891
9.458	 3.01	 1	 -42.2297	  173.4026
9.464	 2.31	 1	 -42.2779	  173.5665
9.527	 2.64	 1	 -41.7512	  172.3292
9.550	 2.66	 1	 -41.6270	  174.0884
9.555	 2.36	 1	 -42.4235	  172.5620
9.567	 3.62	 2	 -42.3147	  173.6953
9.568	 2.03	 1	 -42.1436	  173.8101
9.610	 2.01	 3	 -41.5483	  174.2466
9.625	 2.05	 1	 -42.5669	  172.9259
9.659	 2.33	 2	 -42.9002	  173.7027
9.710	 2.29	 1	 -40.7615	  173.7483
9.725	 2.12	 1	 -42.2496	  173.7280
9.729	 2.04	 1	 -41.7363	  174.2484
9.734	 2.39	 1	 -41.7521	  172.7656
9.737	 2.84	 1	 -42.6567	  172.9084
9.772	 2.66	 1	 -42.3930	  173.0482
9.779	 2.51	 2	 -42.2330	  173.3990
9.787	 2.09	 2	 -42.0014	  172.0877
9.800	 2.83	 2	 -42.1500	  174.7755
9.817	 2.52	 2	 -42.4084	  172.8190
9.829	 2.55	 1	 -42.3193	  173.6798
9.858	 2.21	 1	 -41.9933	  173.6808
9.871	 2.93	 1	 -42.2116	  173.4771
9.892	 2.03	 1	 -41.9133	  174.1568
9.893	 2.68	 2	 -41.5812	  174.1582
9.964	 2.33	 1	 -42.7644	  172.9961
10.004	 3.42	 1	 -42.3405	  173.4928
10.058	 2.06	 1	 -42.6502	  172.9580
10.063	 2.45	 2	 -42.1650	  173.6877
10.154	 2.13	 1	 -42.1844	  173.6127
10.194	 2.07	 1	 -41.9727	  173.6874
10.241	 2.37	 1	 -42.2325	  173.6844
10.337	 2.21	 1	 -42.7791	  172.7371
10.359	 2.07	 1	 -42.7380	  172.9967
10.369	 2.23	 1	 -42.6347	  172.9328
10.371	 2.31	 1	 -42.2889	  173.7402
10.409	 2.27	 2	 -41.6949	  174.1792
10.455	 2.30	 2	 -42.8659	  174.0861
10.456	 2.13	 1	 -42.2729	  173.6914
10.512	 2.87	 1	 -42.3716	  173.4681
10.562	 2.07	 1	 -42.0832	  173.6793
10.689	 2.32	 1	 -42.1920	  173.6363
10.699	 2.10	 2	 -41.6692	  171.6487
10.716	 2.29	 1	 -41.9435	  173.6199
10.718	 2.08	 1	 -41.7334	  174.3084
10.727	 2.51	 1	 -41.6423	  174.3046
10.770	 3.29	 1	 -42.3854	  173.5416
10.770	 2.21	 1	 -42.4362	  173.7026
10.844	 2.12	 1	 -42.4764	  173.0754
10.965	 4.17	 2	 -41.9791	  173.6740
10.968	 2.14	 1	 -42.4459	  173.7869
10.976	 2.22	 1	 -42.2931	  173.7771
10.983	 2.17	 1	 -42.1978	  173.6014
11.015	 2.61	 2	 -41.7332	  174.1476
11.024	 3.10	 1	 -42.1000	  173.6066
11.049	 2.02	 1	 -42.5951	  172.8473
11.067	 2.72	 2	 -41.6311	  173.8315
11.125	 2.57	 2	 -42.7362	  176.4987
11.134	 2.93	 1	 -42.6441	  172.8609
11.139	 2.29	 1	 -42.7020	  173.3627
11.166	 2.42	 2	 -42.9326	  173.9585
11.182	 2.47	 3	 -41.9471	  173.6704
11.253	 2.05	 1	 -42.1906	  173.3648
11.262	 2.01	 1	 -42.3401	  173.6800
11.262	 2.02	 1	 -42.6485	  173.0689
11.268	 3.21	 2	 -43.5559	  170.8790
11.274	 2.54	 2	 -41.8248	  174.2517
11.304	 2.34	 2	 -42.6473	  172.8276
11.311	 2.08	 2	 -42.1365	  173.5245
11.315	 2.24	 2	 -42.3322	  173.8246
11.317	 4.13	 1	 -42.5260	  173.1775
11.332	 2.12	 1	 -42.2063	  173.6165
11.385	 2.35	 2	 -42.5163	  173.1697
11.398	 2.82	 1	 -42.2149	  173.9310
11.531	 2.05	 1	 -42.5240	  173.1519
11.546	 2.35	 1	 -41.9429	  173.7031
11.619	 2.08	 1	 -42.9182	  172.6308
11.625	 2.11	 1	 -42.8632	  172.4749
11.658	 2.41	 1	 -42.9129	  173.2297
11.674	 2.71	 1	 -42.4265	  173.2068
11.689	 2.47	 1	 -42.0171	  174.0346
11.707	 2.38	 2	 -41.6111	  174.1027
11.720	 2.45	 2	 -42.5310	  173.1732
11.725	 2.22	 1	 -41.9485	  174.0347
11.742	 2.62	 1	 -42.2084	  173.7165
11.766	 2.08	 2	 -41.6863	  174.2458
11.773	 3.22	 2	 -42.5420	  173.2777
11.776	 2.09	 1	 -41.9444	  173.7266
11.782	 2.51	 1	 -41.8398	  174.1885
11.890	 2.02	 1	 -42.5592	  173.1933
11.904	 2.02	 2	 -42.5267	  173.1045
11.977	 3.22	 1	 -42.7983	  173.3774
12.042	 2.05	 1	 -41.6450	  173.3057
12.057	 2.70	 1	 -41.9684	  173.6266
12.117	 2.62	 1	 -42.3239	  173.5032
12.148	 2.82	 1	 -42.2262	  173.8164
12.181	 2.65	 3	 -41.3755	  171.8182
12.202	 2.43	 1	 -42.6710	  172.1846
12.254	 2.22	 1	 -41.7120	  174.2294
12.284	 2.17	 1	 -42.9884	  172.7406
12.313	 2.57	 1	 -41.9337	  173.7322
12.321	 2.06	 2	 -41.7280	  174.2531
12.347	 2.25	 2	 -41.4820	  174.3921
12.459	 2.41	 1	 -42.0975	  173.6070
12.484	 2.39	 1	 -42.4668	  167.6852
12.607	 2.20	 1	 -42.1859	  173.7306
12.634	 2.16	 1	 -42.7154	  172.9551
12.658	 2.38	 1	 -41.9651	  173.4837
12.695	 2.06	 1	 -44.5327	  178.6042
12.755	 3.05	 2	 -42.3205	  173.7130
12.767	 2.30	 1	 -42.3619	  172.5348
12.795	 2.68	 1	 -41.6939	  174.3664
12.819	 3.02	 1	 -43.0336	  173.0799
12.925	 2.00	 1	 -43.0292	  173.2514
12.929	 2.06	 2	 -42.0293	  174.1710
12.962	 2.06	 2	 -42.8257	  173.3738
13.062	 2.29	 1	 -41.8305	  173.3761
13.072	 2.42	 1	 -40.6400	  167.5789
13.133	 3.57	 1	 -43.3587	  172.7674
13.155	 2.36	 1	 -42.2920	  173.4205
13.161	 2.01	 1	 -41.7014	  174.2768
13.184	 2.32	 1	 -42.5356	  172.9497
13.191	 2.89	 1	 -41.8476	  174.3214
13.210	 2.27	 1	 -41.1933	  172.4481
13.269	 2.62	 1	 -42.5062	  173.4505
13.301	 2.13	 2	 -41.7643	  174.1337
13.361	 3.73	 1	 -42.1081	  173.7023
13.519	 3.21	 2	 -42.4325	  173.5130
13.522	 3.70	 2	 -41.6848	  173.9841
13.542	 2.03	 2	 -41.7828	  174.0900
13.547	 3.78	 2	 -42.3124	  173.6465
13.549	 2.23	 1	 -42.3178	  173.3065
13.586	 2.09	 1	 -42.3381	  173.7775
13.594	 2.29	 1	 -41.6565	  174.3620
13.625	 2.42	 1	 -41.7789	  174.2116
13.754	 2.02	 1	 -42.7677	  167.1819
13.906	 2.94	 2	 -42.6288	  179.1801
13.918	 2.08	 1	 -41.7118	  174.2009
13.925	 2.61	 1	 -42.3293	  173.3504
13.958	 2.32	 1	 -42.5595	  172.5780
14.024	 2.13	 1	 -41.7310	  174.3696
14.033	 2.08	 1	 -42.8590	  166.9085
14.051	 2.00	 1	 -43.6974	  173.1299
14.064	 2.34	 1	 -43.0156	  173.0582
14.067	 2.04	 2	 -42.1081	  173.7074
14.196	 2.42	 1	 -41.8401	  173.9453
14.208	 2.23	 1	 -42.6378	  172.5150
14.234	 2.05	 1	 -41.9429	  173.7234
14.248	 3.23	 1	 -42.5126	  172.9929
14.252	 2.22	 2	 -42.1560	  173.6565
14.381	 2.43	 1	 -42.3114	  172.9338
14.462	 2.05	 1	 -42.5208	  173.5932
