# Simulation 90
# RelativeTime(days) Magnitude Generation Latitude Longitude
Time Mag Gen Lat Lon
7.002	 2.30	 1	 -42.6746	  172.8864
7.007	 2.26	 1	 -43.0758	  171.4776
7.009	 2.01	 1	 -42.0523	  173.9624
7.009	 2.97	 1	 -42.3525	  171.9762
7.014	 2.11	 1	 -42.7684	  173.6164
7.016	 2.08	 1	 -46.8661	  170.7451
7.028	 2.03	 1	 -42.6966	  173.5769
7.028	 2.07	 1	 -38.5522	  170.6354
7.042	 2.04	 1	 -42.1842	  174.4520
7.064	 2.26	 1	 -44.6424	  170.5667
7.076	 2.34	 1	 -39.8226	  177.7318
7.081	 3.62	 1	 -45.2547	  173.3824
7.083	 2.08	 1	 -39.8021	  168.3357
7.089	 2.19	 1	 -43.8632	  170.0794
7.089	 2.43	 1	 -42.9210	  173.0511
7.096	 2.05	 1	 -39.3299	  171.1342
7.100	 2.44	 1	 -39.6153	  173.2302
7.113	 2.50	 1	 -45.9705	  172.0618
7.119	 2.06	 1	 -45.5714	  168.3225
7.126	 2.90	 1	 -43.7915	  170.9380
7.134	 2.15	 1	 -40.8331	  171.1697
7.142	 2.01	 1	 -40.6455	  172.0880
7.148	 2.12	 1	 -46.6655	  170.1568
7.150	 2.70	 1	 -43.0353	  175.3493
7.169	 2.31	 1	 -43.5881	  173.6909
7.181	 2.23	 1	 -42.3855	  173.8113
7.196	 2.81	 1	 -44.4471	  174.1792
7.209	 2.82	 1	 -43.9303	  171.2996
7.210	 2.13	 1	 -44.3496	  174.5110
7.217	 2.84	 1	 -39.3086	  172.0691
7.218	 2.12	 1	 -43.9061	  175.9274
7.228	 2.52	 1	 -42.4723	  171.0021
7.237	 2.71	 1	 -41.7831	  174.4214
7.237	 2.01	 1	 -46.8518	  173.4501
7.238	 3.17	 1	 -39.4711	  177.2905
7.263	 3.01	 1	 -44.0311	  174.0123
7.265	 2.12	 1	 -42.2649	  173.5314
7.268	 2.26	 1	 -43.7390	  178.9720
7.276	 2.99	 1	 -40.0659	  168.3895
7.281	 2.15	 1	 -46.9875	  171.2108
7.281	 3.29	 1	 -40.7098	  174.8176
7.281	 3.77	 1	 -40.0265	  171.5250
7.285	 2.19	 1	 -47.1533	  172.2516
7.311	 3.87	 1	 -45.5231	  177.7757
7.318	 4.01	 1	 -42.1047	  171.1417
7.327	 2.32	 1	 -39.1720	  169.2161
7.337	 2.36	 2	 -45.4919	  177.8659
7.339	 3.91	 1	 -39.7098	  171.8031
7.346	 2.31	 2	 -39.7034	  171.8112
7.347	 2.16	 1	 -43.9563	  172.8834
7.359	 2.29	 1	 -42.9969	  171.6968
7.359	 2.02	 1	 -42.1298	  172.1703
7.373	 2.44	 1	 -42.6010	  172.8766
7.374	 2.46	 1	 -39.0081	  176.5291
7.377	 2.25	 1	 -42.5138	  172.9242
7.380	 2.67	 1	 -44.7437	  167.5779
7.381	 2.00	 1	 -42.9724	  174.4397
7.381	 3.92	 1	 -39.4318	  168.8095
7.381	 2.49	 1	 -42.1299	  173.5668
7.383	 2.50	 1	 -43.9984	  167.1680
7.384	 2.61	 1	 -43.2920	  172.4109
7.387	 2.04	 1	 -41.2163	  174.1954
7.387	 2.95	 1	 -42.7640	  172.5392
7.388	 2.04	 1	 -42.1422	  170.2003
7.389	 2.18	 1	 -41.5454	  178.9375
7.397	 2.06	 1	 -42.2492	  173.6356
7.403	 4.18	 1	 -42.2792	  170.0495
7.410	 2.40	 1	 -40.7087	  178.5124
7.415	 2.27	 1	 -41.6714	  172.4987
7.431	 2.10	 1	 -41.3114	  175.4128
7.432	 2.19	 1	 -43.6058	  173.5577
7.434	 2.36	 1	 -43.4134	  172.8585
7.436	 2.42	 1	 -43.1800	  172.4351
7.437	 3.01	 1	 -43.1783	  179.1041
7.448	 3.37	 2	 -39.4337	  168.8287
7.451	 2.10	 1	 -41.9910	  173.2414
7.462	 3.22	 1	 -46.3635	  176.5552
7.463	 3.63	 1	 -41.8688	  167.0079
7.478	 2.17	 1	 -38.3142	  174.4160
7.479	 2.88	 1	 -43.1209	  172.3251
7.482	 2.11	 1	 -43.1752	  172.9950
7.484	 2.53	 1	 -46.7654	  175.6147
7.488	 2.78	 1	 -42.0312	  171.1318
7.500	 2.04	 1	 -38.4950	  170.8283
7.522	 2.11	 1	 -47.0213	  174.6778
7.535	 2.20	 1	 -43.8274	  177.6582
7.538	 2.65	 1	 -43.9917	  171.6088
7.540	 2.36	 1	 -44.1861	  173.0870
7.546	 2.06	 1	 -38.5257	  175.3218
7.546	 2.03	 1	 -39.3339	  177.0899
7.548	 2.71	 1	 -43.0042	  174.8308
7.560	 2.31	 1	 -44.5961	  173.5257
7.567	 2.96	 1	 -41.9653	  173.9710
7.568	 2.25	 1	 -42.3771	  174.1206
7.574	 2.24	 1	 -42.3559	  171.2721
7.575	 2.25	 1	 -40.5168	  171.2450
7.577	 2.25	 1	 -38.3123	  174.4047
7.584	 2.25	 1	 -42.3010	  175.9325
7.589	 2.21	 1	 -42.8099	  171.6031
7.594	 4.27	 1	 -39.5344	  170.0667
7.595	 2.29	 1	 -40.5514	  172.0670
7.595	 2.18	 1	 -41.0694	  173.4379
7.600	 2.23	 2	 -39.5310	  169.8950
7.604	 2.05	 1	 -41.9054	  170.6053
7.625	 2.41	 1	 -45.0018	  170.0541
7.629	 2.52	 1	 -42.7434	  172.6699
7.633	 2.75	 1	 -41.5290	  172.0621
7.637	 2.25	 1	 -44.7013	  178.4956
7.643	 2.84	 1	 -39.9191	  168.2066
7.659	 2.13	 1	 -42.5461	  175.7159
7.671	 2.04	 1	 -42.6997	  172.7581
7.675	 2.29	 1	 -41.9425	  173.1656
7.703	 2.58	 1	 -44.4654	  178.6444
7.712	 3.34	 1	 -41.8308	  174.2052
7.724	 3.19	 1	 -46.4365	  170.4930
7.725	 2.29	 1	 -42.2168	  173.4888
7.732	 2.14	 1	 -43.1211	  169.0512
7.734	 2.45	 2	 -41.8107	  174.2074
7.741	 2.36	 1	 -41.9837	  174.0470
7.744	 2.31	 1	 -47.1609	  172.3370
7.746	 2.68	 1	 -44.6408	  167.5084
7.747	 2.53	 2	 -44.6372	  167.5068
7.753	 2.21	 1	 -43.7275	  172.6225
7.756	 2.47	 1	 -40.5985	  170.5111
7.763	 2.08	 1	 -44.2164	  172.3071
7.768	 2.13	 1	 -41.5161	  174.9659
7.774	 2.08	 1	 -42.1825	  171.1305
7.788	 3.02	 1	 -43.8899	  170.7614
7.801	 2.10	 1	 -44.0896	  172.3358
7.806	 2.45	 1	 -43.2091	  166.9448
7.817	 2.29	 1	 -44.3939	  167.3592
7.831	 2.06	 1	 -41.3177	  173.7018
7.852	 2.08	 1	 -47.0660	  171.6000
7.856	 2.57	 1	 -42.0341	  173.6727
7.874	 2.16	 1	 -39.0859	  176.6758
7.874	 2.93	 1	 -44.7202	  171.9853
7.897	 2.05	 1	 -42.5643	  174.0608
7.908	 2.41	 1	 -40.3230	  170.9279
7.923	 2.69	 1	 -41.5306	  174.1515
7.933	 2.06	 1	 -43.8975	  167.1281
7.934	 2.35	 1	 -43.6998	  172.3923
7.934	 2.56	 1	 -46.4750	  169.7140
7.938	 4.56	 1	 -41.0312	  172.4755
7.971	 2.08	 1	 -42.6403	  175.1373
7.990	 2.27	 1	 -45.7853	  173.8930
7.991	 2.08	 1	 -44.3178	  169.2591
7.994	 2.26	 1	 -38.4301	  171.0735
7.997	 2.07	 1	 -39.4575	  173.5560
8.004	 2.78	 1	 -42.4849	  173.8781
8.007	 2.02	 1	 -42.8279	  172.6754
8.011	 2.00	 1	 -44.3159	  174.4065
8.025	 2.59	 1	 -42.4114	  166.9163
8.041	 2.01	 1	 -46.7868	  175.5516
8.050	 2.24	 1	 -38.7402	  175.9397
8.059	 2.16	 1	 -39.3259	  177.0777
8.066	 2.16	 1	 -42.6523	  172.8670
8.066	 2.04	 1	 -41.6613	  174.3130
8.068	 2.61	 1	 -46.0749	  168.9910
8.084	 2.27	 1	 -42.2013	  173.6707
8.104	 2.06	 1	 -42.7508	  173.4222
8.118	 2.34	 1	 -41.9171	  172.0867
8.124	 2.38	 1	 -43.3183	  174.5328
8.126	 2.95	 1	 -42.5856	  173.2904
8.126	 2.91	 1	 -40.3582	  177.6224
8.151	 2.48	 1	 -43.1252	  171.7735
8.152	 2.24	 1	 -43.0432	  173.3229
8.152	 2.10	 1	 -42.2491	  173.5270
8.160	 2.26	 1	 -46.9900	  174.8224
8.160	 2.46	 1	 -42.7283	  173.3775
8.170	 2.22	 1	 -39.5831	  168.7964
8.173	 2.16	 1	 -41.6488	  172.9644
8.177	 3.46	 1	 -39.5341	  168.6677
8.192	 3.65	 1	 -41.9279	  174.7228
8.192	 2.24	 1	 -47.1877	  172.8689
8.193	 2.87	 2	 -41.9242	  174.7264
8.197	 2.29	 1	 -43.4999	  173.8295
8.203	 2.49	 1	 -44.3015	  175.2304
8.220	 2.39	 1	 -41.0188	  172.9194
8.230	 2.28	 1	 -39.3882	  174.5907
8.234	 3.27	 1	 -38.6784	  170.2653
8.235	 2.26	 1	 -45.4833	  176.7666
8.240	 3.20	 1	 -44.8815	  175.0960
8.247	 2.04	 1	 -42.3221	  166.9251
8.247	 2.67	 1	 -41.2369	  173.1527
8.252	 2.94	 1	 -41.0147	  167.3462
8.257	 2.55	 1	 -42.0739	  174.3028
8.267	 2.28	 1	 -38.9335	  172.1280
8.274	 2.06	 1	 -38.8541	  169.8355
8.279	 2.57	 1	 -41.3105	  173.4213
8.280	 2.24	 1	 -42.3269	  173.4626
8.284	 2.12	 1	 -40.8925	  172.4315
8.284	 2.36	 1	 -43.6846	  173.0653
8.298	 3.16	 1	 -41.1009	  168.6382
8.306	 3.18	 1	 -44.2385	  175.1621
8.318	 2.33	 1	 -43.6072	  168.5712
8.342	 2.17	 1	 -42.9912	  171.7717
8.343	 2.20	 1	 -43.2384	  169.3847
8.344	 2.48	 1	 -43.1251	  170.2471
8.345	 2.60	 1	 -41.7938	  179.0165
8.360	 2.08	 1	 -44.6765	  176.8404
8.363	 3.52	 1	 -41.9480	  173.4848
8.370	 3.90	 1	 -43.8223	  178.9437
8.377	 3.32	 1	 -42.1136	  171.3171
8.377	 2.18	 1	 -42.8258	  174.1621
8.392	 2.09	 1	 -43.9891	  168.7753
8.399	 2.03	 1	 -38.8588	  176.2192
8.403	 2.97	 1	 -42.9819	  170.0256
8.411	 2.26	 1	 -42.3949	  175.1815
8.427	 2.29	 1	 -41.9733	  177.1064
8.427	 2.29	 1	 -43.1844	  172.4716
8.430	 2.10	 1	 -44.3746	  176.0789
8.437	 2.05	 1	 -40.5933	  178.4323
8.475	 2.32	 1	 -41.8379	  175.3897
8.480	 2.35	 1	 -41.6519	  167.8004
8.504	 2.87	 1	 -43.0794	  172.4985
8.507	 2.06	 1	 -44.9923	  174.0524
8.519	 2.75	 1	 -42.9553	  166.9148
8.527	 2.68	 1	 -38.5880	  170.5237
8.529	 3.00	 1	 -43.1804	  174.3703
8.533	 2.49	 1	 -44.7531	  168.9285
8.569	 2.13	 1	 -46.5968	  173.6175
8.579	 2.44	 1	 -42.8260	  173.9817
8.581	 2.25	 1	 -41.8763	  171.9111
8.586	 2.10	 1	 -43.1974	  171.2259
8.587	 2.00	 1	 -40.7469	  174.9333
8.591	 2.24	 1	 -47.1550	  173.7748
8.592	 3.21	 1	 -40.6787	  173.4761
8.605	 2.02	 1	 -44.8626	  170.5348
8.611	 2.14	 1	 -41.8090	  174.2777
8.615	 3.23	 1	 -43.8627	  174.7258
8.639	 2.12	 1	 -41.2573	  170.5702
8.649	 2.05	 1	 -42.7914	  172.6819
8.659	 2.33	 1	 -44.0044	  174.3517
8.664	 2.27	 1	 -43.6176	  175.7471
8.666	 4.56	 1	 -42.6535	  172.2307
8.668	 2.04	 1	 -41.1977	  178.7920
8.670	 2.09	 1	 -45.7939	  170.7542
8.680	 2.79	 1	 -39.4814	  174.2898
8.683	 3.54	 1	 -42.5527	  171.7014
8.685	 2.38	 1	 -42.6076	  179.1389
8.688	 2.89	 2	 -42.6797	  172.2207
8.691	 2.52	 1	 -43.8497	  174.7200
8.693	 2.74	 1	 -47.1624	  173.6883
8.700	 2.15	 1	 -40.7127	  174.1323
8.710	 2.07	 1	 -43.3482	  171.2253
8.711	 2.16	 1	 -43.4719	  173.5553
8.712	 2.01	 1	 -38.6228	  170.4204
8.720	 3.33	 1	 -41.2482	  178.8158
8.730	 2.12	 1	 -41.8395	  173.9943
8.742	 2.05	 1	 -42.9254	  171.4967
8.749	 2.10	 1	 -43.6560	  173.3803
8.752	 2.57	 1	 -45.0111	  175.4596
8.753	 2.14	 1	 -46.3513	  176.5785
8.758	 2.11	 1	 -44.2586	  172.3853
8.762	 2.35	 1	 -43.0887	  174.4051
8.769	 2.25	 1	 -43.6002	  171.7644
8.770	 2.60	 1	 -43.1113	  174.8648
8.782	 2.26	 1	 -46.1642	  169.1339
8.795	 2.22	 1	 -41.8495	  172.8581
8.799	 2.07	 1	 -38.8222	  169.9078
8.808	 2.05	 1	 -42.3924	  173.8390
8.809	 2.16	 1	 -42.7534	  174.7026
8.809	 2.13	 1	 -43.0440	  173.7780
8.810	 2.48	 1	 -42.4236	  174.0530
8.810	 2.10	 1	 -42.8168	  173.2316
8.820	 2.17	 1	 -39.9482	  168.1758
8.822	 2.86	 1	 -43.2692	  174.4655
8.826	 2.47	 1	 -42.0360	  174.4200
8.835	 2.07	 1	 -46.1898	  169.1767
8.847	 2.23	 1	 -42.5048	  173.8135
8.863	 2.29	 1	 -40.1595	  167.9674
8.873	 2.01	 1	 -44.2845	  168.1851
8.888	 2.14	 1	 -41.9002	  172.6620
8.895	 2.19	 1	 -38.7324	  175.9201
8.895	 2.48	 1	 -40.7002	  171.0497
8.895	 3.04	 1	 -38.5678	  170.5861
8.897	 2.28	 1	 -44.2861	  171.2339
8.916	 2.96	 1	 -40.5626	  178.4101
8.923	 3.72	 1	 -40.3865	  172.7413
8.938	 2.29	 1	 -45.3274	  175.2584
8.951	 2.05	 1	 -39.4758	  172.4189
8.952	 2.08	 1	 -42.2530	  173.8186
8.955	 2.21	 1	 -41.9492	  173.4637
8.964	 2.45	 1	 -41.3162	  167.1980
8.970	 2.17	 1	 -40.7110	  169.8940
8.974	 2.40	 1	 -42.9710	  173.4355
8.974	 2.71	 1	 -46.2124	  176.8293
8.974	 2.30	 1	 -41.9118	  173.7454
8.980	 2.30	 1	 -41.0755	  167.3136
8.983	 2.19	 1	 -42.1154	  173.6887
8.986	 2.09	 1	 -44.0609	  169.7841
8.988	 2.12	 1	 -40.6807	  172.8216
8.988	 2.63	 1	 -40.1930	  167.9366
9.001	 2.06	 1	 -43.9149	  170.2902
9.011	 2.21	 1	 -41.6148	  174.4509
9.012	 2.16	 1	 -42.9522	  172.0667
9.013	 3.08	 1	 -38.9699	  169.5907
9.013	 2.08	 1	 -41.7882	  174.2480
9.017	 2.37	 1	 -41.4749	  171.5621
9.029	 2.09	 1	 -41.8812	  174.1526
9.040	 2.37	 1	 -42.5468	  173.1403
9.046	 2.40	 2	 -41.8854	  167.0041
9.047	 2.19	 1	 -45.9695	  174.0618
9.060	 2.09	 1	 -40.6030	  174.2001
9.091	 2.02	 1	 -42.4965	  173.7144
9.093	 2.08	 1	 -42.7742	  175.0254
9.104	 2.29	 1	 -42.6801	  172.5986
9.108	 2.01	 1	 -42.9045	  172.8790
9.111	 2.09	 1	 -41.2256	  172.3791
9.125	 2.30	 1	 -43.4134	  172.9633
9.131	 2.85	 1	 -42.2462	  173.6931
9.152	 2.20	 1	 -43.9112	  173.6916
9.161	 2.26	 1	 -39.2584	  176.9715
9.165	 3.76	 1	 -40.8365	  171.3832
9.173	 2.29	 1	 -46.4515	  175.6602
9.191	 2.28	 1	 -38.9754	  169.5795
9.210	 2.68	 1	 -43.2951	  174.7117
9.218	 2.22	 1	 -43.6459	  172.1192
9.234	 2.06	 1	 -39.1015	  169.3401
9.253	 2.18	 1	 -43.1204	  172.3457
9.253	 3.08	 1	 -39.5680	  177.4217
9.281	 2.58	 1	 -41.1171	  173.4945
9.293	 3.72	 1	 -38.5337	  175.3484
9.293	 2.19	 1	 -42.1269	  173.7732
9.314	 2.11	 1	 -42.5140	  174.3759
9.335	 2.27	 1	 -43.6786	  173.5205
9.349	 2.91	 1	 -41.6252	  171.2642
9.350	 2.14	 1	 -41.5162	  175.9543
9.361	 2.43	 1	 -44.4494	  172.6709
9.363	 2.05	 1	 -42.7136	  179.1399
9.372	 2.42	 1	 -45.3800	  169.5960
9.387	 2.31	 1	 -46.6117	  176.0213
9.388	 3.63	 1	 -44.1745	  173.9723
9.388	 3.18	 2	 -44.1752	  173.9740
9.388	 2.00	 1	 -43.0424	  170.4392
9.389	 2.51	 1	 -43.4614	  175.7468
9.400	 2.03	 1	 -43.4784	  173.4119
9.410	 2.36	 1	 -42.6269	  174.5314
9.416	 2.78	 1	 -43.2248	  174.4966
9.418	 2.11	 1	 -44.1618	  167.2401
9.431	 2.02	 1	 -44.6392	  169.7727
9.433	 2.15	 1	 -42.0454	  173.7202
9.439	 2.19	 1	 -46.3714	  169.5044
9.443	 2.25	 1	 -43.9683	  171.3772
9.450	 2.18	 1	 -41.4435	  170.1848
9.452	 2.93	 1	 -38.3083	  172.1553
9.455	 3.07	 1	 -38.2025	  172.6909
9.457	 2.23	 1	 -39.0169	  169.5961
9.461	 2.14	 1	 -43.0843	  173.0198
9.467	 2.43	 2	 -38.5607	  170.5721
9.492	 2.04	 1	 -44.1087	  174.2687
9.495	 2.40	 1	 -38.2706	  174.1323
9.498	 2.06	 1	 -44.2762	  172.6887
9.503	 2.30	 1	 -44.0604	  173.1123
9.509	 2.07	 1	 -42.6809	  166.9044
9.521	 2.24	 1	 -42.5629	  170.9974
9.523	 2.17	 1	 -42.2720	  173.9012
9.530	 2.63	 1	 -46.0304	  175.1925
9.537	 2.26	 1	 -44.5372	  167.4428
9.539	 2.54	 1	 -43.2607	  179.0909
9.549	 2.05	 1	 -41.6680	  172.1383
9.551	 2.15	 1	 -41.6804	  171.7690
9.554	 2.76	 1	 -40.8847	  175.4438
9.556	 2.70	 1	 -41.9393	  174.1291
9.561	 2.23	 1	 -42.6821	  172.8461
9.564	 2.09	 1	 -39.9125	  177.8306
9.581	 2.06	 1	 -42.4551	  173.7345
9.584	 2.55	 1	 -42.4723	  173.6541
9.601	 2.55	 1	 -45.6274	  168.3871
9.607	 2.10	 1	 -42.1837	  173.0088
9.612	 2.33	 1	 -39.1728	  169.2149
9.633	 2.78	 1	 -44.0648	  172.8604
9.638	 2.14	 1	 -42.3650	  174.6645
9.651	 2.70	 1	 -42.0701	  172.0461
9.657	 2.28	 1	 -46.5122	  169.7941
9.681	 2.28	 1	 -39.4618	  177.2774
9.686	 2.04	 1	 -42.8826	  171.7683
9.706	 2.65	 1	 -41.5628	  169.3877
9.725	 4.26	 1	 -47.0979	  171.7960
9.729	 2.59	 1	 -40.1891	  167.9402
9.770	 2.52	 1	 -39.3375	  177.0954
9.782	 2.13	 1	 -38.2956	  174.3033
9.812	 2.92	 1	 -40.5245	  178.3819
9.812	 2.81	 1	 -43.1238	  171.2793
9.818	 2.88	 1	 -46.6324	  170.0736
9.827	 2.22	 1	 -42.9443	  173.3665
9.832	 2.18	 1	 -43.3097	  172.4651
9.845	 2.17	 1	 -40.1750	  178.0913
9.846	 3.48	 1	 -42.2363	  173.6053
9.860	 2.37	 1	 -44.7227	  178.4809
9.883	 2.33	 1	 -43.3726	  170.4688
9.889	 3.83	 1	 -42.3103	  173.6158
9.892	 3.13	 1	 -41.9697	  173.6337
9.892	 2.15	 1	 -45.8393	  177.3923
9.905	 2.38	 1	 -44.2855	  167.3011
9.909	 2.03	 1	 -43.6277	  174.1746
9.910	 2.35	 1	 -44.2126	  176.6305
9.914	 2.09	 1	 -41.8220	  174.0323
9.940	 2.19	 1	 -43.0082	  171.2320
9.942	 2.20	 1	 -42.4070	  173.3536
9.946	 2.34	 1	 -44.1267	  167.2238
9.953	 2.04	 1	 -41.1360	  174.3735
9.955	 2.64	 1	 -42.7670	  174.8077
9.958	 2.06	 1	 -42.5118	  174.9151
9.959	 2.22	 1	 -42.1433	  177.6546
9.972	 2.20	 1	 -43.2131	  172.8661
9.993	 2.35	 1	 -43.6190	  177.4063
9.995	 2.35	 1	 -46.5127	  169.7952
10.002	 2.26	 1	 -42.0044	  174.5461
10.022	 2.05	 1	 -45.1636	  174.5033
10.022	 2.93	 1	 -42.6558	  170.8638
10.024	 2.58	 1	 -44.7697	  173.5993
10.031	 2.05	 1	 -42.2368	  173.5325
10.036	 2.03	 1	 -42.1389	  173.6245
10.041	 3.09	 1	 -40.5504	  170.0738
10.046	 2.07	 1	 -43.5812	  171.5448
10.047	 2.48	 1	 -39.0076	  169.5162
10.058	 2.10	 1	 -42.2197	  166.9382
10.075	 2.14	 1	 -39.3295	  177.0832
10.075	 2.24	 1	 -47.0681	  171.6122
10.080	 2.17	 1	 -44.0513	  172.9774
10.101	 2.79	 1	 -43.7580	  167.0786
10.109	 2.66	 1	 -41.1007	  171.8002
10.109	 2.38	 1	 -39.9695	  168.1536
10.123	 2.16	 1	 -46.4999	  176.2771
10.123	 2.20	 1	 -41.9705	  171.5441
10.166	 2.07	 1	 -41.6539	  175.4219
10.197	 2.08	 1	 -43.6864	  173.4104
10.201	 3.19	 1	 -42.1829	  173.6635
10.207	 2.02	 1	 -45.7630	  168.5977
10.217	 2.06	 1	 -43.3752	  173.2130
10.226	 2.40	 1	 -40.3919	  167.7657
10.233	 2.18	 1	 -44.0653	  170.6494
10.235	 2.57	 1	 -38.7901	  176.0614
10.238	 2.41	 1	 -42.5776	  173.1174
10.242	 2.16	 1	 -42.8359	  169.9512
10.251	 3.31	 1	 -42.7612	  179.1392
10.253	 2.96	 1	 -42.7867	  173.7207
10.271	 2.25	 1	 -44.9998	  175.1247
10.310	 2.96	 1	 -44.1846	  174.8299
10.313	 2.99	 1	 -41.2718	  178.8266
10.315	 2.09	 1	 -40.9039	  172.9727
10.316	 2.22	 1	 -45.9229	  169.9742
10.321	 2.23	 1	 -42.1576	  175.3064
10.323	 2.02	 1	 -43.5260	  179.0339
10.331	 2.04	 1	 -38.2074	  172.5856
10.344	 2.87	 1	 -45.7386	  177.5224
10.345	 2.08	 1	 -43.2543	  172.4656
10.360	 2.91	 1	 -41.5311	  170.6744
10.365	 2.54	 1	 -42.3605	  173.7385
10.375	 2.59	 1	 -45.1247	  178.1678
10.377	 2.06	 1	 -39.6926	  168.4649
10.389	 3.11	 1	 -41.7037	  171.7374
10.397	 2.01	 1	 -42.9661	  173.8239
10.418	 2.11	 1	 -39.5315	  177.3732
10.426	 2.15	 1	 -43.5000	  170.5452
10.430	 2.47	 1	 -45.5889	  170.1274
10.437	 2.02	 1	 -38.5115	  175.2735
10.441	 2.27	 1	 -42.0312	  173.2679
10.443	 4.27	 1	 -47.1703	  172.4628
10.444	 2.10	 1	 -42.1009	  172.2842
10.459	 2.21	 1	 -41.6605	  171.5761
10.465	 2.12	 1	 -46.6381	  170.0876
10.476	 2.12	 1	 -44.8731	  174.9308
10.487	 2.21	 1	 -44.1127	  169.6343
10.490	 4.45	 1	 -44.5935	  167.4779
10.490	 2.11	 2	 -44.6122	  167.5025
10.502	 2.76	 1	 -41.8956	  170.7503
10.512	 2.23	 1	 -40.0098	  173.0302
10.514	 2.20	 1	 -39.4251	  168.8192
10.522	 2.13	 1	 -41.6772	  173.1385
10.526	 2.41	 1	 -40.8908	  178.6274
10.526	 2.57	 1	 -45.5304	  173.7289
10.534	 2.70	 1	 -43.5126	  173.6070
10.540	 2.16	 1	 -44.0339	  173.7575
10.555	 3.07	 1	 -43.3373	  173.9551
10.563	 2.19	 1	 -42.9416	  173.1389
10.575	 2.63	 1	 -38.4205	  171.1129
10.576	 2.09	 1	 -43.6953	  171.2627
10.590	 2.02	 1	 -41.6838	  174.2561
10.592	 2.04	 1	 -43.8747	  178.1017
10.608	 2.07	 1	 -42.6092	  175.0240
10.610	 2.13	 1	 -42.7998	  171.6695
10.614	 2.11	 1	 -46.9221	  170.9452
10.616	 2.17	 1	 -40.6865	  172.3233
10.618	 2.72	 1	 -41.2487	  171.0590
10.624	 2.60	 1	 -44.7628	  175.5269
10.631	 2.08	 1	 -38.7689	  176.9825
10.634	 2.22	 1	 -43.9956	  173.1360
10.641	 2.24	 1	 -44.0202	  175.0806
10.642	 2.27	 1	 -46.3694	  174.3704
10.650	 3.71	 1	 -42.2980	  176.0188
10.666	 2.06	 1	 -42.7017	  173.7623
10.675	 5.06	 1	 -42.9726	  175.0919
10.681	 2.12	 1	 -43.0293	  173.5948
10.683	 2.49	 1	 -44.7416	  176.0244
10.694	 2.19	 1	 -41.2577	  175.8588
10.695	 2.44	 1	 -40.4654	  178.3369
10.695	 2.11	 1	 -38.2757	  174.1695
10.703	 2.72	 1	 -43.5288	  173.2055
10.729	 2.17	 2	 -42.9969	  175.0662
10.732	 3.98	 1	 -41.1212	  177.0441
10.734	 3.12	 1	 -42.9586	  172.9684
10.736	 2.33	 2	 -42.9600	  175.0492
10.736	 2.13	 1	 -47.1826	  173.3523
10.741	 2.55	 1	 -42.6298	  170.2645
10.749	 2.05	 1	 -41.0502	  174.7257
10.755	 3.72	 1	 -44.6267	  174.7995
10.782	 2.97	 1	 -41.0245	  171.4230
10.789	 2.51	 1	 -44.6119	  167.4897
10.799	 2.42	 2	 -44.5896	  167.4919
10.807	 2.59	 1	 -38.2527	  172.0534
10.814	 2.25	 1	 -43.5856	  171.9428
10.826	 2.61	 1	 -46.7187	  175.7464
10.827	 3.99	 1	 -38.4543	  170.9784
10.829	 2.76	 1	 -42.6317	  176.4248
10.830	 2.18	 1	 -42.3058	  173.7747
10.834	 2.40	 1	 -38.6653	  175.7436
10.835	 2.20	 1	 -41.1890	  173.4088
10.841	 2.15	 1	 -40.1566	  177.0124
10.844	 2.06	 1	 -41.1575	  173.4375
10.853	 2.07	 1	 -44.2402	  178.3436
10.860	 2.02	 1	 -44.0318	  174.2853
10.874	 2.77	 2	 -47.0902	  171.8290
10.888	 3.49	 1	 -42.9187	  172.1304
10.901	 2.35	 1	 -42.3780	  173.7856
10.925	 2.35	 2	 -41.0348	  172.4808
10.926	 2.12	 1	 -39.9531	  177.8736
10.931	 2.21	 1	 -42.3234	  173.5973
10.956	 2.38	 1	 -46.9306	  170.9774
10.958	 2.20	 2	 -42.9581	  174.9860
10.973	 2.33	 1	 -39.2841	  169.0318
10.995	 2.04	 1	 -41.9569	  173.3755
11.011	 2.73	 1	 -47.1828	  173.3478
11.031	 2.25	 1	 -40.2982	  175.2391
11.047	 2.37	 1	 -43.0585	  172.0369
11.065	 2.00	 1	 -44.2885	  170.5618
11.078	 2.30	 1	 -43.7908	  172.0330
11.083	 2.57	 1	 -42.1443	  173.3447
11.093	 2.47	 1	 -41.9823	  173.6935
11.098	 2.64	 1	 -42.6133	  173.3156
11.102	 2.36	 1	 -42.3523	  179.1224
11.141	 2.45	 1	 -42.0746	  174.4781
11.143	 2.92	 1	 -43.4982	  171.5972
11.148	 3.41	 1	 -41.3260	  173.6037
11.154	 2.16	 1	 -39.7604	  168.3839
11.165	 2.14	 1	 -40.1792	  172.6118
11.166	 2.22	 1	 -39.7807	  173.2860
11.168	 2.39	 1	 -40.2491	  175.0943
11.176	 2.07	 1	 -42.6573	  173.9108
11.185	 2.16	 1	 -42.4829	  173.3218
11.188	 2.03	 1	 -44.7316	  172.2111
11.199	 2.15	 1	 -38.2599	  171.9943
11.209	 2.32	 1	 -38.1969	  173.1466
11.248	 2.12	 1	 -44.8195	  167.6320
11.268	 3.20	 1	 -42.6023	  170.5991
11.281	 2.19	 1	 -43.2031	  171.7180
11.283	 2.87	 1	 -42.0469	  171.4807
11.331	 2.19	 1	 -44.8031	  171.1158
11.335	 3.09	 1	 -41.3291	  172.8490
11.341	 2.31	 1	 -42.3281	  169.9367
11.348	 2.07	 1	 -44.0730	  167.4031
11.352	 2.38	 1	 -42.3102	  172.1641
11.357	 3.38	 1	 -40.2593	  171.4278
11.371	 3.08	 1	 -42.3215	  172.4330
11.372	 2.32	 1	 -41.2008	  178.7935
11.379	 2.20	 1	 -41.9126	  172.6541
11.383	 2.98	 1	 -41.4487	  178.9012
11.386	 2.81	 1	 -44.4140	  169.9226
11.393	 2.08	 1	 -41.0776	  175.7417
11.396	 2.11	 1	 -41.3836	  173.0677
11.408	 2.45	 1	 -41.8718	  174.2262
11.428	 2.02	 1	 -41.2519	  173.4923
11.446	 3.24	 2	 -40.5711	  178.3973
11.451	 3.20	 1	 -44.4517	  174.6302
11.461	 2.14	 1	 -41.9838	  173.2484
11.461	 2.01	 1	 -41.8649	  176.5251
11.470	 2.64	 1	 -38.3434	  171.4684
11.484	 2.37	 1	 -43.6757	  173.3650
11.487	 2.02	 1	 -40.6969	  173.3642
11.489	 2.52	 1	 -43.5584	  173.5080
11.489	 2.34	 1	 -42.6027	  172.2524
11.498	 2.09	 1	 -40.8291	  167.8711
11.500	 2.18	 1	 -41.2618	  175.7543
11.506	 2.08	 2	 -44.0182	  177.4168
11.508	 2.35	 1	 -40.3129	  172.9754
11.532	 2.21	 1	 -45.8139	  168.6184
11.549	 2.11	 1	 -42.8513	  171.4233
11.574	 2.33	 1	 -45.1985	  178.1018
11.577	 4.49	 2	 -44.5840	  167.4665
11.578	 2.15	 3	 -44.5794	  167.4892
11.583	 2.08	 1	 -38.5293	  172.8131
11.584	 4.56	 1	 -43.8976	  167.1281
11.584	 2.01	 2	 -42.8517	  171.4179
11.584	 2.17	 1	 -42.5239	  173.7732
11.587	 3.17	 1	 -43.3541	  179.0734
11.600	 2.13	 2	 -43.8409	  167.0581
11.605	 2.80	 1	 -44.2977	  178.7369
11.608	 2.82	 1	 -42.8977	  170.6935
11.610	 2.19	 1	 -46.0228	  169.3318
11.617	 2.18	 1	 -45.2193	  172.0458
11.630	 2.44	 1	 -43.6905	  174.2162
11.633	 2.20	 1	 -43.9545	  173.8908
11.638	 2.30	 1	 -39.1396	  169.2723
11.640	 2.65	 1	 -41.7383	  173.8467
11.662	 2.61	 1	 -42.4363	  176.4656
11.662	 3.34	 2	 -42.4331	  176.4569
11.664	 2.35	 1	 -41.9183	  179.0486
11.698	 2.48	 1	 -42.3592	  173.3386
11.713	 2.06	 1	 -41.6446	  171.8727
11.736	 2.01	 1	 -43.3279	  175.7030
11.740	 2.22	 1	 -40.7147	  167.5279
11.774	 2.28	 1	 -40.5743	  167.6256
11.799	 2.27	 1	 -42.1471	  172.6389
11.801	 2.34	 1	 -43.1142	  171.8448
11.815	 2.30	 1	 -43.7776	  173.8017
11.816	 2.14	 1	 -43.0854	  176.5595
11.827	 2.06	 1	 -44.2297	  167.3637
11.829	 2.04	 1	 -44.4645	  169.3316
11.834	 4.06	 1	 -41.1033	  172.2820
11.836	 2.84	 1	 -40.2041	  174.7006
11.857	 2.45	 1	 -42.1808	  171.5887
11.864	 2.24	 1	 -41.8168	  174.1688
11.866	 3.69	 1	 -45.4266	  171.0712
11.867	 2.30	 1	 -43.9672	  172.9861
11.881	 2.48	 1	 -41.9254	  173.9598
11.895	 2.62	 1	 -42.3537	  174.2603
11.897	 2.77	 1	 -46.7727	  172.4921
11.903	 2.05	 1	 -43.9917	  173.1178
11.906	 2.01	 1	 -42.0375	  173.3322
11.919	 2.92	 3	 -44.5576	  167.5266
11.927	 4.69	 1	 -43.4364	  174.2666
11.944	 2.16	 1	 -41.3273	  172.1337
11.945	 2.11	 1	 -38.3647	  174.6826
11.952	 2.45	 1	 -40.7875	  175.3836
11.952	 2.78	 1	 -39.6092	  176.4099
11.962	 2.60	 1	 -42.2746	  173.6373
11.963	 2.36	 1	 -40.8052	  173.7140
11.970	 2.33	 1	 -44.0236	  178.8658
11.971	 2.16	 1	 -43.3153	  172.5395
11.983	 2.10	 1	 -43.5255	  173.1650
11.984	 2.06	 1	 -46.3333	  169.4317
11.986	 2.16	 1	 -47.1860	  172.7924
11.991	 2.14	 1	 -42.9179	  171.4224
12.016	 2.50	 1	 -43.5823	  171.9087
12.017	 2.03	 1	 -42.4068	  176.2144
12.059	 2.34	 1	 -44.3601	  178.7037
12.089	 2.46	 1	 -44.4056	  178.6786
12.110	 2.38	 1	 -38.2015	  172.7176
12.134	 3.01	 1	 -39.7684	  177.6697
12.139	 2.07	 1	 -44.7683	  171.2455
12.156	 2.20	 1	 -42.8091	  169.2347
12.160	 2.21	 1	 -41.7738	  175.4597
12.173	 2.02	 1	 -46.6904	  174.5821
12.183	 2.98	 1	 -46.5587	  176.1462
12.189	 2.39	 1	 -42.6951	  173.8693
12.192	 2.57	 1	 -43.3857	  169.2519
12.199	 2.12	 1	 -43.9503	  173.1293
12.201	 2.18	 1	 -42.3010	  173.5285
12.203	 2.14	 1	 -40.0500	  175.5638
12.208	 2.17	 1	 -42.2364	  174.6983
12.208	 2.24	 1	 -42.1939	  173.2053
12.208	 2.04	 1	 -43.7888	  172.5043
12.219	 2.74	 1	 -40.0339	  168.0882
12.231	 2.47	 1	 -43.0585	  173.3083
12.233	 3.10	 1	 -44.0546	  175.6336
12.259	 2.71	 1	 -42.2256	  173.7909
12.261	 2.86	 1	 -43.8930	  167.1264
12.261	 2.28	 1	 -42.9735	  172.3032
12.267	 2.16	 1	 -41.6455	  167.0725
12.272	 2.74	 1	 -43.2109	  171.9442
12.274	 3.31	 1	 -42.0525	  173.6131
12.323	 2.19	 2	 -41.0857	  172.2949
12.337	 2.05	 1	 -44.0971	  178.8338
12.340	 2.42	 1	 -44.7157	  167.5585
12.346	 2.01	 1	 -41.0447	  176.9870
12.350	 2.14	 1	 -46.7882	  170.4969
12.360	 2.02	 1	 -40.0157	  177.9379
12.368	 2.21	 1	 -43.2120	  173.4167
12.369	 2.08	 1	 -39.6101	  173.9124
12.376	 2.06	 1	 -42.1861	  173.4967
12.377	 2.67	 1	 -40.8252	  172.9916
12.384	 2.19	 1	 -42.2370	  173.2219
12.402	 2.24	 1	 -41.9265	  169.3091
12.404	 3.13	 1	 -45.1838	  167.9291
12.428	 2.18	 1	 -42.5927	  173.4848
12.435	 3.94	 1	 -41.2560	  173.4924
12.448	 2.15	 1	 -42.7315	  173.1401
12.451	 2.15	 1	 -43.2761	  173.0286
12.459	 2.09	 1	 -41.8962	  172.1509
12.466	 2.39	 1	 -42.8801	  172.0710
12.478	 2.95	 1	 -44.6059	  171.1699
12.502	 2.01	 2	 -44.4047	  169.9220
12.524	 2.14	 1	 -46.9100	  175.1441
12.528	 2.41	 1	 -41.4890	  174.0834
12.537	 2.16	 1	 -45.5818	  177.5757
12.539	 2.15	 1	 -43.9066	  172.6916
12.547	 2.03	 1	 -42.8342	  166.9074
12.559	 2.54	 1	 -47.1610	  173.7052
12.565	 2.17	 1	 -44.5683	  171.7102
12.566	 2.13	 1	 -44.5745	  173.7857
12.573	 2.21	 1	 -41.5729	  173.4574
12.593	 2.16	 3	 -44.5769	  167.4701
12.594	 2.05	 1	 -42.7758	  174.2273
12.602	 2.84	 1	 -40.9984	  167.3551
12.608	 2.23	 2	 -39.7206	  171.8044
12.635	 2.53	 1	 -42.4188	  174.6182
12.641	 2.39	 1	 -42.9660	  179.1286
12.643	 2.60	 1	 -42.2013	  166.9409
12.646	 2.22	 1	 -43.2540	  171.8786
12.672	 2.18	 1	 -44.2121	  173.1570
12.677	 2.14	 1	 -43.6200	  174.2841
12.680	 2.05	 1	 -39.9833	  173.0077
12.687	 2.16	 1	 -42.3210	  169.4772
12.694	 2.21	 1	 -43.9697	  174.5895
12.714	 2.67	 1	 -42.8187	  172.5789
12.734	 3.11	 1	 -42.1612	  173.6870
12.757	 2.84	 1	 -41.0353	  170.2608
12.766	 2.70	 1	 -43.0271	  173.2627
12.766	 2.33	 1	 -47.1886	  172.9272
12.769	 2.07	 1	 -38.9615	  169.6075
12.804	 2.29	 1	 -42.2882	  172.2315
12.834	 2.34	 1	 -41.4607	  167.1384
12.835	 4.59	 1	 -41.7179	  173.5105
12.835	 2.71	 1	 -42.1961	  172.3399
12.835	 3.44	 2	 -41.7822	  173.5750
12.837	 2.22	 2	 -41.7147	  173.4962
12.852	 2.04	 1	 -44.3772	  171.5240
12.860	 2.18	 1	 -42.2823	  166.9299
12.867	 2.00	 1	 -42.4986	  172.3132
12.870	 2.30	 1	 -44.1420	  176.8393
12.877	 2.67	 1	 -44.6489	  174.1211
12.878	 2.27	 1	 -41.5479	  172.7756
12.888	 2.04	 1	 -41.2299	  174.8145
12.890	 2.20	 1	 -42.2213	  172.7247
12.903	 2.86	 1	 -42.7661	  166.9052
12.917	 2.04	 1	 -41.3812	  167.1702
12.920	 3.22	 1	 -41.9180	  172.2329
12.920	 2.39	 1	 -47.1400	  172.1205
12.921	 2.25	 2	 -41.9189	  172.2440
12.921	 3.27	 1	 -42.2271	  173.5970
12.936	 2.98	 1	 -40.8992	  171.0589
12.943	 2.09	 1	 -46.9904	  174.8207
12.944	 3.24	 1	 -42.5688	  172.6102
12.946	 2.97	 1	 -43.5550	  171.1695
12.951	 2.62	 1	 -44.2883	  178.7417
12.952	 2.28	 1	 -44.7418	  174.9752
12.956	 2.20	 1	 -42.7664	  171.3895
12.962	 2.77	 1	 -43.1687	  171.7474
12.966	 2.48	 1	 -41.5968	  175.3764
12.968	 3.18	 1	 -39.6329	  175.2224
13.004	 2.83	 1	 -43.0169	  174.3010
13.005	 2.96	 1	 -38.4579	  175.0800
13.015	 2.50	 1	 -47.1837	  172.7212
13.016	 2.47	 1	 -40.7862	  172.7541
13.019	 2.06	 1	 -42.9916	  171.3568
13.023	 2.31	 1	 -42.3953	  173.7028
13.036	 2.29	 1	 -44.0274	  174.5083
13.060	 2.02	 1	 -42.6768	  173.1470
13.062	 2.29	 1	 -43.5444	  173.9228
13.065	 2.92	 1	 -45.6367	  169.2118
13.074	 2.11	 1	 -43.6982	  170.6922
13.074	 2.72	 1	 -46.2893	  176.6938
13.121	 2.14	 1	 -42.4784	  173.2755
13.125	 2.19	 1	 -38.5911	  170.5144
13.131	 2.32	 1	 -42.4064	  173.3335
13.137	 2.68	 1	 -42.6793	  173.1511
13.152	 2.19	 2	 -39.4935	  170.0317
13.179	 3.14	 1	 -44.2161	  174.7929
13.194	 2.11	 1	 -43.6286	  167.0383
13.211	 2.25	 1	 -44.4511	  174.3916
13.227	 2.61	 1	 -46.6729	  175.8683
13.229	 2.12	 1	 -42.1666	  171.6280
13.239	 2.56	 1	 -43.1634	  172.6091
13.266	 2.99	 1	 -42.5060	  173.4389
13.270	 2.18	 1	 -44.1274	  174.3446
13.295	 2.81	 1	 -42.1886	  173.8243
13.296	 2.78	 1	 -43.4339	  170.0632
13.297	 3.89	 1	 -42.8931	  179.1339
13.319	 2.06	 1	 -40.4331	  175.0035
13.327	 2.07	 1	 -38.8413	  169.8643
13.330	 2.64	 1	 -44.5018	  172.9616
13.333	 2.54	 1	 -41.8799	  171.5886
13.343	 2.63	 1	 -43.8123	  167.0971
13.350	 2.18	 1	 -42.2555	  173.2735
13.355	 2.37	 1	 -38.2691	  174.1213
13.360	 2.25	 1	 -41.1790	  172.5931
13.368	 2.49	 1	 -38.8737	  176.2520
13.373	 2.44	 2	 -43.4098	  174.2248
13.377	 2.17	 1	 -42.5674	  166.9067
13.391	 2.17	 1	 -42.7435	  168.8485
13.427	 2.27	 1	 -43.4190	  172.3948
13.438	 2.34	 1	 -45.7416	  172.2064
13.446	 2.58	 1	 -38.4397	  175.0091
13.477	 2.43	 1	 -43.5696	  167.0218
13.486	 2.34	 1	 -42.6850	  173.6337
13.487	 2.01	 1	 -42.5329	  174.4345
13.489	 2.41	 1	 -38.2469	  173.9403
13.490	 2.66	 1	 -41.9881	  172.5123
13.498	 2.29	 1	 -41.6011	  172.2922
13.508	 2.85	 1	 -46.8854	  175.2325
13.512	 2.98	 1	 -41.4036	  174.1813
13.536	 2.27	 1	 -41.9075	  171.8009
13.540	 3.04	 2	 -47.1143	  171.8066
13.546	 2.37	 1	 -43.4785	  171.4465
13.547	 3.07	 1	 -42.4825	  173.1299
13.548	 3.37	 1	 -46.4002	  169.5608
13.558	 2.39	 1	 -39.2779	  169.0416
13.568	 2.30	 1	 -42.2591	  173.5549
13.578	 2.23	 1	 -44.1571	  171.1160
13.585	 2.05	 2	 -41.6133	  172.2982
13.586	 2.02	 1	 -39.3621	  174.8997
13.609	 2.52	 1	 -42.0534	  172.6518
13.635	 2.10	 1	 -42.8224	  172.5876
13.636	 2.12	 2	 -41.7385	  173.3691
13.645	 2.01	 1	 -44.0586	  178.8508
13.659	 2.28	 1	 -38.3064	  171.6747
13.660	 2.01	 1	 -43.8103	  176.0492
13.669	 2.22	 1	 -39.6845	  177.5695
13.672	 2.39	 1	 -42.4065	  172.0076
13.678	 2.64	 1	 -41.3478	  174.3746
13.681	 2.77	 1	 -41.2569	  174.5390
13.693	 2.04	 1	 -43.0967	  179.1152
13.703	 2.13	 1	 -44.9085	  174.0024
13.711	 2.14	 1	 -41.2973	  172.8722
13.716	 2.81	 1	 -41.7278	  167.0468
13.718	 4.59	 1	 -42.0125	  168.2657
13.719	 2.67	 2	 -41.9231	  168.2384
13.744	 3.95	 2	 -41.6934	  173.6345
13.751	 2.58	 2	 -41.9275	  168.2161
13.764	 2.39	 1	 -41.6638	  174.3642
13.772	 2.61	 1	 -42.0243	  172.8753
13.782	 2.05	 1	 -45.3905	  171.7854
13.789	 2.76	 1	 -41.3669	  178.8680
13.803	 2.03	 1	 -42.4865	  173.5778
13.804	 2.59	 1	 -42.3309	  173.5492
13.811	 2.96	 1	 -43.3589	  172.2843
13.812	 2.10	 2	 -42.0336	  168.4463
13.824	 2.12	 1	 -39.8792	  169.0756
13.843	 2.02	 1	 -42.2421	  177.3956
13.847	 2.32	 1	 -38.3061	  174.3679
13.861	 3.44	 1	 -43.2540	  166.9522
13.866	 2.09	 1	 -43.7550	  174.5740
13.868	 2.23	 1	 -38.5043	  171.9843
13.869	 4.02	 1	 -41.4545	  168.1340
13.875	 2.59	 1	 -43.3944	  171.1065
13.889	 2.17	 1	 -42.1711	  173.5994
13.889	 2.24	 1	 -41.6748	  173.4118
13.899	 2.21	 1	 -41.9432	  175.0215
13.903	 2.45	 1	 -42.8023	  170.5804
13.945	 2.04	 1	 -42.4083	  172.4446
13.956	 2.32	 1	 -45.4376	  168.1767
13.973	 2.02	 1	 -41.6154	  174.4813
13.984	 2.05	 1	 -44.1996	  176.0634
13.990	 2.07	 1	 -40.4249	  167.7392
13.998	 3.09	 1	 -43.9988	  173.2354
13.998	 2.36	 1	 -47.1888	  172.9494
