# Simulation 413
# RelativeTime(days) Magnitude Generation Latitude Longitude
Time Mag Gen Lat Lon
0.083	 2.41	 1	 -43.6259	  172.8733
0.084	 3.36	 1	 -41.9429	  174.0224
0.084	 2.47	 1	 -42.6458	  172.5501
0.084	 2.09	 1	 -42.5748	  173.5241
0.084	 2.31	 1	 -42.5559	  173.0721
0.084	 2.66	 1	 -46.5840	  169.9568
0.085	 2.23	 1	 -42.2047	  173.8043
0.085	 3.45	 1	 -42.3573	  173.6222
0.086	 2.13	 1	 -41.6214	  174.2434
0.087	 2.06	 1	 -41.7768	  174.2215
0.087	 2.52	 1	 -42.2874	  173.4706
0.088	 2.12	 1	 -42.1923	  173.6220
0.088	 2.63	 1	 -41.4717	  174.3692
0.088	 2.14	 1	 -42.5210	  173.7423
0.089	 2.27	 1	 -42.1110	  173.6497
0.089	 2.12	 1	 -42.0206	  173.7095
0.090	 2.52	 1	 -41.9750	  173.7071
0.090	 2.04	 1	 -42.9532	  172.3504
0.090	 2.06	 1	 -42.7653	  173.4973
0.091	 2.84	 1	 -41.6190	  170.6801
0.091	 2.08	 1	 -38.5171	  174.3654
0.091	 3.78	 1	 -42.7991	  174.3661
0.092	 2.88	 1	 -41.7291	  174.1149
0.092	 2.03	 1	 -42.9146	  172.9371
0.092	 2.38	 1	 -42.0607	  173.5214
0.093	 2.66	 1	 -42.3024	  173.7906
0.093	 2.56	 1	 -42.4296	  173.0448
0.094	 2.29	 1	 -42.2655	  173.6770
0.095	 2.26	 1	 -42.0386	  173.4041
0.095	 3.78	 1	 -41.7385	  174.0965
0.095	 2.42	 1	 -42.5929	  172.8672
0.095	 2.13	 1	 -42.8577	  173.0117
0.095	 2.11	 1	 -42.7180	  172.6006
0.095	 2.68	 1	 -42.5677	  172.2831
0.096	 2.03	 1	 -42.7229	  173.5809
0.096	 2.22	 1	 -42.0613	  174.4653
0.096	 2.51	 1	 -43.6322	  176.2500
0.097	 2.17	 1	 -43.5390	  173.2498
0.097	 2.34	 1	 -43.0762	  172.4370
0.097	 2.63	 1	 -42.4565	  173.3358
0.097	 2.27	 1	 -41.8539	  174.1214
0.098	 2.17	 1	 -41.7794	  174.4203
0.098	 2.39	 1	 -42.5885	  172.8961
0.099	 2.07	 1	 -42.2668	  173.8262
0.099	 2.17	 1	 -43.1675	  173.6536
0.099	 2.37	 1	 -42.5152	  173.2037
0.099	 2.22	 1	 -42.8156	  172.8159
0.100	 2.21	 1	 -44.8619	  173.4412
0.100	 2.02	 1	 -43.5546	  170.6043
0.101	 2.31	 1	 -42.1365	  173.8453
0.103	 3.03	 1	 -42.6096	  172.8309
0.103	 2.29	 1	 -42.0671	  173.4398
0.104	 2.47	 1	 -38.5286	  175.3316
0.104	 2.18	 1	 -42.2438	  173.5057
0.105	 2.67	 1	 -42.4271	  173.5655
0.105	 3.05	 1	 -42.1292	  173.5810
0.105	 2.08	 1	 -42.6688	  173.2343
0.105	 2.33	 1	 -42.1329	  173.5836
0.105	 2.16	 1	 -43.2129	  173.0451
0.106	 2.72	 1	 -42.5769	  172.9866
0.106	 2.36	 1	 -42.5212	  173.0269
0.106	 2.80	 1	 -41.6901	  174.2803
0.106	 2.09	 1	 -43.5967	  173.1600
0.107	 2.46	 1	 -42.3855	  172.4165
0.107	 2.09	 1	 -42.0246	  173.7137
0.107	 3.08	 1	 -40.8421	  171.5995
0.108	 2.25	 1	 -42.0905	  174.4577
0.110	 3.35	 1	 -42.0691	  173.7073
0.111	 2.04	 1	 -42.5233	  174.0775
0.113	 2.14	 1	 -41.5189	  174.9151
0.113	 2.12	 1	 -42.4361	  173.7091
0.113	 2.11	 1	 -43.0575	  171.6605
0.115	 2.03	 1	 -42.1785	  173.6823
0.115	 2.16	 1	 -41.9463	  174.5340
0.115	 3.42	 1	 -41.1514	  175.5611
0.115	 2.18	 1	 -41.8013	  173.9138
0.116	 2.05	 1	 -42.1656	  173.4875
0.116	 2.66	 1	 -44.5116	  175.4871
0.116	 3.03	 1	 -42.3489	  173.8092
0.117	 2.01	 1	 -42.3392	  173.6186
0.117	 2.21	 1	 -43.0060	  172.9458
0.118	 2.29	 1	 -42.3198	  172.3684
0.118	 2.14	 1	 -42.7905	  173.4044
0.118	 2.01	 1	 -42.6121	  171.8833
0.119	 2.84	 1	 -43.2934	  174.5678
0.120	 3.40	 1	 -41.9977	  171.3219
0.120	 2.65	 1	 -42.0540	  173.6020
0.120	 2.02	 1	 -42.6305	  172.8511
0.121	 2.12	 1	 -45.5784	  168.3305
0.121	 2.40	 1	 -42.1036	  171.8550
0.122	 2.34	 1	 -42.7660	  172.8762
0.122	 2.27	 1	 -41.4839	  167.5212
0.123	 2.43	 1	 -41.8666	  174.3261
0.123	 4.08	 1	 -42.1961	  173.6901
0.125	 2.57	 1	 -42.6055	  174.7500
0.125	 2.30	 1	 -41.1759	  172.0753
0.125	 2.03	 2	 -42.3433	  173.8085
0.125	 2.72	 1	 -46.7417	  173.8208
0.125	 2.69	 1	 -42.4813	  173.6821
0.126	 2.49	 1	 -41.6316	  174.1619
0.126	 2.13	 1	 -41.6595	  174.2769
0.126	 2.30	 1	 -41.7021	  178.9897
0.127	 2.12	 1	 -42.3930	  173.0701
0.127	 2.52	 1	 -42.3322	  172.9530
0.127	 3.07	 1	 -44.1558	  172.2286
0.127	 2.23	 1	 -42.2742	  173.7055
0.128	 2.78	 1	 -42.1444	  173.5360
0.128	 2.32	 1	 -42.0241	  173.6856
0.129	 2.55	 1	 -41.2924	  172.9576
0.129	 2.01	 1	 -42.5591	  172.1990
0.130	 2.34	 1	 -42.9193	  172.4492
0.130	 2.14	 1	 -42.7538	  173.1211
0.130	 2.61	 1	 -41.9712	  173.6775
0.132	 2.05	 1	 -42.4964	  173.1714
0.133	 2.31	 1	 -42.7157	  173.2762
0.133	 2.14	 1	 -42.7695	  172.9283
0.134	 2.43	 1	 -41.9665	  173.7238
0.134	 2.70	 1	 -42.1461	  170.7316
0.135	 2.72	 1	 -42.3177	  173.6350
0.136	 2.11	 1	 -43.5786	  172.4882
0.136	 2.27	 1	 -41.9272	  172.7431
0.137	 2.28	 1	 -41.9846	  173.5138
0.137	 2.37	 1	 -41.9716	  173.7606
0.137	 2.01	 1	 -42.4326	  173.8272
0.137	 2.45	 1	 -42.3449	  173.0267
0.138	 2.20	 1	 -42.6354	  172.8062
0.138	 2.02	 1	 -42.5675	  172.9977
0.139	 2.54	 1	 -42.6618	  172.9781
0.141	 2.02	 1	 -42.8167	  170.0106
0.141	 2.70	 1	 -42.6928	  172.8286
0.142	 3.57	 1	 -41.5913	  174.2972
0.143	 2.45	 1	 -41.6942	  174.3651
0.143	 2.35	 1	 -42.0184	  173.6266
0.144	 2.19	 1	 -42.7299	  172.8268
0.144	 2.40	 1	 -42.6356	  172.9403
0.144	 2.30	 1	 -41.9855	  173.6098
0.144	 2.07	 1	 -38.3315	  174.5131
0.144	 2.29	 1	 -41.0407	  170.2574
0.145	 2.56	 1	 -42.8029	  173.5324
0.146	 2.78	 1	 -41.7824	  174.3678
0.148	 2.23	 1	 -42.5482	  173.0894
0.148	 2.13	 2	 -42.2009	  173.6993
0.148	 2.31	 1	 -42.2773	  173.7761
0.148	 4.29	 1	 -42.5132	  172.9287
0.149	 2.65	 1	 -41.6751	  172.3126
0.150	 2.16	 1	 -42.6676	  172.4911
0.150	 2.10	 1	 -41.7623	  173.9963
0.150	 2.99	 1	 -41.7974	  173.6896
0.152	 2.14	 1	 -43.7367	  172.8635
0.153	 2.87	 1	 -42.3495	  173.3520
0.154	 2.12	 1	 -42.0493	  173.7081
0.154	 2.13	 1	 -41.9744	  173.9992
0.154	 2.68	 1	 -42.4587	  173.1269
0.155	 2.74	 1	 -42.5607	  173.0807
0.156	 2.77	 1	 -43.5811	  173.2237
0.156	 2.23	 1	 -42.7225	  172.6321
0.156	 2.48	 1	 -42.6634	  172.8476
0.158	 2.17	 1	 -41.7384	  174.3168
0.160	 2.10	 1	 -39.8203	  169.8659
0.160	 3.13	 1	 -41.7430	  175.0811
0.160	 2.58	 1	 -41.9265	  173.4882
0.161	 2.69	 1	 -42.2873	  173.8542
0.162	 2.22	 1	 -42.3311	  173.6466
0.162	 2.15	 1	 -42.3348	  173.5325
0.163	 2.02	 1	 -42.9437	  172.8407
0.164	 2.95	 1	 -41.7916	  174.2144
0.164	 2.72	 1	 -42.6020	  173.0859
0.164	 2.03	 1	 -42.7849	  172.8212
0.164	 2.05	 1	 -42.4170	  173.7803
0.165	 2.25	 1	 -43.8902	  173.3708
0.165	 2.38	 1	 -41.4378	  174.4596
0.165	 3.01	 1	 -42.4462	  173.0631
0.165	 2.05	 1	 -40.9607	  178.6680
0.166	 2.00	 1	 -42.2677	  173.8212
0.167	 2.80	 1	 -42.4273	  173.7558
0.168	 3.45	 1	 -42.6153	  172.5199
0.168	 2.08	 1	 -42.5764	  173.1583
0.168	 2.50	 1	 -42.2594	  173.6890
0.168	 2.10	 1	 -42.2607	  173.6012
0.169	 2.50	 1	 -44.6456	  170.8921
0.169	 2.71	 1	 -42.1520	  174.1519
0.169	 2.31	 1	 -42.8022	  172.4260
0.171	 3.02	 1	 -41.9489	  173.9331
0.172	 2.70	 1	 -42.3449	  173.7709
0.172	 3.02	 1	 -41.9343	  173.5648
0.173	 2.20	 1	 -42.0475	  172.8694
0.174	 2.47	 1	 -42.3044	  173.8174
0.174	 2.63	 1	 -43.5331	  173.4392
0.175	 2.04	 1	 -41.2272	  172.3480
0.176	 2.37	 1	 -42.2607	  172.0470
0.178	 2.08	 1	 -42.9955	  172.5639
0.179	 2.07	 1	 -42.6209	  172.9202
0.180	 2.95	 1	 -43.5914	  172.8855
0.180	 2.20	 1	 -41.9939	  174.1454
0.181	 2.58	 1	 -42.1004	  173.4853
0.181	 2.20	 1	 -42.4342	  174.2340
0.181	 2.30	 1	 -41.0419	  172.2923
0.182	 2.76	 1	 -43.0050	  173.0275
0.183	 3.04	 1	 -42.4780	  173.1835
0.183	 2.88	 1	 -41.7341	  174.2187
0.185	 2.35	 1	 -42.3182	  173.7398
0.185	 2.62	 1	 -42.6917	  172.9128
0.186	 2.38	 1	 -42.1543	  173.6254
0.186	 3.18	 1	 -42.5471	  173.1424
0.186	 2.18	 1	 -42.3761	  173.7534
0.187	 2.45	 1	 -42.2483	  172.9961
0.188	 2.26	 1	 -43.7035	  172.9409
0.188	 2.17	 1	 -42.7534	  172.9525
0.189	 2.10	 1	 -42.6293	  173.6521
0.189	 2.65	 1	 -42.3437	  173.7852
0.189	 2.16	 1	 -42.2815	  173.7136
0.190	 2.90	 1	 -40.7080	  173.4787
0.191	 2.23	 1	 -43.2603	  174.6190
0.193	 2.33	 1	 -42.5241	  173.3556
0.194	 2.18	 1	 -43.2840	  173.3693
0.194	 2.22	 1	 -41.6017	  173.9926
0.195	 2.00	 1	 -41.7523	  174.1873
0.196	 2.23	 1	 -43.3612	  172.6712
0.196	 2.12	 1	 -42.4987	  173.8998
0.197	 2.69	 1	 -42.6396	  172.7875
0.199	 2.92	 1	 -42.7292	  172.6811
0.199	 2.48	 1	 -42.7130	  172.8806
0.201	 2.04	 1	 -42.4317	  173.4959
0.202	 2.22	 1	 -42.4306	  173.6205
0.204	 2.39	 1	 -42.4767	  174.5477
0.204	 2.55	 1	 -41.8461	  174.3096
0.204	 2.26	 1	 -42.4520	  173.1451
0.205	 2.24	 1	 -42.1314	  173.8405
0.206	 2.72	 1	 -42.5570	  173.0923
0.207	 2.27	 1	 -41.9846	  173.9744
0.207	 2.20	 1	 -42.8385	  169.8622
0.208	 2.68	 1	 -42.7157	  173.1204
0.210	 2.01	 1	 -42.3339	  173.7365
0.210	 2.16	 1	 -42.1629	  173.5689
0.211	 2.67	 1	 -42.1750	  173.0806
0.211	 2.06	 1	 -42.1612	  173.5863
0.212	 2.18	 1	 -38.8442	  176.1865
0.214	 2.37	 1	 -38.5821	  175.5027
0.214	 2.81	 1	 -43.0607	  171.5235
0.215	 2.11	 1	 -42.0922	  173.7042
0.215	 2.22	 1	 -43.5896	  176.9473
0.216	 2.21	 1	 -42.1225	  173.6935
0.216	 2.02	 1	 -42.0309	  173.7223
0.217	 2.37	 1	 -42.4806	  173.7680
0.218	 2.44	 1	 -42.4621	  173.1784
0.218	 2.80	 1	 -41.7056	  174.2908
0.218	 3.04	 1	 -41.9730	  173.2456
0.219	 2.20	 1	 -39.2298	  176.9250
0.219	 2.35	 1	 -42.8274	  172.5611
0.220	 2.39	 1	 -42.8824	  173.0799
0.221	 2.07	 1	 -42.1747	  173.9549
0.222	 2.11	 1	 -43.1037	  171.9689
0.222	 2.28	 1	 -42.3125	  175.4869
0.222	 2.08	 1	 -42.0109	  173.7416
0.223	 2.89	 1	 -42.1283	  173.7866
0.225	 2.29	 1	 -41.8387	  174.4197
0.225	 3.24	 1	 -42.6310	  172.5725
0.226	 2.73	 1	 -42.9780	  171.5295
0.227	 2.43	 1	 -42.4746	  173.1331
0.228	 3.72	 1	 -42.3457	  173.7078
0.228	 2.23	 1	 -47.1414	  172.1331
0.228	 2.35	 1	 -42.1163	  173.6363
0.229	 2.07	 1	 -42.8226	  172.0732
0.229	 3.36	 1	 -42.5396	  172.9604
0.229	 2.17	 1	 -42.1465	  173.5748
0.230	 2.21	 1	 -43.6302	  174.7633
0.230	 2.13	 1	 -42.5094	  172.7527
0.231	 2.91	 1	 -40.4109	  173.4472
0.231	 2.18	 1	 -42.2657	  173.1899
0.234	 2.58	 1	 -42.5610	  172.9955
0.235	 2.68	 1	 -41.9802	  173.8053
0.236	 2.91	 1	 -43.0578	  172.3942
0.237	 2.47	 1	 -42.2787	  173.6642
0.237	 2.63	 1	 -42.3309	  173.9516
0.239	 2.30	 1	 -42.1264	  173.6752
0.239	 2.19	 1	 -38.1980	  173.2095
0.239	 2.06	 1	 -41.0044	  174.2797
0.239	 2.62	 1	 -42.0609	  172.9147
0.239	 2.53	 1	 -42.6528	  170.9453
0.241	 2.05	 1	 -42.5484	  174.7150
0.243	 2.10	 1	 -42.2180	  173.5680
0.244	 2.86	 1	 -43.2024	  173.6361
0.245	 2.54	 1	 -42.5087	  173.7128
0.245	 2.48	 1	 -42.0795	  173.7532
0.247	 2.72	 1	 -42.1824	  173.9293
0.247	 2.01	 1	 -41.9963	  171.6013
0.249	 2.33	 1	 -42.0997	  176.7195
0.250	 2.20	 1	 -42.2927	  173.7893
0.251	 2.22	 1	 -42.4197	  173.7765
0.252	 3.82	 1	 -42.5943	  170.6369
0.252	 2.16	 1	 -42.4974	  172.3636
0.252	 2.15	 2	 -42.5352	  173.1318
0.253	 2.00	 1	 -43.4177	  170.3795
0.255	 2.30	 1	 -41.0686	  171.3235
0.255	 2.13	 1	 -42.1841	  173.5909
0.255	 2.19	 1	 -42.1237	  176.4392
0.255	 2.10	 1	 -43.7533	  172.1416
0.256	 2.39	 1	 -42.5264	  173.9215
0.257	 2.24	 1	 -43.0807	  173.1823
0.258	 2.12	 1	 -42.4417	  173.2052
0.258	 3.70	 1	 -41.8888	  173.5886
0.258	 2.01	 1	 -42.9542	  171.5971
0.259	 3.71	 1	 -42.2143	  173.6174
0.261	 2.38	 1	 -43.3364	  172.3282
0.261	 2.39	 1	 -41.7937	  173.8525
0.261	 2.13	 1	 -43.8482	  175.6485
0.262	 3.65	 1	 -43.4098	  176.6232
0.263	 2.29	 1	 -44.9534	  168.2583
0.264	 2.16	 1	 -41.8764	  172.7922
0.265	 2.63	 1	 -41.9116	  173.9705
0.266	 2.06	 1	 -41.9835	  173.7547
0.267	 2.41	 1	 -42.0571	  173.6646
0.268	 2.26	 1	 -42.6325	  172.8775
0.268	 2.24	 1	 -42.6496	  172.4355
0.269	 2.49	 1	 -42.4110	  173.5203
0.269	 2.32	 1	 -42.0224	  173.7131
0.270	 2.23	 1	 -42.5513	  173.0426
0.270	 2.77	 1	 -41.9425	  174.0633
0.270	 2.44	 1	 -42.2977	  173.5009
0.270	 2.09	 1	 -44.0352	  171.3065
0.271	 2.10	 1	 -42.0646	  173.5461
0.271	 2.27	 1	 -42.4439	  173.8484
0.271	 2.50	 1	 -43.3905	  173.4175
0.272	 2.47	 1	 -47.1082	  171.8665
0.274	 2.52	 1	 -42.7176	  172.9266
0.274	 2.70	 1	 -42.0670	  173.6345
0.275	 2.70	 1	 -43.1318	  172.7558
0.275	 2.18	 1	 -42.1521	  173.6267
0.275	 2.01	 1	 -43.4743	  172.5125
0.278	 2.39	 1	 -42.1727	  173.5366
0.280	 3.28	 1	 -42.2080	  173.6638
0.280	 2.11	 1	 -42.6963	  173.3260
0.280	 2.66	 1	 -42.8484	  174.2146
0.280	 2.01	 1	 -43.2755	  173.7420
0.282	 2.57	 1	 -42.1912	  174.7192
0.286	 2.94	 1	 -42.6514	  172.9951
0.286	 2.02	 1	 -43.1603	  173.2565
0.287	 2.83	 1	 -42.2645	  173.6386
0.287	 2.20	 1	 -42.2312	  173.5373
0.288	 2.03	 1	 -43.3660	  172.7425
0.289	 2.47	 1	 -42.0963	  173.7227
0.290	 2.27	 1	 -41.7585	  174.2199
0.290	 2.15	 1	 -41.9588	  174.0099
0.290	 2.31	 1	 -42.8188	  172.4135
0.290	 2.42	 1	 -42.2706	  173.6330
0.291	 2.05	 2	 -41.9076	  173.6043
0.291	 2.26	 1	 -44.6466	  167.9314
0.292	 2.05	 1	 -43.4326	  172.2834
0.294	 2.84	 1	 -42.7334	  173.8315
0.294	 2.21	 1	 -41.9708	  174.0257
0.294	 2.61	 1	 -42.5936	  172.9248
0.294	 2.74	 1	 -41.4659	  173.8501
0.295	 2.02	 1	 -42.2734	  173.3679
0.297	 2.17	 1	 -42.7124	  173.1608
0.298	 2.55	 1	 -41.0430	  173.0374
0.298	 2.82	 1	 -42.2018	  171.8909
0.299	 2.23	 1	 -42.1999	  173.6097
0.301	 2.05	 1	 -42.5665	  173.4302
0.303	 2.17	 1	 -43.7438	  172.5393
0.305	 2.35	 1	 -41.8736	  174.2811
0.305	 2.89	 1	 -42.3786	  172.8811
0.308	 2.06	 1	 -42.1445	  172.0458
0.308	 2.11	 1	 -42.1420	  171.7840
0.310	 2.02	 1	 -42.0834	  173.7507
0.311	 2.50	 1	 -42.1798	  172.6086
0.312	 2.50	 1	 -43.1438	  172.7708
0.313	 2.03	 1	 -43.4682	  172.7757
0.314	 2.46	 1	 -42.4868	  173.0918
0.314	 2.80	 1	 -42.1212	  173.5724
0.316	 2.36	 1	 -42.7585	  173.4647
0.316	 2.11	 1	 -45.0825	  173.3987
0.317	 2.95	 1	 -42.8673	  173.6887
0.318	 2.05	 1	 -42.6214	  174.2841
0.319	 2.00	 1	 -42.5223	  173.4265
0.321	 2.95	 1	 -42.7752	  173.1655
0.321	 2.82	 1	 -41.6901	  174.2456
0.321	 2.24	 1	 -42.6919	  173.8185
0.322	 2.19	 1	 -41.9378	  171.6326
0.323	 2.01	 1	 -43.0100	  172.2219
0.323	 2.14	 1	 -42.6187	  172.7886
0.323	 2.04	 1	 -42.7318	  173.1392
0.324	 2.17	 1	 -42.2218	  173.6661
0.324	 2.14	 1	 -42.2483	  173.6680
0.325	 2.14	 1	 -42.3240	  173.7749
0.327	 2.12	 1	 -41.0998	  171.0284
0.331	 2.38	 1	 -42.7025	  172.8714
0.331	 2.50	 1	 -43.0901	  172.3165
0.333	 2.50	 1	 -42.2444	  173.7044
0.334	 2.19	 1	 -42.1186	  173.0203
0.335	 2.53	 1	 -42.4590	  172.6494
0.336	 3.69	 1	 -42.4349	  173.8857
0.340	 2.01	 1	 -41.7663	  174.4781
0.340	 2.22	 1	 -43.7732	  167.0836
0.341	 2.47	 1	 -39.0005	  169.5299
0.343	 2.17	 1	 -43.0172	  173.5859
0.346	 2.61	 1	 -42.4846	  172.9909
0.346	 2.86	 1	 -42.7019	  172.8239
0.347	 2.69	 1	 -42.4851	  175.4648
0.349	 2.08	 1	 -41.7482	  174.2525
0.350	 2.77	 1	 -41.7087	  174.1478
0.352	 2.00	 1	 -42.0027	  172.7057
0.353	 2.46	 1	 -42.8940	  173.6856
0.353	 2.00	 1	 -41.8290	  173.5606
0.356	 2.05	 1	 -42.7517	  172.5182
0.357	 2.03	 1	 -42.0968	  173.7603
0.359	 2.19	 1	 -42.2520	  173.6904
0.360	 2.63	 1	 -43.3487	  172.9887
0.361	 2.06	 1	 -42.5817	  173.0226
0.362	 2.11	 1	 -45.6186	  173.4854
0.363	 2.38	 1	 -42.2220	  173.6734
0.364	 2.15	 1	 -42.2214	  173.9597
0.364	 3.95	 1	 -42.2002	  173.6566
0.365	 2.62	 1	 -42.4031	  173.0979
0.365	 3.38	 1	 -39.3393	  174.3036
0.366	 2.07	 1	 -41.9495	  173.7197
0.367	 3.57	 1	 -41.6913	  174.2570
0.369	 2.15	 2	 -41.6729	  174.2772
0.371	 3.10	 1	 -43.0747	  171.2179
0.377	 2.54	 1	 -42.7778	  173.1180
0.379	 2.76	 1	 -42.0605	  173.7759
0.380	 2.22	 1	 -44.0260	  171.5402
0.380	 2.89	 1	 -42.4059	  173.3789
0.380	 3.03	 1	 -41.6825	  174.2172
0.380	 2.84	 1	 -42.5338	  166.9081
0.381	 2.16	 1	 -42.6103	  174.2936
0.383	 2.34	 2	 -41.8738	  174.2814
0.385	 2.53	 1	 -41.7566	  174.2216
0.386	 2.10	 1	 -43.3020	  172.7632
0.387	 2.35	 1	 -42.4095	  173.7693
0.388	 2.21	 1	 -42.4936	  172.8133
0.388	 2.72	 1	 -41.7750	  174.2654
0.389	 2.16	 2	 -42.1569	  173.6026
0.390	 2.20	 1	 -42.4323	  173.7832
0.392	 3.14	 1	 -42.0902	  173.3501
0.393	 3.34	 1	 -41.9519	  172.7048
0.393	 2.00	 1	 -45.2352	  178.0679
0.394	 3.06	 1	 -41.7299	  175.0605
0.394	 2.17	 1	 -41.8383	  173.7250
0.395	 2.34	 1	 -42.0026	  173.6494
0.396	 2.57	 1	 -43.8889	  173.3046
0.397	 2.01	 1	 -41.9945	  174.0950
0.397	 2.28	 1	 -43.1890	  173.3694
0.403	 3.41	 1	 -41.8578	  174.3282
0.404	 2.54	 1	 -42.1507	  173.4640
0.405	 3.47	 1	 -42.3041	  173.7108
0.405	 2.30	 1	 -42.5495	  172.9828
0.407	 2.75	 1	 -42.1048	  173.6850
0.407	 2.02	 1	 -41.9979	  173.8365
0.408	 2.10	 2	 -41.7321	  175.0606
0.409	 2.62	 1	 -42.0773	  173.9030
0.409	 2.59	 1	 -42.7310	  171.4669
0.409	 2.35	 1	 -42.2866	  170.8488
0.410	 4.12	 1	 -41.8626	  173.9615
0.410	 2.29	 1	 -41.7793	  174.1496
0.411	 2.14	 1	 -42.7982	  173.3523
0.412	 2.18	 1	 -42.3849	  173.2283
0.415	 2.59	 1	 -42.1849	  173.6207
0.417	 2.52	 1	 -42.5775	  173.3660
0.418	 2.39	 1	 -42.6359	  173.6799
0.418	 2.31	 1	 -41.6518	  167.0704
0.423	 2.06	 1	 -42.0587	  173.6986
0.425	 2.36	 1	 -42.6838	  172.8608
0.426	 2.04	 1	 -42.1431	  173.5591
0.427	 2.43	 1	 -41.7030	  174.2217
0.429	 2.19	 1	 -42.1758	  173.6920
0.430	 3.37	 1	 -42.4019	  172.2205
0.431	 2.14	 1	 -42.0162	  173.7842
0.431	 2.46	 1	 -43.3564	  171.6116
0.432	 2.41	 1	 -42.3611	  173.6107
0.433	 2.17	 2	 -42.2686	  173.1787
0.435	 2.03	 1	 -41.7929	  173.0251
0.437	 2.01	 1	 -42.7498	  173.4953
0.439	 2.74	 1	 -42.9511	  173.1427
0.441	 2.63	 1	 -41.9487	  173.9606
0.442	 2.14	 1	 -42.5961	  174.3513
0.448	 2.49	 1	 -42.3158	  173.6045
0.450	 2.19	 1	 -42.1102	  173.8268
0.452	 3.05	 1	 -42.5286	  173.7490
0.460	 2.39	 1	 -42.3560	  173.6270
0.462	 3.10	 1	 -42.8532	  172.6489
0.463	 2.35	 1	 -43.4065	  174.8761
0.464	 2.46	 1	 -42.1930	  173.6295
0.464	 2.88	 1	 -42.8627	  173.5732
0.464	 2.33	 1	 -42.5498	  173.9050
0.467	 2.40	 1	 -42.1492	  173.5990
0.468	 2.86	 1	 -42.5025	  173.1631
0.469	 3.98	 1	 -42.8410	  174.0858
0.470	 2.55	 1	 -42.3135	  173.8336
0.471	 2.15	 1	 -41.7566	  174.2360
0.471	 2.29	 1	 -42.4422	  173.7667
0.473	 2.10	 1	 -42.1310	  173.2122
0.473	 2.64	 1	 -42.5713	  174.1682
0.474	 2.82	 1	 -42.8890	  174.2423
0.474	 2.37	 1	 -43.4499	  175.6803
0.476	 2.82	 1	 -41.9877	  172.7013
0.478	 2.57	 1	 -42.0289	  173.6547
0.478	 2.31	 1	 -42.3005	  173.7321
0.480	 2.36	 1	 -42.7190	  173.1621
0.483	 2.86	 1	 -42.2834	  173.5665
0.484	 2.31	 1	 -47.1794	  172.6198
0.487	 2.19	 1	 -41.9311	  173.7269
0.487	 2.18	 1	 -42.5497	  172.9008
0.491	 2.76	 1	 -42.1918	  173.6733
0.500	 2.03	 1	 -43.7134	  172.2766
0.502	 2.58	 1	 -43.1522	  174.1398
0.502	 2.35	 1	 -42.2275	  173.5890
0.503	 2.55	 1	 -42.1653	  174.0230
0.504	 2.36	 1	 -42.2773	  172.2063
0.504	 2.41	 1	 -42.2809	  173.1570
0.504	 2.03	 1	 -42.0119	  174.1141
0.505	 2.91	 1	 -42.5225	  172.3121
0.507	 2.18	 1	 -42.7036	  172.7190
0.507	 2.44	 1	 -42.6700	  172.7357
0.507	 3.38	 1	 -42.5925	  173.1836
0.508	 3.01	 2	 -42.2774	  172.2041
0.513	 2.09	 1	 -42.1611	  174.4749
0.513	 2.01	 1	 -43.4511	  173.3577
0.515	 2.39	 1	 -42.2421	  173.5779
0.518	 2.01	 1	 -42.2728	  173.7099
0.521	 2.14	 1	 -38.3707	  174.7113
0.523	 2.08	 1	 -42.9244	  172.7393
0.525	 2.02	 1	 -42.0173	  173.6854
0.525	 2.62	 1	 -43.0939	  173.0558
0.526	 2.04	 1	 -42.6414	  173.0180
0.528	 2.00	 1	 -42.5156	  173.6725
0.528	 2.23	 1	 -43.3391	  173.0588
0.530	 2.07	 1	 -41.6153	  174.4106
0.530	 2.30	 2	 -42.3100	  173.7274
0.530	 2.47	 1	 -43.0208	  172.2145
0.531	 2.07	 1	 -42.2125	  173.3454
0.532	 2.17	 1	 -43.5348	  172.6115
0.534	 2.73	 1	 -47.1692	  173.5978
0.536	 2.18	 1	 -42.6762	  173.0720
0.537	 2.37	 2	 -42.2331	  173.6981
0.538	 2.36	 1	 -42.3259	  173.7323
0.538	 2.17	 1	 -41.7886	  174.2242
0.540	 2.37	 1	 -42.8954	  174.0641
0.540	 2.33	 1	 -42.1034	  173.5886
0.543	 2.02	 1	 -42.0487	  173.8072
0.544	 2.84	 1	 -42.1847	  173.5258
0.548	 2.95	 1	 -42.0148	  173.5795
0.550	 2.53	 1	 -42.4052	  173.7118
0.550	 2.42	 1	 -42.5535	  173.2870
0.551	 2.09	 1	 -44.0168	  172.1984
0.552	 2.20	 1	 -43.2207	  172.4450
0.555	 2.13	 1	 -42.6930	  172.9165
0.556	 2.22	 1	 -39.1897	  169.2178
0.557	 2.22	 1	 -42.0248	  171.5792
0.559	 2.53	 1	 -42.5051	  173.2042
0.559	 2.30	 1	 -43.3639	  172.3422
0.559	 2.10	 1	 -42.3497	  173.8141
0.560	 2.33	 1	 -43.0197	  172.5767
0.563	 2.59	 1	 -42.7283	  172.0063
0.565	 3.03	 1	 -42.9042	  173.0331
0.565	 2.02	 1	 -43.5407	  172.6960
0.567	 2.03	 1	 -41.5615	  173.7118
0.572	 2.28	 1	 -42.4701	  173.1824
0.576	 2.07	 1	 -42.6357	  173.1983
0.578	 2.37	 1	 -41.6698	  174.2075
0.580	 2.06	 1	 -43.0578	  172.7343
0.587	 2.06	 1	 -42.2723	  172.4541
0.588	 2.13	 1	 -40.1458	  168.2038
0.590	 2.26	 1	 -42.2906	  173.6305
0.591	 2.34	 1	 -42.3258	  174.0114
0.592	 2.41	 1	 -42.0976	  173.4615
0.594	 2.52	 1	 -43.1498	  173.2282
0.596	 2.30	 1	 -42.5805	  171.7359
0.602	 2.46	 1	 -43.0850	  172.4848
0.603	 2.39	 1	 -42.6509	  173.5448
0.606	 2.06	 1	 -42.5566	  172.9009
0.607	 2.07	 1	 -42.8860	  173.6910
0.608	 2.69	 1	 -42.5634	  174.2677
0.612	 2.20	 1	 -39.7440	  171.4581
0.614	 2.03	 1	 -41.6667	  172.9895
0.614	 2.24	 1	 -42.5511	  172.8074
0.616	 4.50	 1	 -42.5485	  172.8763
0.616	 2.65	 1	 -42.3426	  172.7654
0.618	 2.07	 1	 -42.5632	  173.0714
0.619	 2.01	 1	 -42.4273	  173.7474
0.619	 2.06	 1	 -41.6601	  174.3226
0.621	 2.31	 1	 -43.1340	  172.4155
0.622	 2.19	 1	 -42.5234	  172.9123
0.623	 2.54	 1	 -42.5949	  172.9415
0.626	 2.05	 2	 -42.5508	  172.8779
0.626	 2.87	 2	 -42.9507	  173.1431
0.627	 2.40	 1	 -41.8524	  173.9386
0.628	 2.80	 1	 -42.5549	  173.1271
0.628	 2.42	 1	 -42.4657	  173.1161
0.629	 2.70	 1	 -47.1657	  173.6464
0.630	 2.69	 1	 -42.4515	  173.2171
0.632	 2.05	 1	 -42.5064	  173.3559
0.633	 2.30	 1	 -43.3685	  171.9725
0.635	 2.50	 1	 -42.3382	  173.3112
0.636	 2.07	 1	 -42.9699	  173.0690
0.639	 2.06	 1	 -42.2985	  173.6599
0.641	 2.23	 1	 -42.2148	  174.4347
0.644	 2.52	 1	 -42.4281	  173.8362
0.645	 2.89	 1	 -45.6014	  168.3569
0.645	 2.07	 1	 -42.8122	  172.7503
0.652	 3.27	 1	 -41.7179	  174.2656
0.654	 2.01	 1	 -41.8474	  174.4333
0.656	 2.48	 1	 -44.2616	  173.5645
0.657	 2.70	 1	 -42.3681	  173.6341
0.658	 2.34	 1	 -42.4147	  173.5762
0.661	 3.40	 1	 -43.4531	  173.9758
0.663	 2.09	 1	 -43.5810	  172.7458
0.666	 2.56	 1	 -43.8070	  172.9942
0.668	 2.16	 1	 -41.2218	  172.3151
0.671	 2.10	 2	 -43.5170	  173.4680
0.675	 2.06	 1	 -43.4063	  173.7726
0.676	 2.02	 1	 -42.5037	  173.1269
0.677	 2.67	 1	 -44.2548	  174.2081
0.678	 2.14	 1	 -41.9268	  173.7388
0.678	 2.20	 1	 -38.6669	  170.2965
0.684	 2.74	 1	 -42.6923	  175.0854
0.685	 2.12	 1	 -41.7228	  174.2756
0.686	 3.10	 1	 -43.1197	  171.7348
0.688	 2.28	 1	 -46.7611	  170.4169
0.689	 2.77	 1	 -41.6281	  174.0531
0.692	 2.08	 1	 -42.5424	  172.8319
0.697	 2.42	 1	 -43.6358	  173.4227
0.697	 2.25	 1	 -42.1400	  173.5396
0.701	 2.71	 1	 -42.4837	  173.7255
0.706	 2.05	 1	 -41.2295	  173.1014
0.708	 3.01	 1	 -40.6209	  172.6118
0.709	 2.19	 1	 -44.5225	  174.2659
0.710	 2.52	 1	 -42.5028	  173.0236
0.711	 2.85	 1	 -42.2747	  173.7261
0.712	 2.94	 1	 -42.1730	  173.1374
0.714	 3.65	 1	 -42.5701	  173.0320
0.714	 2.24	 1	 -46.0737	  170.7561
0.716	 2.51	 1	 -42.0435	  173.9370
0.720	 2.19	 1	 -41.5279	  173.5873
0.722	 2.19	 1	 -42.0051	  173.6617
0.723	 2.09	 1	 -42.6300	  173.1825
0.723	 2.08	 1	 -43.3119	  173.3912
0.723	 2.27	 1	 -42.9692	  173.2223
0.729	 2.18	 1	 -41.7012	  174.2539
0.730	 2.16	 1	 -43.5362	  174.1914
0.730	 2.26	 1	 -42.4364	  173.1601
0.735	 3.71	 2	 -42.5805	  170.5928
0.736	 2.02	 1	 -42.5854	  173.0910
0.737	 2.20	 1	 -41.9016	  173.9847
0.739	 2.17	 1	 -42.5494	  172.9752
0.740	 2.58	 1	 -42.2182	  173.7236
0.742	 2.07	 1	 -42.6088	  173.0924
0.745	 2.34	 1	 -40.8994	  175.0697
0.746	 2.11	 1	 -42.2091	  173.7254
0.747	 2.03	 1	 -42.2061	  173.7270
0.751	 2.12	 1	 -40.5861	  172.2532
0.752	 2.00	 1	 -42.9958	  172.8587
0.754	 3.40	 2	 -42.1850	  173.5900
0.756	 2.42	 1	 -43.3062	  172.0042
0.758	 2.10	 1	 -42.9576	  172.8461
0.760	 2.32	 1	 -43.3578	  172.3068
0.760	 2.86	 1	 -42.9140	  172.8843
0.763	 2.88	 1	 -43.5671	  176.5508
0.766	 3.10	 1	 -42.7466	  173.0844
0.770	 2.08	 1	 -42.9770	  173.3722
0.770	 2.60	 1	 -42.5145	  173.6886
0.775	 2.08	 1	 -41.8171	  174.2244
0.776	 2.87	 1	 -42.5196	  172.8484
0.777	 2.04	 1	 -43.9956	  178.8775
0.777	 4.18	 1	 -38.2103	  172.5327
0.779	 2.33	 2	 -42.0257	  173.6525
0.782	 3.41	 1	 -41.8823	  173.7513
0.783	 2.13	 1	 -42.5081	  173.0282
0.786	 2.33	 1	 -42.2968	  171.8699
0.789	 2.05	 1	 -42.0568	  173.5910
0.791	 2.04	 1	 -42.2040	  173.6625
0.792	 2.38	 1	 -43.5117	  167.0067
0.795	 2.04	 1	 -42.6909	  172.8523
0.798	 2.15	 1	 -42.0313	  173.6665
0.801	 2.08	 1	 -42.3452	  172.9809
0.801	 2.29	 1	 -42.7077	  172.8425
0.805	 2.40	 1	 -43.3261	  172.8836
0.807	 3.51	 1	 -42.1125	  173.9747
0.807	 2.83	 1	 -42.2330	  173.8975
0.811	 2.51	 1	 -42.2209	  173.5548
0.814	 2.02	 1	 -42.6213	  172.8060
0.815	 2.69	 1	 -42.8939	  172.9090
0.815	 2.94	 1	 -42.5801	  173.1610
0.818	 2.27	 1	 -43.4005	  171.3842
0.818	 2.28	 2	 -41.8174	  174.2947
0.819	 2.02	 1	 -42.5752	  173.0798
0.820	 2.53	 1	 -40.7363	  174.6108
0.821	 2.27	 2	 -43.5015	  167.0376
0.823	 2.53	 1	 -42.4703	  172.7200
0.824	 2.08	 1	 -42.3060	  173.7874
0.827	 2.58	 1	 -41.8407	  174.2020
0.827	 2.07	 1	 -43.0748	  173.8383
0.828	 2.58	 1	 -41.7750	  174.2486
0.828	 2.45	 1	 -44.4457	  172.7258
0.829	 2.08	 1	 -42.4959	  174.9284
0.834	 2.10	 1	 -44.0544	  175.8551
0.836	 2.04	 1	 -40.3009	  167.8415
0.843	 2.47	 1	 -47.0946	  174.2697
0.846	 2.12	 1	 -41.9879	  173.7171
0.846	 3.28	 1	 -42.4770	  173.1769
0.848	 2.17	 1	 -42.6548	  172.4761
0.848	 2.29	 1	 -42.1622	  173.5856
0.851	 2.44	 1	 -41.7561	  174.3892
0.852	 2.07	 1	 -42.5729	  173.6859
0.857	 2.17	 1	 -41.7545	  174.2596
0.861	 2.02	 1	 -41.8648	  174.1570
0.864	 2.24	 1	 -41.1606	  171.8688
0.866	 3.20	 1	 -42.9019	  172.5453
0.869	 2.83	 1	 -42.0805	  173.8147
0.870	 2.76	 1	 -41.4534	  172.7071
0.874	 2.24	 1	 -42.1390	  173.5492
0.875	 2.23	 1	 -42.1569	  173.5288
0.877	 2.56	 1	 -42.7417	  173.2758
0.880	 2.41	 1	 -42.0243	  173.7827
0.888	 3.16	 1	 -41.7073	  174.2114
0.889	 2.37	 1	 -42.2366	  173.6486
0.890	 2.76	 1	 -43.0452	  172.6261
0.890	 2.34	 2	 -42.1839	  173.5253
0.891	 2.10	 1	 -42.0559	  173.7029
0.895	 2.16	 1	 -41.5658	  173.6785
0.896	 2.08	 1	 -42.4399	  173.8055
0.900	 2.29	 1	 -42.5828	  172.1052
0.900	 2.10	 1	 -41.7974	  173.7716
0.903	 2.76	 1	 -42.4632	  173.2175
0.903	 2.02	 1	 -42.2564	  173.7847
0.906	 2.02	 1	 -42.8077	  170.8240
0.907	 2.61	 1	 -42.4246	  173.4974
0.911	 2.21	 1	 -40.7754	  170.7503
0.911	 2.62	 1	 -42.5458	  174.8968
0.912	 2.81	 1	 -42.2722	  172.9037
0.918	 2.17	 1	 -42.2853	  173.7179
0.920	 2.68	 1	 -42.0263	  173.6938
0.921	 2.06	 1	 -37.7183	  173.1267
0.926	 2.55	 1	 -42.2403	  173.5927
0.932	 2.12	 1	 -42.2482	  174.1187
0.935	 2.30	 1	 -42.6211	  172.8829
0.944	 2.51	 1	 -42.5891	  173.0778
0.947	 2.02	 1	 -41.7583	  174.2714
0.956	 2.45	 2	 -42.2017	  173.6933
0.956	 2.25	 1	 -42.7007	  174.3411
0.957	 2.43	 1	 -43.1484	  172.3908
0.962	 2.89	 1	 -42.3905	  172.7694
0.963	 2.27	 1	 -42.6268	  172.7703
0.972	 2.72	 1	 -42.5305	  174.0874
0.977	 2.02	 1	 -42.3301	  173.2512
0.979	 2.56	 1	 -42.3397	  173.8936
0.979	 2.09	 1	 -41.9210	  173.7517
0.983	 2.63	 1	 -41.7536	  174.1865
0.988	 2.63	 1	 -41.8020	  174.2498
0.989	 2.22	 1	 -41.7849	  173.8367
0.992	 2.30	 1	 -42.1953	  173.4435
0.995	 2.09	 1	 -42.9685	  173.8794
0.996	 2.02	 1	 -42.1524	  173.8368
0.997	 2.20	 1	 -43.1401	  173.0131
1.005	 3.29	 1	 -42.2177	  173.6270
1.006	 2.15	 1	 -47.0402	  171.4608
1.010	 2.08	 1	 -43.3567	  171.8034
1.011	 2.04	 1	 -43.0223	  172.6800
1.013	 2.36	 1	 -43.2826	  173.7624
1.019	 2.17	 1	 -43.7446	  173.0963
1.023	 3.54	 1	 -42.0871	  173.6767
1.024	 2.04	 1	 -42.0458	  174.3892
1.025	 2.09	 1	 -43.0234	  173.2483
1.025	 2.09	 1	 -39.0799	  176.6648
1.026	 2.68	 1	 -44.2822	  171.5494
1.030	 2.76	 1	 -42.1359	  173.7631
1.033	 2.44	 1	 -41.7745	  174.2889
1.037	 2.22	 1	 -42.2135	  173.6011
1.038	 2.67	 2	 -38.1950	  172.5121
1.040	 2.01	 1	 -42.4986	  173.7372
1.046	 2.35	 1	 -42.2919	  174.2432
1.048	 2.02	 1	 -42.2878	  173.7718
1.050	 3.14	 1	 -41.8223	  178.1220
1.055	 2.44	 1	 -42.1191	  173.6624
1.058	 2.06	 1	 -41.4927	  172.7104
1.061	 2.04	 1	 -43.0216	  172.9874
1.061	 2.79	 1	 -42.1656	  173.6366
1.062	 2.19	 1	 -42.4767	  172.2682
1.063	 2.25	 1	 -41.7771	  174.2961
1.066	 5.60	 1	 -42.5058	  173.1950
1.068	 3.97	 2	 -42.5834	  173.4329
1.074	 3.87	 1	 -42.6182	  173.3472
1.075	 3.36	 1	 -43.1260	  172.9470
1.079	 2.05	 1	 -42.5241	  173.1717
1.084	 3.00	 1	 -42.3285	  173.6483
1.085	 3.15	 1	 -42.0971	  172.1610
1.087	 2.50	 2	 -42.3917	  173.0104
1.087	 2.04	 1	 -42.0338	  173.7699
1.087	 2.27	 1	 -42.2646	  173.5911
1.089	 2.43	 1	 -43.8534	  173.4961
1.089	 2.32	 1	 -44.3006	  168.4623
1.093	 2.19	 2	 -42.5540	  173.2362
1.094	 2.72	 2	 -42.5018	  173.2628
1.095	 2.11	 1	 -42.5695	  172.0843
1.096	 2.07	 1	 -41.8273	  174.3121
1.100	 2.36	 1	 -41.8326	  174.2149
1.103	 3.15	 1	 -43.8703	  173.5101
1.104	 2.10	 1	 -41.7878	  174.2146
1.104	 2.19	 1	 -37.5098	  174.4817
1.111	 3.24	 2	 -42.5204	  173.1722
1.112	 2.41	 1	 -39.6316	  176.7369
1.116	 3.67	 1	 -42.8092	  174.4239
1.117	 2.42	 2	 -42.1891	  173.6486
1.120	 2.06	 1	 -38.8942	  176.2966
1.121	 2.41	 1	 -42.2076	  173.7685
1.122	 2.20	 1	 -41.7805	  174.3064
1.127	 2.41	 2	 -42.6299	  173.2168
1.135	 2.23	 2	 -42.6177	  173.3445
1.138	 2.06	 1	 -41.9981	  173.7166
1.144	 2.35	 1	 -41.7133	  173.9045
1.155	 2.60	 2	 -42.4959	  173.2870
1.158	 2.39	 1	 -42.1697	  172.8520
1.163	 2.74	 1	 -38.5544	  175.4159
1.163	 2.08	 1	 -42.2266	  173.6118
1.173	 2.47	 1	 -42.1086	  173.1229
1.174	 2.01	 1	 -42.6521	  172.4471
1.175	 2.09	 1	 -41.8614	  174.3050
1.180	 2.81	 1	 -41.7240	  174.4877
1.181	 2.14	 1	 -46.4382	  172.9996
1.182	 2.05	 2	 -42.5551	  173.2883
1.183	 2.14	 1	 -42.0118	  173.7295
1.185	 2.74	 1	 -41.6217	  175.1061
1.186	 2.36	 2	 -42.5110	  173.1022
1.187	 2.40	 2	 -42.6187	  173.1496
1.196	 2.11	 2	 -42.5288	  173.1727
1.197	 2.34	 2	 -42.4814	  173.1780
1.198	 2.67	 1	 -43.2740	  173.6156
1.208	 2.01	 1	 -41.4935	  174.0026
1.209	 2.01	 1	 -42.0891	  172.0684
1.217	 2.32	 1	 -42.0132	  173.7860
1.219	 2.66	 1	 -41.8369	  174.2120
1.219	 2.16	 2	 -42.5864	  172.8428
1.223	 3.13	 1	 -42.3131	  173.4958
1.226	 2.10	 1	 -43.0852	  173.2754
1.227	 2.93	 1	 -42.7519	  172.2571
1.230	 3.92	 1	 -42.3918	  173.6911
1.232	 2.35	 1	 -41.7702	  174.1782
1.232	 2.18	 1	 -43.1443	  171.6288
1.234	 2.17	 1	 -43.2830	  173.7321
1.235	 2.41	 1	 -43.5735	  173.0903
1.238	 3.51	 2	 -42.4775	  173.0476
1.240	 2.95	 3	 -42.5783	  173.4673
1.243	 2.48	 1	 -42.3702	  173.5123
1.244	 2.01	 1	 -41.9944	  173.7108
1.244	 3.97	 2	 -42.5011	  173.1756
1.248	 2.15	 1	 -40.6368	  177.3542
1.249	 2.65	 1	 -41.3975	  174.9452
1.252	 3.24	 1	 -43.2768	  172.4233
1.252	 2.13	 2	 -42.4253	  173.1672
1.253	 2.09	 1	 -42.1869	  173.5906
1.253	 2.81	 1	 -42.5940	  172.9268
1.255	 2.89	 1	 -42.6305	  173.7901
1.255	 2.57	 1	 -41.6285	  172.0986
1.261	 2.27	 1	 -42.6127	  172.9667
1.263	 2.46	 1	 -41.9519	  173.7175
1.267	 2.67	 1	 -41.9670	  173.6652
1.275	 2.73	 2	 -42.0797	  173.0742
1.276	 3.64	 1	 -42.7326	  174.4998
1.278	 2.03	 1	 -42.0941	  172.6638
1.295	 2.10	 1	 -41.9559	  173.8613
1.299	 3.12	 1	 -42.9416	  173.5712
1.309	 2.16	 1	 -42.2555	  172.8682
1.309	 2.22	 1	 -43.0903	  174.8043
1.310	 2.31	 3	 -42.5290	  173.1356
1.320	 4.34	 1	 -46.6640	  170.1532
1.322	 2.90	 2	 -41.8886	  173.9371
1.326	 3.04	 2	 -42.6300	  172.5353
1.326	 2.75	 1	 -42.4696	  173.7682
1.327	 2.07	 1	 -42.7894	  173.3005
1.334	 2.20	 1	 -42.2983	  174.2978
1.342	 2.43	 1	 -42.1968	  173.6322
1.343	 2.71	 1	 -39.7086	  174.1680
1.344	 2.21	 1	 -43.1461	  172.3766
1.346	 2.00	 1	 -42.0857	  179.0840
1.347	 3.77	 1	 -42.2563	  174.4103
1.350	 2.70	 2	 -42.2043	  173.6749
1.350	 3.16	 1	 -41.7977	  173.9535
1.353	 2.23	 2	 -42.5982	  169.9908
1.366	 2.06	 1	 -41.7107	  174.3054
1.367	 2.10	 1	 -42.5190	  174.6981
1.367	 2.11	 1	 -42.8159	  173.5734
1.367	 2.40	 1	 -42.3451	  173.6071
1.370	 2.74	 1	 -41.9539	  173.7431
1.372	 3.17	 1	 -42.0769	  173.6497
1.376	 2.17	 1	 -42.1490	  172.5316
1.381	 2.14	 1	 -42.2526	  172.9119
1.388	 2.00	 1	 -41.8851	  173.5249
1.394	 2.75	 1	 -41.6690	  173.3017
1.398	 2.27	 1	 -42.4388	  173.3565
1.413	 2.21	 2	 -42.6133	  173.2074
1.415	 2.72	 1	 -41.7023	  174.4708
1.416	 2.01	 1	 -42.5680	  172.8186
1.417	 2.15	 1	 -40.9401	  173.2494
1.421	 2.41	 1	 -42.6724	  173.2121
1.432	 2.19	 1	 -42.8823	  172.9361
1.433	 2.22	 1	 -42.2084	  173.5619
1.433	 2.23	 1	 -42.1129	  174.5539
1.436	 2.02	 1	 -42.4879	  173.3065
1.439	 2.96	 1	 -42.0920	  173.7046
1.444	 2.74	 1	 -42.5559	  173.0692
1.446	 2.15	 1	 -41.5882	  174.2716
1.452	 2.65	 1	 -42.7967	  173.1652
1.456	 2.15	 1	 -43.4487	  172.1970
1.456	 2.23	 1	 -42.1447	  173.5428
1.468	 2.11	 1	 -42.8685	  173.2230
1.470	 2.34	 1	 -42.3232	  172.6315
1.473	 3.14	 1	 -42.5280	  173.2232
1.479	 3.51	 1	 -42.3691	  172.4376
1.482	 2.14	 1	 -41.8074	  174.0435
1.487	 2.03	 1	 -42.8828	  174.3692
1.494	 2.08	 1	 -41.6833	  174.2549
1.495	 2.21	 1	 -41.7907	  174.2739
1.496	 2.15	 1	 -43.7953	  173.8607
1.498	 2.19	 1	 -43.3479	  175.0713
1.501	 2.61	 1	 -41.9639	  173.7354
1.505	 3.00	 1	 -42.8536	  172.9246
1.505	 2.45	 1	 -42.2506	  173.5568
1.515	 2.72	 1	 -41.8901	  174.2878
1.516	 2.84	 1	 -42.8848	  172.6387
1.519	 2.07	 1	 -42.5814	  170.5888
1.521	 2.00	 2	 -42.1914	  173.7141
1.522	 2.00	 1	 -42.5842	  173.0372
1.533	 2.60	 1	 -42.5212	  173.1711
1.539	 2.12	 1	 -42.9611	  173.2075
1.547	 2.39	 1	 -42.6476	  173.1026
1.551	 2.69	 1	 -43.5262	  173.0973
1.551	 2.64	 1	 -42.7649	  173.6425
1.552	 2.19	 1	 -42.7549	  172.9263
1.555	 2.41	 1	 -42.6826	  172.8464
1.559	 2.16	 1	 -42.1424	  173.3065
1.561	 2.07	 1	 -41.8203	  174.2638
1.562	 3.31	 1	 -42.6104	  173.9836
1.570	 2.42	 1	 -42.9882	  174.7010
1.582	 2.40	 1	 -42.2009	  173.6395
1.586	 2.47	 1	 -41.6649	  171.6374
1.589	 2.57	 1	 -42.8137	  172.9778
1.591	 2.58	 1	 -42.5925	  172.8344
1.593	 2.19	 1	 -41.9510	  173.6978
1.594	 2.09	 1	 -41.6681	  174.3599
1.603	 2.36	 1	 -41.9187	  173.8078
1.604	 2.96	 1	 -42.5331	  173.1308
1.609	 2.53	 1	 -42.2299	  173.8042
1.610	 2.17	 1	 -41.9383	  173.6966
1.611	 2.16	 1	 -43.3759	  172.6809
1.612	 2.06	 1	 -42.3156	  173.6248
1.614	 2.52	 1	 -41.7004	  175.5466
1.622	 2.86	 1	 -42.1553	  173.7489
1.624	 2.77	 2	 -42.3413	  173.2455
1.627	 2.09	 2	 -42.5104	  173.0312
1.628	 2.53	 1	 -42.4566	  172.7373
1.628	 2.85	 1	 -42.1665	  173.6277
1.634	 2.20	 1	 -43.1381	  172.3308
1.635	 2.05	 1	 -42.1057	  173.5151
1.638	 2.35	 1	 -42.7958	  173.0569
1.642	 3.51	 1	 -43.8667	  173.6060
1.644	 2.11	 1	 -42.6299	  172.7917
1.652	 2.18	 1	 -42.8764	  173.1579
1.657	 2.09	 1	 -45.8936	  176.2513
1.657	 2.04	 1	 -43.3739	  172.8521
1.659	 2.18	 1	 -41.7570	  172.2015
1.662	 3.16	 1	 -42.1932	  173.6241
1.678	 2.14	 1	 -42.6724	  172.9466
1.680	 2.22	 1	 -42.6909	  173.2172
1.689	 2.14	 1	 -42.0911	  173.9627
1.693	 2.03	 1	 -42.4003	  174.3520
1.696	 2.33	 1	 -45.3802	  168.6988
1.697	 2.03	 1	 -42.3018	  173.6104
1.710	 2.13	 1	 -42.6462	  172.6804
1.713	 2.04	 1	 -42.0447	  173.3667
1.736	 2.08	 1	 -42.5501	  172.7193
1.748	 2.18	 1	 -41.6679	  174.2238
1.748	 2.36	 1	 -42.4551	  173.7240
1.750	 2.36	 1	 -42.8855	  172.9223
1.757	 2.37	 1	 -41.9899	  174.1146
1.761	 2.27	 2	 -42.5077	  173.2012
1.761	 2.23	 2	 -42.5011	  173.1759
1.762	 2.19	 2	 -42.6144	  172.5222
1.763	 2.14	 1	 -42.6273	  172.8209
1.764	 2.31	 1	 -42.4296	  173.3411
1.776	 2.23	 2	 -38.2111	  172.5267
1.779	 2.29	 1	 -42.5461	  173.2958
1.784	 2.22	 1	 -42.5938	  173.0769
1.793	 2.42	 1	 -42.8469	  173.2148
1.795	 2.00	 1	 -42.2611	  173.8221
1.800	 2.86	 1	 -41.6494	  174.2255
1.803	 3.62	 1	 -42.9807	  173.6911
1.806	 2.20	 1	 -42.4123	  173.7891
1.806	 2.23	 1	 -42.1532	  173.5907
1.814	 3.57	 1	 -41.7884	  174.2091
1.815	 2.17	 1	 -42.4077	  173.3315
1.819	 2.63	 2	 -41.1268	  179.0005
1.821	 2.12	 1	 -42.2603	  173.7924
1.823	 3.16	 1	 -42.6900	  172.8579
1.838	 2.14	 1	 -42.2914	  173.7036
1.840	 2.47	 1	 -42.5218	  172.8720
1.844	 2.23	 2	 -42.4945	  173.2404
1.845	 2.15	 1	 -41.7422	  172.6464
1.845	 2.37	 1	 -42.0986	  173.5574
1.853	 5.36	 1	 -42.4354	  173.2018
1.855	 2.33	 1	 -41.8421	  173.2137
1.856	 2.51	 1	 -42.2072	  173.6471
1.867	 2.51	 1	 -41.1307	  167.2852
1.870	 2.14	 2	 -46.6524	  170.1413
1.871	 2.11	 2	 -42.4587	  173.5130
1.872	 2.68	 1	 -42.1965	  173.6142
1.874	 3.48	 2	 -42.4429	  173.2075
1.881	 2.46	 1	 -42.5314	  173.1338
1.886	 2.27	 1	 -42.7426	  173.0894
1.889	 2.05	 2	 -42.4494	  173.2152
1.891	 2.04	 1	 -42.1856	  174.2400
1.892	 2.39	 2	 -43.6390	  172.8867
1.896	 2.31	 1	 -42.2261	  173.6237
1.901	 2.46	 1	 -42.6025	  172.8483
1.902	 2.53	 1	 -41.9828	  173.9433
1.910	 2.44	 2	 -41.6655	  174.2271
1.915	 2.26	 1	 -42.0880	  177.4620
1.917	 2.90	 2	 -42.4321	  173.1312
1.917	 2.22	 1	 -43.2265	  172.6120
1.919	 2.47	 1	 -43.0116	  173.1147
1.926	 3.34	 1	 -42.3633	  173.7630
1.931	 2.39	 1	 -41.8636	  173.8617
1.940	 2.21	 1	 -46.7251	  170.3154
1.950	 2.79	 1	 -42.2289	  172.5366
1.950	 2.28	 1	 -41.2705	  174.4827
1.963	 2.21	 1	 -42.1901	  173.6570
1.964	 3.27	 2	 -43.1484	  173.3942
1.976	 2.08	 1	 -42.1190	  171.8843
1.979	 2.75	 1	 -42.7534	  169.2709
1.983	 2.04	 1	 -41.8273	  174.1975
1.984	 2.98	 1	 -41.1776	  178.7823
1.986	 2.06	 1	 -41.7646	  177.0150
1.987	 2.37	 1	 -42.8777	  173.2532
1.999	 2.81	 1	 -41.9908	  173.7214
2.000	 3.10	 1	 -41.8321	  174.3312
2.008	 2.05	 1	 -42.4760	  173.1501
2.008	 2.17	 2	 -42.2052	  173.6394
2.021	 2.18	 1	 -43.7514	  172.6434
2.034	 3.50	 1	 -42.1721	  174.2650
2.035	 2.61	 1	 -44.7463	  174.7259
2.039	 2.13	 1	 -42.6682	  173.0056
2.039	 2.20	 1	 -41.7591	  174.3711
2.082	 2.40	 1	 -41.8316	  170.1185
2.089	 2.59	 1	 -42.4044	  172.6205
2.095	 2.98	 1	 -42.0453	  173.6015
2.098	 2.48	 1	 -42.0492	  173.7865
2.100	 2.06	 1	 -41.7448	  174.2822
2.101	 2.33	 2	 -42.9364	  173.5727
2.101	 2.18	 1	 -43.1136	  173.2633
2.103	 2.97	 1	 -42.7896	  174.1482
2.115	 3.56	 1	 -43.3228	  179.0796
2.116	 2.13	 1	 -42.4339	  173.1857
2.132	 2.28	 1	 -41.9794	  173.7096
2.143	 2.39	 1	 -43.2231	  172.4441
2.144	 2.60	 1	 -42.4455	  171.9787
2.156	 2.39	 1	 -42.0256	  174.0419
2.163	 2.61	 1	 -42.6034	  173.1073
2.165	 2.05	 1	 -42.3979	  173.9774
2.171	 2.34	 1	 -42.6115	  172.8634
2.175	 2.26	 1	 -40.9061	  172.8095
2.182	 2.72	 2	 -41.8689	  173.9486
2.191	 2.33	 1	 -41.7137	  174.1496
2.191	 2.13	 2	 -42.5629	  173.2521
2.194	 2.29	 2	 -46.6575	  170.1440
2.197	 2.50	 2	 -42.8284	  172.9107
2.197	 2.99	 2	 -42.2360	  173.3951
2.207	 2.56	 2	 -42.4727	  173.2401
2.211	 2.16	 1	 -42.4322	  173.8169
2.221	 2.73	 1	 -42.4728	  172.9755
2.241	 2.23	 1	 -43.1114	  174.3815
2.260	 3.19	 1	 -42.1286	  173.6276
2.297	 2.25	 1	 -42.2285	  173.6724
2.299	 2.32	 1	 -41.8728	  174.5381
2.306	 2.65	 1	 -42.1735	  173.6773
2.323	 2.24	 1	 -41.7487	  173.9016
2.325	 2.00	 1	 -42.2417	  173.1649
2.338	 2.09	 1	 -42.3772	  174.4718
2.343	 2.37	 1	 -42.4608	  173.8486
2.343	 2.28	 1	 -41.5223	  173.3458
2.347	 3.30	 3	 -43.1471	  173.3933
2.350	 2.08	 2	 -42.4780	  173.0350
2.350	 2.81	 2	 -45.6027	  168.3556
2.360	 3.61	 1	 -42.0182	  173.7044
2.363	 2.15	 1	 -41.9250	  178.6046
2.380	 2.76	 1	 -42.2994	  173.3843
2.385	 2.10	 1	 -44.6311	  167.5021
2.387	 2.30	 1	 -43.4136	  172.1398
2.400	 2.54	 1	 -42.8210	  170.9151
2.408	 2.79	 1	 -41.5133	  174.5251
2.408	 2.53	 1	 -42.4583	  172.6756
2.429	 2.49	 1	 -41.9789	  173.6325
2.454	 2.01	 2	 -43.3506	  179.1670
2.456	 2.24	 1	 -43.7961	  167.6062
2.465	 2.60	 1	 -42.5521	  172.9043
2.467	 2.20	 1	 -42.2777	  173.9849
2.468	 2.38	 1	 -42.5897	  173.0315
2.474	 2.17	 1	 -42.5988	  172.8316
2.480	 2.48	 1	 -39.7400	  177.6363
2.481	 2.65	 1	 -42.4366	  174.1094
2.485	 2.17	 3	 -42.4511	  172.9960
2.491	 2.09	 1	 -42.3584	  173.2282
2.497	 2.04	 1	 -43.1060	  173.4840
2.508	 2.53	 1	 -43.1986	  172.8851
2.510	 2.28	 2	 -41.8670	  173.8052
2.524	 2.19	 1	 -42.8232	  173.4346
2.541	 2.26	 1	 -42.5817	  174.2949
2.541	 2.11	 1	 -42.5697	  172.9979
2.546	 2.16	 1	 -44.1662	  171.7163
2.552	 2.71	 1	 -41.0418	  173.5545
2.559	 2.91	 1	 -42.5779	  172.5087
2.560	 2.06	 1	 -41.4595	  174.3876
2.563	 2.11	 1	 -41.7789	  174.4004
2.570	 3.01	 1	 -41.6140	  178.9613
2.580	 2.17	 1	 -44.4647	  174.5626
2.589	 2.01	 1	 -41.8156	  173.8814
2.589	 2.08	 1	 -42.1488	  173.3958
2.609	 3.52	 1	 -42.7158	  172.6880
2.612	 2.21	 1	 -45.3026	  173.5028
2.617	 2.60	 1	 -42.3085	  173.7109
2.634	 2.41	 1	 -42.1229	  173.6768
2.648	 2.24	 1	 -40.3918	  175.4398
2.649	 2.47	 2	 -42.4445	  173.2169
2.650	 2.44	 1	 -42.2393	  173.6616
2.651	 2.20	 3	 -42.4987	  173.1711
2.672	 2.45	 1	 -40.6483	  173.4204
2.679	 2.10	 1	 -41.8153	  174.8787
2.681	 2.36	 1	 -42.4164	  170.2299
2.687	 2.55	 1	 -43.5459	  172.8654
2.689	 2.58	 1	 -42.3402	  173.5612
2.692	 2.00	 1	 -42.5815	  174.3438
2.694	 2.00	 1	 -42.7829	  172.6319
2.707	 2.50	 1	 -41.9690	  173.5616
2.710	 2.25	 1	 -41.8909	  173.7384
2.713	 2.61	 1	 -39.1692	  174.7201
2.715	 2.22	 1	 -42.3227	  173.4690
2.724	 2.39	 1	 -43.3199	  172.4100
2.725	 2.03	 2	 -42.1645	  173.6391
2.756	 3.29	 1	 -41.9528	  173.7578
2.777	 2.81	 1	 -42.2199	  173.6074
2.778	 2.26	 1	 -42.3040	  173.6256
2.780	 2.00	 1	 -43.3771	  172.8291
2.783	 2.52	 2	 -42.5807	  173.1894
2.793	 2.68	 1	 -41.9370	  173.7468
2.824	 2.51	 1	 -42.7831	  172.8545
2.834	 2.03	 1	 -41.7768	  173.8564
2.867	 2.07	 2	 -42.3722	  173.2109
2.868	 2.75	 1	 -43.0151	  168.7622
2.877	 2.48	 1	 -42.6017	  173.2205
2.895	 2.76	 1	 -42.5823	  172.0746
2.896	 3.90	 1	 -41.7990	  174.2552
2.903	 4.10	 1	 -42.6973	  172.9450
2.906	 2.05	 1	 -43.1189	  172.9578
2.906	 2.21	 1	 -41.9803	  173.4900
2.911	 2.20	 1	 -42.0408	  172.1797
2.919	 2.03	 1	 -42.8811	  173.0014
2.932	 2.02	 1	 -42.3450	  173.4057
2.933	 2.31	 2	 -41.6494	  174.1035
2.937	 2.63	 1	 -42.1498	  173.4736
2.938	 3.10	 1	 -42.4089	  173.3118
2.942	 2.13	 1	 -42.6226	  172.8737
2.945	 3.04	 2	 -42.8033	  174.3623
2.948	 2.09	 2	 -42.3864	  172.9465
2.957	 2.11	 1	 -43.0550	  173.2364
2.957	 3.19	 2	 -42.4534	  172.8154
2.961	 2.55	 1	 -43.0233	  173.9727
2.972	 2.94	 1	 -41.9767	  173.6597
2.975	 2.47	 1	 -42.6549	  172.9375
2.977	 2.09	 1	 -43.3909	  173.2375
2.978	 2.09	 1	 -42.8155	  172.4753
2.993	 2.53	 1	 -42.9782	  173.1629
2.993	 2.17	 1	 -42.3190	  173.7377
2.994	 2.06	 2	 -42.3173	  173.8437
2.997	 2.30	 1	 -42.5765	  174.3785
3.003	 2.83	 1	 -42.6274	  173.2428
3.009	 3.00	 1	 -42.4084	  173.1202
3.016	 2.63	 2	 -42.7149	  172.6758
3.021	 2.35	 1	 -42.5412	  173.0044
3.023	 2.48	 1	 -43.2496	  178.9765
3.028	 2.18	 1	 -42.2108	  174.0664
3.047	 2.96	 1	 -41.7159	  174.2980
3.058	 2.80	 2	 -41.4649	  174.1627
3.059	 3.43	 1	 -42.6479	  172.9029
3.065	 2.14	 1	 -42.1845	  173.5690
3.078	 2.41	 1	 -43.1028	  174.2709
3.096	 2.28	 2	 -42.4177	  173.2852
3.101	 2.19	 1	 -42.1650	  173.4952
3.101	 2.41	 2	 -42.4756	  173.2591
3.101	 2.07	 1	 -41.5076	  174.5244
3.103	 2.55	 3	 -42.4741	  173.2599
3.116	 2.33	 1	 -42.3426	  173.6882
3.118	 4.01	 1	 -42.7035	  173.1552
3.129	 2.58	 1	 -42.2049	  173.7785
3.136	 2.49	 1	 -42.4004	  172.3081
3.148	 3.09	 1	 -41.8513	  174.3113
3.149	 2.50	 1	 -43.1157	  173.4885
3.151	 2.12	 1	 -42.3098	  173.7557
3.167	 2.56	 1	 -42.7658	  172.9229
3.177	 2.96	 1	 -42.2518	  173.0347
3.189	 2.68	 1	 -42.6621	  172.8540
3.192	 2.57	 2	 -42.2403	  173.5929
3.200	 2.40	 1	 -43.0493	  172.8984
3.217	 2.12	 1	 -42.7386	  173.1010
3.233	 2.06	 1	 -42.1525	  173.5902
3.236	 3.12	 1	 -42.6749	  173.0156
3.236	 3.22	 1	 -43.4405	  171.6357
3.249	 2.31	 2	 -42.5750	  174.3758
3.274	 3.49	 1	 -41.9776	  173.5648
3.274	 2.40	 1	 -42.5344	  174.3253
3.282	 2.15	 1	 -41.7848	  173.6969
3.287	 2.39	 1	 -42.1783	  173.4751
3.293	 2.26	 2	 -42.7018	  173.3258
3.294	 2.11	 1	 -42.5896	  172.9730
3.320	 2.09	 2	 -42.4056	  172.6231
3.332	 2.22	 1	 -41.7660	  173.1148
3.339	 2.79	 1	 -42.2235	  173.6426
3.345	 2.47	 1	 -41.8109	  167.0231
3.350	 2.42	 1	 -42.3764	  173.7141
3.350	 2.13	 1	 -42.3137	  173.6872
3.354	 2.17	 2	 -41.9967	  171.3094
3.358	 2.02	 1	 -41.9493	  173.8849
3.360	 3.69	 1	 -42.2635	  173.3375
3.377	 2.24	 2	 -42.6850	  173.0192
3.388	 2.21	 1	 -42.1505	  173.6117
3.403	 2.00	 2	 -42.1918	  173.6921
3.405	 2.17	 1	 -43.2534	  173.7221
3.420	 2.01	 1	 -42.3880	  173.9481
3.445	 2.24	 1	 -42.8330	  173.3294
3.454	 2.58	 1	 -42.1238	  173.0160
3.455	 2.32	 2	 -42.5678	  173.1685
3.458	 2.10	 2	 -42.4387	  173.1101
3.462	 2.64	 1	 -42.2968	  173.6834
3.474	 2.07	 1	 -42.1585	  171.9316
3.483	 2.00	 1	 -41.8757	  173.9018
3.508	 2.20	 1	 -42.1971	  173.1753
3.519	 2.74	 1	 -43.3117	  174.4835
3.528	 3.31	 1	 -42.6377	  172.6964
3.552	 2.04	 1	 -44.0395	  172.4049
3.554	 2.29	 1	 -42.2146	  173.3305
3.583	 2.19	 1	 -43.0064	  171.2839
3.586	 2.06	 1	 -42.0687	  173.6820
3.588	 2.21	 1	 -42.6691	  173.2078
3.621	 2.14	 2	 -42.4714	  173.1725
3.625	 2.15	 1	 -42.0938	  173.2399
3.629	 2.45	 1	 -42.3371	  173.3944
3.666	 2.28	 2	 -42.0330	  173.0327
3.683	 2.14	 1	 -41.4056	  174.3790
3.706	 2.85	 1	 -41.7321	  174.3974
3.732	 2.59	 1	 -43.4063	  172.1728
3.750	 2.30	 1	 -41.5493	  170.7169
3.763	 2.47	 1	 -42.2646	  173.3936
3.770	 2.63	 1	 -42.1089	  174.3028
3.801	 2.01	 1	 -42.5325	  172.1550
3.808	 2.38	 2	 -42.5359	  173.2168
3.819	 2.12	 1	 -42.3216	  173.2253
3.833	 2.64	 2	 -42.0122	  173.6879
3.840	 2.55	 1	 -42.2499	  173.6905
3.850	 2.29	 1	 -41.9731	  173.7287
3.858	 2.44	 1	 -42.4226	  173.6887
3.943	 2.01	 1	 -43.0017	  173.2683
3.965	 2.27	 1	 -43.2966	  173.5088
3.965	 3.57	 1	 -42.9967	  173.1666
3.967	 2.62	 1	 -42.9689	  173.3510
3.991	 2.09	 1	 -43.3846	  174.0234
4.003	 2.04	 2	 -42.4465	  173.2435
4.010	 2.06	 1	 -42.3702	  173.0986
4.018	 2.29	 1	 -42.4539	  173.2698
4.028	 2.75	 1	 -41.9459	  172.7769
4.031	 3.17	 1	 -43.4194	  174.4836
4.036	 2.35	 1	 -42.1847	  173.6967
4.039	 2.01	 1	 -42.0463	  173.6338
4.047	 2.14	 1	 -41.5837	  173.2028
4.049	 2.16	 1	 -42.4651	  172.7812
4.057	 2.30	 1	 -42.1797	  173.5737
4.077	 2.10	 1	 -41.8539	  173.3401
4.085	 2.06	 2	 -41.8165	  173.6702
4.089	 3.07	 1	 -41.9789	  173.6543
4.094	 2.28	 1	 -41.9958	  173.7437
4.127	 2.70	 1	 -42.0600	  173.5506
4.155	 2.65	 1	 -42.7041	  172.7222
4.167	 2.37	 1	 -42.2474	  173.4541
4.181	 2.72	 1	 -42.4795	  173.7786
4.181	 2.14	 1	 -41.9440	  173.7188
4.210	 2.48	 1	 -39.2698	  169.2064
4.213	 2.24	 2	 -42.5192	  173.2144
4.220	 3.07	 1	 -43.5283	  173.1384
4.221	 2.05	 1	 -41.9852	  173.4405
4.226	 2.03	 1	 -41.6521	  167.0704
4.247	 2.00	 1	 -42.2900	  172.7321
4.255	 2.05	 1	 -40.2760	  168.2035
4.268	 2.08	 1	 -42.3989	  173.8296
4.272	 2.06	 1	 -40.5737	  178.4182
4.286	 2.40	 1	 -42.4893	  172.5076
4.290	 2.35	 1	 -42.9855	  172.7668
4.305	 2.24	 1	 -41.9220	  173.1579
4.314	 2.19	 1	 -42.7824	  172.8450
4.365	 2.03	 1	 -41.7437	  174.2930
4.368	 2.00	 2	 -42.5360	  173.2128
4.369	 3.39	 1	 -42.4283	  172.8071
4.380	 3.15	 1	 -42.2795	  173.5835
4.381	 2.01	 1	 -42.2506	  173.4901
4.413	 3.14	 2	 -42.4223	  172.8240
4.416	 2.13	 1	 -42.5342	  173.0966
4.421	 2.09	 1	 -42.6834	  173.0442
4.427	 2.52	 1	 -42.2788	  173.9826
4.446	 3.35	 1	 -44.8124	  173.2868
4.462	 2.08	 1	 -44.2212	  174.4370
4.500	 2.02	 1	 -42.7766	  172.8968
4.510	 2.05	 1	 -43.7391	  176.2509
4.515	 2.15	 1	 -41.8598	  174.0617
4.533	 4.10	 1	 -42.2332	  173.2531
4.536	 2.56	 1	 -41.9621	  174.1426
4.540	 3.97	 1	 -42.0349	  173.7366
4.550	 2.08	 2	 -42.4997	  173.1892
4.560	 2.92	 2	 -42.5234	  173.3147
4.566	 2.34	 1	 -42.5138	  172.7488
4.573	 2.23	 1	 -42.2221	  173.5160
4.607	 2.14	 2	 -42.4163	  173.1466
4.625	 2.04	 2	 -42.4309	  172.7997
4.628	 2.56	 1	 -41.8758	  174.3007
4.660	 2.52	 2	 -42.8686	  172.9459
4.672	 3.11	 1	 -41.7698	  174.2320
4.673	 2.47	 1	 -45.1460	  174.8091
4.677	 2.38	 1	 -43.5154	  172.9437
4.691	 2.19	 2	 -42.5869	  173.0254
4.709	 2.71	 1	 -41.9295	  173.7029
4.712	 2.11	 1	 -43.7210	  173.9199
4.727	 2.09	 1	 -42.0034	  173.5531
4.729	 2.23	 1	 -42.4927	  173.2034
4.736	 2.74	 1	 -41.0988	  174.3547
4.757	 2.05	 1	 -42.6840	  172.5499
4.762	 2.23	 2	 -42.2315	  173.2832
4.789	 2.18	 1	 -42.1864	  173.9324
4.790	 2.61	 1	 -41.7171	  174.2720
4.795	 2.11	 2	 -42.4818	  173.1936
4.833	 2.18	 1	 -43.0038	  173.2475
4.835	 2.69	 1	 -42.4403	  173.7181
4.854	 2.30	 1	 -42.2966	  173.8676
4.888	 2.41	 1	 -42.1094	  173.5336
4.903	 2.75	 1	 -42.6589	  173.0085
4.931	 2.07	 1	 -41.6942	  174.5138
4.939	 2.07	 1	 -42.2381	  173.2983
4.964	 2.05	 1	 -42.9648	  173.1578
4.989	 2.06	 1	 -41.8152	  173.9974
5.006	 2.04	 2	 -42.4226	  173.1770
5.060	 2.87	 1	 -39.9874	  177.9090
5.090	 2.05	 1	 -41.7213	  174.1855
5.095	 2.52	 1	 -42.7959	  173.5349
5.096	 2.56	 1	 -41.8025	  174.0094
5.105	 2.92	 1	 -41.6799	  174.3013
5.105	 2.02	 1	 -41.9342	  173.6655
5.113	 2.48	 1	 -42.5696	  172.5280
5.147	 2.17	 1	 -43.4744	  173.1190
5.175	 2.23	 1	 -42.9624	  173.0656
5.179	 2.53	 1	 -43.3433	  166.9687
5.211	 2.34	 1	 -43.4414	  173.0064
5.211	 4.11	 1	 -42.5047	  172.4188
5.217	 2.11	 1	 -42.4686	  173.1818
5.244	 2.45	 1	 -41.7274	  174.1380
5.273	 2.40	 2	 -42.4088	  173.2070
5.332	 2.14	 1	 -41.6189	  171.8680
5.338	 3.40	 1	 -42.8348	  173.4046
5.341	 2.70	 1	 -42.1720	  173.7872
5.341	 2.01	 1	 -41.8950	  174.3344
5.369	 2.15	 1	 -42.7904	  172.1815
5.369	 2.03	 1	 -42.0271	  173.0175
5.370	 2.15	 1	 -42.3281	  173.7022
5.378	 2.25	 1	 -42.3761	  173.7077
5.395	 2.61	 1	 -42.7356	  173.5034
5.424	 2.10	 1	 -43.0782	  174.0143
5.425	 2.23	 1	 -43.2275	  172.7956
5.429	 2.11	 1	 -43.4157	  171.2196
5.444	 2.01	 1	 -42.0515	  173.6699
5.458	 2.15	 1	 -42.9167	  172.0535
5.458	 2.03	 1	 -41.9802	  173.6996
5.460	 2.81	 1	 -43.4510	  173.1536
5.473	 2.04	 1	 -42.1745	  173.7565
5.499	 3.86	 1	 -38.5879	  175.5203
5.499	 2.27	 1	 -42.9931	  172.5828
5.534	 2.33	 1	 -40.9115	  171.9066
5.547	 2.62	 1	 -42.8636	  173.1099
5.574	 2.01	 3	 -42.6208	  173.2162
5.582	 3.58	 1	 -41.8212	  174.2571
5.596	 2.94	 4	 -42.5795	  173.4524
5.619	 3.31	 2	 -41.9153	  173.6595
5.642	 2.14	 1	 -42.2137	  173.5148
5.651	 2.33	 3	 -41.9269	  173.6576
5.656	 2.15	 1	 -41.3294	  173.4244
5.658	 2.88	 1	 -42.8391	  173.0601
5.667	 2.67	 1	 -43.5723	  173.1421
5.734	 3.15	 1	 -42.2432	  173.5073
5.735	 2.35	 1	 -42.0250	  173.7074
5.737	 2.16	 1	 -41.7270	  174.2980
5.751	 2.42	 1	 -41.8753	  173.3528
5.800	 2.06	 1	 -42.0250	  173.7166
5.851	 2.17	 1	 -42.7607	  173.4359
5.893	 2.12	 1	 -42.0068	  173.7115
5.897	 2.32	 1	 -42.3560	  173.8182
5.952	 2.22	 1	 -41.1382	  178.7628
5.995	 2.07	 1	 -42.7842	  173.3275
6.008	 2.42	 1	 -42.1697	  173.8604
6.042	 3.20	 2	 -38.5910	  175.5196
6.048	 3.73	 1	 -42.0526	  173.6157
6.093	 3.31	 1	 -41.9222	  173.2540
6.125	 2.07	 1	 -42.1267	  173.8805
6.172	 2.16	 1	 -42.9463	  173.7776
6.202	 2.06	 1	 -42.5393	  173.0602
6.218	 3.23	 1	 -40.6575	  171.1637
6.238	 2.24	 1	 -42.2080	  173.6477
6.253	 2.16	 2	 -42.4759	  173.1305
6.255	 3.97	 1	 -41.8604	  173.2644
6.257	 2.52	 1	 -42.1444	  173.5862
6.278	 2.69	 1	 -42.7692	  172.9148
6.293	 2.12	 1	 -42.5092	  173.8018
6.330	 2.65	 1	 -42.4574	  173.7222
6.356	 2.47	 1	 -43.0832	  173.2571
6.356	 3.58	 2	 -41.8333	  173.2928
6.364	 2.53	 1	 -43.5191	  173.3618
6.364	 2.61	 1	 -41.7925	  174.2142
6.377	 2.03	 1	 -43.1249	  174.4115
6.415	 2.33	 1	 -43.3691	  173.2965
6.457	 2.93	 1	 -42.5341	  173.0069
6.471	 2.19	 1	 -43.1881	  173.9707
6.477	 2.21	 1	 -42.0306	  173.6928
6.489	 2.09	 1	 -42.2213	  173.6596
6.512	 2.64	 1	 -42.4753	  173.3751
6.516	 3.74	 2	 -41.8316	  173.2232
6.553	 2.68	 2	 -42.2814	  173.3179
6.559	 2.12	 1	 -46.2119	  169.2142
6.565	 2.13	 1	 -38.7179	  170.1613
6.578	 2.13	 2	 -42.5634	  173.0254
6.592	 2.18	 1	 -42.4821	  173.1896
6.606	 2.09	 1	 -42.1697	  173.6218
6.632	 2.21	 1	 -42.6555	  172.9655
6.669	 2.11	 1	 -44.7967	  176.2108
6.705	 2.41	 1	 -42.4878	  174.4513
6.717	 2.04	 1	 -43.4907	  167.0015
6.718	 2.66	 1	 -42.4224	  173.7553
6.732	 2.08	 1	 -45.9892	  177.1827
6.745	 2.75	 1	 -42.4490	  173.7854
6.763	 2.41	 2	 -42.9021	  173.6682
6.767	 2.16	 2	 -42.4803	  173.3818
6.774	 2.06	 1	 -43.0637	  174.3653
6.791	 2.46	 2	 -42.4342	  173.8836
6.800	 2.55	 1	 -42.5876	  173.7633
6.838	 2.11	 1	 -42.8603	  172.5339
6.846	 2.62	 1	 -39.2046	  170.2629
6.868	 2.40	 2	 -42.4471	  173.7812
6.874	 3.03	 1	 -42.1406	  174.9903
6.893	 2.29	 1	 -42.2971	  172.4904
6.927	 2.03	 1	 -42.4192	  173.3671
6.936	 2.02	 1	 -42.4307	  173.3541
6.956	 2.03	 1	 -42.2605	  174.1446
6.977	 2.37	 1	 -44.9323	  178.3270
6.989	 2.05	 2	 -39.2045	  170.2627
7.033	 2.02	 1	 -42.2799	  173.6534
7.042	 2.17	 1	 -42.4201	  173.7091
7.049	 2.59	 1	 -40.8529	  169.1866
7.054	 2.04	 2	 -42.5613	  173.0213
7.064	 2.54	 1	 -42.6531	  172.0069
7.067	 2.26	 1	 -42.1600	  173.5937
7.069	 2.01	 1	 -42.2660	  173.7344
7.093	 2.31	 1	 -46.1253	  170.6000
7.094	 2.32	 1	 -41.9958	  173.7670
7.119	 2.08	 1	 -42.2710	  169.8068
7.137	 2.45	 1	 -42.1785	  173.4890
7.214	 2.40	 1	 -46.7117	  170.2787
7.237	 3.59	 1	 -42.2137	  173.5518
7.239	 2.53	 1	 -42.5640	  173.0728
7.239	 2.08	 1	 -42.2538	  172.9280
7.300	 3.26	 1	 -41.8989	  173.9257
7.303	 2.07	 1	 -42.9161	  173.0076
7.310	 2.16	 1	 -41.9002	  174.1935
7.339	 2.02	 1	 -43.3433	  172.7115
7.345	 2.15	 2	 -42.2064	  173.5572
7.413	 2.06	 1	 -42.2629	  174.4605
7.416	 2.19	 1	 -41.8220	  174.1927
7.433	 2.44	 1	 -38.4340	  174.9862
7.484	 2.09	 1	 -42.5544	  173.7123
7.502	 2.13	 1	 -42.4844	  173.5136
7.526	 2.01	 1	 -42.4556	  173.2041
7.682	 2.43	 1	 -42.1773	  173.1745
7.701	 2.17	 1	 -41.6658	  174.2460
7.714	 2.26	 1	 -42.9584	  174.5434
7.744	 2.09	 2	 -42.3800	  173.2489
7.769	 2.28	 1	 -42.3195	  173.1591
7.864	 2.14	 1	 -42.5712	  172.2642
7.866	 2.25	 1	 -42.8832	  173.1129
7.905	 2.09	 1	 -43.5612	  172.1246
7.934	 2.16	 2	 -42.4141	  173.1259
7.956	 2.15	 1	 -42.8027	  173.2522
8.010	 3.08	 1	 -42.0859	  173.9420
8.031	 2.21	 1	 -41.8662	  173.4685
8.040	 2.44	 2	 -42.4305	  173.1836
8.042	 2.41	 1	 -42.0245	  173.8580
8.046	 2.36	 1	 -42.4055	  171.3805
8.055	 2.55	 1	 -42.0146	  173.7395
8.068	 2.56	 1	 -41.9210	  174.0892
8.077	 3.10	 1	 -42.4369	  171.8848
8.087	 2.24	 1	 -42.5409	  166.9078
8.106	 2.06	 1	 -41.9432	  173.7517
8.117	 2.08	 1	 -42.0060	  173.6580
8.135	 2.12	 1	 -42.5486	  172.7532
8.140	 2.14	 1	 -42.4121	  173.1987
8.168	 3.14	 1	 -42.9091	  173.4305
8.173	 2.32	 1	 -42.3349	  173.9782
8.174	 2.31	 1	 -41.9944	  173.4143
8.188	 2.53	 1	 -43.0279	  173.5140
8.241	 3.17	 1	 -42.2518	  173.6209
8.242	 2.15	 1	 -41.6971	  172.7656
8.311	 2.36	 1	 -42.2950	  173.6366
8.389	 2.46	 1	 -41.9743	  173.7622
8.404	 2.20	 1	 -42.3002	  173.5832
8.408	 2.44	 1	 -42.1769	  173.4986
8.441	 2.42	 1	 -41.9311	  174.2243
8.483	 2.15	 1	 -42.7360	  172.8541
8.577	 2.04	 1	 -41.6876	  174.4070
8.681	 3.14	 1	 -41.6676	  174.2974
8.734	 2.48	 1	 -40.7567	  173.3437
8.859	 2.40	 1	 -42.8372	  172.7369
8.876	 2.01	 1	 -43.6381	  172.1555
8.922	 2.50	 2	 -42.8327	  172.7367
8.939	 2.83	 1	 -42.0069	  173.7662
8.953	 2.50	 2	 -42.3460	  173.5608
8.954	 2.15	 1	 -42.7076	  172.8711
9.029	 2.70	 1	 -41.7955	  174.2433
9.065	 2.26	 1	 -42.6696	  172.9840
9.097	 2.08	 1	 -42.8753	  172.2625
9.102	 2.07	 1	 -43.0475	  173.1161
9.112	 2.23	 1	 -43.1034	  173.5377
9.116	 3.03	 1	 -41.8822	  173.6916
9.185	 2.83	 1	 -41.9539	  173.7378
9.220	 2.03	 1	 -41.8623	  174.1628
9.253	 2.68	 1	 -41.9261	  173.6894
9.260	 2.14	 1	 -41.7952	  173.9608
9.273	 2.27	 1	 -43.2947	  173.1367
9.278	 2.20	 1	 -42.1396	  173.8222
9.320	 2.41	 1	 -42.6028	  173.4913
9.351	 2.73	 2	 -43.0252	  173.5144
9.419	 2.14	 1	 -42.2113	  173.6108
9.426	 2.10	 1	 -42.2135	  173.7084
9.436	 2.59	 1	 -42.5121	  172.9506
9.470	 2.31	 1	 -42.6931	  173.5390
9.479	 2.09	 1	 -42.3968	  173.0838
9.584	 2.34	 1	 -42.0717	  173.7737
9.614	 2.43	 1	 -43.1684	  173.1016
9.649	 2.99	 1	 -42.1698	  174.4236
9.663	 2.45	 1	 -41.0607	  173.5111
9.694	 2.02	 1	 -42.3150	  173.6637
9.718	 2.38	 1	 -42.5631	  173.0389
9.745	 2.04	 1	 -42.1907	  173.7363
9.786	 2.16	 1	 -42.3136	  173.7578
9.800	 2.07	 1	 -42.5944	  173.0103
9.804	 2.37	 1	 -41.9990	  173.7200
9.832	 2.15	 1	 -42.4679	  173.2369
9.854	 2.77	 1	 -42.6709	  172.6356
10.036	 2.12	 1	 -42.0279	  173.7554
10.048	 2.34	 1	 -42.7616	  172.9469
10.115	 5.21	 1	 -41.6408	  173.7614
10.120	 2.40	 1	 -42.8947	  172.9647
10.155	 2.44	 1	 -42.6964	  173.5130
10.184	 2.00	 2	 -41.7287	  173.7362
10.187	 3.28	 2	 -41.6345	  173.8263
10.215	 2.15	 2	 -41.7346	  173.7873
10.227	 2.11	 1	 -43.6285	  175.6860
10.232	 2.35	 1	 -41.9406	  171.7623
10.239	 2.10	 2	 -42.6984	  172.9478
10.254	 2.37	 1	 -42.0802	  173.6027
10.289	 2.22	 2	 -41.5905	  173.6727
10.320	 2.21	 1	 -42.1623	  173.2924
10.335	 2.26	 2	 -42.4388	  173.2301
10.335	 2.28	 2	 -41.6497	  173.7267
10.361	 3.06	 1	 -42.2371	  173.5645
10.406	 3.11	 1	 -41.6992	  174.4585
10.452	 2.66	 1	 -42.7621	  173.8843
10.500	 2.21	 1	 -42.7280	  172.0080
10.555	 3.16	 1	 -42.4359	  173.8187
10.635	 2.20	 1	 -42.1943	  171.9244
10.679	 2.60	 1	 -44.0433	  172.4564
10.679	 2.62	 1	 -42.0789	  172.0385
10.688	 2.80	 2	 -41.6276	  173.7565
10.688	 2.34	 1	 -40.7039	  167.5352
10.692	 3.11	 1	 -41.7364	  174.1406
10.811	 2.16	 2	 -41.6124	  173.8085
10.873	 2.35	 1	 -41.8314	  172.5074
10.903	 2.13	 1	 -41.5980	  173.4204
10.910	 2.59	 1	 -42.1775	  173.4166
10.943	 2.13	 1	 -41.8173	  174.1808
10.948	 3.32	 1	 -41.6842	  174.2161
11.050	 3.22	 1	 -42.3133	  173.1046
11.078	 2.06	 1	 -41.6237	  174.3447
11.121	 2.03	 1	 -42.4558	  172.9288
11.122	 2.35	 1	 -41.3071	  178.8423
11.128	 2.27	 1	 -41.9953	  172.9566
11.142	 2.07	 1	 -43.0762	  172.9947
11.144	 2.68	 1	 -42.4737	  174.4790
11.196	 2.89	 1	 -42.5544	  173.1305
11.216	 2.16	 1	 -41.8267	  174.2621
11.218	 2.44	 1	 -41.9770	  173.6819
11.256	 2.42	 1	 -42.3190	  173.6097
11.277	 2.70	 1	 -42.6585	  173.4056
11.421	 2.12	 1	 -42.3212	  173.7625
11.437	 2.60	 2	 -41.6482	  173.7531
11.469	 2.99	 1	 -43.1271	  174.3391
11.502	 2.32	 1	 -42.6040	  173.7392
11.542	 2.08	 2	 -41.6025	  173.7229
11.560	 2.36	 1	 -42.5325	  173.1548
11.568	 2.21	 1	 -40.0873	  173.1891
11.632	 2.13	 2	 -43.1265	  174.3383
11.670	 2.04	 1	 -41.9866	  173.8129
11.690	 2.03	 1	 -42.2596	  173.5211
11.692	 2.27	 1	 -41.6573	  174.1149
11.742	 2.38	 1	 -43.0731	  173.7049
11.771	 2.32	 1	 -43.5264	  172.4144
11.781	 2.17	 1	 -42.5227	  173.0826
11.811	 2.87	 3	 -41.6438	  173.7937
11.820	 2.78	 1	 -41.8398	  174.1775
11.821	 4.24	 1	 -42.0887	  173.9429
11.926	 2.33	 1	 -42.5265	  171.9607
11.966	 4.04	 1	 -42.4217	  174.0643
11.982	 2.07	 1	 -42.2887	  173.9968
12.007	 2.59	 1	 -41.5969	  173.5549
12.035	 2.56	 2	 -42.6554	  173.4111
12.080	 2.73	 1	 -42.3169	  173.4446
12.096	 2.33	 1	 -42.3565	  172.7543
12.103	 2.35	 2	 -42.4460	  173.1867
12.140	 2.09	 1	 -41.6874	  174.1887
12.159	 2.97	 1	 -42.2305	  173.3057
12.188	 2.73	 1	 -43.7733	  173.6770
12.196	 2.25	 1	 -42.6548	  174.3364
12.203	 2.40	 1	 -41.7823	  174.3728
12.206	 2.48	 1	 -42.1238	  172.6307
12.233	 2.08	 1	 -43.2975	  172.9244
12.260	 2.38	 1	 -42.7030	  172.6743
12.371	 2.09	 1	 -41.7574	  174.1800
12.378	 2.67	 1	 -43.0960	  173.3627
12.513	 2.62	 1	 -42.6629	  174.0428
12.516	 2.73	 1	 -42.5552	  173.0818
12.597	 2.08	 1	 -42.6706	  173.2852
12.601	 2.50	 1	 -42.7975	  172.7877
12.699	 2.17	 1	 -44.1572	  174.1133
12.700	 2.91	 1	 -42.2689	  174.0759
12.734	 3.65	 1	 -41.5587	  179.6757
12.749	 3.22	 1	 -42.4929	  173.7551
12.753	 2.46	 1	 -42.1927	  173.6074
12.765	 2.22	 1	 -42.5099	  173.1871
12.810	 2.22	 1	 -41.7528	  173.2605
12.820	 2.51	 1	 -42.9489	  172.6925
12.841	 2.17	 1	 -45.9191	  174.3598
12.868	 2.87	 1	 -41.8738	  174.1605
12.916	 2.37	 2	 -42.4530	  173.2007
12.938	 2.11	 1	 -42.6737	  172.9008
12.959	 2.47	 1	 -42.2702	  175.0074
12.980	 2.90	 4	 -42.4742	  173.2599
13.008	 2.00	 1	 -42.3129	  173.9284
13.082	 2.60	 1	 -43.8091	  173.3992
13.109	 3.38	 1	 -42.2019	  173.6691
13.176	 2.22	 1	 -42.5282	  173.2463
13.216	 2.74	 1	 -41.9936	  173.8023
13.264	 2.01	 1	 -42.7026	  172.8746
13.271	 2.26	 2	 -41.6209	  173.7662
13.297	 2.68	 1	 -42.5343	  174.2889
13.302	 2.26	 1	 -41.9817	  173.0701
13.336	 2.42	 1	 -42.1840	  173.6057
13.344	 2.12	 1	 -41.1130	  174.6565
13.344	 2.18	 1	 -42.5183	  173.2435
13.411	 2.03	 1	 -42.4364	  172.5824
13.455	 2.20	 1	 -41.7836	  174.1902
13.537	 2.63	 1	 -42.3994	  173.7468
13.541	 2.46	 1	 -42.6926	  173.0484
13.563	 2.35	 1	 -42.1444	  173.8941
13.629	 2.45	 1	 -42.5931	  174.1009
13.632	 2.40	 1	 -42.2714	  173.6404
13.700	 3.43	 1	 -41.7592	  174.2612
13.760	 2.05	 1	 -41.8139	  174.1032
13.889	 2.80	 1	 -42.8243	  172.5666
13.908	 2.05	 2	 -41.8767	  174.1542
13.927	 2.08	 1	 -43.1560	  176.6306
13.946	 2.45	 1	 -42.6252	  173.6976
13.950	 2.43	 1	 -41.7276	  173.5925
14.002	 2.24	 1	 -42.0883	  174.0116
14.022	 2.93	 1	 -42.6250	  173.0206
14.037	 2.08	 2	 -41.7569	  174.2838
14.076	 2.35	 1	 -42.3973	  173.8319
14.098	 2.03	 1	 -42.3806	  172.9774
14.100	 2.02	 1	 -42.7017	  174.6806
14.108	 2.53	 1	 -42.9109	  173.0611
14.158	 2.02	 1	 -42.0661	  173.8737
14.228	 2.30	 1	 -43.1454	  172.8855
14.237	 3.39	 1	 -41.8140	  172.0695
14.243	 2.62	 1	 -42.6357	  173.1871
14.277	 3.11	 1	 -42.1777	  173.5301
14.286	 2.05	 2	 -42.3188	  173.7600
14.336	 2.11	 1	 -42.7969	  173.3024
14.439	 2.42	 1	 -40.9208	  172.7032
