# Simulation 304
# RelativeTime(days) Magnitude Generation Latitude Longitude
Time Mag Gen Lat Lon
0.084	 2.19	 1	 -41.8624	  173.4828
0.084	 2.39	 1	 -39.5744	  174.8589
0.084	 2.13	 1	 -42.2657	  173.6452
0.085	 2.24	 1	 -43.0401	  173.4046
0.085	 2.64	 1	 -42.0143	  173.3319
0.085	 2.16	 1	 -41.4992	  172.3499
0.085	 2.10	 1	 -41.1539	  174.5694
0.085	 2.29	 1	 -41.9656	  174.0560
0.085	 2.39	 1	 -42.5304	  172.8359
0.086	 2.04	 1	 -42.4745	  173.0660
0.087	 2.13	 1	 -43.0911	  172.9103
0.087	 2.94	 1	 -44.4414	  178.6156
0.088	 2.34	 1	 -42.0190	  173.6658
0.088	 3.28	 1	 -41.5018	  173.8854
0.089	 2.19	 1	 -42.1785	  173.4173
0.089	 2.29	 1	 -42.6891	  171.8609
0.090	 2.53	 1	 -42.1901	  173.6597
0.090	 2.05	 1	 -41.8320	  174.1536
0.090	 2.61	 1	 -46.4737	  176.3331
0.090	 2.39	 1	 -42.1715	  173.8332
0.090	 2.21	 1	 -43.6671	  173.5944
0.090	 2.01	 1	 -42.9018	  172.9638
0.091	 2.11	 1	 -42.3319	  173.6657
0.091	 2.34	 1	 -41.8381	  174.3676
0.092	 2.16	 1	 -42.6823	  172.9828
0.092	 3.22	 1	 -42.7373	  173.3888
0.092	 3.03	 1	 -42.5998	  173.0698
0.093	 2.36	 1	 -42.2114	  173.8020
0.093	 2.15	 1	 -42.6447	  173.5005
0.093	 2.56	 1	 -42.2429	  173.5372
0.094	 2.72	 1	 -43.1919	  174.4334
0.094	 2.05	 1	 -42.5870	  172.8980
0.094	 2.14	 1	 -41.5896	  172.0218
0.094	 2.42	 1	 -38.6987	  175.8331
0.094	 2.12	 1	 -42.3137	  173.4720
0.095	 2.18	 1	 -42.3394	  173.1605
0.095	 2.47	 1	 -42.5096	  173.1623
0.095	 2.01	 1	 -42.2129	  173.7458
0.095	 2.55	 1	 -42.1611	  173.5891
0.095	 2.03	 1	 -41.6817	  174.1839
0.095	 2.12	 1	 -42.4927	  172.7547
0.096	 2.97	 1	 -42.7682	  172.5906
0.096	 4.27	 1	 -42.1696	  173.0141
0.097	 2.64	 1	 -42.9939	  174.0436
0.097	 2.80	 1	 -42.5590	  173.0463
0.097	 2.71	 1	 -42.0078	  173.6448
0.097	 2.36	 1	 -42.1815	  173.8826
0.097	 2.50	 1	 -41.9046	  173.6380
0.098	 2.28	 1	 -42.1207	  173.3070
0.098	 2.41	 1	 -43.5187	  172.9632
0.098	 2.34	 1	 -42.2638	  173.6453
0.098	 2.33	 1	 -41.8157	  173.6112
0.098	 2.32	 1	 -42.5998	  172.9500
0.098	 2.15	 1	 -41.9906	  174.0412
0.099	 2.05	 1	 -41.9936	  173.8305
0.099	 2.61	 1	 -43.1383	  172.8479
0.100	 2.48	 1	 -42.0153	  173.5976
0.100	 2.41	 1	 -41.9450	  173.4814
0.100	 2.22	 1	 -42.5917	  172.1437
0.101	 2.20	 1	 -41.5655	  173.8257
0.101	 2.04	 1	 -42.3223	  173.7417
0.102	 2.50	 1	 -42.7461	  173.0175
0.102	 2.27	 1	 -42.4660	  173.7398
0.102	 2.70	 1	 -42.1393	  173.6114
0.102	 2.48	 1	 -42.4141	  172.8284
0.102	 2.25	 1	 -41.7262	  174.2252
0.103	 2.17	 1	 -40.7265	  168.9523
0.103	 2.85	 1	 -41.7868	  174.1887
0.103	 2.55	 1	 -42.6883	  173.0325
0.103	 2.22	 1	 -42.7694	  172.8084
0.104	 2.42	 1	 -42.3277	  173.1460
0.104	 2.01	 1	 -42.2282	  174.7648
0.104	 3.29	 1	 -42.0213	  173.7903
0.105	 2.60	 1	 -42.0763	  173.1785
0.105	 2.23	 1	 -42.1238	  173.0198
0.105	 2.29	 1	 -42.7123	  173.0355
0.106	 2.99	 1	 -46.0700	  170.5387
0.106	 2.35	 1	 -42.4498	  173.3471
0.107	 2.56	 1	 -42.9164	  173.2423
0.107	 2.52	 1	 -43.2607	  172.9849
0.107	 2.37	 1	 -41.9069	  173.4720
0.107	 2.34	 1	 -42.1991	  173.6298
0.108	 2.23	 1	 -41.9188	  174.1663
0.108	 2.04	 1	 -46.0690	  177.0625
0.108	 2.71	 1	 -42.7426	  172.9826
0.108	 2.76	 1	 -43.6360	  174.5704
0.108	 2.17	 1	 -42.3176	  173.4834
0.109	 2.32	 1	 -43.1802	  172.4450
0.109	 2.44	 1	 -42.7644	  173.6761
0.109	 2.92	 1	 -42.1911	  173.9462
0.110	 2.15	 1	 -42.8308	  172.8560
0.110	 2.83	 1	 -41.7633	  174.2124
0.110	 2.52	 1	 -42.5008	  173.2331
0.110	 3.32	 1	 -42.8465	  172.8229
0.110	 2.46	 1	 -42.1244	  173.6755
0.110	 2.15	 1	 -41.9717	  173.6122
0.111	 2.57	 1	 -42.8962	  173.2523
0.111	 2.50	 1	 -43.2116	  173.1956
0.112	 3.29	 1	 -42.2858	  173.5990
0.112	 2.35	 1	 -42.4899	  173.8222
0.112	 2.03	 1	 -43.2772	  172.0313
0.112	 3.14	 1	 -42.3420	  173.8211
0.113	 2.99	 1	 -43.1839	  173.6211
0.113	 2.08	 1	 -42.0212	  173.3172
0.114	 2.63	 1	 -41.7798	  174.0237
0.114	 2.16	 1	 -42.0773	  174.7391
0.114	 2.31	 1	 -42.4230	  173.3476
0.115	 2.29	 1	 -42.1150	  173.5951
0.115	 2.03	 1	 -41.9185	  172.8514
0.115	 2.53	 1	 -42.4260	  173.6803
0.116	 2.74	 1	 -42.2233	  172.6763
0.116	 2.87	 1	 -41.7116	  174.2011
0.116	 2.79	 1	 -42.1290	  173.6279
0.116	 3.81	 1	 -42.3871	  173.9386
0.116	 2.71	 1	 -42.0434	  173.7479
0.117	 2.24	 1	 -42.7550	  172.5543
0.117	 2.97	 1	 -43.2012	  172.4389
0.117	 2.07	 1	 -42.1616	  173.6402
0.117	 2.41	 1	 -42.2250	  173.7105
0.118	 2.26	 1	 -42.6858	  172.9683
0.118	 2.27	 1	 -42.6524	  172.6062
0.119	 2.00	 1	 -42.1962	  173.8105
0.119	 3.24	 1	 -43.1297	  172.5833
0.119	 2.23	 1	 -42.5166	  173.1037
0.120	 2.07	 1	 -42.7835	  173.1806
0.120	 3.28	 1	 -42.3051	  173.8739
0.120	 2.48	 1	 -39.8779	  177.7932
0.121	 2.71	 1	 -44.4962	  170.6686
0.121	 2.29	 1	 -42.4065	  173.4116
0.122	 2.39	 1	 -42.1270	  173.6364
0.122	 2.00	 1	 -42.9065	  173.8699
0.122	 2.71	 1	 -42.1952	  173.6256
0.122	 2.04	 1	 -42.0243	  173.7018
0.123	 2.23	 1	 -42.1977	  170.8261
0.123	 3.26	 1	 -40.1530	  174.3809
0.123	 2.22	 1	 -41.6637	  174.1231
0.124	 3.52	 1	 -42.5348	  173.1478
0.124	 2.03	 1	 -42.2041	  171.6383
0.125	 2.25	 1	 -42.9318	  168.4734
0.125	 2.11	 1	 -45.2697	  173.2482
0.125	 2.03	 1	 -40.6397	  173.1243
0.125	 2.83	 1	 -42.0142	  173.8149
0.125	 2.23	 1	 -44.2156	  170.0341
0.125	 2.22	 1	 -42.2014	  173.6854
0.126	 2.74	 1	 -42.5087	  173.1622
0.126	 2.10	 1	 -42.7364	  173.2625
0.127	 2.24	 1	 -41.7443	  174.1401
0.127	 2.29	 1	 -42.5976	  173.3512
0.127	 2.45	 1	 -42.8628	  172.5580
0.127	 2.57	 1	 -42.6226	  172.4673
0.128	 2.15	 1	 -42.2039	  173.6677
0.128	 2.21	 1	 -42.8696	  170.8245
0.128	 2.30	 1	 -42.6414	  172.9960
0.128	 2.12	 1	 -41.6694	  173.2606
0.129	 3.09	 1	 -42.8316	  173.4042
0.129	 2.16	 1	 -42.6088	  172.4735
0.129	 2.33	 1	 -42.4964	  173.0246
0.129	 2.37	 1	 -41.7231	  174.2373
0.130	 2.00	 1	 -42.0424	  173.8515
0.130	 2.23	 1	 -42.2848	  173.5395
0.130	 2.96	 1	 -41.7426	  174.2642
0.132	 2.02	 1	 -41.7283	  174.1816
0.132	 2.10	 1	 -42.6748	  173.0837
0.132	 2.04	 1	 -42.0596	  173.7593
0.133	 2.02	 1	 -42.0869	  173.6347
0.133	 2.65	 1	 -43.9564	  173.6202
0.136	 2.06	 1	 -43.6310	  173.9003
0.137	 2.13	 1	 -42.1077	  173.8355
0.138	 2.14	 1	 -42.8317	  173.4108
0.138	 2.35	 1	 -42.6183	  173.0192
0.139	 2.62	 1	 -42.7328	  173.1863
0.140	 2.02	 1	 -41.9675	  173.0477
0.140	 2.01	 1	 -42.9099	  171.7233
0.141	 2.14	 1	 -42.1432	  173.6333
0.141	 2.76	 1	 -42.7560	  173.0716
0.142	 2.64	 1	 -42.2752	  173.6020
0.142	 2.02	 1	 -42.6581	  173.5954
0.143	 2.23	 1	 -40.0483	  176.7889
0.143	 2.18	 1	 -42.6935	  172.7631
0.143	 2.23	 1	 -42.5030	  173.1282
0.143	 2.06	 1	 -41.8209	  174.2067
0.144	 2.21	 1	 -43.7802	  176.0542
0.144	 2.31	 1	 -42.6842	  172.6678
0.145	 2.07	 1	 -42.2473	  173.6054
0.145	 2.18	 1	 -42.0539	  173.5978
0.145	 3.42	 1	 -41.7146	  174.2597
0.145	 2.22	 1	 -42.3403	  173.7200
0.146	 2.19	 1	 -42.4108	  173.0920
0.146	 2.63	 1	 -39.8659	  174.8946
0.146	 2.18	 1	 -42.7147	  172.9139
0.147	 3.87	 1	 -41.7472	  174.1758
0.147	 2.60	 1	 -42.2791	  173.7216
0.148	 3.03	 1	 -42.5256	  173.6189
0.148	 2.27	 1	 -43.1806	  169.7275
0.149	 2.06	 1	 -42.4171	  172.8694
0.149	 2.26	 1	 -41.7662	  167.0356
0.149	 2.38	 1	 -42.1000	  174.0043
0.150	 2.82	 1	 -42.7522	  172.6604
0.150	 3.30	 1	 -43.0028	  172.8356
0.151	 2.49	 1	 -41.1669	  173.6053
0.151	 2.20	 1	 -42.2940	  173.5092
0.151	 2.09	 1	 -42.5155	  172.8020
0.152	 3.06	 1	 -42.6148	  173.0359
0.152	 2.06	 1	 -42.7845	  172.8240
0.152	 2.11	 1	 -42.6752	  173.1761
0.152	 2.74	 1	 -42.7028	  173.0389
0.153	 2.38	 1	 -41.8176	  174.2778
0.153	 2.89	 1	 -41.7429	  173.0069
0.154	 2.03	 1	 -41.7292	  174.3065
0.154	 2.38	 1	 -42.6207	  172.8711
0.155	 2.03	 1	 -41.4562	  173.7006
0.155	 2.13	 1	 -41.8796	  173.5676
0.157	 2.44	 1	 -42.2199	  173.5921
0.158	 4.04	 1	 -42.1076	  172.2374
0.159	 2.57	 1	 -42.2864	  173.9836
0.159	 3.00	 1	 -41.6973	  174.2790
0.160	 2.01	 1	 -42.6248	  172.9712
0.161	 2.26	 1	 -42.1565	  173.6375
0.161	 2.25	 1	 -42.0993	  174.0311
0.162	 2.00	 1	 -41.5737	  174.8265
0.162	 2.20	 1	 -42.9006	  172.9588
0.163	 3.15	 1	 -42.3102	  173.7271
0.164	 2.02	 1	 -41.7473	  174.1924
0.164	 2.27	 1	 -42.1343	  173.8100
0.164	 2.65	 1	 -41.7572	  174.1871
0.165	 2.08	 1	 -42.2393	  172.7812
0.165	 2.27	 1	 -41.5483	  173.7737
0.166	 2.13	 1	 -41.6755	  174.2931
0.166	 3.07	 1	 -41.6930	  174.2079
0.167	 2.10	 1	 -42.2183	  174.2312
0.167	 2.64	 1	 -41.8804	  173.7630
0.167	 2.03	 1	 -42.6561	  173.2036
0.168	 2.22	 1	 -42.2931	  173.7512
0.168	 2.08	 1	 -42.2770	  172.4942
0.168	 2.25	 1	 -42.2966	  172.6690
0.168	 2.03	 1	 -42.5382	  173.1834
0.168	 2.48	 1	 -42.1776	  172.4079
0.169	 2.23	 1	 -42.7586	  173.2665
0.169	 2.25	 1	 -41.8403	  174.0103
0.169	 2.01	 1	 -44.6016	  173.4001
0.169	 2.25	 1	 -46.7856	  174.1328
0.169	 2.11	 1	 -42.6805	  172.9495
0.170	 2.80	 1	 -42.3175	  173.5855
0.170	 3.33	 1	 -42.1993	  173.6197
0.170	 2.30	 1	 -42.0449	  173.7299
0.170	 2.22	 1	 -44.2548	  172.6776
0.171	 2.25	 1	 -42.7045	  172.8461
0.171	 2.34	 1	 -42.1050	  174.0917
0.172	 2.37	 1	 -43.0683	  174.1578
0.173	 2.78	 1	 -42.7692	  173.0516
0.174	 2.30	 1	 -42.5596	  173.7362
0.174	 2.07	 1	 -42.7597	  173.4658
0.174	 2.79	 1	 -43.8511	  171.7126
0.174	 2.17	 1	 -42.1322	  173.5497
0.175	 2.21	 1	 -42.6725	  173.0600
0.175	 3.51	 1	 -42.3226	  173.9767
0.175	 2.12	 1	 -41.7147	  174.2489
0.176	 2.32	 1	 -43.1870	  172.2578
0.178	 2.21	 1	 -42.1997	  173.5325
0.178	 2.11	 1	 -43.0423	  173.9101
0.178	 2.46	 1	 -42.5305	  173.0338
0.179	 3.65	 1	 -41.8385	  174.1636
0.179	 2.89	 2	 -42.4511	  173.3055
0.179	 2.07	 1	 -42.9993	  174.3712
0.180	 2.69	 1	 -42.5369	  173.5601
0.180	 4.32	 1	 -42.4210	  173.7630
0.181	 2.00	 1	 -41.9563	  173.7800
0.181	 2.21	 1	 -41.6024	  174.3277
0.181	 2.08	 1	 -42.3720	  173.1804
0.181	 2.07	 1	 -42.3165	  173.1622
0.181	 2.20	 1	 -41.9282	  174.2439
0.182	 3.15	 1	 -43.3522	  172.1729
0.182	 2.27	 1	 -42.0360	  173.9744
0.183	 4.16	 1	 -42.7523	  173.0341
0.183	 3.14	 1	 -43.3976	  171.9234
0.183	 2.60	 1	 -42.8560	  172.9469
0.184	 2.29	 1	 -40.9869	  170.4392
0.184	 2.12	 1	 -40.8904	  177.0204
0.185	 2.10	 1	 -42.4857	  173.7976
0.185	 2.04	 1	 -42.2304	  173.5725
0.186	 4.03	 1	 -42.1612	  173.9122
0.186	 2.75	 1	 -42.8339	  172.7976
0.186	 2.07	 1	 -41.9117	  173.9744
0.186	 2.20	 1	 -42.8018	  172.9124
0.187	 2.10	 1	 -41.8120	  174.2022
0.187	 2.92	 1	 -44.1490	  174.3621
0.188	 2.21	 1	 -41.9145	  173.9365
0.188	 2.02	 1	 -42.4385	  173.1240
0.189	 2.19	 1	 -41.3940	  172.8803
0.189	 2.07	 1	 -42.1968	  173.5367
0.190	 2.43	 2	 -43.0033	  172.8369
0.191	 2.58	 1	 -42.7443	  171.9595
0.191	 2.20	 1	 -42.6060	  174.2244
0.192	 2.16	 1	 -42.0025	  173.5683
0.192	 2.00	 1	 -41.4596	  175.7541
0.193	 2.83	 1	 -42.2737	  173.7970
0.193	 2.29	 1	 -41.9991	  173.6115
0.193	 2.48	 1	 -42.0472	  173.7378
0.195	 2.18	 1	 -42.4687	  170.8701
0.195	 2.48	 1	 -41.6443	  173.8341
0.195	 2.85	 1	 -41.9517	  173.6656
0.196	 2.28	 1	 -41.9898	  173.6381
0.196	 2.29	 1	 -41.7962	  174.1536
0.196	 2.47	 1	 -41.7042	  174.2555
0.196	 3.30	 1	 -42.6198	  172.8821
0.197	 2.06	 1	 -42.4331	  173.7647
0.197	 2.20	 1	 -41.7308	  174.2957
0.198	 2.52	 1	 -42.2606	  173.6328
0.198	 2.08	 1	 -42.8191	  173.6861
0.198	 2.03	 2	 -42.2394	  172.7814
0.198	 2.36	 1	 -42.0430	  172.3179
0.199	 2.34	 1	 -40.8287	  176.7701
0.199	 2.15	 1	 -42.7409	  173.0792
0.200	 2.41	 1	 -42.7301	  172.8963
0.201	 2.00	 1	 -42.7521	  173.3021
0.201	 3.00	 1	 -42.1717	  173.4002
0.201	 2.31	 1	 -41.5861	  173.8695
0.202	 2.13	 1	 -42.1583	  173.6242
0.202	 2.05	 1	 -42.4181	  173.3044
0.202	 2.08	 1	 -42.3990	  173.7339
0.203	 2.05	 1	 -43.7166	  173.6011
0.205	 2.42	 1	 -42.3733	  173.7498
0.205	 3.14	 1	 -42.2073	  173.5985
0.205	 2.18	 1	 -41.9482	  173.9861
0.206	 2.31	 1	 -41.7190	  174.2588
0.207	 2.02	 1	 -42.1036	  173.5822
0.207	 2.97	 1	 -42.3110	  173.7308
0.208	 2.21	 1	 -42.2382	  173.8494
0.209	 2.17	 1	 -42.0400	  173.7067
0.209	 2.39	 1	 -39.4527	  176.0363
0.209	 3.14	 1	 -42.5316	  173.1438
0.210	 2.78	 1	 -41.6647	  174.1137
0.210	 2.66	 1	 -42.1145	  173.5200
0.210	 2.19	 1	 -41.7426	  174.2710
0.210	 2.71	 1	 -41.8258	  174.1494
0.211	 2.96	 1	 -40.4900	  172.2030
0.211	 3.59	 1	 -42.0582	  172.9252
0.211	 3.20	 1	 -42.6218	  172.9718
0.212	 3.18	 1	 -42.3174	  173.8411
0.213	 2.38	 1	 -42.3400	  172.9842
0.214	 2.14	 1	 -41.8170	  174.0136
0.215	 2.25	 1	 -42.0231	  173.6879
0.216	 2.59	 1	 -41.4311	  174.2521
0.216	 2.04	 1	 -42.8965	  173.0937
0.217	 2.27	 1	 -42.4472	  173.0826
0.218	 2.11	 2	 -41.6882	  171.7315
0.218	 2.14	 1	 -42.4142	  173.3347
0.219	 2.07	 1	 -41.5938	  174.2798
0.219	 2.26	 1	 -42.6337	  172.6517
0.220	 2.11	 1	 -40.4244	  167.7397
0.221	 2.72	 1	 -42.3453	  172.4763
0.221	 2.07	 1	 -42.6778	  172.7826
0.223	 2.44	 1	 -44.4145	  168.3511
0.223	 2.30	 2	 -39.8655	  174.8864
0.224	 2.19	 1	 -43.1584	  172.8221
0.226	 2.30	 1	 -41.8802	  172.9565
0.226	 2.12	 1	 -41.6733	  174.3201
0.227	 2.25	 1	 -43.2341	  172.8482
0.227	 2.04	 1	 -41.7968	  174.4190
0.227	 2.23	 1	 -42.4551	  174.4191
0.227	 3.57	 1	 -42.4291	  173.3527
0.228	 2.33	 1	 -42.5296	  173.1286
0.229	 3.42	 2	 -42.2902	  173.5976
0.233	 4.47	 1	 -41.7151	  174.3186
0.234	 2.06	 1	 -42.3833	  173.7860
0.234	 2.39	 1	 -42.8844	  171.9808
0.234	 2.28	 1	 -42.0085	  173.6740
0.235	 2.02	 1	 -42.9109	  172.9706
0.235	 2.37	 1	 -42.1700	  173.1092
0.236	 2.47	 1	 -42.2639	  173.3724
0.236	 2.26	 1	 -43.0403	  172.5068
0.237	 2.92	 1	 -42.6066	  172.8963
0.238	 3.22	 1	 -46.7817	  175.5667
0.238	 2.78	 1	 -41.9008	  173.7269
0.238	 2.39	 1	 -41.2885	  171.9754
0.238	 2.76	 1	 -42.5936	  173.2043
0.240	 3.85	 1	 -41.7460	  174.3353
0.240	 2.04	 1	 -42.5122	  169.3800
0.241	 2.90	 1	 -40.1668	  167.9606
0.241	 2.49	 1	 -43.2784	  171.8523
0.241	 2.97	 1	 -42.2454	  172.3800
0.242	 2.73	 1	 -42.6497	  172.9911
0.242	 2.14	 2	 -42.7384	  173.0575
0.242	 3.02	 1	 -42.4691	  173.2243
0.242	 3.10	 1	 -42.3741	  172.7235
0.242	 2.21	 1	 -42.0089	  173.8372
0.242	 2.49	 1	 -42.5591	  173.1222
0.244	 2.48	 1	 -42.3651	  172.8825
0.244	 2.31	 1	 -42.2237	  173.6780
0.244	 3.40	 1	 -41.8654	  174.1967
0.244	 3.28	 1	 -42.3937	  172.9462
0.245	 2.70	 1	 -42.5263	  173.1805
0.246	 2.36	 1	 -41.7775	  174.2693
0.246	 2.69	 1	 -44.9090	  172.5370
0.246	 2.35	 1	 -42.4956	  173.1010
0.247	 2.16	 1	 -42.4236	  173.7975
0.248	 2.00	 1	 -42.1754	  173.6076
0.250	 2.32	 1	 -39.7372	  179.3347
0.250	 2.23	 1	 -42.3995	  173.9883
0.252	 2.29	 1	 -42.2350	  173.5303
0.253	 4.48	 1	 -42.2264	  173.6550
0.254	 2.20	 1	 -42.7309	  173.2701
0.254	 2.13	 1	 -42.4020	  173.2694
0.254	 2.36	 1	 -41.7562	  174.2295
0.255	 3.15	 1	 -43.2338	  172.4786
0.256	 2.41	 1	 -42.7208	  173.2353
0.256	 2.06	 1	 -42.6065	  172.9613
0.256	 2.36	 1	 -42.1690	  173.1702
0.256	 2.40	 1	 -42.2171	  173.5915
0.256	 3.37	 1	 -41.8223	  174.1837
0.258	 2.47	 1	 -42.5718	  172.8668
0.259	 2.70	 1	 -42.1674	  173.4764
0.259	 2.12	 1	 -43.4911	  172.3197
0.260	 2.35	 1	 -43.2223	  172.9830
0.260	 2.32	 1	 -41.7554	  174.2193
0.261	 2.13	 1	 -42.0381	  173.7091
0.261	 2.03	 1	 -42.4606	  173.8525
0.262	 2.10	 1	 -41.2691	  173.9446
0.262	 3.65	 1	 -41.6408	  174.2778
0.263	 3.13	 1	 -42.3626	  174.7805
0.264	 2.28	 1	 -42.4959	  174.1281
0.265	 2.66	 1	 -41.8225	  174.1336
0.267	 2.26	 1	 -42.4098	  173.7371
0.267	 2.63	 1	 -45.0273	  177.6726
0.269	 2.90	 1	 -41.7107	  174.3539
0.270	 2.13	 1	 -42.9963	  173.3942
0.270	 2.50	 1	 -41.6629	  173.7013
0.272	 2.45	 1	 -42.4715	  171.4987
0.273	 2.48	 1	 -42.0421	  173.9032
0.274	 2.06	 1	 -41.6804	  174.2479
0.274	 2.43	 1	 -42.4906	  173.1771
0.276	 2.36	 1	 -42.2472	  173.8076
0.276	 2.14	 1	 -42.2090	  173.9508
0.276	 2.32	 1	 -41.5708	  174.0066
0.276	 2.41	 1	 -39.4343	  168.8060
0.277	 3.16	 1	 -41.8607	  173.9748
0.277	 2.56	 1	 -43.9981	  170.4623
0.277	 3.04	 1	 -43.1035	  179.1143
0.277	 2.02	 1	 -42.7257	  172.5893
0.277	 2.19	 1	 -43.1333	  173.4995
0.277	 2.44	 1	 -42.7117	  172.9766
0.278	 2.32	 1	 -42.2251	  173.5839
0.279	 3.61	 1	 -43.1222	  173.9807
0.280	 2.22	 1	 -42.1828	  173.6209
0.280	 2.04	 1	 -42.4283	  173.3341
0.281	 2.05	 1	 -41.9206	  173.6685
0.281	 2.08	 1	 -42.2569	  173.2668
0.283	 2.02	 1	 -41.8517	  174.1821
0.283	 4.14	 1	 -42.2503	  173.7577
0.283	 2.68	 1	 -41.9519	  173.6765
0.284	 2.33	 2	 -43.1946	  172.4582
0.284	 2.45	 1	 -42.0914	  173.6242
0.284	 2.24	 1	 -39.1499	  170.7661
0.284	 2.44	 1	 -42.9127	  170.4749
0.286	 2.07	 1	 -41.6612	  171.4644
0.286	 2.71	 1	 -41.7317	  174.2731
0.287	 2.16	 1	 -42.2985	  173.2874
0.288	 2.04	 1	 -42.8548	  172.7978
0.290	 2.39	 1	 -42.5047	  173.1109
0.290	 2.72	 1	 -42.2385	  173.5273
0.290	 2.27	 1	 -42.3099	  171.2796
0.290	 2.39	 1	 -42.0340	  173.7315
0.290	 2.50	 1	 -42.5202	  172.9313
0.291	 2.03	 1	 -42.8907	  172.9940
0.291	 2.03	 1	 -42.3309	  173.6942
0.292	 2.57	 1	 -41.6654	  174.3358
0.292	 2.97	 1	 -42.4078	  173.5946
0.293	 3.42	 1	 -41.5349	  173.8080
0.294	 2.17	 1	 -42.0697	  173.6113
0.295	 2.01	 1	 -42.5875	  173.8389
0.296	 2.88	 1	 -42.4073	  173.7235
0.297	 2.11	 1	 -41.9627	  173.7158
0.300	 3.71	 1	 -42.3517	  173.0065
0.301	 3.48	 1	 -42.5736	  172.8551
0.303	 2.04	 1	 -41.2391	  176.1428
0.304	 2.07	 1	 -42.1098	  173.7662
0.305	 2.09	 1	 -41.6803	  174.2144
0.306	 2.31	 1	 -42.4903	  173.4714
0.308	 2.48	 1	 -42.6719	  173.0663
0.309	 2.13	 1	 -42.2834	  173.8182
0.309	 2.89	 1	 -41.8002	  174.7735
0.310	 2.35	 2	 -41.8290	  174.0488
0.311	 2.28	 1	 -41.7289	  174.2706
0.312	 2.14	 1	 -42.5949	  172.8425
0.312	 2.27	 1	 -42.9603	  173.0767
0.312	 3.55	 1	 -42.2756	  173.7068
0.312	 2.41	 1	 -43.6357	  172.8327
0.313	 2.26	 1	 -41.6225	  169.6062
0.313	 2.41	 1	 -42.8830	  173.0074
0.315	 2.05	 1	 -41.8350	  173.7278
0.317	 2.24	 1	 -42.5348	  173.1021
0.319	 2.09	 1	 -40.0894	  168.0338
0.320	 3.11	 1	 -42.5328	  173.0111
0.322	 2.08	 1	 -42.3561	  173.6186
0.324	 2.89	 1	 -38.9132	  170.9975
0.324	 3.46	 1	 -42.2846	  173.5849
0.327	 2.32	 1	 -42.8783	  172.3929
0.327	 2.20	 1	 -41.7100	  174.0835
0.328	 2.24	 1	 -42.9285	  172.8550
0.328	 2.25	 1	 -42.4294	  173.3310
0.329	 2.09	 1	 -42.5581	  173.1229
0.330	 2.36	 1	 -42.4064	  173.7437
0.330	 2.45	 1	 -42.8635	  174.5974
0.330	 2.09	 2	 -43.0516	  179.0194
0.330	 2.04	 1	 -42.0211	  173.7840
0.332	 2.10	 1	 -42.5660	  173.9483
0.334	 2.05	 1	 -43.4658	  175.6230
0.334	 3.11	 1	 -42.7830	  172.8462
0.335	 2.35	 1	 -42.2468	  172.9092
0.336	 2.91	 1	 -42.2202	  173.3470
0.336	 2.18	 1	 -42.5199	  172.9864
0.337	 2.54	 1	 -42.0376	  173.5686
0.339	 2.11	 1	 -42.7324	  172.9248
0.340	 2.14	 1	 -41.7233	  174.2409
0.341	 2.02	 1	 -42.2665	  171.0327
0.342	 2.05	 1	 -41.8656	  173.6834
0.343	 2.44	 1	 -42.5799	  172.7124
0.343	 2.11	 1	 -43.2452	  172.8920
0.344	 2.56	 1	 -42.4792	  172.8496
0.344	 2.22	 1	 -43.2237	  172.4977
0.345	 2.73	 1	 -43.0149	  173.1747
0.346	 2.15	 1	 -41.8354	  174.2960
0.346	 2.79	 1	 -42.7063	  173.3164
0.346	 2.10	 1	 -42.8143	  172.9523
0.347	 2.02	 1	 -42.6566	  174.2998
0.348	 2.12	 1	 -42.1861	  173.5381
0.351	 2.53	 1	 -42.4294	  173.6028
0.351	 2.66	 1	 -41.8415	  173.9506
0.352	 2.07	 1	 -45.3477	  168.0847
0.352	 2.42	 1	 -42.3177	  173.7222
0.353	 2.80	 1	 -46.6132	  170.0266
0.353	 2.16	 1	 -42.5361	  173.9439
0.355	 2.14	 1	 -43.0744	  172.0474
0.358	 2.37	 1	 -42.0446	  173.7582
0.359	 2.19	 1	 -42.6532	  172.8864
0.360	 2.21	 1	 -42.1009	  174.0352
0.362	 2.45	 1	 -42.2846	  173.7891
0.362	 2.33	 1	 -40.6573	  174.0640
0.364	 2.07	 1	 -42.0030	  173.7042
0.364	 3.30	 1	 -42.2167	  173.7279
0.364	 2.23	 1	 -42.0164	  173.6424
0.365	 2.66	 1	 -42.4623	  172.9777
0.365	 2.05	 1	 -41.9893	  173.9199
0.365	 2.46	 1	 -42.1887	  171.5303
0.366	 2.43	 1	 -42.5412	  173.6944
0.367	 2.15	 1	 -42.5795	  172.1197
0.368	 2.79	 1	 -42.1871	  173.7753
0.368	 2.05	 1	 -42.2379	  173.5873
0.369	 2.55	 1	 -42.5116	  171.7584
0.372	 2.81	 1	 -42.6665	  173.1027
0.374	 2.94	 1	 -42.0413	  173.6599
0.375	 2.14	 1	 -42.2075	  173.5709
0.376	 2.04	 1	 -41.6643	  174.3129
0.376	 3.10	 1	 -41.9425	  173.7830
0.377	 2.11	 1	 -42.1569	  173.4422
0.378	 2.37	 1	 -45.0518	  173.8591
0.379	 2.96	 1	 -42.5633	  173.7606
0.379	 2.02	 1	 -42.5907	  173.1492
0.380	 2.01	 1	 -42.6112	  173.5200
0.380	 2.04	 1	 -42.5091	  173.7793
0.380	 2.16	 1	 -42.6480	  172.7060
0.380	 2.67	 1	 -41.7331	  174.1771
0.380	 3.14	 1	 -42.2880	  173.6748
0.381	 2.34	 1	 -41.7254	  174.1996
0.383	 2.38	 1	 -41.7765	  174.2477
0.384	 2.42	 1	 -41.7127	  174.2327
0.385	 2.35	 1	 -41.9944	  173.7723
0.386	 2.02	 1	 -42.6044	  172.8792
0.387	 3.18	 1	 -42.2679	  173.6604
0.387	 2.77	 1	 -43.1650	  171.5552
0.387	 2.70	 1	 -42.4654	  173.2138
0.389	 3.00	 1	 -43.5488	  172.1790
0.390	 2.42	 1	 -40.7258	  172.3356
0.390	 2.33	 1	 -42.1270	  174.1548
0.390	 2.29	 1	 -42.1648	  172.5809
0.393	 2.29	 1	 -42.2076	  173.5566
0.393	 3.03	 1	 -42.1932	  173.2989
0.394	 2.14	 1	 -42.2376	  173.7861
0.395	 2.03	 1	 -42.3309	  173.4776
0.395	 2.05	 1	 -42.3046	  173.0882
0.395	 2.46	 1	 -41.2686	  172.7777
0.395	 2.44	 1	 -43.2113	  173.2214
0.397	 2.02	 1	 -41.7598	  174.2238
0.399	 2.08	 1	 -42.0303	  173.7290
0.399	 2.19	 1	 -41.9366	  173.8017
0.400	 2.33	 1	 -42.1580	  173.7370
0.401	 3.08	 1	 -42.4109	  173.2273
0.402	 2.11	 1	 -42.6322	  173.2910
0.404	 2.02	 1	 -42.0602	  174.2835
0.404	 2.09	 1	 -42.6885	  173.0829
0.405	 2.00	 1	 -44.2471	  172.8546
0.406	 2.42	 1	 -42.9403	  172.6774
0.406	 2.22	 1	 -42.4289	  173.7346
0.408	 2.04	 2	 -42.1125	  173.6023
0.408	 2.50	 1	 -42.4117	  173.9113
0.409	 3.37	 1	 -41.9415	  173.7363
0.409	 3.19	 1	 -42.8953	  173.6475
0.409	 3.40	 1	 -41.8179	  174.0041
0.411	 2.14	 1	 -41.7824	  174.1846
0.415	 3.49	 1	 -41.9462	  173.7802
0.415	 2.08	 1	 -41.4588	  173.1456
0.416	 2.13	 1	 -43.0267	  172.3604
0.417	 2.02	 1	 -41.6563	  174.2321
0.417	 2.00	 1	 -42.7414	  172.3587
0.420	 2.15	 1	 -42.4671	  173.0760
0.420	 2.63	 1	 -42.4059	  172.7852
0.420	 3.21	 1	 -41.7749	  174.4218
0.421	 2.63	 1	 -46.5701	  169.9244
0.421	 3.16	 2	 -42.1991	  173.0421
0.425	 2.41	 1	 -42.2819	  173.5983
0.427	 2.24	 1	 -42.2711	  173.5703
0.427	 2.54	 1	 -42.3644	  173.4609
0.431	 2.31	 1	 -41.9796	  174.0248
0.431	 4.03	 2	 -42.4138	  173.2294
0.433	 2.02	 1	 -42.4785	  173.7142
0.434	 2.63	 1	 -41.7189	  174.2463
0.439	 2.72	 1	 -42.1814	  174.4864
0.440	 2.11	 1	 -42.7595	  174.3398
0.441	 2.56	 1	 -42.2208	  173.5762
0.443	 2.05	 1	 -41.7266	  174.2930
0.444	 2.92	 1	 -42.2145	  173.6914
0.445	 2.40	 1	 -42.6229	  175.4848
0.445	 2.07	 1	 -42.8556	  173.9692
0.445	 2.11	 1	 -43.6310	  172.8840
0.445	 2.49	 1	 -42.6756	  172.8368
0.446	 2.41	 1	 -42.4666	  173.9090
0.447	 2.05	 1	 -39.7133	  177.6045
0.447	 2.48	 1	 -42.2705	  173.6920
0.447	 2.05	 1	 -42.2162	  173.8347
0.448	 2.19	 1	 -42.4872	  172.8443
0.449	 2.23	 1	 -42.6024	  173.4893
0.449	 2.18	 1	 -42.7084	  172.7601
0.449	 2.84	 1	 -38.9880	  176.4898
0.450	 2.31	 1	 -42.1396	  172.2555
0.450	 2.44	 1	 -42.1994	  173.8223
0.450	 2.11	 1	 -42.5567	  173.6053
0.453	 2.71	 1	 -42.3314	  173.6542
0.454	 2.10	 1	 -42.2824	  173.7169
0.454	 2.96	 1	 -38.3788	  172.2430
0.455	 2.09	 1	 -41.9581	  173.6868
0.457	 2.83	 1	 -42.4270	  172.6513
0.459	 2.18	 1	 -42.6824	  174.1177
0.459	 2.47	 1	 -42.4796	  172.6175
0.460	 2.67	 1	 -41.7195	  173.0338
0.461	 2.02	 1	 -42.3994	  173.7551
0.461	 2.23	 1	 -42.6051	  173.0132
0.461	 2.08	 1	 -42.0368	  173.8098
0.462	 2.15	 1	 -42.3373	  173.7192
0.462	 4.34	 1	 -42.6384	  174.9198
0.462	 2.44	 1	 -41.7738	  174.2909
0.465	 2.39	 1	 -42.2792	  173.8224
0.465	 2.55	 1	 -42.2951	  173.3408
0.466	 2.06	 2	 -42.0740	  172.2514
0.466	 2.13	 1	 -42.4841	  173.0718
0.466	 4.28	 1	 -42.5548	  173.4221
0.466	 2.00	 2	 -42.5423	  173.4263
0.468	 3.07	 1	 -42.1776	  173.7428
0.469	 2.50	 1	 -42.5346	  173.3345
0.470	 2.69	 1	 -41.9585	  173.5593
0.470	 2.53	 1	 -42.1346	  172.6790
0.471	 3.05	 1	 -41.1152	  173.5132
0.472	 2.16	 1	 -42.7518	  172.7935
0.472	 2.14	 1	 -42.9685	  172.6506
0.473	 2.69	 1	 -42.5439	  172.0337
0.473	 2.83	 1	 -41.9717	  173.7788
0.474	 2.22	 1	 -42.2208	  173.4026
0.475	 3.34	 1	 -42.7256	  173.1392
0.476	 2.07	 1	 -42.6085	  172.8488
0.479	 2.12	 1	 -42.4186	  172.9580
0.479	 2.37	 1	 -41.7564	  174.2754
0.481	 3.36	 1	 -41.9437	  173.9856
0.483	 3.05	 1	 -43.5544	  172.8015
0.485	 2.59	 1	 -42.2651	  173.9782
0.486	 3.30	 2	 -42.1682	  173.0197
0.489	 2.50	 1	 -42.4272	  174.2098
0.489	 2.88	 2	 -42.5565	  173.4628
0.489	 2.82	 1	 -42.2918	  173.5010
0.490	 3.36	 1	 -41.9143	  173.9548
0.491	 2.48	 1	 -42.3185	  173.2167
0.491	 2.27	 1	 -42.7928	  173.0461
0.492	 2.05	 1	 -43.0728	  169.9282
0.492	 2.26	 1	 -42.1304	  173.8017
0.492	 2.14	 1	 -42.4119	  173.1806
0.493	 2.35	 1	 -42.2331	  173.6881
0.500	 3.34	 1	 -41.8448	  167.6227
0.501	 2.29	 1	 -42.1974	  173.4955
0.501	 2.03	 1	 -42.1703	  173.8282
0.505	 3.19	 1	 -42.7034	  172.5294
0.505	 2.10	 2	 -42.7559	  171.9747
0.505	 2.74	 1	 -39.9579	  172.2555
0.505	 2.96	 1	 -43.9285	  173.7185
0.507	 2.52	 2	 -41.9478	  173.6877
0.511	 2.14	 1	 -42.1207	  173.6242
0.512	 2.85	 1	 -41.9253	  176.9581
0.515	 2.02	 1	 -42.3898	  173.7743
0.515	 2.48	 1	 -44.7519	  174.6370
0.516	 2.37	 1	 -42.5086	  174.4165
0.517	 4.61	 1	 -42.6270	  172.8250
0.517	 2.36	 1	 -42.3114	  173.4075
0.519	 2.28	 1	 -42.3129	  173.7230
0.520	 2.01	 1	 -42.1976	  173.7506
0.527	 2.52	 2	 -42.7546	  172.5415
0.528	 2.14	 1	 -41.8277	  174.3177
0.530	 2.54	 1	 -42.2873	  173.5038
0.535	 2.65	 1	 -42.4411	  173.2201
0.535	 2.03	 1	 -42.2166	  173.6208
0.540	 2.12	 1	 -42.2314	  173.6343
0.543	 2.36	 1	 -42.5694	  173.0147
0.543	 3.09	 1	 -41.9677	  173.6949
0.544	 2.34	 1	 -41.7780	  174.1625
0.544	 3.18	 1	 -42.0643	  172.6905
0.544	 2.61	 1	 -42.1477	  173.0248
0.545	 2.40	 1	 -41.9157	  173.8693
0.545	 2.61	 1	 -41.9090	  174.2642
0.546	 2.65	 1	 -42.1238	  173.6949
0.547	 2.69	 1	 -41.7887	  173.9615
0.547	 2.06	 1	 -42.6292	  172.8838
0.548	 2.12	 1	 -41.9369	  174.2607
0.549	 2.01	 1	 -42.0692	  173.7319
0.549	 2.76	 1	 -42.6407	  172.6129
0.553	 2.00	 1	 -42.3421	  172.9588
0.553	 2.40	 1	 -44.1195	  172.0835
0.553	 2.29	 1	 -42.3738	  172.8247
0.554	 4.54	 1	 -42.3825	  173.6828
0.555	 2.20	 1	 -42.6899	  173.3715
0.556	 2.25	 1	 -42.8083	  172.5558
0.557	 2.46	 1	 -43.1002	  174.2682
0.557	 2.22	 1	 -42.4114	  173.6834
0.562	 2.34	 1	 -42.5127	  171.7535
0.563	 3.59	 1	 -43.4410	  172.5679
0.568	 2.10	 1	 -42.5589	  172.9631
0.570	 2.05	 1	 -42.7722	  173.2581
0.573	 2.17	 1	 -42.1062	  173.6290
0.576	 2.33	 1	 -42.5290	  173.9544
0.576	 2.35	 1	 -42.5849	  172.9373
0.577	 2.20	 2	 -41.9130	  173.9529
0.579	 2.49	 1	 -43.0027	  173.2105
0.583	 2.72	 1	 -41.4439	  178.8993
0.583	 2.02	 1	 -42.2097	  173.6367
0.583	 3.66	 1	 -42.0650	  173.5178
0.584	 2.19	 1	 -41.6346	  174.2950
0.584	 2.55	 1	 -42.5237	  173.4584
0.584	 2.51	 1	 -41.9148	  172.1665
0.586	 2.03	 1	 -42.3506	  173.5462
0.586	 2.42	 1	 -41.6374	  174.3533
0.588	 2.14	 2	 -42.6257	  174.8834
0.590	 2.02	 1	 -42.3717	  173.0122
0.590	 2.28	 1	 -41.6140	  174.2737
0.592	 2.25	 1	 -41.9340	  174.0109
0.592	 2.68	 1	 -43.5498	  172.6232
0.593	 2.40	 1	 -42.2146	  173.9539
0.597	 2.71	 2	 -42.2661	  173.7946
0.599	 2.27	 1	 -42.2393	  173.4904
0.600	 2.13	 1	 -42.6150	  172.9497
0.600	 2.20	 1	 -42.3515	  172.7269
0.601	 2.23	 1	 -42.0024	  173.6991
0.602	 2.15	 1	 -42.8310	  172.1992
0.602	 2.29	 1	 -42.6797	  171.5500
0.603	 2.32	 1	 -41.7938	  174.2309
0.607	 2.43	 1	 -42.2522	  176.4114
0.608	 2.59	 1	 -42.2001	  173.1085
0.609	 2.09	 1	 -42.6939	  172.8423
0.611	 2.70	 1	 -42.7895	  173.2652
0.615	 2.02	 1	 -43.0761	  173.2592
0.617	 2.59	 1	 -42.1045	  173.3443
0.619	 3.20	 1	 -46.7015	  172.8252
0.620	 2.12	 1	 -42.5238	  172.8853
0.622	 2.80	 1	 -41.8404	  174.1633
0.624	 2.10	 1	 -42.5951	  172.6051
0.627	 2.52	 2	 -42.5282	  173.2245
0.627	 2.50	 2	 -42.6366	  172.8298
0.630	 2.34	 1	 -41.9081	  173.8307
0.631	 2.30	 1	 -42.5040	  173.4394
0.633	 2.20	 1	 -42.1922	  173.6799
0.637	 2.21	 1	 -42.1458	  173.5720
0.637	 2.44	 2	 -42.3926	  173.5979
0.637	 2.14	 1	 -42.4983	  173.2266
0.638	 2.72	 1	 -42.3721	  173.0023
0.639	 2.22	 1	 -42.9401	  173.0927
0.641	 2.55	 1	 -41.2957	  173.9946
0.643	 2.01	 1	 -40.5943	  176.5860
0.643	 2.08	 1	 -42.1061	  173.4035
0.645	 2.28	 1	 -42.3459	  173.7184
0.647	 2.06	 1	 -41.4537	  174.2985
0.650	 2.19	 1	 -42.3195	  173.6448
0.651	 2.22	 1	 -42.4778	  174.6100
0.651	 2.18	 1	 -46.8346	  170.6410
0.652	 2.06	 1	 -42.0577	  173.6752
0.652	 2.49	 1	 -42.4805	  173.8740
0.652	 2.40	 1	 -44.1352	  172.5058
0.653	 2.30	 1	 -42.0534	  173.7165
0.654	 2.01	 1	 -42.2783	  173.7300
0.655	 2.54	 1	 -42.4425	  172.7404
0.655	 2.18	 1	 -42.2119	  173.6199
0.655	 2.96	 1	 -42.0790	  170.1460
0.658	 2.62	 1	 -43.0800	  172.8911
0.661	 2.08	 2	 -41.8596	  173.9763
0.662	 2.61	 2	 -42.4341	  173.3454
0.662	 2.46	 1	 -42.3570	  173.7463
0.662	 2.37	 1	 -41.9714	  173.7411
0.663	 2.06	 1	 -41.8207	  174.0141
0.663	 2.10	 1	 -42.2330	  173.3176
0.664	 2.18	 1	 -42.3398	  172.8843
0.664	 2.59	 1	 -42.9782	  172.2949
0.666	 2.51	 1	 -42.3074	  173.5167
0.668	 2.21	 1	 -44.2430	  170.7152
0.670	 2.22	 1	 -42.0379	  173.7409
0.672	 3.19	 1	 -42.1957	  173.4642
0.673	 2.27	 1	 -42.5531	  173.4003
0.673	 2.06	 1	 -42.4034	  173.4611
0.673	 3.28	 2	 -41.7268	  174.1986
0.676	 2.43	 1	 -42.2625	  173.6055
0.676	 2.10	 1	 -42.2823	  174.0032
0.676	 2.49	 1	 -41.8992	  173.4005
0.678	 2.12	 1	 -41.8857	  173.5547
0.679	 2.38	 2	 -41.8703	  174.1934
0.682	 2.23	 1	 -42.3586	  173.5780
0.682	 3.17	 1	 -42.1004	  174.9853
0.682	 2.35	 1	 -42.2960	  172.4888
0.683	 2.08	 1	 -47.1123	  171.8962
0.683	 2.80	 1	 -42.3420	  173.6828
0.684	 2.39	 1	 -42.1225	  173.5662
0.687	 2.27	 1	 -41.7144	  174.2663
0.689	 2.11	 1	 -42.2136	  173.7196
0.692	 2.22	 1	 -43.6792	  169.1590
0.693	 2.91	 1	 -44.1064	  171.2725
0.695	 2.98	 1	 -42.5865	  172.9686
0.695	 3.03	 1	 -41.8109	  174.1828
0.696	 2.72	 1	 -42.4156	  173.7936
0.696	 2.23	 1	 -42.8283	  174.3632
0.696	 2.85	 1	 -41.7197	  174.2756
0.699	 2.11	 1	 -42.2159	  173.6673
0.704	 2.19	 1	 -42.1166	  172.9263
0.707	 2.13	 1	 -42.9728	  172.8706
0.707	 2.23	 1	 -41.7462	  174.3196
0.708	 2.60	 1	 -42.5157	  173.6389
0.709	 2.27	 1	 -42.6080	  172.5859
0.710	 2.03	 1	 -42.5620	  174.6225
0.712	 2.24	 1	 -42.2316	  173.7986
0.715	 2.09	 1	 -42.0755	  173.7908
0.716	 2.11	 1	 -41.7684	  173.4628
0.716	 2.30	 1	 -42.3273	  173.4471
0.717	 2.08	 1	 -40.4525	  174.3358
0.718	 2.01	 1	 -40.4023	  173.2334
0.718	 2.60	 1	 -42.8147	  173.2090
0.719	 2.39	 1	 -42.7672	  173.0546
0.720	 2.06	 1	 -41.6979	  171.4380
0.724	 2.17	 1	 -42.1059	  174.4061
0.727	 2.47	 1	 -46.6199	  172.2610
0.729	 2.38	 1	 -41.9518	  173.6621
0.730	 4.60	 1	 -42.0661	  171.4620
0.731	 2.46	 1	 -42.3206	  173.7065
0.732	 2.08	 1	 -42.6606	  172.8541
0.733	 2.90	 1	 -42.5712	  173.7651
0.734	 2.02	 1	 -41.7735	  174.2525
0.734	 2.03	 1	 -42.1380	  173.6546
0.734	 2.22	 1	 -42.4040	  173.7061
0.735	 2.96	 1	 -42.2858	  173.4796
0.736	 2.09	 1	 -43.4570	  172.7687
0.737	 2.00	 2	 -42.3593	  173.6513
0.738	 2.80	 1	 -37.3215	  173.9724
0.740	 2.25	 1	 -42.7063	  173.4065
0.741	 2.19	 1	 -42.8340	  172.9272
0.743	 2.81	 1	 -42.4907	  172.6920
0.744	 2.13	 1	 -41.9778	  174.0347
0.744	 3.25	 1	 -41.8547	  172.7099
0.746	 2.19	 1	 -41.7420	  174.3233
0.748	 2.01	 1	 -42.2331	  172.4811
0.750	 2.26	 1	 -42.4505	  173.1166
0.750	 2.18	 1	 -41.7798	  174.4099
0.753	 3.66	 1	 -42.7950	  174.3545
0.756	 2.13	 1	 -42.6097	  172.9489
0.757	 3.06	 1	 -42.6162	  172.8942
0.758	 2.10	 1	 -42.2626	  173.6006
0.763	 2.29	 2	 -42.5022	  173.7829
0.763	 2.26	 1	 -43.0658	  172.9598
0.763	 2.51	 1	 -42.5355	  174.0930
0.764	 2.09	 1	 -42.5975	  174.0874
0.768	 2.10	 1	 -42.1533	  173.8613
0.768	 2.51	 1	 -42.5296	  173.3489
0.770	 2.80	 1	 -42.4586	  173.0570
0.772	 3.46	 1	 -42.4031	  172.5789
0.772	 2.22	 1	 -42.0355	  172.8776
0.775	 2.63	 1	 -42.1751	  173.6161
0.777	 2.34	 1	 -42.7437	  173.0713
0.779	 2.12	 1	 -43.8022	  168.9323
0.782	 2.82	 1	 -42.8834	  172.9962
0.782	 2.82	 1	 -42.0053	  173.6837
0.784	 3.85	 1	 -42.0755	  173.7837
0.787	 2.10	 1	 -42.1766	  173.5003
0.793	 2.37	 2	 -42.2144	  173.6902
0.795	 2.99	 1	 -42.2435	  173.3479
0.800	 2.75	 1	 -43.4922	  173.3625
0.800	 2.84	 1	 -41.8263	  174.4044
0.800	 2.14	 2	 -42.1207	  171.5561
0.804	 2.38	 1	 -41.7941	  174.3677
0.804	 2.08	 1	 -42.2195	  173.5883
0.808	 2.29	 1	 -41.8092	  174.5135
0.808	 2.04	 1	 -41.9364	  174.2586
0.809	 2.71	 1	 -38.8237	  175.2775
0.810	 2.63	 2	 -42.8016	  174.3405
0.811	 2.10	 1	 -42.8877	  173.3196
0.814	 2.11	 1	 -42.2745	  173.7834
0.823	 2.58	 1	 -41.4288	  172.3792
0.825	 2.22	 1	 -41.7645	  174.0816
0.827	 2.33	 1	 -41.7199	  174.3063
0.829	 2.04	 1	 -42.1219	  173.1556
0.832	 2.26	 1	 -42.3732	  173.8894
0.833	 3.23	 1	 -41.7347	  174.2959
0.833	 2.67	 1	 -42.5113	  173.1982
0.836	 2.08	 1	 -41.6697	  174.3627
0.836	 2.31	 1	 -42.2712	  173.0753
0.842	 2.10	 1	 -42.6241	  173.7183
0.844	 2.32	 1	 -43.2976	  171.1643
0.844	 2.14	 1	 -41.7164	  174.2514
0.845	 3.11	 1	 -42.1478	  173.8386
0.846	 3.46	 1	 -42.2011	  173.9388
0.851	 2.22	 1	 -42.1038	  173.3950
0.853	 2.12	 1	 -43.3759	  173.4125
0.857	 2.01	 1	 -42.0078	  173.7928
0.859	 2.22	 1	 -42.6141	  172.8694
0.871	 2.33	 1	 -43.0034	  172.3965
0.874	 2.99	 1	 -42.2708	  173.4450
0.875	 2.44	 1	 -42.0472	  173.8267
0.875	 2.23	 1	 -42.1302	  173.3058
0.881	 2.59	 1	 -39.6151	  177.4827
0.884	 2.79	 1	 -41.6452	  174.1814
0.885	 2.04	 1	 -42.6234	  172.9295
0.889	 2.35	 1	 -42.6158	  173.4532
0.895	 2.13	 1	 -41.8644	  174.0281
0.896	 2.57	 1	 -44.0605	  172.0077
0.897	 2.40	 1	 -42.9081	  172.7185
0.899	 2.16	 1	 -42.4662	  173.1715
0.900	 2.36	 1	 -41.2376	  173.2742
0.902	 2.25	 1	 -42.7893	  173.5045
0.902	 2.48	 1	 -41.9373	  173.5807
0.902	 2.04	 1	 -42.2220	  173.0258
0.906	 4.01	 1	 -42.6433	  172.6702
0.908	 2.04	 1	 -42.1434	  173.5449
0.909	 2.07	 1	 -41.9672	  173.6352
0.911	 2.56	 1	 -42.5038	  172.9977
0.916	 2.19	 1	 -42.7918	  173.6072
0.917	 2.32	 1	 -39.4104	  177.2039
0.917	 3.93	 1	 -43.4328	  175.3389
0.920	 2.43	 1	 -42.7637	  173.2838
0.923	 2.34	 1	 -42.5086	  173.5764
0.926	 2.14	 1	 -42.1301	  173.5491
0.926	 2.38	 1	 -42.6143	  172.9719
0.926	 2.67	 1	 -41.9672	  174.0372
0.931	 3.30	 2	 -42.1188	  172.1908
0.936	 2.22	 1	 -42.2691	  173.5940
0.941	 3.00	 2	 -42.5618	  173.4236
0.947	 2.83	 1	 -41.8976	  174.4612
0.948	 2.16	 2	 -42.0785	  170.1502
0.949	 2.33	 2	 -41.8724	  174.2036
0.950	 2.09	 1	 -41.8739	  173.7561
0.950	 2.44	 1	 -42.4560	  174.0020
0.950	 3.27	 1	 -42.0553	  173.8995
0.952	 2.54	 1	 -42.5025	  173.1128
0.953	 3.37	 1	 -42.2535	  173.5001
0.954	 2.07	 1	 -41.7224	  174.3967
0.956	 2.01	 1	 -41.8029	  174.2585
0.958	 2.63	 2	 -42.0909	  173.4906
0.959	 2.28	 1	 -42.1297	  173.6157
0.959	 2.40	 1	 -39.6298	  172.1011
0.960	 2.90	 1	 -42.5721	  173.0866
0.962	 2.47	 1	 -42.1505	  173.5824
0.965	 2.57	 1	 -41.8161	  173.9625
0.971	 2.23	 2	 -43.0257	  172.3609
0.972	 2.73	 1	 -46.4501	  171.5159
0.974	 2.14	 1	 -42.2216	  173.5046
0.975	 2.19	 1	 -43.6311	  172.3066
0.975	 2.66	 1	 -41.8900	  173.7053
0.976	 2.12	 1	 -42.1875	  173.1666
0.977	 2.22	 1	 -42.0096	  173.7678
0.979	 2.29	 1	 -42.5936	  179.1385
0.979	 2.42	 1	 -42.5044	  173.7541
0.981	 2.11	 1	 -41.8134	  174.2807
0.984	 2.13	 1	 -41.7270	  174.2769
0.990	 2.19	 1	 -42.6460	  172.6620
0.991	 2.16	 1	 -43.1870	  172.7240
0.991	 2.97	 1	 -42.6764	  172.4698
0.995	 2.33	 2	 -42.0462	  171.4386
0.997	 2.13	 1	 -42.7325	  173.4128
0.998	 2.67	 1	 -42.5454	  173.9836
1.005	 3.06	 1	 -42.7340	  173.4227
1.007	 2.04	 1	 -42.1879	  172.5127
1.008	 3.00	 1	 -41.8423	  172.9255
1.010	 2.28	 1	 -42.8906	  172.9641
1.014	 2.97	 1	 -42.7723	  173.2118
1.015	 2.02	 1	 -40.6884	  177.6572
1.015	 2.57	 1	 -41.4519	  177.4373
1.023	 2.07	 1	 -42.6286	  173.3058
1.024	 2.21	 2	 -42.3619	  173.7300
1.025	 2.66	 1	 -46.6347	  170.0791
1.028	 2.35	 1	 -43.8032	  172.4624
1.029	 2.15	 1	 -41.8388	  174.1341
1.031	 2.91	 1	 -41.4679	  173.2958
1.031	 2.98	 1	 -44.2295	  170.9836
1.033	 3.54	 1	 -42.1020	  173.6072
1.033	 3.01	 1	 -42.4966	  173.0778
1.035	 3.10	 1	 -42.7045	  172.8792
1.036	 3.28	 1	 -41.9461	  173.7366
1.042	 2.45	 1	 -42.2729	  173.6639
1.043	 2.27	 1	 -42.4130	  172.2444
1.044	 2.16	 1	 -42.9338	  173.0192
1.044	 2.04	 1	 -42.0491	  173.7953
1.047	 2.87	 1	 -42.8738	  173.0452
1.048	 2.23	 1	 -42.3768	  174.0837
1.052	 2.33	 1	 -42.5901	  172.9783
1.052	 2.78	 1	 -42.6471	  172.8279
1.054	 3.12	 1	 -42.5637	  173.1295
1.054	 2.42	 1	 -41.8936	  173.8466
1.056	 2.04	 1	 -46.1857	  169.1698
1.056	 2.07	 1	 -42.1468	  173.6469
1.057	 2.40	 1	 -42.6979	  173.4272
1.060	 3.09	 1	 -42.4017	  173.7649
1.062	 2.13	 2	 -42.2436	  173.7562
1.062	 2.01	 1	 -40.6055	  172.5883
1.066	 2.06	 1	 -42.1072	  173.1602
1.068	 2.16	 1	 -42.3011	  173.6818
1.069	 2.23	 1	 -42.5887	  172.8126
1.069	 2.00	 1	 -41.9670	  174.7826
1.073	 2.27	 1	 -40.4066	  174.9354
1.077	 2.42	 1	 -42.4174	  173.8059
1.078	 3.07	 1	 -41.6654	  174.2822
1.084	 2.06	 1	 -41.8761	  174.1440
1.088	 2.72	 1	 -42.7317	  173.6906
1.088	 3.09	 1	 -42.3752	  173.7133
1.091	 3.34	 1	 -42.6901	  172.6942
1.092	 2.24	 1	 -43.2032	  173.0460
1.095	 2.32	 1	 -42.2499	  173.6016
1.095	 3.27	 1	 -41.2020	  174.6433
1.099	 2.44	 1	 -42.5175	  172.7717
1.101	 2.19	 1	 -42.4290	  173.1865
1.105	 2.09	 1	 -41.7659	  174.4707
1.108	 3.09	 1	 -42.5785	  172.8303
1.111	 2.11	 1	 -41.7065	  174.3820
1.115	 2.29	 1	 -41.8068	  174.1089
1.118	 2.07	 1	 -41.6914	  174.2319
1.125	 2.34	 1	 -41.8277	  174.2090
1.125	 2.02	 1	 -42.0086	  173.9085
1.126	 2.50	 1	 -46.9802	  172.6226
1.129	 2.14	 2	 -41.7002	  174.1499
1.129	 2.27	 1	 -42.5015	  173.0431
1.134	 3.00	 1	 -46.6566	  175.9101
1.136	 2.68	 1	 -41.6963	  174.2487
1.137	 2.03	 1	 -43.5205	  173.2203
1.140	 2.59	 2	 -42.4077	  173.8496
1.143	 2.16	 1	 -43.3303	  171.9827
1.144	 2.74	 1	 -41.8384	  174.3070
1.146	 2.80	 1	 -42.6217	  172.9362
1.149	 2.31	 1	 -41.8182	  174.1145
1.151	 2.10	 1	 -42.1470	  173.3500
1.151	 2.27	 1	 -42.0679	  174.5337
1.152	 2.12	 1	 -42.6283	  172.7508
1.158	 2.27	 1	 -42.4935	  172.3381
1.158	 2.42	 1	 -42.3870	  173.3918
1.160	 2.31	 1	 -42.4644	  172.4429
1.161	 4.33	 1	 -42.1622	  173.5658
1.161	 2.91	 1	 -42.5725	  173.1962
1.162	 2.39	 1	 -41.9648	  173.6444
1.163	 2.60	 1	 -41.9607	  172.1660
1.175	 2.31	 1	 -41.6903	  174.1089
1.175	 2.16	 1	 -41.7440	  174.2402
1.176	 3.37	 1	 -42.1977	  173.4358
1.178	 2.23	 1	 -42.1051	  172.3448
1.178	 2.23	 1	 -41.0052	  173.9549
1.179	 2.43	 1	 -46.5233	  176.2258
1.183	 2.82	 1	 -42.4018	  173.9152
1.184	 2.20	 1	 -42.2154	  173.5502
1.191	 2.62	 1	 -42.7037	  172.8291
1.193	 2.83	 1	 -39.4436	  177.2516
1.194	 2.01	 1	 -42.7841	  172.9581
1.195	 3.41	 1	 -42.4546	  173.6909
1.196	 2.25	 1	 -42.6546	  172.6716
1.197	 2.04	 1	 -43.4580	  173.7412
1.201	 2.58	 1	 -42.4097	  173.3331
1.203	 2.13	 1	 -41.9327	  173.7117
1.208	 2.49	 1	 -41.9289	  173.7594
1.210	 2.03	 1	 -42.5225	  173.2200
1.215	 2.08	 1	 -42.5353	  173.0645
1.216	 2.51	 1	 -42.1301	  174.2527
1.217	 2.12	 1	 -42.3427	  173.6422
1.217	 2.07	 1	 -42.5597	  172.8090
1.220	 2.12	 1	 -41.9843	  173.7054
1.226	 2.18	 1	 -43.8730	  172.5663
1.227	 2.59	 1	 -42.6654	  172.8371
1.228	 2.57	 1	 -41.8791	  173.9720
1.233	 2.09	 1	 -42.8069	  173.0847
1.243	 2.01	 1	 -42.1039	  173.4432
1.252	 2.24	 1	 -42.3478	  173.4251
1.253	 2.02	 1	 -42.7596	  172.3735
1.254	 2.16	 1	 -42.5595	  173.0315
1.258	 2.05	 1	 -42.2757	  172.3965
1.260	 2.04	 1	 -42.0905	  173.7171
1.265	 2.14	 1	 -41.9881	  173.9877
1.265	 2.22	 1	 -42.1043	  173.7950
1.266	 2.55	 1	 -41.8651	  173.9011
1.269	 4.01	 1	 -41.7916	  174.1568
1.269	 2.28	 1	 -41.8412	  174.0148
1.276	 2.47	 1	 -42.4646	  173.2886
1.276	 2.14	 1	 -43.0511	  179.1205
1.278	 2.71	 1	 -42.6923	  173.1205
1.282	 2.87	 1	 -41.8271	  173.9862
1.282	 2.28	 1	 -42.2838	  173.6630
1.284	 3.16	 1	 -42.6095	  172.5931
1.285	 2.71	 1	 -41.8923	  173.6833
1.289	 2.40	 1	 -41.6978	  174.3000
1.298	 2.25	 1	 -42.6687	  173.3186
1.308	 2.24	 1	 -42.2049	  173.3937
1.313	 3.81	 1	 -42.9563	  172.0380
1.321	 2.13	 1	 -42.7008	  173.6760
1.322	 2.31	 1	 -42.1490	  173.8580
1.323	 2.23	 1	 -41.7036	  174.2410
1.330	 2.37	 1	 -42.2254	  173.5846
1.335	 2.05	 1	 -41.6477	  174.3626
1.338	 2.07	 1	 -42.2440	  174.1376
1.342	 3.11	 1	 -42.2290	  173.4808
1.343	 3.05	 1	 -41.7099	  174.2728
1.348	 2.90	 1	 -42.4588	  173.9334
1.360	 3.14	 1	 -42.8567	  172.9899
1.362	 2.20	 2	 -42.2645	  173.8810
1.362	 2.11	 1	 -42.3991	  173.4513
1.364	 2.69	 1	 -44.8997	  170.5270
1.365	 2.05	 1	 -45.1115	  170.9459
1.366	 3.28	 1	 -42.5695	  174.2973
1.369	 2.13	 1	 -42.5368	  173.0150
1.370	 2.20	 1	 -41.8141	  173.6220
1.381	 2.22	 1	 -43.1052	  172.9239
1.384	 2.61	 1	 -39.7148	  171.8110
1.390	 2.13	 1	 -42.2370	  173.6783
1.390	 3.05	 1	 -42.0595	  173.7189
1.392	 2.17	 2	 -42.0455	  171.3871
1.393	 2.38	 1	 -41.6017	  173.6497
1.394	 2.80	 2	 -42.1337	  173.5968
1.395	 2.38	 1	 -42.5853	  170.8642
1.396	 2.07	 1	 -42.3592	  172.1468
1.401	 2.35	 1	 -42.5110	  173.8887
1.401	 2.24	 1	 -42.4123	  173.8837
1.403	 2.23	 1	 -41.7234	  174.3090
1.406	 2.57	 1	 -42.0139	  174.2963
1.408	 2.17	 1	 -43.2528	  172.9718
1.409	 2.44	 1	 -42.3006	  173.6781
1.413	 2.64	 1	 -42.3036	  173.4857
1.413	 2.30	 1	 -41.2181	  172.6972
1.418	 2.22	 1	 -42.3957	  173.3152
1.420	 2.31	 1	 -42.1043	  173.6653
1.429	 2.29	 1	 -42.5658	  172.0369
1.430	 2.02	 1	 -42.2137	  173.6665
1.431	 2.10	 1	 -42.7414	  173.2928
1.433	 2.50	 1	 -41.9845	  173.7637
1.433	 2.05	 1	 -42.8492	  173.0924
1.433	 2.30	 1	 -42.4037	  173.8059
1.434	 2.42	 1	 -42.2619	  173.0951
1.448	 2.47	 1	 -42.2190	  174.2223
1.452	 2.07	 1	 -42.5001	  172.6583
1.454	 2.00	 1	 -41.9693	  173.7210
1.457	 2.29	 1	 -42.0310	  173.7976
1.462	 2.73	 2	 -42.0595	  171.4594
1.464	 2.02	 1	 -41.8165	  174.0122
1.467	 2.32	 1	 -42.3485	  173.6754
1.469	 2.24	 1	 -41.9693	  173.7551
1.469	 2.01	 1	 -42.2923	  173.6140
1.469	 2.36	 1	 -41.9468	  173.4641
1.469	 2.22	 2	 -41.4672	  173.1403
1.479	 2.01	 1	 -42.1124	  173.4693
1.492	 2.08	 1	 -41.9903	  174.0858
1.493	 2.01	 1	 -42.4559	  173.2598
1.503	 2.22	 1	 -41.8247	  174.2205
1.510	 2.04	 1	 -41.8568	  174.2034
1.513	 2.15	 1	 -42.3879	  173.6088
1.517	 2.53	 1	 -42.5524	  173.3568
1.529	 2.41	 1	 -42.1971	  173.8729
1.532	 3.21	 1	 -42.5724	  175.5378
1.534	 2.29	 1	 -42.6952	  173.4606
1.534	 2.07	 1	 -41.7481	  174.1990
1.538	 2.22	 1	 -42.7651	  173.7636
1.545	 2.31	 1	 -42.2399	  173.6274
1.550	 3.39	 1	 -42.1689	  173.8050
1.552	 2.05	 2	 -43.4608	  169.1724
1.552	 2.56	 1	 -42.5115	  173.1200
1.556	 2.03	 1	 -42.1730	  173.4996
1.560	 2.00	 1	 -42.4200	  173.2831
1.560	 2.11	 1	 -42.2514	  173.5799
1.562	 3.02	 1	 -41.7173	  174.4572
1.564	 2.07	 1	 -42.7983	  173.6246
1.568	 2.08	 1	 -42.7171	  172.4476
1.569	 2.38	 1	 -42.4331	  173.4241
1.577	 2.38	 1	 -42.2423	  172.9415
1.578	 2.37	 1	 -41.6622	  171.9095
1.579	 2.54	 1	 -40.0386	  173.7812
1.580	 2.62	 1	 -42.5036	  173.2969
1.586	 2.23	 1	 -38.2199	  172.3914
1.588	 2.22	 1	 -42.7358	  172.9345
1.594	 2.07	 1	 -42.7799	  173.3444
1.597	 2.32	 1	 -41.8379	  174.0875
1.601	 2.03	 2	 -42.2672	  173.5626
1.604	 2.12	 1	 -40.7421	  171.2713
1.611	 2.07	 1	 -42.1845	  173.4270
1.614	 2.35	 1	 -42.6087	  172.8191
1.618	 3.71	 1	 -41.8958	  174.3368
1.622	 2.10	 1	 -41.7918	  174.2900
1.632	 2.48	 1	 -42.4674	  173.7611
1.640	 2.45	 2	 -41.9060	  174.3394
1.641	 2.08	 1	 -41.9985	  173.6856
1.645	 2.91	 1	 -42.7830	  173.0466
1.651	 2.96	 1	 -42.7614	  173.0375
1.654	 2.07	 1	 -42.6426	  173.1477
1.660	 2.20	 2	 -42.5653	  173.8038
1.666	 3.02	 1	 -42.4529	  173.3156
1.668	 2.33	 1	 -42.9479	  172.4332
1.673	 2.72	 1	 -42.4505	  173.3916
1.674	 3.15	 1	 -41.9208	  173.7042
1.676	 2.24	 1	 -42.6015	  173.0924
1.678	 2.00	 1	 -43.2379	  174.0277
1.685	 2.15	 1	 -41.9061	  173.9571
1.686	 2.31	 1	 -42.2165	  173.6605
1.693	 2.39	 1	 -42.3074	  174.2647
1.703	 2.40	 1	 -42.5770	  172.8488
1.707	 2.10	 1	 -42.2715	  173.9503
1.707	 2.50	 1	 -44.1742	  173.2935
1.708	 3.16	 2	 -42.4194	  173.6346
1.709	 3.24	 1	 -42.3194	  173.7571
1.717	 2.17	 2	 -42.9287	  172.8568
1.722	 2.05	 1	 -41.4840	  173.5390
1.727	 2.15	 1	 -42.6909	  172.7419
1.727	 2.06	 1	 -42.0693	  173.7243
1.728	 2.72	 1	 -42.6328	  172.9940
1.732	 2.73	 1	 -43.6447	  172.8032
1.735	 2.34	 1	 -41.5252	  167.0487
1.738	 2.35	 1	 -41.9210	  173.7841
1.749	 2.09	 2	 -42.1687	  173.0132
1.751	 2.15	 1	 -42.4101	  173.3293
1.751	 2.66	 1	 -42.7841	  173.0792
1.753	 2.65	 1	 -41.1763	  167.2626
1.758	 2.27	 1	 -43.9998	  173.0883
1.760	 2.33	 1	 -42.6893	  172.7934
1.762	 2.77	 1	 -42.9279	  173.2745
1.762	 2.49	 1	 -41.9739	  173.6591
1.771	 2.17	 1	 -42.6616	  172.7630
1.774	 2.44	 1	 -43.0452	  172.7292
1.775	 2.54	 2	 -42.2143	  173.6746
1.785	 2.22	 1	 -42.3328	  173.6875
1.785	 2.26	 1	 -42.6660	  173.0854
1.786	 2.19	 1	 -42.2273	  173.6340
1.788	 3.32	 1	 -43.0454	  172.4978
1.789	 2.04	 1	 -41.1475	  174.5535
1.793	 2.02	 2	 -42.2358	  173.6206
1.793	 2.58	 2	 -42.4074	  173.6835
1.795	 2.16	 1	 -41.7608	  174.1381
1.796	 2.18	 1	 -42.5037	  173.1300
1.806	 2.43	 1	 -42.4595	  171.3824
1.821	 2.19	 1	 -42.1951	  173.9170
1.828	 3.04	 1	 -41.7438	  174.1931
1.830	 2.48	 1	 -42.1589	  173.8269
1.832	 2.01	 1	 -42.7570	  172.7745
1.840	 3.17	 2	 -42.9588	  172.0515
1.851	 2.04	 1	 -42.3118	  176.5508
1.854	 2.47	 1	 -42.4800	  173.0972
1.856	 2.17	 2	 -42.1016	  173.6042
1.859	 2.10	 1	 -42.0924	  173.6093
1.861	 2.20	 1	 -41.1078	  173.3363
1.861	 2.19	 2	 -42.4523	  173.5536
1.861	 2.10	 1	 -42.6576	  172.8887
1.861	 2.06	 1	 -42.1912	  173.6572
1.861	 2.01	 1	 -42.6259	  172.7704
1.863	 2.24	 1	 -43.0355	  173.4476
1.871	 2.23	 1	 -42.6860	  173.0449
1.874	 3.08	 2	 -42.7557	  172.5540
1.883	 3.13	 1	 -42.7605	  172.8311
1.892	 2.08	 1	 -42.4741	  173.7854
1.901	 2.12	 1	 -42.8602	  172.5622
1.905	 2.37	 1	 -42.4540	  173.7708
1.905	 2.05	 1	 -42.3220	  173.4932
1.906	 2.39	 1	 -42.6528	  172.8614
1.909	 2.09	 1	 -42.3892	  173.4043
1.912	 2.57	 1	 -43.1220	  172.9667
1.913	 2.14	 1	 -42.5415	  172.9821
1.915	 2.21	 1	 -43.0380	  173.8279
1.918	 2.58	 1	 -42.2560	  173.6978
1.919	 2.92	 2	 -42.6714	  174.9129
1.920	 2.32	 1	 -42.6814	  172.8474
1.922	 2.14	 1	 -42.7284	  173.8888
1.924	 2.04	 1	 -42.9352	  173.3642
1.926	 3.41	 1	 -42.8201	  172.9665
1.936	 2.37	 1	 -42.3617	  173.2591
1.936	 2.06	 1	 -42.3672	  173.7313
1.937	 2.29	 1	 -42.4343	  173.3346
1.937	 2.03	 1	 -42.7993	  173.2879
1.937	 2.07	 1	 -41.9356	  168.8813
1.939	 2.32	 1	 -42.1858	  173.1462
1.946	 2.26	 1	 -42.4987	  170.6662
1.949	 2.07	 1	 -41.8854	  173.6822
1.949	 2.42	 1	 -42.3692	  173.2630
1.952	 2.33	 1	 -43.5854	  179.3444
1.958	 3.32	 1	 -42.0825	  166.9609
1.963	 2.17	 1	 -41.2589	  173.2634
1.969	 3.08	 1	 -41.7658	  174.1164
1.971	 2.07	 1	 -42.6980	  172.8026
1.976	 2.59	 2	 -41.5156	  176.0518
1.979	 3.37	 1	 -42.4310	  173.8180
1.982	 2.15	 1	 -42.2133	  172.9351
1.984	 2.06	 1	 -42.2119	  173.8002
1.987	 2.08	 1	 -41.8360	  174.0631
1.992	 2.07	 1	 -42.7291	  172.4653
1.992	 2.12	 1	 -42.5941	  172.6549
1.998	 2.02	 1	 -42.8543	  172.6561
2.000	 2.03	 1	 -42.0056	  173.6194
2.001	 2.15	 2	 -42.3863	  173.6959
2.002	 2.29	 1	 -42.1440	  173.9052
2.006	 2.84	 1	 -42.8082	  173.1712
2.015	 2.21	 1	 -43.3432	  177.5185
2.028	 2.08	 1	 -42.6896	  172.9525
2.046	 2.60	 1	 -40.4149	  178.2971
2.048	 2.44	 1	 -41.7157	  174.2814
2.048	 2.11	 1	 -42.0090	  173.7497
2.053	 3.65	 1	 -42.6810	  173.0284
2.056	 2.07	 1	 -42.8208	  172.5393
2.057	 2.80	 1	 -42.6090	  175.0218
2.059	 2.16	 1	 -42.2550	  173.7307
2.061	 2.21	 2	 -42.8240	  172.5390
2.064	 2.76	 1	 -42.1714	  173.5819
2.065	 2.02	 1	 -42.2815	  173.6671
2.075	 2.07	 1	 -42.1347	  173.6772
2.083	 2.01	 1	 -41.8190	  174.2025
2.083	 2.09	 1	 -41.6248	  174.0322
2.083	 2.13	 1	 -38.3330	  171.5233
2.083	 2.01	 1	 -42.5040	  173.2866
2.085	 2.12	 1	 -43.3818	  169.6050
2.096	 2.45	 1	 -41.7240	  174.2355
2.104	 2.33	 1	 -42.7312	  173.9827
2.106	 2.06	 1	 -42.6472	  173.8104
2.109	 2.45	 1	 -42.2254	  173.6350
2.112	 2.97	 1	 -42.0047	  174.2621
2.122	 2.13	 1	 -41.6731	  173.8693
2.122	 2.29	 1	 -42.5667	  173.8070
2.124	 2.97	 1	 -40.5381	  178.3920
2.124	 2.68	 1	 -42.8980	  173.3384
2.127	 2.04	 1	 -41.8654	  174.2869
2.136	 2.03	 2	 -42.6532	  172.8611
2.138	 2.27	 1	 -42.8109	  172.9069
2.143	 2.18	 1	 -41.9643	  173.7376
2.146	 2.32	 2	 -42.0540	  172.2111
2.154	 2.06	 1	 -42.2786	  173.7294
2.172	 2.98	 1	 -42.3394	  173.7235
2.181	 2.16	 1	 -42.1851	  173.5169
2.187	 2.28	 1	 -41.9876	  173.7376
2.188	 3.24	 1	 -42.5249	  173.0123
2.189	 2.09	 2	 -42.6338	  172.8251
2.197	 2.38	 1	 -41.9842	  173.8357
2.206	 2.60	 1	 -42.3231	  173.4619
2.209	 3.11	 1	 -42.4886	  176.7017
2.213	 2.52	 1	 -42.5774	  173.4008
2.214	 2.10	 1	 -42.1431	  173.7009
2.218	 2.18	 1	 -42.0035	  173.6464
2.219	 2.40	 1	 -42.3587	  173.7903
2.220	 2.13	 1	 -42.2326	  173.4502
2.221	 2.06	 1	 -42.1614	  173.8230
2.226	 3.00	 1	 -44.4343	  174.5370
2.227	 2.16	 1	 -42.5568	  173.2695
2.230	 2.71	 1	 -41.7787	  174.4120
2.236	 2.70	 1	 -42.3152	  172.6982
2.237	 2.02	 1	 -41.7614	  174.2641
2.240	 2.15	 1	 -42.6019	  172.7672
2.244	 2.18	 2	 -42.6486	  172.8239
2.255	 2.01	 2	 -42.8207	  172.9646
2.255	 3.08	 1	 -42.2101	  173.6067
2.256	 2.57	 1	 -42.5621	  173.8695
2.259	 3.04	 1	 -42.2367	  173.6590
2.259	 2.38	 1	 -42.5046	  173.1116
2.268	 2.11	 1	 -41.7275	  174.1890
2.276	 3.49	 1	 -42.4237	  173.3961
2.282	 2.14	 2	 -42.4267	  173.3878
2.290	 3.08	 1	 -42.2934	  174.4522
2.291	 2.44	 1	 -42.2584	  173.9971
2.313	 2.59	 1	 -41.3057	  173.9634
2.315	 2.32	 1	 -42.5748	  173.0097
2.322	 2.40	 1	 -43.0033	  170.3499
2.330	 2.03	 1	 -41.5689	  173.5715
2.338	 2.07	 1	 -42.2234	  173.7337
2.346	 2.74	 1	 -41.6656	  174.2995
2.357	 3.28	 1	 -43.2414	  173.1521
2.364	 2.36	 1	 -42.2515	  173.0811
2.368	 2.81	 1	 -42.1395	  173.4595
2.376	 2.41	 2	 -42.2690	  174.5020
2.400	 2.61	 1	 -42.1816	  173.7601
2.402	 2.02	 1	 -41.6484	  174.3042
2.403	 2.24	 1	 -41.9371	  171.3933
2.408	 2.42	 1	 -43.4475	  172.7745
2.414	 2.02	 1	 -44.4250	  174.4789
2.422	 2.05	 1	 -41.7220	  173.3287
2.432	 2.17	 1	 -42.5921	  173.0674
2.433	 2.34	 2	 -42.2649	  173.9108
2.444	 2.23	 1	 -41.1706	  171.2310
2.453	 2.26	 1	 -42.0392	  172.8954
2.456	 2.16	 1	 -42.6013	  172.9327
2.457	 2.11	 1	 -41.7282	  174.2615
2.463	 2.08	 1	 -42.4377	  173.0410
2.471	 2.24	 1	 -42.9904	  172.8692
2.473	 2.60	 1	 -41.7712	  174.3957
2.476	 2.34	 1	 -42.7209	  172.6088
2.477	 2.67	 1	 -42.2303	  173.6378
2.491	 2.17	 1	 -42.3357	  173.4852
2.500	 2.25	 1	 -41.8062	  175.0723
2.505	 2.03	 2	 -42.4200	  173.2927
2.515	 2.43	 1	 -42.9118	  171.4276
2.517	 2.13	 1	 -42.5642	  176.1749
2.519	 2.21	 2	 -42.3901	  173.6444
2.531	 2.03	 1	 -42.0598	  174.2075
2.536	 2.26	 1	 -42.0325	  173.9447
2.544	 3.01	 2	 -45.9936	  170.5710
2.551	 2.13	 1	 -42.4826	  173.7084
2.555	 2.10	 1	 -43.0975	  172.5948
2.555	 2.26	 1	 -41.8003	  174.2119
2.555	 2.15	 1	 -41.6723	  172.9229
2.557	 2.37	 2	 -42.1498	  173.6167
2.562	 2.74	 1	 -41.8292	  174.2052
2.563	 2.40	 1	 -45.4284	  172.6498
2.566	 2.30	 1	 -42.4359	  172.7069
2.568	 2.96	 1	 -42.4992	  173.0124
2.573	 2.92	 2	 -42.3958	  173.7508
2.575	 2.94	 1	 -41.9970	  173.7136
2.579	 2.15	 1	 -43.3583	  172.1312
2.583	 2.16	 1	 -42.5564	  172.8974
2.596	 2.23	 1	 -42.2569	  173.8692
2.599	 2.74	 1	 -41.9866	  173.6096
2.601	 2.11	 1	 -42.5160	  173.2190
2.602	 2.02	 1	 -42.2196	  173.3126
2.622	 2.56	 1	 -42.7400	  174.8970
2.622	 2.20	 1	 -43.2697	  173.0045
2.625	 2.14	 1	 -39.9409	  174.8439
2.625	 3.22	 1	 -41.9091	  173.8106
2.626	 2.11	 1	 -43.3488	  172.3969
2.632	 2.03	 2	 -41.6615	  173.8855
2.640	 2.99	 1	 -41.8096	  174.4511
2.642	 3.86	 1	 -42.1803	  173.6728
2.642	 2.05	 1	 -42.3365	  173.7927
2.652	 2.00	 1	 -42.4811	  173.3361
2.656	 2.47	 1	 -41.9472	  173.8492
2.672	 2.18	 1	 -43.0251	  173.5608
2.687	 2.38	 1	 -42.0605	  173.8646
2.689	 2.42	 2	 -41.8455	  174.4026
2.703	 3.01	 1	 -41.8499	  167.8954
2.703	 2.32	 1	 -41.9107	  173.6169
2.711	 2.97	 2	 -41.7240	  174.2229
2.714	 2.76	 1	 -41.8370	  173.4884
2.728	 2.72	 1	 -42.0330	  173.5489
2.735	 2.96	 1	 -42.8100	  173.6041
2.747	 2.24	 1	 -41.7845	  174.2338
2.760	 2.15	 1	 -41.8712	  174.1522
2.764	 2.17	 1	 -41.7228	  174.1493
2.769	 2.10	 1	 -42.2352	  173.6740
2.788	 2.71	 2	 -42.6304	  174.9218
2.789	 2.04	 1	 -42.0542	  173.8070
2.795	 2.50	 1	 -41.6975	  174.2969
2.795	 2.57	 1	 -42.7029	  172.7631
2.795	 2.06	 1	 -42.3167	  173.9154
2.796	 2.91	 1	 -42.5710	  172.8513
2.804	 2.78	 1	 -42.9823	  172.8228
2.821	 2.22	 2	 -42.6694	  172.6950
2.824	 3.15	 1	 -41.7947	  174.2307
2.874	 2.12	 1	 -42.7635	  173.1451
2.876	 2.97	 1	 -43.3700	  172.1739
2.881	 3.50	 1	 -43.6774	  167.0529
2.885	 2.05	 1	 -45.8763	  168.7020
2.887	 2.53	 1	 -41.1773	  175.4125
2.893	 2.18	 1	 -42.1057	  173.6721
2.893	 2.06	 1	 -41.9494	  173.3524
2.895	 2.10	 1	 -42.6761	  173.5336
2.905	 2.27	 1	 -41.8895	  174.1106
2.907	 2.19	 1	 -41.6953	  174.2723
2.922	 2.43	 1	 -42.6230	  172.9547
2.922	 2.40	 1	 -42.9215	  173.1587
2.925	 2.38	 1	 -42.2358	  173.6624
2.934	 2.07	 1	 -42.5160	  173.0867
2.937	 2.07	 1	 -42.5800	  172.9565
2.939	 2.04	 1	 -42.1734	  173.5221
2.940	 2.36	 1	 -41.5817	  173.9003
2.942	 3.90	 1	 -43.0001	  172.7744
2.952	 2.20	 1	 -42.5887	  173.1095
2.952	 2.29	 1	 -42.1615	  173.6130
2.954	 2.13	 2	 -42.9690	  172.0453
2.960	 2.23	 1	 -42.5584	  173.0279
2.962	 2.07	 1	 -42.4929	  172.7174
2.964	 2.06	 1	 -42.4088	  172.4499
2.964	 2.30	 1	 -42.1569	  173.6074
2.980	 2.83	 1	 -42.2472	  173.7810
2.984	 2.19	 1	 -43.7416	  172.3415
2.993	 3.74	 1	 -42.1844	  173.7245
2.997	 2.00	 2	 -42.1256	  173.8486
3.013	 2.07	 1	 -42.1915	  173.7134
3.020	 2.22	 1	 -42.6902	  172.8598
3.037	 2.56	 1	 -42.5565	  173.0579
3.038	 2.23	 1	 -42.7276	  173.1040
3.039	 2.62	 2	 -42.9984	  172.7669
3.041	 2.33	 1	 -42.5595	  172.8311
3.045	 3.12	 2	 -42.0956	  173.7328
3.046	 2.18	 1	 -43.0270	  173.5544
3.049	 2.51	 1	 -42.7913	  173.2597
3.058	 2.15	 1	 -42.0251	  173.7140
3.084	 2.49	 1	 -47.1796	  172.6246
3.092	 2.18	 1	 -42.7224	  173.5708
3.094	 2.20	 1	 -43.4821	  174.1642
3.096	 2.40	 2	 -42.1035	  173.9068
3.101	 2.07	 1	 -42.2892	  173.2600
3.126	 2.36	 1	 -43.4366	  173.1564
3.130	 2.38	 1	 -42.3039	  173.2534
3.134	 2.34	 1	 -42.2543	  174.1445
3.140	 2.71	 1	 -42.2474	  173.2242
3.142	 2.01	 1	 -42.5525	  173.2277
3.146	 2.25	 1	 -42.0281	  174.2962
3.167	 2.10	 2	 -42.5278	  173.0159
3.179	 2.78	 1	 -42.1911	  173.8244
3.185	 2.36	 1	 -41.7212	  174.2485
3.189	 2.11	 1	 -42.7234	  173.4421
3.192	 2.04	 1	 -42.7347	  173.3390
3.198	 2.09	 1	 -42.9742	  172.8548
3.200	 2.56	 1	 -42.4527	  173.3986
3.239	 2.38	 1	 -41.7489	  173.9524
3.248	 2.13	 1	 -42.3559	  173.0179
3.252	 2.68	 2	 -43.4784	  174.1500
3.267	 2.38	 2	 -41.8501	  167.8952
3.268	 2.05	 1	 -41.9078	  173.3037
3.269	 2.52	 1	 -42.2642	  173.7612
3.271	 2.63	 1	 -42.5181	  173.7073
3.275	 2.29	 1	 -42.3579	  173.7704
3.289	 2.24	 1	 -42.5603	  173.3586
3.290	 2.04	 1	 -42.0967	  173.9607
3.292	 2.14	 1	 -45.2622	  168.0018
3.293	 2.45	 1	 -42.0399	  173.6728
3.295	 2.46	 1	 -42.3717	  173.4738
3.309	 2.60	 2	 -42.1962	  173.7095
3.310	 2.38	 1	 -42.3081	  173.7315
3.317	 2.33	 1	 -42.2917	  173.1396
3.320	 2.94	 1	 -42.4784	  173.6288
3.327	 2.54	 1	 -42.5633	  172.8632
3.335	 2.19	 1	 -42.3474	  173.6789
3.344	 2.43	 1	 -41.9034	  174.2016
3.350	 2.19	 1	 -41.7752	  174.2509
3.355	 2.33	 1	 -41.6429	  173.8082
3.370	 2.03	 1	 -41.8245	  173.7929
3.377	 2.07	 1	 -41.9483	  173.5778
3.406	 2.19	 1	 -42.3931	  172.4852
3.406	 2.30	 1	 -41.6457	  174.2352
3.406	 2.57	 1	 -42.2378	  173.6955
3.411	 2.49	 1	 -42.8051	  173.7275
3.411	 2.73	 1	 -41.9007	  175.2663
3.413	 2.22	 1	 -42.1056	  171.3582
3.426	 2.13	 1	 -42.4546	  173.0345
3.428	 2.84	 1	 -42.3251	  173.7998
3.433	 2.02	 1	 -38.2273	  172.3012
3.434	 2.24	 1	 -42.4030	  174.2988
3.444	 2.34	 1	 -42.2789	  173.7849
3.448	 2.44	 1	 -43.6003	  174.1815
3.454	 2.05	 2	 -42.6463	  172.6821
3.457	 2.20	 1	 -42.2759	  174.0006
3.466	 2.07	 1	 -41.9886	  173.6668
3.487	 2.53	 1	 -42.4487	  174.1388
3.495	 3.08	 1	 -42.6591	  172.9449
3.518	 2.35	 1	 -42.2118	  177.2950
3.529	 2.23	 1	 -41.9471	  172.5155
3.558	 2.06	 2	 -41.7827	  174.4368
3.561	 2.19	 1	 -41.7119	  174.2918
3.579	 2.10	 1	 -42.3319	  173.4637
3.602	 2.13	 1	 -41.5459	  175.1523
3.607	 2.10	 1	 -42.4244	  173.1785
3.611	 2.09	 1	 -41.8324	  174.3083
3.656	 2.61	 1	 -42.5255	  173.1400
3.674	 2.71	 3	 -41.7284	  174.2123
3.682	 2.35	 1	 -43.3960	  173.3085
3.685	 3.83	 1	 -42.1238	  173.5799
3.689	 2.43	 1	 -42.7211	  173.6601
3.700	 2.40	 1	 -42.7267	  172.9397
3.714	 2.30	 4	 -41.7286	  174.2142
3.720	 2.40	 1	 -42.1687	  172.8608
3.724	 2.02	 2	 -42.6075	  172.4608
3.731	 2.14	 1	 -42.1698	  173.8065
3.739	 2.96	 1	 -42.4956	  173.0873
3.748	 2.09	 1	 -42.3744	  170.9666
3.764	 2.25	 1	 -47.1843	  172.7383
3.765	 2.21	 2	 -42.6625	  172.9928
3.779	 2.74	 1	 -42.8306	  173.2473
3.780	 2.71	 1	 -41.8002	  173.9581
3.787	 2.24	 1	 -42.3111	  170.3192
3.797	 2.08	 1	 -41.8956	  173.6033
3.801	 2.58	 1	 -41.6385	  174.1467
3.808	 2.32	 1	 -43.0524	  172.4000
3.817	 2.57	 1	 -41.7946	  174.0367
3.821	 2.14	 1	 -42.9180	  173.0317
3.832	 2.43	 1	 -42.8037	  172.7325
3.847	 2.32	 1	 -42.9246	  172.1171
3.866	 2.34	 1	 -42.2013	  172.7920
3.875	 2.17	 1	 -41.9684	  173.6192
3.880	 3.13	 2	 -42.5187	  172.7669
3.883	 2.02	 1	 -43.8272	  172.9230
3.884	 2.39	 1	 -42.8163	  172.5549
3.928	 2.80	 1	 -41.7484	  174.1324
3.930	 2.50	 1	 -43.8498	  174.1107
3.941	 2.40	 1	 -42.0533	  173.7232
3.950	 2.25	 2	 -42.5704	  173.4038
3.951	 2.24	 1	 -42.7236	  173.0012
3.963	 2.40	 2	 -42.6158	  172.8535
3.968	 2.12	 1	 -43.4463	  174.5740
3.969	 2.53	 1	 -38.6218	  171.4691
3.970	 2.93	 1	 -41.7335	  174.4039
3.978	 2.04	 1	 -41.9715	  171.9201
3.986	 2.03	 1	 -42.2543	  173.6255
4.002	 2.53	 1	 -42.4606	  173.1470
4.042	 5.04	 1	 -42.8388	  173.3277
4.047	 2.99	 1	 -38.2567	  174.0244
4.082	 2.10	 1	 -41.7746	  174.4083
4.082	 2.94	 1	 -42.3990	  173.7006
4.083	 2.53	 1	 -42.5031	  173.0731
4.098	 2.28	 1	 -42.1851	  173.7111
4.099	 2.18	 1	 -42.1780	  173.6003
4.103	 2.28	 1	 -42.7871	  174.1841
4.116	 2.42	 1	 -41.7840	  175.2170
4.122	 2.30	 1	 -42.5459	  173.1006
4.132	 2.70	 1	 -43.1956	  173.3465
4.145	 2.22	 1	 -41.7303	  174.1569
4.146	 4.35	 2	 -42.7858	  173.2488
4.148	 2.77	 1	 -42.1280	  173.7498
4.171	 2.09	 1	 -42.4044	  173.8282
4.195	 2.27	 1	 -44.3292	  177.7351
4.199	 2.09	 2	 -42.6838	  174.9538
4.208	 2.55	 1	 -41.7402	  174.2884
4.212	 2.14	 1	 -41.5812	  173.9532
4.216	 2.27	 1	 -42.1483	  173.4587
4.244	 2.13	 1	 -42.4510	  172.2394
4.250	 3.15	 2	 -42.0583	  171.4712
4.253	 2.15	 1	 -42.1076	  173.9584
4.253	 2.36	 1	 -42.1803	  173.4583
4.258	 2.33	 1	 -42.1672	  173.6194
4.259	 2.29	 2	 -42.3567	  173.7098
4.280	 2.78	 1	 -38.2357	  172.2099
4.316	 2.19	 1	 -38.3957	  171.2188
4.322	 2.01	 1	 -41.8586	  174.2764
4.322	 3.69	 1	 -42.2643	  173.5502
4.322	 2.11	 1	 -41.4395	  174.3235
4.322	 2.14	 1	 -42.4287	  172.7852
4.350	 2.71	 2	 -42.2740	  173.4210
4.354	 2.03	 1	 -41.7338	  174.3024
4.356	 2.67	 2	 -43.0058	  172.8355
4.360	 2.04	 1	 -42.1583	  173.4715
4.360	 2.28	 1	 -41.7830	  173.9769
4.363	 2.55	 1	 -42.2139	  173.6253
4.367	 2.33	 2	 -42.7147	  172.7955
4.376	 2.23	 1	 -42.6563	  172.8452
4.380	 2.62	 1	 -42.6486	  172.9703
4.390	 2.65	 1	 -41.8136	  174.3357
4.405	 2.67	 1	 -42.6602	  172.5411
4.408	 2.08	 1	 -42.7132	  173.0436
4.418	 3.15	 2	 -43.0258	  173.1741
4.422	 2.23	 1	 -41.9548	  173.7078
4.422	 3.00	 1	 -42.8149	  173.1638
4.429	 2.13	 1	 -42.0860	  173.5386
4.442	 2.20	 2	 -42.8750	  173.2538
4.448	 2.83	 1	 -42.4117	  173.8487
4.461	 2.62	 1	 -43.5764	  172.4092
4.465	 2.37	 1	 -41.7856	  174.2317
4.479	 2.43	 1	 -42.7886	  173.1639
4.492	 2.04	 1	 -42.4969	  173.5157
4.500	 2.42	 1	 -42.2275	  173.6667
4.521	 3.23	 1	 -41.7948	  174.1745
4.543	 2.06	 1	 -42.1692	  173.8539
4.565	 2.95	 1	 -42.1148	  172.7590
4.570	 2.20	 1	 -39.4970	  177.3263
4.580	 2.20	 1	 -42.5637	  173.0631
4.582	 2.23	 1	 -42.1854	  173.9191
4.584	 2.71	 2	 -41.7993	  174.1835
4.587	 2.20	 2	 -42.8465	  173.2859
4.603	 2.62	 1	 -42.8302	  170.7502
4.615	 2.05	 1	 -42.2594	  173.6956
4.621	 2.38	 1	 -42.0479	  172.2901
4.647	 2.33	 1	 -42.4237	  173.1298
4.684	 2.06	 1	 -42.5254	  173.1144
4.694	 2.34	 1	 -42.0733	  173.0813
4.696	 2.08	 1	 -41.7750	  173.4323
4.708	 2.04	 1	 -45.1577	  176.2254
4.731	 3.01	 2	 -42.8645	  173.2997
4.740	 2.11	 1	 -42.0101	  173.7978
4.743	 2.16	 1	 -42.4435	  173.1669
4.746	 2.47	 2	 -42.0516	  172.2947
4.754	 2.40	 1	 -42.5759	  172.8296
4.762	 2.52	 1	 -43.0614	  173.1025
4.765	 2.41	 2	 -45.1565	  176.2139
4.776	 2.11	 1	 -41.9535	  173.7269
4.789	 2.62	 1	 -42.2137	  173.7327
4.805	 2.33	 1	 -43.1077	  174.3710
4.813	 2.43	 1	 -41.7339	  174.2717
4.824	 2.04	 1	 -42.0337	  173.7275
4.840	 2.01	 1	 -41.7890	  174.1815
4.842	 2.13	 1	 -42.7460	  173.6797
4.857	 2.08	 1	 -42.0673	  173.7492
4.859	 2.04	 1	 -42.5439	  172.8651
4.874	 2.38	 1	 -44.6451	  175.8426
4.884	 2.02	 2	 -42.1570	  173.6232
4.896	 2.32	 1	 -41.7386	  174.2268
4.899	 2.15	 1	 -42.1250	  173.5817
4.903	 2.33	 1	 -43.2325	  172.2501
4.904	 2.05	 1	 -42.7280	  173.4527
4.910	 2.70	 1	 -42.4327	  173.7547
4.927	 2.12	 1	 -42.3101	  173.7147
4.929	 2.23	 1	 -42.6086	  172.9349
4.947	 2.33	 1	 -42.3406	  172.8785
4.950	 2.25	 1	 -42.2581	  173.6379
4.953	 2.09	 1	 -42.5325	  172.8317
4.959	 2.34	 1	 -42.1859	  173.7152
4.979	 2.17	 1	 -42.9417	  174.0921
4.988	 2.41	 1	 -42.3397	  172.4546
5.008	 2.55	 1	 -41.7679	  174.3750
5.050	 2.83	 1	 -41.7213	  174.1623
5.057	 2.08	 1	 -42.4539	  173.7389
5.059	 2.75	 1	 -41.8601	  174.1691
5.060	 2.03	 1	 -42.3143	  173.7119
5.069	 2.67	 1	 -42.1095	  173.7479
5.099	 2.37	 3	 -42.7934	  173.2450
5.125	 2.18	 1	 -42.1852	  173.5336
5.147	 2.12	 2	 -42.6260	  172.9527
5.161	 2.14	 1	 -43.5135	  173.8390
5.166	 2.54	 1	 -42.5981	  173.0345
5.168	 2.31	 1	 -41.6175	  177.3341
5.181	 2.83	 1	 -42.6623	  173.5309
5.200	 2.34	 1	 -42.4731	  173.7840
5.226	 2.16	 1	 -42.6333	  172.7137
5.233	 2.16	 1	 -42.9908	  172.7379
5.235	 2.03	 2	 -43.0274	  172.3527
5.252	 2.08	 1	 -43.0835	  173.8858
5.262	 3.06	 1	 -42.6020	  173.1316
5.282	 2.28	 1	 -42.9587	  172.5183
5.286	 2.49	 1	 -42.4915	  173.1170
5.287	 2.38	 1	 -42.6884	  173.1781
5.304	 2.04	 1	 -42.1332	  173.6307
5.313	 2.15	 1	 -42.4277	  172.6952
5.317	 2.34	 1	 -42.6337	  176.0750
5.331	 2.56	 1	 -42.5024	  173.1041
5.345	 2.53	 1	 -41.9836	  173.6580
5.360	 2.17	 2	 -42.3162	  173.9160
5.365	 2.16	 1	 -42.5787	  172.6300
5.375	 2.67	 1	 -42.6576	  172.8808
5.399	 2.23	 2	 -42.3382	  173.7435
5.423	 2.14	 1	 -42.3528	  173.4745
5.447	 2.10	 1	 -42.4114	  173.1714
5.450	 2.28	 1	 -42.4378	  173.7766
5.470	 3.14	 2	 -42.8190	  172.9751
5.492	 2.58	 1	 -42.7644	  173.3486
5.509	 2.49	 1	 -42.3642	  174.1892
5.510	 2.69	 1	 -41.8606	  174.1519
5.521	 2.72	 1	 -42.6979	  173.9059
5.525	 2.55	 1	 -42.3234	  173.7264
5.529	 3.40	 1	 -41.8740	  173.9196
5.550	 2.40	 1	 -42.2453	  173.6476
5.558	 4.79	 1	 -42.0570	  171.9460
5.569	 2.83	 1	 -43.3124	  172.9671
5.577	 2.32	 2	 -42.9677	  173.3910
5.584	 2.04	 1	 -42.3848	  173.8174
5.593	 2.23	 1	 -42.3472	  173.3826
5.613	 2.27	 1	 -42.5445	  172.9680
5.625	 2.07	 1	 -41.3347	  173.3452
5.634	 2.29	 1	 -42.1008	  173.6436
5.641	 2.06	 1	 -42.7317	  173.0945
5.652	 2.70	 1	 -43.0363	  174.7692
5.687	 2.02	 2	 -42.2348	  173.5383
5.731	 2.18	 1	 -41.7211	  176.3609
5.732	 2.49	 1	 -41.6136	  172.6115
5.755	 2.24	 2	 -42.0788	  171.9142
5.758	 3.02	 1	 -42.7432	  171.7950
5.760	 2.17	 1	 -44.0911	  173.6833
5.765	 2.07	 2	 -41.8100	  174.4502
5.780	 2.01	 1	 -40.8551	  170.5394
5.790	 2.00	 2	 -42.6716	  172.7968
5.802	 3.10	 1	 -42.7557	  172.4370
5.805	 2.24	 1	 -42.5831	  174.3772
5.844	 2.53	 1	 -42.3510	  173.5124
5.844	 2.11	 1	 -42.5750	  174.1796
5.850	 2.39	 1	 -42.8804	  172.0499
5.874	 2.21	 1	 -42.8035	  172.6158
5.889	 2.48	 1	 -41.9409	  173.6540
5.902	 2.36	 1	 -43.0626	  172.0907
5.935	 2.55	 1	 -41.9720	  173.7575
5.937	 2.25	 1	 -45.1670	  173.9756
5.938	 2.13	 1	 -42.4180	  174.0059
5.961	 2.15	 1	 -42.6413	  173.2951
5.970	 2.36	 1	 -42.2753	  173.5597
5.982	 2.08	 1	 -42.5655	  172.8358
6.032	 2.06	 1	 -43.0978	  171.7949
6.041	 2.12	 2	 -42.2017	  173.0472
6.058	 2.38	 1	 -42.1783	  173.5552
6.069	 2.10	 1	 -42.4519	  175.0893
6.103	 2.13	 1	 -41.6178	  174.3239
6.126	 2.63	 1	 -44.7143	  167.5576
6.167	 2.07	 1	 -41.7956	  174.2012
6.170	 2.88	 1	 -42.1832	  173.9662
6.184	 2.24	 1	 -41.9597	  172.8092
6.188	 2.38	 1	 -41.9574	  179.0576
6.195	 3.18	 2	 -42.4917	  173.1159
6.222	 2.27	 1	 -40.9277	  173.2596
6.261	 2.33	 1	 -41.9802	  173.7800
6.263	 2.13	 1	 -42.5719	  173.8500
6.296	 2.44	 1	 -40.4379	  170.9787
6.296	 2.05	 1	 -41.6676	  174.2396
6.306	 3.45	 1	 -42.5408	  173.5002
6.312	 2.26	 1	 -42.1743	  173.6469
6.317	 2.29	 1	 -42.0369	  172.8592
6.338	 4.30	 1	 -42.1665	  174.6560
6.344	 2.46	 1	 -42.0359	  173.6715
6.359	 2.02	 2	 -42.1712	  174.6582
6.394	 2.35	 1	 -42.1962	  173.2490
6.414	 2.04	 2	 -42.8092	  173.4634
6.420	 2.00	 1	 -39.2618	  178.1020
6.441	 2.64	 2	 -42.9513	  178.1826
6.460	 2.49	 1	 -43.6792	  173.4282
6.463	 2.38	 1	 -42.0022	  173.7449
6.479	 2.03	 1	 -42.4962	  173.5362
6.513	 2.01	 1	 -42.4005	  173.7582
6.529	 2.02	 1	 -41.6897	  174.3239
6.558	 2.18	 2	 -42.1639	  174.6588
6.560	 2.60	 1	 -42.5418	  172.8369
6.560	 2.09	 1	 -42.4943	  172.4335
6.575	 2.12	 1	 -41.3679	  173.9012
6.594	 2.36	 1	 -42.8594	  172.3867
6.605	 2.57	 1	 -42.6521	  173.0174
6.607	 2.76	 2	 -40.4367	  170.9709
6.608	 3.17	 1	 -42.1322	  173.6141
6.608	 2.61	 1	 -41.7180	  174.2852
6.621	 2.22	 1	 -42.8864	  173.2865
6.643	 2.32	 1	 -41.5661	  174.3671
6.685	 2.26	 1	 -42.4900	  173.1437
6.696	 3.16	 1	 -41.7334	  174.1730
6.775	 2.35	 1	 -42.7917	  172.8839
6.788	 2.23	 2	 -42.8569	  172.9894
6.809	 2.10	 2	 -42.2115	  173.4747
6.812	 2.40	 2	 -42.1878	  174.6108
6.834	 2.30	 1	 -42.6791	  173.0092
6.856	 2.08	 1	 -41.6449	  174.1876
6.871	 2.17	 1	 -44.3035	  173.7681
6.895	 2.17	 1	 -43.1922	  172.9373
6.938	 2.61	 1	 -42.5572	  173.1132
6.991	 2.67	 1	 -41.7875	  174.2352
6.992	 2.24	 1	 -41.4715	  172.6495
7.020	 2.03	 1	 -41.5220	  178.1841
7.062	 2.55	 1	 -41.8484	  174.2576
7.096	 2.35	 1	 -42.1494	  173.5400
7.097	 2.56	 1	 -42.3509	  174.0504
7.106	 2.71	 1	 -42.6464	  173.0236
7.109	 2.44	 3	 -42.8257	  173.4526
7.113	 2.43	 1	 -42.8652	  172.8763
7.164	 2.84	 1	 -41.8861	  173.8285
7.168	 2.53	 1	 -42.7446	  172.7848
7.193	 2.50	 2	 -42.1544	  172.9955
7.196	 2.13	 1	 -42.0034	  173.8429
7.238	 2.40	 1	 -42.9700	  173.5051
7.239	 3.05	 1	 -42.1736	  173.4224
7.248	 2.93	 1	 -41.7013	  173.0503
7.253	 2.26	 1	 -42.2066	  173.7745
7.288	 2.91	 2	 -42.9505	  170.2993
7.294	 2.21	 1	 -41.6195	  174.1642
7.303	 2.25	 1	 -42.5751	  173.0010
7.304	 2.09	 1	 -38.2240	  172.3401
7.351	 3.10	 1	 -43.8814	  169.1707
7.379	 2.10	 2	 -42.0336	  171.9367
7.385	 2.14	 1	 -42.2811	  172.3740
7.386	 2.30	 2	 -41.9707	  171.6118
7.485	 4.37	 1	 -42.0513	  173.7469
7.490	 2.67	 1	 -43.0783	  171.6544
7.519	 2.74	 1	 -41.9504	  173.7110
7.535	 3.02	 2	 -41.7468	  174.1535
7.560	 2.67	 1	 -42.0367	  174.0202
7.572	 2.09	 1	 -42.2670	  172.9691
7.572	 2.14	 1	 -42.9846	  173.2325
7.575	 2.44	 1	 -42.3673	  173.5423
7.595	 2.75	 1	 -42.4848	  173.0720
7.603	 2.03	 1	 -42.8413	  173.4113
7.611	 2.14	 2	 -42.2763	  173.8345
7.614	 2.29	 1	 -42.0315	  173.9646
7.635	 2.69	 1	 -41.7642	  173.2373
7.641	 2.26	 1	 -42.3741	  173.6831
7.650	 2.00	 1	 -44.3272	  174.0409
7.665	 2.26	 2	 -41.7406	  174.3146
7.671	 2.28	 1	 -42.5273	  173.3381
7.682	 3.14	 1	 -42.5711	  173.8518
7.695	 2.19	 1	 -42.2601	  173.0564
7.711	 2.09	 1	 -42.4093	  173.8077
7.715	 2.25	 2	 -42.4814	  173.9191
7.734	 2.18	 1	 -42.6152	  173.3522
7.746	 2.04	 1	 -42.3143	  173.5131
7.773	 2.24	 1	 -41.9995	  173.6497
7.778	 2.33	 2	 -42.8530	  173.2893
7.817	 2.03	 1	 -42.8236	  174.4129
7.823	 2.03	 3	 -42.3853	  173.6936
7.830	 2.00	 1	 -41.9577	  174.4283
7.859	 2.11	 2	 -42.8494	  173.2698
7.883	 2.40	 1	 -42.6045	  173.5689
7.890	 2.09	 1	 -42.4085	  173.4503
7.939	 2.27	 1	 -42.1732	  173.5664
7.971	 2.08	 1	 -42.4747	  173.2423
8.027	 2.84	 1	 -42.6500	  172.9125
8.032	 2.21	 1	 -42.1232	  173.5671
8.039	 3.20	 1	 -42.1411	  173.0214
8.066	 2.60	 1	 -42.3631	  173.1275
8.113	 2.57	 1	 -42.1669	  173.7540
8.143	 2.21	 2	 -41.7410	  174.3870
8.165	 2.12	 1	 -41.7703	  174.4523
8.195	 2.03	 2	 -41.6471	  174.4000
8.205	 2.32	 1	 -42.6434	  172.9614
8.231	 3.20	 1	 -41.2797	  167.2141
8.261	 2.87	 1	 -42.2521	  173.6022
8.287	 2.03	 1	 -41.9521	  173.4293
8.314	 2.34	 1	 -42.1936	  173.6400
8.319	 2.12	 1	 -41.8710	  173.5090
8.332	 2.23	 1	 -42.4479	  171.9607
8.337	 2.16	 1	 -42.1263	  174.7504
8.338	 2.72	 1	 -43.2420	  173.2029
8.442	 2.05	 1	 -42.3938	  173.1315
8.448	 3.86	 1	 -41.6119	  174.7838
8.484	 2.04	 1	 -41.4851	  174.0884
8.524	 2.21	 2	 -42.4686	  173.1875
8.538	 3.52	 1	 -42.5416	  174.0211
8.540	 2.13	 1	 -43.4073	  172.6806
8.541	 2.33	 1	 -42.5670	  172.7962
8.549	 2.53	 1	 -44.0678	  178.8468
8.563	 2.39	 1	 -42.1365	  173.6412
8.585	 2.14	 2	 -42.5010	  173.6831
8.594	 2.02	 1	 -41.9687	  174.1438
8.604	 2.18	 1	 -42.2476	  173.6501
8.606	 2.07	 1	 -41.0436	  168.2350
8.634	 2.19	 1	 -41.7755	  174.2744
8.639	 2.07	 1	 -43.1743	  173.0496
8.654	 2.58	 2	 -42.0303	  173.7458
8.673	 2.09	 1	 -42.6426	  172.9553
8.681	 2.10	 1	 -42.3345	  173.6834
8.706	 2.31	 1	 -42.3262	  173.5742
8.749	 2.80	 1	 -42.2478	  173.4770
8.774	 2.09	 1	 -39.5326	  177.3746
8.808	 2.11	 1	 -41.4047	  173.1277
8.816	 3.09	 1	 -41.8341	  174.3322
8.823	 2.04	 1	 -40.3257	  172.3624
8.913	 2.33	 1	 -41.9232	  173.6803
8.924	 2.19	 1	 -42.7565	  173.1562
8.949	 2.41	 1	 -42.5303	  173.7805
8.968	 2.09	 1	 -46.6998	  175.7975
8.977	 2.70	 1	 -42.6303	  172.9684
8.980	 2.34	 1	 -42.6860	  172.8801
9.044	 2.34	 1	 -41.9772	  173.7215
9.051	 2.45	 1	 -42.8976	  172.9035
9.081	 2.36	 1	 -42.4131	  173.6896
9.155	 2.15	 1	 -41.9921	  173.6390
9.181	 2.58	 2	 -42.8488	  173.3295
9.216	 2.07	 1	 -42.4766	  172.8586
9.220	 2.71	 3	 -42.2492	  173.6526
9.227	 2.36	 1	 -42.8602	  172.7273
9.242	 2.42	 1	 -41.9923	  173.7951
9.337	 2.11	 1	 -42.6135	  173.1998
9.434	 2.63	 1	 -42.1808	  172.5587
9.438	 2.44	 1	 -41.7705	  174.2133
9.446	 2.03	 1	 -42.2252	  173.5739
9.469	 2.11	 1	 -41.7998	  174.3166
9.502	 3.00	 1	 -42.0251	  173.7557
9.507	 2.08	 1	 -41.9316	  172.6192
9.533	 2.16	 1	 -42.9316	  173.5120
9.563	 2.32	 1	 -42.9911	  173.2118
9.574	 2.44	 1	 -42.4182	  173.2656
9.633	 3.54	 2	 -41.5974	  174.7663
9.641	 2.52	 2	 -42.0709	  171.4502
9.667	 3.01	 1	 -41.9956	  173.7061
9.675	 2.06	 1	 -43.4172	  171.8157
9.724	 2.09	 1	 -43.8421	  171.8744
9.735	 2.60	 1	 -42.7759	  172.7595
9.789	 2.75	 1	 -41.7905	  174.1789
9.799	 2.79	 1	 -41.9200	  173.8407
9.828	 2.36	 2	 -42.2560	  173.5031
9.855	 2.03	 1	 -42.9368	  172.4140
9.894	 2.79	 1	 -41.9419	  173.8316
9.899	 2.12	 1	 -43.0112	  173.4163
9.899	 2.21	 1	 -42.3064	  173.5939
9.901	 3.06	 1	 -42.5586	  173.1876
9.949	 2.21	 1	 -41.7975	  174.5060
9.973	 2.51	 1	 -42.6370	  173.2681
9.989	 2.71	 1	 -43.2834	  173.4570
10.001	 2.30	 2	 -42.3941	  173.7253
10.001	 2.58	 1	 -42.2344	  173.2541
10.024	 2.08	 1	 -43.0216	  172.1258
10.043	 2.34	 1	 -42.0994	  173.3753
10.059	 2.09	 2	 -42.1978	  173.9372
10.088	 2.33	 1	 -42.0665	  174.3737
10.146	 2.03	 1	 -42.6650	  172.9777
10.175	 2.16	 2	 -42.8179	  173.4941
10.192	 2.73	 1	 -42.0015	  173.5967
10.203	 2.25	 1	 -42.6408	  172.8163
10.244	 2.35	 1	 -42.5033	  173.1628
10.261	 2.43	 1	 -42.7344	  172.9892
10.277	 2.06	 1	 -42.4169	  173.7207
10.306	 2.21	 1	 -42.1191	  173.5807
10.316	 2.75	 2	 -42.0429	  173.7542
10.330	 2.63	 2	 -42.1674	  174.6827
10.333	 2.82	 1	 -42.1053	  173.6249
10.341	 2.09	 1	 -42.4303	  173.7018
10.343	 3.25	 1	 -42.9614	  172.8782
10.388	 2.43	 1	 -42.4268	  173.5371
10.389	 2.30	 1	 -41.3849	  173.2599
10.455	 2.02	 1	 -41.7873	  174.1155
10.495	 2.01	 1	 -42.5900	  173.3331
10.500	 2.11	 1	 -42.2573	  173.4401
10.534	 2.28	 1	 -42.1390	  173.5860
10.546	 2.91	 1	 -47.1135	  174.1396
10.557	 2.15	 1	 -38.1980	  173.2097
10.572	 2.41	 1	 -42.9552	  173.0821
10.600	 2.59	 2	 -42.9388	  172.6212
10.663	 2.43	 1	 -42.7616	  173.0069
10.683	 2.35	 3	 -42.7598	  173.2968
10.686	 2.30	 1	 -42.8136	  173.1573
10.916	 2.18	 2	 -42.3208	  173.6730
10.953	 2.25	 1	 -42.7664	  173.3041
10.961	 2.41	 1	 -42.2244	  173.5141
10.976	 3.27	 1	 -42.1858	  173.5620
11.001	 2.80	 2	 -42.1870	  173.5782
11.011	 2.51	 1	 -40.1868	  175.7769
11.026	 3.09	 2	 -41.9742	  173.7159
11.059	 2.19	 1	 -41.9672	  173.9791
11.122	 2.14	 1	 -41.8663	  174.1779
11.145	 2.38	 1	 -42.5455	  173.2453
11.257	 2.21	 1	 -42.1735	  173.5176
11.337	 2.27	 1	 -42.2686	  173.6246
11.345	 2.85	 1	 -42.1650	  173.6455
11.359	 2.09	 1	 -42.2056	  174.2343
11.394	 2.24	 1	 -42.7106	  173.6021
11.402	 2.58	 1	 -42.2272	  173.7668
11.407	 2.88	 1	 -42.6626	  173.1690
11.427	 2.48	 1	 -41.9927	  173.6389
11.428	 2.11	 1	 -42.2373	  173.5315
11.488	 2.73	 1	 -42.5523	  172.9507
11.493	 2.42	 1	 -42.1372	  173.5851
11.528	 2.33	 1	 -42.1344	  173.5559
11.533	 2.07	 1	 -42.8888	  173.1194
11.600	 2.74	 1	 -42.7075	  173.1765
11.640	 2.58	 1	 -41.9566	  172.6132
11.694	 2.36	 1	 -42.2526	  172.8640
11.717	 2.56	 1	 -42.4470	  173.7120
11.720	 2.21	 1	 -40.6842	  179.3687
11.745	 2.44	 1	 -39.5084	  168.9462
11.758	 3.17	 1	 -42.0996	  174.0494
11.778	 2.37	 1	 -40.0202	  174.2252
11.824	 2.18	 2	 -42.5128	  173.2146
11.865	 2.04	 1	 -42.2965	  172.5193
11.867	 2.27	 1	 -42.0382	  173.4966
11.867	 2.19	 2	 -39.5494	  168.9433
11.874	 2.08	 1	 -44.3155	  167.3167
11.887	 2.49	 1	 -42.3439	  172.7152
11.907	 2.19	 1	 -42.9214	  173.4813
11.918	 2.23	 1	 -42.6113	  173.1451
11.930	 2.22	 1	 -41.7042	  174.3395
11.973	 2.92	 2	 -42.1856	  174.6428
12.049	 2.13	 1	 -42.8607	  173.1539
12.052	 2.11	 1	 -42.8293	  172.7189
12.085	 2.29	 1	 -41.6765	  174.2590
12.103	 2.26	 1	 -44.5643	  172.3393
12.118	 2.53	 1	 -42.5616	  173.1021
12.126	 2.13	 1	 -42.6977	  173.3464
12.191	 2.68	 1	 -42.4734	  173.3286
12.199	 2.24	 1	 -42.7286	  172.7214
12.201	 2.80	 1	 -42.0622	  173.3884
12.206	 3.45	 1	 -42.4042	  173.7965
12.237	 3.62	 1	 -42.1226	  173.5290
12.293	 2.23	 1	 -41.9265	  174.0204
12.327	 2.23	 1	 -42.3718	  172.7303
12.328	 2.58	 2	 -42.5638	  173.0884
12.372	 2.04	 2	 -42.7087	  172.8239
12.410	 2.02	 1	 -42.4121	  173.7270
12.432	 2.68	 1	 -42.4054	  173.7597
12.506	 2.23	 1	 -42.4367	  172.7801
12.512	 2.39	 1	 -42.1567	  175.3162
12.517	 2.65	 1	 -42.1164	  173.6041
12.543	 2.68	 2	 -42.0394	  171.9496
12.601	 2.20	 2	 -42.4656	  173.2132
12.617	 2.50	 2	 -41.7102	  174.2933
12.620	 2.12	 1	 -42.1051	  173.8978
12.646	 2.60	 1	 -42.4470	  173.1154
12.698	 2.41	 1	 -42.4817	  173.7555
12.698	 2.04	 1	 -42.2393	  173.6435
12.700	 2.30	 1	 -42.7487	  173.2314
12.718	 2.04	 1	 -43.1342	  172.2989
12.808	 2.01	 1	 -42.3128	  174.7103
12.839	 2.06	 1	 -42.3154	  173.5341
12.881	 2.23	 1	 -46.0586	  175.8575
12.900	 2.14	 1	 -42.1433	  173.8225
12.908	 2.39	 1	 -42.5587	  173.2080
12.967	 2.38	 1	 -38.2670	  174.1055
13.037	 2.49	 1	 -42.3066	  172.2876
13.112	 2.22	 1	 -42.9307	  173.0359
13.149	 3.10	 1	 -42.1638	  173.6147
13.174	 2.16	 1	 -42.2662	  172.2588
13.210	 2.02	 1	 -41.8779	  173.7661
13.242	 2.54	 1	 -42.2117	  173.6227
13.286	 2.10	 1	 -41.6612	  174.2640
13.331	 3.11	 1	 -42.3731	  173.8418
13.338	 2.02	 1	 -45.4561	  172.6441
13.373	 2.09	 1	 -41.9106	  173.9643
13.435	 2.21	 1	 -42.1967	  171.7391
13.500	 2.23	 2	 -42.1015	  171.9757
13.516	 2.58	 1	 -42.6202	  172.8843
13.600	 2.41	 1	 -41.7773	  174.2169
13.610	 2.31	 1	 -42.7064	  172.6785
13.675	 2.40	 1	 -42.6743	  175.3701
13.693	 2.87	 1	 -42.7132	  173.1361
13.711	 3.47	 1	 -41.9486	  173.6617
13.713	 4.08	 1	 -42.1375	  173.8083
13.771	 2.68	 1	 -43.1526	  172.9554
13.832	 2.19	 1	 -43.4247	  175.0545
13.835	 2.01	 1	 -41.8034	  173.2529
13.847	 2.09	 1	 -42.2682	  173.0883
13.944	 3.62	 1	 -41.6937	  174.1792
14.032	 2.34	 1	 -42.7941	  173.0544
14.049	 2.07	 1	 -42.5534	  172.8285
14.056	 2.07	 2	 -41.7522	  174.1782
14.079	 2.14	 1	 -43.3673	  173.1072
14.084	 2.65	 1	 -44.6732	  175.0237
14.130	 2.07	 1	 -42.1565	  173.5495
14.178	 2.18	 1	 -43.3357	  173.2527
14.190	 2.01	 2	 -41.6787	  174.1860
14.226	 2.39	 1	 -42.0213	  173.7600
14.239	 2.25	 1	 -42.1501	  173.4658
14.291	 2.33	 1	 -42.4267	  173.7513
14.322	 2.49	 1	 -42.8865	  173.1955
14.338	 2.18	 2	 -42.1502	  173.8338
14.343	 2.10	 1	 -42.1290	  173.5889
14.345	 2.43	 1	 -42.4637	  173.4279
14.393	 2.08	 1	 -42.3501	  173.2334
14.429	 2.29	 1	 -42.0163	  173.7805
