# Simulation 222
# RelativeTime(days) Magnitude Generation Latitude Longitude
Time Mag Gen Lat Lon
0.083	 2.11	 1	 -42.2265	  173.7047
0.084	 2.06	 1	 -42.0785	  172.9963
0.084	 2.16	 1	 -41.7577	  174.2326
0.084	 2.62	 1	 -42.4252	  172.9537
0.085	 2.52	 1	 -42.2223	  173.7952
0.085	 2.38	 1	 -40.1401	  167.9855
0.085	 2.02	 1	 -41.7265	  174.3039
0.085	 2.04	 1	 -43.2639	  173.7964
0.085	 2.08	 1	 -42.4813	  173.0547
0.085	 2.04	 1	 -42.6336	  172.9609
0.086	 3.12	 1	 -42.3998	  173.1335
0.086	 2.09	 1	 -42.5544	  173.1073
0.086	 2.21	 1	 -41.5061	  172.7551
0.086	 2.20	 1	 -42.6395	  172.8678
0.086	 2.56	 1	 -42.6680	  173.0250
0.086	 2.76	 1	 -42.4580	  173.5290
0.086	 2.23	 1	 -42.5282	  173.0513
0.087	 3.77	 1	 -42.5393	  173.1160
0.087	 3.07	 1	 -41.8642	  174.1648
0.087	 2.34	 1	 -41.7811	  174.4209
0.087	 2.74	 1	 -42.1929	  173.6545
0.087	 2.16	 1	 -42.9393	  172.4223
0.088	 2.46	 1	 -42.1100	  173.4564
0.088	 2.24	 1	 -42.7695	  172.8495
0.088	 2.23	 1	 -41.7813	  174.2327
0.088	 2.00	 1	 -42.7461	  172.9241
0.089	 2.34	 1	 -42.1282	  173.5281
0.089	 2.13	 1	 -42.4056	  173.7534
0.089	 2.19	 1	 -42.1029	  173.5491
0.089	 2.02	 1	 -42.5133	  173.1816
0.090	 2.16	 1	 -42.7407	  173.0093
0.090	 2.42	 1	 -41.7830	  173.9972
0.090	 3.06	 1	 -42.4463	  173.3486
0.090	 2.33	 1	 -42.5729	  173.1040
0.091	 2.08	 1	 -42.3024	  173.9297
0.091	 2.54	 1	 -42.4332	  173.1995
0.091	 2.61	 1	 -41.6696	  174.2447
0.091	 2.19	 1	 -42.9296	  173.0861
0.092	 2.34	 1	 -42.6563	  172.9253
0.092	 2.91	 1	 -42.5809	  173.1050
0.092	 2.33	 1	 -42.0285	  173.7762
0.092	 2.06	 1	 -40.4032	  176.3224
0.092	 3.08	 1	 -41.9243	  173.9097
0.092	 2.25	 1	 -42.2866	  171.4443
0.092	 2.37	 1	 -42.1436	  173.8346
0.092	 2.20	 1	 -42.1679	  173.5225
0.092	 2.46	 1	 -42.3001	  173.4599
0.093	 3.20	 1	 -42.2947	  173.7261
0.093	 2.48	 1	 -41.8047	  174.2663
0.093	 2.45	 1	 -41.8971	  173.9030
0.093	 2.35	 1	 -42.2156	  173.5015
0.094	 2.35	 1	 -42.1603	  173.5974
0.094	 2.07	 1	 -41.8173	  172.8177
0.094	 2.50	 1	 -41.8238	  174.2950
0.094	 2.47	 1	 -42.1984	  172.7055
0.095	 2.33	 1	 -41.9641	  173.7834
0.095	 2.47	 1	 -41.2698	  167.2186
0.095	 3.02	 1	 -42.5245	  172.9958
0.095	 2.13	 1	 -42.1759	  173.5139
0.095	 3.45	 1	 -42.8890	  174.4050
0.095	 2.93	 1	 -41.7888	  174.2131
0.095	 3.01	 1	 -42.2239	  174.4106
0.095	 2.08	 1	 -41.8413	  174.0904
0.095	 2.25	 1	 -42.0215	  173.6722
0.096	 2.01	 1	 -42.2676	  173.7489
0.096	 2.80	 1	 -41.9394	  174.0708
0.097	 2.03	 1	 -42.6533	  173.1331
0.097	 3.25	 1	 -42.4945	  173.1442
0.097	 2.36	 1	 -41.9357	  174.2317
0.097	 2.33	 1	 -41.9349	  173.0084
0.098	 2.23	 1	 -41.7053	  174.3664
0.099	 2.07	 1	 -41.8119	  174.0179
0.099	 2.36	 1	 -42.4295	  173.9225
0.099	 2.21	 1	 -42.1586	  173.8221
0.100	 2.20	 1	 -42.6272	  172.5496
0.100	 2.01	 1	 -42.7222	  172.9480
0.100	 2.54	 1	 -42.7242	  173.2934
0.101	 2.66	 1	 -42.3547	  172.6211
0.101	 2.23	 1	 -42.6430	  172.9850
0.102	 2.08	 1	 -42.7837	  172.4790
0.102	 3.16	 1	 -43.1597	  172.7726
0.102	 2.90	 1	 -42.7449	  172.9313
0.103	 2.89	 1	 -42.3468	  173.8768
0.104	 3.09	 1	 -42.1752	  173.5237
0.104	 4.66	 1	 -42.2902	  173.5065
0.104	 2.24	 1	 -42.4245	  172.7637
0.104	 2.59	 1	 -41.8768	  173.8806
0.104	 2.24	 1	 -41.9380	  173.7163
0.105	 2.25	 1	 -42.1873	  174.1203
0.105	 2.01	 1	 -41.7064	  174.2417
0.105	 2.21	 1	 -41.6608	  167.0676
0.106	 2.53	 1	 -41.7301	  174.2058
0.106	 3.58	 1	 -42.2039	  173.8582
0.106	 2.68	 1	 -42.2849	  173.9473
0.107	 2.26	 1	 -41.5510	  173.7638
0.107	 2.34	 1	 -42.3200	  174.8742
0.107	 2.91	 1	 -42.5081	  173.1023
0.107	 2.30	 1	 -42.6075	  172.9541
0.107	 2.23	 1	 -42.3132	  173.7627
0.108	 2.05	 1	 -42.7235	  172.9539
0.108	 2.26	 1	 -41.8613	  173.4444
0.108	 2.25	 1	 -40.6479	  173.7790
0.108	 2.73	 1	 -42.7106	  172.5324
0.108	 2.92	 1	 -42.6020	  172.9336
0.108	 2.19	 1	 -42.8342	  173.1701
0.109	 2.35	 1	 -42.1663	  173.7299
0.109	 3.05	 1	 -42.1455	  173.8794
0.109	 2.14	 1	 -41.8173	  174.5809
0.109	 2.78	 1	 -42.0629	  173.6986
0.109	 2.27	 1	 -42.5692	  171.9778
0.109	 2.02	 1	 -42.0195	  173.0165
0.109	 2.46	 1	 -42.0200	  173.6452
0.110	 3.38	 1	 -42.6231	  172.7446
0.110	 2.26	 1	 -41.7980	  174.1214
0.110	 2.60	 1	 -41.4879	  174.2592
0.110	 2.35	 1	 -42.6534	  173.1436
0.111	 2.41	 1	 -42.2562	  173.6821
0.112	 2.21	 1	 -43.2686	  173.2447
0.112	 2.18	 1	 -42.4165	  173.8238
0.112	 2.21	 1	 -42.1528	  173.6152
0.112	 2.03	 1	 -42.3860	  171.6681
0.112	 2.23	 1	 -42.0648	  173.7405
0.113	 2.46	 1	 -42.6154	  172.8484
0.113	 2.52	 1	 -41.6650	  174.3415
0.113	 2.38	 1	 -42.8023	  172.7542
0.113	 2.41	 1	 -42.2928	  173.1473
0.114	 3.49	 1	 -42.2362	  172.9165
0.114	 2.14	 1	 -42.1754	  173.6430
0.114	 2.27	 1	 -41.7180	  174.2552
0.114	 2.27	 1	 -41.9962	  173.7259
0.115	 2.14	 1	 -41.7824	  174.0117
0.115	 2.20	 1	 -42.1242	  173.7131
0.115	 2.09	 1	 -42.6304	  173.1478
0.115	 3.30	 2	 -42.3936	  173.3436
0.115	 2.16	 1	 -42.8004	  173.0057
0.115	 2.10	 1	 -42.3230	  173.6123
0.115	 2.44	 1	 -42.2616	  173.5538
0.115	 2.60	 1	 -41.7753	  174.3996
0.116	 2.06	 1	 -41.7976	  174.0193
0.116	 2.18	 1	 -42.0536	  173.8082
0.116	 2.09	 1	 -42.0190	  173.5971
0.116	 2.02	 1	 -42.1351	  173.5678
0.116	 2.16	 1	 -42.3492	  173.8310
0.117	 2.23	 1	 -42.4453	  173.1518
0.117	 2.19	 1	 -42.1374	  173.9768
0.117	 2.28	 1	 -41.9816	  173.7258
0.117	 2.98	 1	 -42.5238	  173.3607
0.117	 2.10	 1	 -42.8982	  172.4396
0.117	 3.43	 1	 -42.7047	  172.9545
0.117	 2.45	 1	 -42.7852	  174.6337
0.117	 2.77	 1	 -42.2789	  173.5710
0.117	 2.82	 1	 -42.3945	  173.2683
0.118	 2.48	 1	 -42.5283	  173.5426
0.118	 2.72	 1	 -42.3034	  173.7557
0.118	 2.10	 1	 -42.0827	  173.5658
0.118	 2.20	 1	 -42.3888	  173.3148
0.119	 2.16	 1	 -42.5878	  172.9372
0.119	 2.14	 1	 -41.5720	  174.4174
0.120	 2.12	 1	 -42.2412	  173.9341
0.120	 2.06	 1	 -42.4278	  173.5380
0.120	 2.91	 1	 -41.9899	  173.6146
0.120	 3.49	 1	 -41.8246	  173.9280
0.121	 2.10	 1	 -42.5105	  173.3779
0.121	 2.67	 1	 -41.7267	  174.2818
0.122	 2.05	 1	 -41.6933	  174.2439
0.122	 2.02	 1	 -42.7282	  173.1218
0.122	 2.35	 1	 -42.5299	  173.2869
0.122	 2.04	 1	 -42.1493	  173.6541
0.122	 2.41	 1	 -43.4947	  172.4728
0.122	 2.67	 1	 -42.1625	  173.6098
0.123	 2.03	 1	 -42.5364	  173.6551
0.124	 2.24	 1	 -42.7834	  172.8270
0.124	 3.56	 1	 -42.7760	  173.2360
0.124	 2.01	 1	 -42.7764	  172.9364
0.124	 2.87	 1	 -42.7281	  172.6563
0.124	 2.10	 1	 -42.0476	  173.7075
0.125	 2.14	 1	 -41.7273	  174.1692
0.125	 2.30	 1	 -39.0694	  176.5238
0.125	 3.66	 1	 -42.5550	  173.8181
0.125	 2.16	 1	 -43.0861	  172.8715
0.126	 2.52	 1	 -41.8603	  174.1693
0.126	 2.37	 1	 -41.7164	  174.3363
0.126	 4.58	 1	 -42.6300	  173.3819
0.127	 2.57	 1	 -42.7557	  173.2955
0.127	 2.16	 1	 -41.8831	  170.2846
0.127	 2.44	 1	 -42.2471	  171.1400
0.128	 2.34	 1	 -42.5929	  172.1240
0.128	 3.09	 1	 -41.7584	  174.0108
0.128	 2.56	 1	 -42.5147	  172.8448
0.128	 2.49	 1	 -41.9371	  173.8077
0.128	 2.52	 1	 -41.6787	  174.0395
0.128	 2.32	 1	 -42.7353	  173.0455
0.128	 2.42	 1	 -42.3655	  172.8817
0.128	 2.27	 1	 -42.6755	  172.7524
0.128	 2.18	 1	 -42.5410	  173.1514
0.129	 2.09	 1	 -42.0355	  173.6803
0.129	 2.33	 1	 -42.2247	  173.0314
0.129	 2.21	 1	 -42.5634	  173.3599
0.129	 2.13	 1	 -42.1553	  173.5379
0.129	 2.51	 1	 -42.1318	  173.8510
0.129	 2.38	 1	 -42.3696	  174.1138
0.129	 2.61	 1	 -42.6365	  173.3281
0.130	 2.89	 1	 -41.8505	  174.0162
0.130	 2.26	 1	 -42.3496	  173.8398
0.131	 2.01	 2	 -42.5164	  173.9809
0.131	 2.89	 1	 -42.5309	  173.6601
0.131	 2.18	 2	 -42.6543	  173.3720
0.131	 2.14	 1	 -42.5347	  173.0658
0.131	 2.19	 1	 -42.1778	  173.8296
0.132	 3.69	 1	 -43.1923	  173.1975
0.133	 2.10	 1	 -42.4646	  173.1350
0.133	 2.40	 1	 -42.2472	  173.5719
0.133	 2.04	 1	 -42.5111	  172.4366
0.133	 2.54	 1	 -42.2536	  173.7292
0.133	 2.36	 1	 -42.7150	  172.7971
0.134	 2.92	 1	 -42.4916	  172.6900
0.134	 2.44	 1	 -42.2961	  173.3666
0.134	 2.19	 1	 -42.2031	  173.7138
0.136	 2.15	 1	 -42.5468	  173.6072
0.136	 2.07	 1	 -42.8499	  172.8768
0.136	 2.95	 1	 -42.5515	  173.1071
0.136	 3.36	 1	 -39.8135	  174.6669
0.137	 2.01	 1	 -42.1835	  173.6131
0.137	 2.74	 1	 -42.7077	  173.2600
0.137	 2.41	 1	 -42.0880	  173.5307
0.137	 2.51	 1	 -41.8390	  174.2301
0.137	 2.94	 1	 -42.2610	  173.7703
0.137	 2.01	 2	 -42.6151	  173.4070
0.137	 2.15	 1	 -43.0643	  173.3153
0.137	 2.07	 1	 -42.0098	  171.8971
0.138	 2.69	 1	 -41.7922	  174.1543
0.138	 3.66	 1	 -41.7757	  174.3928
0.138	 2.66	 1	 -41.9302	  173.5921
0.138	 3.04	 1	 -42.3437	  173.8942
0.139	 2.27	 1	 -42.7577	  172.3896
0.139	 2.07	 1	 -41.6873	  174.2279
0.139	 2.46	 1	 -42.5426	  172.9596
0.140	 2.12	 1	 -42.6580	  173.4752
0.140	 2.45	 1	 -42.1557	  172.3718
0.141	 2.55	 1	 -41.9375	  174.0455
0.141	 2.33	 1	 -42.7534	  172.9251
0.141	 2.05	 1	 -41.6961	  174.3774
0.141	 2.16	 1	 -41.8113	  174.2008
0.141	 2.15	 1	 -42.8211	  172.9260
0.141	 2.17	 1	 -41.9083	  173.9012
0.142	 2.17	 1	 -42.6418	  173.7004
0.143	 2.32	 1	 -42.6234	  173.1412
0.143	 2.27	 1	 -42.5896	  172.8887
0.143	 2.60	 1	 -41.6791	  174.2729
0.143	 2.53	 1	 -42.7761	  170.8909
0.143	 2.35	 1	 -41.9857	  173.7116
0.143	 2.15	 1	 -42.4791	  172.6547
0.143	 2.02	 1	 -42.2306	  173.7929
0.143	 2.27	 1	 -41.7845	  174.0052
0.144	 2.17	 1	 -42.4127	  173.0926
0.145	 2.01	 1	 -42.0178	  173.7599
0.145	 2.08	 1	 -42.9041	  172.9728
0.145	 2.57	 1	 -41.9876	  173.6894
0.145	 2.12	 2	 -42.2930	  173.4876
0.146	 2.49	 1	 -41.9113	  173.3743
0.147	 2.29	 1	 -42.6602	  173.1674
0.147	 2.05	 1	 -42.3360	  173.6527
0.148	 2.38	 1	 -46.3584	  169.4794
0.148	 2.07	 1	 -42.2783	  173.7652
0.148	 2.48	 1	 -42.3793	  173.8023
0.149	 2.05	 1	 -42.7034	  173.1521
0.150	 2.72	 1	 -42.5618	  173.1375
0.150	 2.02	 1	 -41.7622	  174.3769
0.151	 2.59	 1	 -42.2188	  173.6049
0.151	 2.23	 1	 -41.7482	  174.7749
0.152	 2.28	 1	 -42.2505	  173.8014
0.152	 2.18	 1	 -42.2654	  173.6206
0.153	 2.28	 1	 -42.2757	  173.7035
0.154	 2.05	 1	 -42.2945	  173.8214
0.154	 2.83	 2	 -41.7974	  174.1930
0.154	 2.70	 1	 -41.6373	  171.9546
0.154	 2.46	 1	 -41.6423	  173.9582
0.154	 2.72	 1	 -41.8137	  174.2096
0.155	 2.10	 1	 -41.5270	  175.8063
0.155	 2.09	 1	 -42.1219	  173.5779
0.156	 2.40	 1	 -42.6279	  172.9451
0.156	 2.36	 1	 -42.2564	  173.5942
0.156	 2.17	 2	 -42.3315	  173.5170
0.156	 2.75	 1	 -42.7448	  173.2136
0.156	 3.81	 1	 -41.8746	  173.3277
0.157	 2.31	 1	 -41.8002	  174.1866
0.157	 2.66	 1	 -42.8287	  172.6079
0.158	 2.65	 1	 -39.4764	  168.7465
0.158	 2.38	 1	 -43.9531	  178.8946
0.158	 2.27	 1	 -42.0510	  173.7466
0.159	 2.34	 1	 -42.2594	  172.9967
0.159	 2.01	 1	 -42.3856	  173.9639
0.159	 2.94	 1	 -42.5346	  173.3099
0.159	 2.32	 1	 -42.4419	  173.8061
0.160	 2.36	 1	 -42.1852	  173.8024
0.160	 2.71	 1	 -42.6059	  172.9204
0.161	 2.15	 1	 -42.0390	  173.6878
0.162	 2.01	 1	 -41.7399	  174.2346
0.162	 2.13	 1	 -42.0589	  173.7903
0.162	 3.26	 1	 -41.7704	  174.0995
0.163	 2.16	 1	 -42.4223	  173.8079
0.163	 2.16	 1	 -42.2409	  173.6955
0.163	 2.13	 1	 -42.1530	  173.8451
0.163	 2.01	 1	 -42.0983	  173.8038
0.164	 2.64	 1	 -42.4745	  173.0986
0.164	 2.13	 1	 -41.7385	  174.1953
0.164	 2.02	 1	 -42.0100	  174.0804
0.164	 2.56	 1	 -42.2738	  173.1769
0.165	 3.19	 1	 -42.4906	  173.0613
0.165	 2.10	 1	 -42.8320	  173.2067
0.166	 2.13	 1	 -42.1856	  173.4574
0.167	 2.19	 1	 -43.1982	  174.5436
0.167	 2.14	 1	 -42.2093	  173.6598
0.167	 2.08	 1	 -42.1734	  173.7988
0.167	 2.18	 1	 -42.9154	  172.9868
0.168	 2.06	 1	 -41.9922	  174.0688
0.169	 2.26	 1	 -42.6960	  173.1249
0.169	 3.13	 1	 -41.6333	  174.3573
0.169	 2.28	 1	 -42.8070	  173.2238
0.169	 2.08	 1	 -42.3760	  172.7389
0.169	 2.04	 1	 -42.8224	  173.3900
0.170	 2.83	 1	 -42.1577	  173.4811
0.170	 2.14	 1	 -42.4725	  172.4713
0.170	 2.46	 1	 -42.3890	  172.9551
0.170	 2.48	 1	 -41.9985	  173.7502
0.171	 2.02	 1	 -42.3774	  173.5198
0.171	 2.38	 1	 -41.9010	  173.7187
0.172	 3.49	 1	 -42.5204	  173.3649
0.172	 2.87	 1	 -42.3073	  173.8175
0.172	 2.11	 1	 -41.9753	  173.5603
0.173	 2.01	 1	 -41.7012	  174.3211
0.173	 2.02	 1	 -41.2476	  173.8670
0.173	 2.29	 2	 -42.2662	  173.4828
0.174	 2.04	 1	 -42.2600	  173.4568
0.174	 2.23	 1	 -42.5219	  173.1562
0.174	 2.41	 1	 -41.3104	  172.5666
0.175	 2.25	 1	 -41.4636	  173.9857
0.176	 2.10	 1	 -40.3516	  174.2826
0.176	 2.22	 1	 -41.9088	  174.8457
0.176	 2.57	 1	 -41.9237	  173.7151
0.176	 2.27	 1	 -42.2442	  173.6702
0.177	 2.34	 1	 -41.1244	  178.7559
0.177	 2.01	 1	 -42.4370	  173.3299
0.178	 2.04	 1	 -42.8582	  172.7681
0.178	 2.29	 1	 -42.5701	  169.2170
0.179	 2.49	 1	 -42.7778	  171.9840
0.179	 2.79	 1	 -42.3439	  173.4792
0.179	 3.49	 1	 -42.6315	  172.9665
0.180	 2.31	 1	 -41.9875	  173.6013
0.180	 2.46	 1	 -40.5120	  172.1031
0.181	 2.23	 1	 -41.0848	  175.7686
0.181	 3.03	 1	 -42.8631	  170.9218
0.182	 3.30	 1	 -42.7829	  174.5355
0.183	 2.41	 1	 -42.2055	  173.6244
0.184	 2.31	 1	 -42.5179	  173.1549
0.185	 2.00	 1	 -41.7774	  174.2742
0.186	 2.92	 1	 -42.1131	  173.7075
0.186	 2.81	 1	 -42.6421	  173.1360
0.187	 3.63	 1	 -42.9755	  172.8365
0.187	 2.11	 1	 -41.3809	  172.5770
0.188	 2.22	 1	 -41.7170	  174.3046
0.188	 3.25	 1	 -42.8463	  173.3817
0.189	 2.00	 1	 -42.1405	  173.6175
0.189	 2.19	 1	 -42.2624	  173.4472
0.189	 3.25	 1	 -39.5223	  177.3607
0.189	 2.08	 1	 -42.2735	  173.6388
0.190	 2.80	 1	 -42.3827	  172.8713
0.190	 2.33	 1	 -42.2314	  173.5385
0.191	 2.09	 1	 -41.7050	  174.2554
0.193	 2.13	 1	 -41.7451	  174.2377
0.193	 2.17	 1	 -41.7871	  174.4137
0.193	 2.23	 1	 -41.8127	  174.2441
0.193	 2.23	 1	 -42.4464	  173.3706
0.194	 2.05	 1	 -41.8449	  174.2368
0.194	 2.11	 1	 -41.8168	  174.2118
0.195	 2.80	 1	 -41.9081	  173.9918
0.195	 2.13	 1	 -42.6097	  172.9529
0.195	 2.53	 1	 -42.5154	  174.0694
0.195	 2.03	 1	 -42.6586	  172.9846
0.195	 2.19	 1	 -42.5196	  175.2852
0.195	 2.03	 1	 -41.8037	  174.2384
0.196	 3.04	 1	 -42.2574	  173.6353
0.196	 2.04	 1	 -42.3096	  173.7199
0.197	 2.04	 1	 -42.3516	  173.7427
0.198	 2.09	 1	 -42.0279	  173.7758
0.199	 2.04	 1	 -42.2287	  173.5419
0.199	 2.53	 1	 -42.0224	  173.7233
0.199	 2.27	 1	 -42.0488	  173.6972
0.200	 2.13	 1	 -42.1059	  173.8130
0.201	 2.18	 1	 -41.6781	  174.0057
0.201	 3.03	 1	 -41.9096	  173.9738
0.202	 2.82	 1	 -41.5291	  178.3012
0.202	 2.65	 1	 -43.3381	  172.3350
0.202	 2.30	 1	 -42.2691	  173.5665
0.202	 2.73	 1	 -47.0644	  171.5914
0.203	 2.52	 1	 -42.8519	  173.4140
0.203	 2.01	 1	 -41.6875	  174.3333
0.204	 2.04	 1	 -42.7009	  174.2968
0.205	 3.08	 1	 -42.2227	  173.7172
0.207	 2.16	 2	 -42.6212	  173.0558
0.207	 2.08	 1	 -42.1944	  173.8413
0.208	 2.28	 1	 -42.6529	  173.5075
0.208	 2.05	 1	 -42.5199	  173.1917
0.209	 2.83	 1	 -42.6481	  172.0547
0.209	 2.21	 1	 -42.3244	  173.0791
0.209	 2.50	 1	 -43.6095	  172.1368
0.210	 2.38	 1	 -40.5212	  174.5831
0.211	 2.39	 1	 -42.8763	  173.0523
0.212	 2.42	 1	 -41.8898	  173.5302
0.212	 2.17	 1	 -42.8234	  173.1079
0.213	 3.21	 1	 -42.3169	  172.4149
0.214	 3.22	 1	 -42.7790	  172.6367
0.214	 2.20	 1	 -42.0056	  173.6658
0.214	 3.67	 1	 -42.3393	  173.6944
0.214	 2.48	 1	 -42.0899	  173.7746
0.215	 2.12	 1	 -41.8610	  173.9599
0.216	 2.22	 1	 -42.7660	  173.1047
0.217	 2.52	 1	 -41.7778	  174.3208
0.217	 3.47	 1	 -42.3297	  174.2870
0.218	 2.04	 1	 -42.4761	  173.2254
0.218	 2.72	 1	 -44.3473	  172.1626
0.219	 2.12	 1	 -42.2857	  173.5722
0.220	 2.57	 1	 -42.0485	  173.6923
0.221	 2.41	 1	 -42.4652	  174.0880
0.221	 2.34	 1	 -41.9412	  173.8932
0.221	 3.62	 1	 -42.1065	  173.1060
0.222	 2.17	 2	 -42.3051	  173.5078
0.222	 2.14	 1	 -42.5855	  173.1636
0.223	 3.46	 1	 -42.3189	  173.8338
0.223	 2.14	 1	 -41.9508	  174.2051
0.224	 2.59	 1	 -41.9985	  173.6707
0.225	 2.04	 1	 -42.6237	  172.9134
0.225	 2.85	 1	 -42.1348	  171.8777
0.227	 2.07	 1	 -42.8198	  172.7801
0.227	 2.09	 1	 -42.1400	  173.5095
0.229	 3.13	 2	 -42.7642	  173.1045
0.229	 2.05	 1	 -43.1209	  173.7899
0.229	 3.11	 1	 -42.0111	  174.3946
0.229	 2.07	 1	 -42.6024	  172.8571
0.230	 4.25	 1	 -42.5413	  173.1341
0.231	 3.22	 1	 -42.6748	  172.8183
0.231	 2.16	 1	 -41.9603	  173.7179
0.232	 3.02	 1	 -43.3757	  174.1344
0.232	 2.15	 1	 -42.7058	  172.2442
0.232	 2.18	 1	 -41.7425	  174.2838
0.232	 2.39	 2	 -42.5493	  173.8202
0.232	 2.41	 1	 -42.0788	  173.7143
0.232	 4.75	 1	 -42.3728	  173.4493
0.232	 2.58	 1	 -42.5451	  171.4634
0.233	 2.27	 1	 -42.4694	  172.6580
0.233	 2.43	 1	 -42.3602	  174.1368
0.233	 2.13	 1	 -41.3815	  173.9799
0.233	 2.10	 1	 -42.6529	  173.0857
0.234	 2.31	 1	 -42.0435	  173.7758
0.234	 3.09	 1	 -42.5563	  173.0100
0.234	 2.03	 1	 -42.1702	  173.6224
0.234	 2.15	 1	 -42.8647	  172.9549
0.235	 2.25	 1	 -42.6805	  173.0193
0.236	 2.12	 2	 -42.7141	  172.9557
0.237	 2.55	 1	 -42.0320	  172.6613
0.237	 2.14	 1	 -42.4012	  175.1249
0.237	 2.60	 2	 -42.3903	  173.4471
0.237	 2.32	 1	 -42.2508	  173.5161
0.237	 2.05	 1	 -42.3645	  173.5984
0.237	 2.12	 1	 -41.8831	  174.0143
0.237	 2.94	 1	 -42.4151	  173.6464
0.237	 2.71	 1	 -42.1515	  173.8126
0.238	 2.07	 2	 -42.2681	  173.5640
0.238	 2.64	 1	 -42.5257	  173.2375
0.238	 2.40	 1	 -42.0687	  172.6995
0.238	 2.19	 1	 -42.5403	  172.8875
0.239	 2.71	 1	 -42.2977	  173.4357
0.240	 2.26	 1	 -42.4866	  173.2310
0.242	 2.17	 1	 -41.7648	  171.6697
0.242	 2.18	 1	 -41.6006	  174.3583
0.242	 3.83	 1	 -42.6089	  172.9453
0.242	 2.04	 1	 -42.1575	  173.6006
0.243	 2.06	 1	 -42.6864	  173.0331
0.243	 2.27	 1	 -41.8042	  173.7538
0.243	 5.36	 1	 -41.8190	  174.2138
0.244	 2.02	 1	 -41.7594	  173.5021
0.244	 2.18	 1	 -41.7238	  174.2531
0.244	 2.34	 1	 -42.2025	  173.6078
0.244	 2.07	 1	 -40.6610	  173.1322
0.245	 2.21	 1	 -42.7954	  173.0188
0.245	 2.16	 1	 -42.0592	  173.7237
0.245	 2.34	 1	 -42.8643	  172.7083
0.246	 2.55	 1	 -42.9269	  173.0264
0.246	 2.34	 1	 -43.7010	  174.1292
0.247	 2.20	 1	 -42.2354	  173.5770
0.247	 2.28	 1	 -42.4863	  173.2743
0.247	 2.10	 2	 -41.6982	  174.1925
0.248	 2.21	 2	 -41.8104	  174.1736
0.248	 2.03	 1	 -42.8937	  172.9238
0.248	 2.33	 1	 -42.7043	  173.0735
0.249	 2.75	 1	 -42.1996	  173.6040
0.249	 2.94	 1	 -43.0322	  171.8202
0.249	 2.12	 1	 -42.5274	  173.1291
0.250	 2.17	 2	 -41.6988	  173.9295
0.251	 2.56	 1	 -42.6874	  172.8347
0.252	 2.05	 1	 -42.5755	  172.9016
0.252	 2.66	 1	 -42.4331	  173.2016
0.252	 3.79	 1	 -42.6983	  173.0164
0.253	 3.70	 1	 -42.5129	  173.0820
0.253	 3.79	 1	 -42.4439	  173.7571
0.254	 2.29	 1	 -42.3629	  172.6910
0.255	 3.03	 1	 -41.7829	  173.6293
0.255	 2.23	 1	 -41.8091	  172.8082
0.255	 2.04	 2	 -42.1010	  172.5280
0.255	 2.22	 1	 -41.9442	  173.8997
0.256	 3.94	 1	 -42.4430	  173.7868
0.256	 2.28	 1	 -42.6724	  172.8452
0.256	 2.22	 2	 -41.7983	  174.2474
0.257	 2.47	 1	 -42.4028	  172.4427
0.257	 2.19	 1	 -41.6714	  174.3837
0.257	 2.39	 1	 -42.1605	  173.4724
0.257	 2.16	 1	 -42.4294	  173.7341
0.257	 2.15	 1	 -42.4738	  173.5612
0.257	 2.51	 1	 -42.7723	  172.9537
0.257	 2.42	 1	 -42.6308	  173.7165
0.258	 2.36	 1	 -43.0417	  173.2505
0.258	 2.58	 1	 -42.5386	  173.0574
0.258	 2.27	 1	 -41.9693	  173.6964
0.259	 2.22	 1	 -42.3805	  173.8525
0.260	 2.06	 1	 -42.2229	  173.5586
0.260	 4.18	 1	 -42.5298	  173.1373
0.260	 2.23	 1	 -42.3550	  173.5434
0.260	 2.41	 2	 -41.8236	  174.3551
0.260	 3.22	 1	 -42.4940	  173.4016
0.261	 2.04	 1	 -41.6626	  174.2263
0.261	 2.18	 1	 -42.7637	  172.8731
0.262	 2.21	 1	 -42.2408	  173.4986
0.262	 2.38	 1	 -42.1472	  173.6528
0.262	 2.02	 1	 -42.5700	  173.5089
0.262	 2.20	 1	 -41.7200	  174.2804
0.262	 2.36	 1	 -42.9296	  171.8985
0.264	 2.51	 1	 -42.7703	  173.5035
0.264	 2.07	 1	 -42.0921	  173.3869
0.264	 2.06	 2	 -41.7976	  174.1962
0.265	 2.61	 1	 -42.1429	  173.4348
0.266	 2.40	 1	 -42.1062	  173.7951
0.266	 2.49	 2	 -41.9922	  173.6187
0.267	 2.80	 1	 -40.2500	  174.7071
0.267	 4.13	 1	 -42.0112	  173.5516
0.268	 2.35	 1	 -41.3448	  177.6709
0.269	 2.27	 1	 -42.5558	  174.3350
0.269	 2.25	 1	 -46.8162	  175.4617
0.270	 2.35	 1	 -42.4195	  173.7865
0.271	 2.02	 1	 -42.6275	  172.5853
0.271	 2.19	 1	 -42.6145	  172.4255
0.272	 2.10	 1	 -41.7001	  174.2932
0.272	 2.03	 1	 -42.6266	  172.8291
0.274	 2.17	 1	 -42.2737	  173.7906
0.274	 2.09	 1	 -42.6195	  173.3361
0.274	 2.31	 1	 -42.2013	  173.3165
0.274	 3.12	 1	 -42.4558	  173.0671
0.276	 2.06	 1	 -42.0156	  173.6875
0.276	 2.30	 1	 -41.8376	  173.5763
0.276	 2.95	 1	 -42.6271	  172.9666
0.276	 2.27	 1	 -42.8612	  170.7120
0.276	 2.30	 1	 -42.0481	  173.6392
0.276	 2.41	 1	 -42.4671	  173.8906
0.277	 3.37	 2	 -42.1302	  173.0464
0.279	 2.28	 1	 -42.4605	  173.7214
0.280	 2.61	 1	 -41.9251	  174.3051
0.280	 2.63	 1	 -41.7911	  173.9155
0.281	 2.57	 1	 -41.8704	  173.7951
0.282	 2.45	 1	 -43.3079	  172.1160
0.282	 2.04	 1	 -42.6582	  172.6028
0.282	 2.10	 2	 -42.4884	  173.4096
0.283	 2.19	 1	 -42.1681	  173.5748
0.284	 2.07	 1	 -42.4743	  173.4518
0.284	 2.19	 2	 -42.7692	  173.5742
0.285	 2.16	 1	 -42.2702	  173.7146
0.285	 2.34	 1	 -42.4115	  173.8767
0.285	 2.51	 2	 -41.7650	  174.2089
0.285	 2.39	 1	 -42.6705	  172.7991
0.286	 2.12	 1	 -41.5843	  174.1157
0.287	 2.27	 2	 -42.1919	  173.4384
0.287	 2.36	 1	 -42.9232	  173.1167
0.287	 2.73	 1	 -42.2772	  173.6264
0.289	 2.44	 1	 -42.1872	  173.9423
0.289	 2.24	 1	 -41.4937	  173.8893
0.289	 2.11	 1	 -42.6382	  173.0238
0.290	 2.31	 1	 -42.0936	  173.4556
0.290	 2.53	 2	 -42.4567	  173.7877
0.290	 2.58	 1	 -42.9347	  172.8460
0.292	 2.33	 1	 -42.7706	  172.8946
0.292	 2.15	 1	 -41.9929	  173.8616
0.294	 2.78	 1	 -42.0266	  173.6944
0.294	 2.54	 1	 -41.9598	  173.4592
0.296	 2.03	 1	 -42.5575	  173.0913
0.296	 2.08	 2	 -41.9318	  173.1590
0.297	 2.11	 1	 -42.1879	  173.7689
0.298	 2.33	 1	 -42.4544	  173.1615
0.299	 2.21	 1	 -42.3087	  173.7507
0.299	 3.96	 1	 -41.2285	  173.3570
0.300	 2.82	 1	 -42.6133	  173.6685
0.300	 2.87	 1	 -41.5586	  174.9589
0.301	 2.87	 2	 -41.8373	  174.2242
0.301	 2.23	 1	 -42.0719	  173.7386
0.302	 2.06	 1	 -42.5971	  173.2252
0.302	 2.13	 1	 -42.7676	  173.1701
0.302	 3.03	 1	 -41.9254	  173.9739
0.302	 2.84	 1	 -42.3860	  173.1542
0.302	 2.18	 1	 -42.2964	  173.2445
0.302	 2.31	 1	 -42.4302	  173.3595
0.303	 2.30	 1	 -41.9957	  173.8301
0.304	 2.20	 1	 -42.0873	  173.5862
0.305	 2.03	 1	 -42.5864	  172.9179
0.305	 2.05	 1	 -42.3052	  173.5581
0.305	 2.07	 1	 -41.9920	  173.6983
0.307	 2.07	 1	 -42.4771	  173.0591
0.309	 2.25	 1	 -42.7011	  173.2874
0.310	 2.42	 1	 -43.4553	  173.9240
0.310	 2.19	 1	 -42.4568	  173.1472
0.310	 2.11	 1	 -41.5524	  167.1042
0.310	 2.07	 1	 -42.1598	  173.5674
0.311	 2.73	 1	 -42.0604	  173.4162
0.311	 2.59	 1	 -41.7383	  173.5347
0.311	 2.33	 1	 -43.2770	  172.1344
0.312	 2.41	 1	 -42.5852	  172.6880
0.312	 2.03	 1	 -42.3080	  173.9749
0.313	 2.07	 1	 -41.7239	  174.1951
0.313	 2.47	 1	 -42.3032	  172.4468
0.314	 2.05	 1	 -42.2759	  173.8208
0.314	 2.44	 2	 -41.8305	  174.1052
0.315	 2.72	 1	 -41.6694	  174.1696
0.315	 3.13	 1	 -42.5932	  173.0578
0.315	 2.39	 2	 -41.8261	  174.0959
0.316	 2.08	 2	 -41.9032	  174.0465
0.317	 2.66	 1	 -42.2928	  173.6143
0.317	 3.67	 1	 -42.6430	  173.6902
0.317	 2.00	 1	 -42.9533	  173.1276
0.317	 2.08	 1	 -42.8576	  173.1249
0.318	 2.41	 2	 -41.9374	  174.2323
0.319	 2.71	 1	 -42.1352	  173.8357
0.319	 2.14	 1	 -42.8701	  172.6979
0.319	 2.04	 1	 -42.1323	  173.7047
0.319	 2.28	 1	 -42.0891	  174.0542
0.320	 2.04	 1	 -42.1352	  173.5903
0.320	 2.69	 1	 -42.8664	  171.2485
0.320	 2.01	 1	 -43.4054	  170.0480
0.320	 2.87	 1	 -41.7292	  173.7645
0.320	 2.69	 1	 -42.7905	  173.3096
0.321	 2.70	 1	 -42.8289	  172.7304
0.321	 2.23	 1	 -41.3220	  174.6870
0.321	 2.25	 1	 -42.6566	  172.5569
0.322	 2.15	 1	 -46.9162	  170.9230
0.322	 2.25	 1	 -42.3429	  173.9279
0.325	 2.08	 1	 -39.6441	  175.4386
0.326	 2.10	 1	 -42.5923	  173.0503
0.327	 2.20	 1	 -42.8491	  172.9013
0.328	 2.88	 1	 -42.5204	  173.0051
0.328	 2.16	 1	 -41.9749	  174.0655
0.329	 2.14	 1	 -42.3949	  172.8581
0.330	 2.47	 1	 -43.5951	  172.5880
0.330	 2.66	 1	 -42.3535	  173.7478
0.331	 2.59	 1	 -43.1812	  174.5384
0.332	 2.42	 1	 -41.7033	  174.2251
0.333	 2.32	 1	 -42.4784	  172.6658
0.334	 2.02	 1	 -42.6486	  173.0668
0.334	 4.46	 1	 -42.2175	  173.6377
0.334	 2.02	 1	 -41.4071	  174.0842
0.335	 2.57	 1	 -42.2875	  173.7131
0.337	 2.64	 1	 -41.7652	  174.2341
0.337	 2.80	 1	 -41.9674	  173.7926
0.337	 2.67	 1	 -42.5675	  172.6210
0.338	 2.58	 1	 -42.2974	  173.7251
0.338	 3.41	 1	 -41.9964	  173.6601
0.339	 2.05	 1	 -42.2899	  172.1906
0.340	 3.30	 1	 -43.0233	  172.6706
0.340	 2.44	 1	 -43.5726	  173.2891
0.342	 2.04	 1	 -42.7676	  173.0022
0.345	 2.86	 2	 -41.2013	  174.4013
0.345	 2.25	 1	 -42.2458	  173.6865
0.345	 2.29	 2	 -42.6439	  173.3761
0.346	 3.82	 1	 -42.4034	  173.8596
0.346	 2.81	 1	 -41.8607	  174.1649
0.348	 2.16	 1	 -42.2603	  173.8239
0.349	 2.20	 1	 -42.7663	  172.9535
0.351	 2.32	 1	 -42.3174	  172.5243
0.352	 2.81	 1	 -41.6902	  174.4216
0.352	 2.61	 1	 -42.3319	  173.6628
0.352	 2.74	 1	 -42.7278	  173.3681
0.353	 3.64	 1	 -42.3968	  173.7472
0.353	 2.53	 1	 -42.6239	  174.2041
0.354	 2.09	 1	 -42.3478	  173.7541
0.354	 2.66	 1	 -42.1376	  173.8229
0.356	 2.98	 1	 -42.5779	  173.0001
0.356	 2.08	 1	 -42.4016	  173.7222
0.356	 2.24	 1	 -41.8093	  174.4116
0.357	 2.21	 2	 -42.2274	  174.4175
0.357	 3.88	 1	 -40.7935	  175.9128
0.357	 4.02	 1	 -41.6564	  174.3394
0.357	 2.45	 1	 -42.2053	  173.5167
0.357	 2.44	 2	 -42.2553	  173.5110
0.357	 2.18	 1	 -42.2693	  173.4663
0.358	 2.85	 1	 -41.5459	  174.4324
0.358	 2.12	 1	 -42.2026	  173.6690
0.359	 2.34	 2	 -42.5443	  171.4617
0.359	 2.63	 1	 -42.3666	  173.1796
0.359	 2.89	 2	 -42.5362	  173.1192
0.360	 2.19	 1	 -42.2084	  173.0402
0.361	 2.23	 1	 -41.7459	  174.3960
0.361	 2.11	 2	 -39.5244	  177.3631
0.362	 2.03	 1	 -42.4114	  173.3477
0.363	 2.09	 2	 -41.7859	  174.1604
0.364	 2.27	 1	 -42.8424	  173.6403
0.365	 2.05	 1	 -41.7892	  174.2282
0.365	 2.58	 2	 -42.1642	  173.8821
0.365	 2.28	 1	 -43.2719	  173.1271
0.365	 3.85	 1	 -42.6057	  173.3701
0.365	 2.30	 1	 -42.5384	  173.3054
0.366	 2.11	 1	 -42.1885	  173.6610
0.366	 2.63	 1	 -42.7189	  173.0103
0.367	 2.58	 1	 -42.4373	  172.8352
0.367	 2.16	 1	 -42.2355	  173.6680
0.368	 2.28	 1	 -46.4935	  172.2871
0.369	 2.25	 1	 -42.7807	  172.3989
0.369	 2.39	 1	 -42.5339	  172.9943
0.369	 2.26	 1	 -41.9262	  174.2792
0.370	 2.03	 1	 -42.3692	  173.9111
0.370	 2.50	 1	 -42.4987	  172.7731
0.371	 2.03	 1	 -42.7139	  173.0320
0.374	 2.64	 2	 -41.6969	  174.0229
0.375	 2.19	 1	 -42.4814	  172.8362
0.375	 2.52	 1	 -42.6375	  172.9879
0.376	 2.50	 1	 -41.9715	  174.0525
0.378	 3.04	 1	 -42.8433	  173.3369
0.378	 2.15	 1	 -42.9263	  173.0628
0.378	 2.80	 1	 -42.2305	  173.8641
0.379	 2.09	 2	 -41.7811	  174.2354
0.380	 2.31	 1	 -42.0287	  173.5698
0.381	 3.06	 1	 -41.9468	  173.8049
0.381	 2.24	 1	 -42.2159	  173.6886
0.383	 2.55	 1	 -41.6480	  174.4238
0.385	 2.72	 1	 -41.6835	  174.3338
0.385	 2.88	 1	 -41.6940	  174.2349
0.385	 2.80	 1	 -42.2898	  173.6789
0.386	 2.81	 1	 -42.0407	  174.3841
0.389	 2.54	 1	 -42.4523	  173.1127
0.389	 2.25	 1	 -41.8084	  174.2373
0.390	 3.41	 1	 -42.1287	  173.6309
0.390	 2.78	 1	 -42.5726	  173.9987
0.393	 2.17	 1	 -42.3576	  173.7534
0.393	 2.31	 1	 -42.5662	  173.1961
0.393	 2.63	 1	 -42.0290	  173.5139
0.395	 2.57	 2	 -43.0226	  172.6703
0.396	 2.08	 1	 -42.1490	  173.5221
0.397	 2.40	 1	 -41.8306	  173.9937
0.397	 2.62	 1	 -43.0060	  172.9733
0.398	 2.44	 1	 -42.2062	  173.6392
0.398	 2.31	 1	 -42.1036	  173.9028
0.400	 2.13	 1	 -45.5421	  177.7547
0.400	 2.03	 1	 -42.7089	  173.0587
0.400	 3.09	 1	 -41.9471	  174.2045
0.403	 2.40	 2	 -42.3817	  173.4590
0.409	 2.56	 1	 -41.7249	  174.2575
0.410	 2.60	 1	 -43.5233	  171.6815
0.410	 3.21	 1	 -42.5651	  173.4903
0.410	 2.02	 1	 -42.9036	  173.2400
0.412	 2.58	 1	 -42.1524	  173.5554
0.412	 2.19	 1	 -42.6335	  173.6738
0.414	 2.52	 2	 -41.8886	  173.3239
0.414	 2.06	 1	 -42.5685	  173.1837
0.414	 3.72	 1	 -42.0825	  173.5869
0.415	 2.19	 1	 -42.3920	  173.2340
0.416	 2.45	 1	 -42.2908	  172.4732
0.417	 2.17	 1	 -42.6172	  172.7737
0.417	 2.19	 1	 -41.9727	  173.7195
0.420	 2.63	 2	 -42.7237	  172.9754
0.420	 2.18	 1	 -42.9999	  173.0923
0.421	 2.50	 1	 -41.8497	  174.2303
0.421	 2.58	 1	 -42.6217	  173.1745
0.423	 2.02	 1	 -42.7954	  173.3858
0.423	 2.08	 1	 -41.8670	  173.9430
0.428	 2.78	 1	 -38.3527	  174.6233
0.428	 2.17	 1	 -42.7530	  173.5151
0.428	 2.05	 1	 -42.1488	  173.4798
0.429	 2.15	 1	 -42.7477	  171.6768
0.429	 3.99	 1	 -41.8871	  174.2178
0.430	 2.26	 1	 -41.9460	  174.2772
0.431	 2.48	 1	 -41.6659	  173.9620
0.431	 2.05	 1	 -42.3653	  172.9484
0.432	 2.01	 1	 -42.8162	  172.8974
0.432	 2.74	 1	 -42.5463	  173.1389
0.433	 2.27	 1	 -42.2520	  173.7293
0.434	 2.33	 1	 -42.2430	  173.9844
0.435	 2.13	 1	 -42.4355	  172.8523
0.435	 2.64	 1	 -42.7186	  173.3562
0.437	 2.26	 1	 -42.6005	  172.9679
0.438	 2.60	 1	 -42.6147	  172.8999
0.439	 2.43	 1	 -42.8368	  173.0818
0.439	 2.43	 1	 -43.9463	  177.2765
0.440	 2.06	 1	 -42.0622	  173.6240
0.443	 2.09	 1	 -42.3739	  173.6891
0.443	 2.11	 1	 -42.3153	  173.0871
0.445	 2.75	 2	 -42.7217	  173.0038
0.446	 2.42	 1	 -42.8247	  173.0171
0.449	 2.04	 1	 -42.2528	  173.9088
0.450	 2.80	 1	 -42.1575	  173.4690
0.452	 2.27	 1	 -42.2363	  173.5888
0.452	 2.49	 1	 -41.1593	  174.4624
0.453	 2.42	 1	 -43.7666	  171.7915
0.454	 2.18	 1	 -42.1327	  173.5793
0.455	 2.13	 1	 -42.2018	  173.5475
0.455	 2.58	 1	 -42.6988	  173.0809
0.456	 2.27	 2	 -42.3510	  173.4682
0.457	 2.03	 1	 -41.9168	  173.6769
0.457	 3.00	 1	 -42.7637	  172.9694
0.458	 2.30	 1	 -45.0226	  175.2129
0.459	 2.11	 1	 -42.5841	  173.1664
0.459	 2.74	 1	 -42.4010	  174.1108
0.461	 2.48	 1	 -42.6803	  173.0589
0.461	 2.03	 1	 -42.4377	  173.3196
0.462	 3.43	 1	 -42.3561	  173.4564
0.462	 2.25	 1	 -42.6558	  172.8313
0.462	 2.18	 2	 -42.0927	  173.5985
0.463	 2.58	 1	 -43.0714	  173.3193
0.463	 3.28	 1	 -42.7068	  173.8018
0.464	 3.00	 1	 -42.2011	  173.6258
0.464	 2.36	 1	 -42.1719	  172.2695
0.465	 2.82	 1	 -42.5424	  173.3384
0.465	 2.24	 1	 -42.0501	  173.7012
0.465	 2.22	 2	 -42.2446	  173.5327
0.465	 2.08	 1	 -42.7145	  172.9129
0.466	 2.43	 1	 -42.0266	  173.7687
0.469	 2.27	 1	 -42.1449	  173.8864
0.469	 2.17	 1	 -42.9656	  172.7377
0.469	 2.63	 1	 -42.9288	  172.6264
0.469	 2.26	 1	 -42.2359	  173.5774
0.469	 2.48	 1	 -42.7152	  173.2841
0.469	 2.22	 1	 -42.0355	  173.7025
0.471	 3.36	 1	 -43.2654	  173.4230
0.471	 2.25	 1	 -42.1148	  173.5329
0.473	 2.65	 1	 -41.6755	  174.2359
0.475	 2.36	 1	 -42.8057	  173.4239
0.475	 2.11	 1	 -42.2548	  173.6326
0.476	 2.37	 1	 -41.9635	  173.5780
0.476	 2.92	 1	 -41.7715	  174.3343
0.476	 2.41	 1	 -42.3632	  173.6870
0.476	 2.54	 2	 -42.1964	  173.5965
0.477	 2.09	 1	 -42.1673	  173.5592
0.480	 2.85	 1	 -42.6236	  172.9289
0.480	 2.19	 1	 -43.2565	  173.0014
0.481	 2.67	 1	 -41.2788	  174.8940
0.482	 2.19	 1	 -42.2093	  173.6397
0.483	 3.00	 1	 -41.9524	  173.9758
0.483	 2.07	 1	 -42.3858	  172.7254
0.487	 2.36	 1	 -41.7324	  174.2418
0.488	 2.60	 2	 -41.7615	  173.9943
0.488	 2.02	 1	 -45.0764	  167.8348
0.491	 2.24	 1	 -42.0026	  173.7012
0.491	 2.28	 1	 -41.9065	  174.0376
0.491	 2.70	 2	 -41.8151	  174.2174
0.491	 2.43	 1	 -43.0263	  168.7159
0.492	 2.68	 1	 -41.7626	  174.1952
0.492	 2.68	 1	 -42.4773	  173.1088
0.493	 2.11	 1	 -40.6251	  173.7740
0.493	 2.03	 1	 -42.4174	  173.2328
0.494	 2.62	 1	 -42.6347	  172.9674
0.494	 2.88	 1	 -42.7961	  171.2095
0.494	 2.82	 1	 -46.1928	  176.8625
0.495	 2.28	 1	 -42.1347	  171.6971
0.495	 2.34	 1	 -42.4355	  173.6481
0.496	 3.98	 1	 -41.8056	  173.9842
0.498	 2.10	 1	 -41.8033	  174.1086
0.499	 2.57	 2	 -42.0672	  173.7440
0.499	 2.01	 1	 -42.8279	  173.0027
0.500	 2.03	 2	 -42.3784	  173.4924
0.500	 3.43	 2	 -42.6263	  173.0520
0.500	 2.48	 1	 -41.4417	  173.1485
0.500	 2.61	 1	 -42.0045	  173.6817
0.501	 2.33	 1	 -42.2450	  173.6208
0.502	 2.52	 1	 -42.2467	  173.6789
0.502	 2.52	 1	 -42.1324	  172.4518
0.503	 3.25	 1	 -41.8249	  174.1598
0.503	 2.08	 1	 -42.5421	  172.9972
0.504	 2.23	 1	 -42.4408	  173.8825
0.505	 2.16	 1	 -42.2119	  174.0013
0.506	 2.29	 2	 -41.8047	  173.9826
0.507	 2.12	 1	 -43.7963	  173.6688
0.508	 2.66	 1	 -42.5787	  173.6960
0.508	 2.04	 1	 -43.2633	  174.4429
0.508	 3.37	 1	 -42.7241	  173.0844
0.508	 2.01	 1	 -42.2046	  173.6236
0.510	 2.98	 1	 -42.1669	  173.8381
0.510	 2.17	 1	 -42.2760	  174.0066
0.510	 3.67	 1	 -39.2582	  175.0093
0.510	 2.46	 1	 -43.5767	  173.1470
0.510	 2.50	 1	 -41.7487	  174.2720
0.511	 2.04	 1	 -41.6974	  174.2869
0.512	 2.41	 1	 -43.0143	  173.3174
0.512	 2.06	 1	 -42.2879	  173.7347
0.512	 2.64	 1	 -42.5351	  172.4296
0.512	 2.55	 1	 -42.0333	  172.2097
0.514	 2.29	 1	 -42.8459	  172.5814
0.514	 2.39	 1	 -41.8398	  174.1880
0.515	 2.49	 1	 -42.7960	  172.9566
0.516	 2.17	 1	 -42.4127	  173.3295
0.517	 2.08	 1	 -42.2168	  173.5739
0.517	 2.10	 1	 -41.7084	  173.4921
0.519	 2.56	 1	 -42.7068	  173.5035
0.526	 2.23	 2	 -42.0133	  173.5951
0.526	 3.03	 2	 -42.6373	  173.3837
0.527	 2.16	 2	 -42.3687	  173.4460
0.527	 2.07	 1	 -42.2767	  173.6151
0.528	 2.02	 1	 -42.2122	  173.5902
0.530	 2.16	 1	 -42.6639	  172.4001
0.532	 2.04	 1	 -42.0280	  173.7050
0.532	 2.62	 2	 -42.5170	  173.2795
0.534	 2.31	 1	 -41.7812	  173.9825
0.534	 2.04	 1	 -42.2453	  173.6415
0.534	 2.22	 1	 -42.8062	  173.1583
0.536	 2.04	 1	 -44.6506	  169.7808
0.538	 2.88	 1	 -41.7910	  174.3268
0.539	 2.46	 1	 -42.2639	  172.5132
0.540	 2.44	 1	 -42.6596	  172.9471
0.540	 3.09	 1	 -42.7466	  172.9993
0.545	 2.41	 1	 -42.6796	  173.1065
0.546	 2.09	 2	 -42.0025	  173.6996
0.546	 2.93	 1	 -42.3547	  173.7435
0.549	 2.04	 1	 -42.4615	  173.7313
0.549	 2.28	 1	 -42.8983	  172.8961
0.553	 2.40	 1	 -43.0606	  172.5035
0.553	 2.05	 1	 -42.5401	  173.0706
0.558	 2.53	 1	 -42.4430	  173.7475
0.559	 2.04	 1	 -42.6716	  172.7946
0.560	 2.20	 1	 -42.3476	  173.1106
0.561	 2.14	 1	 -41.3313	  174.2442
0.561	 2.77	 1	 -42.3628	  173.4664
0.564	 2.39	 1	 -42.9638	  172.8341
0.566	 2.27	 1	 -42.0074	  174.4008
0.567	 2.29	 1	 -44.7459	  167.5794
0.571	 3.36	 1	 -42.1784	  173.5498
0.571	 2.29	 2	 -41.8033	  174.2613
0.572	 2.61	 1	 -42.4522	  172.9400
0.572	 2.40	 1	 -41.6967	  174.1990
0.575	 2.20	 1	 -42.3494	  173.0524
0.575	 2.16	 1	 -42.8482	  173.8873
0.575	 2.15	 1	 -42.5282	  173.4104
0.576	 2.57	 2	 -42.3583	  173.4931
0.577	 2.71	 2	 -41.8084	  173.9686
0.582	 2.19	 1	 -42.0869	  173.8696
0.583	 2.11	 1	 -41.6357	  174.1018
0.586	 2.95	 1	 -42.6600	  173.4297
0.588	 2.28	 1	 -41.7445	  174.5873
0.589	 2.00	 1	 -42.9201	  172.8078
0.589	 2.21	 1	 -42.5494	  173.3328
0.589	 2.63	 1	 -42.3691	  173.0167
0.590	 3.63	 1	 -42.6810	  172.8684
0.590	 3.53	 1	 -42.8337	  172.8468
0.590	 3.04	 1	 -43.6535	  175.2051
0.592	 2.01	 2	 -41.8456	  174.2280
0.593	 2.21	 1	 -41.9714	  173.6954
0.597	 2.56	 1	 -42.4688	  177.9469
0.599	 2.35	 1	 -43.4636	  172.0852
0.600	 2.63	 1	 -41.7131	  174.3013
0.600	 2.45	 1	 -42.3006	  173.6056
0.604	 2.25	 1	 -45.4292	  174.3988
0.606	 2.24	 1	 -43.3897	  172.3031
0.607	 2.33	 1	 -42.4736	  173.7667
0.607	 2.05	 1	 -42.3654	  174.3742
0.608	 2.20	 1	 -42.4421	  173.0071
0.608	 2.18	 1	 -42.5132	  173.1550
0.609	 2.43	 1	 -42.0099	  173.6646
0.611	 2.61	 1	 -41.7240	  174.1574
0.611	 2.05	 2	 -42.2890	  173.6683
0.612	 2.30	 1	 -41.7165	  174.2662
0.613	 2.05	 2	 -42.1266	  173.4708
0.614	 2.99	 1	 -42.4327	  172.9328
0.617	 2.04	 1	 -43.3401	  173.5684
0.617	 2.22	 1	 -42.3517	  173.6763
0.619	 2.56	 1	 -42.2967	  173.3117
0.621	 2.24	 1	 -42.3746	  173.8445
0.621	 2.02	 1	 -41.8100	  174.1760
0.622	 2.45	 1	 -42.7060	  173.1033
0.625	 2.86	 1	 -42.4577	  172.3457
0.630	 2.51	 1	 -42.2314	  173.7450
0.635	 3.04	 1	 -42.4635	  173.1237
0.637	 2.14	 1	 -42.6242	  172.9179
0.637	 2.36	 1	 -42.1954	  173.5928
0.638	 2.50	 1	 -42.3244	  173.6663
0.639	 2.96	 1	 -42.5503	  172.8479
0.640	 2.55	 1	 -42.3290	  173.1069
0.641	 2.07	 1	 -42.6322	  173.2018
0.642	 3.00	 1	 -42.0113	  173.7776
0.645	 3.80	 1	 -41.7475	  174.0882
0.648	 2.27	 1	 -42.8700	  171.9727
0.649	 3.02	 1	 -42.6164	  173.0157
0.650	 2.34	 1	 -42.0920	  173.5532
0.652	 2.17	 1	 -42.2393	  174.0157
0.652	 2.29	 1	 -42.1824	  173.9317
0.653	 2.35	 1	 -42.5200	  173.6364
0.654	 2.53	 2	 -42.5515	  173.1533
0.654	 2.26	 1	 -42.1856	  173.9905
0.656	 2.34	 1	 -42.4749	  172.8423
0.657	 2.59	 1	 -41.7571	  174.3455
0.661	 2.15	 1	 -42.7702	  172.9966
0.664	 3.56	 2	 -42.1836	  173.7935
0.664	 2.22	 1	 -42.2612	  173.5125
0.673	 3.58	 1	 -42.7578	  172.9177
0.674	 2.04	 1	 -43.1720	  174.7254
0.675	 2.48	 1	 -41.7093	  174.2675
0.676	 2.02	 1	 -42.4831	  173.4453
0.677	 2.95	 1	 -47.1865	  172.8120
0.678	 2.01	 1	 -41.7820	  174.2581
0.679	 3.06	 1	 -42.6991	  173.0837
0.682	 2.49	 2	 -42.4236	  173.8475
0.684	 2.03	 1	 -42.0335	  173.7117
0.687	 2.07	 1	 -41.9322	  173.7385
0.688	 2.49	 1	 -42.6090	  173.0662
0.689	 2.32	 1	 -42.1100	  173.6355
0.691	 2.21	 1	 -42.4366	  172.7531
0.691	 3.02	 1	 -42.4491	  173.7056
0.693	 2.13	 1	 -42.8798	  173.0966
0.695	 3.25	 1	 -42.5237	  173.1528
0.695	 2.57	 1	 -42.2495	  173.5858
0.700	 2.10	 1	 -42.6334	  173.1328
0.701	 2.45	 1	 -42.9148	  174.4564
0.702	 2.39	 1	 -42.2558	  173.6537
0.707	 2.42	 1	 -41.9535	  173.9308
0.710	 2.14	 1	 -41.7118	  174.0246
0.710	 2.41	 1	 -42.6582	  173.9792
0.712	 2.52	 1	 -42.5852	  173.1309
0.714	 2.65	 2	 -41.8163	  174.1975
0.714	 2.39	 1	 -42.7097	  179.1399
0.715	 2.10	 1	 -41.6779	  171.4364
0.715	 2.06	 1	 -42.7827	  172.9984
0.719	 2.14	 1	 -42.0566	  173.6783
0.720	 2.58	 1	 -42.5627	  172.7907
0.723	 2.01	 1	 -42.9092	  172.6590
0.723	 2.18	 1	 -42.3927	  173.7952
0.724	 2.55	 1	 -42.2914	  173.8145
0.725	 2.56	 2	 -42.5149	  173.4590
0.725	 2.27	 1	 -42.2447	  172.3093
0.725	 2.11	 1	 -42.2746	  173.5937
0.729	 2.09	 1	 -42.8849	  172.9492
0.733	 2.30	 1	 -42.5571	  172.9773
0.734	 3.05	 1	 -42.2798	  173.6696
0.734	 2.58	 2	 -42.5254	  173.1006
0.734	 2.03	 2	 -41.9597	  173.5699
0.740	 3.00	 1	 -41.7117	  174.2522
0.740	 2.51	 1	 -42.7907	  172.9770
0.741	 2.23	 1	 -46.1154	  174.4180
0.742	 3.62	 1	 -42.3537	  173.5594
0.750	 3.34	 1	 -42.1929	  173.5223
0.751	 2.07	 1	 -41.7212	  174.1999
0.752	 2.03	 1	 -41.8829	  174.3262
0.754	 2.15	 1	 -43.5245	  171.6013
0.754	 2.71	 1	 -43.5682	  173.3940
0.756	 3.10	 1	 -42.2795	  173.9188
0.756	 2.51	 1	 -42.1399	  173.6174
0.758	 2.23	 1	 -42.1726	  173.5000
0.762	 2.02	 1	 -41.6768	  174.2599
0.763	 2.01	 1	 -42.8702	  173.0654
0.763	 2.17	 1	 -42.8641	  173.2064
0.764	 2.29	 1	 -42.6358	  172.9415
0.768	 2.34	 2	 -42.1340	  173.6392
0.769	 2.21	 2	 -43.1635	  172.7752
0.769	 2.33	 1	 -42.0221	  173.2345
0.772	 2.49	 1	 -42.5726	  172.7006
0.772	 2.10	 1	 -42.5043	  174.2665
0.773	 2.59	 1	 -42.5422	  173.0532
0.775	 2.26	 1	 -42.2147	  173.7799
0.775	 2.40	 1	 -42.5865	  173.0980
0.777	 2.08	 1	 -42.5620	  173.0271
0.777	 2.13	 1	 -42.5545	  173.7178
0.778	 2.95	 1	 -42.1865	  173.6436
0.779	 2.53	 1	 -42.2074	  173.4874
0.781	 2.23	 2	 -41.9630	  173.7681
0.783	 2.15	 1	 -43.0223	  172.3236
0.787	 2.41	 2	 -41.9905	  173.8188
0.789	 2.32	 1	 -43.0390	  173.3713
0.789	 2.36	 1	 -42.4150	  172.1382
0.792	 2.31	 1	 -41.2762	  175.8689
0.792	 2.35	 1	 -42.1792	  173.5144
0.795	 2.04	 1	 -44.4490	  168.6057
0.800	 2.03	 1	 -42.1915	  173.5302
0.801	 2.70	 1	 -42.1519	  173.7670
0.801	 2.18	 1	 -42.1294	  173.5830
0.802	 2.11	 1	 -42.6778	  172.9554
0.804	 2.10	 1	 -42.8578	  173.3590
0.805	 2.35	 1	 -42.3820	  174.2127
0.808	 2.15	 1	 -42.1978	  173.5916
0.810	 2.24	 1	 -41.7455	  174.1311
0.810	 2.18	 2	 -42.3599	  173.5632
0.810	 3.17	 1	 -42.2192	  173.7155
0.813	 2.18	 1	 -43.2495	  176.5405
0.829	 2.04	 1	 -42.4238	  173.8824
0.829	 2.49	 2	 -41.7235	  174.1979
0.829	 2.03	 1	 -42.4141	  171.6127
0.831	 2.46	 1	 -42.1413	  173.6368
0.831	 3.56	 1	 -42.4116	  173.5836
0.835	 2.56	 1	 -42.6891	  172.9868
0.835	 2.15	 1	 -42.2211	  172.4769
0.836	 2.10	 1	 -41.9209	  173.6461
0.840	 2.14	 1	 -42.3981	  173.1646
0.842	 2.18	 1	 -41.8646	  174.2895
0.843	 2.23	 1	 -41.9952	  173.7757
0.844	 3.56	 1	 -42.6489	  173.3540
0.845	 2.69	 1	 -42.5181	  172.6927
0.850	 2.97	 1	 -42.1420	  173.5710
0.854	 2.57	 1	 -41.8474	  174.0244
0.854	 2.34	 1	 -42.9775	  172.8853
0.855	 2.27	 1	 -43.9118	  172.8175
0.855	 2.80	 1	 -43.0177	  173.2846
0.856	 2.65	 2	 -42.6303	  173.3922
0.858	 2.77	 1	 -42.1817	  173.6637
0.862	 2.46	 1	 -42.0371	  173.5768
0.862	 2.22	 1	 -42.7049	  173.2702
0.863	 2.03	 1	 -42.6678	  173.3078
0.866	 2.08	 1	 -42.7546	  173.3551
0.870	 2.07	 1	 -42.7532	  173.0448
0.870	 2.14	 1	 -38.3784	  173.2317
0.870	 2.73	 1	 -42.2405	  173.5264
0.871	 2.78	 2	 -42.7176	  173.8091
0.874	 2.61	 1	 -42.5610	  172.9761
0.876	 2.11	 1	 -42.6958	  172.8842
0.877	 2.52	 2	 -41.8395	  174.2214
0.883	 2.12	 1	 -42.4561	  173.4353
0.885	 2.47	 1	 -42.5418	  173.0972
0.889	 2.43	 1	 -42.4027	  173.7517
0.892	 2.00	 1	 -42.6292	  173.1845
0.893	 2.71	 1	 -42.4093	  173.0943
0.894	 2.23	 1	 -41.6536	  174.2841
0.896	 2.02	 1	 -41.9982	  173.5109
0.900	 2.51	 1	 -42.6244	  173.0729
0.900	 2.71	 1	 -42.4352	  173.1896
0.902	 2.13	 1	 -42.6533	  172.7917
0.905	 3.46	 1	 -42.2360	  173.6448
0.907	 2.13	 1	 -42.4257	  173.3385
0.909	 3.68	 1	 -44.2152	  172.6706
0.909	 3.12	 2	 -42.2384	  173.6470
0.911	 2.20	 2	 -42.6771	  172.1437
0.911	 2.71	 2	 -41.7625	  174.0892
0.916	 3.17	 1	 -42.7073	  173.2655
0.916	 2.25	 1	 -42.7060	  173.0993
0.917	 2.35	 1	 -42.8621	  172.8320
0.918	 2.94	 1	 -42.3046	  172.7913
0.922	 2.10	 1	 -42.5982	  173.5151
0.924	 2.03	 1	 -41.9706	  173.7315
0.926	 3.16	 1	 -42.7869	  172.8252
0.927	 2.46	 2	 -42.1565	  173.7568
0.929	 2.17	 1	 -41.9695	  174.0668
0.930	 2.51	 1	 -42.6801	  173.5374
0.932	 2.78	 1	 -42.1450	  173.8391
0.937	 2.21	 1	 -41.7930	  174.2755
0.938	 2.66	 1	 -42.5313	  173.7797
0.940	 2.22	 2	 -42.1806	  173.4763
0.942	 2.22	 1	 -41.9853	  173.8170
0.945	 2.18	 1	 -41.9601	  173.7190
0.946	 2.37	 1	 -42.7919	  172.9148
0.950	 2.01	 1	 -42.3052	  173.4991
0.952	 3.04	 1	 -42.5340	  173.1179
0.954	 2.91	 1	 -42.4431	  173.7622
0.955	 2.62	 1	 -42.4509	  173.7645
0.955	 2.45	 1	 -40.3084	  174.0836
0.955	 2.43	 1	 -42.0830	  173.7386
0.960	 2.34	 1	 -44.3143	  169.8900
0.961	 2.12	 1	 -45.9413	  168.7925
0.965	 2.51	 1	 -41.8323	  173.6626
0.965	 2.26	 1	 -42.9223	  172.3843
0.970	 2.31	 1	 -42.9712	  173.2932
0.970	 2.21	 1	 -44.3598	  174.1587
0.971	 2.34	 1	 -42.8369	  172.6393
0.972	 2.29	 1	 -42.0124	  173.7460
0.973	 2.09	 2	 -42.7680	  173.2660
0.975	 2.02	 1	 -42.5874	  172.8309
0.979	 2.61	 1	 -42.4520	  173.2185
0.986	 2.63	 1	 -42.6682	  172.6135
0.986	 2.60	 1	 -42.9347	  173.0245
0.989	 2.27	 1	 -42.3840	  173.2848
0.990	 2.31	 1	 -39.8250	  174.5158
0.992	 2.28	 1	 -41.6563	  174.2293
1.002	 2.23	 1	 -42.5782	  172.9242
1.003	 2.06	 1	 -42.5017	  172.7117
1.005	 2.54	 1	 -42.8655	  173.1491
1.011	 2.22	 1	 -42.1961	  173.6220
1.012	 2.24	 1	 -43.1926	  173.2004
1.013	 3.51	 1	 -41.9787	  173.6888
1.016	 2.20	 1	 -42.4137	  173.9058
1.017	 2.31	 2	 -42.5316	  173.7788
1.018	 2.22	 1	 -42.5382	  173.1331
1.022	 2.31	 1	 -44.9103	  173.9069
1.024	 2.11	 1	 -41.9697	  174.0965
1.025	 2.06	 1	 -42.6893	  173.1674
1.030	 3.59	 1	 -42.3966	  172.7751
1.040	 2.59	 1	 -42.3644	  173.8082
1.042	 2.79	 1	 -42.2784	  173.6360
1.046	 2.45	 1	 -42.3426	  173.3338
1.048	 2.20	 1	 -42.2799	  173.6570
1.054	 2.23	 1	 -41.7483	  174.1421
1.057	 2.16	 1	 -41.6083	  174.3644
1.068	 2.02	 2	 -41.9431	  173.9638
1.068	 2.06	 1	 -42.7667	  173.2512
1.069	 2.08	 1	 -43.0852	  173.1411
1.070	 2.84	 2	 -41.8506	  174.2602
1.077	 2.02	 1	 -45.3769	  174.8429
1.078	 2.29	 2	 -41.7700	  174.1084
1.084	 2.86	 1	 -42.4448	  173.2123
1.095	 2.81	 1	 -41.6522	  173.9850
1.100	 2.46	 1	 -41.1976	  173.6499
1.104	 2.37	 1	 -41.6546	  174.3521
1.105	 2.25	 1	 -42.3722	  174.3827
1.105	 2.13	 1	 -42.7633	  172.2483
1.112	 2.45	 1	 -42.0360	  173.7616
1.113	 2.11	 1	 -41.7484	  174.2196
1.114	 3.37	 1	 -41.8377	  173.1692
1.116	 2.65	 1	 -41.9302	  174.0025
1.118	 2.09	 1	 -42.4428	  174.1255
1.119	 2.53	 1	 -42.4226	  173.6138
1.120	 2.08	 1	 -43.2556	  173.4479
1.124	 2.07	 1	 -41.9395	  173.6587
1.124	 2.17	 1	 -41.8955	  174.3176
1.128	 2.32	 1	 -42.3929	  173.5906
1.129	 2.25	 1	 -42.1188	  173.5966
1.130	 2.20	 1	 -41.5505	  173.3600
1.133	 2.13	 1	 -41.7774	  174.2894
1.134	 2.62	 1	 -42.1199	  172.4662
1.135	 2.56	 1	 -42.1889	  173.4791
1.136	 2.18	 1	 -42.3703	  173.8528
1.136	 2.23	 2	 -42.4260	  173.6296
1.137	 2.10	 2	 -42.2768	  173.6611
1.140	 2.00	 1	 -41.7464	  174.1198
1.143	 2.23	 1	 -42.8696	  172.8546
1.156	 2.24	 1	 -42.2518	  173.7235
1.158	 3.72	 1	 -41.9181	  173.7115
1.159	 3.40	 1	 -42.1781	  173.6308
1.164	 2.81	 1	 -41.6847	  174.2204
1.168	 3.02	 2	 -42.1747	  173.5448
1.169	 2.15	 1	 -41.7605	  174.3916
1.172	 3.69	 2	 -41.8199	  174.2384
1.173	 2.01	 1	 -42.7414	  173.0468
1.176	 2.06	 1	 -42.6476	  172.8384
1.179	 2.53	 1	 -42.7077	  172.1693
1.180	 2.19	 1	 -42.9703	  173.0145
1.181	 2.18	 1	 -42.8441	  173.1331
1.183	 2.91	 1	 -42.2078	  173.7406
1.186	 2.37	 3	 -42.2273	  173.6320
1.188	 2.22	 1	 -42.8324	  173.4463
1.191	 3.71	 1	 -42.6076	  173.1302
1.192	 2.04	 1	 -42.3873	  173.4491
1.195	 2.12	 1	 -42.1167	  173.6383
1.195	 3.29	 1	 -42.4182	  173.6653
1.195	 2.36	 1	 -41.8013	  174.2454
1.196	 2.59	 1	 -42.4241	  173.3260
1.197	 2.27	 1	 -42.3385	  173.6788
1.199	 2.22	 2	 -42.3675	  173.4400
1.199	 2.06	 3	 -41.8331	  174.2319
1.199	 2.03	 1	 -42.0231	  173.6607
1.200	 2.15	 1	 -42.6750	  172.8916
1.200	 2.23	 1	 -42.0697	  173.5258
1.201	 3.99	 1	 -40.8680	  169.1625
1.202	 2.31	 2	 -42.7812	  172.9905
1.205	 3.78	 1	 -42.5505	  173.8507
1.205	 2.22	 1	 -42.5356	  173.1389
1.208	 2.20	 1	 -41.3724	  174.8876
1.211	 2.05	 1	 -42.6814	  172.9410
1.211	 2.24	 1	 -43.0736	  173.6287
1.217	 2.24	 1	 -42.0816	  173.6787
1.220	 2.06	 1	 -42.7043	  172.8595
1.224	 2.51	 1	 -42.6722	  172.8861
1.225	 2.83	 2	 -40.8783	  169.1697
1.226	 2.48	 1	 -42.1536	  173.6044
1.229	 2.35	 1	 -42.9383	  173.5903
1.229	 2.15	 1	 -42.4645	  173.1112
1.230	 2.00	 1	 -41.8959	  173.9953
1.232	 3.37	 1	 -41.6971	  174.2579
1.233	 2.01	 1	 -42.2725	  173.6474
1.233	 2.03	 1	 -42.6298	  173.4468
1.236	 2.25	 1	 -42.1337	  173.3719
1.240	 2.56	 3	 -41.8226	  174.2353
1.240	 2.38	 1	 -42.4562	  173.8629
1.241	 4.69	 1	 -42.5923	  172.7728
1.241	 2.55	 1	 -42.3897	  173.4179
1.243	 2.79	 1	 -42.2033	  173.7765
1.243	 2.47	 1	 -42.2034	  173.5842
1.245	 2.09	 1	 -41.6774	  174.3104
1.249	 2.05	 2	 -42.5893	  172.7740
1.252	 4.47	 1	 -42.3135	  173.5644
1.256	 2.07	 1	 -42.2783	  172.9314
1.259	 2.22	 2	 -42.6289	  172.7475
1.261	 2.11	 2	 -42.1072	  173.5354
1.261	 2.06	 2	 -42.5820	  172.7934
1.262	 2.01	 1	 -42.8049	  172.9386
1.275	 3.40	 3	 -42.0153	  173.6107
1.278	 2.17	 1	 -41.6990	  174.3024
1.284	 2.30	 1	 -41.8753	  174.2162
1.285	 2.49	 1	 -42.5243	  173.4310
1.289	 2.24	 1	 -42.2528	  173.6103
1.291	 2.28	 2	 -41.6601	  174.3389
1.295	 2.32	 1	 -42.6751	  172.8666
1.296	 2.21	 1	 -42.7755	  173.3278
1.297	 2.09	 2	 -42.5402	  172.7912
1.297	 2.15	 1	 -42.5922	  173.0264
1.298	 2.21	 2	 -42.3870	  173.7087
1.300	 2.35	 1	 -42.5306	  172.9586
1.303	 2.53	 1	 -42.6385	  172.9363
1.303	 2.13	 2	 -42.7092	  173.0897
1.306	 2.15	 1	 -42.1462	  173.7497
1.306	 2.28	 1	 -44.1216	  170.3798
1.307	 2.51	 1	 -42.5455	  173.1690
1.307	 2.28	 1	 -42.1083	  173.3959
1.309	 2.23	 1	 -42.2784	  173.2341
1.310	 2.06	 1	 -42.1792	  173.6283
1.314	 2.16	 1	 -46.3027	  171.0512
1.317	 2.92	 1	 -42.4444	  173.6975
1.324	 2.46	 1	 -42.0249	  173.6228
1.325	 2.02	 1	 -43.4511	  170.4121
1.329	 3.05	 1	 -42.5387	  172.9530
1.335	 2.28	 1	 -42.0457	  173.7618
1.341	 2.73	 2	 -41.8027	  174.5012
1.342	 2.14	 2	 -42.2824	  173.6346
1.343	 2.29	 1	 -41.6046	  174.3721
1.343	 2.18	 1	 -42.1630	  173.5662
1.347	 2.03	 1	 -41.7481	  174.3053
1.348	 2.27	 1	 -42.6547	  172.8418
1.349	 3.30	 1	 -42.7636	  172.8650
1.352	 2.25	 1	 -42.1055	  173.8925
1.354	 2.67	 1	 -42.6437	  172.9840
1.356	 2.03	 1	 -41.7278	  174.2964
1.357	 2.95	 1	 -43.0363	  173.8219
1.359	 2.29	 1	 -42.6624	  168.4755
1.359	 2.45	 1	 -42.2729	  172.7447
1.364	 2.36	 1	 -41.8796	  173.0698
1.364	 2.28	 1	 -42.6683	  172.6848
1.365	 2.44	 1	 -41.7841	  173.1631
1.373	 2.12	 2	 -42.6030	  173.2965
1.375	 2.12	 1	 -42.1493	  173.7572
1.380	 2.07	 1	 -42.5168	  173.5055
1.383	 2.09	 1	 -42.4560	  172.8587
1.383	 2.35	 1	 -42.1400	  173.6300
1.389	 2.11	 1	 -42.3267	  173.8770
1.390	 2.32	 1	 -42.2382	  174.7640
1.391	 2.97	 1	 -41.9265	  174.6377
1.395	 2.48	 1	 -43.1767	  170.8401
1.398	 2.26	 1	 -42.5858	  173.1776
1.401	 2.42	 1	 -42.0572	  173.7016
1.404	 2.47	 1	 -42.2761	  173.5073
1.408	 2.32	 1	 -41.6554	  174.3659
1.409	 2.81	 1	 -41.9517	  173.6273
1.410	 2.40	 1	 -42.5211	  172.2079
1.411	 2.17	 1	 -41.9544	  174.0909
1.416	 2.10	 1	 -42.7173	  172.8286
1.416	 2.81	 1	 -43.3541	  173.5420
1.420	 2.45	 2	 -42.3761	  173.4367
1.422	 2.15	 1	 -41.7650	  174.2559
1.423	 2.06	 1	 -42.7173	  172.6858
1.424	 2.04	 2	 -41.7959	  174.1673
1.425	 2.02	 1	 -42.7076	  172.6109
1.440	 2.10	 1	 -42.6293	  172.6329
1.441	 2.04	 1	 -42.1894	  173.5678
1.443	 2.24	 1	 -42.1897	  173.5549
1.447	 2.43	 1	 -42.6943	  174.2757
1.452	 2.26	 1	 -42.5547	  172.9416
1.455	 2.70	 1	 -42.1164	  173.8239
1.457	 2.17	 1	 -41.7754	  174.3576
1.458	 2.16	 1	 -42.0199	  173.7652
1.464	 2.09	 1	 -42.8183	  172.9164
1.468	 2.08	 1	 -42.1954	  173.6306
1.468	 2.09	 1	 -41.8273	  173.7327
1.473	 2.64	 1	 -42.6693	  172.9020
1.474	 2.16	 1	 -42.1547	  173.4667
1.479	 3.34	 1	 -43.4131	  172.1719
1.480	 2.61	 1	 -43.0051	  173.0714
1.484	 2.16	 2	 -42.4984	  171.9433
1.485	 2.63	 1	 -42.4613	  173.7008
1.488	 2.48	 1	 -42.7583	  172.9256
1.488	 2.02	 1	 -42.6359	  172.8207
1.488	 2.05	 1	 -41.7109	  174.2714
1.488	 2.11	 1	 -41.7566	  174.2258
1.488	 2.36	 2	 -42.3541	  173.5901
1.503	 2.05	 1	 -41.7117	  174.2671
1.506	 2.23	 1	 -42.1799	  173.5732
1.506	 2.61	 2	 -42.4406	  173.5482
1.521	 2.04	 1	 -42.5956	  173.1468
1.522	 3.34	 2	 -42.0822	  173.7385
1.522	 2.11	 1	 -42.2546	  173.6951
1.525	 2.34	 1	 -42.0697	  173.6498
1.526	 2.32	 1	 -42.0213	  173.4816
1.527	 2.57	 1	 -42.3391	  173.5238
1.542	 2.87	 1	 -42.7581	  172.9699
1.543	 2.14	 1	 -42.1441	  172.6150
1.551	 2.28	 1	 -42.4940	  173.2348
1.556	 2.56	 1	 -41.8004	  174.2757
1.557	 3.15	 1	 -41.7564	  174.2814
1.557	 2.38	 1	 -41.7631	  174.2313
1.558	 2.42	 1	 -42.0925	  173.5624
1.560	 2.27	 1	 -43.5482	  171.7340
1.562	 2.52	 1	 -42.0735	  173.7392
1.564	 2.21	 1	 -41.6566	  174.3097
1.566	 2.11	 1	 -41.9908	  174.1699
1.568	 2.34	 1	 -41.8333	  173.5271
1.580	 2.28	 1	 -43.3572	  173.5854
1.583	 2.20	 1	 -46.8854	  170.8119
1.583	 3.40	 1	 -41.6468	  173.2873
1.589	 2.13	 1	 -43.1319	  172.8697
1.592	 2.79	 1	 -41.6901	  174.3705
1.593	 2.34	 1	 -42.3774	  173.8284
1.602	 2.32	 2	 -42.3630	  173.4144
1.604	 3.30	 1	 -42.3930	  172.9816
1.605	 2.11	 1	 -42.0814	  173.9067
1.613	 2.17	 1	 -43.3046	  172.4006
1.622	 2.05	 1	 -42.7097	  172.7754
1.623	 2.71	 1	 -42.7896	  172.8316
1.631	 2.77	 1	 -42.0019	  173.5687
1.632	 2.62	 1	 -42.4952	  173.2606
1.632	 2.68	 1	 -42.2820	  173.7547
1.634	 2.54	 1	 -41.7149	  174.2625
1.642	 2.03	 1	 -41.8276	  174.4615
1.645	 2.05	 2	 -42.2929	  173.5553
1.648	 2.35	 2	 -42.2965	  173.8581
1.648	 2.35	 1	 -41.9362	  174.2155
1.655	 2.33	 1	 -42.7435	  173.8870
1.658	 2.24	 1	 -41.7385	  174.2593
1.659	 2.62	 1	 -42.4986	  173.2779
1.662	 3.54	 1	 -42.5734	  173.1368
1.664	 2.39	 1	 -42.3917	  173.3716
1.666	 2.72	 1	 -42.1903	  173.6126
1.667	 2.09	 1	 -42.4504	  173.8049
1.668	 2.26	 1	 -42.8358	  173.2413
1.668	 2.51	 1	 -42.7012	  172.5368
1.669	 2.78	 1	 -42.6563	  173.3586
1.676	 2.26	 1	 -39.8577	  173.6187
1.679	 2.51	 1	 -42.3160	  174.0046
1.682	 2.19	 1	 -42.3302	  173.4823
1.683	 2.34	 1	 -42.3112	  173.4320
1.698	 3.05	 1	 -42.2368	  172.6965
1.709	 2.34	 1	 -41.8205	  174.4379
1.710	 2.51	 1	 -42.5167	  173.1931
1.710	 2.22	 1	 -42.2997	  172.9218
1.710	 2.88	 1	 -42.1219	  173.5569
1.713	 2.04	 1	 -42.2471	  173.7197
1.719	 2.25	 1	 -42.0920	  172.1653
1.729	 2.61	 1	 -42.2577	  173.4432
1.745	 2.60	 1	 -42.5708	  173.4942
1.746	 3.15	 1	 -41.6476	  174.1330
1.752	 2.57	 1	 -42.0275	  172.6129
1.759	 2.11	 1	 -42.9942	  173.5151
1.761	 2.51	 1	 -42.4232	  173.2184
1.768	 2.07	 1	 -42.7300	  172.7752
1.771	 2.33	 1	 -44.0581	  171.2865
1.779	 2.85	 1	 -41.8052	  174.3573
1.785	 4.65	 1	 -42.4809	  172.3442
1.786	 2.07	 1	 -42.6894	  174.0775
1.786	 2.37	 1	 -43.1906	  173.2584
1.787	 2.10	 1	 -42.2044	  173.3817
1.788	 2.40	 1	 -42.4434	  173.6815
1.799	 2.36	 1	 -42.9702	  173.1961
1.802	 2.43	 1	 -42.5849	  173.2302
1.806	 2.25	 1	 -41.3205	  174.4623
1.810	 2.86	 1	 -42.7182	  173.1916
1.819	 2.30	 1	 -42.5507	  172.8971
1.820	 2.52	 1	 -45.3172	  167.9915
1.826	 2.02	 1	 -42.7290	  173.0031
1.828	 2.27	 1	 -40.7941	  173.0610
1.832	 2.46	 1	 -42.2608	  173.6617
1.833	 2.43	 1	 -41.8777	  173.9292
1.833	 2.25	 1	 -42.5139	  172.8776
1.835	 2.02	 1	 -42.1798	  173.7866
1.838	 3.43	 2	 -42.5059	  173.0774
1.852	 2.14	 1	 -42.0194	  177.1572
1.855	 3.35	 1	 -41.6162	  174.2618
1.864	 3.68	 1	 -42.4178	  173.3335
1.865	 2.23	 1	 -42.1754	  173.5332
1.866	 2.50	 1	 -41.7840	  174.1395
1.871	 2.14	 2	 -42.4778	  172.3633
1.876	 2.16	 1	 -42.1208	  173.6647
1.878	 3.52	 1	 -40.0700	  168.0526
1.883	 2.62	 1	 -41.8249	  174.3719
1.895	 2.28	 2	 -42.3866	  173.4511
1.896	 2.63	 2	 -42.3994	  172.4483
1.902	 2.32	 1	 -42.0942	  173.5079
1.903	 2.50	 1	 -41.6282	  173.3539
1.904	 2.15	 1	 -41.7930	  174.0516
1.907	 2.36	 2	 -42.6648	  172.7703
1.909	 2.70	 1	 -42.0475	  173.8356
1.909	 2.96	 1	 -42.1020	  173.5944
1.910	 2.13	 3	 -42.3865	  172.5015
1.912	 2.15	 1	 -42.4891	  174.4527
1.922	 2.29	 1	 -42.6541	  173.4122
1.923	 2.02	 1	 -42.2919	  173.6753
1.929	 2.91	 1	 -41.7093	  174.1607
1.949	 2.06	 2	 -42.3676	  173.4605
1.958	 2.50	 1	 -42.3510	  173.0955
1.961	 2.17	 2	 -42.4835	  172.3935
1.962	 2.57	 1	 -42.7453	  173.1060
1.964	 3.00	 2	 -42.8848	  172.9866
1.968	 3.60	 1	 -42.2391	  173.8240
1.969	 2.17	 1	 -42.6752	  172.6479
1.970	 2.07	 1	 -42.4912	  173.1905
1.974	 3.43	 1	 -41.7914	  173.4623
1.977	 2.05	 1	 -42.4796	  173.1279
1.981	 2.00	 1	 -42.1062	  173.8143
1.991	 2.30	 1	 -42.4406	  173.3230
1.995	 2.56	 1	 -41.9593	  173.6601
1.997	 2.43	 1	 -41.9973	  173.8073
1.999	 2.11	 1	 -42.4979	  173.6812
2.003	 2.07	 1	 -42.1067	  172.9399
2.009	 3.28	 1	 -42.5257	  169.8515
2.012	 2.07	 1	 -41.8320	  174.1795
2.015	 2.39	 1	 -42.5282	  173.8418
2.027	 2.19	 1	 -42.7182	  172.9343
2.038	 2.78	 1	 -41.8268	  173.7058
2.043	 2.19	 1	 -41.6507	  174.3341
2.055	 2.76	 1	 -42.4915	  173.8530
2.056	 2.46	 1	 -42.2831	  173.8033
2.062	 2.16	 2	 -41.6184	  171.5480
2.064	 2.02	 1	 -41.9008	  174.2330
2.071	 2.45	 1	 -41.6725	  174.0528
2.077	 2.04	 1	 -42.3498	  173.5993
2.077	 2.90	 1	 -42.6947	  173.2540
2.078	 2.38	 1	 -42.8202	  173.1437
2.085	 2.21	 1	 -42.5820	  173.1443
2.088	 2.37	 1	 -42.5872	  173.5788
2.099	 2.08	 1	 -42.4794	  171.8166
2.102	 2.03	 1	 -42.4376	  174.0347
2.105	 2.05	 1	 -41.7903	  174.2982
2.107	 2.44	 1	 -43.1489	  173.0891
2.111	 2.40	 1	 -42.6448	  173.1432
2.111	 2.25	 1	 -42.9486	  172.6799
2.115	 2.10	 1	 -42.2488	  173.8307
2.116	 2.26	 1	 -42.7666	  172.9518
2.118	 2.09	 1	 -42.7953	  172.6184
2.128	 3.10	 1	 -42.7531	  173.6847
2.131	 2.23	 3	 -42.0925	  173.7309
2.133	 2.56	 2	 -42.7572	  173.2190
2.142	 2.30	 2	 -42.3414	  173.5297
2.145	 3.55	 1	 -42.5746	  172.8089
2.156	 2.06	 1	 -42.7134	  172.8640
2.158	 2.24	 1	 -42.3856	  172.6866
2.160	 2.11	 1	 -42.7202	  173.3488
2.184	 2.09	 1	 -42.4098	  173.3116
2.192	 2.27	 1	 -42.4735	  172.9850
2.219	 2.14	 1	 -41.7872	  174.1622
2.222	 3.00	 1	 -42.1661	  173.8372
2.225	 2.12	 1	 -41.9964	  173.6622
2.226	 2.52	 1	 -42.2076	  173.6055
2.242	 2.06	 1	 -42.1376	  173.5949
2.245	 2.25	 1	 -42.1489	  173.1364
2.251	 2.53	 1	 -42.9839	  172.7046
2.261	 2.29	 1	 -42.2776	  173.5873
2.274	 3.50	 1	 -42.1649	  173.4487
2.285	 2.05	 1	 -41.7339	  174.2990
2.296	 2.26	 2	 -42.2494	  173.9641
2.312	 2.00	 1	 -42.6141	  172.9938
2.317	 2.37	 3	 -42.5675	  173.0451
2.317	 2.05	 1	 -43.0892	  172.9903
2.320	 2.06	 2	 -41.8412	  173.9891
2.324	 2.03	 2	 -42.1334	  173.7858
2.328	 2.06	 2	 -42.0029	  173.5687
2.338	 2.07	 2	 -41.6500	  174.1154
2.341	 2.41	 1	 -42.0462	  173.7888
2.346	 2.58	 1	 -42.2562	  173.5971
2.351	 2.33	 1	 -42.1671	  173.6655
2.353	 2.09	 1	 -42.5544	  172.9022
2.359	 2.08	 1	 -42.5175	  172.5467
2.362	 2.08	 1	 -42.3147	  173.6967
2.363	 3.26	 1	 -41.8383	  173.0529
2.371	 2.10	 1	 -42.7717	  173.0958
2.376	 2.12	 1	 -41.9334	  174.1944
2.384	 2.05	 2	 -42.5923	  172.7868
2.386	 2.36	 1	 -41.8992	  173.5014
2.394	 2.05	 1	 -42.8784	  171.8780
2.398	 2.17	 1	 -42.6415	  173.0075
2.403	 2.10	 1	 -42.1508	  173.5189
2.404	 2.42	 1	 -42.8249	  173.2553
2.406	 2.01	 1	 -41.8566	  174.2230
2.415	 2.46	 1	 -41.7796	  174.2908
2.421	 3.44	 1	 -42.3117	  173.6642
2.432	 2.23	 1	 -41.6885	  174.3240
2.435	 2.19	 1	 -42.3856	  173.6051
2.439	 2.08	 1	 -42.3820	  173.8376
2.447	 2.06	 1	 -42.6951	  173.7049
2.452	 2.90	 1	 -41.8351	  174.0105
2.465	 3.53	 1	 -42.0373	  173.4283
2.467	 2.72	 2	 -42.0363	  173.4208
2.470	 2.40	 1	 -42.2957	  173.4688
2.470	 2.52	 1	 -42.0292	  173.7225
2.474	 2.14	 2	 -41.6118	  174.0123
2.480	 3.06	 1	 -42.4766	  173.8212
2.492	 2.11	 1	 -42.3602	  173.7388
2.492	 2.35	 1	 -42.5018	  173.0253
2.496	 2.00	 2	 -41.9856	  173.4655
2.501	 2.34	 1	 -42.7717	  172.9483
2.504	 3.33	 1	 -42.4586	  172.8105
2.512	 2.86	 1	 -41.5711	  174.4260
2.519	 2.72	 1	 -41.9701	  173.7278
2.524	 2.04	 1	 -41.6850	  174.3512
2.525	 2.08	 1	 -42.5106	  173.2830
2.533	 2.43	 1	 -42.1720	  173.6235
2.538	 2.14	 1	 -42.4475	  173.2312
2.539	 2.17	 1	 -46.7006	  172.2062
2.542	 2.47	 1	 -41.7515	  174.2824
2.550	 2.09	 1	 -41.9424	  173.6894
2.568	 2.13	 1	 -42.3001	  173.9681
2.568	 2.19	 1	 -42.1509	  173.5462
2.569	 2.98	 2	 -42.2347	  173.6939
2.572	 2.18	 1	 -41.8753	  174.1969
2.581	 2.41	 1	 -41.7835	  174.2192
2.588	 2.07	 1	 -38.1960	  172.9897
2.589	 2.94	 1	 -41.7232	  174.2635
2.590	 2.26	 1	 -42.1842	  173.5978
2.606	 2.34	 1	 -42.0404	  174.0491
2.606	 2.29	 1	 -42.5306	  172.7074
2.607	 2.67	 1	 -41.6834	  174.2771
2.608	 2.02	 1	 -42.0394	  174.1735
2.613	 2.08	 1	 -42.6931	  173.0252
2.638	 2.34	 1	 -42.4300	  173.0412
2.647	 3.22	 1	 -41.6152	  168.4441
2.648	 2.26	 1	 -43.0630	  172.9057
2.658	 2.34	 1	 -42.6535	  172.9790
2.658	 2.17	 1	 -41.9773	  173.8450
2.659	 2.29	 1	 -41.9814	  173.5376
2.661	 2.40	 1	 -42.3209	  172.4126
2.662	 2.65	 2	 -42.2492	  171.1397
2.669	 2.01	 1	 -45.8424	  170.0413
2.676	 2.34	 1	 -42.3474	  173.2810
2.688	 2.18	 1	 -42.5342	  172.8931
2.694	 2.26	 1	 -42.3671	  172.3315
2.698	 2.30	 2	 -41.7688	  174.2447
2.700	 2.23	 1	 -41.3457	  172.8005
2.704	 2.17	 1	 -42.0105	  173.0610
2.712	 3.04	 2	 -42.4723	  172.7708
2.725	 2.06	 1	 -41.8532	  174.0571
2.726	 2.07	 2	 -42.3748	  173.6784
2.741	 2.32	 1	 -41.7215	  173.9342
2.743	 2.15	 2	 -42.0278	  173.5570
2.750	 2.12	 1	 -42.8789	  173.0624
2.759	 2.73	 2	 -42.1370	  173.8205
2.761	 2.41	 1	 -42.6369	  172.6348
2.765	 3.74	 1	 -42.5860	  173.0477
2.767	 2.04	 1	 -42.2205	  173.6284
2.803	 2.48	 1	 -42.3176	  173.5154
2.803	 2.08	 1	 -41.5814	  173.2059
2.807	 2.96	 1	 -43.1611	  172.8568
2.810	 2.22	 1	 -41.6129	  174.3388
2.811	 2.82	 1	 -42.9575	  173.5221
2.833	 2.31	 1	 -42.4330	  172.7857
2.843	 2.43	 1	 -42.0179	  173.6739
2.858	 2.28	 1	 -42.6349	  173.0425
2.864	 3.64	 1	 -42.7222	  172.8092
2.869	 2.07	 1	 -41.7343	  174.2967
2.871	 2.06	 2	 -42.7229	  172.8008
2.873	 2.23	 1	 -42.2404	  173.2621
2.883	 2.28	 1	 -41.6922	  174.2599
2.887	 2.45	 1	 -44.2434	  171.8805
2.895	 2.09	 1	 -42.5344	  172.5259
2.897	 2.46	 1	 -41.8852	  172.8973
2.904	 2.54	 2	 -42.6378	  172.7592
2.918	 2.86	 1	 -41.8180	  174.1945
2.938	 2.06	 1	 -42.2977	  173.5700
2.938	 2.15	 2	 -41.7950	  174.1517
2.950	 2.06	 2	 -42.3320	  173.4869
2.960	 2.57	 1	 -41.7290	  174.1496
2.967	 2.94	 1	 -42.2279	  173.5968
2.968	 2.17	 1	 -41.7610	  174.4308
2.969	 2.52	 2	 -41.7929	  174.1842
2.970	 2.33	 1	 -42.0148	  173.0014
2.971	 2.10	 1	 -41.6767	  174.2861
2.976	 2.39	 1	 -42.5314	  172.9769
2.982	 2.97	 1	 -42.4300	  173.1405
2.993	 2.82	 1	 -42.1945	  173.6243
2.994	 2.11	 2	 -42.9442	  172.4297
3.000	 2.18	 1	 -41.6619	  174.2665
3.001	 2.86	 1	 -41.7518	  174.1909
3.016	 2.40	 1	 -42.4447	  172.7702
3.020	 2.42	 1	 -42.4527	  173.1219
3.047	 2.14	 1	 -42.2057	  173.6145
3.052	 2.16	 1	 -41.8448	  173.9864
3.060	 2.66	 1	 -42.7354	  172.7658
3.064	 3.00	 1	 -42.7156	  173.5438
3.065	 2.03	 1	 -41.7201	  174.1991
3.082	 2.70	 1	 -42.0803	  173.7938
3.093	 2.31	 1	 -42.1819	  173.1121
3.104	 2.43	 1	 -42.2654	  173.4816
3.118	 2.04	 1	 -42.3330	  173.9775
3.131	 2.80	 1	 -42.2447	  173.5406
3.149	 2.25	 1	 -42.0625	  173.7495
3.167	 2.43	 1	 -42.1796	  173.6268
3.167	 4.53	 1	 -42.4856	  173.4215
3.203	 2.05	 1	 -42.3312	  173.6324
3.208	 2.06	 1	 -42.3625	  172.9437
3.216	 2.44	 1	 -42.8956	  173.0965
3.230	 2.99	 1	 -42.9738	  173.4446
3.244	 2.03	 1	 -42.6824	  172.9094
3.264	 2.69	 2	 -41.7834	  174.1529
3.269	 2.14	 2	 -42.4635	  173.3746
3.274	 2.81	 1	 -42.1142	  173.6775
3.288	 2.06	 1	 -42.7948	  173.1646
3.297	 2.14	 1	 -42.7568	  172.8738
3.307	 3.16	 1	 -42.6863	  175.7031
3.314	 2.59	 2	 -42.4555	  173.3323
3.316	 2.05	 1	 -44.6111	  178.5551
3.321	 2.07	 1	 -42.1665	  173.9402
3.325	 2.50	 1	 -42.6366	  173.1230
3.353	 2.01	 1	 -42.3338	  173.6881
3.357	 2.06	 1	 -41.1336	  173.7833
3.366	 2.28	 1	 -41.8077	  174.2136
3.382	 2.06	 1	 -42.3075	  173.5290
3.387	 2.23	 1	 -42.4758	  173.0766
3.389	 2.08	 1	 -41.8283	  174.1870
3.390	 2.36	 1	 -41.7994	  174.2837
3.390	 2.07	 1	 -41.6872	  174.2992
3.403	 2.04	 1	 -42.8942	  172.2885
3.408	 2.36	 1	 -42.6244	  172.9249
3.411	 2.10	 2	 -41.7043	  174.1341
3.413	 2.23	 1	 -42.3039	  173.9908
3.447	 2.31	 1	 -42.3768	  173.6236
3.454	 2.29	 2	 -42.4821	  173.4140
3.457	 2.35	 1	 -42.3045	  173.1351
3.462	 2.80	 1	 -43.3716	  170.8283
3.469	 3.85	 1	 -42.1591	  173.6287
3.478	 3.08	 1	 -42.4599	  173.5230
3.505	 3.68	 1	 -42.7255	  173.0141
3.505	 2.30	 1	 -42.4929	  172.9386
3.510	 4.08	 1	 -42.4709	  172.8676
3.527	 2.59	 2	 -42.4926	  172.9436
3.536	 2.18	 1	 -42.5929	  172.9522
3.544	 2.03	 1	 -38.2146	  172.4648
3.554	 2.33	 1	 -42.6708	  170.9437
3.558	 2.03	 2	 -42.2939	  172.5148
3.565	 2.27	 1	 -42.2342	  173.6516
3.568	 2.22	 1	 -42.3158	  173.8042
3.573	 3.89	 1	 -42.7224	  172.9727
3.579	 2.52	 2	 -47.1867	  172.8113
3.579	 2.09	 1	 -42.8057	  173.6785
3.604	 2.97	 1	 -41.6366	  174.2012
3.609	 2.94	 2	 -42.7354	  172.9893
3.614	 2.72	 1	 -39.7963	  175.0810
3.615	 2.20	 2	 -42.4522	  173.3385
3.619	 2.11	 2	 -42.7039	  172.9817
3.634	 2.37	 1	 -41.8277	  174.2924
3.642	 2.62	 1	 -41.9733	  171.6993
3.648	 2.71	 1	 -41.0872	  173.4481
3.650	 2.06	 1	 -41.5672	  173.8080
3.653	 2.42	 1	 -41.8952	  173.6954
3.671	 2.11	 1	 -41.5046	  174.1137
3.673	 2.06	 2	 -42.0830	  174.1123
3.679	 2.42	 1	 -42.1452	  173.7141
3.694	 2.14	 1	 -42.5860	  173.3412
3.712	 3.08	 1	 -42.3794	  173.3843
3.722	 2.90	 1	 -42.4661	  172.9878
3.730	 2.06	 2	 -42.4596	  172.8839
3.737	 2.00	 1	 -42.4989	  173.8096
3.753	 2.21	 1	 -42.5963	  172.8839
3.769	 2.22	 1	 -43.1758	  173.4892
3.781	 2.10	 1	 -42.7569	  173.3462
3.794	 3.30	 1	 -41.8226	  174.2345
3.810	 2.04	 1	 -42.2649	  173.7262
3.820	 2.42	 1	 -42.6631	  172.8936
3.839	 2.44	 2	 -42.4357	  172.3791
3.844	 2.48	 1	 -42.5133	  172.2067
3.853	 2.15	 1	 -42.3084	  173.6990
3.858	 2.24	 1	 -42.3500	  173.5417
3.862	 2.20	 1	 -42.9435	  172.8515
3.870	 3.29	 1	 -42.0167	  173.6377
3.881	 2.56	 1	 -42.6479	  172.8307
3.882	 2.21	 3	 -41.8133	  174.2215
3.883	 2.24	 1	 -42.7813	  172.9577
3.883	 2.68	 1	 -42.6776	  172.9911
3.894	 2.82	 1	 -41.7682	  174.3892
3.924	 2.52	 1	 -42.2978	  173.7343
3.935	 2.04	 1	 -41.3972	  173.4621
3.937	 2.25	 1	 -42.0961	  173.9220
3.942	 2.14	 2	 -42.7057	  172.9611
3.959	 2.89	 1	 -43.0256	  173.0013
3.966	 2.01	 1	 -41.7210	  174.3212
3.967	 2.15	 1	 -42.9259	  172.8447
3.976	 2.06	 1	 -42.9975	  172.2402
3.976	 2.01	 1	 -42.6812	  173.3960
3.977	 2.15	 1	 -42.8086	  172.8768
3.981	 2.11	 1	 -42.0575	  173.7693
3.988	 2.28	 1	 -41.9560	  171.8135
3.991	 2.26	 1	 -42.6593	  172.9945
4.001	 2.27	 1	 -42.5200	  172.9862
4.014	 2.40	 1	 -42.4051	  173.7567
4.024	 2.50	 1	 -42.1427	  173.4776
4.035	 2.14	 1	 -43.8106	  171.7161
4.045	 2.05	 1	 -42.1283	  173.5162
4.062	 2.61	 1	 -41.9318	  173.4948
4.070	 2.10	 1	 -43.0321	  172.5301
4.089	 2.43	 2	 -42.1022	  173.7099
4.106	 2.07	 1	 -42.4307	  173.3272
4.117	 2.33	 2	 -42.3801	  173.4600
4.130	 2.02	 1	 -42.6825	  172.9290
4.168	 2.00	 1	 -42.2859	  173.7493
4.170	 2.33	 1	 -42.4713	  172.9751
4.172	 2.41	 1	 -42.5989	  173.6516
4.180	 2.25	 2	 -42.5238	  173.1322
4.184	 2.05	 1	 -42.1820	  173.6202
4.200	 2.25	 1	 -42.3035	  173.5889
4.219	 3.29	 1	 -42.6701	  173.0037
4.225	 3.15	 1	 -42.2858	  173.8111
4.255	 2.87	 1	 -42.6834	  172.9641
4.269	 2.14	 1	 -42.1076	  173.7855
4.271	 2.39	 1	 -42.3947	  173.6923
4.275	 2.10	 1	 -41.8400	  173.9451
4.284	 2.13	 1	 -42.9893	  173.2612
4.290	 2.26	 1	 -42.5142	  173.3084
4.293	 2.36	 1	 -42.4200	  173.7348
4.319	 2.96	 1	 -41.9881	  174.1012
4.345	 2.60	 1	 -42.6624	  172.8980
4.348	 2.33	 1	 -42.9315	  174.1010
4.364	 2.66	 1	 -41.9977	  173.6875
4.375	 2.49	 1	 -41.8017	  174.3912
4.399	 2.01	 1	 -42.6371	  173.4083
4.411	 2.73	 1	 -42.3339	  173.4728
4.414	 2.01	 1	 -41.9842	  174.1391
4.430	 2.51	 1	 -40.1495	  172.3695
4.457	 2.02	 1	 -42.3551	  173.6258
4.460	 3.06	 1	 -42.2388	  174.0303
4.465	 2.25	 1	 -42.7738	  172.7339
4.467	 2.14	 2	 -42.6453	  173.6929
4.476	 2.21	 1	 -41.7261	  174.1679
4.487	 2.12	 1	 -41.7404	  175.7195
4.493	 2.02	 1	 -42.2006	  173.6175
4.494	 2.23	 1	 -42.2294	  173.4445
4.500	 2.87	 1	 -42.5007	  173.1058
4.511	 2.14	 2	 -42.8950	  173.1490
4.517	 2.25	 1	 -42.4357	  173.8288
4.525	 2.07	 1	 -42.0536	  172.7865
4.538	 2.33	 1	 -42.1302	  173.4214
4.550	 3.49	 1	 -42.5211	  173.2209
4.572	 2.51	 1	 -42.8654	  173.2102
4.573	 2.40	 1	 -42.4671	  172.8358
4.576	 3.43	 1	 -41.9224	  173.6726
4.590	 2.25	 1	 -43.8533	  172.7395
4.597	 2.50	 1	 -42.2369	  173.4397
4.633	 2.32	 1	 -42.7540	  173.8859
4.636	 2.27	 1	 -43.0473	  173.5717
4.661	 2.70	 1	 -42.6951	  173.2852
4.685	 2.35	 1	 -42.0480	  173.5099
4.699	 2.15	 1	 -42.2313	  172.9758
4.707	 4.67	 1	 -41.7972	  174.6624
4.729	 3.26	 1	 -42.1086	  173.5905
4.731	 2.10	 1	 -42.6024	  172.9893
4.743	 2.57	 2	 -41.8144	  174.6770
4.744	 2.25	 2	 -42.4931	  173.4314
4.769	 2.12	 1	 -41.7494	  174.2030
4.777	 2.17	 1	 -42.2842	  173.6811
4.783	 2.72	 1	 -42.1867	  174.5139
4.787	 2.10	 3	 -42.4357	  172.3818
4.788	 2.33	 1	 -41.6571	  174.2940
4.795	 2.24	 2	 -42.4789	  172.8103
4.803	 2.01	 2	 -44.5392	  173.3446
4.808	 2.36	 1	 -41.7133	  174.2227
4.823	 2.30	 1	 -42.7414	  173.0924
4.854	 2.04	 1	 -39.9711	  168.1520
4.863	 2.01	 1	 -42.0073	  173.6469
4.863	 2.24	 2	 -41.7746	  174.7145
4.873	 2.11	 1	 -41.7724	  174.2813
4.889	 2.76	 1	 -41.9511	  174.0707
4.918	 2.15	 1	 -42.4648	  172.9443
4.923	 2.32	 2	 -42.3045	  173.4249
4.942	 2.34	 1	 -37.7904	  173.7691
4.944	 2.07	 2	 -37.7887	  173.7685
4.965	 3.14	 1	 -42.4810	  173.6266
4.993	 2.27	 1	 -42.7121	  173.0366
5.007	 2.27	 1	 -42.8069	  173.2745
5.042	 2.32	 1	 -42.6176	  172.7459
5.068	 2.03	 1	 -42.2331	  172.8116
5.081	 3.11	 1	 -42.2936	  173.8248
5.083	 2.99	 1	 -41.6720	  174.3864
5.123	 2.51	 1	 -42.5776	  172.8810
5.131	 2.69	 1	 -41.9352	  173.7708
5.132	 2.09	 1	 -41.9873	  173.7197
5.154	 2.54	 1	 -42.1758	  172.2231
5.169	 2.14	 1	 -42.0119	  173.6807
5.182	 2.66	 2	 -42.1958	  172.6995
5.190	 2.84	 1	 -42.3077	  173.6096
5.194	 3.27	 2	 -41.7516	  174.2012
5.208	 2.73	 1	 -42.6044	  172.9370
5.225	 2.13	 1	 -41.7109	  174.2695
5.234	 3.10	 1	 -43.6290	  171.4035
5.239	 2.16	 1	 -42.6289	  173.4181
5.241	 2.10	 3	 -41.8867	  174.2199
5.249	 2.95	 1	 -41.9645	  173.5451
5.253	 2.11	 1	 -42.6910	  172.8642
5.268	 2.52	 1	 -42.5699	  173.2328
5.275	 2.19	 1	 -42.6258	  173.3069
5.285	 2.22	 1	 -44.4508	  171.1871
5.297	 2.10	 1	 -42.6487	  172.9915
5.314	 2.54	 2	 -40.0816	  168.0767
5.316	 2.23	 1	 -41.7436	  174.0984
5.330	 2.03	 1	 -45.2418	  173.9871
5.341	 2.21	 1	 -42.3792	  173.8133
5.356	 2.33	 1	 -42.2609	  173.6499
5.361	 2.09	 2	 -41.2135	  173.3567
5.363	 2.39	 1	 -42.8870	  172.8871
5.408	 2.59	 1	 -42.4355	  173.2055
5.420	 2.10	 1	 -41.9129	  173.5935
5.476	 2.59	 1	 -42.6959	  173.2539
5.477	 2.41	 2	 -41.7773	  174.6469
5.479	 2.46	 1	 -42.5715	  173.3166
5.493	 2.81	 3	 -41.7524	  174.2001
5.496	 2.02	 1	 -42.6260	  172.9257
5.498	 2.27	 1	 -42.6235	  173.0949
5.507	 2.97	 1	 -43.8521	  173.6476
5.512	 2.46	 1	 -42.8624	  173.1378
5.523	 2.75	 1	 -42.7535	  172.8594
5.527	 2.10	 1	 -42.6296	  172.9778
5.548	 2.25	 1	 -42.6674	  172.8907
5.561	 3.44	 1	 -42.1730	  173.6065
5.583	 2.23	 1	 -42.1279	  173.6499
5.588	 3.49	 1	 -42.6144	  172.4257
5.590	 2.47	 1	 -42.6735	  172.8944
5.600	 2.12	 1	 -42.1514	  173.6590
5.621	 2.94	 1	 -42.6308	  172.9716
5.625	 2.14	 1	 -42.5487	  173.7671
5.628	 2.16	 1	 -43.4523	  171.4198
5.629	 2.64	 1	 -41.2867	  173.6346
5.633	 3.27	 1	 -42.2167	  173.7037
5.635	 3.04	 1	 -42.6651	  172.9174
5.636	 2.53	 1	 -42.0175	  173.6879
5.639	 2.07	 1	 -45.5354	  177.7621
5.649	 2.11	 1	 -42.7583	  173.5029
5.651	 2.22	 1	 -41.7053	  174.2488
5.678	 2.24	 1	 -43.2490	  173.2422
5.689	 2.02	 2	 -41.6585	  174.3367
5.693	 3.22	 2	 -42.6713	  172.8125
5.710	 2.15	 1	 -42.4409	  175.1255
5.721	 2.15	 1	 -42.3108	  172.0466
5.726	 2.10	 1	 -42.4077	  173.7876
5.735	 2.13	 1	 -42.8269	  173.2372
5.746	 2.22	 1	 -42.1622	  173.4915
5.755	 3.03	 1	 -42.7822	  173.2791
5.761	 2.22	 1	 -42.6656	  172.7483
5.795	 2.56	 2	 -42.5390	  172.9993
5.799	 2.03	 1	 -42.5983	  173.9518
5.800	 2.14	 1	 -41.7137	  174.3399
5.817	 2.62	 1	 -41.8907	  173.9397
5.847	 2.83	 1	 -42.2094	  173.7483
5.905	 3.00	 1	 -42.1941	  173.6674
5.907	 3.17	 1	 -42.4213	  172.8639
5.950	 3.19	 2	 -41.7924	  174.6539
5.978	 3.15	 1	 -42.1361	  173.6274
6.016	 2.96	 1	 -41.8943	  173.7406
6.047	 2.08	 2	 -41.8951	  173.7440
6.074	 2.40	 1	 -42.4500	  174.4180
6.075	 2.16	 1	 -42.1538	  173.6762
6.093	 2.18	 1	 -43.1667	  179.1058
6.099	 2.74	 1	 -42.5457	  173.0695
6.113	 2.16	 1	 -42.4460	  173.2159
6.119	 2.10	 1	 -43.1212	  173.0367
6.144	 2.16	 2	 -42.4009	  172.2905
6.151	 2.24	 1	 -42.5342	  176.0087
6.206	 3.12	 1	 -39.5086	  174.0848
6.207	 2.87	 1	 -42.4148	  173.1153
6.227	 2.13	 1	 -42.5107	  173.0435
6.232	 2.09	 2	 -42.5237	  173.1288
6.247	 2.33	 1	 -42.9714	  173.0556
6.260	 2.05	 1	 -41.9619	  173.6723
6.276	 2.29	 1	 -42.5126	  173.0585
6.285	 2.43	 1	 -42.0747	  173.4613
6.287	 2.05	 1	 -42.4903	  173.0880
6.291	 2.01	 1	 -42.0995	  173.6328
6.313	 3.39	 1	 -41.7933	  174.0489
6.317	 2.36	 1	 -41.6875	  174.4216
6.320	 2.42	 1	 -42.5722	  172.7436
6.325	 2.18	 2	 -42.1705	  173.4585
6.340	 2.26	 2	 -41.9627	  173.6533
6.344	 2.63	 1	 -42.6937	  173.2258
6.374	 2.33	 2	 -42.4854	  173.0943
6.380	 2.46	 1	 -43.6387	  173.0343
6.403	 2.22	 1	 -38.2178	  173.6249
6.408	 2.83	 1	 -42.2140	  173.7079
6.439	 2.43	 1	 -41.9577	  173.5503
6.444	 2.19	 1	 -42.1557	  173.4261
6.460	 2.20	 1	 -42.2914	  173.9936
6.462	 2.03	 3	 -41.7808	  174.6702
6.474	 3.24	 1	 -42.4924	  173.1288
6.480	 2.61	 2	 -41.9566	  173.5491
6.483	 2.36	 1	 -43.2336	  172.6757
6.487	 2.49	 2	 -42.5916	  173.0113
6.491	 2.43	 1	 -42.3862	  173.8260
6.495	 2.56	 1	 -42.2399	  173.7130
6.501	 2.21	 1	 -42.8270	  172.7477
6.504	 2.07	 1	 -42.7650	  173.0970
6.506	 3.23	 1	 -42.3660	  173.6236
6.526	 2.52	 1	 -42.6004	  172.4063
6.534	 2.51	 1	 -42.5198	  172.9270
6.535	 2.39	 1	 -41.5905	  173.7707
6.536	 2.54	 1	 -42.5702	  172.7977
6.579	 2.06	 1	 -42.5824	  173.1368
6.609	 2.57	 1	 -42.9067	  172.5626
6.615	 2.00	 1	 -42.0948	  173.7276
6.662	 2.13	 1	 -42.9816	  173.5201
6.695	 3.05	 1	 -40.6671	  177.3855
6.703	 2.02	 1	 -41.6996	  174.2758
6.725	 2.03	 1	 -41.9641	  173.9992
6.743	 3.42	 2	 -42.8100	  173.2736
6.762	 2.70	 1	 -42.6413	  173.1983
6.770	 2.13	 1	 -42.6789	  173.2000
6.792	 2.21	 2	 -42.9390	  172.6357
6.797	 2.13	 1	 -42.4153	  173.2648
6.811	 2.68	 1	 -41.9586	  173.7339
6.812	 2.56	 1	 -41.8972	  173.6309
6.815	 2.10	 1	 -42.6480	  173.1972
6.816	 2.99	 1	 -42.9635	  172.8426
6.828	 3.11	 1	 -41.6883	  178.1235
6.831	 3.92	 1	 -42.0119	  173.7538
6.835	 2.04	 1	 -41.7539	  174.1332
6.846	 2.08	 2	 -41.9660	  173.9987
6.858	 2.63	 1	 -41.7103	  174.2448
6.863	 2.01	 1	 -42.3075	  173.7795
6.886	 3.66	 1	 -41.8453	  176.8776
6.892	 2.47	 1	 -41.8677	  173.9434
6.956	 2.41	 1	 -42.7703	  172.8208
6.957	 2.05	 1	 -42.0281	  173.6551
6.967	 2.40	 1	 -42.7213	  173.1142
6.996	 2.35	 1	 -42.8223	  173.1333
7.012	 2.82	 1	 -41.9446	  173.7464
7.019	 2.20	 1	 -41.9619	  173.6935
7.038	 3.05	 2	 -42.3269	  173.2784
7.051	 3.41	 1	 -42.0518	  173.7015
7.054	 3.07	 1	 -43.1354	  172.8723
7.061	 2.13	 1	 -41.8944	  174.0867
7.106	 2.96	 2	 -43.0294	  178.8519
7.110	 2.46	 1	 -42.2243	  173.8334
7.114	 2.06	 1	 -43.0546	  173.2903
7.119	 2.60	 2	 -42.0690	  173.6985
7.161	 2.00	 1	 -41.9901	  173.6657
7.183	 2.16	 1	 -41.8710	  174.2257
7.196	 2.48	 1	 -42.6724	  172.9342
7.205	 2.50	 1	 -41.9226	  173.6811
7.233	 2.09	 1	 -43.1943	  173.0392
7.258	 2.40	 2	 -41.8161	  176.9062
7.260	 2.20	 2	 -42.6059	  173.1146
7.267	 2.01	 1	 -42.5113	  173.0808
7.286	 2.06	 1	 -42.9938	  172.8479
7.301	 2.26	 2	 -41.7815	  173.6717
7.306	 2.24	 1	 -42.5117	  173.3573
7.311	 2.18	 1	 -42.5800	  173.2632
7.340	 2.10	 1	 -42.7080	  175.5061
7.351	 2.01	 2	 -42.3406	  173.2281
7.369	 2.26	 1	 -42.2856	  173.7808
7.374	 2.09	 1	 -41.9533	  173.6343
7.383	 2.70	 1	 -42.6477	  172.7488
7.390	 2.19	 1	 -41.9867	  173.6716
7.418	 2.02	 1	 -41.3736	  173.6122
7.434	 2.30	 2	 -42.9656	  172.8419
7.465	 2.56	 1	 -42.6760	  173.0350
7.478	 2.05	 1	 -42.3583	  172.8809
7.494	 2.28	 1	 -42.9927	  173.5589
7.497	 2.15	 1	 -41.9017	  173.7728
7.500	 2.27	 1	 -42.0147	  174.1009
7.516	 2.52	 1	 -41.7484	  174.3082
7.529	 2.24	 2	 -42.8741	  172.9444
7.581	 2.71	 1	 -42.8164	  174.1868
7.584	 2.37	 2	 -42.8420	  172.7871
7.594	 2.06	 1	 -42.1031	  173.6325
7.605	 2.41	 2	 -42.8247	  174.1838
7.635	 3.51	 2	 -42.3301	  173.4044
7.695	 2.39	 1	 -41.9960	  174.0615
7.709	 2.32	 1	 -42.6351	  172.8883
7.735	 2.97	 1	 -42.8896	  173.3112
7.792	 2.46	 1	 -42.6434	  172.9781
7.837	 2.07	 1	 -42.3309	  173.6597
7.863	 2.15	 1	 -42.4305	  173.8009
7.886	 2.11	 1	 -39.0565	  177.7485
7.902	 2.25	 1	 -42.3048	  173.7220
7.913	 2.27	 1	 -42.2750	  173.9821
7.949	 2.49	 1	 -42.6035	  172.8715
7.969	 2.04	 1	 -42.8386	  172.8603
7.971	 2.32	 1	 -42.1035	  174.1577
7.983	 2.23	 1	 -42.1760	  174.0051
8.016	 2.01	 1	 -46.4555	  174.1011
8.061	 2.40	 1	 -42.0116	  173.7509
8.077	 3.49	 1	 -42.3415	  173.4523
8.086	 2.23	 2	 -42.3438	  173.4368
8.092	 2.02	 1	 -42.6178	  172.5647
8.128	 2.13	 1	 -42.5422	  175.1472
8.135	 2.17	 1	 -41.6933	  174.5312
8.144	 2.07	 1	 -42.6538	  173.0147
8.144	 2.02	 1	 -43.0786	  173.1876
8.146	 2.72	 1	 -42.5179	  173.1755
8.146	 2.74	 1	 -41.9602	  173.9669
8.164	 2.77	 1	 -42.1174	  173.8526
8.165	 2.55	 1	 -42.0587	  173.6969
8.177	 2.22	 1	 -41.2894	  167.2098
8.186	 2.03	 1	 -42.3611	  173.5950
8.196	 2.62	 1	 -42.2273	  174.5278
8.212	 2.12	 1	 -42.8126	  172.5573
8.217	 4.13	 1	 -41.8410	  173.9927
8.253	 2.15	 1	 -42.0642	  174.2310
8.253	 2.06	 1	 -42.6765	  172.6336
8.272	 2.23	 1	 -42.7219	  172.9398
8.283	 2.31	 1	 -42.5975	  172.8181
8.285	 2.76	 2	 -42.5115	  173.0576
8.289	 2.88	 1	 -42.6838	  173.1659
8.352	 2.06	 1	 -42.4523	  172.9821
8.372	 2.71	 1	 -42.6921	  172.9112
8.385	 2.63	 1	 -41.7343	  174.2528
8.421	 2.75	 2	 -42.7115	  173.1336
8.471	 2.25	 1	 -42.5632	  173.1192
8.493	 2.09	 1	 -41.9558	  173.6705
8.503	 2.03	 1	 -42.0856	  173.4908
8.546	 2.36	 1	 -42.0969	  173.5212
8.593	 2.80	 1	 -41.1439	  174.3692
8.611	 2.94	 1	 -41.4891	  173.6272
8.635	 2.05	 1	 -41.7928	  174.0516
8.663	 3.65	 1	 -42.3960	  173.0123
8.691	 2.17	 1	 -42.6162	  172.9125
8.695	 2.03	 1	 -42.2124	  173.6955
8.719	 2.23	 2	 -41.8435	  173.9761
8.731	 2.27	 1	 -42.0318	  173.6646
8.779	 3.06	 1	 -42.3921	  173.9264
8.817	 2.14	 1	 -42.4061	  173.8790
8.822	 3.13	 1	 -42.2381	  175.5523
8.839	 2.08	 1	 -42.0822	  173.7468
8.871	 2.05	 1	 -42.6189	  172.4338
8.876	 2.61	 1	 -42.4172	  173.3238
8.894	 2.09	 1	 -42.3136	  173.5719
8.908	 2.14	 1	 -41.7444	  174.2901
8.957	 2.88	 1	 -42.5202	  172.8769
8.982	 2.28	 1	 -42.5731	  173.4323
9.020	 3.80	 1	 -42.9767	  172.9729
9.020	 2.10	 1	 -42.3804	  172.9108
9.025	 2.27	 1	 -41.9781	  173.9859
9.026	 2.22	 1	 -41.9234	  173.6659
9.051	 2.48	 1	 -42.9126	  173.3527
9.055	 2.21	 2	 -42.3837	  173.0354
9.063	 2.84	 2	 -42.0579	  173.6944
9.070	 2.02	 1	 -42.2639	  173.2245
9.130	 2.04	 1	 -42.6602	  172.5793
9.167	 2.65	 1	 -42.4959	  173.6791
9.215	 2.40	 1	 -42.4396	  173.2983
9.254	 2.09	 1	 -42.3253	  173.7919
9.280	 2.16	 1	 -43.1951	  173.5774
9.320	 2.39	 1	 -42.6507	  172.8322
9.364	 2.27	 2	 -42.3700	  173.4478
9.414	 2.35	 1	 -41.7757	  174.4142
9.418	 2.77	 2	 -42.5855	  173.1761
9.462	 2.45	 1	 -41.9187	  173.7234
9.485	 2.69	 1	 -42.5061	  173.5820
9.502	 2.06	 1	 -42.2455	  173.6162
9.518	 2.19	 1	 -42.9241	  172.8852
9.523	 2.28	 1	 -42.6516	  172.7016
9.554	 2.09	 1	 -42.1465	  173.5539
9.570	 2.50	 1	 -42.0476	  173.7178
9.570	 2.00	 1	 -42.1847	  172.6937
9.592	 2.10	 1	 -42.7836	  173.3321
9.636	 2.78	 1	 -42.2856	  173.7745
9.651	 2.16	 2	 -41.7480	  173.5459
9.665	 2.06	 2	 -42.6139	  172.4274
9.686	 2.51	 1	 -42.8510	  173.6293
9.703	 2.07	 1	 -42.4763	  173.5285
9.705	 2.12	 1	 -42.5763	  172.7980
9.724	 2.38	 1	 -41.7487	  174.4465
9.736	 2.42	 1	 -44.4014	  175.1347
9.751	 2.04	 1	 -41.6834	  174.2695
9.787	 2.66	 1	 -43.0595	  172.6769
9.787	 2.43	 1	 -42.2140	  174.8683
9.806	 2.53	 1	 -42.6544	  172.9706
9.814	 2.10	 1	 -41.9570	  173.7874
9.817	 2.40	 1	 -42.6946	  172.7339
9.906	 2.03	 1	 -41.7620	  174.3493
9.913	 2.31	 2	 -42.1825	  173.4639
9.967	 2.76	 1	 -42.4292	  173.0745
9.989	 2.70	 1	 -42.7050	  172.8535
10.005	 2.44	 1	 -42.4593	  173.1519
10.008	 2.10	 1	 -41.7143	  172.0577
10.056	 2.38	 1	 -42.1382	  173.6184
10.084	 2.04	 1	 -41.6537	  173.8078
10.091	 2.36	 1	 -42.7318	  172.7644
10.097	 3.29	 1	 -42.9803	  172.8807
10.105	 2.32	 1	 -42.7222	  172.8035
10.123	 2.06	 1	 -41.7077	  174.3579
10.209	 2.23	 1	 -42.7414	  173.0375
10.352	 2.07	 1	 -42.5271	  172.6563
10.377	 2.31	 1	 -41.7468	  174.4292
10.382	 3.10	 1	 -42.3935	  173.8176
10.396	 3.32	 1	 -42.7027	  173.0967
10.437	 2.38	 1	 -42.0700	  173.6652
10.485	 2.31	 1	 -42.7956	  172.9987
10.493	 2.07	 1	 -43.1521	  173.1452
10.515	 2.47	 1	 -42.1501	  173.4873
10.551	 2.24	 1	 -42.2494	  173.7522
10.565	 2.08	 1	 -42.9235	  173.0488
10.614	 2.05	 1	 -42.4373	  173.1763
10.636	 2.42	 1	 -42.5625	  173.0999
10.638	 2.58	 1	 -42.5939	  173.5557
10.661	 2.21	 1	 -42.4690	  173.4917
10.668	 4.39	 1	 -42.8911	  173.2636
10.683	 2.20	 2	 -41.8793	  174.2154
10.695	 2.19	 1	 -42.5965	  172.9558
10.708	 2.85	 1	 -42.5180	  173.1106
10.709	 2.36	 2	 -42.8879	  173.2483
10.732	 2.24	 2	 -41.7900	  174.6249
10.764	 2.38	 1	 -42.9780	  172.9916
10.890	 2.67	 1	 -42.0656	  171.7999
10.892	 2.67	 2	 -42.3097	  173.5166
10.922	 2.15	 1	 -41.9496	  174.1124
10.931	 2.46	 1	 -42.4860	  173.3493
10.956	 2.59	 1	 -40.7268	  178.5244
11.003	 2.32	 1	 -41.8587	  174.1732
11.056	 2.39	 2	 -42.8904	  173.2670
11.112	 2.24	 1	 -42.0817	  173.5617
11.133	 2.43	 1	 -42.0923	  173.0794
11.148	 2.20	 1	 -42.4203	  173.7574
11.153	 2.19	 1	 -42.3536	  173.7083
11.185	 2.26	 1	 -42.6579	  172.7480
11.211	 2.38	 1	 -42.8388	  172.7803
11.217	 2.17	 1	 -42.7383	  173.1226
11.232	 3.43	 1	 -42.1791	  174.0634
11.233	 2.09	 2	 -42.2935	  173.9213
11.259	 2.07	 1	 -44.8673	  176.3937
11.295	 2.15	 1	 -42.8389	  173.0285
11.310	 2.93	 1	 -42.4572	  173.8227
11.324	 2.35	 2	 -42.9899	  173.5303
11.336	 2.31	 1	 -42.7161	  173.0904
11.341	 2.52	 1	 -42.5331	  173.6867
11.353	 2.20	 1	 -42.5553	  172.8129
11.427	 2.09	 1	 -46.8818	  170.7993
11.500	 2.45	 1	 -42.6313	  172.9213
11.560	 2.57	 2	 -42.7707	  172.9988
11.573	 2.87	 1	 -42.1381	  173.4292
11.637	 2.04	 1	 -42.3019	  173.5171
11.640	 2.33	 1	 -41.8700	  173.9518
11.669	 2.24	 1	 -42.6868	  173.0744
11.708	 2.20	 1	 -42.6571	  172.9323
11.715	 2.20	 2	 -41.7846	  174.6534
11.727	 2.12	 1	 -42.2054	  173.6518
11.738	 2.33	 1	 -42.2420	  173.7781
11.749	 2.51	 2	 -42.0692	  171.7929
11.792	 2.19	 1	 -42.5541	  173.7418
11.829	 2.33	 1	 -42.4000	  173.7811
11.848	 2.28	 1	 -43.0904	  172.3051
11.849	 2.62	 1	 -42.5016	  173.2362
11.864	 2.73	 1	 -41.4196	  173.9049
11.877	 2.18	 1	 -42.9324	  173.3569
11.886	 2.95	 1	 -42.2679	  172.4153
11.888	 2.12	 1	 -42.3691	  173.8599
11.909	 2.72	 1	 -41.9455	  173.7036
11.927	 2.34	 1	 -41.9902	  173.8515
11.941	 2.05	 1	 -41.9505	  173.7282
12.000	 2.18	 1	 -41.7415	  174.2361
12.044	 2.62	 1	 -42.3169	  173.8721
12.048	 2.14	 1	 -42.4006	  173.9235
12.077	 2.05	 1	 -42.3627	  173.4444
12.116	 2.48	 1	 -42.0797	  173.6180
12.123	 2.45	 1	 -42.6977	  174.4000
12.138	 2.60	 2	 -42.5508	  173.0537
12.160	 2.52	 1	 -42.6148	  173.0291
12.225	 2.33	 1	 -42.7263	  173.1149
12.249	 3.37	 1	 -43.0461	  172.6735
12.327	 2.04	 1	 -41.5401	  174.0531
12.349	 4.10	 1	 -41.9648	  173.7154
12.350	 2.86	 2	 -41.8455	  173.2831
12.350	 2.14	 1	 -42.4926	  173.1545
12.354	 2.19	 1	 -42.7200	  173.0311
12.363	 2.40	 2	 -42.4288	  174.0891
12.372	 2.34	 1	 -42.7419	  172.8060
12.438	 2.04	 1	 -42.7344	  172.5670
12.439	 4.26	 1	 -42.2553	  173.5435
12.492	 2.10	 1	 -42.6537	  173.1631
12.553	 2.14	 1	 -42.5047	  173.6672
12.589	 2.08	 2	 -42.2419	  173.6257
12.689	 2.64	 1	 -42.7132	  173.0821
12.722	 3.06	 1	 -41.9420	  171.6467
12.748	 2.19	 1	 -42.7258	  173.5670
12.759	 2.41	 2	 -41.6774	  174.3834
12.793	 2.09	 2	 -42.4717	  172.2299
12.814	 2.21	 1	 -42.1116	  173.8124
12.825	 2.02	 1	 -42.2932	  173.8454
12.913	 2.07	 1	 -42.5380	  172.8480
12.930	 2.91	 1	 -42.2715	  173.4722
12.945	 2.22	 1	 -42.4981	  173.2806
12.955	 2.47	 1	 -42.5590	  173.0705
12.959	 2.14	 1	 -42.7581	  173.1085
13.009	 2.49	 2	 -42.4594	  173.1524
13.022	 2.35	 2	 -42.2696	  173.7147
13.043	 2.37	 1	 -41.8194	  174.2239
13.074	 2.38	 1	 -42.0906	  173.5651
13.099	 2.39	 1	 -41.6086	  173.4619
13.103	 2.26	 1	 -41.7731	  174.4493
13.104	 2.25	 1	 -42.8812	  173.0006
13.115	 2.39	 2	 -41.7655	  174.0950
13.126	 2.09	 2	 -41.8300	  174.1827
13.128	 2.05	 2	 -42.2415	  173.5535
13.167	 2.46	 1	 -42.1422	  173.8155
13.185	 2.23	 2	 -42.5415	  173.1539
13.204	 2.26	 1	 -42.1326	  175.3819
13.240	 2.24	 1	 -41.0773	  173.3559
13.244	 2.29	 1	 -42.0557	  173.5332
13.291	 2.41	 1	 -46.2249	  176.8077
13.303	 2.07	 1	 -42.2565	  173.6528
13.327	 2.53	 1	 -42.6433	  172.5683
13.384	 2.24	 1	 -42.0035	  173.7728
13.395	 2.41	 1	 -41.9859	  174.0103
13.400	 2.91	 1	 -42.8854	  173.1196
13.417	 2.10	 1	 -42.3990	  173.6821
13.481	 2.42	 2	 -41.7986	  174.1832
13.531	 2.45	 1	 -42.7789	  172.6827
13.543	 2.36	 1	 -42.1763	  174.0805
13.548	 2.12	 2	 -42.2538	  173.5493
13.566	 2.15	 1	 -41.8518	  174.1882
13.582	 2.42	 1	 -42.7285	  173.0104
13.588	 2.12	 2	 -42.2733	  173.5466
13.661	 2.90	 1	 -42.4496	  173.1130
13.811	 2.18	 1	 -42.6093	  172.9443
13.916	 2.24	 1	 -41.7586	  174.2680
13.921	 2.76	 1	 -42.0223	  173.7428
13.925	 3.46	 1	 -43.2804	  174.0946
13.935	 3.09	 1	 -42.9345	  174.3051
13.977	 2.28	 1	 -41.5914	  172.4517
13.997	 2.46	 2	 -42.9369	  174.3034
14.054	 2.57	 2	 -41.9461	  173.7039
14.064	 2.03	 1	 -42.3088	  173.5396
14.086	 2.61	 1	 -42.4407	  173.1918
14.092	 3.14	 1	 -42.3507	  173.7743
14.100	 2.19	 1	 -42.9056	  172.3040
14.129	 3.25	 1	 -42.6928	  173.1197
14.152	 2.10	 1	 -42.5779	  173.0806
14.246	 2.50	 1	 -42.4359	  173.7649
14.273	 2.13	 1	 -42.9120	  173.0820
14.304	 2.05	 1	 -42.5304	  172.7735
14.333	 2.22	 1	 -41.9638	  173.6853
14.341	 2.14	 1	 -41.7518	  174.2304
14.385	 3.27	 2	 -42.3773	  173.8102
14.398	 2.53	 1	 -42.8233	  172.9751
14.415	 2.98	 1	 -42.3928	  173.7536
14.424	 2.56	 1	 -42.3369	  173.9503
14.429	 2.34	 1	 -42.6605	  173.0280
14.461	 2.17	 1	 -42.1755	  173.5726
14.463	 2.21	 1	 -42.1638	  173.6344
14.480	 2.08	 1	 -42.4341	  173.3285
