# Simulation 728
# RelativeTime(days) Magnitude Generation Latitude Longitude
Time Mag Gen Lat Lon
7.015	 3.71	 1	 -45.2397	  170.2603
7.017	 2.09	 1	 -42.9460	  172.8069
7.025	 2.36	 1	 -39.2743	  169.0474
7.027	 2.00	 1	 -42.3695	  172.9454
7.038	 2.92	 1	 -39.9431	  168.1812
7.039	 2.44	 1	 -42.3785	  171.8186
7.049	 3.37	 1	 -41.4795	  172.6989
7.056	 2.05	 1	 -46.6376	  170.0865
7.057	 2.16	 1	 -42.4377	  172.9400
7.064	 2.05	 1	 -42.1125	  172.3920
7.069	 2.33	 1	 -39.0962	  176.6946
7.073	 2.52	 1	 -46.4656	  169.6941
7.081	 3.60	 1	 -43.1302	  174.5661
7.087	 2.17	 1	 -43.2636	  172.2842
7.087	 2.16	 1	 -40.7099	  174.5865
7.088	 2.10	 1	 -43.3023	  172.7417
7.096	 2.14	 1	 -43.8743	  173.8551
7.100	 2.48	 1	 -43.8874	  174.6563
7.107	 3.11	 1	 -42.6786	  173.0580
7.110	 2.07	 1	 -40.8786	  167.4242
7.111	 2.17	 1	 -44.8789	  173.4124
7.111	 2.29	 1	 -40.7090	  177.1140
7.125	 3.33	 1	 -42.3620	  175.0853
7.132	 2.55	 1	 -43.3887	  171.6942
7.144	 2.14	 1	 -42.1974	  173.8527
7.145	 3.05	 1	 -42.2568	  171.9456
7.151	 2.16	 1	 -45.0656	  167.8256
7.167	 2.26	 1	 -43.1263	  172.1532
7.168	 2.26	 1	 -43.6298	  174.0435
7.168	 2.20	 1	 -39.6770	  175.1542
7.180	 2.44	 1	 -39.5524	  172.3456
7.189	 2.53	 1	 -42.0028	  173.1144
7.192	 2.63	 1	 -44.6043	  174.1512
7.201	 2.48	 1	 -43.1855	  175.0686
7.203	 2.70	 1	 -45.4559	  177.8483
7.204	 2.03	 1	 -43.5817	  172.3090
7.216	 2.26	 2	 -42.5724	  174.6717
7.218	 2.06	 1	 -44.6718	  167.5288
7.248	 2.17	 1	 -43.7126	  173.7741
7.256	 2.68	 1	 -42.4364	  173.6763
7.260	 2.49	 1	 -45.9368	  169.5097
7.266	 2.27	 1	 -39.9931	  173.7963
7.271	 2.33	 1	 -43.3963	  172.6146
7.280	 2.31	 1	 -41.7650	  171.1437
7.281	 2.67	 1	 -43.0929	  171.0630
7.318	 2.63	 1	 -42.3069	  173.8993
7.326	 2.04	 1	 -43.4104	  169.8295
7.326	 2.05	 1	 -40.0120	  175.5662
7.328	 2.25	 1	 -43.1508	  171.6274
7.350	 2.59	 1	 -42.3874	  172.9789
7.350	 2.41	 1	 -43.6503	  172.3683
7.351	 3.02	 1	 -42.9513	  174.1867
7.352	 2.45	 1	 -42.5322	  172.8532
7.354	 2.01	 1	 -42.1935	  172.9451
7.361	 2.20	 1	 -44.1800	  178.7955
7.362	 2.35	 1	 -45.1741	  173.9474
7.373	 2.33	 1	 -42.4636	  172.1739
7.379	 2.20	 1	 -42.4128	  173.7163
7.382	 2.66	 1	 -44.5755	  173.8937
7.393	 2.21	 1	 -45.2242	  173.5812
7.394	 2.69	 1	 -45.8338	  169.8193
7.395	 2.03	 1	 -43.7926	  167.0902
7.395	 2.21	 1	 -42.7022	  173.8599
7.396	 2.11	 1	 -41.9375	  173.6734
7.399	 2.38	 1	 -38.9316	  169.6688
7.400	 2.80	 1	 -42.3568	  178.2937
7.407	 2.28	 1	 -42.0351	  172.1436
7.413	 3.76	 1	 -42.8785	  173.2969
7.436	 2.11	 1	 -41.3458	  169.2731
7.442	 2.59	 1	 -42.4995	  173.6554
7.450	 3.39	 1	 -38.7015	  170.2037
7.461	 2.44	 1	 -42.8069	  173.0394
7.463	 2.08	 1	 -42.1810	  172.6851
7.464	 2.90	 1	 -40.4200	  178.3012
7.467	 2.15	 1	 -42.7370	  171.5160
7.468	 2.58	 1	 -42.4256	  173.6793
7.473	 3.76	 1	 -43.4697	  174.8832
7.475	 2.28	 1	 -43.5432	  172.9182
7.477	 2.20	 1	 -42.7615	  172.7841
7.481	 2.51	 1	 -42.6390	  171.3897
7.490	 3.63	 1	 -40.8925	  178.6284
7.498	 2.80	 1	 -39.3685	  173.4554
7.505	 2.69	 1	 -38.3007	  174.3349
7.510	 2.17	 1	 -42.5649	  171.7341
7.513	 2.44	 1	 -42.1899	  173.6125
7.516	 2.82	 1	 -46.4799	  176.3200
7.522	 2.13	 1	 -41.4007	  170.6003
7.522	 2.43	 1	 -41.8676	  172.0522
7.528	 2.87	 1	 -42.9120	  172.5195
7.532	 2.38	 1	 -42.3395	  174.5747
7.535	 2.48	 1	 -42.5157	  173.7249
7.542	 2.03	 1	 -44.5690	  176.3426
7.544	 2.50	 1	 -43.3149	  172.4099
7.545	 2.64	 1	 -42.9999	  174.8255
7.553	 2.85	 1	 -46.2609	  172.1175
7.566	 2.42	 1	 -43.2868	  172.1321
7.567	 2.01	 1	 -43.3733	  171.9923
7.569	 2.08	 1	 -43.3441	  175.7368
7.582	 2.19	 1	 -42.5622	  173.0332
7.591	 2.05	 1	 -40.6557	  167.5680
7.600	 2.25	 2	 -42.8176	  173.0944
7.602	 3.10	 1	 -46.3082	  171.0142
7.603	 2.18	 1	 -44.6094	  173.9205
7.604	 2.40	 1	 -47.0093	  174.7350
7.610	 2.08	 1	 -42.3398	  176.3615
7.627	 2.97	 1	 -43.8865	  175.1101
7.629	 2.72	 1	 -42.9566	  172.7015
7.630	 2.08	 1	 -43.4170	  169.6143
7.633	 2.03	 1	 -43.7466	  171.2089
7.638	 2.29	 1	 -42.0757	  173.3203
7.642	 2.22	 1	 -40.3593	  171.4068
7.644	 2.15	 1	 -44.2540	  177.2860
7.645	 2.99	 1	 -44.1158	  171.8125
7.646	 2.08	 1	 -41.9186	  172.8834
7.668	 2.18	 1	 -43.2927	  169.9700
7.671	 3.43	 1	 -44.9123	  172.3948
7.676	 2.17	 1	 -43.4123	  172.9412
7.677	 2.86	 1	 -45.6638	  175.0122
7.681	 2.03	 1	 -45.1155	  167.8684
7.687	 2.41	 1	 -42.1591	  171.5119
7.692	 2.10	 1	 -42.6429	  173.6013
7.696	 2.32	 1	 -46.6702	  175.8754
7.707	 2.02	 1	 -45.1437	  176.0685
7.711	 2.62	 1	 -40.1725	  176.4987
7.715	 2.49	 1	 -42.2637	  173.7224
7.716	 3.62	 1	 -42.8220	  173.3044
7.721	 2.67	 2	 -42.9743	  172.7174
7.723	 2.17	 1	 -41.5695	  167.0982
7.735	 2.00	 1	 -39.4386	  172.9450
7.748	 2.70	 1	 -43.6146	  171.4623
7.757	 2.10	 1	 -47.0182	  171.3513
7.764	 3.34	 1	 -41.0816	  171.8820
7.775	 2.35	 1	 -42.0352	  173.3993
7.777	 2.32	 1	 -42.1338	  175.5627
7.791	 2.14	 1	 -41.8640	  174.1761
7.791	 2.12	 1	 -40.1395	  172.8400
7.798	 2.09	 1	 -46.0927	  169.0188
7.807	 2.32	 1	 -46.9901	  171.2222
7.815	 2.11	 1	 -42.1450	  170.0596
7.827	 2.10	 1	 -42.6741	  173.0187
7.830	 2.33	 1	 -42.3023	  173.4420
7.856	 2.01	 1	 -42.0467	  173.7066
7.880	 3.34	 1	 -38.8284	  176.1507
7.881	 2.80	 1	 -46.9521	  174.9822
7.884	 2.41	 1	 -43.8844	  172.3938
7.892	 3.54	 1	 -43.9742	  167.1581
7.898	 2.12	 1	 -44.6703	  171.7322
7.904	 2.10	 1	 -41.7207	  173.6532
7.912	 2.20	 1	 -44.8041	  171.8801
7.913	 2.79	 1	 -44.2874	  174.8799
7.917	 2.01	 1	 -44.7927	  175.9848
7.920	 2.29	 1	 -38.8933	  176.2945
7.927	 2.14	 1	 -42.5131	  170.8423
7.928	 2.23	 1	 -42.5733	  172.5646
7.934	 2.16	 1	 -40.1099	  168.0141
7.940	 2.04	 1	 -43.9717	  173.4688
7.945	 2.60	 1	 -42.2303	  172.1250
7.950	 2.33	 1	 -44.0061	  170.1610
7.966	 2.07	 1	 -45.3373	  172.3747
7.983	 2.58	 1	 -43.2261	  171.4517
7.988	 2.05	 1	 -42.0912	  173.7207
8.000	 2.35	 1	 -41.6773	  174.1738
8.017	 2.09	 1	 -41.4820	  171.1782
8.024	 2.05	 1	 -41.0915	  176.0811
8.039	 2.81	 1	 -42.8541	  174.1894
8.039	 2.20	 1	 -42.6274	  172.9260
8.058	 2.21	 1	 -44.3592	  171.6390
8.067	 3.50	 1	 -42.7031	  174.0871
8.101	 2.60	 1	 -42.7382	  172.1637
8.109	 2.28	 1	 -44.5230	  172.2604
8.119	 2.18	 1	 -42.9385	  173.6020
8.120	 2.47	 1	 -43.4972	  178.7128
8.125	 2.06	 1	 -47.0749	  174.3922
8.127	 2.07	 1	 -45.4551	  171.7808
8.134	 2.15	 1	 -41.0091	  172.5376
8.146	 2.11	 1	 -41.9116	  172.2937
8.148	 4.52	 1	 -42.7543	  173.9959
8.148	 2.49	 2	 -42.8031	  173.9477
8.153	 2.98	 1	 -45.7669	  173.9623
8.155	 2.04	 1	 -45.1113	  170.8015
8.165	 2.19	 1	 -44.5710	  172.4217
8.167	 2.24	 1	 -39.7726	  168.6765
8.168	 2.31	 2	 -45.7733	  173.9564
8.173	 2.28	 2	 -42.7082	  174.0598
8.183	 2.46	 1	 -39.8997	  175.0179
8.185	 2.11	 1	 -42.4518	  170.8430
8.208	 2.06	 1	 -43.4887	  173.0967
8.208	 2.00	 1	 -40.7270	  168.1962
8.209	 2.33	 1	 -42.5959	  170.6239
8.217	 2.75	 1	 -46.7141	  175.7590
8.231	 2.07	 1	 -41.3930	  172.7692
8.242	 2.81	 1	 -42.2441	  173.8853
8.265	 2.02	 1	 -41.1726	  174.6726
8.270	 2.04	 1	 -42.3651	  170.5015
8.274	 2.09	 1	 -43.1645	  173.6934
8.276	 2.53	 1	 -45.3412	  173.1790
8.278	 2.31	 1	 -42.7781	  174.5751
8.278	 2.11	 1	 -42.0080	  173.9611
8.289	 2.23	 1	 -42.8549	  170.1294
8.291	 2.02	 1	 -43.3051	  172.1331
8.300	 2.27	 1	 -39.4042	  174.2538
8.304	 2.15	 1	 -43.8607	  176.9664
8.320	 3.12	 1	 -43.4567	  171.8588
8.330	 2.92	 1	 -42.5373	  171.2513
8.343	 2.58	 1	 -42.0704	  172.8842
8.347	 2.14	 1	 -38.2178	  173.6251
8.354	 2.00	 1	 -46.3012	  169.3723
8.356	 3.03	 1	 -43.0692	  173.9142
8.362	 2.21	 1	 -44.5066	  173.4245
8.395	 3.50	 1	 -44.9625	  171.8013
8.399	 2.27	 1	 -40.7457	  176.3290
8.409	 2.59	 1	 -42.9623	  172.9960
8.411	 2.04	 1	 -43.7905	  172.5935
8.411	 2.10	 1	 -41.9837	  173.3459
8.422	 2.48	 1	 -44.3667	  175.9018
8.426	 2.29	 1	 -45.8452	  177.3844
8.428	 2.31	 1	 -42.1622	  172.8432
8.429	 2.51	 1	 -41.8661	  173.3507
8.438	 2.11	 2	 -42.7026	  174.0873
8.439	 2.13	 1	 -43.5457	  170.0829
8.441	 2.13	 1	 -45.0057	  176.1234
8.443	 2.29	 1	 -45.0247	  174.2120
8.449	 2.61	 1	 -46.3623	  176.5574
8.463	 2.26	 1	 -42.1081	  171.6056
8.466	 2.72	 1	 -42.4173	  173.1615
8.470	 2.18	 1	 -39.2057	  169.1591
8.477	 2.71	 1	 -43.1056	  174.9740
8.490	 2.15	 1	 -43.6447	  167.3181
8.504	 2.14	 1	 -41.5070	  174.4927
8.516	 2.42	 1	 -41.6961	  172.2409
8.519	 2.83	 1	 -42.3315	  174.3572
8.520	 2.09	 1	 -38.3827	  171.2773
8.520	 2.38	 1	 -45.4790	  171.1479
8.531	 2.26	 1	 -41.4475	  172.6987
8.537	 2.03	 2	 -44.9643	  171.8004
8.548	 2.18	 1	 -42.7017	  173.6398
8.552	 2.77	 1	 -41.4315	  168.4753
8.576	 2.29	 1	 -42.4496	  173.5498
8.577	 2.17	 1	 -39.4944	  171.2638
8.588	 2.68	 1	 -41.4447	  170.8241
8.612	 3.11	 1	 -39.7636	  177.6641
8.617	 2.04	 1	 -38.9403	  169.6509
8.620	 2.03	 1	 -47.1693	  172.4485
8.628	 2.14	 1	 -45.4331	  168.1719
8.629	 2.06	 1	 -43.2660	  179.0900
8.650	 2.09	 1	 -42.2966	  172.2597
8.654	 2.10	 1	 -43.5691	  173.2164
8.658	 3.27	 2	 -42.5359	  172.7982
8.660	 2.38	 1	 -42.8718	  174.4730
8.674	 2.70	 1	 -43.9238	  171.3842
8.684	 2.12	 1	 -44.0505	  170.5250
8.711	 2.21	 1	 -40.5692	  169.4643
8.719	 2.50	 1	 -41.7773	  172.0574
8.724	 2.86	 1	 -44.8929	  171.9765
8.725	 2.31	 1	 -43.7266	  172.2271
8.742	 2.15	 1	 -41.5475	  172.5775
8.745	 2.61	 1	 -42.2994	  173.7976
8.752	 2.94	 1	 -43.5889	  173.2475
8.768	 2.37	 1	 -42.7570	  172.4386
8.787	 2.28	 1	 -40.3683	  167.7849
8.799	 2.20	 1	 -40.2730	  167.8655
8.803	 2.19	 1	 -42.9604	  172.9499
8.805	 2.06	 1	 -41.9257	  173.6138
8.805	 2.35	 2	 -41.9345	  173.7083
8.808	 2.70	 1	 -42.8168	  172.8834
8.814	 2.18	 1	 -43.7593	  174.8643
8.823	 3.17	 1	 -42.8183	  171.7260
8.849	 2.40	 1	 -42.0248	  178.6902
8.857	 3.43	 1	 -40.4206	  171.2148
8.859	 2.29	 1	 -42.9162	  173.3566
8.869	 2.01	 1	 -46.4059	  169.5721
8.872	 2.39	 1	 -42.2599	  173.9505
8.874	 2.70	 1	 -43.8576	  172.2989
8.874	 2.20	 1	 -42.4682	  171.8258
8.877	 2.44	 1	 -41.2304	  167.2368
8.878	 2.16	 1	 -43.1950	  172.9327
8.888	 2.36	 1	 -41.9795	  166.9817
8.898	 2.21	 1	 -42.3517	  172.6781
8.911	 2.11	 1	 -47.1609	  172.3370
8.916	 2.07	 1	 -40.9379	  176.1505
8.916	 2.30	 1	 -43.5063	  172.7951
8.924	 3.41	 1	 -42.4486	  174.7010
8.930	 2.10	 1	 -41.2720	  173.1000
8.937	 2.11	 1	 -43.5989	  167.0299
8.939	 2.03	 1	 -43.2076	  176.8971
8.941	 2.14	 1	 -47.1430	  172.1477
8.942	 2.09	 1	 -42.6912	  172.6447
8.948	 2.57	 1	 -43.2385	  172.5181
8.949	 2.44	 1	 -42.8103	  172.8554
8.957	 2.35	 1	 -45.9685	  168.8314
8.957	 2.23	 1	 -42.5086	  178.1172
8.959	 2.01	 1	 -40.5209	  173.9709
8.963	 2.81	 1	 -39.2556	  169.0773
8.999	 2.30	 1	 -38.8550	  176.2107
9.010	 2.00	 1	 -42.7844	  171.5709
9.014	 2.14	 1	 -43.1781	  172.0879
9.018	 2.08	 1	 -41.6509	  170.5336
9.022	 2.66	 1	 -42.3857	  172.3855
9.023	 2.08	 1	 -38.2662	  171.9449
9.035	 2.03	 1	 -42.3379	  173.6106
9.042	 2.12	 1	 -46.7074	  175.7771
9.066	 2.08	 1	 -43.0378	  173.2974
9.074	 2.02	 1	 -42.2755	  173.5220
9.076	 2.13	 1	 -46.5578	  169.8961
9.077	 2.39	 1	 -43.0797	  172.9562
9.094	 3.50	 1	 -39.2320	  169.1157
9.097	 2.20	 1	 -46.5440	  169.8648
9.110	 2.45	 1	 -41.9908	  172.7170
9.110	 2.13	 1	 -43.6141	  174.1002
9.113	 3.06	 1	 -41.6471	  172.0846
9.115	 3.41	 1	 -44.5380	  173.2784
9.139	 2.47	 1	 -42.5409	  173.8922
9.142	 2.02	 1	 -44.3056	  176.9274
9.142	 2.02	 1	 -44.3864	  173.3706
9.148	 2.11	 1	 -42.6110	  173.1350
9.175	 2.08	 1	 -38.6210	  170.4257
9.181	 2.18	 1	 -41.9836	  174.6935
9.216	 2.52	 1	 -39.5678	  168.6228
9.216	 2.04	 1	 -43.7037	  174.3793
9.238	 2.18	 1	 -44.2783	  168.3111
9.244	 2.34	 1	 -42.2267	  173.7783
9.244	 2.09	 1	 -41.7835	  174.2414
9.256	 2.13	 3	 -42.5484	  172.8101
9.257	 2.05	 1	 -41.7262	  174.6310
9.263	 2.18	 1	 -39.4508	  168.7824
9.264	 2.15	 2	 -39.4363	  168.7899
9.274	 2.96	 1	 -43.4204	  170.9114
9.275	 2.25	 1	 -46.9301	  170.9758
9.277	 2.40	 1	 -42.4757	  172.8703
9.295	 2.36	 1	 -38.2484	  172.4798
9.299	 2.17	 1	 -43.2501	  174.4043
9.318	 2.21	 1	 -38.2140	  172.4735
9.336	 2.47	 1	 -43.5276	  174.1794
9.343	 2.49	 1	 -42.4914	  173.2345
9.343	 2.93	 1	 -42.1449	  173.8167
9.345	 2.12	 1	 -45.6701	  168.4378
9.348	 2.31	 1	 -43.6614	  167.0480
9.359	 2.23	 1	 -43.4470	  174.3388
9.362	 2.35	 1	 -42.4272	  173.3047
9.372	 2.02	 1	 -42.3003	  171.4373
9.376	 2.18	 1	 -42.7238	  173.0980
9.379	 2.21	 1	 -42.3414	  166.9230
9.400	 2.19	 1	 -43.4677	  171.4211
9.436	 3.07	 1	 -44.5337	  172.9522
9.458	 2.05	 1	 -43.4713	  173.6120
9.474	 2.50	 1	 -40.2741	  171.4542
9.487	 2.03	 1	 -42.0340	  172.2358
9.491	 2.43	 1	 -44.3392	  172.7858
9.517	 2.39	 1	 -42.4244	  171.4545
9.518	 2.46	 1	 -41.8397	  171.3719
9.533	 2.34	 1	 -46.3559	  169.4745
9.547	 3.52	 1	 -42.7637	  173.6931
9.553	 3.00	 1	 -43.7463	  178.9696
9.555	 2.15	 1	 -40.5922	  171.8315
9.557	 2.24	 1	 -45.5493	  177.7467
9.567	 2.87	 1	 -41.7716	  174.2183
9.584	 2.20	 1	 -38.2724	  171.8989
9.619	 2.45	 1	 -45.8961	  177.3152
9.620	 2.27	 1	 -40.2691	  172.0208
9.626	 2.07	 1	 -42.2480	  173.6299
9.637	 2.00	 1	 -43.5518	  178.6035
9.638	 2.25	 1	 -45.2404	  174.3773
9.642	 2.53	 1	 -42.8144	  173.3803
9.644	 2.65	 1	 -41.7191	  172.8795
9.646	 2.24	 1	 -47.1586	  173.7344
9.649	 2.55	 1	 -42.7505	  173.7028
9.653	 3.04	 1	 -42.2039	  173.7931
9.656	 2.04	 1	 -42.8848	  172.3364
9.672	 2.96	 1	 -44.4186	  168.6117
9.687	 2.80	 1	 -44.0434	  172.0082
9.692	 2.40	 1	 -42.7412	  172.7880
9.695	 2.12	 1	 -42.6597	  172.9266
9.717	 2.06	 1	 -41.2864	  171.6313
9.720	 2.03	 1	 -46.1102	  169.0465
9.732	 2.12	 1	 -38.3127	  171.6368
9.733	 2.76	 1	 -42.2689	  172.8124
9.735	 2.37	 1	 -38.2288	  172.2833
9.750	 3.21	 1	 -41.9709	  172.9702
9.772	 2.38	 1	 -43.3166	  174.4870
9.773	 2.43	 1	 -42.0568	  173.7846
9.790	 2.10	 1	 -42.0672	  172.1599
9.802	 2.11	 1	 -44.5706	  174.0276
9.811	 2.06	 1	 -42.4641	  172.3549
9.844	 2.25	 1	 -42.5075	  173.2948
9.864	 2.30	 1	 -45.8444	  168.6588
9.885	 2.34	 1	 -42.4373	  173.0958
9.890	 2.15	 1	 -41.8543	  174.4020
9.896	 2.39	 1	 -42.1612	  172.3338
9.900	 2.05	 1	 -44.7118	  175.5270
9.906	 2.90	 1	 -44.3752	  174.0439
9.919	 3.44	 1	 -42.6488	  172.8302
9.926	 2.46	 1	 -43.4667	  173.2532
9.929	 2.13	 1	 -43.1820	  173.7735
9.942	 2.31	 1	 -41.7787	  173.2622
9.943	 2.33	 1	 -42.6929	  173.0296
9.951	 2.17	 1	 -39.7149	  169.9436
9.953	 2.11	 1	 -40.9923	  171.5036
9.954	 2.16	 1	 -42.9735	  173.7881
9.959	 2.05	 1	 -46.0601	  173.3055
9.982	 2.45	 1	 -44.0318	  175.0585
10.004	 2.76	 1	 -40.9535	  177.2266
10.020	 2.36	 1	 -41.8189	  174.2090
10.024	 2.26	 1	 -41.6817	  172.6363
10.026	 2.11	 1	 -44.6892	  173.8737
10.045	 2.05	 1	 -43.4639	  172.4599
10.050	 2.05	 1	 -41.8896	  172.2196
10.063	 2.82	 1	 -42.6744	  174.8625
10.066	 2.16	 1	 -42.1330	  173.1356
10.073	 2.02	 1	 -39.0433	  169.4477
10.077	 2.69	 1	 -41.9683	  179.0601
10.091	 2.05	 1	 -42.5391	  166.9079
10.099	 2.15	 1	 -42.8006	  173.2076
10.100	 2.89	 1	 -45.6291	  168.3891
10.110	 2.18	 1	 -42.2990	  174.9356
10.112	 2.20	 1	 -41.7232	  170.9649
10.137	 2.43	 1	 -44.1101	  174.8429
10.143	 2.08	 1	 -41.5351	  172.8743
10.144	 2.23	 1	 -41.6218	  171.6694
10.154	 2.21	 1	 -43.5349	  170.3672
10.155	 2.19	 1	 -42.2460	  172.2060
10.180	 2.28	 1	 -39.0007	  171.8223
10.190	 2.14	 1	 -45.6722	  177.6040
10.200	 2.20	 1	 -43.1281	  173.0001
10.203	 2.03	 1	 -41.8839	  173.4342
10.213	 2.54	 1	 -41.8983	  173.3040
10.238	 2.92	 1	 -46.5521	  169.8830
10.251	 2.35	 1	 -38.7505	  172.4611
10.253	 2.09	 1	 -43.7531	  172.9144
10.254	 2.01	 1	 -43.8446	  170.8716
10.258	 2.38	 1	 -38.3284	  174.4963
10.263	 2.23	 1	 -44.1013	  175.7045
10.277	 2.40	 1	 -40.1485	  169.0163
10.284	 2.01	 1	 -44.5869	  167.4738
10.287	 2.03	 1	 -38.4489	  175.0450
10.302	 2.16	 1	 -40.8848	  173.0616
10.302	 2.42	 1	 -44.0371	  171.6645
10.319	 3.30	 1	 -45.1590	  176.8829
10.332	 2.15	 1	 -45.2019	  171.6458
10.353	 2.14	 1	 -41.5876	  173.8961
10.355	 2.10	 1	 -41.2832	  173.9363
10.360	 2.23	 1	 -43.7207	  174.5596
10.360	 2.13	 1	 -43.4675	  171.0398
10.370	 2.90	 1	 -43.7615	  175.0550
10.388	 2.51	 1	 -40.8682	  178.6138
10.391	 3.04	 1	 -41.5262	  176.0078
10.394	 2.14	 1	 -42.9392	  173.0134
10.397	 2.02	 1	 -44.5534	  167.4528
10.401	 2.15	 1	 -44.2118	  178.7802
10.412	 2.06	 1	 -44.8373	  178.3992
10.412	 2.43	 1	 -41.7119	  170.0876
10.423	 2.75	 1	 -43.6670	  178.9946
10.429	 2.07	 1	 -43.2419	  172.3854
10.430	 2.34	 1	 -43.7034	  171.3118
10.435	 2.01	 1	 -38.5937	  175.5380
10.439	 2.47	 1	 -41.1136	  172.7179
10.449	 3.45	 1	 -43.4857	  172.4412
10.457	 2.67	 1	 -42.7192	  172.8186
10.461	 2.29	 1	 -42.5886	  173.8625
10.471	 3.32	 1	 -43.4217	  179.0590
10.473	 2.31	 1	 -40.9657	  173.9447
10.496	 2.12	 1	 -44.7323	  167.5700
10.502	 2.32	 1	 -42.6452	  173.2486
10.510	 2.15	 1	 -40.4807	  167.6956
10.514	 2.53	 1	 -45.2892	  178.0168
10.538	 2.60	 1	 -44.8529	  167.6567
10.556	 2.06	 1	 -43.3199	  174.1472
10.557	 2.45	 1	 -43.1619	  173.3333
10.558	 2.11	 1	 -41.7249	  173.7308
10.565	 2.21	 1	 -42.0689	  174.1332
10.583	 2.99	 1	 -40.7945	  178.5682
10.585	 2.05	 1	 -45.5747	  173.6017
10.589	 2.04	 1	 -42.6541	  173.3731
10.612	 4.28	 1	 -43.0802	  173.2963
10.618	 2.04	 1	 -47.1200	  171.9531
10.622	 3.51	 1	 -44.0551	  173.9306
10.644	 2.95	 1	 -42.5827	  173.8122
10.647	 2.77	 1	 -42.8716	  171.9452
10.655	 2.85	 1	 -42.7287	  173.4908
10.665	 2.54	 1	 -42.7545	  171.1842
10.669	 2.94	 1	 -42.3815	  173.7741
10.671	 2.32	 1	 -42.2010	  173.6604
10.678	 3.06	 1	 -39.2465	  169.5203
10.684	 3.02	 1	 -43.3491	  170.8255
10.685	 2.26	 2	 -39.2469	  169.5221
10.706	 3.11	 1	 -42.6368	  166.9048
10.712	 2.28	 1	 -42.2503	  174.0380
10.725	 2.11	 1	 -42.7744	  173.7385
10.731	 2.35	 1	 -42.0144	  171.1588
10.733	 2.03	 1	 -42.0410	  170.3374
10.738	 2.32	 1	 -42.0514	  173.8495
10.743	 2.84	 1	 -42.7727	  172.8110
10.749	 2.18	 1	 -41.2374	  174.3368
10.754	 2.59	 1	 -41.8411	  172.7838
10.769	 2.41	 1	 -45.9429	  177.2496
10.780	 2.50	 1	 -42.4428	  173.0746
10.783	 3.53	 1	 -42.7507	  172.0031
10.785	 2.99	 1	 -45.6706	  168.4384
10.786	 2.23	 1	 -42.4582	  172.4517
10.788	 2.64	 1	 -42.6019	  173.1392
10.793	 2.68	 1	 -42.7560	  171.9478
10.807	 2.69	 1	 -39.8976	  172.5745
10.811	 2.23	 1	 -45.6200	  174.7107
10.835	 3.81	 1	 -41.4394	  173.1519
10.850	 2.18	 1	 -42.6882	  172.9579
10.877	 3.10	 1	 -41.5120	  174.0296
10.886	 3.41	 1	 -42.7572	  172.8778
10.887	 2.16	 1	 -43.3588	  171.5348
10.889	 2.27	 1	 -42.3185	  172.6448
10.891	 2.05	 1	 -44.9110	  172.0927
10.892	 2.94	 1	 -43.3793	  171.6590
10.892	 2.62	 1	 -42.9789	  174.4010
10.899	 2.15	 1	 -42.8207	  173.0054
10.916	 2.88	 1	 -38.3232	  171.5767
10.924	 2.00	 1	 -43.3664	  179.0709
10.924	 2.02	 1	 -45.9728	  176.6606
10.944	 2.44	 2	 -43.1172	  173.5978
10.957	 2.13	 1	 -46.9296	  170.9739
10.997	 2.10	 1	 -42.7134	  173.5134
10.998	 2.48	 1	 -46.3680	  176.5465
11.002	 2.33	 1	 -42.9896	  171.4698
11.004	 2.03	 1	 -39.6311	  168.5412
11.018	 2.01	 1	 -42.8692	  179.1352
11.025	 2.23	 1	 -39.7844	  176.7525
11.031	 2.09	 1	 -42.2664	  173.6629
11.041	 2.14	 1	 -41.9451	  174.0470
11.047	 2.29	 1	 -41.9916	  173.7622
11.048	 2.25	 1	 -41.7115	  174.2480
11.086	 3.02	 1	 -44.8377	  167.6454
11.091	 2.20	 1	 -41.5405	  171.9077
11.100	 2.47	 1	 -44.0548	  170.2793
11.101	 2.69	 1	 -42.6759	  170.6047
11.103	 2.12	 1	 -41.3148	  167.1986
11.106	 2.20	 1	 -41.1296	  171.2133
11.106	 2.92	 1	 -38.4375	  171.0438
11.107	 2.04	 1	 -40.6746	  172.0896
11.127	 2.17	 1	 -42.6704	  171.7010
11.128	 2.44	 1	 -42.3830	  177.5191
11.132	 2.02	 1	 -47.1705	  173.5793
11.144	 3.41	 1	 -42.3502	  173.7642
11.167	 3.56	 1	 -42.1163	  173.5599
11.169	 2.03	 1	 -42.1047	  172.4630
11.224	 2.28	 1	 -42.6170	  172.0666
11.229	 2.29	 1	 -44.8720	  173.9115
11.233	 2.31	 1	 -46.8982	  170.8574
11.258	 2.26	 1	 -42.5436	  173.1052
11.264	 2.03	 1	 -42.3212	  173.6833
11.270	 2.07	 1	 -41.7950	  174.2107
11.299	 2.02	 1	 -41.8775	  174.5086
11.311	 2.11	 1	 -45.6719	  176.4345
11.324	 2.86	 1	 -44.2076	  171.8329
11.334	 2.76	 1	 -42.1903	  174.9314
11.335	 2.37	 1	 -43.1725	  173.0401
11.355	 2.35	 1	 -41.9810	  173.7569
11.396	 2.90	 1	 -42.0461	  175.0766
11.435	 2.14	 1	 -46.1062	  173.7883
11.454	 2.05	 1	 -42.0591	  173.7812
11.460	 2.01	 2	 -42.0610	  173.7770
11.469	 2.09	 1	 -42.6511	  174.1664
11.476	 2.61	 1	 -41.9802	  175.0200
11.497	 3.00	 1	 -42.4539	  173.7865
11.503	 2.05	 1	 -41.0426	  170.4530
11.515	 2.11	 1	 -38.5092	  175.2658
11.531	 2.22	 1	 -41.6458	  173.3534
11.543	 2.24	 1	 -42.4111	  172.5042
11.546	 2.22	 2	 -41.4337	  173.1323
11.554	 2.68	 1	 -42.4348	  173.8159
11.555	 2.09	 1	 -41.2957	  173.9208
11.567	 2.17	 1	 -41.6085	  167.0848
11.572	 2.35	 1	 -38.8769	  176.2590
11.627	 3.11	 1	 -40.9113	  176.7196
11.634	 2.01	 1	 -42.6907	  173.6520
11.639	 2.53	 1	 -42.5714	  173.4882
11.641	 2.23	 1	 -42.9239	  166.9124
11.649	 2.30	 1	 -43.8217	  169.1147
11.652	 2.18	 1	 -41.8111	  174.2823
11.656	 2.54	 1	 -42.3389	  172.0236
11.663	 2.25	 1	 -42.2245	  173.9215
11.697	 2.98	 1	 -43.1002	  173.5553
11.720	 2.38	 1	 -43.5862	  173.0013
11.768	 3.61	 1	 -42.6096	  172.7980
11.773	 2.13	 1	 -42.2325	  173.6250
11.785	 2.66	 1	 -40.7805	  168.8433
11.786	 2.38	 1	 -43.0375	  173.1279
11.787	 3.12	 1	 -44.6935	  173.1291
11.787	 2.37	 1	 -42.3100	  171.2515
11.787	 2.21	 1	 -47.0892	  171.7392
11.802	 2.95	 1	 -46.1871	  169.1721
11.806	 2.60	 1	 -41.7616	  169.9607
11.832	 2.07	 1	 -42.5102	  173.0486
11.833	 2.01	 1	 -43.4411	  173.7122
11.839	 3.55	 1	 -41.9324	  178.7946
11.839	 2.46	 1	 -42.7613	  175.9044
11.853	 2.60	 1	 -41.8079	  173.7070
11.867	 2.72	 1	 -41.1370	  172.0503
11.877	 2.58	 1	 -47.1863	  172.8047
11.892	 2.12	 1	 -42.3759	  173.5055
11.892	 2.08	 1	 -45.4751	  177.8279
11.905	 2.06	 1	 -45.8599	  174.3483
11.908	 2.15	 1	 -45.5526	  177.7429
11.912	 2.52	 1	 -41.0865	  172.4288
11.920	 2.11	 1	 -43.9577	  175.0704
11.925	 3.78	 1	 -42.5494	  174.0229
11.934	 3.29	 1	 -43.2107	  172.0011
11.948	 2.39	 1	 -43.4081	  169.7789
11.956	 2.33	 1	 -44.0493	  172.4910
11.957	 2.70	 1	 -42.8579	  171.9943
11.958	 2.43	 1	 -42.8741	  173.4381
11.972	 2.95	 1	 -43.5152	  172.4661
11.994	 2.22	 1	 -40.6881	  174.4203
12.011	 2.07	 1	 -41.7577	  174.4110
12.032	 3.62	 1	 -42.2213	  173.5420
12.033	 2.19	 1	 -38.1984	  173.2239
12.045	 2.01	 1	 -43.4663	  171.7402
12.050	 2.18	 1	 -42.0782	  172.1638
12.050	 2.03	 1	 -41.1353	  175.5491
12.054	 2.04	 1	 -42.3102	  172.5898
12.062	 2.04	 2	 -42.2321	  173.5344
12.068	 2.40	 1	 -41.9993	  173.7003
12.071	 2.38	 1	 -43.2765	  173.4428
12.072	 2.15	 1	 -42.9285	  172.4569
12.078	 2.68	 1	 -42.2468	  171.5589
12.093	 2.49	 1	 -45.7228	  171.8032
12.123	 2.41	 1	 -42.9607	  173.4818
12.139	 2.56	 1	 -43.3379	  172.8122
12.159	 2.12	 1	 -42.2225	  166.9379
12.163	 2.15	 1	 -42.5513	  173.4383
12.163	 2.08	 1	 -43.3305	  172.2712
12.177	 2.66	 1	 -42.3068	  174.0402
12.177	 2.07	 1	 -42.3663	  173.3079
12.207	 2.16	 1	 -41.9525	  173.6143
12.212	 2.02	 1	 -40.5210	  174.7578
12.216	 2.57	 1	 -47.1852	  172.7658
12.217	 2.78	 1	 -46.6167	  170.0349
12.231	 2.18	 1	 -42.4311	  174.2087
12.240	 2.07	 1	 -41.1332	  172.5565
12.247	 2.81	 2	 -42.2228	  173.5303
12.248	 2.55	 1	 -41.7217	  174.4180
12.253	 2.72	 1	 -40.9471	  173.8053
12.281	 2.36	 1	 -43.8566	  172.1317
12.282	 2.33	 1	 -42.8934	  166.9104
12.288	 2.67	 1	 -39.2684	  176.9876
12.288	 2.97	 2	 -39.3028	  176.9947
12.313	 2.56	 1	 -43.3299	  173.3480
12.329	 2.41	 1	 -44.4512	  174.0337
12.334	 2.71	 1	 -42.7382	  172.2342
12.354	 2.85	 1	 -39.9451	  168.1791
12.358	 3.67	 1	 -40.7194	  178.5195
12.359	 2.60	 1	 -40.9923	  171.6382
12.373	 2.04	 1	 -43.9024	  172.2402
12.373	 3.07	 1	 -42.5938	  172.9908
12.379	 2.12	 1	 -47.1671	  172.4170
12.400	 2.19	 1	 -45.3371	  172.3333
12.413	 2.73	 1	 -40.0909	  170.8693
12.415	 2.02	 1	 -43.2432	  173.4021
12.426	 2.19	 1	 -44.6505	  175.3597
12.427	 3.32	 1	 -41.7354	  173.7289
12.438	 2.43	 1	 -43.1383	  174.4268
12.447	 2.12	 1	 -40.5718	  178.4168
12.448	 2.14	 2	 -40.5708	  178.4155
12.455	 2.01	 1	 -41.2835	  171.8448
12.457	 2.31	 1	 -43.2344	  172.7593
12.471	 2.05	 1	 -43.4306	  173.0847
12.477	 2.16	 1	 -40.1195	  172.6983
12.515	 2.43	 1	 -43.1575	  174.3261
12.565	 2.25	 1	 -42.8421	  170.5854
12.568	 2.21	 1	 -42.1307	  172.8691
12.571	 2.61	 1	 -42.1030	  173.6464
12.585	 2.22	 1	 -40.7591	  173.9147
12.596	 2.75	 1	 -43.5136	  172.6096
12.643	 2.05	 1	 -42.2465	  172.8363
12.648	 2.30	 1	 -42.0766	  170.3610
12.650	 2.44	 1	 -44.9423	  172.8490
12.668	 2.04	 2	 -42.2225	  173.5384
12.672	 2.09	 1	 -42.9626	  170.0603
12.695	 2.04	 1	 -42.1952	  171.6550
12.705	 2.12	 1	 -42.9376	  175.3481
12.712	 2.72	 1	 -45.3317	  169.6619
12.717	 2.67	 1	 -43.1952	  173.0000
12.725	 2.65	 1	 -42.8231	  174.1151
12.727	 2.00	 1	 -43.1922	  172.2819
12.742	 2.02	 1	 -42.1639	  174.6132
12.751	 3.05	 1	 -43.1277	  171.3101
12.759	 2.19	 1	 -41.9636	  167.9290
12.783	 2.50	 1	 -43.7538	  167.0772
12.792	 3.05	 1	 -42.5841	  173.0646
12.801	 3.20	 1	 -42.0472	  174.1088
12.809	 2.32	 1	 -42.3605	  173.1486
12.811	 2.12	 1	 -43.6908	  173.9886
12.818	 3.12	 1	 -38.7599	  173.1876
12.835	 2.18	 1	 -42.2416	  171.7683
12.838	 2.09	 1	 -42.7751	  172.0257
12.849	 2.01	 1	 -44.0096	  172.1874
12.863	 2.05	 1	 -43.8942	  173.7384
12.868	 2.03	 1	 -42.3085	  173.7283
12.869	 2.20	 1	 -41.7635	  171.0496
12.870	 3.55	 1	 -42.4412	  173.2442
12.876	 2.23	 1	 -44.2559	  173.4884
12.894	 2.29	 1	 -45.0086	  178.2660
12.906	 2.19	 1	 -42.5923	  172.1361
12.934	 2.03	 1	 -40.6554	  167.5682
12.943	 2.02	 1	 -43.6748	  173.7024
12.944	 2.62	 1	 -43.6616	  174.4599
12.946	 2.13	 1	 -41.5732	  174.6929
12.995	 2.39	 1	 -42.7199	  173.3579
13.019	 2.22	 1	 -41.0672	  172.5406
13.021	 3.22	 1	 -41.4169	  173.4252
13.023	 2.35	 1	 -41.2216	  178.8034
13.024	 2.30	 2	 -41.4148	  173.4330
13.027	 2.18	 1	 -43.1962	  175.4251
13.030	 2.70	 2	 -41.4044	  173.4284
13.036	 2.08	 1	 -43.2169	  169.3416
13.055	 2.07	 1	 -42.7031	  172.8586
13.084	 2.07	 1	 -38.8774	  175.4261
13.086	 2.12	 1	 -42.6754	  173.5979
13.089	 3.11	 1	 -42.4878	  173.0178
13.099	 2.26	 1	 -40.1648	  167.9625
13.100	 2.19	 1	 -44.6217	  171.5993
13.101	 2.38	 1	 -44.7841	  173.8054
13.117	 2.15	 1	 -41.7481	  172.6025
13.140	 2.13	 1	 -43.2955	  173.4252
13.146	 2.36	 1	 -43.8098	  172.7797
13.154	 2.18	 1	 -43.7872	  178.9559
13.169	 2.51	 1	 -40.3307	  170.4961
13.174	 2.26	 1	 -42.8228	  174.2967
13.183	 2.45	 1	 -44.8606	  170.2901
13.211	 2.71	 1	 -45.8642	  168.6855
13.239	 2.55	 1	 -43.6193	  179.0086
13.242	 2.13	 1	 -42.9097	  172.6198
13.249	 2.10	 1	 -43.6286	  174.5891
13.288	 2.13	 1	 -42.5970	  172.3518
13.311	 2.79	 1	 -39.1198	  169.3074
13.329	 3.18	 1	 -43.6761	  174.7302
13.332	 2.92	 1	 -42.2386	  175.3420
13.337	 2.18	 1	 -42.1025	  172.8374
13.347	 2.13	 1	 -43.1237	  175.1437
13.362	 2.55	 1	 -42.6056	  170.8916
13.367	 2.05	 1	 -42.0903	  173.6324
13.386	 2.52	 1	 -42.0088	  172.9939
13.403	 2.63	 1	 -44.1219	  175.6615
13.405	 2.10	 1	 -40.5490	  174.7311
13.418	 2.43	 1	 -41.9744	  173.6750
13.421	 3.11	 1	 -41.1081	  174.7837
13.440	 2.60	 1	 -38.8823	  176.2708
13.462	 2.19	 1	 -43.8857	  168.4933
13.464	 2.48	 1	 -41.4354	  171.7154
13.476	 2.03	 1	 -42.1477	  172.4090
13.483	 2.61	 1	 -42.4631	  172.9192
13.484	 2.43	 1	 -42.5990	  173.4428
13.501	 2.31	 1	 -41.2353	  174.9282
13.525	 2.40	 1	 -44.2104	  172.3949
13.555	 3.62	 1	 -45.4639	  177.8399
13.567	 2.24	 1	 -42.7580	  173.6217
13.569	 2.19	 1	 -41.5922	  172.3898
13.594	 2.40	 1	 -43.2593	  170.9890
13.619	 2.08	 1	 -42.1328	  175.9425
13.619	 2.28	 2	 -41.4220	  173.4268
13.623	 2.16	 1	 -43.1860	  176.9848
13.624	 2.62	 1	 -46.7187	  170.2978
13.634	 2.11	 1	 -42.9408	  173.2433
13.638	 2.05	 1	 -42.1426	  172.3066
13.653	 2.19	 1	 -39.9077	  177.8255
13.659	 3.33	 1	 -41.5740	  167.0966
13.675	 2.14	 1	 -41.9523	  173.6875
13.675	 2.10	 1	 -47.1218	  174.0768
13.678	 2.29	 1	 -39.2381	  169.1057
13.680	 2.55	 1	 -44.0627	  170.0862
13.686	 2.24	 1	 -42.4066	  173.8383
13.693	 2.01	 1	 -42.9228	  173.4844
13.705	 2.99	 1	 -40.7896	  167.4792
13.715	 2.14	 1	 -41.5808	  173.7351
13.722	 2.04	 1	 -44.0563	  172.9492
13.733	 2.25	 1	 -42.6566	  171.6766
13.755	 2.75	 1	 -38.9396	  176.3921
13.758	 2.16	 1	 -42.0313	  173.9105
13.760	 2.51	 1	 -42.7100	  174.8930
13.767	 2.19	 1	 -45.8551	  172.4847
13.774	 2.67	 1	 -46.9714	  174.9027
13.786	 2.12	 1	 -42.5179	  172.9403
13.794	 2.83	 1	 -44.7262	  173.7146
13.799	 3.01	 1	 -40.2429	  173.8415
13.801	 3.43	 1	 -43.6660	  167.0494
13.803	 2.07	 1	 -41.9100	  173.9439
13.819	 2.41	 1	 -40.9065	  173.8647
13.828	 3.22	 1	 -42.4294	  173.5693
13.828	 2.39	 2	 -42.4279	  173.5812
13.835	 3.23	 2	 -42.4272	  173.5778
13.836	 2.58	 1	 -41.7403	  172.2375
13.840	 2.39	 1	 -41.7319	  167.0456
13.846	 2.83	 2	 -45.4750	  177.8949
13.848	 2.88	 1	 -43.9550	  167.1504
13.849	 3.35	 1	 -43.5705	  173.8492
13.862	 2.61	 1	 -45.4170	  173.8914
13.865	 3.19	 1	 -43.7624	  174.5140
13.866	 2.04	 1	 -45.1602	  170.6645
13.867	 2.17	 1	 -43.8477	  169.7432
13.873	 2.12	 1	 -41.1321	  170.9006
13.920	 2.59	 1	 -43.8582	  168.8105
13.922	 2.77	 1	 -41.7950	  174.0386
13.934	 2.09	 1	 -40.4469	  172.6592
13.946	 2.12	 1	 -42.6926	  173.8845
13.958	 2.27	 1	 -43.5013	  174.3004
13.970	 2.12	 1	 -40.6015	  170.8336
