# Simulation 439
# RelativeTime(days) Magnitude Generation Latitude Longitude
Time Mag Gen Lat Lon
7.010	 2.05	 1	 -42.5642	  173.8537
7.013	 2.09	 1	 -38.2018	  172.7086
7.013	 2.39	 1	 -44.7856	  172.7237
7.015	 2.54	 1	 -43.5687	  173.2255
7.021	 2.80	 1	 -43.1108	  177.2984
7.024	 2.01	 1	 -43.3124	  172.4997
7.030	 2.45	 1	 -42.7177	  172.8924
7.030	 2.06	 1	 -44.5733	  173.8136
7.031	 2.26	 1	 -44.4060	  173.3130
7.050	 2.80	 1	 -38.3485	  171.4420
7.051	 2.49	 1	 -42.9713	  172.8779
7.053	 2.15	 1	 -38.4278	  174.9612
7.065	 2.29	 1	 -46.8372	  173.0995
7.066	 2.40	 1	 -42.4656	  172.7303
7.073	 2.92	 1	 -46.8656	  170.7434
7.074	 2.15	 1	 -42.4148	  171.8108
7.079	 3.27	 1	 -40.9155	  172.3035
7.080	 2.01	 1	 -38.1992	  173.2571
7.086	 2.24	 1	 -46.2270	  174.3519
7.091	 2.51	 1	 -46.2554	  169.2899
7.099	 2.02	 1	 -40.9572	  175.0721
7.108	 2.57	 1	 -42.5675	  166.9067
7.112	 2.74	 1	 -42.5592	  173.1886
7.113	 2.32	 1	 -44.2506	  173.2345
7.114	 2.80	 1	 -42.0649	  167.1130
7.128	 2.19	 1	 -43.5608	  171.9786
7.131	 2.05	 1	 -44.1414	  167.2306
7.144	 2.24	 1	 -38.2410	  173.8860
7.146	 2.52	 1	 -44.2286	  167.2723
7.147	 2.42	 1	 -42.7105	  174.9339
7.147	 2.47	 1	 -41.4791	  175.8089
7.156	 2.00	 1	 -43.4079	  171.6745
7.159	 2.03	 1	 -39.7608	  176.4606
7.160	 2.17	 1	 -43.7717	  174.5191
7.161	 3.34	 1	 -42.8160	  176.4092
7.167	 2.21	 1	 -42.1314	  173.7136
7.168	 3.06	 1	 -42.4190	  173.3531
7.175	 2.07	 1	 -39.4439	  168.7922
7.180	 2.58	 1	 -45.2154	  169.6534
7.180	 3.84	 1	 -43.3975	  175.4073
7.182	 2.48	 1	 -40.9837	  175.0519
7.205	 2.48	 1	 -42.4643	  173.6731
7.206	 2.03	 1	 -40.4461	  167.7225
7.211	 2.24	 1	 -41.6686	  174.3034
7.222	 2.06	 1	 -43.2381	  172.5305
7.226	 3.22	 1	 -40.2132	  167.9183
7.229	 2.07	 1	 -40.7184	  173.3516
7.236	 2.30	 1	 -42.2284	  173.9351
7.239	 2.11	 1	 -38.9238	  176.3593
7.242	 2.72	 1	 -45.4239	  173.2816
7.246	 2.11	 1	 -42.0615	  170.1396
7.252	 2.02	 1	 -45.5945	  172.9374
7.252	 2.04	 1	 -43.2672	  174.9278
7.255	 2.09	 1	 -42.4096	  171.6404
7.261	 2.09	 1	 -42.7423	  179.1396
7.270	 2.29	 1	 -42.3418	  171.1910
7.276	 2.21	 1	 -43.7716	  175.0316
7.288	 2.26	 1	 -41.7795	  167.0318
7.291	 2.15	 1	 -42.2859	  173.9884
7.294	 2.61	 1	 -39.4625	  171.3619
7.301	 2.05	 1	 -44.5769	  167.4675
7.301	 2.51	 1	 -40.8871	  171.4690
7.301	 2.33	 1	 -46.8686	  175.2907
7.310	 2.35	 1	 -41.8287	  172.3506
7.325	 2.55	 1	 -44.4377	  171.2498
7.329	 2.06	 1	 -38.6531	  175.7098
7.340	 2.51	 1	 -40.7567	  170.0338
7.346	 4.04	 1	 -44.2244	  172.1651
7.347	 2.10	 1	 -44.3808	  177.3141
7.366	 2.30	 1	 -44.5312	  176.7708
7.389	 2.51	 1	 -41.0969	  175.2990
7.392	 2.25	 1	 -42.1522	  178.4975
7.392	 2.06	 1	 -43.5627	  174.5459
7.399	 2.15	 1	 -42.0508	  173.6956
7.405	 2.30	 1	 -43.7679	  172.4034
7.406	 2.48	 1	 -45.3981	  168.1357
7.423	 3.00	 1	 -43.3038	  171.8053
7.423	 2.82	 1	 -43.2222	  172.8516
7.430	 2.00	 1	 -45.3500	  168.0871
7.431	 2.33	 1	 -42.5441	  173.9907
7.431	 2.66	 1	 -39.1699	  169.2197
7.434	 2.04	 1	 -42.1407	  173.6250
7.449	 2.02	 1	 -44.5987	  173.0804
7.450	 2.19	 1	 -42.5693	  172.7624
7.466	 2.13	 1	 -41.7616	  174.2118
7.474	 2.58	 1	 -45.8249	  173.2482
7.492	 2.01	 1	 -47.0044	  171.2867
7.498	 2.19	 1	 -42.5295	  172.8447
7.507	 2.28	 1	 -43.7720	  173.4224
7.508	 2.26	 1	 -47.1754	  172.5445
7.510	 2.58	 1	 -43.7682	  174.5967
7.511	 2.55	 1	 -43.0339	  175.7579
7.516	 2.36	 1	 -39.7292	  174.7131
7.518	 2.60	 1	 -43.4689	  170.8479
7.523	 2.17	 1	 -42.6525	  172.1808
7.534	 2.40	 1	 -43.8087	  170.0410
7.541	 2.00	 1	 -41.7760	  174.2838
7.544	 2.23	 1	 -43.2732	  174.0851
7.555	 2.57	 1	 -42.8163	  173.9129
7.560	 2.28	 1	 -41.7783	  179.0122
7.562	 2.51	 1	 -41.7681	  174.3233
7.569	 2.37	 1	 -43.4828	  172.7383
7.573	 2.17	 1	 -43.6180	  174.4331
7.582	 2.77	 1	 -41.6218	  174.7247
7.590	 2.66	 1	 -39.9269	  173.2471
7.594	 2.02	 1	 -38.4164	  173.5186
7.602	 2.26	 1	 -46.5917	  169.9750
7.622	 2.10	 1	 -41.7197	  174.2303
7.629	 2.15	 1	 -41.7374	  176.1771
7.636	 2.09	 1	 -44.0361	  178.8605
7.648	 2.20	 1	 -41.8513	  174.2269
7.651	 2.35	 1	 -41.9042	  172.1763
7.658	 2.89	 1	 -42.2966	  172.7427
7.661	 2.30	 1	 -43.2883	  174.6752
7.675	 2.05	 1	 -40.6477	  171.8150
7.677	 2.59	 1	 -42.7033	  173.7970
7.687	 2.35	 1	 -43.6808	  174.1172
7.699	 2.80	 1	 -47.0875	  171.7286
7.727	 2.04	 1	 -45.1862	  169.8474
7.729	 2.30	 1	 -41.8672	  174.6917
7.733	 2.29	 1	 -45.0024	  178.2711
7.734	 2.05	 1	 -40.5693	  167.6293
7.756	 2.39	 1	 -43.7397	  174.2914
7.759	 4.25	 1	 -42.6118	  173.5466
7.760	 2.80	 1	 -45.1125	  177.3959
7.761	 2.05	 1	 -43.1490	  171.3854
7.764	 2.44	 1	 -44.5248	  170.7091
7.768	 2.37	 1	 -42.8662	  170.1838
7.782	 2.08	 1	 -41.0919	  168.4461
7.792	 3.45	 1	 -41.7627	  171.0731
7.827	 2.69	 1	 -40.1655	  178.0824
7.845	 2.46	 1	 -41.9292	  170.9832
7.845	 2.20	 1	 -43.8720	  173.6945
7.847	 2.72	 1	 -42.0104	  175.9064
7.850	 2.03	 1	 -42.5107	  172.9424
7.854	 2.00	 1	 -44.9484	  173.4985
7.859	 2.08	 1	 -42.0825	  173.0997
7.860	 2.12	 1	 -44.8308	  173.0779
7.863	 2.03	 1	 -42.5998	  172.7599
7.874	 2.14	 1	 -42.4593	  174.0862
7.883	 2.28	 1	 -42.9474	  172.2170
7.884	 2.66	 1	 -42.0232	  172.8252
7.886	 2.41	 1	 -40.4753	  176.5628
7.887	 3.77	 1	 -42.0108	  179.0692
7.891	 2.26	 1	 -42.3570	  170.8297
7.900	 2.24	 1	 -38.5170	  175.2924
7.905	 2.05	 1	 -42.0786	  179.0827
7.909	 2.91	 1	 -42.3835	  172.4194
7.924	 2.24	 1	 -40.6620	  171.8778
7.939	 2.53	 1	 -42.6782	  172.8595
7.952	 2.26	 1	 -46.7835	  171.1000
7.956	 2.04	 1	 -45.4100	  168.1480
7.962	 2.57	 1	 -45.2707	  173.8241
7.965	 2.94	 1	 -43.9870	  173.0943
7.969	 2.69	 1	 -39.9253	  170.7918
7.972	 2.61	 1	 -41.6839	  172.9020
7.989	 2.33	 1	 -46.2137	  172.6704
8.010	 2.02	 1	 -39.7661	  168.3772
8.029	 2.54	 1	 -42.7170	  171.6424
8.032	 2.16	 1	 -42.6900	  172.8792
8.037	 2.17	 1	 -40.4878	  167.6902
8.037	 2.11	 1	 -42.4018	  171.1554
8.059	 2.45	 1	 -38.5029	  175.2437
8.063	 2.04	 1	 -38.3326	  171.5253
8.069	 3.05	 1	 -44.4715	  167.4035
8.084	 2.52	 1	 -47.1738	  172.5167
8.094	 2.02	 1	 -46.8963	  175.1937
8.095	 2.49	 1	 -38.2046	  172.6416
8.096	 2.18	 1	 -42.9199	  173.3204
8.106	 2.06	 1	 -42.0982	  175.2986
8.116	 2.60	 1	 -41.8615	  172.4216
8.127	 2.00	 1	 -40.1343	  170.0683
8.136	 2.49	 1	 -44.4797	  167.4083
8.145	 2.39	 1	 -45.8078	  168.6105
8.146	 2.33	 1	 -39.8207	  177.7297
8.160	 2.26	 1	 -42.5118	  179.1350
8.170	 2.30	 1	 -39.7420	  177.6387
8.180	 2.83	 1	 -44.0349	  172.4778
8.181	 2.09	 1	 -45.3265	  173.8108
8.183	 2.57	 1	 -44.7599	  177.5988
8.184	 2.05	 1	 -45.3485	  174.7533
8.188	 2.79	 1	 -43.6695	  171.2736
8.189	 2.73	 1	 -43.4634	  166.9949
8.190	 2.32	 1	 -42.9067	  173.1809
8.201	 2.53	 1	 -43.0219	  172.8733
8.203	 2.09	 1	 -40.0139	  177.9360
8.203	 2.06	 1	 -38.1975	  172.8609
8.205	 2.35	 1	 -47.0918	  174.2880
8.217	 2.03	 1	 -41.7674	  171.3244
8.219	 2.45	 1	 -42.0700	  168.6108
8.220	 2.09	 1	 -42.2579	  174.3370
8.231	 2.35	 1	 -41.0417	  173.7073
8.238	 2.34	 1	 -42.2929	  171.6377
8.255	 2.15	 1	 -44.7925	  171.5022
8.256	 3.11	 1	 -39.4662	  168.7607
8.267	 2.14	 1	 -41.3322	  170.8232
8.281	 2.00	 1	 -41.6055	  173.7001
8.284	 2.95	 1	 -40.7785	  172.0603
8.289	 2.32	 1	 -39.7828	  176.7791
8.293	 3.40	 1	 -41.5009	  174.6495
8.300	 3.10	 1	 -41.8828	  167.0043
8.313	 2.29	 1	 -42.8944	  175.7543
8.323	 2.04	 1	 -41.9310	  170.4610
8.331	 2.26	 1	 -42.7312	  172.1537
8.333	 2.36	 1	 -42.2999	  172.1253
8.334	 2.02	 1	 -39.8145	  171.7482
8.339	 2.45	 1	 -43.3367	  175.5921
8.351	 2.03	 1	 -42.6309	  174.2506
8.356	 2.08	 1	 -42.3701	  173.6299
8.357	 2.18	 1	 -38.3068	  171.6723
8.359	 2.14	 1	 -42.2212	  166.9380
8.368	 2.38	 1	 -42.8505	  172.9840
8.403	 2.46	 1	 -39.7400	  177.6363
8.416	 2.22	 1	 -42.1313	  168.4547
8.418	 2.11	 1	 -42.0912	  173.8906
8.422	 2.14	 1	 -42.5281	  173.0897
8.426	 2.37	 1	 -47.1737	  172.5155
8.429	 2.09	 1	 -40.0024	  168.1200
8.445	 2.22	 1	 -42.0473	  173.8022
8.456	 2.13	 1	 -42.0500	  173.7305
8.471	 5.03	 1	 -43.4227	  166.9855
8.472	 2.16	 1	 -42.1556	  178.3720
8.474	 2.12	 1	 -41.7441	  172.2398
8.477	 2.41	 1	 -42.5846	  173.6595
8.478	 2.26	 1	 -45.6640	  172.9111
8.478	 2.06	 1	 -44.2281	  176.6209
8.487	 3.14	 1	 -42.5077	  170.9170
8.491	 2.48	 1	 -38.3461	  174.5898
8.502	 2.87	 1	 -43.5369	  167.0132
8.506	 2.11	 1	 -42.7238	  173.3857
8.537	 2.20	 1	 -39.1553	  176.7992
8.541	 2.31	 1	 -38.3463	  173.5562
8.541	 2.20	 1	 -41.2944	  179.5479
8.547	 2.15	 1	 -45.7148	  168.4923
8.561	 2.38	 1	 -44.2157	  170.9215
8.562	 3.00	 1	 -41.9771	  173.3249
8.598	 2.12	 1	 -38.9313	  169.6694
8.600	 2.05	 1	 -42.1485	  173.4079
8.609	 2.19	 1	 -42.4540	  170.8991
8.609	 2.05	 1	 -42.0449	  171.6610
8.613	 2.73	 1	 -42.4993	  166.9100
8.616	 2.32	 1	 -44.9997	  170.1120
8.627	 2.19	 1	 -41.8817	  174.3761
8.631	 2.07	 1	 -41.3063	  170.5174
8.636	 2.15	 1	 -42.2557	  172.0084
8.641	 2.14	 1	 -46.8892	  174.2493
8.641	 2.03	 1	 -47.1736	  173.5302
8.660	 2.64	 1	 -41.4527	  167.1415
8.666	 2.34	 1	 -41.6732	  172.2990
8.668	 2.69	 1	 -39.3618	  177.1322
8.671	 2.12	 1	 -44.5549	  168.4660
8.677	 2.24	 1	 -47.1836	  173.3259
8.697	 2.58	 1	 -41.0194	  171.3547
8.713	 2.32	 1	 -41.9764	  173.6852
8.725	 3.03	 1	 -41.6851	  171.5725
8.740	 2.62	 1	 -42.3496	  179.1221
8.750	 2.29	 1	 -41.9972	  174.0600
8.756	 2.77	 1	 -41.7160	  172.1877
8.763	 2.53	 1	 -40.8347	  178.4988
8.773	 2.29	 1	 -38.3705	  171.3340
8.774	 2.28	 1	 -42.6990	  174.8792
8.775	 2.01	 1	 -44.2489	  172.9835
8.785	 2.35	 1	 -42.9350	  176.0367
8.788	 2.45	 1	 -43.8408	  174.6032
8.789	 2.12	 1	 -38.4794	  175.1600
8.800	 3.12	 1	 -43.5815	  173.1821
8.817	 2.25	 1	 -43.8398	  172.1390
8.824	 2.66	 1	 -38.2237	  173.7007
8.825	 2.35	 1	 -42.7133	  166.9044
8.842	 2.17	 1	 -41.5260	  174.9285
8.843	 2.50	 1	 -44.6438	  174.4835
8.855	 2.02	 1	 -47.0925	  171.7603
8.868	 2.54	 1	 -42.0548	  173.7909
8.878	 2.71	 1	 -43.9872	  177.7970
8.894	 2.99	 1	 -41.7062	  174.3235
8.895	 3.07	 1	 -44.1840	  178.7936
8.896	 2.04	 1	 -42.7602	  172.9980
8.902	 2.48	 1	 -42.9605	  175.2578
8.921	 2.25	 1	 -42.7145	  174.6423
8.924	 2.39	 1	 -38.2006	  172.7440
8.932	 3.02	 1	 -45.6723	  168.4404
8.949	 2.65	 1	 -41.5128	  167.1186
8.951	 2.04	 1	 -42.4743	  179.1327
8.952	 3.32	 1	 -43.7299	  172.0627
8.954	 2.09	 1	 -45.8974	  168.7309
8.956	 2.66	 1	 -47.1858	  172.7875
8.970	 2.53	 1	 -46.5747	  176.1092
8.978	 2.22	 1	 -43.9506	  172.6121
8.985	 2.54	 1	 -41.9517	  173.9388
8.987	 2.02	 1	 -42.5094	  171.3055
9.002	 2.97	 1	 -40.5859	  172.3364
9.004	 2.68	 1	 -46.8526	  170.7000
9.017	 3.21	 1	 -40.3916	  173.3973
9.031	 2.87	 1	 -42.6108	  172.3830
9.035	 2.02	 1	 -40.5880	  171.3198
9.038	 2.18	 1	 -41.8801	  174.8237
9.046	 2.23	 1	 -40.4738	  168.3689
9.060	 2.14	 1	 -41.8304	  174.1234
9.068	 2.43	 1	 -41.9149	  174.0622
9.075	 2.58	 1	 -42.5208	  173.0987
9.079	 3.33	 1	 -41.9352	  174.0096
9.080	 2.16	 1	 -44.3500	  171.5370
9.090	 2.68	 1	 -41.4851	  176.4950
9.090	 2.98	 1	 -39.5258	  174.4407
9.097	 2.22	 1	 -39.2460	  171.3647
9.100	 2.43	 1	 -41.5451	  176.3871
9.101	 2.12	 1	 -42.2592	  169.6056
9.111	 2.10	 1	 -43.2248	  172.1675
9.130	 2.27	 1	 -41.4470	  175.4097
9.138	 2.24	 1	 -41.7595	  174.1315
9.140	 2.11	 1	 -45.0135	  178.2620
9.140	 2.13	 1	 -41.7057	  174.5351
9.143	 2.09	 1	 -40.5195	  173.0161
9.147	 2.31	 1	 -45.2426	  167.9832
9.170	 2.44	 1	 -44.1203	  172.2332
9.170	 2.41	 1	 -42.4431	  172.2943
9.185	 2.09	 1	 -44.0268	  172.1515
9.188	 2.21	 1	 -39.5174	  177.3541
9.189	 2.10	 1	 -43.4861	  174.3233
9.197	 2.28	 1	 -47.1493	  173.8344
9.199	 2.40	 1	 -42.7418	  175.7806
9.206	 2.03	 1	 -38.3335	  171.7084
9.207	 2.38	 1	 -41.0939	  172.3876
9.214	 2.33	 1	 -44.1460	  171.0371
9.215	 2.12	 1	 -43.2077	  173.8387
9.218	 2.52	 1	 -43.3917	  173.7265
9.219	 2.16	 1	 -43.4203	  175.0223
9.224	 2.01	 1	 -43.1135	  172.6297
9.233	 2.06	 1	 -42.0342	  173.7758
9.238	 2.60	 1	 -46.2223	  174.6125
9.250	 2.14	 1	 -42.2672	  173.4954
9.257	 2.47	 1	 -42.0659	  173.7388
9.257	 2.83	 1	 -41.2115	  171.7578
9.263	 2.67	 1	 -41.2763	  167.2157
9.266	 2.22	 1	 -44.4708	  171.9267
9.267	 2.60	 1	 -41.6152	  174.6039
9.275	 2.67	 1	 -45.6594	  168.4250
9.283	 2.48	 1	 -43.9901	  174.1317
9.287	 3.68	 1	 -39.2785	  172.8949
9.294	 2.09	 1	 -42.3965	  172.2155
9.303	 2.03	 1	 -40.7452	  173.9851
9.321	 2.10	 1	 -44.3585	  167.3397
9.322	 2.26	 1	 -43.2669	  173.6651
9.325	 2.19	 1	 -44.9772	  173.8719
9.332	 2.34	 1	 -42.7502	  174.9395
9.336	 2.26	 1	 -41.8471	  173.8860
9.337	 2.27	 1	 -42.3687	  172.8353
9.343	 2.92	 1	 -42.2940	  172.1720
9.344	 2.59	 1	 -43.2025	  172.6441
9.349	 2.82	 1	 -40.7303	  175.9061
9.352	 2.10	 1	 -38.2044	  173.3971
9.357	 2.34	 1	 -42.8019	  177.9483
9.384	 2.08	 1	 -44.3645	  173.9129
9.397	 2.17	 1	 -44.5404	  167.4448
9.400	 2.08	 1	 -42.4041	  179.1273
9.406	 2.03	 1	 -42.9230	  172.9234
9.407	 2.35	 1	 -44.2552	  167.2856
9.407	 2.68	 1	 -42.4309	  173.6945
9.422	 2.42	 1	 -43.9024	  174.5168
9.436	 2.45	 1	 -41.0356	  176.7754
9.445	 2.45	 1	 -47.1053	  171.8461
9.447	 2.39	 1	 -42.2566	  172.8253
9.449	 2.14	 1	 -41.0803	  171.9120
9.461	 2.38	 1	 -40.0008	  171.1734
9.461	 2.64	 1	 -44.4109	  174.7757
9.463	 2.26	 1	 -41.8622	  174.9715
9.471	 2.13	 1	 -45.6181	  172.2697
9.472	 2.33	 1	 -43.4921	  175.7338
9.472	 3.09	 1	 -41.8896	  173.1294
9.475	 2.02	 1	 -42.3231	  171.8087
9.485	 2.33	 1	 -42.3644	  175.0062
9.486	 2.27	 1	 -42.9170	  177.6819
9.488	 2.52	 1	 -42.5608	  173.1337
9.491	 2.50	 1	 -41.7588	  174.3058
9.491	 2.68	 1	 -42.0017	  173.3173
9.500	 2.63	 1	 -41.7289	  174.1747
9.504	 2.54	 1	 -40.9048	  176.5236
9.507	 2.27	 1	 -42.1841	  174.4142
9.510	 2.12	 1	 -43.7429	  175.6485
9.514	 2.02	 1	 -39.5926	  168.5905
9.536	 2.16	 1	 -47.1178	  174.1078
9.546	 2.70	 1	 -44.4113	  174.7022
9.550	 2.10	 1	 -43.5006	  174.4795
9.553	 2.57	 1	 -45.3522	  171.3744
9.571	 2.50	 1	 -43.2629	  174.4639
9.575	 2.08	 1	 -44.3042	  178.1424
9.580	 2.99	 1	 -39.5375	  172.8747
9.584	 2.12	 1	 -43.4196	  171.9279
9.585	 2.68	 1	 -41.8076	  174.8221
9.591	 2.25	 1	 -42.7220	  173.2129
9.592	 2.79	 1	 -42.3001	  168.7169
9.595	 2.35	 1	 -47.1857	  172.7840
9.613	 2.22	 1	 -42.4643	  177.6352
9.621	 2.55	 1	 -45.0657	  177.4269
9.630	 2.81	 1	 -40.3232	  176.0976
9.637	 3.59	 1	 -45.9775	  173.8355
9.641	 2.49	 1	 -45.2372	  167.9782
9.641	 2.07	 1	 -41.6477	  173.7957
9.676	 2.39	 1	 -42.2682	  173.6731
9.679	 2.48	 1	 -43.0734	  173.3512
9.687	 2.22	 1	 -41.9819	  174.3828
9.712	 2.02	 1	 -43.2237	  171.9912
9.713	 2.65	 1	 -41.9346	  174.2144
9.725	 2.17	 1	 -47.0806	  174.3584
9.735	 2.46	 1	 -38.7226	  170.1492
9.744	 2.12	 1	 -38.1960	  172.9818
9.746	 2.24	 1	 -42.9544	  175.9716
9.752	 3.65	 1	 -42.3317	  172.4104
9.774	 2.87	 1	 -42.1450	  172.8261
9.791	 2.88	 1	 -43.1694	  174.1307
9.794	 2.05	 1	 -41.2239	  168.7021
9.806	 2.31	 1	 -42.4958	  174.9043
9.822	 2.48	 1	 -43.3130	  170.5328
9.822	 2.22	 1	 -40.3559	  174.3225
9.832	 2.02	 1	 -39.3855	  170.2705
9.840	 2.62	 1	 -40.7859	  176.2952
9.845	 2.07	 1	 -42.1286	  172.1559
9.846	 2.29	 1	 -41.1155	  173.8554
9.853	 2.04	 1	 -45.1959	  178.1042
9.861	 2.56	 1	 -46.9104	  175.1427
9.869	 2.02	 1	 -47.0997	  172.3423
9.872	 2.91	 1	 -44.0115	  173.2069
9.874	 2.51	 1	 -47.0864	  174.3226
9.881	 2.27	 1	 -38.2839	  174.2263
9.896	 2.34	 1	 -41.3307	  173.6197
9.898	 2.29	 1	 -42.0822	  172.7710
9.898	 2.29	 1	 -44.6376	  170.1139
9.904	 2.24	 1	 -43.2315	  175.2694
9.915	 2.54	 1	 -40.5936	  174.0278
9.932	 2.59	 1	 -44.8711	  174.7294
9.933	 2.31	 1	 -46.9888	  174.8281
9.957	 2.26	 1	 -42.3343	  179.1205
9.962	 2.09	 1	 -46.5676	  176.1257
9.964	 2.20	 1	 -42.2280	  172.2807
9.965	 2.06	 1	 -42.4558	  173.1508
9.965	 2.36	 1	 -42.8542	  172.9222
9.976	 2.34	 1	 -41.7105	  167.0520
9.978	 2.02	 1	 -46.4873	  170.8077
9.979	 2.58	 1	 -40.7899	  177.8463
9.994	 3.08	 1	 -41.3288	  167.1925
9.998	 2.17	 1	 -42.5128	  175.3877
10.000	 2.06	 1	 -43.2885	  172.2791
10.012	 2.17	 1	 -46.5492	  169.8765
10.015	 2.01	 1	 -47.1474	  172.1902
10.019	 3.19	 1	 -43.4388	  170.0267
10.029	 2.23	 1	 -46.2822	  176.7067
10.058	 2.20	 1	 -43.2738	  170.8554
10.058	 2.03	 1	 -41.8834	  172.9397
10.065	 2.91	 1	 -42.0746	  173.5317
10.068	 2.16	 1	 -39.2683	  172.3880
10.077	 2.48	 1	 -46.7976	  170.5252
10.088	 2.00	 1	 -43.4276	  174.2955
10.112	 2.58	 1	 -42.0156	  170.5114
10.114	 2.26	 1	 -46.9485	  172.6751
10.116	 2.45	 1	 -41.2960	  176.8924
10.119	 2.40	 1	 -40.5209	  167.6651
10.126	 2.33	 1	 -42.0009	  172.5989
10.132	 2.15	 1	 -39.4556	  175.4557
10.133	 2.01	 1	 -47.0044	  171.2865
10.146	 2.04	 1	 -38.2448	  172.1226
10.171	 2.04	 1	 -38.2156	  173.5933
10.180	 2.09	 1	 -42.6329	  173.0145
10.180	 2.03	 1	 -42.9321	  173.1664
10.185	 2.30	 1	 -45.8737	  177.3459
10.202	 2.07	 1	 -39.3675	  168.9035
10.204	 2.69	 1	 -42.2525	  179.1106
10.210	 2.36	 1	 -42.3997	  173.8279
10.218	 2.02	 1	 -42.4876	  171.4974
10.219	 2.56	 1	 -43.4611	  172.7274
10.247	 2.20	 1	 -44.6732	  171.8204
10.248	 3.59	 1	 -43.2810	  174.6297
10.309	 3.23	 1	 -38.3103	  174.3931
10.323	 3.57	 1	 -43.1083	  172.7262
10.330	 3.14	 1	 -42.4701	  174.5652
10.339	 2.32	 1	 -41.0146	  172.7919
10.372	 2.46	 1	 -45.2789	  168.0176
10.372	 2.41	 1	 -43.0005	  174.3672
10.377	 2.25	 1	 -42.8026	  173.6015
10.378	 2.63	 1	 -41.7803	  174.2791
10.396	 2.17	 1	 -43.1359	  170.1100
10.409	 2.19	 1	 -42.9259	  179.1317
10.411	 2.87	 1	 -42.4293	  171.6023
10.417	 2.89	 1	 -41.9673	  173.7018
10.419	 3.75	 1	 -45.9074	  177.2995
10.423	 2.30	 1	 -44.1826	  167.2500
10.424	 2.10	 1	 -47.1156	  171.9204
10.425	 2.14	 1	 -39.8993	  172.7597
10.436	 2.97	 1	 -42.1054	  173.6578
10.449	 2.71	 1	 -42.1274	  177.4229
10.463	 2.33	 1	 -44.0907	  167.2076
10.466	 2.12	 1	 -40.7601	  172.3055
10.467	 2.18	 1	 -39.3509	  168.9285
10.468	 2.52	 1	 -42.8669	  175.0285
10.471	 2.21	 1	 -42.2389	  172.5400
10.478	 2.49	 1	 -41.8974	  173.5940
10.493	 2.05	 1	 -45.0320	  167.7975
10.512	 2.19	 1	 -42.5327	  169.5690
10.528	 2.53	 1	 -43.7329	  174.6250
10.544	 2.37	 1	 -42.5236	  166.9087
10.545	 2.18	 1	 -39.7113	  168.4422
10.566	 2.12	 1	 -41.6212	  167.0805
10.568	 2.63	 1	 -43.2416	  174.4129
10.580	 3.25	 1	 -42.1733	  172.7918
10.582	 2.36	 1	 -42.1201	  167.3518
10.591	 2.85	 1	 -42.0450	  173.8415
10.596	 2.58	 1	 -41.9809	  173.0223
10.603	 2.27	 1	 -44.3835	  170.3718
10.612	 2.12	 1	 -38.9750	  169.5803
10.622	 2.48	 1	 -41.7332	  172.1702
10.626	 2.23	 1	 -38.5365	  170.6867
10.626	 2.18	 1	 -44.4358	  178.6615
10.631	 3.60	 1	 -38.4016	  174.8512
10.633	 4.21	 1	 -38.2170	  172.4305
10.647	 2.63	 1	 -45.7695	  177.4834
10.685	 3.00	 1	 -45.4705	  173.5305
10.693	 3.63	 1	 -42.7854	  172.3120
10.703	 2.00	 1	 -39.3394	  176.3149
10.728	 2.70	 1	 -45.8035	  170.5905
10.736	 2.79	 1	 -43.2064	  173.2532
10.737	 2.56	 1	 -39.0358	  169.4619
10.761	 2.65	 1	 -43.1774	  172.6636
10.772	 2.38	 1	 -43.0282	  172.9712
10.785	 2.08	 1	 -41.1714	  172.8737
10.794	 2.05	 1	 -42.8324	  171.5880
10.812	 2.03	 1	 -40.9849	  170.1789
10.816	 2.45	 1	 -39.4079	  177.2003
10.819	 2.25	 1	 -46.4222	  169.6047
10.832	 3.48	 1	 -43.0609	  173.2937
10.836	 2.26	 1	 -41.4519	  172.0204
10.836	 2.64	 1	 -40.7525	  175.9594
10.837	 2.29	 1	 -43.6640	  172.7112
10.844	 2.39	 1	 -41.4280	  175.3533
10.867	 2.07	 1	 -43.3353	  175.3406
10.869	 2.56	 1	 -42.4901	  173.7659
10.870	 2.14	 1	 -44.4834	  178.6338
10.874	 2.04	 1	 -42.4342	  173.7484
10.881	 2.04	 1	 -42.9143	  174.7814
10.885	 2.95	 1	 -40.2756	  173.3040
10.889	 2.01	 1	 -40.5020	  177.2165
10.900	 2.38	 1	 -44.9391	  178.3217
10.904	 2.23	 1	 -41.8922	  174.0100
10.907	 2.03	 1	 -41.8578	  172.8961
10.925	 2.05	 1	 -43.2638	  171.9878
10.935	 2.12	 1	 -42.6291	  177.6972
10.944	 3.34	 1	 -44.0350	  175.8693
10.948	 2.05	 1	 -43.1213	  172.6844
10.948	 2.56	 1	 -43.5018	  172.8946
10.969	 2.09	 1	 -44.4156	  174.8085
10.979	 2.14	 1	 -42.6015	  179.1387
10.986	 2.16	 1	 -42.0737	  179.0817
10.995	 2.76	 1	 -41.7430	  174.2061
11.006	 4.08	 1	 -43.6250	  172.2552
11.009	 3.09	 1	 -39.3790	  172.7305
11.011	 2.37	 1	 -46.7076	  175.7767
11.027	 2.31	 1	 -41.8644	  175.0119
11.027	 2.27	 1	 -42.0786	  172.1684
11.030	 2.11	 1	 -43.6434	  171.8276
11.043	 2.64	 1	 -41.4113	  167.1579
11.044	 2.15	 1	 -41.9236	  171.4666
11.059	 2.05	 1	 -43.8731	  175.5916
11.064	 2.16	 1	 -41.7074	  169.6746
11.065	 2.30	 1	 -46.0944	  174.4514
11.071	 2.14	 1	 -43.9147	  170.4615
11.084	 2.30	 1	 -42.2965	  173.8578
11.090	 2.65	 1	 -41.9658	  176.2018
11.092	 2.09	 1	 -45.8795	  172.7914
11.093	 2.59	 1	 -41.8184	  171.2688
11.099	 3.65	 1	 -39.3994	  175.1145
11.099	 2.22	 1	 -39.7827	  170.9635
11.103	 2.15	 1	 -42.7510	  172.2852
11.112	 2.37	 1	 -41.6119	  173.0845
11.127	 2.97	 1	 -39.1056	  169.3327
11.129	 2.36	 1	 -47.1890	  172.9805
11.144	 2.35	 1	 -42.1450	  176.8242
11.152	 2.54	 1	 -40.4474	  174.7841
11.152	 2.09	 1	 -46.1965	  169.1880
11.154	 2.27	 1	 -38.2005	  173.2975
11.183	 2.65	 1	 -38.8439	  169.8583
11.183	 2.51	 1	 -45.7966	  175.8567
11.183	 2.24	 1	 -44.5824	  167.6310
11.197	 2.67	 1	 -43.9797	  173.5389
11.215	 2.35	 1	 -44.0094	  167.1725
11.217	 2.13	 1	 -42.5858	  170.9064
11.224	 2.44	 1	 -40.6324	  178.4601
11.240	 2.70	 1	 -40.1681	  168.9810
11.241	 2.59	 1	 -44.3940	  173.0210
11.243	 2.15	 1	 -42.4269	  170.9179
11.246	 2.08	 1	 -39.3776	  171.9183
11.246	 2.11	 1	 -41.9530	  172.6178
11.248	 2.56	 1	 -38.6704	  175.7574
11.258	 2.34	 1	 -41.1418	  175.9686
11.283	 2.19	 1	 -38.6770	  175.7753
11.293	 2.20	 1	 -41.1417	  178.4508
11.303	 2.07	 1	 -43.5476	  168.2832
11.318	 2.11	 1	 -42.1187	  173.6039
11.323	 3.16	 1	 -46.0030	  168.8819
11.355	 2.35	 1	 -41.5951	  171.9245
11.379	 2.23	 1	 -42.0111	  171.6481
11.389	 2.31	 1	 -38.7138	  170.1717
11.390	 2.08	 1	 -44.9163	  171.8031
11.405	 2.24	 1	 -43.8576	  175.2147
11.421	 3.27	 1	 -42.1501	  179.0953
11.438	 2.19	 1	 -41.4121	  175.1729
11.450	 2.21	 1	 -43.4710	  173.3752
11.476	 2.52	 1	 -42.3435	  172.5970
11.478	 2.35	 1	 -42.8851	  179.1343
11.481	 2.08	 1	 -44.8219	  174.0574
11.503	 2.54	 1	 -46.1816	  176.8814
11.519	 2.15	 1	 -43.7341	  173.4795
11.529	 2.54	 1	 -44.0056	  167.1710
11.532	 2.23	 1	 -44.5483	  167.4496
11.541	 2.06	 1	 -41.0683	  167.3174
11.564	 2.30	 1	 -39.3253	  168.9676
11.565	 2.51	 1	 -42.4308	  176.9333
11.576	 2.39	 1	 -42.4214	  173.1694
11.581	 2.93	 1	 -42.3316	  172.0190
11.586	 2.62	 1	 -42.7989	  174.1511
11.596	 2.73	 1	 -43.3959	  175.9162
11.598	 2.07	 1	 -39.8570	  174.6575
11.601	 2.54	 1	 -42.3170	  173.6241
11.603	 2.41	 1	 -43.6229	  170.5107
11.622	 2.89	 1	 -43.3027	  172.0964
11.641	 2.31	 1	 -42.8447	  179.1364
11.642	 2.08	 1	 -41.7642	  173.8093
11.644	 2.24	 1	 -42.4417	  173.1875
11.649	 3.80	 1	 -41.4132	  172.4168
11.660	 2.38	 1	 -42.1884	  173.6360
11.665	 2.02	 1	 -40.8941	  168.5247
11.672	 2.01	 1	 -42.9931	  167.9014
11.698	 2.76	 1	 -42.5638	  173.7217
11.712	 2.86	 1	 -46.9077	  170.8917
11.713	 2.93	 1	 -43.3309	  168.1133
11.723	 2.21	 1	 -43.5240	  171.8176
11.729	 2.11	 1	 -41.6891	  173.5936
11.738	 2.00	 1	 -45.5629	  177.6928
11.740	 3.02	 1	 -41.4479	  173.7574
11.753	 2.01	 1	 -41.9149	  173.5845
11.757	 2.64	 1	 -42.2826	  171.5128
11.757	 3.14	 1	 -43.3788	  175.6808
11.765	 2.73	 1	 -43.0345	  174.7100
11.794	 2.51	 1	 -41.4268	  170.9577
11.795	 2.03	 1	 -42.9769	  173.5454
11.814	 3.33	 1	 -45.6783	  177.5965
11.819	 2.13	 1	 -42.6754	  171.0611
11.831	 2.47	 1	 -42.8003	  173.8574
11.841	 2.78	 1	 -41.9526	  173.1660
11.854	 2.09	 1	 -45.9338	  172.6419
11.856	 2.97	 1	 -42.2321	  173.6909
11.860	 2.23	 1	 -44.3233	  172.2540
11.864	 2.19	 1	 -43.4701	  175.8293
11.874	 2.09	 1	 -39.8388	  168.2943
11.877	 4.18	 1	 -42.9004	  166.9109
11.882	 2.01	 1	 -43.6259	  179.0067
11.891	 2.63	 1	 -44.4442	  172.2955
11.895	 2.04	 1	 -43.0525	  169.2755
11.900	 2.25	 1	 -38.8619	  176.2260
11.912	 3.88	 1	 -42.2048	  173.6132
11.923	 2.18	 1	 -43.9248	  167.1385
11.926	 2.64	 1	 -42.9346	  173.3932
11.932	 2.36	 1	 -42.3063	  173.3131
11.934	 2.39	 1	 -45.9057	  177.3020
11.948	 2.71	 1	 -42.2337	  173.7027
11.971	 2.23	 1	 -41.8194	  173.0498
11.979	 2.05	 1	 -46.5845	  176.0862
11.981	 2.16	 1	 -38.4039	  174.8613
11.984	 2.55	 1	 -46.8588	  175.3237
12.025	 2.12	 1	 -42.3522	  172.4735
12.042	 2.68	 1	 -39.2054	  169.1598
12.044	 2.35	 1	 -43.3771	  173.8791
12.055	 2.66	 1	 -47.1670	  172.4154
12.088	 2.21	 1	 -47.1227	  171.9746
12.111	 2.02	 1	 -43.6920	  172.1697
12.116	 2.18	 1	 -40.8552	  172.2204
12.123	 2.16	 1	 -47.1891	  173.0167
12.123	 2.41	 1	 -40.5723	  167.6271
12.125	 2.21	 1	 -45.1468	  170.8491
12.139	 2.09	 1	 -41.5070	  174.6875
12.151	 2.12	 1	 -43.6764	  173.6811
12.163	 2.17	 1	 -42.1343	  177.9291
12.172	 2.08	 1	 -44.0516	  173.7510
12.177	 2.33	 1	 -46.9467	  175.0038
12.178	 2.02	 1	 -45.3574	  174.4834
12.182	 2.95	 1	 -43.0272	  170.2123
12.191	 2.01	 1	 -40.0481	  173.3623
12.192	 2.20	 1	 -38.6357	  175.6609
12.202	 2.63	 1	 -43.7433	  172.4098
12.205	 2.85	 1	 -41.6504	  178.0226
12.211	 2.32	 1	 -43.1706	  171.9076
12.246	 2.21	 1	 -42.7771	  178.7449
12.256	 2.96	 1	 -43.8082	  172.6386
12.263	 2.92	 1	 -41.6172	  173.5165
12.269	 2.70	 1	 -44.5368	  169.1156
12.270	 2.12	 1	 -43.3741	  171.3066
12.287	 2.10	 1	 -42.8734	  169.0288
12.306	 2.14	 1	 -40.1781	  174.9268
12.326	 2.33	 1	 -39.1876	  176.8546
12.337	 2.01	 1	 -42.2251	  173.7743
12.345	 2.26	 1	 -43.3893	  169.6366
12.352	 2.15	 1	 -43.0281	  172.4666
12.353	 2.06	 1	 -43.1320	  172.0534
12.364	 2.47	 1	 -40.6242	  167.5900
12.372	 2.56	 1	 -42.5158	  172.6184
12.434	 2.42	 1	 -42.1509	  173.8558
12.465	 2.46	 1	 -40.6177	  175.0351
12.484	 2.19	 1	 -46.6088	  176.0284
12.507	 2.92	 1	 -44.1654	  177.9236
12.512	 2.18	 1	 -44.0286	  173.5787
12.524	 3.36	 1	 -45.9576	  168.8157
12.525	 4.21	 1	 -42.3337	  173.8463
12.553	 2.13	 1	 -41.8879	  174.4719
12.563	 2.48	 1	 -40.5067	  171.9591
12.591	 2.02	 1	 -42.8248	  173.9512
12.613	 2.16	 1	 -42.1255	  172.1590
12.637	 2.12	 1	 -39.5469	  177.3938
12.660	 2.41	 1	 -41.9226	  174.5115
12.660	 3.56	 1	 -40.5595	  173.1431
12.667	 2.01	 1	 -38.2524	  172.0555
12.670	 2.44	 1	 -41.9019	  170.2511
12.679	 2.47	 1	 -45.1328	  176.8582
12.707	 3.31	 1	 -45.2102	  167.9532
12.717	 2.38	 1	 -43.4071	  173.7113
12.722	 2.66	 1	 -42.4144	  172.1268
12.722	 2.15	 1	 -43.6243	  168.1400
12.748	 2.15	 1	 -46.8713	  175.2813
12.755	 2.37	 1	 -41.7322	  173.8310
12.767	 2.72	 1	 -40.0875	  178.0087
12.790	 2.19	 1	 -42.1595	  179.0968
12.796	 2.34	 1	 -45.2714	  171.7410
12.811	 2.11	 1	 -42.1921	  173.5728
12.811	 2.17	 1	 -46.6809	  170.1968
12.829	 2.62	 1	 -42.5476	  173.9825
12.830	 2.59	 1	 -40.1775	  175.4532
12.833	 2.28	 1	 -42.6554	  172.9019
12.838	 3.05	 1	 -39.1251	  169.2979
12.845	 2.59	 1	 -40.9238	  178.6468
12.847	 2.72	 1	 -43.6156	  179.0097
12.861	 3.06	 1	 -44.4489	  172.4654
12.864	 2.05	 1	 -38.2981	  174.3192
12.871	 2.74	 1	 -42.6128	  166.9053
12.877	 2.65	 1	 -44.8046	  175.3225
12.883	 2.00	 1	 -47.1613	  172.3421
12.888	 2.39	 1	 -43.4452	  175.1761
12.888	 2.12	 1	 -41.6432	  173.8045
12.889	 2.29	 1	 -43.5212	  172.3186
12.905	 2.56	 1	 -43.6449	  175.1727
12.913	 2.14	 1	 -42.0510	  173.6971
12.918	 2.65	 1	 -42.9039	  179.1332
12.923	 2.10	 1	 -38.1977	  173.1916
12.926	 2.52	 1	 -42.7844	  174.7954
12.930	 2.01	 1	 -40.0967	  168.0267
12.936	 2.33	 1	 -39.2927	  169.0183
12.941	 2.37	 1	 -44.4344	  167.3820
12.944	 2.15	 1	 -42.8562	  166.9084
12.946	 3.95	 1	 -42.6290	  174.2960
12.947	 2.04	 1	 -38.2003	  172.7511
12.962	 2.03	 1	 -41.6903	  178.9860
12.963	 2.18	 1	 -42.6328	  172.9827
12.967	 2.30	 1	 -41.6459	  174.2659
13.011	 2.21	 1	 -44.8130	  178.4170
13.039	 2.63	 1	 -38.7203	  170.1551
13.056	 2.10	 1	 -43.1041	  176.3731
13.056	 2.48	 1	 -39.7626	  170.7185
13.082	 2.28	 1	 -43.4653	  173.0125
13.084	 2.50	 1	 -43.5171	  179.0362
13.096	 2.19	 1	 -43.1498	  174.0808
13.102	 2.11	 1	 -41.5194	  178.9281
13.109	 2.15	 1	 -41.8792	  173.9599
13.111	 2.54	 1	 -39.7521	  168.3937
13.113	 2.23	 1	 -43.4225	  179.0588
13.115	 3.07	 1	 -43.6556	  172.5522
13.120	 2.06	 1	 -39.7125	  177.6035
13.128	 2.08	 1	 -41.7329	  174.2096
13.132	 2.46	 1	 -41.7524	  174.1749
13.149	 3.01	 1	 -43.2942	  171.8104
13.151	 2.56	 1	 -42.1172	  173.6052
13.155	 2.20	 1	 -43.3891	  168.5160
13.167	 2.46	 1	 -38.8545	  169.8347
13.173	 3.31	 1	 -41.8791	  173.3930
13.185	 2.53	 1	 -42.3555	  173.2840
13.185	 2.01	 1	 -42.5189	  174.0344
13.200	 2.69	 1	 -40.1874	  178.1026
13.215	 2.35	 1	 -45.4264	  174.1611
13.224	 2.20	 1	 -44.3879	  174.0457
13.228	 2.46	 1	 -41.4614	  171.4106
13.280	 2.12	 1	 -42.1574	  173.6906
13.280	 2.07	 1	 -41.5321	  173.4714
13.293	 2.29	 1	 -42.1338	  173.3181
13.337	 2.02	 1	 -42.0310	  170.8923
13.337	 2.17	 1	 -44.5704	  172.5723
13.349	 2.16	 1	 -39.3006	  177.0385
13.353	 2.25	 1	 -46.5139	  174.7002
13.359	 3.63	 1	 -41.8128	  173.1457
13.361	 2.57	 1	 -42.0441	  173.0377
13.376	 2.09	 1	 -41.9039	  174.1545
13.395	 2.09	 1	 -38.6353	  170.3844
13.447	 2.30	 1	 -42.3850	  172.1298
13.457	 2.41	 1	 -44.0246	  178.8654
13.458	 2.37	 1	 -41.9834	  173.5690
13.459	 2.07	 1	 -41.7727	  174.2337
13.479	 2.60	 1	 -43.5497	  170.6813
13.492	 2.39	 1	 -41.1406	  177.5949
13.498	 2.07	 1	 -40.1366	  176.4000
13.516	 2.14	 1	 -42.1175	  173.5654
13.525	 2.37	 1	 -39.6669	  175.9807
13.549	 2.21	 1	 -40.7822	  172.3766
13.573	 2.01	 1	 -42.2452	  176.4912
13.574	 2.07	 1	 -40.7076	  178.5116
13.577	 2.62	 1	 -38.7684	  175.6711
13.586	 3.37	 1	 -38.7557	  170.0660
13.594	 2.63	 1	 -43.4080	  176.1610
13.612	 2.98	 1	 -42.0347	  172.3723
13.613	 2.13	 1	 -38.4979	  175.2263
13.614	 2.32	 1	 -44.3356	  172.7725
13.621	 2.01	 1	 -41.6868	  167.0593
13.639	 2.27	 1	 -42.8270	  174.4215
13.657	 2.87	 1	 -38.9429	  174.9162
13.687	 2.40	 1	 -43.7498	  173.4243
13.704	 2.07	 1	 -43.9161	  172.3829
13.708	 2.44	 1	 -42.2090	  173.5880
13.722	 2.43	 1	 -42.2687	  173.5538
13.724	 2.42	 1	 -43.5605	  176.8861
13.741	 2.37	 1	 -40.0192	  177.1369
13.745	 2.65	 1	 -41.3443	  177.2723
13.762	 2.06	 1	 -40.5372	  174.3767
13.763	 2.77	 1	 -41.8736	  174.1070
13.776	 2.33	 1	 -42.1773	  173.7976
13.799	 2.28	 1	 -45.7203	  177.5452
13.805	 2.02	 1	 -42.5763	  172.9741
13.815	 2.37	 1	 -47.0787	  171.6745
13.845	 2.55	 1	 -42.6425	  173.0049
13.856	 2.64	 1	 -42.9216	  172.5917
13.862	 2.27	 1	 -40.5741	  169.6270
13.873	 2.10	 1	 -41.8442	  179.0301
13.879	 2.06	 1	 -41.7011	  174.3411
13.880	 2.27	 1	 -43.3716	  178.2129
13.896	 2.25	 1	 -41.0433	  174.0058
13.898	 2.68	 1	 -44.5439	  173.7348
13.899	 3.78	 1	 -40.5920	  171.9464
13.921	 2.78	 1	 -42.0517	  173.6876
13.925	 2.70	 1	 -45.4327	  177.8728
13.934	 2.23	 1	 -42.7221	  174.5166
13.971	 2.13	 1	 -43.2855	  174.6949
