# Simulation 614
# RelativeTime(days) Magnitude Generation Latitude Longitude
Time Mag Gen Lat Lon
0.084	 3.29	 1	 -43.7210	  172.9164
0.085	 2.01	 1	 -41.7919	  172.6598
0.085	 2.49	 1	 -42.2787	  173.7257
0.085	 2.07	 1	 -41.7270	  174.2626
0.085	 2.36	 1	 -41.7464	  173.6204
0.085	 3.25	 1	 -42.1781	  173.6195
0.085	 2.02	 1	 -42.5160	  173.0638
0.085	 2.05	 1	 -42.3284	  173.8546
0.086	 2.07	 1	 -41.8252	  172.3652
0.087	 2.36	 1	 -41.6362	  174.2396
0.087	 2.73	 1	 -42.6275	  172.9053
0.087	 2.72	 1	 -42.0226	  173.6724
0.087	 2.24	 1	 -41.6664	  174.1216
0.088	 3.24	 1	 -42.9186	  171.7939
0.088	 3.33	 1	 -42.0022	  173.6768
0.088	 2.95	 1	 -42.1793	  173.8488
0.088	 2.04	 1	 -41.9368	  174.0906
0.089	 2.99	 1	 -38.4396	  171.0355
0.090	 5.15	 1	 -42.3867	  173.3966
0.090	 2.62	 1	 -41.7205	  174.2439
0.091	 2.66	 1	 -42.3484	  173.0014
0.091	 2.27	 1	 -41.7445	  174.2455
0.092	 2.19	 1	 -41.9164	  173.7123
0.092	 2.42	 1	 -41.8334	  174.2054
0.093	 2.96	 1	 -42.1911	  174.0016
0.093	 2.00	 1	 -41.7592	  174.3138
0.093	 4.52	 1	 -42.5303	  173.3088
0.093	 2.00	 1	 -42.4475	  173.1062
0.094	 2.20	 1	 -41.8003	  174.4996
0.094	 2.05	 1	 -41.5313	  170.5805
0.094	 2.81	 1	 -42.2330	  173.4305
0.095	 2.90	 1	 -42.7228	  173.9763
0.095	 2.69	 1	 -42.4207	  173.6684
0.095	 2.05	 1	 -41.9937	  173.6324
0.095	 2.55	 1	 -42.1465	  173.6046
0.095	 2.10	 1	 -43.2972	  172.1285
0.096	 3.58	 1	 -41.9298	  174.0654
0.096	 3.17	 1	 -42.1732	  173.5852
0.097	 2.52	 1	 -42.7220	  172.3427
0.097	 3.68	 1	 -42.4919	  173.3174
0.097	 2.59	 1	 -42.2057	  173.5459
0.098	 2.48	 1	 -42.4055	  173.7574
0.099	 2.17	 1	 -41.7788	  174.2638
0.099	 2.15	 1	 -42.4044	  173.3374
0.099	 2.49	 1	 -41.7894	  174.1653
0.100	 2.07	 1	 -40.4776	  172.9975
0.100	 3.03	 1	 -42.5915	  172.6006
0.100	 2.07	 1	 -41.6649	  174.1989
0.101	 2.22	 1	 -42.5849	  172.9124
0.101	 2.00	 1	 -43.9681	  176.7607
0.101	 2.49	 1	 -42.7105	  172.4904
0.102	 2.23	 1	 -42.5887	  172.8522
0.102	 2.10	 1	 -44.1573	  172.2334
0.103	 2.64	 1	 -42.9909	  172.6883
0.103	 2.26	 1	 -42.6515	  172.7626
0.103	 2.40	 1	 -42.1656	  173.5531
0.103	 2.20	 1	 -42.6816	  173.1928
0.103	 2.20	 1	 -41.9582	  173.9503
0.103	 2.14	 1	 -41.8609	  173.6432
0.105	 2.09	 1	 -42.5404	  173.8580
0.106	 3.02	 1	 -41.7327	  174.3612
0.106	 2.21	 1	 -42.7838	  172.1528
0.106	 2.00	 1	 -41.7231	  174.1564
0.106	 2.17	 1	 -41.7241	  174.1605
0.107	 2.06	 1	 -41.6726	  174.2435
0.107	 3.60	 1	 -42.2179	  173.6009
0.108	 2.19	 1	 -42.5407	  173.1144
0.108	 2.12	 1	 -41.9134	  174.0098
0.108	 2.39	 1	 -42.6991	  172.3067
0.109	 3.47	 1	 -42.5020	  172.9838
0.109	 2.14	 1	 -41.5016	  173.3898
0.110	 2.03	 1	 -41.7876	  174.3482
0.110	 2.41	 1	 -41.8105	  174.1224
0.110	 3.43	 1	 -42.6858	  173.0735
0.111	 2.07	 1	 -41.9283	  174.0523
0.111	 3.27	 1	 -42.4470	  173.1719
0.112	 2.04	 1	 -42.0069	  173.8401
0.112	 3.81	 1	 -42.9588	  173.2237
0.113	 2.39	 1	 -42.7180	  172.7472
0.113	 3.41	 1	 -42.8870	  173.2745
0.114	 2.15	 1	 -42.0185	  173.6972
0.115	 2.34	 1	 -41.7752	  174.1093
0.115	 2.02	 1	 -42.8143	  172.9722
0.115	 2.35	 1	 -42.5126	  173.2956
0.115	 2.19	 1	 -42.7835	  173.0305
0.116	 2.35	 1	 -41.9694	  173.9892
0.116	 2.23	 2	 -42.4990	  173.4298
0.116	 2.93	 1	 -41.8068	  174.2141
0.116	 2.06	 1	 -42.9172	  172.9480
0.116	 2.66	 1	 -42.2588	  173.5747
0.116	 2.13	 1	 -42.4129	  173.8198
0.117	 2.73	 1	 -42.0202	  173.7226
0.117	 2.63	 1	 -42.2927	  173.7287
0.117	 2.17	 1	 -42.3417	  173.0038
0.117	 2.21	 1	 -42.3097	  173.5368
0.117	 2.73	 1	 -42.1938	  174.0492
0.117	 2.04	 1	 -41.7056	  174.2260
0.118	 2.05	 1	 -41.2742	  170.3783
0.118	 2.70	 1	 -42.4984	  173.3752
0.119	 2.74	 1	 -42.2550	  173.0599
0.119	 2.31	 1	 -42.2100	  173.6357
0.120	 2.16	 1	 -42.3410	  175.0460
0.121	 2.29	 1	 -41.8321	  174.2099
0.121	 2.68	 1	 -42.4978	  172.5338
0.122	 2.29	 1	 -42.3956	  173.3283
0.122	 2.11	 1	 -41.9680	  173.7875
0.122	 2.02	 1	 -41.8805	  174.0075
0.123	 2.01	 1	 -42.4984	  173.0636
0.123	 2.55	 1	 -42.4644	  173.4316
0.123	 2.05	 1	 -42.8094	  173.5486
0.124	 2.02	 1	 -42.7719	  172.9532
0.124	 2.86	 1	 -42.2043	  173.7573
0.125	 2.42	 1	 -42.2290	  173.6731
0.126	 2.71	 1	 -42.4387	  173.1964
0.126	 2.04	 1	 -42.4708	  174.0095
0.126	 2.73	 1	 -41.7819	  174.4812
0.128	 2.71	 1	 -41.6116	  173.8173
0.128	 2.09	 1	 -42.0636	  173.7840
0.129	 2.12	 1	 -42.0775	  173.9484
0.129	 2.54	 1	 -47.1890	  172.9709
0.130	 2.04	 1	 -44.5244	  173.4827
0.130	 2.36	 1	 -42.2837	  173.7485
0.131	 2.19	 1	 -42.6003	  172.6626
0.132	 5.37	 1	 -41.8234	  174.2660
0.132	 2.18	 1	 -42.9645	  174.2987
0.132	 2.24	 1	 -41.7034	  174.2249
0.132	 2.59	 1	 -42.3674	  172.9645
0.132	 2.08	 1	 -42.3619	  172.5067
0.132	 2.38	 1	 -41.7540	  174.4092
0.132	 2.09	 1	 -41.6746	  173.0976
0.133	 2.30	 1	 -40.5525	  178.8434
0.133	 2.56	 1	 -41.8784	  173.6553
0.133	 2.32	 1	 -42.1892	  173.5759
0.133	 2.58	 1	 -42.3615	  173.6817
0.133	 2.28	 1	 -42.4218	  173.7710
0.133	 2.13	 1	 -42.6022	  172.9548
0.134	 2.07	 1	 -42.2615	  173.8399
0.135	 2.57	 1	 -42.7837	  173.3129
0.135	 2.13	 1	 -42.9066	  173.0012
0.136	 2.22	 1	 -43.1856	  172.7787
0.136	 2.14	 1	 -42.6632	  172.5422
0.136	 2.61	 1	 -42.1746	  173.6464
0.137	 2.07	 1	 -42.0043	  173.6813
0.137	 2.29	 1	 -42.5639	  173.1863
0.137	 2.65	 1	 -42.1878	  173.2491
0.138	 2.13	 1	 -42.2454	  173.5734
0.139	 2.29	 1	 -39.7564	  172.1658
0.139	 2.15	 1	 -42.5773	  173.1731
0.140	 2.06	 1	 -42.7582	  172.4533
0.141	 2.07	 1	 -42.3838	  173.3524
0.141	 2.47	 1	 -41.7919	  174.2943
0.141	 2.03	 1	 -41.7241	  174.2266
0.142	 2.45	 1	 -42.6309	  172.5020
0.142	 2.02	 1	 -41.4679	  174.6642
0.142	 2.14	 1	 -42.0892	  173.6655
0.142	 2.13	 1	 -42.3030	  171.2677
0.143	 2.19	 1	 -41.9624	  173.7629
0.145	 2.79	 1	 -42.6170	  173.4500
0.145	 2.00	 1	 -42.7231	  172.8893
0.145	 2.82	 1	 -42.1201	  173.5268
0.145	 2.28	 1	 -42.5089	  173.1288
0.145	 2.54	 1	 -42.4328	  173.7903
0.145	 2.17	 1	 -42.4988	  173.2934
0.146	 2.67	 1	 -41.9246	  173.7082
0.146	 2.37	 1	 -42.2194	  173.5319
0.146	 2.35	 1	 -41.9968	  173.8033
0.146	 2.39	 1	 -42.2006	  173.7998
0.148	 2.11	 1	 -42.3383	  173.6251
0.149	 2.46	 2	 -42.9458	  173.5656
0.149	 2.13	 1	 -41.8602	  173.9564
0.150	 2.07	 1	 -42.2707	  172.0950
0.150	 2.55	 1	 -41.9290	  173.9671
0.150	 2.41	 1	 -41.9517	  173.9292
0.151	 2.23	 1	 -41.8820	  174.1475
0.151	 2.82	 1	 -42.1974	  173.6252
0.152	 2.17	 1	 -42.5833	  173.1713
0.153	 2.55	 1	 -41.5790	  174.5800
0.153	 2.09	 1	 -42.4689	  173.6122
0.154	 2.21	 1	 -42.9395	  172.8022
0.154	 2.25	 1	 -42.4778	  172.7041
0.154	 3.45	 1	 -42.4756	  173.7735
0.154	 2.26	 1	 -40.8841	  173.4546
0.154	 2.18	 1	 -38.8630	  176.2285
0.155	 2.07	 1	 -41.7636	  174.4356
0.155	 2.31	 1	 -42.2699	  173.4518
0.155	 3.20	 1	 -42.3471	  173.7273
0.156	 2.52	 1	 -42.3451	  173.6679
0.156	 2.12	 1	 -42.4198	  173.8399
0.157	 2.03	 1	 -40.2594	  173.3479
0.157	 3.18	 1	 -42.8020	  172.7795
0.157	 2.61	 1	 -42.0106	  174.0019
0.157	 2.28	 1	 -42.3162	  173.6360
0.157	 2.18	 1	 -42.2062	  173.4386
0.158	 2.08	 1	 -42.2710	  173.6510
0.159	 2.42	 1	 -42.2994	  173.4271
0.159	 2.70	 1	 -42.1739	  173.8295
0.159	 2.37	 1	 -42.5025	  173.6456
0.159	 2.19	 1	 -42.3427	  173.7715
0.160	 2.02	 1	 -41.7203	  174.2164
0.160	 2.05	 1	 -42.7029	  172.8767
0.161	 2.06	 1	 -43.6849	  171.7229
0.161	 2.04	 1	 -42.1971	  173.6170
0.161	 2.18	 2	 -41.7170	  174.2813
0.162	 2.00	 1	 -42.3426	  173.7792
0.163	 2.35	 1	 -42.2684	  174.2303
0.163	 2.00	 1	 -42.7143	  173.2103
0.163	 2.54	 1	 -43.2480	  174.5889
0.163	 2.12	 1	 -42.7538	  172.6818
0.164	 2.02	 1	 -42.0197	  173.7152
0.165	 2.54	 1	 -42.0719	  173.8145
0.166	 2.32	 1	 -41.1349	  171.4125
0.166	 2.40	 1	 -42.5077	  173.7177
0.166	 2.63	 1	 -42.0544	  174.4098
0.167	 4.21	 1	 -42.7178	  172.9505
0.167	 2.16	 1	 -42.2552	  173.0421
0.167	 2.14	 1	 -42.6082	  172.9053
0.168	 2.10	 1	 -42.3596	  173.0354
0.168	 2.18	 1	 -42.0708	  173.7146
0.168	 2.72	 1	 -41.9605	  173.8968
0.168	 2.01	 1	 -42.4286	  173.3341
0.169	 2.00	 1	 -42.5381	  173.5870
0.169	 2.32	 1	 -42.1304	  173.8192
0.169	 2.90	 1	 -42.2637	  173.7442
0.170	 2.17	 1	 -42.5539	  173.0300
0.170	 4.28	 1	 -41.9349	  173.0855
0.170	 2.01	 1	 -42.2591	  173.7332
0.171	 2.45	 1	 -40.9589	  173.6323
0.171	 2.23	 1	 -43.8577	  178.9310
0.171	 2.91	 1	 -42.5343	  172.7661
0.171	 2.54	 1	 -41.7068	  174.2524
0.172	 2.79	 2	 -41.8410	  174.2937
0.172	 2.07	 1	 -43.8458	  174.4410
0.173	 2.96	 1	 -42.8003	  173.1966
0.174	 2.71	 1	 -43.4364	  171.5368
0.174	 2.59	 1	 -41.7687	  174.4621
0.175	 2.37	 1	 -42.2147	  173.5902
0.176	 2.09	 1	 -42.6495	  173.2582
0.177	 2.15	 2	 -42.5137	  173.3160
0.177	 2.40	 1	 -43.8315	  172.6781
0.178	 2.16	 1	 -46.9132	  170.9122
0.179	 2.15	 1	 -42.5634	  173.5869
0.179	 2.30	 2	 -42.2178	  173.6009
0.179	 2.72	 1	 -42.8193	  175.0246
0.179	 2.74	 1	 -41.9525	  173.7699
0.180	 2.17	 1	 -41.9335	  173.9467
0.180	 2.10	 1	 -42.6744	  172.8448
0.180	 2.24	 1	 -41.6956	  174.2106
0.180	 2.08	 1	 -42.2199	  173.6385
0.183	 2.00	 2	 -41.9955	  175.4672
0.183	 2.16	 1	 -42.3173	  172.4793
0.183	 2.20	 1	 -41.7346	  174.2788
0.183	 2.07	 1	 -40.2189	  173.4601
0.185	 2.37	 1	 -42.5057	  173.4723
0.185	 2.48	 1	 -43.0067	  172.4392
0.185	 2.14	 1	 -42.2912	  174.0169
0.185	 2.05	 1	 -41.9901	  173.6638
0.186	 2.98	 1	 -41.9599	  173.9608
0.187	 2.18	 1	 -44.0514	  172.1260
0.187	 2.62	 1	 -40.1472	  168.3010
0.187	 3.27	 1	 -41.6889	  174.2646
0.187	 2.70	 1	 -41.8015	  174.1883
0.187	 2.17	 1	 -42.2301	  173.5005
0.189	 2.09	 1	 -42.7800	  172.7493
0.189	 2.01	 1	 -42.1836	  173.7370
0.189	 2.81	 1	 -41.8886	  174.5038
0.190	 2.21	 1	 -44.1314	  170.6073
0.190	 2.40	 1	 -41.7649	  173.9546
0.190	 3.26	 1	 -42.8760	  172.7130
0.191	 2.03	 1	 -41.6011	  174.3387
0.192	 2.56	 1	 -42.2013	  172.9699
0.193	 2.54	 1	 -42.5339	  172.9506
0.193	 2.50	 1	 -41.9024	  173.8958
0.193	 2.01	 1	 -42.3813	  173.8339
0.193	 3.19	 1	 -42.4075	  173.7013
0.194	 3.76	 1	 -42.4931	  173.1299
0.194	 2.01	 1	 -41.4471	  167.6887
0.195	 2.10	 1	 -42.3393	  170.1076
0.195	 2.13	 1	 -42.2325	  173.6330
0.196	 2.07	 1	 -42.8122	  173.3714
0.197	 2.18	 1	 -42.5935	  173.0788
0.197	 2.50	 1	 -42.3989	  171.1362
0.197	 3.16	 1	 -42.8109	  172.9646
0.198	 2.00	 1	 -46.8826	  170.8019
0.198	 2.80	 1	 -41.8432	  174.1898
0.198	 2.02	 1	 -42.1180	  173.7111
0.198	 2.25	 1	 -41.8480	  174.2614
0.199	 2.16	 1	 -42.0571	  173.7019
0.200	 2.44	 1	 -41.7425	  173.5157
0.200	 2.04	 1	 -42.4325	  173.7873
0.201	 2.96	 1	 -41.5478	  174.0315
0.201	 2.27	 1	 -42.4888	  172.8544
0.201	 2.08	 1	 -41.6846	  174.2234
0.202	 3.30	 1	 -43.5702	  172.3011
0.203	 2.34	 1	 -41.9984	  173.7038
0.203	 2.17	 1	 -42.5015	  173.0572
0.204	 2.31	 1	 -42.5351	  173.3806
0.204	 2.63	 1	 -41.9694	  173.6930
0.205	 2.62	 1	 -42.0688	  173.9600
0.205	 2.03	 1	 -46.7939	  170.5141
0.205	 2.84	 1	 -42.4567	  172.5216
0.205	 2.13	 1	 -42.2973	  173.3552
0.205	 2.80	 1	 -43.0020	  173.1955
0.205	 2.76	 1	 -42.7209	  173.8430
0.205	 2.29	 1	 -42.8654	  172.6756
0.205	 2.78	 1	 -42.3150	  173.9118
0.205	 2.12	 1	 -42.6140	  172.5195
0.208	 2.28	 1	 -43.7622	  174.8586
0.208	 2.01	 1	 -41.8806	  174.0853
0.210	 2.71	 1	 -42.2827	  173.9458
0.210	 2.02	 1	 -41.7337	  174.2383
0.211	 2.09	 2	 -41.8649	  174.3603
0.211	 2.31	 1	 -38.4817	  175.1682
0.211	 2.19	 1	 -42.5719	  173.3226
0.212	 2.16	 1	 -42.6669	  171.8620
0.212	 5.19	 1	 -43.9089	  173.4133
0.212	 2.03	 1	 -42.8229	  173.5105
0.212	 2.58	 1	 -43.1026	  172.8008
0.213	 2.31	 1	 -42.5109	  172.2674
0.213	 2.04	 2	 -41.8214	  174.2367
0.213	 2.15	 1	 -42.4665	  173.1496
0.214	 2.10	 1	 -42.7737	  173.1628
0.214	 3.28	 1	 -41.7328	  174.1644
0.214	 2.30	 1	 -43.4782	  174.5089
0.214	 2.15	 1	 -42.6585	  171.1870
0.215	 2.57	 1	 -42.2378	  173.7711
0.216	 2.36	 1	 -42.3134	  173.7512
0.216	 2.40	 1	 -42.6950	  172.7995
0.217	 2.01	 1	 -42.1893	  173.6049
0.217	 2.99	 1	 -41.7410	  174.2936
0.218	 2.16	 1	 -41.8592	  174.1793
0.220	 2.35	 2	 -42.9339	  171.8183
0.220	 2.03	 1	 -42.2918	  173.7474
0.221	 2.25	 1	 -42.3188	  173.6827
0.221	 2.13	 1	 -43.4096	  175.0916
0.221	 2.57	 1	 -41.8521	  171.2142
0.224	 2.62	 1	 -38.3532	  173.7351
0.224	 2.23	 1	 -46.6682	  173.1777
0.224	 2.36	 2	 -44.1624	  173.3632
0.225	 2.14	 1	 -42.1511	  172.3721
0.225	 2.16	 1	 -41.6395	  174.3524
0.225	 2.85	 1	 -42.8793	  173.5337
0.226	 2.93	 1	 -41.9025	  174.2518
0.227	 2.37	 1	 -43.3744	  173.5481
0.227	 2.43	 1	 -42.5306	  172.8944
0.227	 2.48	 1	 -44.7769	  175.8898
0.228	 2.18	 1	 -42.2643	  173.5999
0.228	 2.37	 2	 -44.0483	  173.1378
0.228	 2.58	 1	 -42.0967	  173.8217
0.229	 2.54	 1	 -41.7048	  174.3639
0.229	 2.41	 1	 -42.1034	  171.9459
0.230	 2.10	 1	 -42.3031	  172.3021
0.230	 2.31	 1	 -42.2179	  173.7578
0.230	 2.24	 1	 -42.3504	  172.7987
0.231	 2.28	 1	 -42.5302	  174.4444
0.231	 2.34	 1	 -44.7821	  175.8861
0.233	 2.43	 1	 -43.3013	  173.5560
0.233	 2.00	 1	 -42.5669	  172.9519
0.234	 2.55	 1	 -42.6846	  172.8535
0.235	 2.21	 2	 -43.9559	  173.2743
0.236	 2.10	 1	 -42.3853	  173.7513
0.237	 2.24	 1	 -42.3425	  174.3054
0.237	 2.19	 1	 -42.1298	  173.6780
0.238	 3.97	 1	 -42.6469	  171.9146
0.238	 2.48	 1	 -42.8152	  173.8089
0.239	 2.67	 1	 -39.4691	  168.7567
0.239	 2.64	 1	 -42.8190	  172.8044
0.240	 2.15	 1	 -42.4387	  173.6508
0.241	 2.32	 1	 -45.4842	  168.9227
0.242	 2.35	 1	 -42.7055	  172.7856
0.243	 2.11	 1	 -42.2736	  173.7011
0.243	 2.69	 1	 -41.9295	  174.2090
0.243	 2.09	 2	 -42.7051	  172.9082
0.244	 2.07	 1	 -42.5080	  173.0846
0.244	 2.42	 1	 -42.6011	  172.9480
0.245	 4.43	 1	 -41.9913	  173.6821
0.245	 2.83	 2	 -41.8340	  174.2650
0.245	 2.11	 1	 -41.6875	  174.3162
0.246	 2.75	 1	 -42.6947	  173.4851
0.246	 3.09	 1	 -44.8211	  172.9026
0.246	 3.07	 1	 -42.2087	  173.5316
0.247	 2.34	 1	 -43.0367	  172.3188
0.248	 2.07	 1	 -43.0497	  172.0513
0.249	 2.33	 1	 -41.7838	  174.2363
0.249	 2.74	 1	 -41.1203	  173.0439
0.249	 3.17	 1	 -42.9232	  174.6982
0.249	 2.27	 1	 -42.2763	  172.2443
0.250	 2.06	 1	 -41.7662	  174.2296
0.254	 3.01	 1	 -42.5738	  172.6509
0.255	 2.91	 1	 -41.7098	  174.1502
0.255	 4.13	 1	 -42.3161	  173.7926
0.255	 2.38	 1	 -42.2424	  173.6281
0.256	 2.09	 2	 -42.4435	  173.3552
0.257	 2.06	 1	 -41.7129	  171.6240
0.258	 2.17	 1	 -42.4577	  173.7912
0.258	 2.79	 1	 -41.8114	  174.1365
0.258	 2.73	 1	 -42.6143	  172.9739
0.259	 2.07	 1	 -42.6404	  172.7049
0.260	 3.71	 1	 -42.7461	  172.8955
0.260	 2.19	 2	 -41.8628	  174.2819
0.260	 2.85	 1	 -42.1288	  173.5832
0.261	 4.27	 2	 -42.8768	  173.5406
0.262	 2.49	 1	 -41.8236	  174.2572
0.263	 2.34	 1	 -43.1326	  172.6232
0.264	 2.55	 1	 -42.8350	  174.1029
0.264	 2.13	 1	 -42.6617	  172.8884
0.264	 2.08	 1	 -41.6840	  173.8698
0.266	 2.31	 1	 -41.7385	  174.3300
0.267	 2.34	 1	 -42.3151	  173.8873
0.267	 4.32	 1	 -42.2893	  173.6096
0.267	 2.65	 1	 -41.7020	  174.2856
0.268	 3.35	 1	 -41.6628	  174.3445
0.268	 2.44	 1	 -42.3659	  173.5212
0.269	 2.14	 1	 -42.0164	  172.7769
0.270	 2.22	 2	 -43.8999	  173.4023
0.270	 2.08	 1	 -44.0463	  173.1384
0.270	 2.55	 1	 -42.3465	  173.4491
0.270	 2.16	 1	 -44.1951	  172.1202
0.271	 2.32	 1	 -42.2968	  173.9583
0.271	 2.11	 1	 -42.5718	  172.9043
0.271	 2.18	 1	 -43.4368	  166.9887
0.272	 2.43	 1	 -43.5410	  171.7242
0.273	 2.86	 1	 -42.7599	  173.1025
0.274	 2.27	 1	 -42.7836	  173.0842
0.274	 2.17	 1	 -43.0697	  172.8027
0.274	 2.17	 1	 -42.3554	  173.7309
0.274	 2.56	 1	 -42.2839	  173.7617
0.275	 2.00	 2	 -41.8151	  174.2601
0.275	 3.27	 1	 -42.3966	  173.8193
0.275	 2.03	 1	 -42.5960	  173.0672
0.276	 2.79	 1	 -42.3464	  173.7874
0.276	 2.19	 1	 -42.5283	  171.4216
0.277	 2.88	 1	 -43.1416	  179.1094
0.278	 2.40	 1	 -42.3947	  173.7137
0.278	 2.20	 1	 -42.2988	  173.6330
0.279	 2.44	 1	 -42.2697	  173.7556
0.281	 3.06	 1	 -43.3209	  173.7815
0.281	 2.26	 1	 -41.9773	  173.6732
0.283	 2.24	 1	 -42.6159	  172.9847
0.283	 2.52	 1	 -42.1584	  173.8472
0.285	 2.00	 1	 -42.3355	  173.7838
0.288	 2.34	 1	 -41.7142	  174.2600
0.289	 2.71	 1	 -42.6276	  172.9459
0.289	 2.38	 1	 -42.0599	  173.5701
0.290	 3.02	 1	 -45.0072	  170.8392
0.291	 2.07	 1	 -41.8589	  174.3565
0.291	 3.37	 1	 -42.0553	  173.8321
0.291	 2.01	 1	 -42.0239	  173.9981
0.292	 2.24	 2	 -41.7455	  174.3198
0.292	 2.17	 1	 -42.5792	  173.0580
0.292	 4.41	 1	 -42.8898	  171.9327
0.293	 2.10	 1	 -42.7892	  172.6880
0.293	 2.19	 1	 -41.9764	  173.8951
0.293	 2.03	 1	 -42.3920	  173.8577
0.294	 2.43	 1	 -42.1515	  173.8246
0.297	 2.39	 1	 -43.1605	  171.3191
0.297	 3.58	 1	 -42.2646	  173.8905
0.297	 2.97	 1	 -42.0318	  173.7906
0.299	 2.17	 1	 -40.9720	  171.1013
0.299	 2.17	 1	 -42.9169	  173.2642
0.300	 2.35	 2	 -42.9004	  171.9230
0.301	 2.47	 1	 -42.5918	  173.0898
0.301	 2.66	 1	 -42.6389	  172.8325
0.302	 2.19	 1	 -42.6545	  172.6363
0.302	 2.15	 1	 -42.2532	  173.2513
0.302	 2.28	 1	 -42.8719	  173.7935
0.303	 3.09	 1	 -44.4594	  173.6034
0.303	 2.24	 1	 -42.8662	  172.3562
0.303	 2.29	 1	 -41.7212	  174.2378
0.304	 2.01	 1	 -41.9682	  173.7162
0.305	 2.08	 1	 -42.7064	  172.9296
0.305	 2.23	 1	 -42.1518	  173.4794
0.306	 2.05	 1	 -41.9781	  171.7201
0.306	 2.32	 1	 -42.6236	  172.4876
0.306	 2.33	 1	 -42.3355	  173.4792
0.306	 2.34	 1	 -42.1370	  173.5480
0.306	 2.66	 1	 -38.4697	  175.1242
0.308	 2.03	 1	 -42.2898	  173.9527
0.308	 2.68	 1	 -41.9875	  173.7497
0.309	 2.05	 1	 -41.4025	  174.1048
0.310	 2.07	 1	 -42.5224	  171.9878
0.311	 4.81	 1	 -41.4238	  174.1055
0.312	 3.16	 1	 -42.5240	  173.1779
0.313	 2.29	 1	 -42.6211	  173.2262
0.313	 2.33	 1	 -41.7361	  174.3071
0.313	 2.01	 1	 -41.7349	  174.2040
0.313	 2.81	 1	 -42.3532	  173.3904
0.316	 2.01	 1	 -42.4717	  172.7488
0.316	 2.03	 1	 -42.6886	  172.5726
0.317	 2.84	 1	 -42.5601	  173.7938
0.317	 2.02	 1	 -42.7021	  173.0653
0.319	 2.79	 1	 -43.1103	  172.8892
0.320	 2.01	 1	 -42.4898	  172.9884
0.320	 2.07	 2	 -43.9355	  173.4156
0.320	 2.41	 1	 -41.8224	  174.0175
0.320	 3.07	 1	 -41.8447	  174.0433
0.321	 2.38	 1	 -41.7273	  174.2268
0.322	 2.18	 1	 -42.7499	  173.6393
0.323	 2.29	 1	 -41.6123	  174.6359
0.323	 2.30	 1	 -42.5969	  174.0034
0.323	 2.03	 1	 -42.6513	  173.7283
0.324	 3.11	 1	 -42.5383	  173.0800
0.325	 2.18	 1	 -42.8928	  172.7571
0.325	 2.39	 1	 -42.5434	  173.2187
0.325	 2.53	 1	 -42.0776	  173.5254
0.326	 2.77	 2	 -42.5055	  172.9808
0.327	 2.88	 2	 -42.4006	  173.4046
0.328	 2.03	 1	 -42.6387	  173.0519
0.329	 2.25	 2	 -43.8182	  173.2819
0.330	 2.56	 1	 -42.1703	  173.8225
0.330	 2.26	 1	 -41.6107	  172.3949
0.330	 2.57	 1	 -42.4499	  173.7661
0.332	 2.01	 1	 -42.9702	  172.6747
0.332	 2.35	 1	 -43.7261	  172.3145
0.333	 2.08	 2	 -42.2943	  173.6108
0.333	 2.26	 1	 -42.1842	  173.5537
0.334	 2.97	 1	 -42.7757	  173.3620
0.335	 2.25	 1	 -43.1945	  173.9811
0.336	 2.23	 1	 -42.5345	  172.8635
0.336	 2.84	 2	 -41.7755	  174.2571
0.336	 2.27	 1	 -42.8556	  172.8139
0.337	 2.05	 2	 -42.8746	  173.5221
0.337	 2.50	 1	 -42.9700	  171.1467
0.339	 2.01	 1	 -42.0978	  173.7186
0.339	 2.17	 1	 -42.4632	  174.3102
0.340	 2.64	 1	 -42.1884	  173.5891
0.340	 2.13	 1	 -41.9326	  174.8644
0.340	 2.16	 1	 -45.3718	  171.6081
0.342	 2.96	 1	 -41.9570	  174.0828
0.342	 2.08	 1	 -42.4260	  173.3216
0.343	 2.32	 1	 -41.8073	  174.0435
0.343	 2.05	 1	 -42.0299	  173.7566
0.345	 2.40	 1	 -41.9757	  173.6387
0.345	 2.44	 1	 -42.6586	  173.0751
0.345	 2.03	 1	 -42.8717	  173.2439
0.347	 3.20	 1	 -42.5011	  173.3499
0.348	 2.52	 1	 -38.6634	  175.7383
0.349	 2.48	 1	 -42.6316	  172.7016
0.350	 2.79	 1	 -42.6773	  172.8813
0.351	 2.94	 1	 -42.5781	  173.1539
0.352	 2.02	 2	 -42.8817	  172.0065
0.353	 2.71	 1	 -41.7776	  173.4729
0.353	 2.48	 1	 -45.8331	  169.8447
0.353	 2.27	 1	 -41.7944	  174.2597
0.355	 2.29	 1	 -41.5580	  174.4841
0.355	 2.05	 1	 -41.5970	  178.9556
0.355	 2.20	 1	 -40.6895	  176.1367
0.357	 2.45	 1	 -42.3280	  172.9056
0.357	 2.27	 1	 -43.3224	  173.4814
0.357	 2.13	 1	 -43.6896	  173.0993
0.358	 2.33	 1	 -41.7380	  174.3325
0.359	 2.96	 1	 -41.7955	  174.2153
0.360	 2.93	 1	 -43.9551	  167.1505
0.360	 2.23	 1	 -42.4010	  171.8827
0.360	 2.00	 2	 -41.2474	  174.1687
0.361	 2.59	 1	 -42.5370	  173.7377
0.361	 2.87	 1	 -41.8238	  174.2639
0.362	 2.47	 1	 -42.2210	  173.7391
0.364	 2.12	 2	 -41.7643	  174.2467
0.365	 2.25	 1	 -42.2300	  173.6439
0.367	 3.38	 1	 -42.1955	  173.8309
0.367	 2.02	 1	 -43.3833	  174.4733
0.370	 2.09	 1	 -42.4986	  173.2832
0.370	 2.00	 1	 -42.6319	  172.1319
0.371	 2.32	 1	 -42.2841	  173.7014
0.372	 2.29	 2	 -43.6847	  173.7162
0.372	 2.07	 1	 -42.7715	  174.3653
0.373	 2.17	 1	 -42.9496	  173.0615
0.374	 2.26	 1	 -41.8809	  174.3038
0.376	 2.38	 1	 -41.9988	  173.7384
0.376	 2.14	 1	 -42.2483	  173.7052
0.377	 2.01	 1	 -42.8113	  172.7119
0.378	 2.25	 1	 -42.2124	  173.6289
0.379	 2.43	 2	 -42.1667	  173.8037
0.379	 2.40	 1	 -42.2703	  173.0121
0.379	 2.29	 1	 -42.1828	  173.6299
0.381	 2.06	 1	 -42.4773	  173.1705
0.384	 2.07	 1	 -41.9141	  174.4388
0.385	 2.06	 1	 -43.7495	  173.9869
0.387	 2.05	 1	 -42.7308	  172.6711
0.389	 2.03	 2	 -42.3022	  173.8065
0.390	 2.07	 1	 -42.3559	  173.7237
0.391	 2.04	 1	 -42.1528	  173.8214
0.394	 2.82	 1	 -41.8918	  174.3881
0.394	 2.22	 1	 -42.2642	  173.6709
0.395	 2.19	 1	 -41.1136	  172.6781
0.396	 2.41	 1	 -41.8933	  173.9630
0.396	 2.11	 1	 -41.8378	  171.6347
0.398	 2.16	 1	 -42.2796	  173.2543
0.399	 2.47	 1	 -42.6957	  172.8058
0.402	 2.12	 1	 -41.6799	  174.2669
0.402	 2.80	 1	 -42.4941	  173.0504
0.404	 2.83	 1	 -43.1918	  173.5628
0.405	 2.88	 1	 -44.1534	  171.4815
0.405	 2.08	 1	 -42.3430	  173.6282
0.405	 2.29	 2	 -41.4125	  174.0565
0.406	 2.28	 1	 -46.3034	  169.3763
0.407	 2.29	 1	 -41.7767	  174.1427
0.408	 3.01	 1	 -42.1923	  173.6503
0.409	 2.76	 1	 -41.8328	  173.8092
0.409	 2.93	 2	 -44.2907	  173.7825
0.411	 2.64	 1	 -39.7087	  172.9582
0.412	 2.46	 1	 -42.8553	  173.2976
0.412	 2.03	 1	 -42.5560	  173.0749
0.412	 2.26	 1	 -41.5493	  174.2830
0.413	 2.43	 1	 -42.0232	  173.8177
0.416	 2.01	 1	 -42.6351	  173.1582
0.419	 2.07	 1	 -46.8587	  175.3241
0.421	 2.03	 1	 -42.5156	  173.1198
0.421	 3.33	 1	 -42.0283	  173.7103
0.421	 2.25	 1	 -42.4991	  173.1044
0.422	 2.47	 1	 -42.2677	  174.1106
0.423	 2.06	 1	 -42.4737	  173.6636
0.424	 2.53	 1	 -42.6718	  172.8658
0.426	 2.52	 1	 -41.9781	  173.6699
0.426	 2.50	 1	 -42.6172	  173.3755
0.429	 2.43	 1	 -42.5627	  172.9725
0.429	 2.37	 1	 -42.3494	  173.4959
0.430	 2.09	 1	 -42.3308	  174.0959
0.431	 2.04	 1	 -42.1432	  173.5567
0.431	 2.06	 1	 -42.0410	  173.7406
0.431	 2.05	 1	 -44.0534	  172.5555
0.432	 2.08	 1	 -42.4993	  173.6541
0.434	 3.52	 1	 -42.2326	  173.9570
0.434	 3.14	 1	 -42.2637	  173.7426
0.435	 2.05	 1	 -46.5415	  169.8591
0.443	 2.44	 1	 -41.9956	  173.7114
0.443	 2.05	 1	 -42.3057	  173.6976
0.445	 3.60	 1	 -40.7845	  172.2631
0.446	 2.26	 1	 -40.7480	  172.0900
0.448	 2.20	 2	 -41.7747	  174.4121
0.448	 2.00	 2	 -41.4437	  174.0716
0.449	 3.18	 1	 -42.8193	  172.8032
0.450	 2.53	 1	 -41.8524	  172.8486
0.452	 2.11	 1	 -42.1561	  173.7183
0.452	 2.01	 1	 -42.6899	  172.5845
0.452	 2.68	 1	 -42.4066	  172.8719
0.453	 2.91	 1	 -42.0752	  173.7261
0.453	 2.15	 1	 -43.6131	  173.6309
0.454	 2.23	 2	 -42.3802	  173.3364
0.455	 2.15	 1	 -41.9354	  173.7054
0.455	 2.29	 1	 -42.2709	  173.8046
0.457	 2.75	 2	 -43.8900	  173.3770
0.457	 2.11	 1	 -42.7732	  173.6524
0.458	 2.47	 1	 -41.9310	  173.7848
0.459	 4.03	 1	 -42.1796	  173.7989
0.459	 2.05	 1	 -42.0549	  173.7831
0.460	 2.15	 1	 -42.9402	  173.1741
0.460	 2.02	 1	 -41.5662	  174.7530
0.461	 2.19	 1	 -42.2186	  171.7589
0.461	 2.54	 1	 -42.9140	  172.5378
0.462	 2.07	 1	 -42.3892	  173.1146
0.462	 2.27	 1	 -42.0087	  173.7850
0.465	 2.58	 1	 -42.0357	  173.7535
0.465	 2.76	 1	 -42.0522	  173.5381
0.465	 3.54	 1	 -42.6486	  172.9731
0.466	 2.74	 1	 -42.0771	  173.3996
0.466	 2.29	 1	 -42.4741	  172.4853
0.467	 2.08	 1	 -42.9972	  174.1359
0.467	 2.00	 1	 -42.5074	  173.1753
0.469	 2.01	 1	 -42.5653	  172.8551
0.470	 2.06	 1	 -42.3156	  172.9351
0.470	 2.17	 1	 -42.8461	  173.2368
0.472	 2.11	 1	 -45.5518	  170.4227
0.472	 2.68	 1	 -41.8421	  174.1144
0.473	 2.50	 1	 -42.4915	  173.6508
0.473	 2.95	 1	 -42.2911	  173.7824
0.474	 2.16	 1	 -42.5957	  172.7753
0.477	 2.07	 1	 -41.9095	  173.9682
0.478	 2.01	 1	 -43.1889	  174.0484
0.479	 2.19	 1	 -42.1473	  173.6051
0.480	 2.52	 2	 -41.9876	  173.7491
0.482	 2.18	 2	 -42.1613	  173.7149
0.484	 2.46	 2	 -43.9667	  167.1494
0.485	 2.44	 2	 -41.8375	  174.2832
0.486	 2.58	 1	 -42.3766	  172.5663
0.486	 2.79	 1	 -40.4332	  178.3117
0.487	 2.33	 1	 -42.5770	  173.6467
0.487	 2.15	 2	 -42.5747	  173.7874
0.488	 2.13	 1	 -41.8799	  173.9931
0.495	 2.90	 1	 -42.1613	  173.5718
0.495	 2.55	 1	 -42.7382	  174.0984
0.496	 2.15	 1	 -43.8795	  179.1531
0.498	 2.62	 1	 -42.5415	  172.8692
0.501	 2.05	 1	 -41.7032	  174.1474
0.503	 2.04	 1	 -42.3556	  173.6600
0.506	 2.62	 1	 -41.7142	  174.2539
0.507	 2.17	 1	 -41.6740	  174.2687
0.507	 3.53	 1	 -43.0212	  171.8284
0.507	 2.55	 1	 -42.7543	  173.6963
0.510	 2.13	 1	 -43.4901	  174.1711
0.511	 2.12	 1	 -43.2149	  173.4787
0.511	 2.12	 1	 -42.0611	  173.8356
0.512	 2.14	 1	 -42.0268	  173.5632
0.513	 2.89	 1	 -41.9405	  173.7196
0.513	 2.76	 1	 -42.4492	  173.0638
0.513	 2.71	 1	 -42.9276	  173.0314
0.513	 2.30	 1	 -42.6589	  172.7852
0.513	 2.78	 1	 -43.0868	  172.8558
0.519	 2.01	 1	 -42.7017	  172.7979
0.522	 3.64	 1	 -41.7104	  174.1645
0.522	 2.79	 1	 -41.8089	  174.1549
0.523	 2.61	 1	 -42.4607	  173.3479
0.523	 2.04	 1	 -42.2643	  173.6429
0.523	 2.60	 1	 -41.6947	  166.8991
0.524	 2.37	 1	 -41.8767	  174.2696
0.524	 2.29	 1	 -43.2138	  173.0568
0.524	 3.35	 1	 -42.7066	  173.2721
0.527	 2.09	 1	 -41.7570	  172.8057
0.529	 2.50	 1	 -42.2115	  173.5166
0.530	 2.26	 1	 -41.7214	  174.2504
0.530	 2.19	 1	 -43.1542	  172.0995
0.530	 2.07	 1	 -41.6906	  174.2671
0.532	 2.03	 1	 -41.7810	  173.9998
0.537	 2.54	 1	 -43.8954	  172.2230
0.538	 2.03	 2	 -41.9990	  174.2910
0.538	 2.73	 2	 -41.8260	  174.2345
0.538	 2.51	 1	 -43.2604	  174.7944
0.538	 2.20	 1	 -42.6485	  174.0658
0.540	 2.21	 1	 -42.1415	  173.5127
0.540	 2.76	 2	 -43.9519	  173.4601
0.541	 2.84	 1	 -42.8427	  174.4824
0.542	 2.03	 1	 -41.9836	  173.5608
0.544	 2.37	 1	 -42.7082	  173.4563
0.546	 2.35	 1	 -45.9224	  176.7146
0.548	 2.06	 1	 -41.7356	  172.6980
0.549	 2.24	 1	 -42.1822	  172.7262
0.550	 2.31	 1	 -42.6347	  172.4159
0.552	 2.02	 1	 -42.5947	  173.2131
0.554	 2.11	 1	 -41.7281	  173.9350
0.555	 2.30	 2	 -41.7751	  174.3252
0.556	 3.13	 1	 -41.7101	  174.2427
0.556	 3.08	 2	 -42.3822	  173.4173
0.557	 2.66	 1	 -42.4458	  173.4927
0.558	 2.96	 1	 -42.5598	  173.1363
0.559	 2.13	 1	 -42.2576	  173.6384
0.560	 2.33	 1	 -42.4223	  169.6013
0.561	 2.43	 1	 -42.8061	  173.2329
0.562	 2.21	 1	 -42.0384	  173.7320
0.566	 2.21	 1	 -42.4295	  173.7687
0.570	 2.31	 2	 -42.0463	  174.3027
0.571	 3.00	 1	 -42.2728	  173.7570
0.571	 2.44	 1	 -42.4320	  173.1369
0.573	 2.06	 1	 -42.6937	  173.0910
0.574	 2.20	 1	 -42.5359	  173.0934
0.576	 2.03	 1	 -41.8569	  174.2738
0.577	 2.53	 1	 -42.0305	  173.7828
0.577	 2.27	 1	 -42.9948	  172.6943
0.578	 2.03	 1	 -42.3116	  173.7204
0.582	 2.18	 1	 -39.0879	  172.7090
0.584	 2.35	 1	 -41.9738	  173.7764
0.584	 2.57	 1	 -42.3856	  173.6562
0.585	 3.19	 1	 -41.5561	  173.5953
0.585	 2.37	 1	 -42.2903	  173.0611
0.586	 2.45	 1	 -42.3580	  172.3205
0.586	 2.08	 1	 -43.0686	  173.6420
0.588	 2.51	 1	 -42.8014	  172.7462
0.590	 2.33	 1	 -42.1598	  173.6186
0.590	 2.30	 1	 -42.2321	  173.8359
0.593	 2.09	 1	 -41.7840	  174.4290
0.594	 2.67	 1	 -41.3777	  173.0277
0.595	 2.27	 1	 -43.2062	  173.1586
0.596	 2.44	 1	 -42.2057	  173.6701
0.597	 2.04	 1	 -42.5514	  173.1213
0.598	 2.02	 1	 -41.8233	  173.9742
0.598	 2.23	 1	 -41.7602	  174.3103
0.599	 2.20	 1	 -41.8972	  174.0050
0.600	 2.31	 1	 -43.0722	  171.8769
0.602	 2.07	 1	 -42.5451	  173.3270
0.603	 2.09	 1	 -42.5896	  173.8390
0.603	 2.10	 1	 -41.9970	  167.9664
0.604	 2.58	 1	 -42.1388	  173.0477
0.606	 2.73	 1	 -42.4898	  173.6903
0.609	 2.17	 1	 -42.3502	  173.7140
0.609	 2.04	 1	 -42.3230	  173.5641
0.610	 2.03	 1	 -42.3604	  173.6070
0.611	 2.23	 1	 -42.3187	  173.6974
0.611	 3.77	 1	 -41.9274	  173.6102
0.612	 2.06	 1	 -43.0808	  172.4253
0.612	 3.08	 1	 -42.0447	  173.7468
0.612	 3.23	 1	 -42.2729	  173.4072
0.614	 3.70	 1	 -42.6479	  173.0909
0.616	 2.69	 1	 -41.7312	  174.2017
0.618	 2.11	 1	 -42.1247	  173.8344
0.619	 2.73	 1	 -42.5833	  173.3983
0.620	 2.43	 1	 -42.2988	  173.5773
0.621	 2.34	 1	 -42.7648	  172.4360
0.622	 2.35	 1	 -42.6359	  173.1281
0.622	 2.95	 1	 -42.3317	  173.7436
0.622	 2.05	 1	 -41.7308	  174.3240
0.624	 2.62	 3	 -42.9151	  173.5129
0.624	 2.31	 1	 -41.6999	  174.2498
0.625	 2.02	 1	 -42.4800	  173.9107
0.627	 2.22	 1	 -41.9687	  173.7398
0.627	 2.95	 2	 -42.3988	  173.4355
0.629	 2.32	 1	 -41.7681	  174.2809
0.630	 2.31	 1	 -39.0746	  169.3892
0.630	 2.55	 1	 -42.4270	  173.6466
0.633	 2.00	 2	 -42.2649	  173.7351
0.633	 3.04	 1	 -38.9972	  169.8865
0.634	 2.81	 1	 -42.6846	  172.8003
0.634	 2.17	 1	 -42.7094	  172.7605
0.635	 2.11	 1	 -42.2914	  173.5059
0.638	 2.65	 2	 -41.7702	  174.3198
0.638	 2.23	 1	 -42.0109	  173.8217
0.638	 2.89	 1	 -42.2562	  173.4785
0.639	 2.03	 1	 -42.5213	  173.0694
0.639	 2.23	 1	 -42.5556	  173.0339
0.639	 2.13	 1	 -42.4150	  173.5955
0.641	 2.24	 1	 -41.2428	  169.6786
0.642	 2.18	 1	 -41.9990	  174.0101
0.645	 2.29	 1	 -42.8011	  172.6832
0.646	 2.03	 1	 -42.0362	  173.6347
0.646	 2.04	 1	 -42.5913	  173.1453
0.647	 2.25	 1	 -40.0220	  168.1001
0.655	 2.06	 1	 -42.4494	  173.0292
0.655	 2.19	 1	 -42.5295	  173.0771
0.657	 2.09	 1	 -42.1445	  173.6138
0.660	 2.74	 1	 -42.5579	  172.7844
0.660	 3.22	 1	 -42.2951	  173.1358
0.669	 2.00	 1	 -42.8831	  173.2295
0.670	 3.66	 1	 -42.4003	  173.5864
0.674	 2.03	 1	 -42.6549	  173.0148
0.676	 2.05	 1	 -42.4887	  173.0814
0.678	 2.81	 1	 -42.5111	  173.8131
0.678	 2.03	 2	 -43.9144	  173.4679
0.678	 2.91	 1	 -41.8452	  174.2087
0.678	 2.24	 1	 -41.5179	  170.6515
0.678	 3.22	 1	 -42.6221	  173.1075
0.680	 2.42	 1	 -42.1957	  173.5217
0.682	 2.33	 1	 -41.9461	  174.2515
0.683	 2.05	 1	 -42.2911	  172.7680
0.683	 2.05	 1	 -38.2022	  172.7004
0.686	 2.24	 1	 -41.9431	  173.6871
0.687	 2.45	 1	 -42.5411	  173.7759
0.689	 2.52	 1	 -42.5947	  172.6444
0.689	 2.61	 1	 -42.7042	  172.4016
0.689	 2.16	 1	 -42.6195	  173.2242
0.690	 2.37	 1	 -42.2309	  173.7808
0.690	 2.27	 1	 -42.2210	  173.6488
0.692	 2.15	 2	 -41.8693	  173.5348
0.693	 3.02	 1	 -42.1731	  174.0729
0.693	 2.05	 1	 -44.5910	  168.4894
0.694	 2.86	 1	 -41.8349	  172.7589
0.695	 2.19	 1	 -42.4130	  173.3711
0.696	 2.48	 1	 -42.3279	  173.8217
0.696	 2.22	 1	 -42.4100	  173.4524
0.698	 2.21	 1	 -43.2865	  172.5634
0.699	 2.05	 1	 -41.7397	  174.2300
0.704	 2.42	 1	 -43.3415	  173.8935
0.707	 3.54	 1	 -41.9919	  173.6654
0.710	 2.47	 1	 -43.4391	  172.9258
0.710	 2.02	 1	 -43.5028	  170.8156
0.711	 2.11	 1	 -42.5490	  172.7512
0.712	 2.49	 1	 -42.4696	  173.2302
0.713	 2.73	 1	 -40.8334	  173.3114
0.714	 3.16	 1	 -41.9425	  173.7063
0.715	 2.33	 1	 -43.1236	  173.0436
0.716	 2.05	 1	 -42.6369	  172.8931
0.717	 2.29	 1	 -42.4645	  173.1479
0.722	 2.11	 1	 -42.5766	  173.2435
0.726	 2.62	 1	 -42.3802	  173.9275
0.727	 2.60	 1	 -42.3837	  174.0695
0.729	 2.37	 1	 -46.7740	  170.4546
0.730	 2.11	 1	 -38.6803	  171.0190
0.731	 2.01	 1	 -42.8889	  173.1813
0.731	 2.86	 1	 -41.8165	  173.5953
0.734	 2.13	 1	 -42.9252	  173.6593
0.735	 2.97	 1	 -41.8029	  174.2938
0.737	 2.43	 1	 -41.8307	  173.9629
0.740	 3.02	 1	 -42.5736	  173.7212
0.741	 2.14	 1	 -42.7820	  173.4774
0.742	 2.21	 1	 -42.0631	  179.0797
0.743	 2.16	 1	 -42.5762	  173.2101
0.744	 2.89	 1	 -42.9188	  173.6632
0.750	 2.00	 1	 -41.7392	  174.2218
0.752	 2.12	 1	 -42.5233	  172.2744
0.756	 2.53	 1	 -42.7886	  173.1194
0.759	 2.11	 2	 -41.8128	  173.4718
0.761	 2.04	 1	 -41.9002	  174.7159
0.762	 2.24	 1	 -42.2532	  173.5668
0.764	 2.03	 1	 -42.5198	  172.9946
0.767	 2.37	 1	 -43.4984	  174.7548
0.770	 2.01	 1	 -41.8978	  173.2345
0.771	 2.86	 1	 -42.5327	  172.7913
0.774	 2.24	 1	 -42.5486	  173.0845
0.776	 2.60	 1	 -42.0133	  173.6852
0.779	 2.13	 1	 -42.6812	  172.7999
0.783	 2.05	 1	 -42.4986	  173.7307
0.785	 2.66	 1	 -43.0135	  173.6661
0.787	 3.11	 1	 -42.7032	  172.8054
0.788	 2.03	 1	 -42.6420	  173.0902
0.788	 2.30	 1	 -42.0172	  174.3767
0.791	 2.12	 1	 -42.4144	  173.7307
0.792	 2.85	 1	 -42.2394	  173.6697
0.792	 2.13	 1	 -42.1424	  173.7864
0.797	 3.62	 1	 -42.5902	  173.2870
0.800	 2.20	 1	 -40.4022	  174.2107
0.802	 2.61	 1	 -41.7442	  173.6237
0.805	 2.20	 1	 -41.2261	  175.4433
0.812	 2.95	 1	 -41.8807	  173.9474
0.812	 2.47	 1	 -41.9678	  173.7008
0.815	 3.13	 2	 -42.6013	  173.2987
0.819	 2.76	 1	 -41.9301	  174.2541
0.822	 2.37	 1	 -41.7666	  174.2125
0.823	 2.22	 1	 -42.1628	  173.7921
0.830	 2.80	 1	 -42.5411	  173.1750
0.833	 2.41	 1	 -42.5580	  172.8775
0.833	 2.52	 1	 -43.1452	  172.7295
0.834	 3.96	 1	 -41.0347	  172.6773
0.835	 2.34	 1	 -42.7479	  172.9922
0.835	 2.20	 1	 -42.1577	  173.6350
0.836	 2.01	 1	 -42.6369	  172.9305
0.837	 2.02	 1	 -41.8493	  174.2522
0.837	 2.05	 1	 -42.2781	  174.0027
0.838	 2.10	 1	 -42.6799	  173.4651
0.839	 3.09	 1	 -46.4896	  176.2993
0.843	 2.89	 1	 -41.9464	  172.5923
0.848	 2.19	 1	 -42.6171	  170.9499
0.848	 2.70	 1	 -42.5521	  172.8716
0.849	 2.77	 1	 -42.0253	  173.4133
0.849	 2.56	 2	 -42.4078	  173.4280
0.853	 3.10	 1	 -41.9398	  174.1965
0.854	 2.13	 1	 -42.1146	  175.5671
0.854	 2.27	 1	 -42.5466	  171.0711
0.855	 2.20	 1	 -42.3106	  171.9312
0.855	 2.78	 1	 -42.6337	  172.9497
0.855	 2.82	 1	 -42.2514	  173.4990
0.856	 2.79	 1	 -43.5568	  170.6205
0.860	 2.10	 2	 -41.8431	  174.2500
0.864	 2.02	 1	 -42.4107	  173.1875
0.864	 2.15	 2	 -42.2611	  173.8308
0.865	 2.03	 1	 -42.5833	  173.9074
0.865	 2.39	 1	 -42.0020	  173.6054
0.867	 2.07	 1	 -43.0053	  174.3248
0.868	 2.13	 1	 -41.8835	  173.6205
0.871	 2.24	 1	 -41.7611	  172.3073
0.876	 2.14	 1	 -42.1449	  173.6076
0.878	 2.83	 1	 -42.8174	  172.9571
0.878	 2.68	 1	 -42.5244	  173.0901
0.886	 2.91	 1	 -42.2494	  173.6233
0.894	 2.49	 1	 -42.3624	  173.2065
0.895	 2.24	 1	 -41.9580	  173.7271
0.897	 2.34	 1	 -43.4369	  170.7340
0.900	 2.54	 1	 -42.0081	  173.7068
0.901	 2.08	 1	 -43.1003	  171.2825
0.902	 2.06	 1	 -42.6721	  172.5679
0.905	 2.05	 1	 -42.4654	  173.7823
0.908	 3.05	 1	 -42.1025	  173.6840
0.909	 2.04	 1	 -42.1481	  173.1281
0.909	 2.28	 1	 -43.5785	  173.9849
0.909	 2.71	 1	 -42.5327	  173.3540
0.914	 2.75	 2	 -41.7107	  174.1628
0.915	 2.01	 1	 -42.4923	  171.8019
0.922	 2.77	 2	 -42.5485	  173.0862
0.923	 3.19	 1	 -42.8657	  174.7984
0.926	 2.04	 1	 -42.8126	  172.4930
0.927	 3.70	 1	 -42.3995	  173.6837
0.931	 2.37	 1	 -42.6711	  172.8656
0.932	 2.93	 1	 -43.1658	  171.5341
0.941	 2.27	 1	 -42.7115	  173.5206
0.948	 2.18	 1	 -41.6849	  173.1523
0.949	 2.09	 1	 -42.7343	  173.2337
0.949	 2.34	 1	 -42.7858	  172.3912
0.949	 2.12	 1	 -41.6607	  174.1377
0.950	 2.08	 2	 -41.7078	  174.2522
0.955	 2.54	 1	 -43.3470	  173.6057
0.956	 2.12	 1	 -42.7081	  172.7582
0.961	 3.35	 1	 -42.2872	  173.7260
0.962	 2.28	 1	 -41.6693	  174.2175
0.966	 2.99	 1	 -41.7923	  174.3939
0.966	 2.10	 1	 -42.0390	  173.8464
0.968	 2.65	 1	 -42.0291	  173.6209
0.970	 2.02	 1	 -42.2261	  173.7169
0.971	 2.13	 1	 -42.2054	  173.5908
0.971	 2.68	 1	 -42.5746	  173.0811
0.975	 2.28	 1	 -42.2351	  173.7246
0.975	 2.19	 1	 -42.1278	  173.6099
0.975	 2.58	 1	 -42.1963	  173.5577
0.977	 2.05	 1	 -42.4688	  173.8217
0.977	 3.03	 3	 -42.8846	  173.5587
0.981	 2.28	 1	 -46.8420	  170.9080
0.989	 2.03	 1	 -42.1788	  173.4893
0.990	 2.40	 1	 -42.2045	  173.5486
0.992	 3.02	 1	 -42.5826	  173.5998
0.997	 2.43	 1	 -42.3392	  173.9263
0.997	 2.16	 1	 -42.3299	  173.7241
1.001	 2.44	 1	 -42.5116	  172.8142
1.003	 2.15	 1	 -42.8895	  173.4425
1.004	 2.01	 1	 -41.4092	  178.8855
1.004	 2.04	 1	 -42.2423	  171.6426
1.005	 2.50	 1	 -42.8696	  172.2943
1.007	 2.49	 1	 -42.9122	  171.9401
1.007	 2.02	 2	 -42.0157	  173.5155
1.008	 2.09	 1	 -42.1072	  174.5872
1.008	 2.35	 1	 -41.7517	  174.1543
1.011	 2.34	 1	 -41.7025	  174.2055
1.012	 2.36	 1	 -42.8382	  173.0458
1.013	 2.14	 1	 -41.8189	  174.3773
1.014	 2.79	 1	 -42.2290	  173.7579
1.015	 3.19	 2	 -42.2195	  173.9534
1.016	 2.00	 1	 -40.1221	  171.6443
1.018	 2.26	 1	 -42.4827	  173.0493
1.023	 2.55	 2	 -42.2567	  173.8988
1.024	 2.07	 1	 -42.6468	  166.9046
1.024	 3.03	 1	 -42.5798	  173.4556
1.034	 2.43	 1	 -42.0295	  173.7775
1.035	 3.56	 1	 -42.9122	  172.8476
1.037	 2.07	 1	 -41.8969	  173.9184
1.039	 2.40	 1	 -41.8094	  174.2585
1.041	 2.52	 1	 -42.8286	  173.0683
1.042	 3.42	 1	 -42.0164	  173.7219
1.044	 2.58	 2	 -42.2145	  173.9434
1.047	 2.30	 1	 -41.7765	  174.2697
1.051	 2.10	 1	 -40.9301	  175.4011
1.055	 2.51	 1	 -43.1890	  174.3104
1.066	 2.39	 2	 -43.9160	  173.4015
1.067	 2.32	 1	 -42.0110	  173.8390
1.068	 2.28	 1	 -42.0688	  173.8380
1.073	 2.26	 1	 -41.7760	  174.1942
1.073	 2.08	 2	 -42.4699	  173.4304
1.074	 3.46	 2	 -42.2348	  173.7234
1.082	 2.67	 1	 -41.6585	  174.2930
1.083	 3.00	 1	 -41.9297	  174.3952
1.084	 3.29	 1	 -41.9562	  173.8711
1.089	 2.09	 1	 -41.9312	  174.0163
1.090	 3.34	 1	 -46.4781	  169.7206
1.091	 2.52	 1	 -42.4615	  173.1807
1.092	 2.08	 1	 -41.7927	  174.1423
1.092	 3.28	 1	 -41.9641	  173.6896
1.099	 3.34	 1	 -42.6006	  172.9578
1.101	 3.05	 2	 -40.9495	  173.8844
1.105	 2.47	 1	 -42.1813	  172.5813
1.109	 2.32	 1	 -42.6930	  172.4819
1.110	 2.22	 1	 -42.2262	  173.2322
1.111	 2.03	 1	 -42.4999	  171.9350
1.111	 2.00	 1	 -42.5033	  173.5892
1.115	 2.87	 1	 -38.4988	  170.8150
1.118	 2.42	 1	 -41.8553	  174.2794
1.123	 2.59	 1	 -43.6971	  172.0963
1.126	 2.61	 1	 -41.8612	  173.9894
1.126	 2.49	 1	 -42.2702	  172.3298
1.140	 2.54	 1	 -42.7074	  173.3594
1.141	 2.08	 1	 -42.3306	  173.4884
1.141	 2.40	 2	 -42.5487	  173.1853
1.149	 2.64	 1	 -41.7320	  174.1946
1.150	 3.50	 2	 -41.7781	  174.2490
1.151	 2.01	 2	 -42.0645	  173.8310
1.157	 2.01	 1	 -42.5997	  172.9520
1.159	 2.24	 1	 -42.1543	  173.5169
1.161	 2.09	 1	 -42.7920	  173.0426
1.166	 2.03	 1	 -41.8423	  173.6141
1.169	 2.30	 1	 -41.9439	  173.1478
1.170	 2.07	 1	 -42.6268	  173.0165
1.175	 2.25	 1	 -42.2426	  173.7480
1.187	 2.15	 1	 -42.0275	  173.7740
1.190	 2.40	 1	 -41.6819	  174.2086
1.195	 2.64	 1	 -42.6247	  172.6308
1.195	 2.30	 1	 -42.2403	  173.5797
1.206	 2.11	 1	 -42.0885	  172.6435
1.206	 2.00	 1	 -42.1215	  174.5215
1.213	 2.84	 1	 -43.1554	  166.9368
1.213	 2.09	 1	 -42.6897	  175.0677
1.214	 2.05	 1	 -41.8337	  173.9324
1.215	 2.32	 1	 -42.5480	  173.0282
1.219	 2.89	 1	 -42.7365	  172.8222
1.224	 3.00	 1	 -42.2488	  173.6814
1.232	 3.02	 1	 -42.5566	  173.1689
1.232	 2.79	 1	 -42.5737	  173.6905
1.236	 2.44	 1	 -42.1967	  173.1186
1.240	 2.02	 1	 -42.2877	  173.4382
1.241	 2.73	 1	 -44.0822	  177.8730
1.241	 2.54	 1	 -43.9252	  172.3927
1.245	 2.52	 1	 -41.6858	  174.2406
1.246	 2.27	 1	 -42.1620	  173.6225
1.253	 2.29	 1	 -42.3575	  173.4431
1.254	 2.16	 1	 -42.5397	  173.1662
1.261	 2.20	 1	 -43.0760	  173.2029
1.268	 2.35	 1	 -42.5664	  173.0026
1.268	 2.04	 1	 -42.9839	  172.1448
1.270	 3.36	 1	 -42.5869	  172.6115
1.272	 2.39	 1	 -42.6320	  172.5098
1.273	 2.35	 1	 -41.9381	  174.2738
1.278	 2.23	 2	 -42.1881	  173.8208
1.282	 2.83	 2	 -42.3286	  172.6165
1.288	 2.07	 1	 -42.0357	  173.6786
1.291	 2.06	 1	 -41.9362	  174.0864
1.292	 2.23	 1	 -42.8534	  172.8255
1.301	 2.07	 3	 -41.7170	  174.2796
1.304	 2.22	 1	 -42.5048	  173.0251
1.305	 2.03	 1	 -45.2126	  170.3532
1.309	 2.54	 1	 -42.9789	  174.2522
1.312	 2.36	 3	 -42.3326	  172.6043
1.312	 2.04	 1	 -41.8478	  173.6938
1.317	 2.82	 1	 -43.0730	  175.1384
1.321	 2.11	 1	 -38.3535	  171.4167
1.322	 2.41	 1	 -42.1893	  173.6904
1.328	 2.49	 1	 -41.7742	  174.4103
1.331	 3.23	 1	 -42.7926	  172.6516
1.331	 2.13	 1	 -41.2370	  173.6200
1.331	 2.07	 1	 -42.9314	  174.5767
1.342	 2.05	 1	 -42.3501	  173.0233
1.351	 2.02	 1	 -41.8667	  172.9644
1.354	 2.12	 1	 -42.5597	  173.6229
1.358	 2.03	 1	 -42.6353	  172.8109
1.360	 2.41	 1	 -41.7024	  174.2923
1.363	 2.15	 1	 -42.3069	  173.2163
1.364	 2.20	 1	 -42.8951	  173.1977
1.365	 2.14	 1	 -41.7702	  174.4233
1.366	 2.23	 1	 -41.7299	  174.2635
1.368	 2.59	 1	 -38.3798	  176.4275
1.371	 2.77	 1	 -43.0120	  172.7322
1.372	 2.38	 1	 -42.9897	  174.8733
1.375	 2.00	 1	 -41.6540	  174.2989
1.377	 2.85	 1	 -42.3669	  172.8468
1.381	 2.20	 2	 -41.6768	  173.3793
1.387	 2.10	 1	 -42.0146	  173.7516
1.389	 2.38	 1	 -41.9033	  173.6241
1.391	 2.07	 1	 -42.4489	  172.8431
1.391	 2.10	 1	 -42.1093	  173.5549
1.392	 2.26	 1	 -40.5142	  176.6773
1.394	 2.29	 1	 -42.3333	  173.7030
1.395	 2.88	 1	 -42.4532	  173.8271
1.395	 2.21	 1	 -41.7994	  173.9685
1.398	 2.35	 1	 -47.1887	  173.1105
1.402	 3.06	 2	 -43.9048	  173.3631
1.404	 2.89	 1	 -42.4237	  172.9017
1.406	 2.50	 1	 -43.9765	  170.7671
1.407	 2.42	 2	 -40.2166	  168.3790
1.414	 2.17	 2	 -42.7285	  173.2528
1.416	 2.23	 1	 -41.5818	  171.4559
1.418	 2.69	 1	 -40.0848	  175.5918
1.423	 2.03	 1	 -43.0121	  173.1642
1.423	 2.05	 2	 -42.5878	  173.2897
1.423	 2.30	 1	 -42.6040	  173.1269
1.425	 3.22	 1	 -41.7284	  174.2066
1.426	 2.11	 1	 -42.5477	  173.8513
1.426	 2.59	 1	 -41.0143	  172.9956
1.427	 2.66	 1	 -42.6497	  173.4103
1.436	 2.15	 1	 -42.8722	  172.0782
1.436	 3.05	 1	 -42.6702	  173.4355
1.438	 2.28	 1	 -42.9999	  172.8011
1.441	 3.00	 1	 -42.4608	  172.9297
1.442	 2.25	 1	 -42.2717	  173.9115
1.444	 2.11	 1	 -42.3986	  173.8569
1.445	 2.16	 1	 -41.8596	  174.1333
1.445	 2.05	 1	 -42.6756	  173.2446
1.447	 2.43	 1	 -43.1242	  172.9936
1.447	 2.62	 1	 -42.5406	  173.2975
1.453	 2.04	 1	 -42.4085	  172.6400
1.456	 3.14	 1	 -40.6955	  175.5756
1.459	 2.60	 1	 -42.0029	  173.6183
1.460	 2.27	 1	 -42.7944	  172.8862
1.460	 2.64	 1	 -42.1831	  173.8067
1.461	 2.61	 1	 -42.7451	  172.8870
1.461	 2.03	 1	 -42.9036	  173.0022
1.462	 2.28	 2	 -42.0151	  173.7053
1.462	 2.02	 1	 -42.3775	  173.8828
1.465	 2.48	 1	 -42.3565	  173.6389
1.466	 2.54	 1	 -38.1995	  172.7798
1.475	 3.27	 1	 -43.1833	  173.2851
1.476	 2.33	 1	 -42.6837	  172.9714
1.483	 2.10	 2	 -41.6898	  174.0488
1.484	 2.12	 1	 -42.4902	  172.1992
1.485	 2.35	 1	 -42.5794	  173.0584
1.492	 2.08	 1	 -38.4393	  175.0073
1.497	 2.29	 1	 -42.2032	  173.5512
1.503	 2.36	 2	 -41.7322	  174.2917
1.508	 2.42	 2	 -41.7149	  174.2728
1.508	 3.30	 1	 -42.4082	  173.4878
1.514	 2.48	 1	 -42.6190	  175.2287
1.514	 2.45	 1	 -42.4735	  173.7821
1.518	 2.04	 1	 -42.0804	  173.6193
1.518	 2.01	 1	 -41.8062	  173.7195
1.519	 2.14	 2	 -42.3745	  173.3985
1.521	 3.04	 1	 -41.6972	  174.2672
1.525	 2.11	 1	 -45.3604	  175.0623
1.525	 2.66	 1	 -42.4581	  173.2103
1.543	 2.01	 2	 -41.8028	  174.2594
1.547	 2.06	 1	 -43.1650	  172.7330
1.556	 2.14	 1	 -42.7354	  173.2273
1.557	 3.38	 1	 -42.4465	  172.8915
1.557	 2.63	 1	 -42.6587	  172.7656
1.565	 2.23	 1	 -42.5273	  172.7414
1.565	 2.57	 1	 -42.2441	  173.5722
1.574	 2.00	 1	 -42.3977	  173.6837
1.574	 2.32	 1	 -45.7022	  177.5675
1.575	 2.50	 1	 -44.1135	  172.6454
1.578	 2.61	 1	 -42.1236	  173.4772
1.581	 2.03	 1	 -43.0302	  173.0016
1.599	 2.03	 2	 -41.6252	  173.8036
1.599	 2.01	 1	 -42.5246	  173.2619
1.602	 2.23	 1	 -41.8793	  174.3023
1.608	 2.37	 1	 -41.9258	  173.7185
1.615	 2.34	 2	 -42.8347	  171.9565
1.617	 2.32	 1	 -42.8605	  172.9936
1.635	 2.55	 1	 -42.2974	  173.4243
1.644	 2.00	 1	 -41.8281	  174.2830
1.644	 2.41	 2	 -42.4859	  173.1404
1.647	 2.02	 1	 -42.7397	  173.3213
1.648	 2.11	 2	 -42.3712	  173.3914
1.649	 3.23	 1	 -46.2950	  175.6814
1.653	 2.20	 1	 -43.0750	  173.3082
1.654	 2.56	 1	 -42.1040	  173.9190
1.656	 3.78	 1	 -41.7609	  174.1727
1.657	 2.17	 2	 -41.6256	  174.4639
1.657	 2.53	 1	 -42.4472	  173.8629
1.666	 2.37	 1	 -41.9080	  173.8046
1.670	 2.21	 1	 -42.7553	  173.3183
1.672	 2.00	 1	 -42.4220	  173.7592
1.672	 2.52	 1	 -42.2920	  173.1493
1.675	 3.29	 1	 -42.3480	  173.7685
1.684	 2.08	 1	 -42.1768	  173.5671
1.685	 2.30	 1	 -42.8202	  173.1321
1.687	 2.03	 1	 -42.5530	  173.5960
1.689	 2.33	 1	 -43.0274	  174.4714
1.695	 2.11	 1	 -42.0580	  173.8312
1.698	 2.23	 1	 -42.3567	  173.5315
1.699	 2.44	 1	 -42.5100	  173.3013
1.701	 2.12	 1	 -42.6153	  172.7816
1.705	 2.03	 1	 -47.1354	  173.9655
1.721	 2.57	 1	 -42.5428	  173.1197
1.722	 2.38	 1	 -42.1165	  173.5974
1.725	 2.25	 1	 -42.2101	  173.5954
1.730	 3.40	 1	 -47.0164	  171.3430
1.733	 2.16	 1	 -41.8733	  173.9456
1.740	 2.02	 2	 -43.9123	  173.3288
1.746	 2.53	 1	 -42.4619	  173.7958
1.753	 3.37	 1	 -42.0087	  173.7708
1.759	 2.26	 1	 -42.6999	  173.0307
1.760	 2.51	 1	 -38.2177	  173.6228
1.769	 2.59	 2	 -41.9371	  173.0836
1.771	 2.11	 1	 -41.9694	  173.6663
1.772	 2.35	 1	 -41.7202	  174.2269
1.778	 2.05	 1	 -42.5197	  172.4860
1.778	 3.13	 2	 -42.1750	  173.7929
1.781	 2.21	 1	 -42.6858	  179.1399
1.782	 6.19	 1	 -42.6519	  172.6925
1.782	 2.14	 2	 -42.7663	  172.5453
1.783	 2.52	 1	 -42.4640	  173.5537
1.784	 2.09	 2	 -42.6310	  172.7621
1.784	 2.33	 2	 -42.6399	  172.7679
1.785	 2.25	 2	 -42.6743	  172.5985
1.785	 2.50	 1	 -42.2236	  173.8549
1.786	 2.25	 2	 -42.6214	  172.5942
1.788	 2.60	 2	 -42.7858	  172.7647
1.788	 2.08	 1	 -42.0155	  173.6966
1.789	 2.49	 2	 -42.6675	  172.6341
1.791	 2.41	 1	 -42.7557	  173.7817
1.791	 2.09	 1	 -42.3497	  172.5921
1.792	 2.07	 1	 -42.6831	  172.9250
1.792	 3.54	 2	 -42.6918	  172.7055
1.793	 2.44	 2	 -42.6434	  172.7041
1.794	 2.84	 1	 -42.0826	  173.7199
1.797	 2.70	 2	 -42.7178	  172.7681
1.799	 2.05	 2	 -42.6627	  172.6907
1.799	 2.08	 2	 -42.6943	  172.5434
1.802	 2.23	 2	 -42.5796	  172.5315
1.804	 2.59	 2	 -42.7589	  172.6639
1.809	 2.34	 2	 -42.8155	  172.5843
1.815	 2.36	 1	 -42.5898	  173.2527
1.816	 2.14	 1	 -41.7652	  174.1818
1.816	 2.08	 1	 -42.6226	  173.1346
1.818	 2.16	 2	 -42.6828	  172.7980
1.819	 2.08	 1	 -42.2243	  173.3545
1.819	 2.57	 1	 -42.8605	  173.1611
1.824	 3.50	 2	 -42.6360	  172.6181
1.830	 2.68	 1	 -42.0232	  173.5260
1.831	 2.22	 2	 -42.6428	  172.7541
1.832	 2.77	 2	 -42.6540	  172.6778
1.837	 3.24	 2	 -42.6575	  172.7245
1.840	 2.06	 2	 -42.6817	  172.6104
1.841	 2.16	 1	 -42.4153	  173.8677
1.843	 2.47	 1	 -41.7430	  174.0863
1.843	 2.07	 1	 -42.3382	  174.0967
1.844	 3.49	 1	 -42.2864	  173.5417
1.845	 2.25	 1	 -42.4287	  172.8159
1.849	 3.05	 2	 -42.6482	  172.6003
1.852	 2.16	 2	 -42.6493	  172.6750
1.861	 2.28	 2	 -42.6651	  172.7165
1.861	 2.31	 2	 -42.6805	  172.6102
1.864	 2.01	 1	 -42.7978	  173.0534
1.864	 2.10	 2	 -43.4799	  174.4597
1.865	 2.12	 2	 -42.4844	  173.0671
1.867	 2.79	 2	 -42.7678	  172.8448
1.867	 2.32	 1	 -42.3343	  173.8000
1.869	 2.28	 2	 -42.5766	  172.6951
1.869	 2.14	 2	 -42.2913	  173.5356
1.875	 2.91	 2	 -42.7912	  172.2323
1.880	 2.03	 2	 -42.5968	  172.7383
1.880	 2.03	 2	 -42.4757	  172.9922
1.881	 2.13	 1	 -41.7833	  173.9684
1.881	 2.07	 1	 -38.8654	  176.2339
1.882	 2.20	 1	 -42.8071	  172.8275
1.882	 2.61	 1	 -42.2948	  173.8120
1.883	 2.10	 1	 -42.2025	  173.6902
1.886	 2.25	 2	 -42.5538	  172.7285
1.894	 2.06	 1	 -42.5695	  173.3038
1.895	 3.98	 2	 -42.5661	  172.7374
1.896	 3.32	 1	 -43.9239	  174.8126
1.897	 3.14	 2	 -44.0488	  172.2254
1.900	 2.90	 2	 -42.6962	  172.6599
1.901	 2.66	 2	 -42.6526	  172.7625
1.901	 2.81	 2	 -43.0403	  172.3800
1.902	 2.24	 2	 -42.6047	  172.3809
1.903	 2.35	 1	 -40.4474	  173.0157
1.906	 2.35	 1	 -42.7242	  175.0309
1.906	 2.77	 2	 -42.4989	  172.9612
1.908	 2.25	 2	 -39.2159	  171.9462
1.910	 2.03	 1	 -43.5473	  167.0159
1.914	 3.58	 2	 -43.8589	  173.4129
1.917	 4.24	 2	 -42.7287	  172.6161
1.918	 2.35	 2	 -42.5814	  172.5657
1.927	 2.02	 1	 -42.9777	  173.5525
1.927	 2.47	 1	 -41.6965	  174.2715
1.932	 2.55	 2	 -42.1715	  173.0585
1.932	 2.06	 2	 -41.7086	  174.2447
1.937	 2.00	 2	 -42.5266	  172.5331
1.942	 2.53	 2	 -42.6553	  172.6453
1.944	 2.52	 1	 -38.1959	  173.0071
1.945	 2.00	 1	 -42.9219	  171.4948
1.951	 2.11	 1	 -41.8959	  174.0343
1.952	 2.08	 1	 -42.7841	  172.8721
1.953	 2.64	 3	 -42.5627	  172.7355
1.955	 2.17	 1	 -42.6378	  172.9524
1.956	 2.42	 1	 -42.3011	  174.0267
1.957	 2.06	 2	 -42.5565	  172.6860
1.957	 2.57	 1	 -47.1207	  171.9586
1.958	 2.05	 2	 -42.7328	  172.8566
1.961	 2.24	 2	 -42.5550	  172.7906
1.969	 2.24	 2	 -42.4148	  172.6009
1.969	 2.19	 2	 -42.2994	  172.7165
1.970	 2.29	 1	 -42.1023	  173.4760
1.973	 2.31	 2	 -42.6722	  172.6296
1.983	 2.58	 2	 -42.6057	  172.6970
1.988	 2.61	 1	 -42.5337	  173.8452
1.990	 2.21	 2	 -42.6213	  172.4849
1.992	 2.40	 2	 -42.6298	  172.5570
1.993	 3.19	 2	 -43.0120	  172.7341
1.993	 2.57	 1	 -43.5742	  174.0109
1.997	 2.23	 1	 -42.3045	  173.4696
2.000	 4.08	 1	 -42.3699	  174.0252
2.000	 2.42	 2	 -42.1449	  172.8343
2.002	 2.10	 2	 -42.5983	  172.6641
2.003	 2.15	 1	 -41.8341	  174.2040
2.005	 2.61	 1	 -42.6081	  173.8612
2.006	 2.08	 1	 -46.5267	  169.8259
2.021	 2.02	 2	 -42.6416	  172.6633
2.024	 2.25	 3	 -42.5754	  172.6369
2.027	 2.02	 2	 -39.2371	  168.7148
2.029	 2.00	 1	 -42.2988	  173.9881
2.033	 2.24	 1	 -42.2758	  173.6534
2.034	 3.12	 2	 -42.6399	  172.5925
2.042	 2.10	 2	 -42.5178	  172.8083
2.045	 2.06	 2	 -42.3413	  173.1787
2.047	 2.33	 2	 -42.6326	  172.6642
2.057	 2.03	 1	 -42.3607	  174.0954
2.061	 2.85	 1	 -42.0201	  174.1418
2.061	 2.24	 2	 -42.4912	  173.6871
2.063	 2.10	 1	 -41.9350	  173.6998
2.070	 2.90	 1	 -42.6422	  172.9955
2.070	 2.16	 1	 -42.0218	  172.4933
2.080	 3.09	 2	 -42.5609	  172.3722
2.080	 2.15	 1	 -43.5397	  172.4117
2.082	 2.00	 1	 -42.4366	  173.6035
2.090	 2.53	 1	 -41.7659	  174.1849
2.091	 2.23	 1	 -42.1818	  173.8145
2.092	 2.30	 2	 -42.6181	  172.7351
2.094	 2.17	 1	 -42.2628	  173.7504
2.096	 2.77	 1	 -42.7260	  173.4491
2.102	 2.00	 1	 -42.2016	  173.6753
2.107	 2.04	 1	 -42.4317	  172.5443
2.113	 2.07	 1	 -42.2248	  173.3858
2.119	 2.69	 1	 -42.8581	  172.8355
2.130	 2.16	 2	 -42.4538	  171.2174
2.131	 2.81	 1	 -41.8641	  173.9474
2.137	 2.20	 1	 -41.2114	  178.7985
2.141	 2.33	 2	 -47.1248	  171.9445
2.143	 2.20	 1	 -41.7202	  174.1662
2.144	 2.03	 2	 -41.8103	  174.2592
2.148	 2.42	 1	 -41.9639	  173.7427
2.150	 2.17	 2	 -42.7122	  172.5896
2.151	 2.41	 1	 -42.1976	  172.9390
2.154	 2.06	 1	 -41.3026	  175.5241
2.162	 2.50	 1	 -42.2921	  173.1389
2.164	 2.08	 2	 -42.5990	  173.2174
2.168	 2.31	 1	 -42.4916	  173.1062
2.170	 2.34	 2	 -43.4428	  170.4211
2.171	 2.49	 2	 -42.6311	  172.6251
2.172	 2.15	 2	 -41.9416	  174.2261
2.173	 2.81	 1	 -42.7693	  173.4199
2.174	 2.12	 2	 -46.8312	  174.9484
2.174	 2.50	 1	 -42.1602	  173.6401
2.177	 2.42	 1	 -43.7750	  174.7606
2.178	 3.01	 1	 -42.2511	  173.8569
2.190	 2.04	 1	 -41.9533	  173.5703
2.194	 2.86	 1	 -41.9702	  173.7464
2.195	 3.13	 2	 -43.9296	  173.4107
2.197	 2.06	 2	 -42.5843	  172.5374
2.205	 2.51	 2	 -42.8298	  172.2418
2.210	 2.10	 1	 -42.4567	  173.7299
2.212	 2.02	 1	 -42.2786	  173.5027
2.212	 2.30	 1	 -43.0773	  172.5420
2.223	 2.18	 1	 -42.1943	  173.6290
2.224	 2.10	 1	 -41.7097	  174.1265
2.226	 2.36	 2	 -42.5985	  172.6393
2.231	 3.11	 2	 -42.5812	  172.6212
2.231	 2.17	 2	 -42.8946	  172.4645
2.235	 2.98	 1	 -42.9010	  173.0074
2.241	 2.85	 2	 -43.0311	  172.6352
2.243	 2.24	 1	 -42.3417	  173.5860
2.243	 2.29	 1	 -42.5128	  170.8725
2.250	 3.10	 2	 -42.5996	  172.7038
2.251	 2.07	 1	 -42.6357	  172.0343
2.254	 2.08	 1	 -43.0940	  169.8736
2.256	 3.31	 1	 -41.9527	  173.6047
2.259	 2.15	 1	 -42.8078	  173.2141
2.260	 2.11	 1	 -41.7051	  173.3864
2.264	 2.08	 1	 -42.2816	  173.1871
2.265	 2.14	 1	 -42.2217	  173.6424
2.267	 2.21	 2	 -42.7751	  172.5384
2.267	 2.50	 1	 -42.9602	  173.2609
2.268	 2.36	 1	 -42.4274	  173.6488
2.269	 2.55	 2	 -41.1211	  173.0423
2.269	 2.49	 1	 -42.3645	  173.0695
2.278	 2.02	 2	 -42.6735	  172.6031
2.285	 2.77	 1	 -42.6850	  172.7357
2.286	 3.36	 2	 -42.5818	  172.7054
2.288	 2.30	 1	 -42.6187	  172.8702
2.288	 3.91	 1	 -44.4319	  172.8769
2.290	 2.96	 1	 -42.2939	  171.6881
2.293	 2.02	 1	 -42.2443	  173.5744
2.296	 2.23	 1	 -42.3106	  173.7379
2.300	 2.94	 1	 -42.6342	  172.7937
2.300	 2.45	 2	 -42.6090	  172.6846
2.307	 2.71	 1	 -42.6604	  173.1244
2.307	 2.36	 1	 -44.6637	  173.7482
2.309	 2.19	 2	 -41.3860	  174.1150
2.312	 2.10	 1	 -41.8528	  173.9619
2.315	 3.62	 1	 -41.8252	  173.6099
2.318	 3.06	 1	 -43.2656	  172.3548
2.322	 2.38	 1	 -42.8615	  173.0183
2.324	 2.15	 1	 -42.3044	  173.6700
2.333	 2.34	 1	 -41.3768	  170.7623
2.338	 2.13	 1	 -42.3072	  174.0253
2.342	 2.51	 1	 -41.9300	  174.2682
2.350	 2.12	 2	 -42.6254	  172.6304
2.353	 3.03	 2	 -42.6761	  172.7012
2.353	 2.05	 2	 -46.4973	  176.3316
2.353	 2.05	 1	 -42.2424	  172.6804
2.356	 2.21	 1	 -42.4802	  173.5855
2.373	 3.33	 2	 -42.4355	  173.8019
2.375	 2.26	 1	 -42.3191	  172.5768
2.383	 2.85	 1	 -42.1277	  173.6001
2.386	 2.07	 1	 -42.5166	  173.2962
2.392	 2.45	 1	 -42.3706	  173.4245
2.392	 2.26	 1	 -42.4487	  173.9309
2.399	 2.29	 2	 -42.7768	  172.8328
2.404	 2.03	 2	 -42.5429	  173.1246
2.412	 2.44	 2	 -42.0379	  174.2191
2.424	 2.02	 2	 -41.8219	  174.2638
2.425	 2.00	 1	 -43.4504	  172.7591
2.441	 2.23	 1	 -41.9801	  173.6924
2.443	 2.19	 1	 -42.7267	  174.3429
2.457	 2.02	 1	 -41.9452	  172.0681
2.459	 2.22	 2	 -42.6987	  172.6861
2.461	 2.05	 1	 -43.2557	  173.5872
2.466	 2.88	 3	 -42.5710	  172.7140
2.474	 2.66	 1	 -42.6584	  173.4111
2.477	 2.41	 1	 -38.2633	  171.9675
2.495	 2.48	 2	 -42.2893	  173.4713
2.497	 2.45	 2	 -43.8125	  173.3657
2.498	 2.31	 1	 -41.7494	  174.0133
2.507	 2.10	 1	 -42.7745	  173.4144
2.508	 2.13	 2	 -42.3672	  173.3874
2.513	 2.26	 1	 -42.1334	  173.5762
2.517	 2.26	 1	 -41.8026	  174.2237
2.517	 2.56	 2	 -42.8930	  173.0212
2.517	 2.47	 2	 -46.7119	  174.5817
2.521	 2.03	 1	 -43.0213	  173.1873
2.531	 2.31	 1	 -42.2302	  173.6270
2.543	 2.07	 1	 -41.7514	  174.2975
2.544	 2.01	 2	 -42.6983	  172.7591
2.548	 2.56	 1	 -42.4294	  173.7628
2.549	 2.00	 2	 -42.6521	  172.6580
2.550	 3.27	 1	 -41.7397	  174.1924
2.556	 2.05	 1	 -42.7927	  174.3259
2.556	 2.65	 2	 -42.6088	  172.8166
2.575	 2.04	 1	 -41.6544	  174.3410
2.584	 2.09	 1	 -42.7215	  173.1616
2.588	 2.58	 1	 -41.6543	  174.2548
2.588	 2.10	 2	 -42.6986	  172.7736
2.589	 3.60	 1	 -42.1704	  173.9350
2.590	 2.08	 1	 -42.8719	  174.3001
2.593	 2.95	 1	 -41.8307	  174.0522
2.596	 2.72	 2	 -43.0418	  173.7417
2.596	 2.06	 1	 -42.9036	  173.6057
2.600	 3.28	 2	 -42.3042	  172.9683
2.600	 2.53	 1	 -42.4372	  173.9026
2.610	 2.44	 2	 -40.3275	  175.0258
2.612	 2.98	 1	 -42.6045	  172.9290
2.615	 2.69	 1	 -42.5072	  172.9535
2.617	 2.83	 1	 -43.6308	  174.3979
2.624	 2.02	 1	 -42.6769	  172.7087
2.628	 2.04	 1	 -42.2564	  173.7644
2.628	 2.50	 1	 -41.3950	  174.0250
2.636	 2.19	 2	 -42.9920	  172.0765
2.639	 2.12	 1	 -42.4347	  173.7841
2.645	 2.49	 2	 -42.4975	  172.9883
2.645	 2.24	 1	 -41.8576	  173.9473
2.646	 2.05	 1	 -42.8806	  173.2010
2.647	 4.60	 1	 -42.5758	  173.7905
2.648	 2.23	 1	 -41.7839	  172.3961
2.649	 2.86	 1	 -42.8067	  172.8870
2.652	 2.77	 1	 -41.8790	  173.9643
2.658	 2.10	 1	 -42.3410	  172.9995
2.660	 2.01	 2	 -42.6500	  172.9039
2.664	 3.34	 1	 -42.2771	  173.4618
2.666	 2.27	 1	 -42.2976	  173.5547
2.668	 2.64	 2	 -43.0744	  171.5264
2.681	 2.73	 1	 -42.8891	  173.0691
2.692	 2.64	 1	 -43.3780	  172.3310
2.705	 2.03	 2	 -42.8413	  172.7074
2.706	 2.09	 1	 -43.0980	  171.4873
2.711	 2.59	 1	 -42.3239	  173.6044
2.712	 2.43	 1	 -42.6054	  173.4939
2.713	 2.13	 1	 -42.3425	  174.1425
2.716	 2.25	 1	 -42.5613	  172.2206
2.723	 2.45	 1	 -41.3930	  174.0471
2.743	 2.22	 1	 -42.9675	  173.0494
2.745	 3.20	 1	 -43.1453	  174.5247
2.760	 2.22	 2	 -42.7615	  172.8071
2.765	 2.31	 1	 -41.7119	  174.2578
2.768	 2.43	 2	 -41.8337	  173.6207
2.768	 2.07	 2	 -42.6413	  172.7088
2.776	 2.16	 2	 -42.4962	  172.6503
2.787	 2.16	 1	 -42.3367	  173.7368
2.787	 2.20	 3	 -42.4878	  172.6414
2.788	 3.07	 1	 -41.8194	  174.2247
2.796	 2.22	 1	 -43.7569	  174.6038
2.805	 2.43	 1	 -46.7013	  171.8788
2.806	 2.08	 2	 -42.6287	  172.6539
2.816	 2.87	 1	 -42.2995	  173.9869
2.827	 2.79	 1	 -45.4018	  168.1394
2.831	 2.31	 2	 -42.6358	  172.7001
2.835	 2.45	 1	 -42.2263	  173.6463
2.835	 2.72	 1	 -42.6282	  173.5343
2.838	 2.04	 1	 -42.4432	  173.3319
2.856	 2.25	 2	 -42.3142	  173.8862
2.856	 2.66	 1	 -42.3398	  173.3991
2.859	 2.39	 1	 -45.5772	  174.5741
2.860	 2.21	 2	 -42.0214	  173.8685
2.872	 2.19	 1	 -41.9832	  174.0841
2.874	 2.02	 1	 -42.7892	  172.5923
2.881	 2.89	 1	 -42.3838	  173.1518
2.890	 2.05	 1	 -42.4615	  173.1615
2.910	 2.21	 1	 -42.0307	  173.7022
2.910	 2.07	 1	 -42.1615	  173.6242
2.913	 2.62	 1	 -42.9188	  172.9489
2.914	 3.17	 2	 -42.8993	  173.2924
2.921	 2.93	 1	 -41.9476	  174.0170
2.921	 2.18	 1	 -42.5202	  173.2768
2.923	 2.43	 1	 -42.2208	  173.5400
2.924	 2.29	 2	 -42.6089	  172.6119
2.925	 2.79	 2	 -42.5992	  172.5368
2.944	 4.10	 2	 -42.7114	  172.6403
2.945	 4.12	 2	 -42.6497	  172.5027
2.946	 2.09	 1	 -42.5406	  173.1638
2.952	 2.92	 1	 -41.7512	  174.2767
2.955	 2.05	 1	 -46.2810	  176.7088
2.959	 2.45	 2	 -42.9000	  173.1916
2.975	 2.69	 1	 -42.3975	  173.5805
2.977	 2.11	 1	 -41.7814	  174.2430
2.980	 2.15	 2	 -42.6836	  172.7121
2.984	 2.32	 1	 -42.7081	  172.9674
2.987	 2.60	 1	 -42.0722	  173.7193
2.989	 2.16	 1	 -41.8163	  174.1265
2.989	 2.25	 1	 -44.1387	  175.4449
3.008	 2.45	 1	 -42.1752	  173.8243
3.015	 2.03	 2	 -42.3814	  173.7503
3.018	 2.25	 2	 -42.5951	  172.5524
3.019	 2.49	 1	 -42.5063	  172.9452
3.021	 2.99	 1	 -42.6077	  172.9219
3.024	 2.42	 1	 -42.1188	  173.8600
3.030	 2.41	 1	 -41.6681	  173.7449
3.032	 2.82	 1	 -42.5568	  173.2979
3.044	 3.20	 1	 -42.2432	  173.6870
3.044	 2.87	 1	 -42.6750	  172.9681
3.046	 2.16	 1	 -42.1840	  173.2734
3.050	 2.60	 1	 -42.5973	  173.0113
3.053	 2.15	 1	 -42.3481	  173.5833
3.056	 2.45	 1	 -41.9846	  173.5186
3.062	 2.12	 1	 -43.0403	  173.4124
3.067	 2.03	 1	 -41.9563	  174.0693
3.079	 2.07	 1	 -42.6269	  173.8632
3.092	 2.08	 1	 -41.0846	  177.4321
3.105	 2.71	 1	 -42.1419	  173.7193
3.134	 4.66	 1	 -42.4159	  173.1689
3.136	 3.07	 2	 -41.8083	  174.2780
3.138	 2.21	 1	 -42.6277	  173.1554
3.147	 2.53	 1	 -42.4612	  173.1162
3.147	 2.73	 1	 -41.9943	  173.7083
3.153	 2.05	 2	 -42.3764	  173.1614
3.154	 2.63	 1	 -42.8875	  172.8446
3.156	 3.07	 1	 -42.4924	  173.1043
3.157	 2.72	 2	 -42.4550	  173.2078
3.161	 2.27	 2	 -42.4224	  173.1255
3.161	 2.06	 2	 -42.7662	  172.6630
3.166	 2.15	 2	 -42.6691	  172.4013
3.169	 2.06	 2	 -42.1490	  172.7244
3.182	 2.21	 2	 -43.9205	  166.8270
3.185	 3.66	 1	 -41.8043	  173.9116
3.187	 2.15	 2	 -42.5896	  172.9257
3.192	 2.36	 1	 -41.7508	  174.3079
3.195	 2.13	 1	 -42.4320	  173.7899
3.201	 2.96	 3	 -42.6394	  172.5946
3.214	 2.61	 1	 -42.0233	  173.7381
3.218	 2.19	 1	 -41.5454	  174.2230
3.237	 2.18	 2	 -42.6439	  172.7339
3.241	 2.72	 2	 -42.7018	  172.8386
3.241	 2.07	 1	 -42.1367	  173.6035
3.242	 2.57	 2	 -42.7327	  172.7343
3.264	 2.26	 1	 -41.7298	  173.4477
3.276	 2.50	 1	 -42.9714	  173.5506
3.278	 2.08	 1	 -42.0398	  173.7074
3.279	 2.50	 1	 -41.6318	  174.4438
3.279	 2.09	 1	 -41.7172	  174.1657
3.286	 3.08	 1	 -42.5239	  173.0362
3.287	 2.19	 1	 -42.7387	  172.9121
3.288	 2.43	 1	 -43.2849	  172.6291
3.288	 2.66	 1	 -42.6712	  172.8397
3.308	 2.01	 2	 -42.7520	  172.5594
3.313	 2.55	 1	 -42.0420	  173.5337
3.314	 2.03	 1	 -41.8734	  174.2584
3.317	 4.00	 2	 -43.9369	  173.2950
3.320	 2.22	 1	 -42.4525	  173.8163
3.327	 2.19	 1	 -42.2002	  172.3572
3.330	 2.11	 1	 -42.7930	  172.6998
3.341	 2.04	 1	 -42.1595	  173.5992
3.343	 2.00	 2	 -42.6591	  172.6534
3.344	 2.29	 2	 -42.7710	  173.4142
3.352	 2.39	 1	 -42.8073	  173.0520
3.354	 2.91	 1	 -42.7026	  170.8919
3.355	 2.14	 1	 -41.9653	  173.7666
3.358	 2.22	 3	 -43.9409	  173.3167
3.361	 2.04	 1	 -42.4716	  171.8637
3.361	 2.02	 1	 -43.5662	  172.7632
3.378	 4.43	 2	 -43.0424	  173.4382
3.380	 2.48	 1	 -41.9223	  173.3595
3.384	 2.31	 1	 -41.9221	  174.2332
3.391	 2.41	 1	 -42.6530	  173.0022
3.392	 3.80	 1	 -42.3272	  173.6815
3.401	 2.13	 2	 -42.1619	  173.6212
3.412	 2.47	 2	 -42.1470	  173.8685
3.422	 2.04	 1	 -42.1962	  172.0854
3.427	 2.24	 1	 -41.3104	  173.5831
3.452	 2.12	 2	 -42.5839	  172.6212
3.452	 2.21	 1	 -43.2007	  173.3488
3.453	 2.63	 4	 -42.6333	  172.5983
3.455	 2.51	 2	 -42.6886	  172.7193
3.457	 2.02	 2	 -42.6195	  172.6957
3.479	 2.44	 1	 -42.5386	  173.4655
3.480	 2.53	 1	 -42.2281	  173.8445
3.485	 2.94	 2	 -42.6158	  172.5585
3.490	 4.60	 2	 -42.2296	  173.8439
3.501	 2.71	 1	 -43.1626	  172.3644
3.505	 2.30	 2	 -41.9352	  173.6010
3.507	 2.22	 1	 -42.1323	  173.6160
3.514	 2.32	 1	 -41.0747	  167.3140
3.520	 2.23	 2	 -42.6746	  172.7020
3.521	 3.19	 1	 -42.7963	  173.1546
3.534	 2.36	 1	 -41.8642	  174.1682
3.536	 2.13	 1	 -43.7652	  175.1339
3.537	 2.84	 2	 -42.6471	  172.5941
3.542	 2.32	 1	 -41.8122	  174.0155
3.553	 2.59	 1	 -42.7812	  173.2034
3.557	 2.30	 1	 -42.2137	  174.0426
3.557	 2.25	 1	 -42.0126	  173.7344
3.566	 2.96	 1	 -41.7349	  174.2743
3.579	 2.27	 1	 -41.5184	  178.9277
3.584	 2.09	 2	 -42.4277	  173.1429
3.596	 3.32	 1	 -41.8506	  174.0352
3.608	 2.12	 1	 -42.4860	  172.7027
3.625	 2.87	 3	 -42.9962	  173.3413
3.636	 2.54	 2	 -42.6208	  172.6334
3.646	 2.07	 3	 -43.0316	  173.5117
3.648	 2.22	 1	 -41.7800	  174.4325
3.652	 2.91	 1	 -42.4844	  173.7655
3.666	 2.53	 2	 -42.5697	  172.6541
3.667	 3.40	 1	 -42.0968	  172.7054
3.669	 2.57	 1	 -42.6083	  172.8299
3.676	 2.17	 1	 -42.6853	  173.0924
3.685	 2.33	 1	 -42.2117	  175.2122
3.696	 2.57	 1	 -42.6303	  172.8613
3.702	 2.13	 3	 -40.9120	  173.8894
3.731	 2.65	 2	 -42.4224	  173.2145
3.732	 2.09	 1	 -42.5319	  179.1360
3.732	 2.40	 2	 -42.5521	  172.5079
3.734	 2.07	 1	 -42.8584	  173.1188
3.747	 2.01	 3	 -43.0494	  173.3110
3.767	 2.47	 1	 -42.9510	  173.4798
3.772	 2.14	 1	 -41.7708	  174.2648
3.780	 2.10	 2	 -42.6546	  172.6526
3.790	 2.83	 1	 -42.5122	  173.4593
3.798	 2.27	 1	 -41.8400	  171.7345
3.802	 2.00	 2	 -42.2000	  174.0656
3.814	 2.07	 1	 -41.7594	  174.1965
3.818	 2.13	 1	 -42.4544	  172.8210
3.837	 2.22	 1	 -41.9602	  174.0687
3.838	 2.12	 1	 -41.8574	  172.9900
3.846	 2.52	 1	 -43.0544	  172.6353
3.853	 2.12	 2	 -42.7003	  172.6506
3.872	 2.94	 1	 -42.7920	  173.4244
3.875	 2.04	 1	 -41.7283	  174.2928
3.891	 2.46	 2	 -42.6408	  172.7098
3.908	 2.50	 1	 -41.9909	  173.7291
3.908	 2.01	 2	 -42.7693	  173.2700
3.911	 2.84	 2	 -42.6543	  172.7209
3.911	 2.08	 1	 -42.3091	  173.2528
3.911	 2.06	 3	 -42.6468	  172.7137
3.928	 2.31	 1	 -42.2572	  173.6859
3.932	 2.14	 1	 -43.3154	  172.0766
3.935	 3.04	 1	 -41.8165	  174.2295
3.937	 2.95	 1	 -42.7128	  172.8672
3.939	 2.83	 1	 -45.6307	  168.3910
3.941	 2.20	 2	 -42.6773	  172.5467
3.943	 2.30	 2	 -42.5397	  172.4000
3.954	 2.36	 1	 -41.5654	  178.9446
3.954	 2.24	 2	 -42.5938	  173.7814
3.957	 3.20	 2	 -42.5566	  173.7756
3.961	 2.14	 2	 -42.7043	  172.7468
3.980	 2.13	 1	 -42.8836	  172.9756
3.988	 2.02	 1	 -42.7644	  173.3408
4.095	 2.13	 1	 -42.2301	  172.2394
4.107	 2.51	 2	 -42.3831	  173.4000
4.111	 2.09	 3	 -42.5606	  173.7807
4.124	 2.44	 2	 -42.7436	  172.6052
4.126	 2.66	 1	 -42.6259	  173.2779
4.140	 2.29	 1	 -42.0521	  173.1092
4.152	 2.31	 1	 -42.7654	  172.9151
4.179	 2.24	 1	 -42.3190	  172.7054
4.182	 5.78	 3	 -42.8681	  173.5480
4.182	 2.84	 4	 -42.8529	  173.5402
4.182	 2.22	 1	 -42.6818	  173.0670
4.185	 2.29	 4	 -42.8969	  173.4627
4.191	 2.35	 1	 -42.3898	  173.2100
4.193	 2.05	 4	 -42.8795	  173.4833
4.202	 2.03	 4	 -42.9233	  173.6326
4.204	 3.56	 4	 -43.1639	  173.5945
4.205	 2.29	 1	 -41.7350	  174.1815
4.209	 2.30	 4	 -42.7562	  173.3253
4.210	 2.51	 4	 -42.8596	  173.5759
4.211	 2.11	 4	 -42.8922	  173.4503
4.214	 2.63	 4	 -42.8003	  173.5721
4.214	 2.40	 4	 -42.8685	  173.5043
4.218	 2.37	 2	 -42.8578	  172.9453
4.220	 2.00	 4	 -42.7435	  173.3916
4.221	 2.28	 2	 -42.6776	  172.4119
4.225	 2.35	 2	 -42.8138	  173.8103
4.232	 2.17	 1	 -38.8799	  169.7786
4.235	 2.03	 4	 -42.8434	  173.6006
4.236	 2.07	 2	 -42.8013	  171.8647
4.241	 2.38	 2	 -41.6918	  174.1804
4.255	 3.22	 2	 -42.7145	  172.9730
4.261	 2.01	 2	 -42.5009	  173.0837
4.262	 2.92	 4	 -42.7096	  174.1438
4.263	 2.01	 4	 -42.8256	  173.7322
4.263	 2.49	 1	 -42.2822	  173.7968
4.267	 2.43	 4	 -42.8614	  173.5229
4.277	 2.21	 1	 -42.5218	  173.5656
4.281	 2.05	 1	 -41.8922	  173.7390
4.282	 2.08	 1	 -42.5735	  173.2141
4.282	 3.52	 2	 -40.8433	  170.4949
4.284	 2.22	 1	 -42.5509	  172.8551
4.290	 2.46	 2	 -42.2677	  172.9914
4.290	 2.09	 1	 -41.9690	  173.7219
4.294	 2.37	 4	 -42.7656	  173.4034
4.324	 2.95	 4	 -42.6925	  173.0407
4.327	 2.75	 4	 -42.9187	  173.5745
4.336	 2.14	 2	 -42.6070	  172.7198
4.349	 2.58	 4	 -42.8873	  173.5663
4.351	 2.34	 1	 -41.7499	  174.2105
4.355	 2.07	 1	 -42.6513	  173.0078
4.356	 4.00	 4	 -42.8867	  173.5671
4.361	 2.20	 4	 -40.5642	  178.8168
4.364	 2.50	 2	 -42.6626	  172.7435
4.366	 2.28	 4	 -42.5076	  173.7495
4.367	 2.64	 1	 -42.6309	  173.1416
4.368	 2.03	 1	 -42.6845	  173.5609
4.372	 2.23	 1	 -43.0833	  173.1371
4.373	 2.21	 1	 -42.3056	  173.5385
4.378	 2.29	 4	 -42.8356	  173.5387
4.391	 2.10	 1	 -42.4983	  171.5932
4.391	 2.21	 1	 -41.7310	  174.1473
4.397	 2.14	 1	 -43.1199	  172.8384
4.402	 2.52	 4	 -42.8613	  173.4274
4.408	 3.20	 4	 -42.9692	  173.5070
4.410	 2.22	 4	 -42.8812	  173.5829
4.421	 2.09	 1	 -41.6072	  173.2663
4.423	 2.52	 1	 -42.5286	  172.8471
4.434	 2.06	 1	 -42.1598	  173.8779
4.441	 2.06	 1	 -41.7682	  174.2517
4.443	 2.73	 3	 -42.7444	  172.9573
4.470	 2.65	 1	 -42.4998	  173.1623
4.477	 2.90	 3	 -42.6218	  172.5934
4.492	 2.23	 4	 -44.9135	  172.2010
4.494	 2.00	 1	 -42.1606	  173.0415
4.501	 2.80	 1	 -42.7744	  173.0661
4.506	 2.54	 4	 -42.8915	  173.5529
4.506	 3.14	 1	 -41.7690	  173.5535
4.509	 2.03	 1	 -42.3000	  173.9521
4.511	 2.01	 4	 -43.2391	  173.4579
4.529	 2.16	 1	 -41.6868	  174.2565
4.530	 2.27	 1	 -44.1015	  171.0684
4.533	 2.38	 4	 -42.8401	  173.5718
4.545	 2.41	 1	 -42.3896	  172.0719
4.548	 2.05	 1	 -41.6851	  174.3275
4.571	 2.45	 2	 -43.8909	  174.8095
4.579	 2.17	 1	 -42.1959	  173.5157
4.579	 2.41	 1	 -42.6884	  173.0305
4.579	 2.04	 1	 -42.5107	  172.7507
4.581	 2.00	 1	 -46.9036	  175.1674
4.582	 2.22	 1	 -41.7083	  174.1678
4.595	 2.02	 2	 -43.5915	  173.4202
4.599	 2.10	 4	 -42.9253	  173.4574
4.605	 2.27	 1	 -41.6965	  174.2967
4.619	 2.04	 1	 -42.5334	  172.9296
4.626	 2.08	 2	 -42.3540	  173.4429
4.630	 2.96	 1	 -41.7183	  174.2539
4.639	 3.95	 1	 -42.1362	  173.5548
4.657	 2.35	 1	 -39.9960	  173.5632
4.681	 2.41	 1	 -42.5205	  173.3126
4.687	 2.31	 1	 -42.4292	  173.3434
4.701	 2.55	 2	 -42.4992	  172.5424
4.702	 2.54	 4	 -42.9429	  173.5267
4.705	 2.17	 2	 -42.6169	  172.7130
4.709	 2.00	 1	 -42.6199	  172.7659
4.710	 2.01	 1	 -41.7719	  174.2098
4.717	 2.27	 1	 -41.0826	  172.8408
4.735	 2.36	 1	 -42.1861	  173.7453
4.751	 2.60	 1	 -42.2449	  172.3326
4.752	 4.04	 1	 -42.5869	  173.1765
4.769	 2.11	 1	 -43.0248	  172.1995
4.779	 2.08	 1	 -42.6491	  173.0990
4.791	 4.12	 1	 -42.0074	  173.6758
4.793	 2.05	 1	 -41.6371	  172.0827
4.824	 2.51	 2	 -42.5445	  172.5459
4.825	 2.18	 2	 -42.3739	  173.3915
4.835	 2.01	 2	 -41.5871	  174.1583
4.835	 2.37	 3	 -42.5150	  172.5004
4.836	 3.88	 1	 -42.5095	  173.7982
4.836	 2.19	 2	 -42.6451	  172.6912
4.844	 2.07	 1	 -42.5884	  171.7687
4.881	 2.47	 2	 -42.7939	  172.6648
4.885	 2.42	 1	 -42.4427	  172.9383
4.890	 2.05	 3	 -40.7054	  170.5154
4.893	 2.15	 2	 -42.6255	  172.7930
4.917	 2.34	 2	 -42.6167	  173.2017
4.924	 2.70	 4	 -42.8685	  173.5892
4.947	 2.03	 1	 -42.0455	  173.7001
4.950	 2.37	 2	 -41.8032	  174.2688
4.954	 2.88	 1	 -42.9260	  173.2243
4.956	 2.05	 1	 -42.5332	  173.8245
4.958	 2.07	 1	 -42.2143	  173.9259
4.963	 2.50	 1	 -43.0010	  173.8092
4.963	 2.62	 1	 -42.2754	  173.6210
4.985	 2.28	 1	 -42.6819	  174.0859
4.986	 2.07	 3	 -42.6867	  172.6524
4.990	 2.78	 2	 -42.1692	  172.3686
4.998	 3.00	 3	 -42.6536	  172.4989
5.006	 2.57	 1	 -42.6603	  173.2434
5.018	 2.40	 1	 -43.3896	  173.2296
5.032	 2.71	 1	 -41.9994	  173.7550
5.037	 2.43	 4	 -42.8568	  173.5283
5.041	 2.39	 2	 -42.2645	  173.7435
5.043	 3.04	 2	 -42.5723	  173.1408
5.046	 2.27	 1	 -42.9767	  173.2271
5.050	 2.06	 4	 -42.9129	  173.7167
5.060	 2.85	 2	 -42.9537	  172.5159
5.085	 2.01	 2	 -42.0197	  173.6866
5.110	 2.47	 4	 -42.8257	  173.4742
5.111	 3.29	 2	 -42.6544	  172.7474
5.117	 2.37	 1	 -41.8161	  174.2625
5.117	 2.50	 1	 -42.2952	  173.6600
5.129	 2.16	 1	 -42.2766	  173.7341
5.155	 2.26	 2	 -41.4252	  174.1112
5.182	 2.94	 1	 -42.9566	  172.8282
5.185	 2.29	 1	 -42.5597	  173.0358
5.186	 2.49	 1	 -42.5360	  173.1392
5.202	 3.09	 1	 -42.4880	  173.6458
5.214	 2.52	 1	 -41.6178	  178.1507
5.237	 3.27	 1	 -42.7650	  173.1286
5.243	 3.51	 1	 -43.2440	  173.0927
5.253	 2.11	 1	 -42.6276	  173.2904
5.254	 2.78	 2	 -42.6519	  172.6547
5.260	 2.67	 1	 -42.3953	  173.6359
5.280	 2.13	 1	 -42.6579	  172.9563
5.301	 2.22	 1	 -41.6949	  174.0191
5.307	 2.20	 1	 -42.2875	  173.4883
5.312	 3.04	 2	 -42.7731	  173.0432
5.326	 2.19	 1	 -42.4748	  173.7864
5.332	 2.59	 2	 -42.6397	  172.7499
5.332	 2.34	 1	 -41.7872	  174.0399
5.333	 2.89	 3	 -42.6721	  172.6851
5.342	 2.28	 1	 -43.1201	  173.3959
5.348	 2.28	 1	 -43.4066	  173.7189
5.382	 2.05	 1	 -42.8669	  173.0344
5.393	 2.21	 1	 -42.0513	  173.7290
5.396	 2.76	 1	 -37.6558	  173.3241
5.406	 2.60	 1	 -42.1282	  173.7823
5.421	 2.01	 1	 -42.0423	  175.1263
5.421	 2.14	 1	 -42.5824	  173.2836
5.432	 2.17	 1	 -42.1066	  173.6141
5.452	 2.01	 4	 -42.9343	  173.5193
5.458	 2.66	 1	 -42.7174	  173.2618
5.471	 2.01	 1	 -41.9866	  173.7072
5.504	 3.12	 1	 -39.5875	  173.4679
5.510	 2.16	 1	 -41.7875	  174.2647
5.525	 2.46	 2	 -42.6632	  172.7672
5.528	 2.63	 1	 -42.5552	  173.0828
5.550	 2.28	 1	 -42.3602	  172.8775
5.562	 2.45	 1	 -42.6602	  172.9598
5.576	 2.27	 1	 -42.5242	  173.0535
5.588	 2.20	 2	 -42.7449	  173.1280
5.592	 2.36	 2	 -42.2548	  173.6088
5.598	 2.10	 1	 -42.2870	  173.5302
5.601	 2.29	 1	 -42.2831	  173.7784
5.606	 4.09	 2	 -42.3223	  173.7567
5.621	 2.36	 3	 -42.3222	  173.7273
5.633	 2.14	 2	 -42.5636	  172.6479
5.643	 2.66	 2	 -42.7711	  172.9071
5.659	 2.60	 1	 -42.1986	  173.5891
5.662	 2.69	 2	 -42.6337	  172.7261
5.663	 2.04	 1	 -42.5690	  173.0632
5.664	 2.61	 1	 -42.5404	  173.1004
5.680	 2.11	 2	 -42.6799	  172.6940
5.688	 3.13	 2	 -42.4196	  173.1941
5.705	 2.12	 2	 -42.1857	  173.7052
5.709	 2.77	 1	 -42.7576	  173.0807
5.725	 2.26	 1	 -41.9991	  173.6343
5.744	 3.01	 1	 -42.7691	  172.2494
5.745	 2.31	 1	 -42.5494	  173.0810
5.753	 2.89	 2	 -42.6687	  172.6499
5.773	 2.04	 4	 -42.9771	  172.6904
5.802	 2.03	 1	 -42.2461	  173.6339
5.804	 2.14	 5	 -42.8828	  173.5579
5.819	 2.35	 2	 -42.1789	  173.6586
5.831	 2.47	 4	 -42.8698	  173.5911
5.837	 2.22	 1	 -42.0309	  173.6860
5.840	 2.02	 2	 -42.2652	  173.4194
5.861	 2.29	 1	 -42.6658	  172.7219
5.863	 2.34	 1	 -42.5274	  172.4059
5.887	 2.56	 1	 -41.9712	  173.9003
5.894	 2.16	 1	 -41.9777	  173.6517
5.922	 4.88	 2	 -42.5844	  173.1778
5.937	 2.21	 1	 -41.9244	  174.2902
5.943	 2.45	 1	 -43.1656	  173.4763
5.944	 2.29	 1	 -41.7283	  174.2316
5.949	 2.21	 2	 -42.5846	  172.6572
5.955	 2.40	 1	 -42.6969	  173.3960
5.959	 2.10	 1	 -42.2681	  171.9259
5.971	 2.23	 1	 -42.2342	  173.6684
5.971	 2.04	 3	 -42.5293	  173.0717
5.973	 2.19	 1	 -43.0155	  173.7582
5.990	 3.14	 2	 -42.6219	  172.7330
5.990	 2.29	 1	 -42.5009	  173.1166
6.015	 2.11	 1	 -42.3676	  172.2725
6.022	 2.46	 3	 -42.6491	  173.2318
6.038	 3.10	 1	 -42.1515	  173.5401
6.042	 2.35	 1	 -40.2874	  178.1912
6.048	 2.61	 3	 -42.2770	  173.7846
6.050	 2.45	 3	 -42.6510	  172.6551
6.051	 2.71	 1	 -42.1857	  173.5728
6.088	 2.24	 1	 -42.5435	  173.0392
6.099	 2.28	 1	 -42.3030	  173.5775
6.103	 2.26	 1	 -42.6964	  172.8401
6.111	 2.54	 2	 -42.7225	  171.7939
6.128	 2.04	 3	 -42.5932	  173.2112
6.131	 2.01	 1	 -42.1789	  173.5318
6.154	 2.04	 1	 -42.2977	  171.3448
6.158	 2.60	 1	 -42.3458	  173.4759
6.193	 2.03	 3	 -41.4164	  174.0555
6.201	 2.35	 1	 -42.7178	  172.8604
6.205	 2.66	 3	 -42.5863	  173.1708
6.234	 3.66	 1	 -41.8643	  173.4328
6.246	 2.40	 2	 -42.1493	  173.5395
6.268	 2.05	 4	 -42.7780	  173.7186
6.275	 2.37	 1	 -42.4753	  173.9852
6.281	 2.20	 1	 -42.0692	  173.6050
6.284	 2.88	 1	 -42.1883	  173.8444
6.294	 2.02	 1	 -42.1537	  173.5554
6.356	 2.25	 2	 -42.3894	  173.3814
6.363	 2.21	 1	 -42.1150	  174.7117
6.374	 2.80	 2	 -42.7430	  172.6873
6.385	 2.21	 2	 -42.7158	  172.9859
6.402	 2.28	 3	 -42.7969	  172.6928
6.406	 2.08	 1	 -42.5544	  173.5499
6.409	 2.32	 1	 -43.6732	  169.8236
6.412	 2.29	 1	 -41.9742	  173.8942
6.419	 2.52	 1	 -41.7645	  173.5000
6.423	 2.14	 1	 -42.8050	  172.8258
6.437	 3.02	 1	 -41.7488	  174.2601
6.438	 3.40	 1	 -43.9783	  172.5318
6.442	 2.24	 1	 -42.9591	  172.8528
6.446	 2.41	 1	 -43.0541	  172.6753
6.457	 2.22	 3	 -42.7514	  172.6721
6.458	 2.14	 2	 -42.7064	  172.7154
6.476	 2.51	 1	 -42.1524	  173.3913
6.488	 2.54	 1	 -45.8206	  171.2722
6.494	 2.06	 1	 -41.2818	  175.7206
6.497	 2.41	 2	 -42.6209	  172.6248
6.506	 2.10	 1	 -43.0056	  173.1789
6.509	 2.31	 2	 -42.6128	  172.7531
6.509	 2.06	 1	 -42.4707	  173.6920
6.529	 2.01	 1	 -41.5045	  174.2616
6.550	 2.05	 1	 -42.4121	  173.7963
6.573	 2.55	 1	 -42.2887	  173.5686
6.591	 3.31	 1	 -42.4157	  173.8940
6.592	 2.37	 1	 -42.2052	  173.7059
6.621	 3.44	 3	 -41.8455	  173.1002
6.646	 2.06	 1	 -41.7781	  174.4480
6.650	 3.29	 1	 -42.0657	  173.8433
6.657	 2.34	 2	 -42.9043	  173.6206
6.699	 2.30	 1	 -41.5789	  174.3661
6.701	 2.27	 1	 -42.2371	  173.8072
6.713	 2.45	 1	 -42.9048	  174.1680
6.727	 2.26	 1	 -42.4161	  173.2099
6.738	 2.18	 1	 -42.6595	  172.8622
6.755	 2.77	 1	 -42.6487	  172.9617
6.757	 2.45	 1	 -42.2237	  173.5030
6.775	 2.65	 1	 -43.0153	  172.6182
6.784	 3.41	 1	 -41.8693	  173.7539
6.786	 2.34	 1	 -42.9205	  172.9593
6.796	 2.44	 1	 -42.1336	  173.8239
6.809	 2.43	 1	 -41.7157	  174.2477
6.811	 2.29	 2	 -42.5251	  173.0565
6.812	 2.28	 1	 -41.9350	  173.1532
6.814	 2.04	 2	 -42.6546	  172.9391
6.815	 2.82	 2	 -42.6984	  172.7292
6.826	 2.18	 1	 -42.9953	  172.5588
6.830	 2.68	 1	 -42.8026	  172.7875
6.831	 2.20	 1	 -41.9440	  174.2527
6.831	 2.11	 2	 -42.5744	  173.6893
6.857	 2.61	 2	 -41.7123	  174.2354
6.942	 2.37	 1	 -43.5324	  174.1371
6.963	 2.07	 1	 -42.0299	  173.7196
7.030	 2.78	 1	 -42.2761	  173.7306
7.036	 2.05	 2	 -42.9749	  172.8203
7.044	 2.04	 1	 -42.5482	  173.0099
7.048	 2.40	 1	 -42.9491	  173.0188
7.048	 2.93	 1	 -40.8113	  174.5766
7.066	 2.97	 2	 -42.6891	  173.2002
7.097	 3.58	 2	 -38.3517	  173.7352
7.103	 2.24	 1	 -42.1324	  173.6265
7.112	 2.06	 1	 -41.7157	  174.1280
7.112	 2.37	 1	 -41.7721	  174.2469
7.127	 2.34	 1	 -41.6888	  174.2461
7.144	 2.02	 3	 -42.6974	  172.6496
7.151	 2.13	 3	 -42.5527	  173.1948
7.177	 2.37	 2	 -41.8546	  173.7386
7.192	 2.17	 1	 -42.6112	  172.8459
7.202	 3.20	 1	 -41.4743	  174.5545
7.206	 2.41	 1	 -42.2666	  173.9381
7.225	 2.76	 2	 -42.2661	  173.9331
7.236	 2.34	 1	 -42.0241	  173.7601
7.267	 2.01	 1	 -42.7829	  172.8492
7.270	 2.32	 1	 -42.2740	  173.7082
7.278	 2.55	 5	 -42.8815	  173.5658
7.302	 2.20	 1	 -41.7003	  174.3022
7.319	 2.96	 1	 -42.5648	  173.0783
7.328	 3.52	 1	 -42.6048	  173.0897
7.355	 2.08	 1	 -42.4197	  173.3078
7.374	 2.37	 2	 -42.1970	  173.5127
7.414	 2.05	 1	 -41.9223	  173.9677
7.416	 2.31	 1	 -42.5690	  172.8007
7.433	 2.02	 2	 -41.7340	  174.5554
7.458	 2.27	 2	 -42.6926	  172.7218
7.460	 2.07	 1	 -42.4812	  174.7868
7.492	 2.21	 1	 -43.1037	  179.1143
7.494	 3.29	 1	 -42.2015	  173.6254
7.498	 2.31	 1	 -42.2480	  173.8698
7.530	 3.37	 1	 -42.2668	  173.5019
7.565	 2.07	 1	 -42.7306	  172.6040
7.580	 2.52	 1	 -41.7712	  173.7472
7.606	 2.01	 2	 -43.2061	  172.7273
7.640	 2.25	 4	 -42.9028	  173.6357
7.644	 2.34	 1	 -42.2423	  173.7467
7.665	 2.47	 1	 -42.1346	  173.7658
7.668	 2.34	 1	 -42.2878	  173.7276
7.669	 2.11	 1	 -38.4403	  171.0327
7.710	 2.04	 1	 -42.6770	  172.7920
7.715	 3.10	 1	 -42.2603	  173.9147
7.716	 2.01	 1	 -42.3365	  173.7815
7.729	 2.14	 1	 -42.6120	  173.6419
7.746	 2.16	 1	 -41.7932	  174.3913
7.754	 2.08	 2	 -43.9895	  173.4738
7.771	 2.10	 1	 -43.2207	  174.4857
7.775	 2.53	 2	 -38.9963	  169.8880
7.780	 2.44	 1	 -42.5323	  173.1761
7.814	 2.95	 1	 -41.9908	  173.7727
7.849	 2.42	 3	 -42.2112	  173.8373
7.897	 2.79	 1	 -43.2637	  174.9307
7.911	 2.16	 2	 -42.3107	  173.0996
7.963	 2.48	 1	 -42.7260	  172.3298
7.965	 3.14	 2	 -41.6769	  174.3820
7.974	 2.73	 4	 -42.8563	  173.4074
7.980	 2.64	 1	 -42.8707	  173.3689
7.990	 2.32	 1	 -42.4919	  173.6946
7.997	 2.35	 1	 -42.9538	  172.1167
7.997	 2.25	 2	 -43.6040	  174.8018
8.005	 4.12	 2	 -42.6880	  172.7377
8.010	 2.81	 1	 -42.2764	  173.6514
8.019	 3.07	 1	 -42.6366	  172.7880
8.028	 2.16	 2	 -42.3991	  172.5943
8.062	 2.26	 1	 -42.6294	  172.7138
8.094	 2.26	 1	 -42.9678	  172.9551
8.100	 2.16	 1	 -45.1427	  169.0262
8.162	 2.29	 2	 -42.7684	  172.7188
8.172	 2.47	 1	 -42.4556	  173.7208
8.190	 2.96	 2	 -42.8425	  172.4928
8.198	 2.34	 1	 -41.8889	  174.1119
8.208	 2.00	 1	 -43.1933	  173.0399
8.220	 2.48	 3	 -42.3104	  173.7571
8.221	 2.03	 3	 -38.9881	  169.8944
8.265	 2.49	 2	 -41.7281	  174.1826
8.268	 2.08	 1	 -42.3283	  172.9357
8.272	 2.01	 1	 -41.8237	  174.3950
8.274	 2.10	 1	 -42.1353	  173.5339
8.296	 2.43	 2	 -43.2423	  173.0584
8.299	 2.05	 1	 -42.5418	  172.8799
8.315	 2.80	 1	 -41.9601	  174.0114
8.329	 2.18	 4	 -42.8488	  173.5105
8.332	 2.94	 1	 -42.8025	  173.3103
8.341	 2.04	 1	 -41.7927	  173.6208
8.347	 2.48	 1	 -42.1110	  173.5552
8.347	 2.32	 1	 -41.7545	  174.3270
8.357	 2.08	 4	 -42.9688	  173.5591
8.379	 3.91	 1	 -42.6586	  173.1814
8.394	 2.22	 1	 -41.9882	  173.6207
8.395	 2.74	 1	 -42.9630	  171.7389
8.396	 2.38	 1	 -42.7536	  174.8694
8.400	 2.15	 1	 -43.1302	  174.8934
8.404	 2.38	 3	 -42.2156	  173.1718
8.424	 2.01	 1	 -42.9146	  172.3360
8.429	 2.74	 1	 -42.4513	  172.6444
8.449	 2.07	 2	 -42.4451	  173.3976
8.455	 2.02	 1	 -42.1716	  173.6583
8.481	 2.62	 1	 -42.4324	  174.0395
8.491	 2.40	 2	 -42.3888	  173.5122
8.493	 2.59	 1	 -42.9841	  174.1028
8.500	 2.16	 1	 -42.2576	  173.6118
8.563	 2.29	 2	 -42.6835	  172.6259
8.584	 2.28	 2	 -42.2481	  173.2729
8.610	 2.42	 1	 -42.2890	  173.6860
8.611	 2.86	 2	 -43.8583	  173.4104
8.626	 2.26	 1	 -42.2723	  173.9320
8.645	 3.21	 1	 -42.3126	  173.6637
8.646	 2.39	 4	 -43.0358	  173.6442
8.677	 2.17	 2	 -42.5000	  173.6728
8.684	 2.44	 2	 -43.8995	  174.7399
8.687	 2.84	 2	 -41.8085	  174.2934
8.720	 2.02	 2	 -41.9524	  173.9079
8.743	 2.15	 1	 -41.6873	  174.2217
8.752	 2.23	 4	 -42.8416	  173.5000
8.781	 2.65	 1	 -42.2954	  172.4848
8.795	 2.13	 2	 -42.5585	  172.1177
8.799	 2.23	 2	 -43.8790	  173.2460
8.801	 2.47	 1	 -41.9954	  173.7167
8.827	 2.18	 1	 -42.3069	  173.8023
8.829	 2.77	 2	 -43.9175	  173.4062
8.835	 2.31	 1	 -42.1465	  173.7847
8.859	 2.26	 2	 -42.0237	  173.5263
8.876	 2.21	 1	 -42.4433	  173.8135
8.886	 2.14	 1	 -41.7269	  174.1619
8.898	 2.06	 1	 -41.9995	  173.6914
8.929	 2.06	 1	 -42.2421	  173.9177
8.941	 2.24	 2	 -42.6552	  173.1792
8.947	 3.58	 1	 -42.8259	  173.2809
8.949	 2.24	 3	 -42.4381	  173.7994
9.004	 2.52	 1	 -42.4522	  173.3823
9.028	 2.05	 1	 -42.5071	  173.0570
9.059	 2.04	 2	 -41.9447	  173.1273
9.074	 3.46	 1	 -42.2371	  173.6364
9.099	 2.13	 1	 -42.1547	  173.6430
9.102	 3.71	 2	 -42.6259	  172.6163
9.134	 2.00	 3	 -42.7728	  172.7271
9.163	 2.01	 1	 -41.2395	  178.8117
9.175	 2.09	 2	 -41.7840	  174.4289
9.195	 2.71	 3	 -42.4356	  173.8043
9.292	 3.81	 1	 -41.5082	  173.9742
9.294	 2.08	 1	 -42.0751	  173.5234
9.318	 2.01	 4	 -42.7757	  173.5931
9.328	 2.00	 2	 -41.5065	  173.9780
9.340	 2.18	 1	 -44.0790	  172.5572
9.350	 2.16	 1	 -43.3122	  173.8810
9.367	 2.11	 1	 -42.1712	  173.5756
9.368	 3.84	 1	 -42.0937	  173.5887
9.369	 2.19	 3	 -42.8963	  173.5578
9.389	 2.16	 1	 -42.4107	  173.7814
9.400	 2.01	 1	 -42.3846	  172.9203
9.404	 3.09	 1	 -41.6977	  174.2517
9.435	 2.28	 1	 -41.7219	  174.0946
9.460	 2.18	 1	 -43.0235	  172.6115
9.470	 2.32	 1	 -42.2458	  172.7343
9.484	 2.55	 1	 -43.1278	  172.7404
9.485	 2.70	 2	 -42.4480	  173.4330
9.487	 2.73	 1	 -42.8591	  173.2837
9.545	 2.80	 1	 -42.7570	  173.0408
9.546	 2.68	 1	 -41.9595	  173.9695
9.570	 2.94	 1	 -41.7104	  174.3292
9.580	 2.77	 1	 -42.5360	  173.1979
9.590	 2.97	 1	 -42.6077	  173.0293
9.591	 2.27	 2	 -41.7055	  174.3295
9.596	 2.80	 1	 -42.1357	  174.1071
9.632	 2.09	 4	 -42.8548	  173.5534
9.657	 2.15	 2	 -42.5962	  172.7075
9.673	 2.05	 1	 -42.5389	  172.8920
9.700	 2.69	 1	 -43.1514	  172.9450
9.716	 2.41	 1	 -42.0363	  173.6962
9.769	 4.24	 2	 -42.2124	  173.0150
9.831	 2.49	 2	 -41.8439	  174.2400
9.893	 2.02	 1	 -41.6689	  174.3450
9.895	 2.17	 1	 -42.9211	  173.0505
9.921	 2.32	 3	 -42.6398	  173.0726
9.946	 2.48	 1	 -42.3199	  173.3953
9.952	 2.69	 2	 -42.0974	  173.6008
9.972	 2.23	 2	 -42.6344	  172.7359
9.975	 2.00	 1	 -41.7084	  173.0076
10.011	 2.13	 1	 -42.0348	  172.8097
10.016	 2.42	 1	 -41.9445	  173.7527
10.020	 3.30	 1	 -42.0679	  173.4551
10.094	 2.25	 1	 -42.8649	  172.7237
10.131	 2.20	 1	 -41.9442	  173.6688
10.138	 2.01	 1	 -42.1500	  173.5197
10.145	 3.01	 1	 -42.1606	  173.4551
10.171	 2.01	 4	 -42.8565	  173.5285
10.227	 2.54	 1	 -43.0643	  172.9743
10.233	 2.28	 1	 -41.9612	  173.9095
10.248	 2.33	 1	 -42.2149	  175.9995
10.278	 2.62	 1	 -42.4420	  173.7681
10.287	 2.12	 2	 -42.3133	  173.4181
10.295	 2.16	 3	 -42.8778	  173.5450
10.325	 2.43	 1	 -42.3973	  173.6644
10.373	 2.13	 1	 -42.5323	  173.2449
10.393	 2.07	 1	 -42.2742	  173.8098
10.398	 2.33	 1	 -41.7005	  174.3387
10.418	 2.45	 1	 -41.7148	  174.2762
10.434	 2.41	 1	 -42.3580	  173.8349
10.522	 2.47	 1	 -42.2858	  173.5886
10.540	 2.26	 1	 -42.5460	  173.2414
10.567	 2.85	 1	 -42.9113	  172.9086
10.600	 2.80	 1	 -42.5753	  172.8876
10.611	 2.26	 1	 -41.8560	  174.4571
10.614	 2.55	 1	 -41.6911	  174.2710
10.628	 2.33	 1	 -42.2081	  173.6275
10.629	 2.04	 1	 -42.6355	  173.7748
10.638	 2.24	 2	 -42.1334	  173.5777
10.650	 2.06	 2	 -41.8268	  174.2573
10.653	 2.10	 1	 -42.1080	  173.5784
10.745	 2.08	 1	 -42.9696	  173.3081
10.776	 2.10	 1	 -42.2890	  173.4805
10.818	 2.50	 1	 -41.8889	  173.2553
10.843	 2.22	 1	 -41.3251	  174.4491
10.858	 2.13	 1	 -42.8075	  173.0943
10.867	 2.33	 1	 -42.6105	  175.0287
10.881	 2.29	 1	 -41.6766	  174.2488
10.914	 2.42	 1	 -42.3058	  173.4331
10.927	 2.49	 1	 -42.5916	  173.3175
10.965	 3.14	 1	 -42.1870	  173.6613
11.066	 2.00	 1	 -44.0278	  168.1743
11.068	 2.30	 1	 -42.5202	  173.4228
11.083	 2.42	 1	 -42.6870	  173.7945
11.100	 2.25	 1	 -42.4690	  172.8940
11.141	 3.90	 1	 -41.7715	  174.4115
11.180	 2.87	 2	 -42.1186	  173.5431
11.189	 2.43	 1	 -42.8272	  172.2502
11.199	 2.16	 1	 -38.8154	  173.9562
11.228	 2.71	 1	 -42.7103	  173.3355
11.240	 2.33	 1	 -41.9039	  173.8858
11.249	 2.38	 2	 -41.8000	  174.3994
11.253	 2.31	 4	 -42.8864	  173.5155
11.286	 3.31	 1	 -42.2125	  173.5866
11.289	 2.94	 1	 -42.5135	  173.1165
11.321	 2.34	 1	 -41.9617	  173.9679
11.332	 2.01	 1	 -42.2730	  173.6234
11.339	 2.39	 1	 -42.1499	  173.5201
11.392	 2.07	 1	 -42.5404	  173.0996
11.409	 2.49	 2	 -42.3866	  173.3773
11.414	 2.07	 1	 -42.6804	  171.6157
11.499	 2.02	 4	 -42.9298	  173.4669
11.542	 3.11	 2	 -42.7157	  172.5822
11.568	 2.51	 1	 -41.9092	  175.9084
11.582	 4.09	 1	 -42.3869	  173.8481
11.596	 2.51	 2	 -42.2142	  173.5907
11.600	 2.14	 1	 -42.2678	  173.5858
11.607	 2.36	 4	 -42.9902	  173.3310
11.651	 2.15	 1	 -43.5237	  173.6107
11.725	 2.40	 1	 -42.4326	  173.2046
11.746	 2.67	 1	 -42.0585	  171.7676
11.768	 2.90	 4	 -42.7329	  173.8829
11.825	 2.11	 2	 -42.6610	  172.7069
11.907	 2.13	 1	 -44.5774	  167.4677
11.948	 2.79	 5	 -42.7771	  173.7192
12.028	 2.13	 1	 -43.0372	  174.0981
12.036	 2.30	 2	 -44.3671	  172.7320
12.058	 2.82	 1	 -43.0116	  172.7134
12.058	 2.64	 1	 -42.3595	  173.8178
12.099	 2.26	 4	 -42.8807	  173.5363
12.104	 2.23	 1	 -42.6764	  170.4399
12.167	 2.30	 1	 -42.2665	  173.5865
12.232	 2.07	 1	 -39.1053	  177.1064
12.234	 2.41	 2	 -42.6243	  172.5501
12.239	 2.05	 1	 -42.7392	  173.0771
12.320	 3.18	 2	 -42.4720	  173.9859
12.417	 3.12	 1	 -41.6516	  174.2992
12.425	 2.19	 1	 -42.5216	  174.3692
12.469	 2.44	 1	 -42.5956	  173.2035
12.488	 2.70	 1	 -42.2381	  173.7837
12.507	 2.06	 1	 -41.5368	  174.2082
12.619	 2.45	 2	 -42.6747	  172.6676
12.637	 2.70	 1	 -42.9296	  173.2076
12.644	 2.60	 1	 -42.1412	  173.5381
12.665	 2.05	 1	 -41.8567	  173.6605
12.720	 2.15	 1	 -42.0914	  172.6284
12.747	 2.04	 4	 -42.9413	  173.5390
12.753	 2.08	 4	 -42.7984	  173.4865
12.758	 2.45	 2	 -42.6812	  173.6011
12.775	 2.17	 2	 -42.1738	  173.7636
12.779	 2.32	 1	 -42.6441	  172.2745
12.861	 2.63	 2	 -42.5413	  173.3448
12.876	 2.89	 2	 -42.4748	  173.7653
12.903	 3.43	 1	 -41.7229	  174.2700
12.917	 3.47	 1	 -42.0554	  173.7771
12.931	 2.70	 1	 -42.2448	  173.6972
12.937	 2.41	 4	 -43.4329	  174.1048
12.939	 2.10	 1	 -42.2664	  173.6625
12.951	 2.59	 2	 -42.7950	  174.0250
13.008	 3.53	 1	 -43.1216	  175.0839
13.014	 2.15	 2	 -41.4053	  174.1013
13.015	 2.14	 1	 -41.8284	  174.1537
13.050	 2.07	 1	 -42.2850	  173.7269
13.100	 2.86	 1	 -41.5984	  174.1231
13.129	 2.52	 1	 -42.5204	  172.8702
13.143	 2.85	 1	 -42.8993	  172.6782
13.169	 2.14	 2	 -42.4123	  173.1719
13.185	 2.18	 1	 -42.0234	  173.7079
13.185	 2.66	 1	 -43.5112	  173.1365
13.195	 2.09	 1	 -42.2172	  173.5960
13.219	 2.14	 1	 -43.0658	  173.6830
13.224	 2.73	 1	 -42.4546	  173.1646
13.238	 2.03	 1	 -42.1522	  172.7133
13.284	 2.53	 1	 -42.7678	  173.1609
13.298	 2.33	 2	 -43.1434	  179.1103
13.301	 3.01	 1	 -42.0383	  174.4638
13.327	 2.60	 1	 -42.2718	  175.6189
13.328	 2.24	 1	 -42.4750	  173.1851
13.362	 2.77	 1	 -41.9766	  174.1115
13.388	 2.07	 1	 -43.4719	  173.1955
13.450	 2.33	 2	 -42.5920	  172.6846
13.452	 2.29	 1	 -42.7264	  172.1035
13.578	 2.48	 1	 -42.7313	  172.7117
13.661	 2.06	 1	 -42.4429	  173.2151
13.697	 2.05	 1	 -41.7235	  174.2387
13.714	 2.06	 1	 -42.3086	  172.0121
13.739	 2.02	 1	 -42.2184	  173.7035
13.821	 2.46	 2	 -42.4879	  173.6405
13.872	 3.62	 1	 -42.5599	  173.2212
13.881	 2.01	 1	 -42.6683	  172.4455
13.918	 2.06	 2	 -41.7123	  174.0997
13.986	 2.07	 2	 -42.2132	  172.2937
14.091	 2.12	 1	 -43.3540	  173.4765
14.093	 2.16	 1	 -42.8581	  173.8641
14.138	 2.37	 1	 -42.9599	  172.4002
14.140	 3.50	 1	 -43.1116	  167.7119
14.169	 2.06	 1	 -42.2367	  173.0022
14.193	 2.77	 1	 -41.9484	  173.9983
14.225	 2.01	 1	 -41.6881	  174.2453
14.234	 3.85	 2	 -45.4042	  168.1508
14.274	 2.64	 1	 -41.8182	  174.2037
14.285	 2.06	 1	 -42.4728	  173.9269
14.291	 2.27	 1	 -42.4466	  173.8313
14.309	 2.08	 1	 -43.1771	  173.5126
14.327	 2.13	 2	 -42.5698	  172.6148
14.330	 2.11	 3	 -42.5360	  173.5269
14.339	 2.16	 1	 -42.3185	  173.4053
14.384	 2.29	 1	 -42.7354	  172.0936
14.385	 2.26	 1	 -42.1330	  173.6299
14.387	 2.01	 1	 -42.2209	  173.7516
14.388	 2.22	 1	 -41.4511	  172.5862
14.417	 2.03	 1	 -43.8063	  178.9493
