# Simulation 211
# RelativeTime(days) Magnitude Generation Latitude Longitude
Time Mag Gen Lat Lon
7.007	 2.45	 1	 -41.6181	  176.8016
7.009	 2.55	 1	 -46.9273	  170.9651
7.017	 2.18	 1	 -44.5661	  170.5509
7.020	 2.41	 1	 -38.2206	  172.3824
7.020	 2.25	 1	 -41.9520	  176.6331
7.022	 2.10	 1	 -38.2129	  172.4906
7.027	 3.25	 1	 -40.3776	  169.6479
7.037	 2.82	 1	 -44.2718	  173.1731
7.049	 2.20	 1	 -42.1788	  174.9121
7.053	 2.23	 1	 -41.7535	  174.2436
7.058	 2.56	 1	 -47.0007	  171.2695
7.062	 2.21	 1	 -42.8957	  166.9106
7.063	 3.18	 1	 -41.1171	  167.2921
7.098	 2.91	 1	 -40.1856	  168.7525
7.099	 2.49	 1	 -38.3317	  174.5144
7.108	 2.49	 1	 -42.2837	  173.7134
7.111	 2.14	 1	 -42.9700	  166.9160
7.118	 2.90	 1	 -43.8398	  170.3366
7.119	 2.15	 1	 -38.2562	  174.0204
7.122	 2.04	 1	 -45.9526	  168.8086
7.123	 2.08	 1	 -44.7095	  178.4900
7.125	 2.06	 1	 -41.5719	  178.9469
7.129	 2.34	 1	 -42.6447	  174.4839
7.138	 2.12	 1	 -42.5835	  169.9600
7.139	 2.09	 1	 -40.4112	  178.2941
7.146	 3.31	 1	 -41.8519	  173.9461
7.147	 3.80	 1	 -44.5336	  167.4406
7.161	 2.61	 1	 -38.5567	  171.3565
7.168	 2.15	 1	 -46.2585	  176.7489
7.174	 2.90	 1	 -44.3482	  178.7101
7.175	 2.16	 1	 -43.4376	  173.6805
7.182	 3.28	 1	 -43.7585	  178.9656
7.185	 2.13	 1	 -41.7352	  174.2200
7.187	 3.11	 1	 -42.0524	  173.7860
7.187	 2.75	 1	 -45.0196	  172.5141
7.188	 3.01	 1	 -47.1876	  173.1803
7.189	 2.23	 1	 -42.7249	  172.3008
7.204	 2.51	 1	 -38.8104	  176.1093
7.212	 2.10	 1	 -42.7324	  171.4933
7.212	 2.41	 1	 -42.0260	  174.2055
7.214	 2.67	 1	 -41.8199	  174.1013
7.234	 2.98	 1	 -41.2377	  171.3530
7.237	 2.32	 1	 -43.4874	  172.3505
7.240	 2.78	 1	 -41.8780	  174.5678
7.245	 2.59	 1	 -43.2378	  175.1044
7.248	 2.78	 1	 -43.2554	  166.9525
7.248	 2.20	 1	 -42.4573	  173.8551
7.251	 2.06	 1	 -43.0423	  173.1751
7.253	 2.28	 1	 -44.1356	  173.7114
7.253	 2.43	 1	 -38.3431	  171.4697
7.256	 2.17	 1	 -42.7656	  175.0302
7.260	 2.61	 1	 -41.2495	  171.8004
7.262	 2.15	 1	 -44.5925	  167.4773
7.269	 2.50	 1	 -38.5045	  175.2495
7.270	 2.59	 1	 -43.5393	  167.0138
7.273	 2.58	 1	 -41.9814	  171.4691
7.276	 2.89	 1	 -38.5998	  170.4883
7.283	 2.67	 1	 -39.1308	  169.2878
7.285	 2.16	 1	 -43.2131	  171.9341
7.288	 2.70	 1	 -42.7988	  173.4588
7.291	 2.01	 1	 -44.6249	  174.2946
7.335	 2.16	 1	 -40.2435	  175.2056
7.335	 2.48	 1	 -45.9474	  176.4140
7.347	 2.04	 1	 -40.6839	  177.6736
7.361	 2.68	 1	 -41.7198	  167.0492
7.366	 2.11	 1	 -41.2601	  172.2414
7.378	 2.08	 1	 -44.6800	  172.6986
7.381	 2.63	 1	 -42.4090	  173.4970
7.386	 2.83	 1	 -38.5742	  175.4782
7.400	 2.19	 1	 -42.0062	  172.8401
7.402	 2.21	 1	 -43.2994	  172.3927
7.408	 2.02	 1	 -42.8372	  174.2413
7.419	 2.03	 1	 -45.3761	  168.1133
7.420	 2.19	 1	 -43.3455	  175.5772
7.424	 2.01	 1	 -38.2904	  174.2696
7.432	 2.02	 1	 -38.7794	  176.0359
7.434	 2.18	 1	 -47.1827	  173.3506
7.438	 2.13	 1	 -41.9119	  171.9950
7.448	 2.14	 1	 -44.3226	  173.3833
7.470	 2.04	 1	 -39.7761	  172.2837
7.472	 2.15	 1	 -42.4410	  173.8796
7.477	 2.59	 1	 -46.5189	  176.2356
7.479	 2.17	 1	 -41.4491	  173.5426
7.480	 2.65	 1	 -44.1774	  171.9740
7.489	 2.06	 1	 -44.8623	  167.6637
7.501	 2.36	 1	 -42.0695	  175.6308
7.503	 2.65	 1	 -44.9253	  175.7216
7.512	 2.12	 1	 -41.6977	  174.1190
7.518	 2.03	 1	 -42.1830	  173.5696
7.528	 2.08	 1	 -44.9720	  167.7486
7.528	 2.17	 1	 -42.4795	  173.4798
7.529	 2.40	 1	 -45.2535	  167.9935
7.529	 2.63	 1	 -45.5244	  174.3810
7.535	 2.40	 1	 -38.5851	  170.5325
7.542	 2.30	 1	 -41.1680	  173.3106
7.551	 2.17	 1	 -42.4967	  173.3217
7.551	 2.52	 1	 -43.6441	  174.0468
7.553	 2.85	 1	 -41.6353	  176.8494
7.563	 2.38	 1	 -45.8053	  171.9587
7.568	 2.25	 1	 -44.0384	  173.2018
7.573	 2.59	 1	 -41.9382	  174.8457
7.575	 2.02	 1	 -46.9554	  173.3314
7.581	 2.02	 1	 -43.1274	  175.7290
7.581	 2.08	 1	 -40.9258	  173.6413
7.583	 3.08	 1	 -42.5579	  166.9071
7.586	 2.45	 1	 -40.5560	  171.2490
7.613	 3.25	 1	 -44.8848	  178.3636
7.614	 2.56	 1	 -39.6260	  170.8991
7.627	 3.43	 1	 -41.4991	  173.8218
7.630	 2.02	 1	 -40.3937	  167.7642
7.640	 2.40	 1	 -44.1982	  174.3585
7.648	 3.15	 1	 -38.6617	  172.5835
7.663	 2.40	 1	 -42.9963	  172.5824
7.666	 2.71	 1	 -41.8543	  171.4798
7.666	 4.42	 1	 -39.8841	  170.4675
7.668	 2.81	 1	 -42.4678	  177.2783
7.669	 2.18	 1	 -43.2040	  166.9440
7.670	 2.31	 1	 -41.8202	  174.5224
7.681	 2.01	 1	 -38.5989	  170.4908
7.685	 2.62	 1	 -40.1709	  167.9568
7.685	 3.27	 1	 -42.0553	  173.6839
7.691	 2.15	 1	 -42.8286	  174.0811
7.692	 3.52	 1	 -43.8683	  170.3517
7.696	 2.07	 1	 -41.8523	  173.2951
7.698	 3.28	 1	 -46.4547	  169.6714
7.709	 2.04	 1	 -47.0263	  171.3908
7.710	 2.41	 1	 -40.4660	  177.9337
7.714	 2.19	 1	 -43.1440	  171.5728
7.731	 2.91	 1	 -46.7400	  170.3569
7.736	 2.55	 1	 -44.1153	  178.8256
7.745	 2.14	 1	 -44.6034	  171.5878
7.759	 2.64	 1	 -42.9024	  175.5273
7.772	 2.03	 1	 -42.8222	  173.4369
7.778	 2.93	 1	 -42.7286	  172.3726
7.782	 2.43	 1	 -41.4175	  169.8655
7.824	 2.06	 1	 -38.2781	  171.8580
7.825	 2.75	 1	 -43.7208	  178.9778
7.833	 2.86	 1	 -46.9080	  170.8929
7.841	 2.81	 1	 -46.1355	  176.9572
7.852	 3.59	 1	 -42.0531	  170.6003
7.853	 2.02	 1	 -41.8707	  171.3712
7.861	 2.15	 1	 -42.5589	  170.0823
7.865	 2.16	 1	 -42.5103	  177.0158
7.869	 2.87	 1	 -44.2482	  169.2882
7.876	 2.12	 1	 -43.2925	  175.6180
7.885	 2.30	 1	 -38.5323	  170.7005
7.894	 2.57	 1	 -42.0378	  173.7591
7.913	 2.58	 1	 -41.9806	  171.4464
7.917	 2.12	 1	 -47.1813	  173.3835
7.935	 2.01	 1	 -41.5305	  175.4683
7.939	 2.06	 1	 -44.9447	  167.7270
7.940	 2.45	 1	 -39.4128	  168.8370
7.948	 2.42	 1	 -40.6688	  171.9987
7.957	 2.80	 1	 -38.5759	  170.5609
7.959	 2.46	 1	 -39.6609	  172.2790
7.964	 2.34	 1	 -43.8693	  172.6091
7.971	 2.07	 1	 -44.3943	  178.6849
7.973	 4.44	 1	 -43.1600	  166.9375
7.973	 2.24	 1	 -42.5086	  171.0994
7.977	 2.62	 1	 -42.6667	  173.5880
7.977	 2.51	 1	 -44.7779	  167.6021
7.981	 2.33	 1	 -43.0805	  169.8801
7.984	 3.33	 1	 -38.5983	  170.4927
7.998	 2.11	 1	 -44.6054	  172.3643
7.998	 3.26	 1	 -42.4353	  172.2678
8.002	 2.29	 1	 -42.7052	  173.2845
8.003	 2.23	 1	 -39.6682	  177.5495
8.003	 2.00	 1	 -42.2313	  173.6871
8.011	 2.25	 1	 -42.3026	  173.7545
8.021	 2.33	 1	 -38.6507	  174.3243
8.056	 2.24	 1	 -42.3950	  173.5289
8.059	 2.14	 1	 -38.2725	  174.1465
8.061	 2.11	 1	 -42.5315	  173.8288
8.066	 2.04	 1	 -42.7613	  175.1264
8.067	 2.89	 1	 -42.8228	  170.4261
8.067	 2.36	 1	 -41.9987	  173.6600
8.071	 2.02	 1	 -43.3156	  173.1992
8.073	 2.10	 1	 -42.1381	  169.9925
8.074	 2.15	 1	 -44.2110	  173.3111
8.077	 2.21	 1	 -47.1891	  173.0037
8.082	 2.20	 1	 -47.0689	  171.6171
8.084	 2.14	 1	 -41.5722	  174.6589
8.087	 2.39	 1	 -46.1137	  176.9923
8.096	 2.38	 1	 -43.0158	  174.1382
8.100	 2.02	 1	 -39.2789	  175.1503
8.106	 2.15	 1	 -42.4214	  174.1824
8.126	 2.05	 1	 -40.8524	  178.6042
8.129	 3.92	 1	 -41.1366	  172.3983
8.149	 2.68	 1	 -44.3670	  167.3443
8.150	 2.87	 1	 -47.1449	  172.1662
8.154	 2.03	 1	 -44.1242	  173.4093
8.170	 2.08	 1	 -41.9912	  173.8334
8.170	 2.17	 1	 -40.9009	  176.1913
8.172	 3.45	 1	 -42.4035	  173.2979
8.173	 2.09	 1	 -38.6959	  170.2185
8.198	 2.23	 1	 -39.8344	  177.7451
8.198	 2.31	 1	 -45.4494	  169.2462
8.199	 2.36	 1	 -41.6951	  174.2667
8.209	 2.32	 1	 -42.6636	  174.9185
8.220	 2.16	 1	 -45.8704	  177.3504
8.224	 2.44	 1	 -42.2610	  173.6071
8.226	 2.12	 1	 -44.1382	  174.1958
8.227	 2.90	 1	 -42.6651	  172.5036
8.230	 2.71	 1	 -38.1959	  173.0362
8.232	 2.53	 1	 -44.8132	  174.2783
8.240	 2.03	 1	 -38.7869	  176.0538
8.248	 2.91	 1	 -38.2656	  171.9495
8.249	 2.38	 1	 -41.1437	  172.6250
8.270	 2.03	 1	 -42.5860	  172.6605
8.272	 2.21	 1	 -38.2072	  172.5898
8.272	 2.46	 1	 -47.1839	  172.7280
8.273	 2.51	 1	 -43.2474	  175.7802
8.285	 3.30	 1	 -42.6263	  173.5192
8.287	 2.25	 1	 -45.2895	  168.0278
8.297	 2.21	 1	 -43.5011	  175.0376
8.302	 4.28	 1	 -43.2960	  179.0846
8.311	 3.98	 1	 -42.5430	  171.2401
8.317	 2.08	 1	 -42.5640	  171.1544
8.317	 2.51	 1	 -41.0996	  176.3615
8.318	 2.08	 1	 -40.6446	  172.2347
8.327	 2.36	 1	 -41.4701	  174.5021
8.332	 2.38	 1	 -42.2219	  173.5971
8.345	 2.46	 1	 -42.5180	  173.2171
8.349	 2.17	 1	 -39.5463	  170.6599
8.352	 2.36	 1	 -45.0154	  173.0320
8.354	 2.02	 1	 -43.2662	  174.5892
8.360	 2.78	 1	 -42.3416	  173.6688
8.362	 2.19	 1	 -43.4985	  178.0182
8.365	 2.79	 1	 -39.0943	  176.6911
8.368	 2.13	 1	 -44.1297	  167.5162
8.373	 2.22	 1	 -42.1994	  173.7537
8.375	 2.54	 1	 -41.7194	  173.5399
8.388	 2.53	 1	 -42.2229	  173.5964
8.391	 2.12	 1	 -42.7313	  170.9197
8.392	 3.68	 1	 -39.2809	  176.6746
8.408	 2.07	 1	 -43.7946	  167.0909
8.415	 2.16	 1	 -41.6252	  174.1552
8.422	 2.47	 1	 -40.3109	  169.6488
8.429	 2.08	 1	 -40.9154	  170.2730
8.439	 2.47	 1	 -41.8446	  172.7942
8.443	 2.49	 1	 -42.6932	  173.0329
8.443	 3.04	 1	 -47.1071	  173.7359
8.446	 2.53	 1	 -43.5907	  172.0456
8.449	 2.87	 1	 -40.8134	  171.9584
8.450	 2.10	 1	 -45.3996	  171.9271
8.456	 2.53	 1	 -41.6318	  174.4238
8.460	 3.66	 1	 -42.5559	  174.6438
8.460	 2.14	 1	 -41.8996	  174.1590
8.460	 2.13	 1	 -42.3289	  173.6977
8.468	 2.22	 1	 -42.3423	  173.4656
8.486	 2.23	 1	 -40.1618	  178.0790
8.490	 2.62	 1	 -42.0716	  173.7482
8.493	 3.19	 1	 -45.0285	  172.2772
8.494	 3.08	 1	 -45.6355	  177.6476
8.500	 2.67	 1	 -38.1995	  172.7784
8.503	 2.35	 1	 -46.1004	  176.7267
8.517	 2.19	 1	 -44.9106	  172.7037
8.541	 3.18	 1	 -46.5358	  169.8463
8.543	 2.79	 1	 -41.9116	  173.6606
8.550	 2.03	 1	 -46.4439	  173.0691
8.550	 3.06	 1	 -42.5323	  173.7617
8.551	 2.29	 1	 -42.2509	  172.1142
8.552	 2.61	 1	 -44.9869	  173.0780
8.557	 2.23	 1	 -41.6838	  172.1790
8.557	 2.27	 1	 -40.8685	  171.9733
8.564	 2.16	 1	 -41.6229	  175.2250
8.568	 2.88	 1	 -44.9285	  172.1507
8.570	 2.72	 1	 -42.1591	  173.6305
8.580	 2.14	 1	 -39.3707	  168.8987
8.585	 2.04	 1	 -43.5838	  172.3242
8.591	 2.42	 1	 -42.5814	  172.8584
8.603	 2.96	 1	 -38.7046	  170.1958
8.617	 3.17	 1	 -43.1673	  172.8316
8.619	 2.07	 1	 -42.0921	  179.0852
8.621	 2.87	 1	 -42.1086	  173.5733
8.628	 2.00	 1	 -42.4686	  173.0433
8.639	 2.60	 1	 -43.6573	  167.4852
8.640	 2.56	 1	 -45.1710	  173.6414
8.662	 2.62	 1	 -38.8220	  169.9082
8.667	 2.39	 1	 -39.5635	  175.5196
8.670	 2.10	 1	 -41.2170	  167.2431
8.677	 3.02	 1	 -41.4740	  172.0632
8.686	 2.13	 1	 -43.3859	  169.9373
8.687	 2.13	 1	 -44.1323	  178.8179
8.687	 2.01	 1	 -42.9385	  172.1347
8.689	 2.31	 1	 -43.5505	  174.0338
8.693	 2.21	 1	 -42.2745	  173.0776
8.699	 2.07	 1	 -43.0336	  175.3296
8.705	 2.27	 1	 -45.2060	  178.0950
8.714	 2.38	 1	 -44.8250	  172.8161
8.719	 2.30	 1	 -41.5117	  172.4547
8.720	 2.09	 1	 -42.6636	  172.2391
8.723	 2.07	 1	 -39.3395	  171.4194
8.736	 2.05	 1	 -45.7276	  173.5751
8.739	 2.18	 1	 -43.8731	  172.2418
8.757	 2.62	 1	 -44.1672	  170.6664
8.758	 2.15	 1	 -42.8818	  178.6684
8.787	 2.49	 1	 -39.3442	  172.9878
8.790	 2.18	 1	 -41.4040	  178.8834
8.796	 2.08	 1	 -43.0249	  170.3987
8.843	 3.57	 1	 -38.5337	  175.3484
8.849	 2.21	 1	 -39.8211	  176.6245
8.869	 3.11	 1	 -42.1851	  173.7032
8.870	 2.14	 1	 -41.6744	  171.6261
8.882	 3.46	 1	 -43.8954	  175.2249
8.882	 2.06	 1	 -43.9347	  178.9019
8.892	 2.24	 1	 -43.1122	  171.5368
8.894	 2.66	 1	 -46.9372	  171.0033
8.917	 2.17	 1	 -43.8064	  170.4943
8.920	 2.39	 1	 -38.1997	  173.2736
8.922	 2.08	 1	 -41.7229	  173.3222
8.930	 2.20	 1	 -38.4230	  171.1028
8.936	 3.46	 1	 -43.6194	  175.3931
8.936	 2.28	 1	 -41.9661	  171.0103
8.964	 2.04	 1	 -41.8662	  174.2827
8.968	 2.38	 1	 -42.0424	  173.8108
8.973	 2.61	 1	 -44.5252	  172.9178
8.979	 2.47	 1	 -42.5628	  174.2621
8.980	 2.16	 1	 -41.4239	  171.7354
8.985	 2.42	 1	 -47.0384	  174.5927
9.004	 2.13	 1	 -40.3626	  167.7896
9.005	 2.29	 1	 -42.1983	  172.1857
9.006	 2.42	 1	 -44.0085	  173.1279
9.007	 2.24	 1	 -41.6438	  174.3195
9.012	 2.68	 1	 -41.9496	  166.9884
9.014	 2.09	 1	 -42.0598	  173.6807
9.018	 2.35	 1	 -38.2253	  173.7198
9.026	 2.13	 1	 -42.7036	  171.3856
9.034	 2.11	 1	 -45.8403	  174.8925
9.044	 2.15	 1	 -38.5908	  175.5292
9.066	 3.32	 1	 -46.2517	  169.4766
9.073	 2.22	 1	 -38.4719	  172.7518
9.085	 2.12	 1	 -47.0816	  171.6919
9.095	 2.59	 1	 -41.8029	  174.4074
9.095	 2.51	 1	 -43.4525	  179.0519
9.109	 3.24	 1	 -41.3472	  177.4059
9.120	 2.06	 1	 -47.1832	  173.3358
9.131	 3.00	 1	 -42.2656	  171.9960
9.133	 2.30	 1	 -41.2118	  167.2456
9.141	 2.07	 1	 -39.7453	  168.4016
9.146	 2.18	 1	 -42.0248	  173.7216
9.148	 2.10	 1	 -43.8208	  169.8315
9.155	 3.41	 1	 -39.8025	  177.7090
9.164	 2.29	 1	 -46.1742	  176.8937
9.194	 2.07	 1	 -43.1073	  171.2564
9.206	 2.59	 1	 -45.2859	  172.4496
9.210	 2.18	 1	 -43.5026	  171.9794
9.229	 2.20	 1	 -39.7862	  177.6903
9.234	 2.22	 1	 -38.6524	  173.6036
9.235	 2.11	 1	 -41.3042	  172.3995
9.242	 2.02	 1	 -38.9191	  171.2980
9.252	 2.31	 1	 -41.7362	  169.3073
9.254	 3.80	 1	 -43.3496	  173.6904
9.275	 2.38	 1	 -41.3630	  178.8664
9.281	 2.13	 1	 -44.1625	  178.8038
9.298	 2.17	 1	 -42.6912	  172.8695
9.302	 2.11	 1	 -42.7415	  171.1695
9.308	 3.17	 1	 -41.6525	  171.7592
9.309	 2.10	 1	 -42.2362	  173.5840
9.312	 3.39	 1	 -38.6986	  175.8328
9.316	 2.74	 1	 -38.8853	  169.7669
9.329	 2.04	 1	 -42.3922	  173.8411
9.344	 2.19	 1	 -42.1974	  173.0640
9.357	 2.12	 1	 -39.0398	  176.5901
9.360	 2.24	 1	 -44.9611	  178.3043
9.379	 2.57	 1	 -38.5560	  175.4211
9.385	 2.64	 1	 -43.6721	  172.8901
9.386	 2.11	 1	 -41.2422	  173.3407
9.394	 2.21	 1	 -42.4209	  173.3513
9.397	 2.98	 1	 -42.3753	  174.4108
9.399	 2.17	 1	 -43.4718	  172.4252
9.406	 2.19	 1	 -42.1419	  173.5972
9.413	 2.63	 1	 -41.3501	  172.4970
9.418	 2.37	 1	 -45.7255	  171.6410
9.428	 2.68	 1	 -43.1706	  170.9177
9.448	 3.59	 1	 -39.3152	  175.0008
9.449	 2.34	 1	 -43.1440	  166.9352
9.453	 2.40	 1	 -46.9006	  175.1785
9.454	 2.39	 1	 -44.5461	  167.4483
9.455	 2.12	 1	 -41.9844	  173.5256
9.463	 2.09	 1	 -44.2853	  167.3010
9.465	 2.09	 1	 -38.2669	  174.1047
9.467	 2.32	 1	 -43.0664	  174.0222
9.478	 2.86	 1	 -44.6793	  174.3530
9.493	 3.49	 1	 -39.1981	  169.3444
9.494	 2.11	 1	 -42.5821	  174.5031
9.500	 2.54	 1	 -44.0199	  173.1476
9.502	 2.47	 1	 -46.8989	  175.1843
9.507	 2.29	 1	 -42.2142	  173.7780
9.512	 2.20	 1	 -40.8685	  171.4740
9.516	 4.83	 1	 -41.8746	  177.3433
9.530	 2.47	 1	 -43.2751	  170.9801
9.536	 2.02	 1	 -42.5616	  177.6217
9.562	 2.08	 1	 -45.1533	  174.2085
9.562	 2.27	 1	 -44.3062	  174.1954
9.562	 2.04	 1	 -44.4962	  174.4341
9.590	 2.42	 1	 -43.0348	  171.3411
9.591	 2.08	 1	 -43.2391	  173.3903
9.597	 2.08	 1	 -41.1353	  176.1483
9.612	 2.11	 1	 -39.8709	  172.1909
9.613	 2.03	 1	 -41.7987	  173.9558
9.628	 2.03	 1	 -40.1436	  170.7223
9.628	 2.79	 1	 -46.6826	  175.8430
9.659	 2.79	 1	 -46.8565	  170.7128
9.670	 2.10	 1	 -42.6394	  173.0663
9.671	 2.40	 1	 -44.9280	  172.3553
9.673	 2.08	 1	 -42.1799	  171.8526
9.681	 2.06	 1	 -45.3706	  168.1077
9.697	 2.49	 1	 -42.0020	  173.0401
9.705	 2.13	 1	 -41.6297	  177.6608
9.713	 2.03	 1	 -47.1887	  173.1087
9.723	 2.79	 1	 -45.2282	  178.0744
9.727	 2.15	 1	 -41.8652	  173.8800
9.738	 2.41	 1	 -44.7453	  167.5790
9.752	 3.05	 1	 -43.6601	  174.6052
9.763	 2.22	 1	 -43.6136	  175.4411
9.763	 2.26	 1	 -42.1260	  175.0305
9.773	 2.57	 1	 -44.9554	  173.6169
9.779	 2.04	 1	 -42.1976	  171.3148
9.783	 2.08	 1	 -42.6473	  174.7809
9.798	 2.06	 1	 -44.2112	  174.9075
9.804	 3.77	 1	 -43.3754	  175.9610
9.809	 2.04	 1	 -40.8631	  174.6399
9.813	 2.11	 1	 -43.4116	  175.3188
9.816	 2.04	 1	 -43.3127	  179.0815
9.818	 2.09	 1	 -43.0166	  179.1240
9.827	 2.24	 1	 -45.3987	  168.1363
9.840	 2.26	 1	 -42.3434	  173.4493
9.860	 2.51	 1	 -41.0429	  167.3309
9.861	 2.26	 1	 -38.4330	  174.9823
9.861	 2.19	 1	 -43.7824	  170.3321
9.869	 3.33	 1	 -46.4787	  169.7218
9.876	 2.15	 1	 -41.7038	  174.1673
9.879	 2.04	 1	 -41.7623	  174.2313
9.892	 2.03	 1	 -43.2023	  170.4555
9.894	 4.88	 1	 -41.8178	  174.1155
9.905	 3.18	 1	 -42.3939	  173.2921
9.907	 2.70	 1	 -47.1628	  173.6828
9.919	 3.16	 1	 -43.3389	  166.9679
9.923	 2.64	 1	 -42.6321	  172.5249
9.924	 2.04	 1	 -42.5400	  173.1812
9.933	 2.03	 1	 -42.3585	  173.6286
9.936	 2.14	 1	 -42.4418	  172.2499
9.938	 2.27	 1	 -40.7098	  175.3841
9.938	 2.27	 1	 -42.2331	  171.7591
9.939	 2.11	 1	 -42.5808	  175.8515
9.962	 3.03	 1	 -41.7334	  175.2242
10.009	 2.08	 1	 -39.6850	  168.4742
10.010	 2.09	 1	 -38.9953	  174.0194
10.013	 3.01	 1	 -38.7001	  173.5723
10.016	 2.21	 1	 -47.1417	  172.1355
10.018	 4.25	 1	 -42.0253	  171.9346
10.029	 2.08	 1	 -38.6195	  175.6142
10.046	 2.25	 1	 -42.2822	  173.9673
10.051	 2.19	 1	 -43.7981	  173.5590
10.061	 2.15	 1	 -44.4180	  171.5294
10.066	 2.15	 1	 -43.8529	  171.2224
10.084	 2.07	 1	 -41.7356	  173.0787
10.095	 2.12	 1	 -41.8745	  179.0378
10.102	 2.02	 1	 -45.2780	  171.7990
10.119	 2.15	 1	 -43.6192	  172.7856
10.126	 2.40	 1	 -43.8591	  172.2654
10.130	 2.02	 1	 -41.7362	  174.1879
10.141	 2.97	 1	 -42.0230	  174.1843
10.142	 2.37	 1	 -42.6118	  175.1197
10.144	 2.71	 1	 -43.8625	  173.2762
10.144	 2.26	 1	 -46.7323	  174.9145
10.151	 2.91	 1	 -41.6856	  171.4939
10.172	 2.26	 1	 -44.2697	  174.4246
10.180	 2.13	 1	 -40.6945	  178.5028
10.185	 2.12	 1	 -40.2887	  178.1924
10.188	 2.72	 1	 -43.2189	  174.2879
10.203	 2.94	 1	 -42.5814	  173.4572
10.217	 2.43	 1	 -44.1488	  178.2172
10.222	 2.81	 1	 -45.5428	  168.2904
10.233	 2.11	 1	 -39.8803	  176.6070
10.238	 3.94	 1	 -42.3977	  173.7940
10.246	 2.19	 1	 -45.6239	  168.3830
10.250	 2.11	 1	 -47.0735	  174.4008
10.250	 5.04	 1	 -38.5395	  175.3674
10.254	 2.22	 1	 -38.4039	  174.8613
10.262	 3.04	 1	 -44.9070	  173.0363
10.271	 2.38	 1	 -42.9055	  171.4643
10.277	 2.53	 1	 -42.5009	  173.1805
10.290	 2.13	 1	 -42.8830	  172.6941
10.291	 2.13	 1	 -42.3566	  175.2631
10.311	 2.59	 1	 -46.6962	  175.8070
10.321	 2.44	 1	 -43.0432	  172.8746
10.322	 2.04	 1	 -44.7293	  178.4764
10.325	 2.61	 1	 -41.2537	  172.2296
10.338	 2.03	 1	 -42.0152	  173.7489
10.356	 2.59	 1	 -42.3958	  171.0307
10.358	 2.23	 1	 -40.7020	  177.4403
10.362	 2.00	 1	 -42.5772	  173.3326
10.383	 2.36	 1	 -45.1383	  173.8666
10.402	 2.23	 1	 -41.5589	  178.9424
10.416	 2.34	 1	 -42.3524	  166.9219
10.418	 2.05	 1	 -41.8908	  174.2745
10.421	 2.08	 1	 -40.4723	  170.9669
10.441	 2.83	 1	 -43.8040	  167.0941
10.468	 2.66	 1	 -41.9175	  171.1776
10.479	 2.62	 1	 -41.9606	  166.9859
10.485	 2.22	 1	 -41.7324	  167.0454
10.529	 2.02	 1	 -41.6987	  174.1868
10.535	 2.24	 1	 -41.2227	  176.7800
10.539	 2.36	 1	 -43.1022	  171.2800
10.541	 2.06	 1	 -42.1268	  173.7757
10.550	 2.05	 1	 -43.1254	  166.9328
10.554	 2.22	 1	 -46.1462	  173.8622
10.568	 2.88	 1	 -42.4027	  173.1985
10.573	 2.73	 1	 -41.2811	  171.9281
10.593	 2.66	 1	 -43.5222	  173.3900
10.602	 3.58	 1	 -42.2686	  173.0803
10.609	 2.03	 1	 -40.2865	  173.5307
10.635	 2.39	 1	 -46.3366	  173.9760
10.658	 2.27	 1	 -45.7919	  168.5897
10.663	 2.78	 1	 -40.0793	  178.0008
10.681	 2.02	 1	 -42.7906	  175.0100
10.685	 2.26	 1	 -41.7747	  174.3385
10.695	 2.23	 1	 -43.7975	  174.7333
10.714	 2.17	 1	 -45.5296	  168.2758
10.719	 2.09	 1	 -45.3048	  174.2161
10.720	 2.70	 1	 -41.8679	  174.3926
10.721	 2.68	 1	 -43.6296	  171.8004
10.733	 2.10	 1	 -42.4126	  172.0733
10.739	 2.60	 1	 -41.6873	  173.7828
10.761	 3.09	 1	 -39.8984	  169.6537
10.764	 2.88	 1	 -42.1027	  175.2351
10.789	 2.30	 1	 -42.2681	  171.1394
10.809	 3.21	 1	 -40.8990	  173.2148
10.811	 2.81	 1	 -42.0314	  173.7389
10.815	 2.59	 1	 -40.8294	  178.4162
10.823	 2.18	 1	 -44.4084	  171.3722
10.826	 2.37	 1	 -43.1843	  169.7915
10.833	 2.24	 1	 -42.5826	  172.9633
10.835	 2.81	 1	 -42.8082	  172.7224
10.838	 2.33	 1	 -47.0548	  174.5062
10.839	 2.41	 1	 -44.1397	  176.1559
10.848	 2.40	 1	 -43.3503	  172.1490
10.849	 2.00	 1	 -38.2188	  173.6379
10.872	 2.42	 1	 -42.8256	  173.2345
10.882	 2.14	 1	 -46.1186	  169.4237
10.884	 2.89	 1	 -41.6992	  174.2966
10.888	 2.08	 1	 -40.7679	  175.3055
10.893	 2.46	 1	 -43.0382	  171.4184
10.918	 2.67	 1	 -39.6646	  168.4993
10.926	 2.63	 1	 -44.0589	  172.7770
10.971	 2.59	 1	 -46.1531	  169.1157
10.973	 2.47	 1	 -43.2954	  174.3216
10.977	 2.14	 1	 -41.7208	  174.2980
10.994	 2.40	 1	 -42.3696	  173.8405
10.996	 2.00	 1	 -40.9662	  172.7443
10.997	 2.25	 1	 -39.6593	  168.5059
11.043	 2.37	 1	 -46.1934	  169.1828
11.046	 2.06	 1	 -44.1724	  173.2596
11.078	 2.42	 1	 -42.4914	  173.0765
11.087	 2.44	 1	 -42.9431	  173.2099
11.104	 2.23	 1	 -42.4494	  173.4100
11.118	 2.12	 1	 -42.2051	  173.7826
11.144	 2.15	 1	 -43.2289	  174.5297
11.159	 2.01	 1	 -43.0077	  174.0858
11.163	 2.54	 1	 -47.1861	  173.2480
11.183	 4.77	 1	 -40.8115	  173.8006
11.185	 2.92	 1	 -43.0502	  179.1206
11.189	 2.04	 1	 -43.9328	  171.3520
11.206	 2.35	 1	 -41.1545	  178.7710
11.242	 2.24	 1	 -45.7135	  168.4907
11.249	 2.07	 1	 -42.1826	  172.9554
11.269	 2.13	 1	 -45.4232	  172.2289
11.271	 2.93	 1	 -42.1525	  172.0155
11.293	 2.24	 1	 -45.6966	  173.8085
11.300	 2.37	 1	 -42.0211	  172.1771
11.304	 2.00	 1	 -43.8592	  174.0917
11.312	 3.99	 1	 -44.0584	  172.5877
11.315	 2.89	 1	 -42.0600	  175.7415
11.333	 2.14	 1	 -43.6484	  171.5735
11.333	 2.03	 1	 -43.4062	  175.1691
11.339	 2.60	 1	 -42.3047	  173.8223
11.339	 2.50	 1	 -42.1271	  179.0914
11.344	 2.54	 1	 -43.2253	  172.0264
11.347	 2.19	 1	 -42.0951	  179.0857
11.351	 2.27	 1	 -43.8765	  178.9241
11.357	 2.01	 1	 -43.4674	  172.6290
11.358	 2.32	 1	 -44.1070	  172.2685
11.367	 2.35	 1	 -41.8328	  174.3384
11.382	 2.51	 1	 -42.3318	  175.3206
11.382	 2.21	 1	 -39.6210	  176.3963
11.384	 2.39	 1	 -42.1007	  173.5887
11.409	 2.00	 1	 -46.9244	  170.9541
11.409	 2.06	 1	 -42.1623	  170.3453
11.434	 2.90	 1	 -42.9966	  172.3237
11.441	 2.02	 1	 -42.2496	  171.9891
11.456	 2.49	 1	 -42.1541	  172.5878
11.475	 2.55	 1	 -39.2918	  169.0197
11.488	 2.24	 1	 -42.5398	  175.6578
11.496	 2.14	 1	 -44.6361	  173.3647
11.496	 2.13	 1	 -41.4405	  174.0684
11.504	 2.02	 1	 -41.8511	  173.6218
11.504	 2.02	 1	 -45.5127	  168.2571
11.538	 2.36	 1	 -43.2514	  170.8320
11.550	 2.23	 1	 -44.5420	  175.3043
11.565	 2.20	 1	 -44.5209	  167.4329
11.565	 3.08	 1	 -44.5941	  177.8074
11.585	 2.34	 1	 -40.6419	  168.8745
11.606	 2.06	 1	 -38.6060	  170.4696
11.611	 2.52	 1	 -42.6267	  171.8360
11.616	 2.23	 1	 -44.1061	  178.1552
11.619	 2.47	 1	 -41.6526	  172.7054
11.621	 2.13	 1	 -38.7056	  175.8513
11.642	 2.04	 1	 -42.5572	  173.5528
11.654	 2.03	 1	 -40.9297	  172.0289
11.662	 2.49	 1	 -40.7404	  167.5109
11.666	 2.89	 1	 -43.9873	  175.0745
11.676	 2.00	 1	 -41.5235	  178.2369
11.681	 2.60	 1	 -43.2000	  172.3859
11.693	 2.45	 1	 -40.1103	  175.8216
11.696	 2.05	 1	 -42.2965	  173.6396
11.700	 3.08	 1	 -42.3780	  174.8630
11.701	 2.58	 1	 -41.6920	  174.3038
11.709	 2.25	 1	 -44.5359	  174.3240
11.710	 2.08	 1	 -44.7053	  173.0197
11.714	 2.12	 1	 -43.2918	  176.8220
11.720	 2.28	 1	 -42.6824	  172.8108
11.723	 3.10	 1	 -44.0517	  174.1682
11.725	 2.04	 1	 -40.2078	  173.2525
11.733	 2.30	 1	 -41.0057	  173.2998
11.759	 2.13	 1	 -43.9757	  172.1115
11.769	 2.47	 1	 -44.7067	  173.3465
11.772	 2.17	 1	 -42.1421	  171.7924
11.804	 2.22	 1	 -46.1006	  169.0312
11.810	 2.13	 1	 -42.6768	  173.1366
11.814	 2.19	 1	 -43.3851	  178.7303
11.815	 2.29	 1	 -41.2360	  174.5274
11.842	 2.37	 1	 -42.0505	  173.3929
11.845	 2.01	 1	 -46.5263	  170.2744
11.849	 2.38	 1	 -47.1662	  173.6388
11.854	 2.61	 1	 -43.0502	  170.0219
11.863	 2.97	 1	 -44.2918	  171.7015
11.868	 3.08	 1	 -39.5482	  171.7543
11.872	 2.10	 1	 -43.2729	  175.1136
11.882	 2.20	 1	 -38.2598	  174.0498
11.895	 2.06	 1	 -43.3434	  173.2598
11.898	 2.38	 1	 -47.1161	  171.9236
11.901	 2.15	 1	 -41.7781	  174.3061
11.901	 2.17	 1	 -45.5732	  168.3245
11.912	 2.04	 1	 -41.0232	  173.4790
11.918	 2.24	 1	 -42.2887	  179.1152
11.920	 2.46	 1	 -43.2966	  179.0845
11.921	 2.49	 1	 -42.6466	  173.2898
11.922	 2.86	 1	 -44.2978	  173.7079
11.924	 3.02	 1	 -40.7521	  172.2889
11.925	 3.13	 1	 -43.2554	  169.5582
11.932	 3.73	 1	 -42.1904	  171.7536
11.947	 2.13	 1	 -43.2271	  169.4159
11.954	 2.23	 1	 -38.1996	  172.7739
11.960	 2.80	 1	 -40.9830	  167.3637
11.969	 2.04	 1	 -46.7280	  175.7207
11.977	 3.35	 1	 -45.6124	  169.5944
11.982	 2.43	 1	 -42.3296	  172.9507
11.984	 2.31	 1	 -41.9721	  173.6888
11.992	 3.25	 1	 -43.6830	  169.6177
11.998	 2.11	 1	 -38.3256	  171.5635
12.024	 3.79	 1	 -46.0631	  168.9727
12.061	 2.20	 1	 -43.1771	  171.8307
12.067	 2.35	 1	 -42.2609	  173.6196
12.072	 2.59	 1	 -42.0135	  179.0698
12.082	 2.04	 1	 -46.9051	  175.1619
12.102	 2.39	 1	 -40.4470	  176.2118
12.112	 3.58	 1	 -38.8704	  172.4749
12.126	 3.17	 1	 -38.1962	  173.0864
12.137	 2.21	 1	 -41.6922	  178.9866
12.139	 2.58	 1	 -44.2994	  172.7433
12.155	 2.23	 1	 -42.6413	  168.6929
12.161	 2.12	 1	 -39.0932	  171.8280
12.186	 2.45	 1	 -45.9546	  170.4876
12.198	 2.61	 1	 -41.2208	  174.0441
12.213	 3.08	 1	 -39.4803	  168.7411
12.217	 2.61	 1	 -43.0205	  170.7396
12.225	 2.23	 1	 -46.0799	  168.9987
12.236	 2.05	 1	 -41.9810	  173.1548
12.236	 2.07	 1	 -44.0140	  175.8933
12.278	 2.10	 1	 -46.3387	  176.6025
12.293	 2.27	 1	 -43.5298	  171.6674
12.298	 2.17	 1	 -45.5942	  177.6957
12.302	 2.20	 1	 -38.4426	  171.0238
12.323	 2.26	 1	 -43.1194	  174.9732
12.329	 2.69	 1	 -44.3980	  173.1513
12.339	 2.52	 1	 -41.0098	  177.0208
12.349	 2.37	 1	 -39.3014	  175.7015
12.358	 2.03	 1	 -42.1843	  176.2506
12.363	 3.47	 1	 -44.3594	  172.7404
12.366	 2.16	 1	 -42.1021	  179.0870
12.369	 2.11	 1	 -43.3180	  173.0716
12.378	 3.30	 1	 -43.0762	  172.6438
12.394	 2.89	 1	 -38.3098	  174.3902
12.409	 2.24	 1	 -44.6555	  171.1430
12.419	 2.12	 1	 -41.7102	  175.0948
12.426	 2.11	 1	 -42.0772	  173.9189
12.434	 3.63	 1	 -46.9226	  175.0971
12.454	 2.07	 1	 -42.0740	  172.9943
12.457	 2.50	 1	 -42.4022	  173.4333
12.458	 2.32	 1	 -47.0864	  174.3224
12.482	 2.02	 1	 -42.3153	  173.4822
12.487	 2.21	 1	 -42.5726	  174.2586
12.492	 2.03	 1	 -41.9750	  174.3346
12.495	 2.10	 1	 -41.6952	  173.8910
12.501	 2.01	 1	 -42.1766	  173.6509
12.529	 2.19	 1	 -41.8130	  173.6342
12.547	 2.05	 1	 -44.8725	  171.6260
12.548	 2.91	 1	 -43.3319	  172.9867
12.556	 2.16	 1	 -42.7943	  171.4996
12.564	 2.10	 1	 -43.5970	  174.6676
12.607	 2.10	 1	 -41.1983	  174.7882
12.610	 2.14	 1	 -42.9183	  172.7430
12.624	 2.28	 1	 -41.9719	  173.6880
12.627	 2.09	 1	 -43.3385	  179.0765
12.638	 2.39	 1	 -38.1963	  172.9479
12.640	 2.43	 1	 -45.2105	  176.8295
12.644	 2.05	 1	 -40.6664	  172.5680
12.653	 2.42	 1	 -45.5905	  177.6999
12.657	 2.51	 1	 -40.1753	  178.0915
12.668	 2.69	 1	 -44.0329	  171.3914
12.680	 2.03	 1	 -41.7559	  176.1130
12.697	 2.05	 1	 -41.6991	  174.2164
12.701	 2.78	 1	 -44.7265	  171.0642
12.758	 2.49	 1	 -45.6773	  172.4270
12.763	 2.32	 1	 -43.2243	  171.4634
12.767	 2.41	 1	 -42.2517	  173.1385
12.770	 2.75	 1	 -45.9433	  168.7953
12.775	 2.10	 1	 -41.7876	  174.0168
12.776	 2.13	 1	 -41.7055	  174.2351
12.779	 3.83	 1	 -40.2211	  172.1989
12.785	 2.02	 1	 -43.0752	  168.2988
12.793	 3.10	 1	 -45.9565	  168.8141
12.808	 3.74	 1	 -42.2519	  173.6228
12.821	 2.75	 1	 -40.9125	  174.1303
12.824	 2.06	 1	 -45.4166	  176.3674
12.835	 3.18	 1	 -44.4455	  172.6146
12.889	 2.14	 1	 -41.9037	  166.9992
12.903	 2.13	 1	 -40.9263	  173.5032
12.903	 2.51	 1	 -47.0845	  171.7101
12.909	 2.28	 1	 -43.5001	  172.2317
12.915	 2.66	 1	 -40.5483	  167.6447
12.921	 2.35	 1	 -45.2149	  173.1521
12.935	 2.90	 1	 -43.0727	  173.2911
12.952	 2.33	 1	 -43.1855	  175.4084
12.952	 2.78	 1	 -44.4453	  169.9103
12.957	 2.14	 1	 -43.5336	  176.8152
12.959	 2.26	 1	 -42.5945	  166.9058
12.970	 2.27	 1	 -38.5656	  174.9866
12.976	 2.39	 1	 -43.0952	  174.4725
12.982	 2.39	 1	 -42.1344	  172.8782
12.983	 2.43	 1	 -41.9746	  173.7483
13.001	 2.24	 1	 -46.2913	  176.6902
13.016	 2.07	 1	 -42.9215	  168.8981
13.032	 2.27	 1	 -43.9074	  172.2466
13.033	 2.19	 1	 -43.6029	  176.5925
13.048	 2.21	 1	 -47.1888	  172.9513
13.056	 2.98	 1	 -44.2916	  172.0637
13.077	 2.20	 1	 -42.9290	  174.4811
13.078	 2.20	 1	 -42.2576	  170.7634
13.086	 2.42	 1	 -41.9012	  179.0445
13.095	 3.15	 1	 -41.4976	  171.1988
13.108	 2.08	 1	 -43.0718	  173.0850
13.111	 2.27	 1	 -42.1284	  178.8015
13.140	 3.13	 1	 -42.8473	  174.4548
13.151	 2.01	 1	 -42.3526	  176.1946
13.166	 2.47	 1	 -41.8325	  173.3907
13.182	 2.46	 1	 -38.8927	  176.2933
13.182	 3.28	 1	 -44.7858	  173.7419
13.214	 3.70	 1	 -41.6136	  176.4269
13.224	 3.54	 1	 -41.6654	  174.3235
13.231	 2.87	 1	 -42.2134	  172.4971
13.239	 2.94	 1	 -42.5498	  173.5301
13.240	 2.16	 1	 -42.4666	  173.1069
13.243	 2.53	 1	 -42.2845	  175.5327
13.244	 4.46	 1	 -42.5421	  173.0233
13.250	 2.37	 1	 -42.7741	  173.2903
13.258	 3.23	 1	 -38.4424	  175.0197
13.267	 2.16	 1	 -42.5429	  172.5858
13.271	 2.40	 1	 -42.1025	  172.9483
13.276	 2.44	 1	 -42.2709	  173.6053
13.278	 2.45	 1	 -42.2944	  173.5059
13.279	 2.90	 1	 -39.5809	  168.6057
13.314	 2.68	 1	 -43.7128	  169.8023
13.319	 2.34	 1	 -40.9418	  173.4121
13.326	 2.25	 1	 -39.4467	  174.0263
13.344	 2.34	 1	 -41.7450	  174.5423
13.367	 2.59	 1	 -44.5258	  167.4359
13.374	 2.83	 1	 -44.7607	  174.2727
13.399	 2.64	 1	 -41.7158	  174.2761
13.412	 2.22	 1	 -42.0883	  174.1465
13.415	 2.66	 1	 -42.5158	  173.1375
13.436	 2.65	 1	 -41.1838	  167.2590
13.440	 2.01	 1	 -38.2474	  172.0996
13.476	 2.53	 1	 -47.1623	  172.3549
13.483	 2.27	 1	 -46.6096	  170.0178
13.483	 2.12	 1	 -42.4943	  166.9103
13.497	 2.32	 1	 -42.2932	  171.6217
13.498	 2.76	 1	 -42.1100	  172.6966
13.503	 2.73	 1	 -45.7401	  177.5206
13.512	 3.24	 1	 -47.1828	  172.6971
13.518	 2.91	 1	 -41.8737	  172.6067
13.519	 2.33	 1	 -41.1771	  176.8607
13.530	 3.25	 1	 -43.0636	  175.6471
13.530	 2.57	 1	 -40.3122	  175.6303
13.545	 2.06	 1	 -38.8131	  176.1156
13.615	 2.14	 1	 -42.7054	  168.0671
13.631	 3.28	 1	 -44.5693	  171.7752
13.636	 2.11	 1	 -39.0793	  175.6514
13.639	 2.09	 1	 -42.0956	  179.0858
13.640	 2.91	 1	 -42.6299	  173.0384
13.679	 2.08	 1	 -40.5941	  171.4949
13.681	 2.81	 1	 -42.4321	  172.1110
13.683	 2.17	 1	 -41.3675	  168.4775
13.686	 2.07	 1	 -43.7297	  173.0497
13.690	 2.10	 1	 -43.9430	  178.8986
13.706	 2.31	 1	 -43.7309	  176.8022
13.707	 2.28	 1	 -44.9212	  170.1751
13.729	 2.36	 1	 -42.2735	  173.6729
13.735	 2.20	 1	 -42.7156	  170.6917
13.770	 2.11	 1	 -42.1062	  166.9566
13.774	 2.66	 1	 -47.0237	  174.6665
13.776	 2.17	 1	 -43.3006	  172.7829
13.779	 2.60	 1	 -40.3851	  170.2593
13.800	 2.05	 1	 -40.2507	  174.3284
13.809	 2.11	 1	 -41.6960	  168.2720
13.814	 2.40	 1	 -43.7547	  173.5502
13.827	 2.57	 1	 -44.3119	  172.5859
13.843	 3.74	 1	 -40.9149	  167.9189
13.872	 2.69	 1	 -39.6769	  171.2427
13.886	 2.48	 1	 -39.6893	  171.0769
13.887	 2.31	 1	 -42.6821	  172.8613
13.894	 2.28	 1	 -39.2546	  176.9654
13.910	 2.56	 1	 -42.5321	  173.6009
13.938	 3.01	 1	 -42.0322	  171.5017
13.941	 3.11	 1	 -44.8867	  171.4984
13.945	 2.93	 1	 -42.0779	  174.6158
13.955	 3.08	 1	 -45.7735	  177.4782
13.973	 2.07	 1	 -41.3775	  170.9815
13.974	 3.12	 1	 -44.4113	  178.6754
13.995	 3.41	 1	 -43.5120	  172.5573
13.997	 2.21	 1	 -40.1670	  178.0839
