# Simulation 746
# RelativeTime(days) Magnitude Generation Latitude Longitude
Time Mag Gen Lat Lon
0.083	 2.93	 1	 -43.1842	  172.6961
0.083	 2.10	 1	 -42.8185	  173.1549
0.084	 2.14	 1	 -42.3641	  173.7179
0.084	 2.48	 1	 -46.6401	  170.7403
0.084	 2.49	 1	 -41.8731	  174.2827
0.086	 2.43	 1	 -41.7368	  173.9537
0.086	 2.93	 1	 -42.3713	  173.0891
0.086	 2.13	 1	 -41.7754	  174.3443
0.086	 2.69	 1	 -43.4480	  173.5956
0.087	 2.55	 1	 -41.9355	  173.6705
0.087	 2.06	 1	 -41.8043	  173.2472
0.089	 3.32	 1	 -41.8645	  174.0333
0.089	 2.23	 1	 -42.0314	  173.6015
0.089	 2.60	 1	 -42.2084	  173.2398
0.090	 2.08	 1	 -42.4228	  173.1699
0.090	 2.21	 1	 -40.0423	  168.0799
0.090	 2.14	 1	 -42.5306	  173.1502
0.090	 2.41	 1	 -42.5402	  172.8919
0.091	 2.07	 1	 -43.8617	  173.9867
0.091	 2.13	 1	 -42.0145	  172.9855
0.092	 2.39	 1	 -41.9850	  173.6572
0.092	 2.37	 1	 -42.8715	  173.3284
0.093	 2.35	 1	 -42.6002	  172.6650
0.093	 2.80	 1	 -42.3811	  174.1578
0.093	 2.43	 1	 -42.8297	  173.5842
0.094	 2.21	 1	 -42.4687	  173.1701
0.095	 2.15	 1	 -42.6786	  173.0190
0.095	 2.10	 1	 -42.2126	  174.1408
0.095	 2.38	 1	 -42.4412	  173.1951
0.095	 2.12	 1	 -41.6917	  174.6756
0.096	 2.36	 1	 -41.6489	  173.1860
0.096	 2.80	 1	 -42.4255	  173.7509
0.096	 2.45	 1	 -43.8825	  171.4760
0.097	 2.24	 1	 -41.9346	  174.1329
0.097	 2.66	 1	 -42.6280	  172.9634
0.097	 2.15	 1	 -42.7627	  172.9810
0.098	 2.20	 1	 -42.4150	  173.0110
0.098	 2.71	 1	 -46.5936	  176.0647
0.098	 2.06	 1	 -42.0931	  173.7193
0.099	 2.48	 1	 -43.8369	  175.2542
0.099	 2.47	 1	 -42.5308	  173.8056
0.099	 2.11	 1	 -42.7598	  172.8527
0.100	 2.25	 1	 -42.7429	  172.6462
0.100	 2.08	 1	 -42.4726	  173.0316
0.101	 2.27	 1	 -42.0078	  173.6243
0.101	 2.09	 1	 -42.3173	  173.4546
0.102	 2.25	 1	 -38.9262	  176.3643
0.102	 2.38	 1	 -42.5219	  173.0065
0.102	 3.40	 1	 -42.4084	  173.3958
0.102	 2.35	 1	 -42.5946	  173.0332
0.103	 2.07	 1	 -42.4562	  173.7933
0.104	 2.59	 1	 -42.5439	  172.9848
0.104	 2.02	 1	 -42.5580	  173.0374
0.104	 2.17	 1	 -42.3659	  173.6064
0.105	 2.66	 1	 -44.2424	  170.1190
0.105	 2.34	 1	 -42.2100	  173.6206
0.106	 2.61	 1	 -42.5648	  173.1031
0.106	 2.20	 1	 -42.2065	  173.3424
0.106	 2.16	 1	 -42.6755	  173.1510
0.108	 4.18	 1	 -42.0096	  173.7495
0.109	 2.61	 1	 -45.5219	  177.7770
0.109	 2.91	 1	 -42.0969	  173.7939
0.109	 4.24	 1	 -42.1521	  173.5859
0.109	 2.63	 1	 -42.5946	  172.9761
0.110	 2.10	 1	 -42.3099	  172.3291
0.113	 2.04	 1	 -42.3916	  173.8789
0.113	 2.55	 1	 -43.5869	  172.8208
0.113	 2.75	 1	 -42.9362	  173.8087
0.114	 2.08	 1	 -42.6206	  172.9707
0.115	 2.09	 1	 -43.0647	  173.0157
0.115	 2.44	 1	 -42.1345	  173.6203
0.116	 2.27	 1	 -42.1507	  173.5800
0.116	 2.00	 1	 -42.0479	  173.7419
0.117	 2.02	 1	 -42.6850	  173.4317
0.117	 2.09	 1	 -42.9177	  173.2507
0.117	 3.57	 1	 -42.2029	  173.5381
0.118	 2.75	 1	 -41.7940	  174.2546
0.118	 3.39	 1	 -42.0777	  173.7491
0.118	 2.03	 1	 -41.9025	  173.8343
0.119	 2.07	 1	 -41.6732	  174.1904
0.119	 2.02	 1	 -42.3636	  173.5706
0.119	 2.27	 1	 -41.7636	  174.3666
0.119	 2.31	 1	 -43.6742	  176.6167
0.119	 3.13	 1	 -42.0708	  172.0051
0.120	 2.18	 1	 -38.2174	  172.4250
0.120	 2.20	 1	 -43.4033	  172.9129
0.121	 2.34	 1	 -42.6523	  172.0710
0.122	 2.73	 1	 -42.2738	  173.6425
0.123	 2.78	 1	 -41.6650	  174.2365
0.124	 2.62	 1	 -41.6718	  173.7313
0.125	 3.18	 1	 -41.7659	  174.0752
0.125	 3.36	 1	 -41.6994	  167.0554
0.125	 2.31	 1	 -42.5702	  173.0244
0.126	 2.77	 1	 -42.9949	  173.3300
0.127	 2.35	 1	 -42.0507	  173.4980
0.128	 2.20	 1	 -42.6459	  172.7905
0.128	 2.03	 1	 -41.7112	  174.2824
0.129	 3.74	 1	 -42.5840	  173.3872
0.129	 2.47	 1	 -41.8043	  174.2667
0.131	 2.01	 1	 -42.5432	  173.5897
0.132	 2.27	 1	 -42.4104	  173.5806
0.132	 2.20	 1	 -42.6183	  172.0941
0.133	 2.08	 1	 -42.2273	  173.5670
0.133	 2.16	 1	 -45.5996	  175.7308
0.133	 2.19	 1	 -42.7038	  173.1624
0.134	 2.15	 1	 -41.7006	  172.8476
0.134	 2.07	 1	 -42.2165	  173.6490
0.134	 3.06	 1	 -43.4252	  173.0128
0.136	 2.22	 1	 -42.1744	  173.6533
0.136	 2.73	 1	 -42.6030	  173.2758
0.137	 2.36	 1	 -42.4072	  172.4489
0.137	 2.39	 1	 -42.1125	  173.4720
0.138	 2.13	 1	 -42.3871	  172.9165
0.139	 2.29	 1	 -42.7737	  172.7482
0.139	 2.16	 1	 -42.7646	  173.1221
0.140	 2.37	 1	 -43.5278	  173.3883
0.140	 2.09	 1	 -40.7544	  172.0263
0.141	 3.73	 1	 -41.3617	  178.3363
0.142	 2.01	 1	 -42.8947	  173.6313
0.142	 2.46	 1	 -41.5769	  173.6316
0.142	 2.59	 1	 -41.8547	  173.9808
0.142	 2.02	 1	 -42.7212	  173.0307
0.142	 2.15	 1	 -43.1780	  172.7703
0.142	 2.39	 1	 -42.9060	  172.6226
0.143	 2.11	 1	 -42.5009	  172.8767
0.144	 2.55	 1	 -41.8956	  174.5160
0.144	 2.18	 1	 -41.6277	  171.7890
0.144	 2.77	 1	 -42.8232	  173.4166
0.146	 3.27	 1	 -40.9281	  172.9897
0.147	 2.13	 1	 -41.8119	  174.2518
0.147	 2.34	 1	 -42.2956	  173.4811
0.147	 2.11	 1	 -41.9324	  173.9640
0.148	 3.40	 1	 -42.5136	  173.3862
0.149	 2.66	 1	 -42.1273	  173.5608
0.149	 2.46	 1	 -41.1657	  172.2455
0.150	 2.19	 1	 -43.0642	  172.9337
0.150	 2.27	 1	 -42.3893	  173.5608
0.150	 2.26	 1	 -42.5210	  173.4792
0.151	 2.31	 1	 -43.6862	  172.4879
0.151	 2.58	 1	 -43.2598	  173.2895
0.152	 2.31	 1	 -42.5586	  173.2986
0.152	 3.08	 1	 -42.1517	  173.7326
0.153	 2.08	 1	 -42.2334	  173.9046
0.153	 2.83	 1	 -42.1730	  173.3995
0.153	 2.24	 1	 -41.9024	  173.9391
0.154	 2.25	 1	 -40.4354	  172.4075
0.154	 2.02	 1	 -42.4278	  173.8186
0.156	 2.72	 1	 -42.1586	  174.9662
0.156	 2.16	 1	 -42.6875	  172.4697
0.157	 2.36	 1	 -43.3562	  174.2966
0.158	 2.43	 1	 -42.5320	  173.2334
0.158	 2.28	 1	 -43.6154	  168.7453
0.160	 2.15	 1	 -40.9696	  172.5070
0.160	 2.36	 1	 -42.4216	  173.8438
0.161	 3.15	 1	 -42.7703	  173.5106
0.163	 2.33	 1	 -42.1604	  173.5206
0.163	 2.24	 1	 -43.2413	  173.1887
0.164	 2.54	 1	 -42.3259	  173.7776
0.164	 2.76	 1	 -42.1776	  175.3697
0.164	 2.55	 1	 -42.4029	  173.7526
0.164	 2.33	 1	 -41.6857	  173.4792
0.165	 2.42	 1	 -42.2468	  173.6401
0.166	 2.12	 1	 -42.0770	  173.4410
0.166	 2.37	 1	 -42.4751	  173.1127
0.167	 2.29	 1	 -42.5598	  173.6387
0.167	 2.31	 1	 -42.0093	  173.6552
0.168	 2.29	 1	 -42.1719	  172.9759
0.168	 2.42	 1	 -42.4678	  173.1234
0.169	 2.53	 1	 -43.7768	  172.2636
0.171	 2.21	 1	 -41.8503	  174.0228
0.172	 2.31	 1	 -42.2533	  173.1407
0.172	 2.12	 1	 -44.9635	  174.2866
0.172	 2.66	 1	 -43.1517	  173.1379
0.172	 2.13	 1	 -42.6887	  173.1036
0.172	 2.55	 1	 -42.4015	  173.3337
0.173	 2.30	 1	 -41.7887	  174.1935
0.174	 2.41	 1	 -42.3254	  173.7384
0.174	 2.07	 1	 -41.6977	  174.2487
0.175	 2.05	 1	 -42.5361	  173.7939
0.175	 2.16	 1	 -43.2276	  172.9341
0.176	 2.04	 1	 -42.6381	  172.9585
0.176	 2.03	 1	 -42.6149	  173.0762
0.177	 2.19	 1	 -42.4571	  173.7981
0.179	 2.27	 1	 -42.5305	  173.8112
0.180	 2.03	 1	 -43.2744	  172.5355
0.180	 2.37	 1	 -42.2818	  173.6422
0.180	 2.94	 1	 -42.1781	  173.5625
0.181	 2.23	 1	 -42.4877	  172.9802
0.181	 3.39	 1	 -42.8217	  172.5747
0.181	 2.45	 1	 -42.2775	  173.6561
0.182	 2.66	 1	 -42.4632	  173.8724
0.182	 3.49	 1	 -43.0222	  168.1539
0.183	 2.36	 1	 -42.7900	  172.8931
0.183	 2.25	 1	 -42.2107	  173.5967
0.184	 2.13	 1	 -39.9110	  177.8290
0.185	 2.16	 1	 -45.4600	  177.8440
0.186	 2.03	 1	 -41.9816	  173.6461
0.186	 2.95	 1	 -42.2264	  173.7785
0.186	 2.20	 1	 -42.0339	  173.6057
0.187	 2.89	 1	 -42.5404	  172.8424
0.188	 3.45	 1	 -44.2949	  173.3777
0.188	 2.15	 1	 -42.1305	  173.7423
0.190	 2.04	 1	 -42.0578	  173.7416
0.191	 2.29	 1	 -41.8233	  173.2141
0.191	 2.26	 1	 -42.5248	  172.6668
0.193	 2.35	 1	 -42.0107	  173.6871
0.194	 2.05	 1	 -42.5909	  172.8356
0.194	 2.06	 1	 -42.2708	  173.5192
0.194	 2.98	 1	 -42.1647	  173.5703
0.195	 3.22	 1	 -41.7546	  174.2555
0.195	 2.32	 1	 -42.0663	  173.7213
0.196	 2.49	 1	 -42.3434	  173.4320
0.196	 2.75	 1	 -44.4044	  178.6793
0.197	 2.21	 1	 -41.7777	  174.0548
0.197	 2.12	 1	 -42.4974	  173.7164
0.197	 2.04	 1	 -41.7565	  174.1996
0.197	 2.03	 1	 -43.0588	  173.3709
0.198	 2.18	 1	 -42.5156	  171.9615
0.198	 3.07	 1	 -42.8244	  173.2843
0.200	 2.07	 1	 -42.7527	  172.8777
0.201	 3.18	 1	 -43.4009	  175.1013
0.202	 3.01	 1	 -41.9094	  174.0933
0.202	 2.12	 1	 -42.3254	  173.6864
0.202	 2.03	 1	 -42.1236	  173.5757
0.203	 2.19	 1	 -42.0791	  173.6182
0.204	 2.23	 1	 -42.2594	  173.6336
0.204	 2.76	 1	 -42.6427	  173.5507
0.206	 2.26	 1	 -42.6348	  172.7736
0.207	 2.12	 1	 -42.5354	  173.0560
0.209	 2.76	 1	 -44.0400	  173.7216
0.209	 2.33	 1	 -42.4767	  173.7064
0.210	 3.59	 1	 -42.4805	  173.8006
0.210	 2.46	 1	 -42.2472	  173.8063
0.210	 2.22	 1	 -41.8019	  174.2853
0.211	 3.77	 1	 -42.2400	  173.5469
0.212	 2.06	 1	 -42.6145	  174.0610
0.215	 2.32	 1	 -42.3210	  173.9117
0.216	 2.31	 1	 -42.5610	  172.0601
0.216	 2.71	 1	 -46.0822	  177.0419
0.216	 2.37	 1	 -41.7110	  172.9331
0.218	 2.10	 1	 -42.7942	  172.9452
0.220	 2.40	 1	 -41.7180	  174.2553
0.221	 2.03	 1	 -42.4273	  173.6700
0.221	 2.23	 1	 -42.6386	  173.1588
0.222	 2.36	 1	 -38.6070	  170.4667
0.223	 3.42	 1	 -42.2151	  173.9484
0.223	 2.07	 1	 -41.8781	  173.7081
0.224	 2.00	 1	 -42.3093	  173.7507
0.224	 3.05	 1	 -42.7766	  172.9021
0.224	 2.22	 1	 -43.1893	  171.1828
0.225	 4.61	 1	 -43.0761	  173.4664
0.226	 2.29	 1	 -43.4365	  174.0175
0.227	 2.72	 1	 -41.2480	  176.5366
0.228	 2.42	 1	 -42.8141	  173.0872
0.230	 3.49	 1	 -42.5406	  172.6642
0.232	 2.08	 1	 -42.5906	  173.2515
0.235	 2.26	 1	 -43.4304	  174.1929
0.236	 2.03	 1	 -42.2527	  173.5679
0.236	 2.59	 1	 -42.7258	  172.1335
0.236	 2.59	 1	 -42.4023	  173.9012
0.237	 2.53	 1	 -43.6557	  174.9996
0.237	 2.05	 1	 -42.1044	  173.8190
0.238	 2.67	 1	 -41.3238	  173.6080
0.240	 2.62	 1	 -41.7271	  174.2769
0.240	 2.15	 1	 -42.1825	  171.9093
0.241	 2.61	 1	 -44.2247	  178.7738
0.242	 2.10	 1	 -42.6779	  172.7014
0.244	 2.29	 1	 -42.4558	  173.1406
0.245	 2.64	 1	 -43.2251	  171.7041
0.245	 3.06	 1	 -42.8465	  172.9724
0.245	 2.62	 1	 -43.6674	  173.6202
0.245	 2.45	 2	 -41.3564	  178.3413
0.246	 2.28	 1	 -42.1943	  172.4092
0.248	 2.12	 1	 -42.2464	  173.6782
0.250	 2.80	 1	 -42.5974	  172.8114
0.250	 2.47	 1	 -42.7454	  173.4138
0.250	 2.30	 1	 -43.6006	  173.7975
0.252	 2.49	 1	 -42.2101	  173.4132
0.252	 2.45	 1	 -42.9326	  172.3203
0.252	 2.92	 1	 -42.1618	  173.7572
0.252	 2.25	 1	 -41.7383	  174.2826
0.256	 2.19	 1	 -42.1863	  173.5898
0.257	 2.13	 1	 -41.8399	  173.4270
0.257	 2.90	 1	 -44.2429	  170.5267
0.257	 2.04	 1	 -45.1578	  169.9656
0.260	 2.37	 1	 -42.1435	  175.2520
0.261	 2.12	 1	 -43.2571	  173.6340
0.261	 2.25	 1	 -42.8439	  173.6835
0.262	 2.09	 1	 -42.7760	  173.8913
0.265	 2.29	 1	 -42.4594	  173.1088
0.266	 2.03	 2	 -43.0853	  173.4711
0.268	 2.65	 1	 -41.7706	  174.2180
0.269	 2.04	 1	 -42.3415	  172.5959
0.269	 2.46	 1	 -38.6513	  170.3396
0.270	 2.06	 1	 -43.4785	  172.8923
0.270	 2.05	 1	 -42.4592	  173.5459
0.272	 2.02	 1	 -42.5464	  172.4710
0.273	 3.23	 1	 -45.4728	  168.2139
0.273	 2.29	 1	 -42.6696	  172.8668
0.275	 2.18	 1	 -41.8450	  173.5079
0.275	 2.21	 1	 -42.4096	  173.7289
0.275	 2.92	 1	 -42.4054	  173.1905
0.275	 3.35	 1	 -43.2261	  173.6228
0.276	 2.06	 1	 -44.3716	  172.8308
0.276	 2.17	 1	 -41.7133	  174.2318
0.276	 2.58	 2	 -42.0407	  173.7950
0.278	 2.18	 1	 -42.9855	  173.6690
0.278	 2.70	 1	 -42.5388	  172.9390
0.280	 3.09	 1	 -42.4195	  172.9656
0.280	 2.00	 1	 -42.3149	  174.5469
0.281	 2.65	 1	 -42.0836	  173.7478
0.283	 2.09	 1	 -41.7347	  173.8091
0.283	 2.08	 1	 -42.6892	  173.0798
0.283	 2.22	 2	 -42.5543	  173.4290
0.284	 2.40	 1	 -44.5667	  170.9748
0.284	 2.28	 1	 -42.7566	  174.2501
0.285	 2.50	 1	 -42.5505	  173.0997
0.286	 2.19	 1	 -42.6996	  172.8456
0.288	 2.18	 1	 -45.1912	  171.2163
0.289	 2.01	 1	 -42.1742	  173.6891
0.289	 2.52	 1	 -41.8973	  173.7639
0.290	 2.12	 1	 -41.7866	  174.2265
0.290	 3.19	 1	 -42.0356	  173.7504
0.295	 2.57	 1	 -41.6948	  174.0642
0.298	 2.05	 1	 -43.1448	  173.2530
0.299	 2.60	 1	 -42.3742	  173.1839
0.300	 2.10	 1	 -43.1003	  173.7815
0.301	 2.42	 1	 -42.1902	  173.8536
0.301	 2.12	 1	 -38.1988	  172.8026
0.301	 2.23	 1	 -42.1953	  173.5183
0.302	 2.13	 1	 -40.9198	  172.5363
0.304	 2.15	 1	 -41.7316	  174.3086
0.304	 2.14	 1	 -41.9307	  172.5439
0.307	 2.14	 1	 -42.9151	  173.4692
0.308	 2.06	 1	 -42.5987	  173.3160
0.308	 2.18	 1	 -40.6481	  178.4710
0.309	 2.02	 1	 -41.3859	  169.3317
0.309	 2.05	 1	 -46.9896	  171.2201
0.312	 2.06	 1	 -42.5262	  173.2475
0.312	 2.14	 1	 -42.6182	  173.3512
0.312	 2.97	 1	 -42.2092	  173.8329
0.313	 2.08	 1	 -42.2509	  173.8304
0.314	 2.04	 1	 -43.1626	  173.0746
0.316	 3.01	 1	 -42.6599	  172.8624
0.317	 2.85	 1	 -42.6060	  173.0292
0.319	 2.36	 1	 -42.5264	  173.0820
0.320	 2.59	 1	 -44.2420	  172.5179
0.320	 2.58	 1	 -42.3373	  172.8539
0.322	 2.04	 1	 -41.7411	  174.4671
0.323	 2.06	 1	 -41.7754	  173.9976
0.323	 2.74	 1	 -43.3739	  171.3010
0.324	 2.35	 1	 -41.2522	  174.9452
0.325	 2.05	 1	 -42.3708	  173.6857
0.326	 2.39	 1	 -42.0983	  172.6984
0.327	 2.27	 1	 -42.1873	  173.5658
0.330	 2.45	 1	 -41.5760	  174.1437
0.331	 2.20	 1	 -43.0446	  174.1568
0.331	 2.17	 1	 -42.3016	  173.4620
0.333	 2.43	 1	 -42.2943	  173.5775
0.333	 3.26	 1	 -42.9526	  174.1746
0.333	 2.51	 1	 -42.2430	  173.5666
0.336	 3.14	 1	 -41.9605	  174.2409
0.338	 2.22	 1	 -41.8305	  173.9917
0.339	 2.23	 1	 -41.2238	  174.3993
0.340	 2.02	 1	 -42.3332	  173.7429
0.342	 2.22	 1	 -39.1015	  169.3402
0.342	 2.38	 1	 -43.1117	  173.0768
0.344	 2.09	 1	 -42.3084	  173.2587
0.345	 2.10	 1	 -42.3284	  173.5025
0.349	 2.88	 1	 -42.2135	  173.9636
0.351	 2.31	 1	 -42.5085	  173.4734
0.353	 2.21	 1	 -42.3062	  174.2406
0.354	 2.07	 1	 -42.5027	  173.3720
0.354	 2.07	 1	 -42.7787	  172.8538
0.354	 2.56	 1	 -42.5162	  172.6598
0.356	 3.06	 1	 -42.4070	  173.3671
0.357	 2.39	 1	 -42.2159	  174.1209
0.358	 2.06	 1	 -42.8453	  173.0459
0.358	 2.30	 1	 -43.1529	  176.1195
0.359	 2.08	 1	 -43.5783	  173.1550
0.359	 2.64	 1	 -42.7187	  173.2472
0.360	 2.09	 1	 -46.7487	  170.3814
0.362	 2.35	 1	 -43.4665	  172.7705
0.362	 2.54	 1	 -42.1814	  173.6165
0.363	 2.11	 2	 -42.5266	  173.2461
0.364	 2.07	 1	 -43.2263	  172.8488
0.366	 2.81	 1	 -42.1692	  173.5697
0.370	 2.14	 1	 -41.9637	  173.7198
0.370	 2.27	 1	 -42.2145	  173.5694
0.372	 2.15	 1	 -42.7608	  174.1375
0.373	 2.54	 1	 -42.6440	  173.4656
0.373	 2.14	 1	 -42.1260	  173.5857
0.373	 2.03	 1	 -41.1491	  171.2433
0.375	 2.30	 1	 -41.5339	  172.6325
0.375	 2.00	 1	 -41.7056	  174.2668
0.377	 2.21	 1	 -41.9066	  172.3254
0.378	 2.66	 1	 -42.8326	  170.8210
0.379	 2.66	 1	 -42.4553	  173.8150
0.380	 2.93	 1	 -42.1609	  172.6041
0.380	 2.31	 1	 -44.6536	  177.3342
0.382	 2.38	 1	 -41.7614	  175.3893
0.383	 2.96	 1	 -41.8843	  170.1722
0.383	 3.77	 1	 -42.5876	  173.0807
0.385	 2.43	 1	 -47.1285	  174.0232
0.385	 2.38	 1	 -42.4506	  173.1744
0.385	 2.07	 1	 -41.6811	  173.2363
0.385	 2.85	 1	 -41.8359	  174.2985
0.386	 2.99	 1	 -42.2711	  173.6879
0.386	 2.19	 1	 -42.1776	  173.5268
0.386	 3.39	 1	 -43.1942	  172.6476
0.386	 2.96	 1	 -42.2034	  173.5741
0.390	 2.04	 1	 -42.6931	  173.2150
0.392	 2.23	 1	 -43.2434	  171.0645
0.394	 2.28	 1	 -43.3128	  172.2327
0.394	 2.79	 1	 -42.8221	  173.1420
0.395	 2.55	 1	 -42.1046	  171.7336
0.395	 3.14	 1	 -42.3850	  173.1548
0.397	 2.08	 1	 -42.4262	  173.3262
0.401	 2.55	 1	 -39.7034	  168.4518
0.401	 2.58	 1	 -42.5563	  173.0618
0.404	 2.19	 1	 -42.1816	  173.4587
0.404	 2.38	 1	 -42.6105	  173.0020
0.404	 2.10	 1	 -42.2619	  171.9838
0.404	 3.08	 1	 -42.8679	  172.7512
0.407	 2.26	 1	 -42.9607	  173.7629
0.409	 2.37	 1	 -42.0269	  173.7755
0.410	 2.17	 1	 -41.7298	  174.1893
0.414	 2.06	 1	 -40.8699	  172.8909
0.414	 2.15	 1	 -42.6192	  173.0587
0.416	 2.51	 1	 -42.6225	  172.8294
0.416	 2.93	 1	 -43.1748	  173.1278
0.417	 2.44	 1	 -42.5735	  172.2881
0.417	 2.55	 1	 -42.7929	  173.0533
0.418	 2.58	 1	 -42.6396	  173.2959
0.418	 2.34	 1	 -42.9043	  173.0475
0.420	 2.28	 1	 -45.6837	  177.5900
0.421	 2.52	 2	 -42.8630	  172.7595
0.425	 2.28	 1	 -42.3277	  173.9210
0.425	 3.37	 1	 -42.4704	  174.8117
0.425	 3.57	 1	 -42.7013	  172.3511
0.426	 2.17	 1	 -42.2240	  172.1696
0.426	 2.25	 1	 -42.5253	  173.1520
0.428	 2.53	 1	 -42.7378	  173.2195
0.431	 2.00	 1	 -42.7480	  173.2981
0.432	 2.27	 1	 -42.4700	  173.8607
0.432	 2.87	 1	 -41.6523	  174.2997
0.440	 2.29	 1	 -46.3730	  176.5368
0.442	 2.03	 1	 -42.7652	  173.4824
0.444	 2.57	 1	 -43.1039	  173.5113
0.445	 2.16	 1	 -41.7917	  174.4386
0.445	 2.31	 1	 -42.0327	  173.6244
0.446	 3.42	 1	 -42.7315	  173.2088
0.446	 3.11	 1	 -42.4220	  173.7467
0.448	 2.07	 1	 -42.0995	  173.9133
0.448	 3.13	 1	 -42.4042	  172.1802
0.450	 2.43	 1	 -42.1048	  174.6218
0.452	 2.29	 1	 -40.9896	  178.6843
0.452	 2.99	 1	 -42.1969	  173.1818
0.454	 2.16	 1	 -43.1439	  171.8576
0.454	 2.28	 1	 -41.7758	  175.3889
0.454	 2.43	 1	 -42.4938	  176.3011
0.455	 2.65	 1	 -42.3607	  173.4911
0.455	 2.34	 1	 -42.5922	  173.0741
0.456	 2.29	 1	 -42.2540	  173.4519
0.457	 2.22	 1	 -42.1890	  173.8556
0.460	 2.44	 1	 -42.5274	  173.1007
0.461	 2.35	 1	 -42.4244	  173.2593
0.463	 2.03	 1	 -42.1382	  173.5743
0.464	 2.31	 1	 -40.4248	  178.3050
0.465	 2.27	 1	 -42.9354	  173.1572
0.466	 2.10	 1	 -41.7227	  174.2342
0.467	 2.17	 1	 -42.1790	  173.5386
0.467	 2.39	 1	 -42.9166	  172.8014
0.467	 2.23	 1	 -41.9999	  173.8949
0.467	 2.10	 1	 -42.8503	  173.4196
0.469	 2.23	 1	 -41.3470	  178.8596
0.469	 2.57	 1	 -47.1521	  173.8053
0.470	 2.46	 1	 -42.7799	  172.3907
0.471	 2.20	 1	 -42.6508	  172.8401
0.472	 2.56	 1	 -42.6984	  172.8721
0.474	 2.26	 1	 -42.7016	  172.5201
0.474	 2.26	 1	 -42.7339	  171.5222
0.475	 2.60	 1	 -38.2325	  172.2438
0.477	 2.40	 1	 -41.8923	  174.0954
0.480	 2.26	 1	 -41.7974	  174.4428
0.482	 2.59	 1	 -42.9684	  172.7498
0.484	 2.32	 1	 -41.8504	  174.2385
0.485	 2.37	 1	 -43.0277	  172.0941
0.486	 2.24	 1	 -41.7375	  174.2009
0.486	 2.25	 1	 -41.7276	  174.3213
0.489	 2.66	 1	 -41.7297	  173.7597
0.489	 2.33	 1	 -42.4272	  173.6904
0.493	 2.08	 1	 -41.7714	  173.1399
0.493	 2.11	 1	 -42.2847	  172.8426
0.497	 2.19	 1	 -41.9821	  173.6757
0.502	 2.01	 1	 -41.7582	  174.8732
0.505	 2.27	 1	 -42.9947	  172.7698
0.507	 2.21	 1	 -38.4094	  171.1597
0.507	 2.04	 1	 -42.6193	  173.1818
0.509	 2.07	 1	 -42.1517	  173.6915
0.511	 2.09	 1	 -41.9556	  173.1221
0.513	 2.07	 1	 -41.9681	  173.6029
0.513	 2.05	 1	 -41.8150	  174.0025
0.513	 2.13	 2	 -42.5308	  173.2390
0.515	 2.09	 1	 -42.3524	  172.5709
0.515	 2.47	 1	 -41.9314	  174.0726
0.516	 2.24	 1	 -43.0275	  173.2278
0.516	 2.09	 1	 -42.2223	  173.3890
0.517	 2.11	 1	 -42.2834	  173.1684
0.519	 2.21	 1	 -46.8280	  170.6200
0.521	 2.11	 1	 -42.2185	  173.7022
0.522	 2.60	 1	 -42.4902	  173.6629
0.526	 2.34	 1	 -42.7234	  169.8725
0.526	 2.65	 1	 -42.1673	  173.6658
0.532	 2.31	 1	 -43.5203	  171.5047
0.538	 3.81	 1	 -41.6960	  174.4017
0.538	 2.21	 1	 -42.7199	  172.8529
0.540	 2.47	 1	 -41.8933	  173.6016
0.543	 2.52	 1	 -41.9441	  172.3170
0.548	 2.09	 1	 -42.1173	  173.9463
0.548	 2.35	 1	 -41.6845	  174.5792
0.550	 2.11	 1	 -41.9524	  173.8757
0.550	 2.60	 1	 -42.5458	  172.2967
0.554	 2.15	 1	 -42.2219	  173.8089
0.556	 2.12	 1	 -42.7116	  173.0527
0.557	 2.11	 1	 -43.7421	  175.0885
0.557	 2.06	 1	 -42.7156	  170.9395
0.558	 3.68	 1	 -42.4053	  173.7892
0.559	 4.82	 1	 -43.0057	  175.4176
0.562	 2.04	 1	 -42.4802	  173.7817
0.562	 2.25	 1	 -43.0268	  173.1970
0.564	 2.85	 1	 -43.1553	  173.2582
0.565	 2.37	 1	 -42.2905	  173.6162
0.567	 2.30	 1	 -42.2520	  173.4060
0.568	 2.85	 2	 -43.0287	  175.4001
0.570	 2.05	 1	 -43.0870	  172.5374
0.570	 2.03	 1	 -42.4001	  174.7888
0.571	 2.44	 1	 -42.2587	  173.6892
0.574	 2.23	 1	 -42.8222	  173.9299
0.576	 2.02	 1	 -42.8648	  172.2671
0.576	 2.56	 1	 -42.5422	  173.0952
0.576	 2.08	 1	 -42.5450	  170.9608
0.577	 2.01	 1	 -38.2110	  172.5219
0.577	 2.07	 1	 -42.1657	  172.7012
0.580	 2.70	 2	 -43.0222	  175.3538
0.583	 2.17	 1	 -42.0547	  173.7352
0.583	 2.16	 1	 -42.5522	  172.9829
0.584	 2.60	 1	 -42.5407	  173.8493
0.585	 3.02	 1	 -42.8177	  173.0509
0.585	 2.10	 1	 -42.7289	  173.6304
0.587	 3.89	 1	 -42.5642	  173.0755
0.587	 2.30	 2	 -42.8746	  175.1103
0.589	 2.23	 1	 -45.0259	  171.8529
0.592	 2.25	 1	 -41.9909	  173.9590
0.592	 2.89	 1	 -42.6416	  172.5382
0.598	 2.33	 1	 -42.0668	  173.1000
0.600	 2.22	 1	 -42.1837	  173.5250
0.600	 2.29	 1	 -43.5198	  172.1374
0.601	 2.60	 1	 -41.8711	  173.9844
0.603	 2.36	 1	 -42.7765	  172.3509
0.603	 4.36	 1	 -41.8380	  174.1121
0.605	 2.37	 1	 -42.5800	  172.8386
0.606	 2.22	 1	 -42.7237	  172.7725
0.606	 2.89	 1	 -42.5622	  172.5176
0.615	 2.47	 1	 -41.8159	  173.6980
0.616	 2.37	 1	 -42.5184	  173.5721
0.619	 2.65	 1	 -42.4734	  173.9087
0.619	 2.46	 1	 -42.0690	  172.7593
0.620	 2.44	 1	 -42.5963	  172.7338
0.622	 2.45	 1	 -41.6339	  169.8768
0.623	 2.33	 1	 -42.1643	  173.8054
0.625	 2.19	 1	 -41.9647	  173.5970
0.626	 2.32	 1	 -43.0696	  173.3124
0.627	 3.12	 1	 -42.8800	  173.5707
0.632	 2.98	 1	 -41.7807	  170.9673
0.632	 2.66	 1	 -42.2763	  174.0719
0.639	 2.79	 1	 -42.5012	  173.1371
0.639	 2.54	 2	 -43.0439	  172.9433
0.640	 2.97	 1	 -40.9723	  172.1691
0.641	 2.05	 1	 -42.5320	  173.9096
0.645	 2.31	 1	 -42.8433	  173.0784
0.648	 2.09	 1	 -42.7119	  174.0094
0.648	 2.55	 1	 -41.8158	  173.9815
0.648	 2.24	 1	 -42.1438	  171.2690
0.650	 2.67	 1	 -42.1158	  173.2639
0.651	 3.09	 2	 -42.1685	  173.5688
0.651	 2.07	 1	 -41.7441	  174.1215
0.652	 2.06	 1	 -42.0298	  173.5945
0.654	 2.38	 1	 -42.0072	  173.7274
0.655	 2.58	 1	 -40.5862	  178.4273
0.655	 2.19	 1	 -42.0171	  173.6898
0.656	 2.03	 1	 -42.6538	  172.9285
0.659	 2.23	 1	 -41.8931	  179.0425
0.663	 2.03	 2	 -42.0248	  173.7314
0.665	 3.17	 1	 -41.7708	  174.2656
0.665	 2.36	 1	 -42.7449	  172.9899
0.666	 2.23	 1	 -42.0205	  173.7436
0.667	 2.05	 1	 -43.3652	  173.5992
0.668	 2.08	 1	 -42.3975	  174.0175
0.671	 2.87	 1	 -42.6943	  172.8169
0.672	 2.40	 1	 -42.6784	  173.1181
0.675	 2.23	 1	 -42.7941	  173.1671
0.676	 3.13	 1	 -41.8557	  173.9207
0.677	 2.60	 1	 -43.7395	  172.3024
0.678	 2.61	 1	 -42.2471	  173.6139
0.678	 2.35	 1	 -43.0167	  173.0487
0.679	 2.10	 1	 -41.7851	  174.1422
0.681	 2.56	 1	 -41.8419	  174.0349
0.682	 2.11	 1	 -42.7511	  173.2073
0.683	 2.22	 1	 -41.6527	  174.2103
0.684	 2.06	 2	 -42.9686	  175.4192
0.691	 2.04	 1	 -41.6744	  174.2320
0.692	 2.21	 1	 -42.6758	  173.1647
0.698	 2.22	 1	 -42.6050	  172.7184
0.700	 2.05	 1	 -44.5854	  171.3520
0.702	 2.10	 1	 -43.0168	  172.9269
0.704	 3.52	 1	 -43.6178	  179.0090
0.707	 2.10	 1	 -42.2782	  173.0322
0.709	 2.24	 1	 -42.5720	  172.7098
0.711	 2.05	 1	 -42.4332	  173.1422
0.713	 2.37	 1	 -42.7756	  172.2491
0.713	 2.14	 1	 -42.6917	  172.9191
0.715	 2.08	 1	 -41.3772	  171.7169
0.717	 2.51	 1	 -38.2417	  172.1516
0.724	 2.80	 1	 -42.0259	  173.5924
0.727	 2.12	 1	 -42.1364	  173.6684
0.731	 2.06	 1	 -41.8540	  173.9942
0.733	 2.05	 1	 -41.7649	  174.2181
0.736	 2.79	 1	 -42.2885	  174.0582
0.741	 2.19	 1	 -42.7187	  173.4388
0.743	 2.14	 1	 -41.6615	  174.5373
0.748	 2.26	 1	 -42.0267	  172.3691
0.750	 2.33	 1	 -42.5562	  172.9000
0.754	 2.15	 1	 -42.0551	  173.6945
0.756	 3.99	 1	 -41.9923	  173.6473
0.759	 2.44	 1	 -42.8064	  173.0849
0.761	 2.06	 1	 -46.4397	  172.2775
0.762	 2.11	 1	 -41.7627	  174.4661
0.765	 2.28	 1	 -42.5634	  172.8708
0.766	 2.87	 1	 -42.8416	  170.8039
0.766	 2.21	 1	 -41.7756	  174.4419
0.767	 2.10	 1	 -42.7635	  173.2455
0.768	 2.03	 1	 -42.4974	  172.9374
0.780	 2.17	 1	 -43.0428	  172.1756
0.784	 2.93	 1	 -42.6403	  173.8496
0.789	 2.10	 1	 -42.1756	  173.8238
0.795	 2.89	 1	 -41.8562	  173.5448
0.796	 2.45	 1	 -42.7336	  173.0690
0.796	 2.74	 1	 -42.4726	  173.1528
0.797	 2.15	 1	 -41.5911	  173.5492
0.798	 2.36	 1	 -42.2268	  174.3277
0.799	 2.07	 1	 -42.2151	  173.2354
0.800	 2.65	 1	 -41.7752	  174.4185
0.800	 2.69	 1	 -39.8623	  173.2886
0.809	 2.59	 1	 -41.5815	  176.1340
0.810	 2.32	 1	 -42.2379	  171.5618
0.811	 2.35	 1	 -42.1039	  173.6238
0.811	 2.47	 1	 -42.0482	  173.3505
0.811	 2.37	 1	 -42.4290	  171.5477
0.811	 2.66	 1	 -42.0037	  173.5318
0.813	 2.11	 1	 -43.8686	  172.7984
0.822	 2.08	 1	 -42.4676	  173.0814
0.824	 2.89	 1	 -43.4958	  171.3598
0.825	 2.35	 1	 -42.8120	  173.4084
0.829	 2.20	 1	 -42.5716	  173.6004
0.833	 2.12	 1	 -42.4122	  172.3811
0.837	 2.36	 1	 -42.6155	  173.0075
0.841	 3.58	 1	 -42.2735	  173.5181
0.844	 2.82	 1	 -42.6697	  174.2501
0.846	 2.03	 1	 -41.8698	  174.4670
0.849	 2.64	 1	 -43.1149	  173.5064
0.849	 2.47	 1	 -42.1504	  173.6231
0.864	 3.17	 1	 -41.7636	  174.2005
0.868	 2.00	 1	 -42.1850	  173.6364
0.869	 2.42	 1	 -39.9442	  176.3783
0.869	 2.14	 1	 -41.9872	  173.6883
0.873	 2.44	 1	 -41.7607	  174.2096
0.873	 2.47	 1	 -42.8839	  172.1277
0.875	 2.08	 1	 -42.5504	  173.0171
0.876	 2.12	 1	 -40.0535	  173.5924
0.878	 3.29	 2	 -41.7683	  174.2125
0.879	 2.28	 1	 -42.1694	  173.6998
0.882	 2.23	 1	 -41.9482	  174.1651
0.884	 2.64	 1	 -40.4505	  173.6387
0.889	 2.23	 1	 -42.8304	  173.1758
0.890	 2.19	 1	 -43.1796	  175.8142
0.913	 2.25	 1	 -42.3467	  173.1136
0.916	 2.47	 1	 -43.1718	  173.3827
0.918	 2.77	 1	 -42.7515	  173.0347
0.922	 2.74	 1	 -42.5416	  173.9142
0.925	 2.04	 1	 -42.7999	  172.6470
0.928	 2.05	 1	 -42.5863	  171.9860
0.932	 2.37	 1	 -42.5466	  172.8610
0.933	 2.59	 1	 -43.2621	  172.9790
0.933	 2.28	 1	 -42.2565	  173.6650
0.933	 2.04	 1	 -42.0373	  173.7473
0.940	 2.48	 1	 -42.6637	  174.2659
0.944	 2.90	 1	 -41.9591	  173.7258
0.949	 2.29	 1	 -41.7064	  173.7447
0.949	 2.08	 1	 -42.8650	  172.4856
0.949	 2.07	 2	 -42.8230	  173.0370
0.950	 3.40	 1	 -42.3750	  173.8273
0.950	 2.50	 1	 -43.0195	  169.7887
0.951	 2.34	 1	 -42.5026	  173.2808
0.960	 3.04	 1	 -42.7291	  173.1817
0.964	 2.08	 1	 -42.7728	  174.1398
0.964	 2.12	 1	 -41.9055	  173.7330
0.968	 2.60	 1	 -42.3024	  173.7517
0.972	 2.16	 1	 -41.6069	  172.7277
0.975	 2.09	 1	 -43.0998	  172.8965
0.979	 2.28	 1	 -47.1269	  172.0078
0.981	 2.03	 1	 -42.5625	  173.7001
0.983	 2.33	 1	 -41.9345	  173.7459
0.984	 2.54	 1	 -43.0290	  166.9215
0.984	 2.08	 1	 -42.7979	  172.7844
0.986	 3.02	 1	 -42.2779	  173.6066
0.988	 2.28	 1	 -47.0490	  174.1454
0.989	 2.43	 1	 -41.8411	  174.2097
0.989	 2.61	 1	 -42.9049	  174.8893
0.991	 2.50	 1	 -42.0473	  173.5273
0.992	 2.30	 1	 -42.1728	  173.5952
0.993	 3.00	 1	 -41.6924	  174.0977
0.995	 2.08	 1	 -41.7925	  174.2272
0.998	 2.16	 1	 -42.6674	  173.0938
0.999	 2.35	 2	 -39.8615	  173.2655
1.000	 4.07	 1	 -42.6234	  173.6434
1.001	 2.22	 1	 -42.9118	  173.1037
1.003	 2.12	 1	 -42.5247	  173.4013
1.019	 2.23	 1	 -41.9569	  174.0345
1.020	 2.39	 1	 -43.0408	  172.8867
1.034	 2.39	 1	 -42.9668	  171.9633
1.036	 2.14	 1	 -42.2674	  173.5934
1.038	 2.31	 1	 -42.9959	  173.3470
1.039	 2.03	 1	 -42.3506	  173.7348
1.041	 2.11	 1	 -42.1847	  171.1994
1.041	 3.09	 1	 -41.8698	  173.9584
1.044	 2.08	 2	 -43.0971	  172.8932
1.052	 2.07	 1	 -42.6379	  172.1515
1.055	 2.09	 1	 -42.0757	  172.8992
1.057	 3.18	 1	 -43.3136	  172.7344
1.057	 2.59	 1	 -42.4321	  173.3342
1.059	 2.26	 1	 -46.4633	  176.3550
1.063	 2.26	 2	 -42.1264	  173.5929
1.065	 2.05	 1	 -42.7840	  173.1884
1.067	 2.25	 1	 -42.3015	  173.7368
1.068	 3.80	 1	 -42.9442	  173.0965
1.071	 2.66	 1	 -42.5713	  173.4324
1.075	 2.50	 1	 -42.6318	  173.4893
1.080	 2.31	 1	 -43.1591	  172.9845
1.080	 2.60	 1	 -47.0974	  174.2519
1.081	 2.66	 1	 -42.7645	  173.4731
1.083	 2.49	 1	 -42.5075	  173.0309
1.085	 2.00	 1	 -43.1173	  174.3293
1.087	 2.34	 1	 -42.1940	  170.7410
1.087	 2.35	 1	 -44.2486	  173.9361
1.090	 2.07	 1	 -41.7468	  173.2918
1.099	 2.27	 1	 -46.0025	  168.8811
1.100	 2.47	 1	 -42.5152	  172.9830
1.103	 2.26	 1	 -41.3083	  174.1259
1.103	 2.04	 1	 -43.1552	  173.3599
1.104	 2.10	 1	 -42.1511	  173.8195
1.113	 2.46	 1	 -42.3789	  173.0311
1.113	 2.79	 1	 -41.8717	  174.2620
1.120	 2.54	 1	 -42.5684	  173.0779
1.125	 2.10	 1	 -41.9948	  173.7426
1.130	 2.18	 2	 -45.4756	  168.2008
1.136	 3.00	 1	 -42.1206	  173.6248
1.142	 2.66	 1	 -42.4211	  173.7205
1.143	 2.38	 1	 -42.0486	  174.1356
1.145	 2.61	 1	 -42.3713	  173.4365
1.145	 2.73	 1	 -42.4160	  174.6496
1.146	 2.09	 1	 -42.9835	  173.3307
1.154	 3.08	 1	 -43.1422	  173.9552
1.156	 2.58	 1	 -42.8021	  173.6286
1.171	 2.80	 2	 -42.5059	  173.0850
1.171	 3.09	 1	 -42.1861	  172.7348
1.171	 2.12	 1	 -42.3625	  172.9663
1.173	 3.45	 1	 -42.6135	  173.2816
1.182	 2.64	 1	 -42.8217	  173.5656
1.183	 2.02	 1	 -42.1366	  172.9890
1.188	 2.01	 1	 -43.0676	  173.7407
1.200	 2.16	 1	 -42.4517	  173.1213
1.205	 2.33	 1	 -42.7472	  172.6467
1.205	 2.77	 1	 -43.4057	  172.2318
1.207	 2.63	 1	 -42.6213	  172.9826
1.207	 2.86	 1	 -42.5114	  173.0288
1.211	 2.28	 2	 -43.1456	  173.4240
1.214	 2.92	 1	 -42.3667	  173.7303
1.216	 2.05	 1	 -42.1866	  173.6149
1.223	 2.62	 2	 -42.5421	  173.7814
1.236	 2.00	 1	 -42.5140	  172.9438
1.237	 2.48	 1	 -42.4111	  173.5914
1.247	 2.73	 1	 -42.4542	  172.6759
1.251	 2.69	 1	 -38.5413	  178.5365
1.258	 3.50	 1	 -42.5434	  172.7740
1.261	 2.51	 1	 -42.4131	  178.9956
1.261	 2.06	 1	 -41.9427	  174.0012
1.262	 2.42	 1	 -42.9775	  173.0476
1.266	 2.92	 1	 -42.1154	  173.6802
1.275	 2.34	 1	 -42.9827	  171.6219
1.277	 2.29	 1	 -42.2339	  173.4234
1.281	 2.10	 1	 -40.7159	  176.1106
1.283	 2.48	 1	 -46.0944	  177.0229
1.288	 3.95	 1	 -42.3224	  173.4736
1.290	 3.14	 1	 -41.4407	  174.2338
1.291	 2.08	 1	 -42.4804	  173.6656
1.296	 2.02	 1	 -41.8078	  173.4774
1.302	 2.52	 1	 -42.5839	  172.9107
1.303	 2.08	 1	 -43.3283	  173.1833
1.310	 2.30	 1	 -42.1652	  174.4176
1.313	 2.23	 1	 -42.0880	  173.6100
1.314	 2.38	 1	 -42.5359	  172.8392
1.317	 3.00	 2	 -42.1358	  170.7526
1.320	 2.93	 1	 -41.8533	  172.3451
1.325	 2.53	 1	 -42.2380	  173.4346
1.335	 2.47	 1	 -41.9683	  173.6863
1.335	 2.30	 1	 -42.9015	  172.7567
1.335	 2.07	 1	 -42.6078	  173.0113
1.337	 4.56	 1	 -42.6114	  173.0243
1.340	 2.34	 1	 -41.6913	  174.4361
1.344	 3.17	 1	 -43.3122	  172.2225
1.352	 3.31	 1	 -41.9537	  172.7989
1.357	 3.42	 1	 -42.1772	  173.5804
1.364	 2.00	 1	 -42.0109	  173.6238
1.367	 2.16	 1	 -42.3431	  173.7259
1.369	 3.40	 1	 -43.7297	  171.9194
1.386	 2.09	 1	 -42.7473	  172.9383
1.398	 2.22	 1	 -42.2874	  173.9162
1.398	 2.28	 1	 -41.8593	  174.0886
1.401	 3.78	 1	 -41.7605	  174.2892
1.401	 2.45	 1	 -41.7721	  174.2966
1.403	 2.32	 1	 -42.1483	  173.5303
1.405	 2.21	 1	 -42.2237	  172.3534
1.406	 2.04	 2	 -41.9482	  174.1130
1.419	 2.61	 1	 -42.0072	  173.7458
1.419	 2.22	 1	 -42.3579	  173.7167
1.423	 2.04	 1	 -42.6087	  173.3602
1.423	 2.10	 1	 -42.1807	  173.5869
1.424	 2.19	 1	 -38.7434	  170.0965
1.428	 2.38	 1	 -42.9546	  173.4553
1.430	 2.32	 2	 -42.5940	  173.0553
1.436	 2.11	 1	 -42.0011	  173.6588
1.441	 2.08	 2	 -42.3649	  173.7375
1.444	 2.49	 1	 -42.6995	  172.9291
1.446	 2.09	 1	 -42.8194	  173.4642
1.459	 2.17	 1	 -42.0209	  173.6697
1.460	 2.00	 1	 -42.2536	  173.6019
1.464	 2.01	 1	 -42.8860	  174.0241
1.466	 2.05	 2	 -42.7457	  172.9377
1.471	 2.14	 2	 -42.5438	  172.2980
1.478	 2.61	 1	 -38.6365	  170.3812
1.483	 2.05	 1	 -42.6455	  172.7956
1.489	 2.39	 1	 -42.0288	  173.7206
1.494	 2.52	 2	 -42.3201	  173.4741
1.494	 2.79	 1	 -38.5975	  173.7617
1.495	 2.23	 1	 -41.2894	  172.7893
1.496	 2.74	 2	 -42.0209	  172.8763
1.498	 2.34	 1	 -43.2028	  173.1423
1.500	 2.94	 1	 -42.7827	  173.0788
1.506	 2.09	 1	 -41.5036	  173.1709
1.511	 2.27	 1	 -41.8197	  174.2951
1.513	 2.24	 1	 -42.3297	  172.7310
1.521	 2.13	 1	 -39.7150	  175.3559
1.528	 2.55	 1	 -42.3816	  173.8173
1.530	 2.22	 1	 -41.7840	  173.8832
1.534	 3.09	 1	 -42.4908	  173.6537
1.552	 3.50	 2	 -41.7479	  174.1883
1.552	 2.29	 1	 -42.0753	  173.6463
1.552	 2.62	 1	 -42.3097	  173.5440
1.553	 2.72	 1	 -42.2711	  173.7619
1.557	 3.73	 1	 -43.1746	  172.2042
1.562	 2.01	 1	 -41.8549	  172.2604
1.569	 2.63	 1	 -41.7740	  174.2719
1.575	 2.03	 1	 -42.4374	  173.8142
1.577	 3.97	 1	 -41.7181	  172.0538
1.578	 2.89	 1	 -42.0646	  173.8050
1.586	 2.61	 1	 -42.5223	  175.0530
1.599	 2.10	 1	 -46.8871	  170.8177
1.604	 2.90	 2	 -43.0589	  173.8370
1.604	 2.23	 1	 -42.8996	  172.9215
1.612	 2.00	 1	 -42.4574	  173.1444
1.617	 2.23	 1	 -42.1300	  173.9740
1.618	 2.07	 1	 -42.3974	  172.4758
1.624	 2.52	 2	 -42.3804	  173.7349
1.625	 2.02	 1	 -42.0291	  173.7123
1.625	 2.98	 1	 -42.5999	  172.9850
1.628	 2.69	 1	 -42.2536	  168.5583
1.631	 2.60	 1	 -42.4434	  172.7628
1.632	 2.93	 1	 -42.0847	  173.7159
1.634	 3.44	 1	 -41.8601	  174.2398
1.636	 2.49	 1	 -42.4406	  173.0130
1.648	 2.32	 1	 -41.8303	  174.2962
1.651	 2.15	 1	 -42.1503	  173.4557
1.653	 2.17	 1	 -43.1143	  172.0179
1.655	 2.00	 1	 -42.0147	  173.6725
1.656	 2.23	 1	 -39.8238	  174.7373
1.656	 2.53	 1	 -42.4204	  173.1619
1.659	 2.88	 1	 -41.9488	  173.7580
1.663	 2.74	 1	 -43.1087	  172.3048
1.666	 2.23	 1	 -41.2280	  175.8986
1.666	 2.61	 1	 -41.7485	  174.1963
1.667	 2.05	 1	 -42.6353	  172.8260
1.672	 2.08	 1	 -42.1112	  173.6941
1.672	 2.36	 1	 -40.3989	  169.1815
1.674	 2.30	 1	 -41.8445	  175.1584
1.674	 3.16	 1	 -42.5656	  172.9566
1.688	 2.20	 1	 -42.6195	  171.8177
1.691	 2.07	 1	 -39.5379	  177.3818
1.699	 2.13	 1	 -41.8264	  173.9667
1.709	 2.06	 1	 -41.4799	  174.3706
1.709	 2.12	 1	 -42.5349	  173.7295
1.711	 2.22	 1	 -42.5565	  173.0628
1.714	 2.37	 1	 -42.5022	  173.0916
1.723	 2.15	 1	 -42.5905	  173.1165
1.723	 2.11	 1	 -45.2252	  171.5588
1.725	 2.22	 1	 -39.2924	  169.0188
1.734	 2.05	 1	 -42.7908	  172.6354
1.748	 2.28	 1	 -42.3771	  174.0508
1.754	 2.07	 1	 -43.0392	  174.0356
1.758	 2.52	 1	 -42.6104	  172.9212
1.787	 2.17	 1	 -42.2963	  174.2565
1.788	 2.70	 1	 -42.5999	  172.8280
1.806	 2.05	 2	 -42.5353	  172.6638
1.810	 2.53	 1	 -41.6400	  174.4213
1.823	 2.23	 1	 -43.1084	  175.3206
1.828	 3.18	 2	 -38.2345	  172.2593
1.831	 2.38	 1	 -41.8789	  173.9334
1.832	 2.35	 1	 -42.3987	  173.7387
1.855	 3.13	 1	 -44.1465	  167.2330
1.864	 2.44	 1	 -42.0604	  173.7261
1.867	 2.46	 1	 -42.6415	  172.9464
1.871	 2.21	 1	 -45.1484	  173.9931
1.877	 2.48	 1	 -38.5098	  172.7143
1.883	 2.37	 1	 -44.7298	  170.4019
1.884	 2.18	 1	 -42.6603	  172.4943
1.885	 2.25	 1	 -42.4182	  172.5682
1.886	 3.01	 1	 -41.7051	  174.6122
1.886	 2.64	 1	 -42.2669	  173.8212
1.892	 2.17	 1	 -42.4784	  173.2494
1.900	 3.46	 1	 -42.5509	  173.0452
1.901	 2.14	 1	 -41.9854	  172.9545
1.904	 2.11	 1	 -43.0668	  172.3341
1.908	 2.20	 1	 -43.2383	  172.9181
1.910	 2.12	 1	 -42.6163	  173.0619
1.912	 2.15	 1	 -42.9005	  173.1043
1.919	 2.71	 1	 -41.8244	  173.4209
1.921	 2.18	 3	 -41.6611	  174.1835
1.928	 2.06	 1	 -42.3229	  173.4957
1.929	 2.01	 1	 -42.3541	  174.0794
1.931	 2.23	 1	 -42.4735	  166.9116
1.933	 2.95	 1	 -41.5254	  175.8056
1.935	 2.61	 2	 -41.7071	  174.6070
1.939	 2.60	 1	 -42.3097	  173.5793
1.943	 3.00	 1	 -41.4984	  172.5627
1.964	 2.08	 1	 -43.4279	  172.3673
1.971	 2.18	 1	 -42.7576	  173.3719
1.972	 2.14	 1	 -42.6024	  172.8349
1.978	 2.52	 1	 -43.5690	  172.0691
1.982	 2.02	 1	 -42.0362	  172.6673
1.983	 2.03	 1	 -42.5615	  172.5000
1.987	 2.27	 1	 -42.1519	  172.4902
1.991	 2.05	 1	 -42.4434	  173.9857
1.994	 2.17	 1	 -41.7753	  174.2285
2.004	 2.13	 1	 -42.5714	  173.0622
2.006	 2.16	 1	 -42.4364	  172.6663
2.007	 2.06	 1	 -42.0012	  173.7422
2.014	 2.02	 1	 -41.9406	  174.3179
2.023	 2.13	 1	 -42.6243	  175.3392
2.033	 2.46	 1	 -41.7426	  174.1946
2.037	 2.14	 1	 -43.2713	  172.2539
2.044	 2.33	 1	 -42.3493	  173.2704
2.047	 2.83	 1	 -38.8497	  174.9458
2.055	 2.43	 2	 -43.0190	  173.2984
2.056	 2.77	 1	 -41.1555	  178.7715
2.057	 2.08	 1	 -42.3420	  173.1239
2.064	 2.04	 1	 -42.7057	  173.5691
2.065	 2.77	 1	 -42.1215	  173.4553
2.075	 3.68	 1	 -42.7129	  173.0681
2.096	 2.67	 1	 -46.4780	  169.7203
2.096	 2.36	 1	 -41.2634	  171.0648
2.101	 2.07	 1	 -42.1840	  170.3639
2.107	 3.19	 1	 -41.7624	  174.2788
2.113	 2.11	 1	 -41.9866	  172.8463
2.114	 2.35	 1	 -42.3641	  173.8833
2.116	 2.08	 1	 -42.1263	  173.5953
2.116	 2.29	 1	 -42.4346	  173.5550
2.116	 2.18	 2	 -42.9395	  173.0740
2.137	 2.70	 1	 -44.9542	  170.0425
2.144	 2.21	 1	 -42.2224	  173.7604
2.147	 2.03	 1	 -42.6447	  173.7348
2.149	 3.05	 1	 -42.5351	  172.9676
2.155	 3.21	 1	 -42.9816	  173.4756
2.161	 2.77	 1	 -42.2489	  172.3503
2.164	 2.03	 1	 -42.4546	  173.1290
2.167	 2.32	 1	 -41.9785	  173.9663
2.179	 2.13	 1	 -38.3780	  171.2989
2.182	 2.13	 1	 -42.5678	  173.1115
2.186	 2.08	 1	 -42.4771	  172.9604
2.194	 2.66	 2	 -43.6921	  171.3339
2.197	 2.08	 1	 -42.0253	  173.4198
2.209	 2.47	 1	 -42.3461	  173.5757
2.212	 2.35	 1	 -42.2485	  174.0734
2.212	 2.95	 1	 -42.5673	  172.7264
2.214	 2.03	 1	 -41.7280	  174.1971
2.215	 2.40	 1	 -43.3572	  175.2422
2.219	 2.84	 1	 -42.2769	  173.7728
2.224	 2.09	 1	 -41.9250	  173.8710
2.230	 2.13	 1	 -42.0084	  173.6178
2.245	 2.17	 1	 -42.3839	  173.3818
2.247	 2.18	 1	 -42.3456	  173.7266
2.311	 2.04	 1	 -42.6270	  172.9359
2.315	 2.06	 1	 -43.9084	  174.0823
2.316	 2.13	 1	 -42.8603	  174.0605
2.338	 2.02	 1	 -42.6406	  173.2517
2.341	 2.62	 1	 -41.6982	  173.3171
2.346	 2.22	 1	 -41.6549	  172.6680
2.367	 2.52	 1	 -41.7878	  174.3051
2.372	 2.30	 1	 -42.3976	  173.5539
2.376	 3.32	 1	 -44.2535	  178.7595
2.383	 2.20	 1	 -42.4851	  173.7071
2.386	 2.34	 1	 -42.5740	  173.0586
2.394	 2.10	 1	 -43.2005	  173.5275
2.395	 2.13	 1	 -42.7087	  173.1864
2.400	 2.68	 1	 -45.2987	  172.7427
2.401	 3.96	 1	 -41.7057	  173.7535
2.402	 2.01	 1	 -42.3938	  173.2424
2.414	 2.21	 1	 -42.5431	  173.0408
2.417	 2.16	 1	 -42.6534	  172.6054
2.436	 2.05	 1	 -42.1743	  172.8458
2.445	 3.56	 1	 -42.5191	  173.2939
2.458	 2.44	 2	 -42.2322	  174.3095
2.466	 2.08	 1	 -42.2157	  173.6224
2.468	 2.24	 1	 -41.8301	  173.6370
2.477	 2.33	 1	 -42.4651	  173.0522
2.481	 2.69	 1	 -47.1839	  173.3169
2.496	 2.37	 2	 -42.1216	  173.6210
2.496	 2.15	 1	 -42.2460	  174.1209
2.507	 2.19	 1	 -41.7706	  174.2605
2.509	 2.03	 1	 -42.4023	  173.1302
2.510	 2.70	 1	 -40.6127	  174.1516
2.534	 2.42	 1	 -41.7150	  174.2870
2.538	 2.60	 1	 -42.5224	  172.1468
2.542	 2.13	 1	 -42.4176	  172.6793
2.546	 2.07	 1	 -43.4731	  174.9808
2.547	 2.26	 1	 -42.2678	  173.4417
2.555	 2.49	 1	 -42.5367	  172.6518
2.567	 2.41	 1	 -41.9391	  173.6388
2.568	 2.44	 1	 -42.0720	  174.3080
2.578	 2.23	 1	 -42.2926	  172.9197
2.582	 2.34	 1	 -41.9739	  173.6897
2.582	 2.66	 1	 -42.9325	  172.1892
2.588	 2.86	 1	 -42.4067	  173.0574
2.617	 3.22	 1	 -42.1501	  173.7345
2.638	 2.58	 1	 -42.4177	  173.7425
2.653	 3.38	 1	 -44.7443	  169.4773
2.676	 2.26	 1	 -41.7420	  174.2498
2.685	 3.14	 1	 -41.7824	  174.3883
2.693	 2.74	 1	 -42.8775	  173.4956
2.702	 2.64	 1	 -41.7968	  173.2889
2.706	 2.16	 1	 -42.3166	  172.8221
2.706	 3.81	 1	 -43.4065	  174.8603
2.708	 2.66	 1	 -43.2702	  172.6384
2.713	 3.05	 1	 -42.8629	  172.9271
2.715	 2.22	 2	 -44.7400	  169.4789
2.718	 2.18	 1	 -41.6750	  174.3277
2.730	 2.18	 1	 -42.5014	  173.1249
2.747	 2.12	 1	 -41.7082	  174.2779
2.747	 2.22	 2	 -41.7860	  174.3846
2.759	 2.09	 1	 -42.0868	  173.8640
2.764	 2.13	 1	 -43.2913	  173.4506
2.770	 2.24	 1	 -43.3579	  174.4589
2.772	 2.34	 1	 -42.3301	  172.4095
2.784	 2.33	 1	 -41.7366	  174.0632
2.790	 4.00	 1	 -42.9841	  173.0747
2.801	 2.10	 1	 -45.2309	  167.9723
2.805	 2.75	 1	 -42.5908	  172.7961
2.813	 2.01	 1	 -42.6838	  173.1531
2.816	 2.52	 1	 -43.0369	  173.0720
2.823	 2.25	 1	 -41.4402	  175.4444
2.847	 2.18	 1	 -42.6664	  172.8789
2.849	 2.04	 1	 -41.7717	  174.4180
2.850	 2.24	 1	 -38.1961	  173.0768
2.893	 2.29	 1	 -42.2396	  173.9623
2.925	 2.31	 1	 -42.3631	  171.6400
2.927	 2.75	 1	 -42.6755	  172.5862
2.927	 2.06	 1	 -42.3260	  170.5806
2.948	 4.22	 2	 -43.0098	  175.4225
2.966	 2.17	 1	 -42.0106	  173.7219
2.972	 2.02	 1	 -41.9303	  174.2554
2.979	 2.51	 2	 -43.0448	  173.4358
2.987	 2.03	 1	 -44.2079	  172.0019
2.988	 4.50	 1	 -42.2117	  173.6754
2.992	 2.51	 3	 -42.9919	  175.4219
2.996	 2.80	 1	 -42.9343	  172.6219
2.999	 2.35	 1	 -43.0023	  173.4216
3.016	 2.10	 1	 -42.3642	  172.8546
3.016	 2.45	 1	 -42.0748	  173.8529
3.034	 3.07	 1	 -42.6332	  173.1074
3.038	 2.08	 1	 -42.7236	  173.6956
3.046	 2.15	 1	 -41.7930	  173.7640
3.060	 2.04	 1	 -42.5467	  173.6719
3.062	 2.41	 1	 -44.3083	  178.7313
3.062	 2.23	 1	 -42.1314	  173.6071
3.068	 2.14	 1	 -39.3117	  177.0558
3.069	 2.17	 1	 -42.1530	  172.9308
3.070	 2.56	 1	 -43.3279	  171.6111
3.077	 2.10	 1	 -42.5417	  178.8903
3.095	 2.38	 1	 -42.1966	  173.8087
3.097	 2.99	 1	 -42.8171	  173.1269
3.101	 2.06	 1	 -42.2148	  173.5894
3.102	 2.68	 1	 -41.9609	  173.8738
3.109	 2.48	 1	 -42.0066	  173.7449
3.124	 2.57	 1	 -42.3903	  173.6756
3.125	 2.03	 1	 -42.6561	  174.6047
3.129	 2.23	 1	 -42.2515	  173.3296
3.143	 2.27	 1	 -40.9836	  175.3918
3.144	 2.46	 1	 -42.2657	  173.6266
3.146	 2.75	 1	 -42.4517	  171.7876
3.146	 2.76	 1	 -42.4149	  173.3368
3.170	 2.56	 1	 -43.9474	  167.1474
3.179	 2.03	 1	 -41.9674	  179.0599
3.191	 3.07	 1	 -42.0381	  173.7477
3.196	 2.56	 1	 -42.0047	  173.7332
3.212	 2.23	 1	 -43.0747	  173.3684
3.215	 2.27	 1	 -42.2990	  171.4892
3.219	 2.01	 1	 -41.7458	  174.1705
3.229	 3.47	 1	 -41.7593	  173.5527
3.229	 2.46	 1	 -41.9152	  173.5812
3.234	 2.14	 1	 -42.1516	  179.0955
3.254	 2.11	 1	 -42.4713	  172.8160
3.257	 2.76	 2	 -41.9252	  173.5295
3.262	 2.43	 1	 -42.2123	  173.6007
3.270	 2.26	 1	 -43.1653	  173.3531
3.275	 2.52	 1	 -42.6226	  172.9714
3.288	 2.13	 1	 -42.5808	  172.8314
3.289	 2.08	 1	 -42.4591	  173.7901
3.292	 2.21	 1	 -43.1977	  173.3019
3.296	 2.43	 2	 -41.8418	  174.1407
3.307	 2.91	 1	 -42.8177	  173.7711
3.309	 2.33	 1	 -41.9475	  171.3697
3.319	 2.05	 1	 -42.5840	  173.0728
3.331	 2.74	 1	 -41.9275	  173.6216
3.334	 2.10	 1	 -38.3767	  171.3051
3.339	 2.20	 1	 -41.9874	  173.6823
3.354	 2.04	 1	 -42.2356	  173.6225
3.357	 2.06	 1	 -40.9403	  171.0150
3.363	 2.18	 1	 -43.1431	  172.5437
3.366	 2.33	 1	 -42.1730	  172.1539
3.373	 4.43	 2	 -42.1721	  172.1334
3.378	 2.53	 1	 -43.0189	  173.6827
3.384	 2.08	 1	 -42.1623	  173.6015
3.385	 2.54	 1	 -43.0690	  172.7276
3.387	 3.24	 1	 -42.5515	  173.0580
3.398	 3.61	 1	 -41.8789	  173.9731
3.402	 2.27	 1	 -41.8068	  172.3772
3.409	 2.01	 2	 -41.8600	  174.1372
3.412	 2.08	 1	 -41.9481	  173.6976
3.419	 2.09	 1	 -42.0469	  173.8680
3.420	 2.62	 1	 -40.4296	  168.3260
3.423	 2.67	 1	 -42.6968	  179.1170
3.423	 3.39	 1	 -42.3959	  173.4670
3.425	 2.13	 1	 -41.3004	  172.4080
3.435	 2.03	 1	 -41.6654	  172.9439
3.487	 2.20	 1	 -42.1425	  173.5664
3.493	 2.11	 2	 -42.5505	  173.0782
3.516	 2.32	 1	 -42.4012	  173.3197
3.536	 2.25	 1	 -42.6578	  173.0097
3.539	 2.36	 3	 -42.3035	  174.3431
3.547	 2.25	 1	 -42.9798	  172.9156
3.566	 2.24	 1	 -42.0874	  174.0155
3.570	 2.21	 1	 -42.3058	  173.6897
3.586	 2.16	 1	 -42.8234	  172.7370
3.588	 2.45	 1	 -42.2578	  173.5262
3.607	 2.15	 1	 -42.2405	  172.3526
3.620	 2.11	 1	 -42.2525	  172.2620
3.625	 2.08	 1	 -41.8522	  173.6301
3.642	 3.00	 1	 -43.4474	  172.8736
3.644	 2.02	 1	 -42.6918	  173.3527
3.662	 2.19	 1	 -42.5205	  172.9948
3.666	 2.08	 1	 -42.3399	  173.5005
3.692	 2.25	 1	 -45.7665	  176.6586
3.708	 2.75	 1	 -43.0650	  173.1862
3.723	 2.38	 1	 -42.5415	  173.0916
3.725	 2.28	 1	 -46.0354	  169.7104
3.730	 2.84	 1	 -42.3436	  173.7702
3.741	 2.37	 1	 -44.3258	  175.4019
3.745	 2.62	 1	 -41.0245	  175.5576
3.748	 2.87	 1	 -42.5980	  173.9513
3.755	 2.34	 1	 -41.9731	  172.5208
3.761	 2.17	 1	 -42.7468	  173.1407
3.768	 2.44	 1	 -42.5947	  172.6947
3.797	 2.06	 1	 -42.3777	  173.9252
3.801	 2.13	 2	 -41.9610	  174.2448
3.815	 2.01	 1	 -41.7917	  173.9089
3.823	 2.16	 1	 -42.5671	  173.5110
3.826	 2.21	 1	 -43.1266	  173.5869
3.830	 2.97	 1	 -42.0276	  172.3037
3.849	 2.80	 1	 -43.3384	  172.3349
3.852	 2.10	 1	 -45.9193	  168.7614
3.860	 2.03	 1	 -42.2774	  173.9677
3.862	 3.08	 1	 -41.9226	  174.3024
3.876	 2.44	 1	 -45.3976	  168.1352
3.901	 3.23	 1	 -42.6269	  172.6295
3.904	 2.09	 1	 -41.7513	  174.2349
3.932	 2.12	 1	 -42.5772	  173.0677
3.943	 2.45	 1	 -44.7917	  171.9840
3.944	 2.11	 1	 -41.9541	  173.4572
3.953	 2.46	 1	 -42.6748	  172.9641
3.961	 2.03	 1	 -42.1765	  173.6409
3.969	 2.09	 1	 -42.3363	  173.7326
3.977	 3.67	 1	 -43.6282	  173.9142
3.994	 2.52	 1	 -42.8285	  172.7673
4.018	 2.76	 1	 -42.3179	  174.3457
4.022	 2.44	 1	 -42.3217	  173.7601
4.029	 2.03	 1	 -42.1067	  172.4926
4.061	 3.27	 2	 -42.5547	  173.0896
4.094	 2.23	 1	 -42.9350	  172.8091
4.099	 2.25	 1	 -41.9559	  173.9273
4.137	 2.02	 1	 -42.7092	  174.4818
4.151	 2.16	 1	 -41.9142	  174.4360
4.157	 3.02	 1	 -42.2833	  173.9286
4.158	 2.13	 1	 -41.9108	  173.2088
4.175	 2.13	 1	 -41.0079	  174.6692
4.192	 3.53	 1	 -41.9777	  174.0407
4.199	 2.91	 1	 -42.3209	  173.6497
4.201	 2.59	 1	 -42.9016	  173.2873
4.231	 2.01	 1	 -42.6086	  173.0369
4.242	 2.04	 1	 -42.1758	  173.6756
4.245	 2.46	 3	 -42.1728	  172.1302
4.256	 2.71	 1	 -42.1035	  173.6311
4.266	 2.30	 1	 -42.2795	  173.6008
4.270	 2.27	 1	 -42.0504	  173.7259
4.279	 2.37	 2	 -42.5829	  172.2712
4.293	 2.05	 1	 -42.2660	  173.6965
4.305	 2.05	 1	 -42.9718	  172.5415
4.310	 2.08	 1	 -41.6709	  174.3874
4.329	 5.64	 1	 -42.8516	  173.2265
4.336	 2.32	 2	 -42.7156	  173.3206
4.347	 3.25	 2	 -42.6355	  173.0208
4.349	 2.42	 2	 -42.8402	  173.2516
4.353	 2.13	 1	 -42.2449	  173.7202
4.365	 2.73	 1	 -42.8388	  173.0804
4.367	 3.58	 2	 -42.8593	  173.1355
4.367	 2.10	 1	 -42.6242	  173.0061
4.373	 2.44	 2	 -42.8417	  173.1787
4.382	 4.97	 2	 -43.5343	  173.9600
4.385	 2.48	 2	 -39.5255	  169.0989
4.400	 2.35	 3	 -43.5318	  173.9702
4.402	 2.03	 1	 -41.9982	  173.7262
4.406	 2.03	 1	 -42.4533	  173.7498
4.407	 2.17	 1	 -42.4058	  172.7168
4.410	 2.38	 2	 -42.8525	  173.0174
4.412	 2.36	 1	 -42.9928	  173.1116
4.425	 2.32	 2	 -42.7641	  173.2638
4.426	 2.11	 2	 -42.8310	  173.2200
4.429	 2.36	 2	 -42.9415	  173.1503
4.434	 2.15	 3	 -43.5078	  173.9073
4.437	 2.16	 1	 -42.5683	  172.7253
4.443	 2.85	 1	 -42.5830	  172.5551
4.444	 2.50	 1	 -41.3480	  173.1998
4.462	 3.25	 1	 -44.2079	  172.3551
4.474	 2.01	 1	 -41.8352	  174.2727
4.477	 2.06	 1	 -42.5180	  173.0754
4.482	 2.46	 2	 -42.5893	  172.7415
4.484	 2.17	 1	 -44.1114	  172.4742
4.488	 2.24	 1	 -41.8399	  174.3959
4.490	 2.25	 1	 -42.6226	  173.1022
4.496	 2.40	 1	 -42.9702	  172.3530
4.502	 2.33	 1	 -42.5849	  172.6794
4.511	 2.72	 1	 -43.8180	  174.3198
4.522	 2.06	 3	 -42.8457	  173.2707
4.541	 3.59	 1	 -42.1909	  173.6430
4.550	 2.03	 1	 -42.5959	  173.1809
4.558	 3.36	 1	 -42.0025	  173.9018
4.572	 2.13	 1	 -41.6539	  173.7022
4.578	 2.31	 2	 -42.7352	  173.0990
4.584	 3.18	 1	 -41.7142	  175.3436
4.592	 2.89	 2	 -42.1925	  173.6437
4.607	 2.55	 1	 -42.3310	  173.2306
4.614	 3.02	 3	 -43.9772	  174.2987
4.619	 2.87	 1	 -43.8361	  172.4283
4.626	 2.82	 1	 -42.1031	  169.8201
4.701	 4.00	 1	 -44.4774	  173.7237
4.714	 2.12	 1	 -42.2829	  173.7971
4.725	 2.32	 1	 -42.5795	  173.9307
4.728	 2.25	 1	 -44.3247	  176.0126
4.728	 2.09	 1	 -42.2964	  173.4818
4.729	 2.22	 1	 -45.6206	  168.3791
4.779	 2.34	 2	 -42.2441	  173.6876
4.795	 2.25	 2	 -43.3820	  172.9167
4.805	 2.03	 1	 -43.6891	  172.4493
4.812	 2.15	 3	 -43.4369	  174.0220
4.828	 2.11	 1	 -41.8917	  173.7612
4.835	 3.21	 1	 -39.9510	  172.5237
4.850	 2.03	 1	 -42.3963	  170.5379
4.859	 2.41	 1	 -41.7256	  174.2060
4.862	 3.05	 3	 -43.5377	  174.0002
4.863	 2.58	 3	 -43.5179	  173.9660
4.867	 2.23	 2	 -42.7775	  173.4011
4.869	 2.15	 2	 -44.4789	  173.7221
4.878	 3.68	 1	 -43.0447	  173.3686
4.880	 2.75	 1	 -41.8949	  173.8124
4.892	 2.17	 1	 -42.1364	  173.7803
4.895	 2.04	 1	 -41.8947	  173.9505
4.902	 2.47	 2	 -42.8453	  173.2317
4.902	 2.46	 1	 -41.8502	  174.0062
4.905	 2.05	 2	 -42.9979	  175.4070
4.928	 2.66	 2	 -44.4851	  173.7186
4.939	 3.08	 2	 -43.0199	  173.5161
4.951	 2.78	 1	 -41.6880	  174.2082
4.951	 2.26	 1	 -42.5115	  173.2282
4.955	 2.12	 2	 -42.8822	  173.3082
4.970	 2.51	 1	 -41.7331	  174.2775
4.998	 2.29	 1	 -41.7088	  174.0974
5.025	 2.71	 1	 -42.2116	  173.7721
5.048	 2.12	 3	 -43.5217	  173.9905
5.062	 2.29	 1	 -41.9497	  173.8476
5.079	 2.64	 1	 -43.0117	  172.3818
5.097	 2.21	 3	 -43.5116	  174.0069
5.098	 2.70	 1	 -42.6986	  173.2502
5.119	 2.20	 2	 -42.8249	  173.2359
5.130	 2.11	 2	 -42.8499	  173.1917
5.144	 2.02	 2	 -42.7958	  173.2558
5.159	 2.01	 1	 -42.4910	  173.2074
5.167	 2.25	 1	 -42.0518	  173.9544
5.186	 2.33	 1	 -41.9954	  173.7203
5.219	 2.17	 1	 -42.5630	  172.8572
5.221	 2.24	 2	 -42.8927	  173.1580
5.223	 2.10	 1	 -42.0580	  173.7034
5.244	 3.34	 2	 -42.2929	  173.9611
5.299	 2.23	 1	 -42.3995	  173.0801
5.311	 3.91	 2	 -42.2853	  173.6279
5.315	 2.43	 1	 -42.4733	  173.1559
5.329	 2.02	 2	 -42.8676	  173.0616
5.334	 2.26	 1	 -42.2171	  173.6294
5.336	 2.09	 1	 -41.7352	  174.1897
5.340	 2.24	 3	 -42.2930	  173.9636
5.342	 2.22	 1	 -41.9591	  173.4149
5.344	 2.54	 1	 -42.5911	  173.2945
5.344	 2.66	 1	 -42.3011	  172.7007
5.344	 2.13	 2	 -42.4138	  173.7911
5.374	 2.02	 1	 -42.5815	  173.0484
5.393	 2.77	 2	 -42.8954	  173.1939
5.401	 2.45	 1	 -42.1489	  173.2838
5.406	 2.24	 1	 -42.6830	  173.1560
5.407	 2.41	 1	 -44.9099	  174.1956
5.412	 2.01	 1	 -41.9492	  173.7325
5.414	 2.33	 1	 -42.2239	  173.5942
5.436	 2.54	 2	 -42.3006	  172.6899
5.441	 3.08	 2	 -42.4727	  173.1541
5.446	 2.51	 2	 -42.9717	  173.4883
5.447	 2.01	 1	 -41.7206	  174.2476
5.456	 2.48	 1	 -42.4705	  170.6154
5.461	 2.27	 2	 -42.8412	  173.2050
5.471	 2.22	 2	 -42.9976	  173.1903
5.486	 2.44	 2	 -42.8468	  173.1288
5.492	 3.07	 1	 -42.6883	  172.6011
5.502	 2.31	 1	 -42.9085	  172.7884
5.503	 2.01	 1	 -42.2516	  173.6136
5.508	 2.43	 1	 -41.7159	  174.2583
5.512	 2.35	 1	 -43.7433	  171.0157
5.518	 2.04	 1	 -42.6234	  173.4505
5.539	 2.28	 1	 -42.7034	  172.9241
5.615	 3.15	 1	 -42.1412	  173.7740
5.623	 3.51	 1	 -44.7320	  168.2900
5.655	 2.64	 1	 -42.3734	  173.7436
5.660	 2.05	 1	 -42.4059	  172.8320
5.667	 3.23	 1	 -42.1073	  171.7622
5.671	 2.89	 1	 -42.6764	  173.0751
5.683	 2.05	 1	 -41.6906	  174.2632
5.707	 2.32	 1	 -42.3420	  173.4666
5.717	 2.08	 1	 -42.6171	  172.7925
5.732	 2.20	 1	 -42.2432	  173.5362
5.753	 2.19	 2	 -42.8993	  173.1766
5.788	 2.41	 1	 -43.2518	  177.2140
5.790	 2.32	 2	 -42.7014	  172.8382
5.796	 2.41	 1	 -42.6028	  172.7973
5.832	 2.33	 1	 -42.3471	  172.7161
5.841	 2.14	 1	 -41.3917	  172.6423
5.842	 2.05	 1	 -42.5856	  168.6466
5.861	 2.07	 1	 -45.8254	  168.6335
5.868	 2.24	 1	 -43.2840	  169.6808
5.875	 2.02	 1	 -44.6069	  167.4865
5.878	 2.05	 1	 -42.0343	  173.7699
5.882	 2.13	 1	 -42.4045	  173.7995
5.883	 3.20	 1	 -42.3331	  173.8644
5.930	 2.30	 1	 -42.6792	  172.9544
5.946	 2.02	 2	 -42.8903	  173.3318
5.971	 2.13	 1	 -42.7294	  173.5255
5.994	 2.13	 1	 -41.8324	  174.3909
6.010	 2.55	 2	 -42.9819	  175.4013
6.025	 2.27	 1	 -42.1999	  173.5294
6.025	 2.24	 1	 -42.3013	  173.4549
6.029	 2.15	 1	 -43.8916	  174.1271
6.047	 2.19	 1	 -42.2050	  173.5900
6.060	 2.13	 1	 -43.1848	  172.7771
6.076	 2.14	 1	 -41.8365	  173.9636
6.108	 2.47	 1	 -42.5667	  172.0595
6.109	 2.44	 2	 -42.8679	  173.1884
6.118	 2.90	 1	 -42.2035	  173.5587
6.135	 2.91	 2	 -42.9151	  173.1584
6.146	 2.39	 2	 -42.3095	  173.4515
6.167	 2.04	 1	 -42.3484	  172.4942
6.200	 2.12	 1	 -41.9808	  173.9489
6.226	 2.78	 2	 -43.1438	  173.9438
6.230	 2.36	 1	 -41.9279	  174.0144
6.280	 2.09	 2	 -42.7976	  173.0292
6.291	 2.02	 1	 -42.5702	  170.5437
6.305	 4.02	 1	 -42.4341	  174.4566
6.339	 2.24	 1	 -42.3642	  172.2186
6.361	 2.69	 1	 -44.1530	  178.8083
6.361	 2.13	 1	 -38.4573	  169.9233
6.380	 3.28	 1	 -42.8436	  174.6054
6.442	 2.01	 1	 -42.1363	  173.5767
6.445	 2.84	 2	 -42.4272	  174.4555
6.449	 2.02	 1	 -42.4990	  173.0370
6.456	 2.74	 1	 -42.5518	  173.0661
6.487	 2.17	 1	 -42.5730	  173.0465
6.509	 2.08	 1	 -41.9516	  173.7514
6.520	 2.22	 1	 -42.2620	  173.6907
6.559	 2.09	 1	 -42.6507	  173.0166
6.563	 2.02	 1	 -41.9659	  172.9579
6.567	 2.14	 1	 -42.4063	  173.4729
6.586	 2.15	 1	 -42.2346	  173.6303
6.608	 2.49	 1	 -42.8013	  172.5877
6.644	 2.12	 2	 -42.7478	  172.5501
6.656	 2.10	 1	 -42.5861	  173.0274
6.656	 2.55	 2	 -41.3981	  172.6669
6.663	 2.13	 1	 -41.6750	  174.3107
6.663	 2.07	 1	 -42.7320	  172.9670
6.674	 2.53	 1	 -42.6867	  172.8382
6.683	 2.10	 1	 -41.6394	  174.0950
6.686	 2.11	 1	 -42.1255	  173.0366
6.719	 2.06	 2	 -43.4051	  174.8589
6.761	 2.14	 1	 -42.5711	  166.9066
6.767	 2.06	 1	 -42.0216	  173.7172
6.828	 2.93	 1	 -41.6306	  174.4063
6.853	 2.11	 1	 -41.9290	  173.8360
6.866	 2.55	 1	 -42.4800	  172.9523
6.872	 2.04	 2	 -44.4760	  173.7103
6.872	 2.71	 1	 -42.3602	  172.4343
6.874	 2.10	 1	 -42.6772	  173.2433
6.897	 2.11	 1	 -42.3302	  172.6709
6.901	 2.07	 1	 -44.7029	  178.4945
6.916	 3.60	 1	 -42.9007	  171.9148
6.938	 2.85	 2	 -41.8423	  174.1230
6.969	 2.27	 2	 -42.9630	  171.9097
6.987	 2.50	 2	 -41.7657	  174.2024
6.989	 2.44	 1	 -42.2701	  173.5809
7.025	 3.50	 1	 -42.2083	  173.3148
7.045	 2.13	 1	 -43.4753	  173.5618
7.046	 2.43	 1	 -42.6175	  172.9531
7.063	 2.07	 1	 -42.6889	  173.4161
7.067	 2.23	 1	 -42.4242	  172.3772
7.081	 2.18	 1	 -42.4484	  173.6684
7.110	 2.05	 1	 -42.6592	  173.5230
7.111	 3.39	 1	 -41.9493	  172.4764
7.128	 2.12	 1	 -45.3769	  176.8860
7.148	 2.00	 1	 -42.8430	  172.3145
7.161	 2.61	 1	 -42.6933	  173.3208
7.176	 2.00	 1	 -42.6654	  173.0681
7.209	 2.33	 1	 -42.8074	  173.0646
7.237	 2.19	 1	 -42.6093	  173.4685
7.249	 2.15	 1	 -42.5850	  173.1292
7.259	 2.02	 1	 -42.4253	  173.7835
7.295	 2.24	 2	 -42.8984	  173.2505
7.296	 2.03	 1	 -42.5934	  173.1036
7.324	 2.08	 1	 -42.7579	  173.3329
7.394	 2.21	 1	 -40.1963	  173.5940
7.394	 2.54	 2	 -42.7855	  173.0149
7.408	 2.04	 1	 -40.1334	  171.6263
7.444	 2.38	 1	 -42.0298	  173.7179
7.454	 2.07	 1	 -42.8210	  173.8887
7.506	 2.17	 1	 -47.1403	  172.1228
7.524	 2.29	 1	 -42.2047	  173.2760
7.532	 2.44	 1	 -42.4915	  173.1121
7.548	 3.07	 2	 -42.2404	  173.5456
7.557	 2.28	 1	 -42.2220	  173.6635
7.585	 2.41	 1	 -41.6525	  174.2302
7.607	 2.33	 1	 -39.9021	  173.9057
7.623	 2.06	 1	 -42.6905	  172.8749
7.692	 2.43	 2	 -42.8683	  173.2440
7.702	 2.40	 1	 -41.9432	  173.7243
7.711	 2.00	 1	 -42.0260	  173.6412
7.719	 2.74	 1	 -42.9922	  173.1111
7.721	 2.32	 2	 -42.8410	  173.2772
7.741	 2.14	 1	 -42.7643	  172.8068
7.754	 2.19	 1	 -42.2475	  173.6373
7.771	 2.05	 1	 -42.4984	  174.0599
7.774	 3.01	 2	 -42.3280	  172.4372
7.774	 2.28	 1	 -41.9889	  172.7957
7.815	 2.38	 1	 -41.9399	  173.8076
7.875	 2.07	 1	 -41.6351	  174.3663
7.887	 2.92	 1	 -42.6721	  172.7439
7.891	 2.59	 1	 -42.4822	  174.1409
7.901	 2.64	 2	 -42.0926	  173.7440
7.905	 2.52	 2	 -42.5537	  173.0595
7.909	 2.05	 1	 -42.2234	  173.5234
7.917	 2.74	 1	 -41.6917	  174.1774
7.920	 2.18	 1	 -43.5478	  173.8722
7.973	 3.93	 1	 -42.4368	  173.1524
7.993	 2.48	 1	 -41.9893	  173.6461
7.999	 2.12	 2	 -42.4460	  173.1319
8.056	 2.70	 1	 -40.6194	  172.5936
8.057	 2.29	 1	 -39.4807	  172.3179
8.080	 3.55	 2	 -42.4171	  173.6793
8.086	 2.12	 2	 -42.8410	  173.2215
8.089	 2.39	 1	 -41.6920	  174.2492
8.123	 2.20	 1	 -42.4929	  173.8033
8.129	 2.04	 1	 -42.4444	  169.4001
8.156	 2.08	 1	 -42.8601	  173.0963
8.178	 2.26	 1	 -43.1121	  173.6167
8.193	 2.13	 1	 -42.0234	  172.9599
8.214	 2.05	 1	 -42.7193	  173.1576
8.253	 2.45	 1	 -42.9356	  173.4798
8.269	 2.75	 1	 -42.4884	  172.5994
8.320	 2.68	 1	 -41.7827	  173.7880
8.346	 2.53	 1	 -42.2779	  173.8357
8.366	 2.00	 1	 -44.2060	  172.1742
8.406	 2.64	 1	 -42.2675	  173.5666
8.444	 2.00	 1	 -41.8908	  172.2922
8.452	 2.46	 1	 -44.5055	  174.9570
8.463	 2.07	 1	 -46.9666	  171.1214
8.530	 2.16	 1	 -42.6754	  172.8443
8.640	 2.26	 2	 -42.8265	  173.1945
8.660	 2.05	 1	 -42.6965	  173.9945
8.794	 2.92	 1	 -42.9008	  173.2516
8.808	 2.22	 1	 -42.4194	  172.7654
8.824	 2.07	 1	 -42.9960	  172.1325
8.877	 2.26	 1	 -42.6243	  172.9072
8.881	 2.48	 1	 -42.1513	  173.6305
8.884	 2.93	 1	 -43.2866	  172.8005
8.885	 2.07	 1	 -44.0275	  178.8641
8.924	 2.08	 1	 -42.4764	  173.8668
8.934	 2.03	 1	 -42.5480	  173.0043
9.004	 2.06	 1	 -42.2852	  172.4996
9.017	 2.20	 1	 -43.3693	  173.9074
9.112	 2.88	 1	 -42.6692	  172.9188
9.134	 2.46	 1	 -39.2960	  169.0131
9.211	 2.07	 2	 -44.7481	  169.4718
9.229	 2.16	 1	 -42.5734	  173.7620
9.269	 2.75	 1	 -41.7196	  174.2401
9.313	 2.21	 1	 -42.2007	  173.6299
9.332	 2.51	 1	 -42.7049	  173.9585
9.383	 2.42	 1	 -43.5319	  171.8795
9.409	 2.10	 1	 -41.9533	  173.7120
9.414	 3.00	 1	 -44.1237	  173.9563
9.424	 2.06	 2	 -44.1705	  173.8820
9.457	 3.99	 1	 -42.3883	  173.6027
9.497	 2.25	 1	 -39.2241	  172.1380
9.527	 2.03	 1	 -43.3886	  173.0832
9.555	 2.05	 1	 -41.7564	  173.2048
9.589	 2.06	 1	 -41.9291	  173.8408
9.592	 2.03	 1	 -42.6122	  172.8383
9.640	 2.64	 1	 -44.2147	  172.3010
9.654	 3.06	 3	 -42.2775	  173.5623
9.695	 2.11	 1	 -41.7437	  174.2693
9.801	 2.86	 1	 -42.6033	  172.6261
9.813	 2.08	 1	 -42.7635	  172.4485
9.823	 2.96	 1	 -42.2081	  172.9273
9.866	 2.36	 1	 -42.8089	  175.0500
9.903	 2.21	 1	 -41.6770	  174.2248
9.914	 2.12	 1	 -43.6812	  170.5095
9.915	 2.30	 1	 -42.5459	  173.4236
9.919	 3.08	 1	 -42.7949	  172.4463
9.973	 2.83	 2	 -42.4687	  171.7173
9.974	 2.54	 1	 -41.8380	  174.2852
9.980	 2.51	 1	 -42.1526	  173.6447
9.994	 2.07	 1	 -42.2975	  173.6269
9.997	 2.10	 1	 -42.3840	  173.6087
10.124	 2.02	 1	 -42.0969	  171.5340
10.125	 2.20	 1	 -40.3871	  169.0090
10.154	 2.11	 1	 -42.2957	  173.2144
10.215	 2.00	 1	 -40.4945	  175.1039
10.278	 2.22	 1	 -42.1849	  173.5980
10.421	 2.59	 1	 -42.0953	  172.5773
10.427	 2.04	 1	 -41.7857	  173.9462
10.476	 2.78	 1	 -42.7728	  172.6354
10.507	 2.00	 1	 -41.6530	  174.1157
10.600	 2.08	 2	 -42.1188	  173.9411
10.728	 2.03	 1	 -42.5035	  172.8100
10.741	 2.24	 1	 -42.5544	  173.0224
10.745	 2.29	 1	 -41.7998	  174.2635
10.802	 2.05	 1	 -42.1895	  173.4377
10.805	 2.28	 2	 -42.8160	  173.2146
10.838	 2.11	 1	 -40.9536	  175.5756
10.844	 2.08	 1	 -42.5036	  172.2738
10.860	 2.11	 1	 -42.6348	  173.5889
10.908	 2.05	 1	 -41.6606	  173.2511
10.939	 3.15	 1	 -46.9438	  171.0289
10.942	 2.54	 1	 -43.0040	  173.1874
10.964	 2.31	 1	 -43.3322	  172.0438
11.014	 2.33	 2	 -42.8072	  173.2536
11.134	 2.82	 1	 -42.3210	  173.5660
11.221	 2.21	 2	 -42.7164	  172.5488
11.247	 2.32	 1	 -44.0911	  172.2917
11.421	 3.25	 2	 -42.9717	  173.1966
11.435	 2.22	 1	 -42.6072	  172.7518
11.477	 2.71	 1	 -41.9995	  173.9165
11.568	 2.05	 1	 -41.6381	  174.2537
11.590	 3.11	 1	 -42.9806	  172.3028
11.599	 2.70	 1	 -42.5753	  173.1189
11.599	 2.55	 1	 -42.4356	  173.6210
11.605	 2.18	 1	 -42.0198	  173.8285
11.618	 2.36	 2	 -46.9469	  171.0331
11.650	 2.14	 1	 -43.0848	  172.8884
11.769	 2.42	 2	 -42.9211	  173.1641
11.813	 2.22	 1	 -42.3614	  173.4513
11.839	 2.00	 1	 -42.5310	  173.6337
11.853	 2.39	 1	 -42.1476	  173.8845
11.928	 2.06	 2	 -42.5573	  173.0256
11.933	 2.33	 1	 -42.2509	  173.3062
11.962	 2.26	 1	 -42.4412	  173.9751
11.996	 2.13	 1	 -41.8361	  174.2904
12.022	 2.22	 1	 -47.1886	  173.1188
12.028	 2.33	 1	 -43.6062	  173.0209
12.054	 2.89	 1	 -42.0456	  173.7071
12.075	 2.03	 3	 -42.1688	  172.0883
12.124	 2.11	 1	 -42.2237	  173.6609
12.181	 2.11	 1	 -42.3923	  173.5677
12.293	 2.31	 1	 -42.0554	  172.0884
12.359	 2.79	 1	 -41.4786	  174.2420
12.369	 2.10	 1	 -42.7074	  172.8996
12.375	 2.45	 1	 -41.8093	  172.6843
12.390	 3.35	 3	 -43.5728	  174.1838
12.404	 2.62	 2	 -42.6988	  172.3619
12.425	 2.44	 1	 -42.2623	  172.8036
12.435	 3.20	 1	 -42.5603	  173.1554
12.578	 2.60	 1	 -42.5993	  173.2610
12.583	 2.12	 1	 -41.8879	  174.0455
12.613	 2.97	 2	 -42.6764	  173.1571
12.614	 2.13	 1	 -42.4481	  173.1213
12.668	 2.74	 1	 -43.5581	  173.7934
12.687	 2.55	 1	 -42.1695	  172.9792
12.755	 2.06	 1	 -42.4335	  174.0682
12.811	 2.05	 1	 -42.1550	  173.8152
12.839	 2.50	 1	 -42.1103	  172.6730
12.868	 2.32	 1	 -44.7870	  173.4217
12.868	 2.32	 1	 -42.4526	  172.4568
12.870	 2.27	 1	 -42.3187	  172.8158
12.883	 2.03	 1	 -43.0938	  173.0376
12.947	 2.30	 1	 -42.0057	  173.5790
12.967	 2.25	 1	 -42.7557	  172.2859
13.003	 3.05	 1	 -39.3420	  177.1022
13.056	 2.12	 1	 -42.3836	  172.4730
13.072	 2.11	 1	 -45.9745	  177.2042
13.089	 2.15	 1	 -42.0538	  173.8636
13.155	 2.24	 1	 -44.0332	  172.8356
13.165	 2.45	 1	 -43.6608	  172.3750
13.169	 2.82	 2	 -42.8483	  173.2218
13.238	 3.25	 1	 -43.0313	  173.1888
13.245	 2.11	 1	 -42.5782	  173.1494
13.262	 3.01	 3	 -42.8473	  173.2225
13.280	 2.11	 1	 -42.4582	  172.7053
13.319	 2.04	 1	 -42.5675	  172.4150
13.529	 2.17	 1	 -41.8167	  174.2532
13.536	 2.05	 1	 -42.4913	  173.2938
13.553	 2.23	 1	 -43.1639	  172.2500
13.702	 2.20	 2	 -42.6806	  172.9529
13.767	 2.24	 2	 -42.4074	  173.5209
13.789	 2.09	 1	 -42.5638	  172.8116
13.853	 2.24	 1	 -42.4907	  172.9740
13.856	 2.47	 1	 -43.7601	  178.9650
13.881	 2.04	 2	 -42.3502	  173.1977
13.894	 2.23	 1	 -41.8115	  174.0363
13.905	 2.40	 1	 -42.2855	  172.9603
13.970	 2.91	 1	 -42.4061	  173.7968
14.015	 2.33	 1	 -42.5351	  173.0994
14.064	 2.19	 1	 -45.1985	  178.1018
14.072	 2.17	 1	 -42.8109	  172.9223
14.088	 2.60	 1	 -41.8615	  173.7738
14.089	 2.16	 2	 -42.6145	  173.2817
14.109	 2.23	 1	 -42.4588	  172.3420
14.134	 2.39	 2	 -42.6757	  172.4747
14.158	 2.49	 1	 -42.2998	  173.7409
14.189	 2.50	 1	 -42.6736	  173.3690
14.216	 3.13	 1	 -42.3397	  173.6052
14.224	 2.63	 1	 -42.4641	  173.2403
14.237	 2.77	 1	 -42.7038	  173.3229
14.259	 2.32	 1	 -41.6688	  174.4321
14.327	 2.71	 1	 -41.6707	  174.3519
14.407	 2.08	 2	 -42.4843	  172.6830
14.465	 2.52	 1	 -42.2710	  173.4959
