# Simulation 468
# RelativeTime(days) Magnitude Generation Latitude Longitude
Time Mag Gen Lat Lon
7.017	 3.52	 1	 -42.2268	  173.5790
7.056	 2.18	 1	 -42.4264	  172.8033
7.060	 2.10	 1	 -42.9249	  172.9554
7.084	 2.25	 1	 -41.7957	  174.2336
7.093	 2.41	 1	 -42.9164	  172.9572
7.121	 2.02	 1	 -42.6897	  172.7662
7.143	 2.13	 1	 -41.8928	  174.3282
7.157	 2.25	 1	 -42.5727	  172.9311
7.184	 2.22	 1	 -41.9166	  173.7893
7.187	 2.35	 1	 -42.4478	  172.9248
7.208	 2.20	 1	 -42.1613	  173.8032
7.229	 3.71	 1	 -41.2576	  174.3542
7.232	 3.18	 1	 -41.9054	  175.0731
7.243	 2.17	 1	 -42.1496	  173.6155
7.262	 3.30	 1	 -41.7710	  174.2923
7.262	 2.07	 1	 -42.2792	  173.5251
7.278	 2.05	 1	 -42.7887	  172.4189
7.292	 2.15	 1	 -41.5296	  173.0791
7.326	 2.75	 1	 -41.8069	  174.2255
7.375	 2.13	 1	 -42.2299	  173.7552
7.408	 3.09	 1	 -41.8310	  174.2466
7.502	 2.39	 1	 -42.2742	  174.0728
7.507	 2.54	 1	 -42.9590	  173.4583
7.579	 2.36	 1	 -42.3944	  173.6340
7.596	 2.35	 1	 -42.0173	  173.6695
7.598	 3.79	 1	 -41.8024	  167.0254
7.598	 2.61	 1	 -42.7864	  172.6274
7.598	 3.13	 1	 -42.5926	  173.1019
7.622	 2.36	 1	 -41.9888	  169.5077
7.650	 2.77	 1	 -42.0854	  173.7541
7.678	 2.02	 1	 -42.7195	  172.9877
7.802	 2.22	 1	 -41.6452	  173.9131
7.864	 2.20	 1	 -42.7709	  173.2501
7.893	 2.05	 1	 -41.9079	  173.9800
7.964	 2.45	 1	 -42.8430	  172.8986
7.976	 2.08	 1	 -42.3389	  172.5448
8.016	 3.20	 1	 -42.5224	  173.1008
8.017	 2.58	 2	 -42.5200	  173.1138
8.131	 2.24	 1	 -39.1217	  169.3040
8.146	 2.55	 1	 -42.6535	  172.9512
8.198	 2.33	 1	 -43.4561	  174.3479
8.276	 2.05	 2	 -42.6515	  172.9517
8.338	 2.40	 1	 -42.2464	  173.7215
8.351	 2.02	 1	 -42.5200	  172.9055
8.362	 2.07	 1	 -43.3070	  173.8167
8.389	 2.52	 1	 -42.7913	  172.5924
8.482	 2.44	 1	 -42.2646	  173.6359
8.510	 3.13	 1	 -42.8113	  172.5927
8.603	 2.48	 1	 -41.7771	  174.4352
8.709	 2.13	 1	 -41.8997	  173.9593
8.815	 2.29	 1	 -42.6267	  172.9983
8.930	 2.46	 1	 -42.7604	  172.8703
8.931	 2.11	 1	 -42.4999	  172.6828
9.004	 2.13	 1	 -42.0295	  173.8041
9.059	 2.09	 1	 -42.7544	  172.9416
9.074	 2.19	 1	 -42.6000	  172.9789
9.108	 2.14	 1	 -42.8251	  173.8504
9.188	 4.28	 1	 -42.0336	  172.7042
9.189	 2.07	 2	 -42.0330	  172.7032
9.192	 2.07	 2	 -42.0370	  172.7070
9.192	 2.12	 2	 -42.0375	  172.6967
9.212	 2.02	 1	 -42.7284	  175.5800
9.260	 2.17	 1	 -42.2464	  173.6122
9.306	 2.25	 1	 -42.3301	  173.7324
9.307	 2.16	 1	 -42.1147	  172.4877
9.315	 2.52	 1	 -41.8529	  173.8429
9.411	 2.40	 1	 -42.7750	  175.1179
9.420	 2.85	 1	 -42.7565	  173.2643
9.469	 3.02	 2	 -42.1748	  172.6039
9.562	 2.60	 1	 -42.7641	  172.8586
9.573	 2.52	 1	 -42.5887	  172.8856
9.627	 2.43	 2	 -42.0243	  172.7138
9.629	 2.50	 1	 -42.8138	  172.9114
9.632	 2.03	 1	 -43.3925	  173.0568
9.698	 2.61	 1	 -43.1020	  175.6735
9.701	 2.11	 1	 -41.8607	  173.9643
9.826	 2.32	 1	 -42.5735	  174.8269
9.873	 2.11	 1	 -42.1813	  170.8781
9.892	 2.12	 1	 -42.7824	  173.8338
9.892	 2.08	 1	 -41.7773	  174.2722
9.916	 3.18	 1	 -42.8203	  172.9481
10.031	 2.18	 1	 -42.4265	  170.2076
10.314	 3.17	 1	 -42.6430	  173.3619
10.422	 2.73	 1	 -42.2440	  175.5046
10.560	 2.28	 1	 -42.7408	  173.1520
10.567	 2.15	 1	 -42.4242	  173.0368
10.640	 2.42	 1	 -42.3896	  173.9542
10.648	 2.10	 1	 -42.7702	  173.5367
10.740	 2.22	 1	 -42.6975	  172.9754
10.777	 2.61	 1	 -41.9817	  173.7085
10.783	 2.44	 1	 -42.2865	  173.8156
10.790	 2.65	 1	 -43.2845	  173.8082
10.852	 2.23	 1	 -42.4198	  173.3349
11.019	 2.01	 1	 -42.9476	  173.8743
11.022	 2.26	 1	 -42.7418	  173.1718
11.026	 2.26	 1	 -42.0858	  174.1066
11.030	 2.16	 1	 -44.8657	  167.6662
11.176	 2.06	 1	 -42.7558	  173.6553
11.338	 3.05	 1	 -39.7439	  168.7699
11.342	 2.47	 1	 -41.7394	  174.2074
11.416	 2.41	 1	 -42.5378	  173.0626
11.436	 2.06	 1	 -40.0266	  173.1133
11.484	 2.02	 1	 -39.9697	  177.8908
11.619	 2.07	 1	 -42.3935	  173.3578
11.676	 2.12	 1	 -42.5960	  172.9225
11.782	 2.05	 1	 -42.7393	  174.1781
11.797	 2.35	 1	 -42.5629	  172.9619
12.045	 2.12	 1	 -43.0119	  174.9932
12.137	 2.70	 1	 -42.7746	  172.8255
12.147	 2.05	 2	 -42.7907	  172.7883
12.221	 2.18	 2	 -42.3887	  173.9509
12.414	 3.16	 1	 -41.6192	  173.7630
12.440	 2.10	 1	 -41.6882	  173.7349
12.457	 4.39	 1	 -39.7062	  173.4653
12.457	 2.07	 2	 -39.7100	  173.5056
12.460	 2.09	 2	 -39.7941	  173.3277
12.467	 2.27	 2	 -39.6805	  173.5395
12.470	 2.02	 1	 -43.0836	  173.4305
12.478	 2.45	 1	 -42.7686	  172.7942
12.487	 2.09	 2	 -39.6813	  173.5890
12.488	 3.30	 2	 -39.7099	  173.4539
12.495	 2.04	 1	 -42.1159	  173.7544
12.525	 2.81	 1	 -41.7655	  174.3120
12.537	 3.50	 1	 -42.2131	  173.1739
12.615	 2.79	 2	 -42.2357	  173.1789
12.649	 2.78	 1	 -42.8584	  173.5171
12.664	 4.91	 1	 -42.7795	  173.1178
12.664	 2.95	 2	 -42.8649	  173.0629
12.664	 2.07	 2	 -42.7889	  173.0927
12.665	 2.12	 2	 -42.7925	  173.1490
12.666	 2.49	 2	 -42.8019	  173.0710
12.671	 2.01	 2	 -42.7909	  173.1177
12.680	 2.87	 2	 -42.7575	  173.1036
12.701	 3.35	 2	 -42.6911	  173.0115
12.723	 4.43	 1	 -42.3807	  171.2545
12.724	 2.15	 2	 -42.3488	  171.1538
12.731	 2.35	 2	 -42.3966	  171.2507
12.734	 2.78	 2	 -42.3348	  171.2734
12.757	 2.01	 1	 -42.3309	  173.0182
12.777	 2.69	 2	 -42.3775	  171.2481
12.795	 2.04	 2	 -39.7335	  173.4287
12.809	 2.28	 1	 -42.3411	  171.4398
12.875	 2.18	 1	 -43.3577	  173.5911
12.878	 2.04	 2	 -42.3723	  171.2642
12.913	 2.96	 2	 -42.5094	  170.0731
12.923	 2.52	 1	 -42.6780	  173.1357
12.948	 2.16	 1	 -42.4524	  173.1047
12.951	 2.47	 1	 -42.8699	  172.5299
12.975	 2.91	 1	 -41.8078	  174.0363
13.065	 2.06	 2	 -42.7673	  173.1614
13.095	 2.10	 1	 -42.5800	  172.8284
13.148	 2.33	 2	 -42.0573	  172.7241
13.271	 2.23	 1	 -42.3540	  173.4815
13.342	 2.54	 1	 -40.1135	  177.8177
13.371	 2.56	 1	 -42.2831	  173.7103
13.484	 2.07	 1	 -42.5638	  173.4504
13.612	 2.16	 2	 -41.8051	  174.3190
13.674	 2.63	 1	 -42.8125	  173.1460
13.704	 2.70	 1	 -42.3583	  173.9147
13.746	 2.77	 1	 -42.1785	  172.3769
13.790	 2.28	 1	 -43.6950	  172.9121
13.838	 2.44	 1	 -42.5102	  172.0238
