# Simulation 226
# RelativeTime(days) Magnitude Generation Latitude Longitude
Time Mag Gen Lat Lon
0.083	 2.43	 1	 -41.9175	  173.6755
0.084	 2.93	 1	 -42.4704	  172.9455
0.084	 2.34	 1	 -42.2256	  173.6698
0.084	 2.78	 1	 -42.3965	  173.3631
0.084	 2.18	 1	 -42.7525	  174.0436
0.084	 2.13	 1	 -40.9421	  172.1344
0.084	 2.18	 1	 -42.1980	  173.6043
0.085	 2.24	 1	 -41.9010	  174.5383
0.085	 2.31	 1	 -42.6089	  173.3473
0.085	 2.05	 1	 -41.4418	  173.0901
0.085	 3.12	 1	 -41.6655	  174.1795
0.085	 2.04	 1	 -42.1849	  173.4758
0.086	 2.31	 1	 -42.2135	  173.6270
0.086	 2.13	 1	 -42.7126	  173.2745
0.087	 2.01	 1	 -42.3470	  172.9809
0.087	 2.70	 1	 -43.2525	  173.4786
0.088	 2.14	 1	 -41.7998	  174.2143
0.088	 2.36	 1	 -42.1830	  173.5391
0.089	 2.39	 1	 -42.4019	  173.8086
0.089	 2.08	 1	 -42.1334	  173.5974
0.090	 2.63	 1	 -42.4502	  173.7747
0.090	 2.14	 1	 -42.4438	  173.5289
0.090	 2.34	 1	 -41.7581	  172.2066
0.090	 2.77	 1	 -42.5222	  173.0739
0.090	 2.58	 1	 -43.0024	  172.4858
0.090	 2.10	 1	 -42.0051	  173.7275
0.090	 2.44	 1	 -37.8364	  172.1430
0.091	 2.12	 1	 -42.3734	  173.7785
0.091	 3.62	 1	 -42.0990	  173.6982
0.091	 3.61	 1	 -41.8758	  173.5594
0.091	 2.06	 1	 -42.2702	  173.6154
0.092	 2.78	 1	 -42.0928	  173.6427
0.093	 2.81	 1	 -42.5953	  172.9401
0.093	 2.20	 1	 -42.0028	  174.4115
0.094	 2.26	 1	 -41.7110	  174.0958
0.094	 2.06	 1	 -42.0445	  173.4917
0.095	 2.33	 1	 -41.9387	  173.6492
0.095	 2.44	 1	 -42.2724	  173.6186
0.095	 2.22	 1	 -42.1363	  173.8092
0.096	 2.65	 1	 -42.8831	  173.1428
0.097	 2.17	 1	 -42.7350	  173.1059
0.097	 2.20	 1	 -42.4852	  173.1231
0.098	 3.22	 1	 -42.2432	  173.7767
0.098	 2.13	 1	 -42.6900	  179.1399
0.099	 2.27	 1	 -43.1881	  172.5334
0.099	 2.61	 1	 -42.4980	  173.7934
0.099	 2.31	 1	 -39.1119	  169.1337
0.099	 3.21	 1	 -42.4476	  173.8638
0.099	 2.86	 1	 -42.8610	  173.0850
0.099	 2.37	 1	 -42.2360	  173.5635
0.099	 2.02	 1	 -42.1059	  173.8423
0.099	 2.41	 1	 -41.9876	  173.6304
0.100	 2.04	 1	 -42.0226	  174.0298
0.100	 2.18	 1	 -42.8730	  171.6818
0.100	 2.55	 1	 -42.6790	  173.2579
0.101	 2.01	 1	 -43.0654	  172.8788
0.101	 2.53	 1	 -41.7973	  174.1975
0.101	 2.45	 1	 -41.6684	  174.2338
0.101	 2.54	 1	 -42.3207	  173.7842
0.102	 2.49	 1	 -42.2627	  172.1629
0.102	 3.12	 1	 -42.4432	  173.1609
0.102	 2.18	 1	 -39.9807	  173.2877
0.102	 2.04	 1	 -42.3357	  174.7200
0.102	 2.35	 1	 -42.5781	  172.8640
0.103	 3.95	 1	 -42.0238	  173.7218
0.103	 2.18	 1	 -42.4822	  173.1057
0.104	 2.21	 1	 -41.8301	  174.0634
0.104	 2.77	 1	 -42.6316	  173.3688
0.104	 2.40	 1	 -42.6031	  172.9590
0.105	 2.71	 1	 -42.2636	  173.7814
0.105	 2.05	 1	 -42.7694	  173.1478
0.105	 2.07	 1	 -42.4533	  173.1528
0.105	 2.21	 1	 -42.2642	  173.5510
0.105	 2.01	 1	 -42.2240	  173.6134
0.105	 2.43	 1	 -42.0507	  173.6352
0.106	 2.14	 1	 -42.2878	  173.3775
0.106	 2.14	 1	 -41.7316	  174.2620
0.107	 2.66	 1	 -42.6638	  174.1318
0.108	 3.68	 1	 -42.5408	  173.2068
0.108	 2.36	 1	 -41.9738	  173.7699
0.108	 2.35	 1	 -41.8299	  174.0565
0.108	 2.13	 1	 -38.2281	  172.2921
0.108	 2.02	 1	 -42.0255	  173.8507
0.109	 2.18	 1	 -42.3364	  174.3477
0.111	 2.48	 1	 -42.3394	  173.8664
0.111	 2.32	 1	 -42.4263	  173.8977
0.111	 2.29	 1	 -42.3821	  173.8335
0.111	 2.18	 1	 -42.2455	  173.7303
0.112	 2.44	 1	 -42.7302	  172.9411
0.112	 3.29	 1	 -42.4868	  173.1749
0.112	 2.17	 1	 -42.0051	  173.1637
0.113	 2.05	 1	 -43.0660	  172.9722
0.113	 2.14	 1	 -42.0152	  173.7486
0.113	 2.32	 1	 -42.2315	  173.6522
0.114	 2.52	 1	 -42.9543	  174.5233
0.114	 3.15	 1	 -42.5781	  173.4077
0.114	 4.16	 1	 -41.7108	  174.2681
0.114	 2.61	 1	 -42.3997	  173.3383
0.114	 2.66	 1	 -42.4340	  171.6481
0.115	 2.11	 1	 -41.9601	  171.6870
0.115	 2.46	 1	 -42.2353	  173.6239
0.115	 2.14	 1	 -43.0625	  173.3839
0.115	 2.03	 1	 -42.4745	  172.9865
0.116	 2.26	 1	 -42.8288	  172.9723
0.116	 2.38	 1	 -43.0326	  173.1492
0.116	 2.14	 1	 -39.2856	  169.0294
0.116	 2.03	 1	 -42.1214	  172.8329
0.117	 2.04	 1	 -41.7555	  174.3129
0.117	 2.17	 1	 -42.5040	  173.1586
0.117	 4.08	 1	 -41.8506	  174.3818
0.117	 2.01	 1	 -41.8520	  174.2329
0.118	 3.24	 1	 -44.0680	  173.0320
0.118	 2.33	 1	 -42.0961	  173.5666
0.118	 2.48	 1	 -41.7067	  174.1866
0.119	 2.35	 1	 -42.6553	  172.6665
0.119	 4.14	 1	 -41.8562	  173.9878
0.119	 2.20	 1	 -42.1722	  173.7722
0.119	 2.13	 1	 -42.0681	  174.3527
0.120	 2.89	 1	 -46.8147	  175.4664
0.120	 2.24	 1	 -41.7340	  174.2419
0.122	 2.14	 1	 -42.2202	  173.7943
0.122	 2.71	 1	 -42.0157	  173.7892
0.123	 2.27	 1	 -42.4826	  174.4805
0.124	 2.96	 1	 -42.5120	  172.8431
0.125	 2.51	 1	 -42.2067	  172.4311
0.125	 2.10	 1	 -42.3003	  173.7221
0.125	 2.42	 1	 -42.1265	  173.5759
0.125	 2.15	 1	 -42.4486	  173.0007
0.126	 2.13	 1	 -42.1713	  173.5536
0.126	 2.15	 1	 -45.5167	  168.2615
0.127	 2.10	 1	 -42.0475	  173.6617
0.127	 2.14	 1	 -41.1509	  174.3743
0.127	 2.19	 1	 -42.1404	  173.7567
0.128	 2.49	 1	 -42.2446	  173.8137
0.128	 2.10	 1	 -42.3241	  173.4901
0.129	 2.26	 1	 -42.6349	  173.3197
0.129	 2.25	 1	 -42.1840	  173.7211
0.129	 2.10	 1	 -42.0009	  173.7634
0.130	 2.51	 1	 -42.4588	  173.5604
0.130	 2.33	 1	 -42.0719	  173.7252
0.131	 2.31	 1	 -41.7529	  174.1016
0.132	 2.54	 1	 -42.1924	  173.8490
0.132	 2.45	 1	 -42.4114	  173.7320
0.132	 2.18	 1	 -42.2775	  173.7058
0.132	 2.24	 1	 -41.8151	  174.2619
0.133	 2.33	 1	 -41.9874	  174.2399
0.133	 2.52	 1	 -42.2757	  173.7140
0.133	 2.65	 1	 -41.8825	  174.0204
0.133	 2.07	 1	 -42.4652	  173.7235
0.134	 2.17	 1	 -42.5692	  173.3035
0.134	 2.42	 1	 -42.8968	  173.5608
0.135	 2.30	 1	 -41.6485	  174.0701
0.135	 2.28	 1	 -43.2794	  175.5598
0.135	 2.65	 1	 -43.0907	  173.8357
0.135	 2.23	 1	 -41.8576	  174.1684
0.135	 2.05	 1	 -41.9475	  174.1613
0.136	 2.28	 1	 -41.8952	  173.7817
0.137	 2.22	 1	 -43.1929	  175.1868
0.138	 2.91	 1	 -42.7386	  172.9551
0.140	 2.80	 1	 -42.1971	  173.6019
0.140	 2.23	 1	 -43.7242	  173.4453
0.141	 2.05	 1	 -41.9978	  173.7024
0.141	 2.07	 1	 -41.5938	  174.3941
0.141	 2.19	 1	 -41.9729	  173.2258
0.141	 3.48	 1	 -41.7417	  174.2314
0.142	 2.40	 1	 -42.3517	  173.6165
0.142	 3.12	 1	 -42.5345	  173.1772
0.143	 2.17	 1	 -42.3784	  173.2858
0.143	 2.88	 1	 -42.6505	  173.1104
0.143	 2.65	 1	 -41.9184	  174.1812
0.144	 2.25	 1	 -41.9374	  174.2305
0.144	 2.06	 1	 -42.0118	  173.5774
0.144	 2.36	 1	 -43.0364	  173.0939
0.144	 3.22	 1	 -41.7235	  174.2349
0.145	 2.37	 1	 -41.6661	  174.3419
0.145	 2.60	 1	 -41.7140	  174.2786
0.146	 2.48	 1	 -41.7064	  174.2662
0.146	 2.15	 1	 -42.7405	  172.8424
0.146	 2.02	 1	 -42.6914	  173.0265
0.146	 3.23	 1	 -42.5560	  173.2979
0.147	 2.36	 1	 -42.1699	  173.7023
0.147	 2.07	 1	 -41.7839	  173.3440
0.147	 2.03	 1	 -42.6534	  173.0110
0.147	 2.42	 1	 -42.0817	  173.5903
0.148	 2.03	 1	 -42.4922	  172.8906
0.148	 2.27	 1	 -42.6766	  172.8604
0.149	 2.27	 1	 -41.7930	  174.1932
0.150	 2.38	 1	 -42.2326	  173.5729
0.150	 2.25	 1	 -41.6635	  174.3513
0.150	 2.25	 1	 -42.3962	  171.9315
0.151	 2.07	 1	 -41.6847	  174.3115
0.151	 2.68	 1	 -42.3949	  172.6767
0.151	 2.08	 1	 -41.8852	  173.8749
0.151	 2.21	 1	 -42.0139	  173.8547
0.151	 2.51	 1	 -41.7574	  174.3693
0.153	 2.30	 1	 -42.0514	  172.5803
0.154	 2.28	 1	 -42.6721	  172.3318
0.154	 2.12	 1	 -42.2763	  173.8069
0.154	 2.29	 1	 -42.6794	  172.9514
0.155	 2.68	 1	 -42.5133	  173.1399
0.156	 2.18	 1	 -41.8800	  174.7113
0.157	 2.86	 1	 -42.5503	  173.0194
0.157	 2.24	 1	 -42.1062	  174.4232
0.158	 2.07	 1	 -42.4095	  173.8745
0.158	 2.92	 1	 -43.6696	  178.3000
0.159	 3.20	 1	 -42.5547	  173.1054
0.159	 3.23	 1	 -42.6418	  173.3439
0.160	 3.01	 1	 -42.0024	  173.6699
0.160	 2.57	 1	 -43.0664	  170.5253
0.160	 2.33	 1	 -43.8369	  172.2400
0.160	 2.50	 1	 -42.7303	  173.2727
0.160	 2.28	 1	 -41.8482	  173.9637
0.161	 2.10	 1	 -42.6431	  173.3704
0.161	 3.07	 1	 -45.6585	  173.5942
0.161	 2.46	 1	 -42.2015	  172.5311
0.162	 2.70	 1	 -42.4038	  173.7633
0.162	 2.19	 1	 -44.2894	  171.5465
0.162	 2.59	 1	 -41.7862	  174.4343
0.163	 2.16	 1	 -41.9931	  173.6984
0.164	 2.84	 1	 -42.2524	  173.6705
0.164	 3.52	 1	 -42.2845	  173.7342
0.165	 2.17	 1	 -41.7441	  174.2408
0.165	 2.01	 1	 -42.7412	  173.0467
0.165	 2.12	 1	 -41.0788	  173.8823
0.167	 2.09	 1	 -42.4817	  173.1119
0.167	 2.05	 1	 -42.2342	  173.6242
0.167	 2.18	 1	 -42.3460	  173.3426
0.169	 2.11	 1	 -42.2836	  172.3047
0.169	 2.16	 1	 -42.6463	  179.1396
0.170	 3.18	 1	 -42.4787	  173.9264
0.170	 2.02	 1	 -42.1717	  173.2495
0.170	 2.63	 1	 -41.6956	  174.1793
0.171	 2.30	 1	 -41.7794	  174.2538
0.171	 2.20	 1	 -41.9434	  173.5548
0.171	 2.04	 1	 -42.2829	  173.5006
0.171	 3.35	 1	 -41.8723	  174.3488
0.171	 2.24	 1	 -42.4963	  172.8759
0.172	 2.62	 1	 -41.6686	  173.1676
0.172	 2.69	 1	 -42.3419	  173.7281
0.173	 2.17	 1	 -42.6561	  173.4694
0.173	 3.05	 1	 -42.3569	  174.0947
0.174	 2.06	 1	 -41.9771	  173.3898
0.177	 2.68	 1	 -41.8068	  174.3388
0.178	 2.24	 1	 -42.6934	  173.7321
0.178	 3.19	 1	 -41.0794	  173.6741
0.178	 2.11	 1	 -42.2955	  173.7764
0.179	 2.00	 1	 -42.1544	  173.8435
0.180	 2.33	 1	 -42.6175	  172.9621
0.180	 2.22	 1	 -42.6799	  172.7903
0.180	 2.17	 1	 -42.2082	  173.7276
0.181	 2.19	 1	 -42.8396	  174.3064
0.181	 2.58	 1	 -41.7402	  174.2795
0.181	 2.22	 1	 -41.7634	  174.2000
0.181	 2.34	 1	 -41.7615	  174.4275
0.182	 2.41	 1	 -42.5306	  173.0335
0.183	 4.41	 1	 -42.1113	  179.7458
0.183	 2.29	 1	 -41.8306	  174.2081
0.184	 3.26	 1	 -42.2176	  173.6979
0.184	 2.20	 1	 -42.2060	  173.8296
0.184	 2.14	 1	 -42.2995	  173.7367
0.185	 2.88	 1	 -42.4750	  171.6064
0.185	 2.02	 1	 -41.7818	  174.1924
0.186	 2.05	 1	 -43.9025	  176.3851
0.186	 2.07	 1	 -42.1210	  173.4307
0.187	 2.26	 1	 -42.4435	  173.8680
0.187	 2.22	 1	 -42.5954	  173.0943
0.187	 2.31	 1	 -41.7881	  173.9798
0.187	 2.54	 1	 -41.8153	  174.2401
0.188	 2.35	 1	 -41.9955	  173.6210
0.188	 2.01	 1	 -41.8364	  174.7113
0.188	 2.09	 1	 -41.8298	  174.2484
0.189	 2.02	 1	 -42.3035	  173.6112
0.190	 2.64	 1	 -42.3104	  173.2896
0.190	 2.21	 1	 -42.1657	  173.0286
0.191	 2.47	 1	 -42.1301	  173.6346
0.191	 2.05	 1	 -42.8365	  172.9472
0.191	 2.11	 1	 -42.2687	  173.3197
0.192	 2.93	 1	 -41.9855	  173.6600
0.193	 2.02	 1	 -42.1476	  173.5128
0.194	 2.13	 1	 -42.7971	  171.4618
0.194	 2.73	 1	 -42.0583	  173.6084
0.195	 2.10	 1	 -41.6887	  174.3212
0.196	 2.27	 1	 -42.0082	  173.6939
0.197	 2.29	 1	 -42.1328	  173.3650
0.197	 2.05	 1	 -42.5889	  172.9493
0.197	 2.16	 1	 -42.1203	  174.0534
0.198	 2.05	 1	 -42.6658	  173.0675
0.198	 2.08	 1	 -42.5565	  173.0766
0.201	 2.38	 1	 -42.3873	  173.7230
0.201	 2.07	 1	 -42.2340	  173.5885
0.201	 2.38	 1	 -42.4962	  171.9319
0.202	 3.21	 1	 -42.0300	  173.6918
0.203	 2.11	 1	 -42.2670	  173.2233
0.203	 2.53	 1	 -42.3069	  173.9968
0.204	 3.02	 1	 -41.8739	  173.9021
0.204	 2.27	 1	 -42.4230	  172.4056
0.205	 2.05	 1	 -41.6706	  173.7096
0.205	 2.03	 1	 -42.5896	  173.2672
0.206	 2.71	 1	 -46.8751	  175.2684
0.206	 2.99	 1	 -42.3654	  172.9487
0.206	 2.53	 1	 -42.7179	  173.3165
0.207	 2.45	 1	 -42.4308	  173.8557
0.208	 2.26	 1	 -42.3953	  173.8270
0.208	 2.05	 1	 -41.8195	  174.1323
0.209	 2.99	 1	 -42.6242	  173.3589
0.209	 2.78	 1	 -42.4508	  172.7568
0.210	 2.36	 1	 -41.8791	  177.1967
0.210	 3.45	 1	 -42.6338	  173.2653
0.210	 2.16	 1	 -42.1570	  173.6622
0.211	 3.34	 1	 -42.5743	  173.0779
0.212	 2.16	 1	 -43.3118	  172.6675
0.212	 2.30	 1	 -43.0560	  172.7855
0.213	 2.34	 1	 -42.6225	  174.7503
0.213	 2.07	 1	 -42.0494	  173.6192
0.213	 2.09	 1	 -42.4723	  173.3824
0.213	 3.00	 1	 -42.4937	  172.7930
0.215	 2.02	 1	 -42.1456	  173.6486
0.215	 2.10	 1	 -43.9940	  173.3784
0.215	 2.03	 1	 -42.4581	  173.1230
0.215	 2.99	 1	 -42.4347	  173.7596
0.216	 2.52	 2	 -42.7917	  180.1973
0.217	 2.51	 1	 -42.6611	  172.7043
0.217	 2.13	 1	 -42.7209	  173.0125
0.218	 2.50	 1	 -42.1178	  173.6891
0.218	 2.74	 1	 -42.6802	  172.6427
0.218	 3.04	 1	 -42.2627	  172.4320
0.218	 2.19	 1	 -41.8842	  173.8292
0.218	 2.75	 1	 -42.1472	  172.4433
0.219	 2.09	 1	 -42.2320	  172.9388
0.221	 2.52	 1	 -42.4528	  173.7987
0.221	 2.43	 1	 -42.3498	  173.3133
0.221	 2.55	 1	 -42.4326	  173.3756
0.221	 2.69	 1	 -41.8682	  173.9705
0.222	 2.78	 1	 -41.8809	  177.7876
0.223	 2.67	 1	 -41.8613	  173.5729
0.223	 2.94	 1	 -42.2067	  173.9992
0.223	 2.13	 1	 -43.0290	  174.3532
0.224	 3.11	 1	 -42.3167	  172.9155
0.224	 2.99	 1	 -41.0368	  173.8528
0.225	 2.89	 1	 -41.7438	  174.3607
0.226	 2.89	 1	 -42.5430	  173.1641
0.226	 2.04	 1	 -42.3828	  173.8700
0.226	 2.02	 1	 -42.5141	  173.3464
0.227	 2.23	 1	 -43.2015	  171.8859
0.227	 2.11	 1	 -42.7710	  172.6935
0.227	 2.03	 1	 -42.0924	  173.6698
0.228	 2.43	 1	 -42.3383	  175.0770
0.228	 2.84	 1	 -42.3563	  173.8086
0.228	 3.15	 1	 -42.0675	  173.8169
0.229	 2.50	 1	 -42.1581	  173.6188
0.229	 2.28	 1	 -42.7956	  172.8441
0.229	 2.45	 1	 -42.0576	  173.8858
0.230	 2.31	 1	 -42.3499	  173.4630
0.231	 2.47	 1	 -42.3135	  173.5457
0.231	 3.26	 1	 -42.5968	  173.0335
0.232	 2.03	 1	 -41.0952	  173.3623
0.233	 3.02	 1	 -42.4105	  174.8770
0.233	 3.07	 1	 -41.7979	  174.2616
0.233	 2.06	 1	 -42.2220	  173.6066
0.233	 2.64	 1	 -41.6866	  174.2832
0.235	 2.02	 1	 -42.1540	  173.6605
0.236	 3.07	 1	 -42.2777	  173.7359
0.237	 2.15	 1	 -42.9300	  172.9345
0.237	 2.71	 1	 -42.4929	  173.3346
0.238	 2.45	 2	 -41.8430	  174.3703
0.238	 2.00	 1	 -41.8737	  173.8678
0.239	 2.06	 1	 -42.2014	  173.5710
0.240	 2.05	 1	 -41.9976	  173.4484
0.240	 2.23	 1	 -43.5718	  173.1458
0.240	 3.02	 1	 -42.4255	  173.5417
0.241	 3.27	 1	 -41.7434	  173.3371
0.241	 2.00	 1	 -41.6882	  174.3142
0.241	 2.17	 1	 -42.0387	  173.7535
0.242	 2.53	 1	 -42.3825	  173.8119
0.247	 2.27	 1	 -41.7189	  174.1802
0.247	 2.29	 1	 -42.4996	  173.4223
0.247	 2.09	 1	 -42.0060	  173.8143
0.248	 2.21	 1	 -42.6379	  172.9644
0.248	 2.77	 1	 -42.1549	  173.6394
0.250	 3.34	 1	 -41.7169	  174.3650
0.250	 2.72	 1	 -42.1414	  173.7519
0.251	 2.05	 1	 -42.1890	  173.9503
0.253	 2.71	 1	 -42.3191	  173.4498
0.253	 2.82	 1	 -41.9540	  173.7743
0.254	 2.08	 1	 -41.4035	  171.1733
0.256	 2.91	 1	 -42.4775	  173.7653
0.256	 2.82	 1	 -42.2189	  173.8407
0.256	 2.01	 1	 -42.5634	  174.0822
0.256	 2.13	 1	 -46.5724	  172.2219
0.258	 2.09	 1	 -42.1114	  173.5688
0.258	 2.62	 1	 -42.4996	  173.1130
0.258	 2.06	 1	 -43.4229	  172.0514
0.258	 2.19	 1	 -42.8245	  173.5028
0.259	 2.01	 1	 -42.0227	  173.7201
0.259	 2.29	 1	 -42.7829	  173.2395
0.261	 2.61	 1	 -42.5568	  173.7619
0.261	 2.03	 1	 -42.5719	  173.0797
0.261	 3.16	 1	 -42.4491	  173.6187
0.263	 2.37	 1	 -42.7244	  172.4792
0.265	 2.01	 1	 -42.1859	  174.4074
0.266	 2.59	 1	 -42.1892	  173.5140
0.267	 2.42	 1	 -42.4731	  173.0766
0.268	 2.07	 1	 -42.1471	  173.8200
0.268	 2.43	 2	 -41.0979	  173.3812
0.268	 2.36	 1	 -42.9142	  172.6796
0.268	 3.57	 1	 -41.7306	  174.1927
0.268	 2.40	 1	 -42.1045	  173.9314
0.269	 2.32	 1	 -42.2990	  173.7841
0.269	 3.50	 1	 -42.6036	  172.7176
0.269	 2.42	 1	 -42.5261	  173.2699
0.270	 2.04	 1	 -42.0042	  173.6868
0.270	 2.16	 1	 -42.0411	  173.6612
0.272	 2.31	 1	 -43.5289	  171.1822
0.273	 2.74	 1	 -38.1967	  173.1327
0.275	 2.30	 1	 -42.2860	  173.2090
0.275	 3.10	 1	 -42.5511	  172.7510
0.276	 2.04	 1	 -42.0293	  173.8344
0.276	 2.22	 1	 -42.0465	  173.7522
0.277	 2.69	 1	 -42.2328	  173.7011
0.278	 2.04	 1	 -45.4084	  168.1463
0.279	 2.04	 1	 -42.4123	  173.6992
0.279	 2.57	 1	 -42.0228	  173.7061
0.280	 2.15	 1	 -42.6766	  172.9497
0.281	 2.23	 1	 -42.7037	  173.7210
0.281	 2.32	 1	 -42.3711	  173.9757
0.283	 2.09	 1	 -42.0709	  173.8005
0.283	 2.22	 1	 -42.6816	  173.5079
0.283	 2.40	 1	 -42.3879	  172.5675
0.284	 2.01	 1	 -42.4691	  172.9747
0.285	 2.65	 1	 -42.2848	  173.5306
0.286	 3.22	 1	 -42.7951	  170.6282
0.287	 2.10	 1	 -41.9932	  173.6925
0.287	 3.57	 1	 -41.9750	  173.7203
0.287	 2.05	 1	 -41.7257	  174.1976
0.288	 2.07	 1	 -41.7367	  174.1711
0.289	 3.25	 1	 -42.5734	  172.9244
0.291	 4.35	 1	 -42.1315	  173.8359
0.291	 2.11	 1	 -41.9741	  173.8405
0.292	 3.00	 1	 -42.3087	  173.4533
0.292	 2.16	 1	 -42.3488	  173.4534
0.292	 2.65	 1	 -42.5372	  173.1338
0.294	 2.28	 1	 -42.3471	  173.7313
0.295	 2.08	 1	 -42.8608	  172.7501
0.295	 2.03	 1	 -42.8898	  173.0217
0.296	 2.45	 1	 -41.1099	  173.1574
0.296	 2.12	 1	 -41.5720	  174.6228
0.297	 4.21	 1	 -42.8471	  173.1810
0.298	 2.07	 1	 -42.3044	  173.6591
0.298	 2.52	 1	 -42.4646	  172.9040
0.299	 2.10	 1	 -42.0061	  172.4501
0.300	 2.33	 1	 -42.0119	  173.6920
0.300	 2.12	 1	 -42.8031	  172.5956
0.301	 2.67	 1	 -43.2076	  173.1339
0.302	 2.98	 1	 -42.2015	  173.5815
0.303	 2.48	 1	 -41.8155	  173.7365
0.305	 2.94	 1	 -42.2766	  173.7314
0.305	 2.27	 1	 -42.6728	  172.7281
0.306	 2.39	 1	 -42.0994	  173.3386
0.306	 2.64	 1	 -42.4842	  173.1631
0.306	 2.80	 1	 -41.7931	  174.2596
0.308	 2.31	 1	 -42.7078	  172.6882
0.309	 3.40	 1	 -41.8754	  173.7265
0.312	 3.28	 1	 -43.1801	  173.2361
0.312	 2.69	 1	 -42.6966	  172.6293
0.312	 2.40	 1	 -42.5524	  173.0663
0.313	 2.10	 1	 -42.6216	  172.4653
0.313	 2.02	 1	 -42.1647	  173.6372
0.314	 2.29	 1	 -42.6564	  173.3548
0.315	 2.44	 1	 -42.1744	  173.6123
0.315	 2.27	 1	 -42.0223	  173.7611
0.318	 2.07	 1	 -41.8400	  174.0467
0.319	 2.19	 1	 -42.9733	  173.5874
0.320	 2.22	 1	 -42.4915	  173.7021
0.321	 2.44	 1	 -42.2897	  173.6902
0.322	 2.77	 1	 -42.8026	  173.1623
0.322	 2.09	 2	 -41.8896	  177.7922
0.323	 2.03	 1	 -42.6579	  172.6929
0.323	 2.48	 1	 -41.9227	  173.6979
0.324	 2.11	 1	 -43.0513	  173.5286
0.324	 2.69	 1	 -42.9700	  172.7083
0.324	 2.32	 1	 -42.9413	  172.9062
0.325	 2.39	 1	 -42.4233	  173.9588
0.326	 2.04	 1	 -42.7610	  173.0734
0.327	 2.11	 1	 -41.2902	  169.2105
0.327	 2.42	 2	 -42.2005	  173.6069
0.327	 2.23	 1	 -42.2334	  173.4284
0.328	 2.38	 2	 -42.3678	  173.7735
0.328	 2.57	 1	 -42.6683	  173.1547
0.328	 2.07	 1	 -44.0727	  174.0225
0.329	 2.09	 1	 -42.8111	  172.2509
0.329	 2.35	 1	 -41.6830	  174.4248
0.331	 2.01	 1	 -42.5317	  173.7378
0.332	 2.56	 1	 -42.9233	  172.6863
0.332	 3.28	 1	 -41.3398	  171.9545
0.333	 2.43	 1	 -42.1498	  173.6408
0.334	 2.14	 1	 -42.0216	  173.6752
0.334	 2.37	 1	 -46.7320	  175.7098
0.334	 2.01	 1	 -42.2247	  173.6596
0.334	 2.59	 1	 -43.3221	  172.9853
0.335	 2.04	 1	 -42.5757	  173.1225
0.337	 2.31	 1	 -41.9959	  173.5148
0.338	 2.20	 1	 -42.2553	  173.6319
0.338	 2.47	 1	 -41.5698	  174.0915
0.338	 2.36	 1	 -42.0896	  174.1565
0.339	 2.72	 1	 -40.5875	  173.7121
0.339	 2.22	 1	 -43.3363	  174.5458
0.339	 2.10	 1	 -42.4709	  174.8630
0.339	 2.11	 1	 -44.5112	  178.8335
0.340	 2.01	 1	 -42.4311	  173.7917
0.341	 2.32	 1	 -41.8614	  172.2989
0.342	 2.04	 1	 -45.5513	  177.7444
0.343	 2.19	 1	 -41.8665	  173.9480
0.343	 2.11	 1	 -42.5931	  173.8152
0.344	 2.29	 1	 -42.5484	  173.0412
0.346	 2.64	 1	 -41.7897	  174.1806
0.347	 2.97	 1	 -42.6005	  172.9091
0.347	 2.58	 1	 -42.1467	  173.0952
0.348	 2.12	 1	 -42.3694	  173.8639
0.348	 2.37	 1	 -41.7854	  174.4010
0.348	 2.03	 1	 -42.2914	  173.6001
0.349	 2.49	 1	 -42.5756	  174.3711
0.349	 2.06	 1	 -42.7675	  173.0775
0.351	 2.27	 1	 -41.9446	  173.8894
0.351	 2.36	 1	 -42.4322	  173.1534
0.352	 2.16	 1	 -42.7154	  173.0516
0.352	 2.63	 1	 -43.5505	  170.5459
0.353	 2.08	 1	 -42.0168	  174.3305
0.353	 2.39	 1	 -42.7277	  172.1931
0.355	 2.13	 1	 -41.7671	  174.2958
0.356	 2.17	 1	 -41.7253	  173.9478
0.357	 2.13	 1	 -42.2903	  173.6681
0.358	 2.28	 1	 -42.6288	  173.2097
0.358	 3.17	 1	 -42.7321	  176.4384
0.358	 2.31	 1	 -42.4860	  173.8228
0.358	 2.00	 1	 -42.0215	  173.8168
0.358	 2.20	 1	 -42.0946	  173.5072
0.359	 2.02	 1	 -41.7379	  174.3674
0.359	 2.41	 1	 -42.5699	  173.0467
0.362	 2.20	 1	 -41.6755	  174.2479
0.366	 2.06	 1	 -43.4828	  173.5314
0.366	 2.11	 1	 -42.0044	  173.6388
0.366	 2.62	 1	 -42.2914	  173.7141
0.367	 2.07	 1	 -42.8042	  173.2629
0.367	 2.27	 1	 -42.4459	  173.7253
0.367	 2.18	 1	 -43.3029	  173.1145
0.368	 3.02	 1	 -42.4063	  173.0176
0.368	 3.20	 1	 -42.5093	  173.0018
0.368	 3.13	 1	 -42.7088	  173.7333
0.369	 2.57	 1	 -41.9429	  173.7134
0.371	 2.37	 1	 -42.1146	  173.5943
0.371	 3.47	 1	 -45.4589	  174.5098
0.372	 2.28	 1	 -42.8406	  173.2997
0.372	 2.81	 1	 -41.6974	  174.3074
0.372	 2.28	 2	 -41.8556	  174.3853
0.372	 2.29	 1	 -42.9037	  172.8446
0.374	 2.41	 1	 -42.4939	  172.3321
0.374	 2.21	 1	 -41.6223	  174.0039
0.377	 2.10	 1	 -42.1297	  173.5273
0.378	 2.63	 1	 -42.0736	  173.8506
0.378	 3.12	 2	 -42.1093	  179.7715
0.381	 2.16	 1	 -42.6292	  174.0953
0.382	 2.97	 1	 -42.4288	  173.9026
0.382	 3.07	 1	 -43.0872	  174.0532
0.382	 2.05	 1	 -42.1497	  173.6984
0.383	 3.32	 1	 -42.3047	  173.6888
0.383	 2.28	 1	 -42.3449	  173.6360
0.384	 2.61	 1	 -42.2177	  173.6751
0.388	 2.58	 1	 -41.5921	  173.7204
0.389	 2.16	 1	 -42.5713	  173.1490
0.389	 2.05	 1	 -43.6336	  173.1308
0.390	 2.40	 1	 -42.3311	  173.4821
0.391	 4.14	 1	 -42.1514	  173.5985
0.392	 2.21	 1	 -41.9966	  173.7537
0.393	 2.16	 1	 -43.0726	  173.2884
0.393	 2.51	 1	 -42.3179	  172.2427
0.394	 3.09	 2	 -42.1389	  173.8398
0.396	 2.33	 1	 -41.8907	  174.2129
0.396	 2.48	 1	 -41.8252	  174.2588
0.397	 2.63	 1	 -41.7429	  174.1640
0.398	 2.07	 1	 -39.2570	  176.9693
0.398	 2.02	 1	 -41.7301	  174.2160
0.399	 2.01	 1	 -42.5139	  173.7758
0.399	 2.78	 1	 -41.7578	  174.3535
0.400	 2.87	 1	 -42.6256	  172.9267
0.403	 2.01	 1	 -42.7673	  173.1547
0.403	 2.08	 1	 -42.5445	  173.8529
0.403	 3.19	 1	 -42.8891	  172.5119
0.405	 3.64	 1	 -42.5292	  173.7745
0.405	 2.88	 1	 -46.9382	  171.0069
0.406	 2.86	 1	 -42.5381	  173.1671
0.406	 2.29	 1	 -42.6267	  172.7376
0.407	 2.40	 1	 -41.7050	  174.0980
0.407	 2.46	 1	 -41.9824	  173.7989
0.407	 2.76	 1	 -42.2000	  173.6631
0.407	 2.66	 1	 -42.1304	  173.4841
0.409	 2.38	 1	 -43.0933	  173.9617
0.409	 2.75	 1	 -42.2734	  173.6139
0.411	 2.20	 1	 -42.0185	  173.7217
0.411	 2.22	 1	 -45.5345	  168.2811
0.412	 2.10	 2	 -42.2018	  173.7107
0.412	 2.54	 1	 -41.9245	  173.4884
0.413	 2.21	 1	 -42.4279	  173.9751
0.414	 2.40	 1	 -42.2455	  173.9527
0.415	 2.19	 1	 -42.1745	  173.6091
0.416	 2.14	 1	 -42.8485	  172.4820
0.417	 3.14	 1	 -45.8400	  173.1031
0.418	 2.04	 1	 -41.8490	  174.2205
0.418	 2.11	 1	 -42.2594	  173.7396
0.419	 2.07	 1	 -43.1267	  172.6273
0.420	 2.68	 1	 -44.9983	  173.1546
0.420	 2.57	 1	 -42.3568	  173.6829
0.420	 3.01	 1	 -41.7087	  174.1741
0.420	 2.63	 1	 -41.7933	  174.1631
0.421	 2.39	 1	 -42.3514	  174.4904
0.421	 3.46	 1	 -41.7200	  174.2293
0.422	 3.05	 1	 -42.3251	  173.7035
0.422	 2.70	 1	 -42.6180	  172.2785
0.422	 2.82	 1	 -41.6039	  174.3054
0.424	 2.42	 1	 -42.0114	  173.8272
0.425	 2.42	 1	 -42.0507	  172.7307
0.425	 2.02	 1	 -42.6360	  172.6754
0.425	 2.04	 1	 -42.0746	  170.8521
0.425	 2.34	 1	 -42.6854	  172.9547
0.426	 2.09	 1	 -42.1907	  173.7350
0.426	 2.35	 1	 -42.0763	  173.4835
0.426	 2.79	 1	 -41.9901	  174.0491
0.426	 2.26	 1	 -42.2124	  173.5425
0.427	 2.13	 1	 -42.6383	  172.7553
0.428	 2.03	 1	 -42.5012	  172.8368
0.429	 2.18	 1	 -41.0727	  171.6435
0.429	 3.04	 1	 -42.4266	  173.3504
0.429	 2.09	 1	 -41.7098	  174.2891
0.430	 2.57	 1	 -42.5183	  173.7644
0.432	 3.71	 1	 -42.2782	  172.4359
0.432	 3.76	 1	 -41.7510	  173.2567
0.434	 2.10	 1	 -42.2414	  173.7374
0.434	 2.75	 1	 -42.6735	  172.9519
0.435	 3.01	 1	 -42.4091	  173.1538
0.435	 3.06	 1	 -42.1500	  173.6768
0.437	 3.16	 1	 -42.6394	  173.0706
0.437	 2.09	 1	 -42.5607	  172.0392
0.438	 2.57	 1	 -42.1656	  173.5770
0.440	 2.18	 1	 -42.8082	  173.8825
0.440	 2.04	 1	 -43.1944	  168.7161
0.441	 2.35	 1	 -42.5568	  173.1548
0.442	 2.89	 1	 -41.8548	  174.2479
0.443	 2.32	 1	 -42.1781	  173.8094
0.444	 2.34	 1	 -41.7496	  174.1214
0.444	 2.08	 1	 -41.9206	  173.6706
0.447	 2.07	 1	 -41.8296	  174.4455
0.447	 2.19	 1	 -41.9869	  173.6761
0.453	 2.51	 1	 -42.5851	  172.7907
0.454	 2.04	 1	 -42.4878	  171.8532
0.455	 2.02	 1	 -41.7916	  174.0276
0.455	 2.37	 1	 -41.9373	  174.2030
0.457	 2.03	 1	 -42.8458	  173.7963
0.458	 2.08	 1	 -42.9480	  172.6014
0.459	 2.29	 1	 -41.7881	  174.2285
0.462	 2.05	 1	 -43.0483	  173.5345
0.462	 2.00	 1	 -42.6828	  174.5819
0.464	 2.67	 1	 -42.7223	  172.9383
0.464	 2.08	 1	 -37.5574	  174.8452
0.464	 2.04	 1	 -41.9064	  173.7348
0.465	 2.52	 1	 -41.8108	  174.2347
0.465	 2.51	 1	 -41.8762	  174.3512
0.467	 2.17	 1	 -42.7496	  172.9206
0.468	 2.26	 1	 -41.8377	  174.3244
0.470	 2.21	 1	 -42.1110	  173.5981
0.470	 2.03	 1	 -42.0556	  172.8118
0.471	 2.09	 1	 -42.1568	  173.8446
0.471	 2.09	 1	 -41.7939	  174.2728
0.472	 2.29	 1	 -42.8730	  172.4562
0.473	 2.85	 1	 -42.4139	  173.7280
0.474	 2.51	 1	 -42.5130	  173.1302
0.475	 2.70	 1	 -42.2176	  173.6292
0.475	 2.14	 1	 -42.7050	  173.3122
0.476	 2.18	 1	 -42.2549	  173.6167
0.476	 2.12	 1	 -41.8229	  173.2131
0.476	 2.27	 1	 -42.6233	  172.5466
0.479	 2.06	 1	 -41.7932	  174.2032
0.480	 2.02	 1	 -42.3052	  173.9962
0.481	 3.29	 1	 -42.4896	  173.1908
0.482	 2.24	 1	 -42.5118	  173.7795
0.486	 2.18	 1	 -42.5812	  172.8159
0.487	 2.35	 1	 -42.3371	  173.7153
0.487	 3.58	 1	 -41.7194	  174.0813
0.493	 2.93	 1	 -43.5006	  172.3564
0.495	 2.53	 1	 -42.7608	  172.8282
0.497	 2.18	 1	 -42.2409	  173.6735
0.498	 2.22	 1	 -42.3457	  173.6830
0.498	 2.83	 1	 -41.9244	  173.9097
0.502	 2.01	 1	 -42.1208	  173.5554
0.503	 2.38	 1	 -42.1353	  173.4786
0.503	 2.01	 1	 -42.0374	  173.7873
0.503	 2.18	 1	 -42.3917	  173.7250
0.503	 3.73	 1	 -41.9718	  173.7243
0.505	 2.43	 1	 -42.3032	  173.8114
0.508	 2.78	 1	 -42.1233	  173.8439
0.509	 2.04	 1	 -42.4333	  173.8326
0.511	 2.01	 1	 -42.1129	  173.6314
0.511	 2.33	 1	 -42.7907	  172.8143
0.512	 2.14	 1	 -42.5054	  172.9191
0.513	 2.15	 1	 -41.8313	  174.3607
0.513	 4.37	 1	 -46.4636	  173.5313
0.515	 2.55	 1	 -42.4373	  173.7846
0.516	 4.03	 1	 -42.6091	  172.4204
0.517	 2.05	 1	 -43.8850	  172.5202
0.518	 3.07	 1	 -41.6517	  174.2421
0.520	 3.78	 1	 -42.6329	  172.9651
0.520	 2.04	 1	 -42.2643	  173.6546
0.520	 2.06	 1	 -42.1636	  173.6289
0.520	 2.22	 1	 -42.8771	  172.2503
0.520	 2.42	 1	 -42.8324	  173.2695
0.521	 2.71	 1	 -42.5618	  172.9791
0.522	 2.01	 1	 -38.2130	  173.5553
0.523	 3.98	 1	 -42.4595	  173.3163
0.523	 2.53	 1	 -42.1982	  173.6436
0.524	 2.02	 1	 -42.6712	  174.5222
0.525	 2.50	 1	 -42.7078	  172.8465
0.526	 2.54	 1	 -43.0222	  173.4929
0.526	 2.42	 1	 -41.6860	  174.2760
0.529	 2.30	 1	 -40.5793	  173.0165
0.529	 2.61	 1	 -43.2481	  173.9290
0.530	 2.37	 1	 -44.1459	  172.8109
0.530	 2.70	 1	 -42.6503	  173.2305
0.530	 3.38	 1	 -42.0792	  173.1696
0.531	 2.10	 1	 -42.2146	  173.5167
0.531	 2.70	 1	 -41.9852	  173.7487
0.532	 2.01	 1	 -42.0729	  174.3437
0.536	 2.00	 1	 -42.4180	  173.8219
0.536	 2.76	 1	 -42.1791	  173.5771
0.536	 2.12	 1	 -42.5507	  173.6482
0.539	 2.16	 1	 -42.1873	  173.4326
0.541	 2.37	 2	 -41.8478	  173.9666
0.543	 2.28	 1	 -42.4797	  173.1491
0.543	 2.62	 1	 -42.7748	  172.9987
0.544	 2.26	 1	 -41.5933	  173.4715
0.545	 2.74	 1	 -41.7911	  174.3766
0.546	 3.51	 1	 -42.1955	  173.6462
0.551	 2.47	 1	 -42.0355	  173.6824
0.552	 2.40	 1	 -44.0695	  170.4008
0.553	 3.35	 1	 -42.2069	  173.6313
0.554	 2.17	 1	 -42.0408	  173.9645
0.555	 2.19	 2	 -42.4648	  173.6137
0.556	 2.25	 1	 -42.3518	  174.0929
0.558	 2.03	 1	 -42.5928	  173.1523
0.558	 2.08	 1	 -42.1531	  173.5952
0.558	 2.46	 1	 -42.7682	  173.4549
0.559	 2.65	 1	 -42.5723	  172.8293
0.560	 2.31	 1	 -42.1853	  173.6933
0.560	 2.41	 1	 -41.9421	  171.7533
0.562	 2.78	 1	 -43.1646	  173.3250
0.563	 2.37	 1	 -42.5698	  173.0668
0.566	 2.36	 1	 -41.9272	  173.6860
0.566	 2.19	 1	 -43.0338	  173.0017
0.566	 2.66	 1	 -40.3570	  172.9244
0.570	 2.73	 1	 -41.9795	  173.7327
0.570	 2.12	 1	 -42.5515	  173.0894
0.570	 2.00	 1	 -41.9650	  173.7240
0.570	 2.35	 1	 -41.7359	  174.1174
0.571	 2.29	 1	 -42.2457	  173.4672
0.572	 3.59	 1	 -42.7579	  173.4059
0.574	 2.80	 1	 -42.0117	  173.6949
0.574	 2.50	 1	 -42.2379	  166.9357
0.576	 2.68	 1	 -42.8494	  173.6117
0.577	 2.50	 1	 -42.7852	  173.1053
0.578	 2.35	 1	 -42.7435	  173.5960
0.578	 2.93	 1	 -41.9900	  173.2170
0.579	 2.39	 1	 -41.8749	  173.9753
0.580	 2.48	 1	 -42.6540	  170.0280
0.581	 2.13	 1	 -42.5596	  173.0751
0.581	 2.39	 1	 -42.5319	  172.8767
0.583	 2.26	 1	 -41.7875	  174.2681
0.585	 2.08	 1	 -42.6599	  172.9624
0.586	 2.83	 1	 -41.7162	  174.2096
0.587	 2.55	 2	 -47.2376	  174.3477
0.587	 2.10	 2	 -42.0105	  173.5759
0.587	 2.64	 1	 -41.9826	  173.9671
0.588	 2.32	 1	 -42.5997	  173.7985
0.590	 2.15	 1	 -42.2396	  174.0824
0.592	 2.26	 1	 -41.7027	  174.2389
0.592	 2.29	 1	 -42.4595	  173.3050
0.594	 3.01	 1	 -42.0176	  173.8273
0.595	 2.72	 1	 -42.5753	  174.4573
0.596	 2.45	 1	 -41.6008	  173.2278
0.598	 2.77	 1	 -43.4235	  171.9446
0.599	 2.69	 1	 -41.9333	  173.6490
0.599	 2.24	 1	 -42.2734	  173.6688
0.599	 2.64	 1	 -42.5596	  173.0501
0.602	 2.01	 1	 -42.2380	  173.6639
0.603	 2.55	 1	 -45.1734	  173.4672
0.603	 2.02	 1	 -42.4797	  173.8686
0.605	 2.62	 1	 -42.0155	  173.6274
0.607	 2.21	 1	 -42.5854	  172.8548
0.607	 2.02	 1	 -42.6477	  173.2889
0.609	 2.04	 1	 -42.3567	  171.4285
0.610	 2.16	 1	 -42.7301	  173.1326
0.610	 2.29	 1	 -42.6164	  173.0119
0.611	 2.18	 1	 -42.3043	  173.6708
0.613	 2.56	 1	 -42.6942	  172.9354
0.616	 2.07	 1	 -42.2552	  173.6405
0.616	 2.90	 1	 -42.7727	  172.4802
0.617	 2.33	 1	 -42.3223	  173.8894
0.618	 3.41	 1	 -42.6617	  172.7672
0.618	 2.33	 2	 -41.8511	  174.3488
0.618	 2.23	 1	 -42.1600	  173.6820
0.619	 2.34	 1	 -41.7570	  174.2800
0.620	 2.16	 1	 -42.6770	  173.4399
0.620	 2.29	 1	 -42.3402	  173.7477
0.625	 2.44	 1	 -41.8503	  173.9561
0.626	 2.01	 1	 -42.3027	  173.5148
0.627	 2.51	 1	 -42.4458	  173.7606
0.627	 2.98	 1	 -41.5741	  173.4048
0.628	 2.74	 1	 -43.3869	  171.8217
0.628	 2.34	 1	 -44.0943	  173.7776
0.629	 3.10	 1	 -42.3253	  173.5828
0.630	 2.72	 2	 -42.4930	  173.2003
0.631	 2.87	 1	 -42.6381	  172.9739
0.631	 2.68	 1	 -42.6821	  172.9764
0.633	 3.51	 1	 -42.5638	  173.0434
0.633	 2.24	 1	 -42.7935	  173.0656
0.635	 2.77	 1	 -42.7374	  172.9511
0.635	 2.40	 1	 -41.6720	  174.3725
0.636	 2.53	 1	 -42.7383	  173.0144
0.637	 2.22	 1	 -42.5722	  173.1068
0.638	 2.14	 1	 -43.1402	  173.4789
0.638	 2.40	 1	 -42.3011	  173.8770
0.639	 2.04	 1	 -41.8316	  174.1864
0.641	 2.29	 1	 -38.4483	  176.3397
0.642	 2.14	 1	 -42.4141	  173.4279
0.644	 2.39	 1	 -41.7962	  174.1456
0.646	 2.21	 1	 -42.2458	  173.6535
0.647	 2.23	 1	 -42.2561	  172.7627
0.650	 3.52	 1	 -42.1631	  174.1579
0.651	 2.28	 1	 -42.3508	  173.1851
0.653	 2.53	 1	 -41.8179	  174.2256
0.655	 2.47	 1	 -41.6471	  174.3190
0.655	 2.64	 1	 -42.5033	  173.2074
0.658	 2.54	 1	 -40.8387	  173.1921
0.659	 2.14	 1	 -42.6773	  172.7533
0.659	 2.96	 1	 -42.2181	  173.7037
0.659	 2.62	 1	 -42.0184	  174.2215
0.660	 2.11	 1	 -42.2295	  173.3738
0.660	 2.51	 2	 -42.2803	  172.4349
0.660	 2.46	 1	 -42.3597	  174.1230
0.662	 2.12	 1	 -42.7946	  172.6303
0.664	 2.14	 1	 -42.4019	  173.3375
0.665	 2.53	 1	 -41.6296	  174.3870
0.670	 2.17	 1	 -42.6280	  172.9539
0.671	 2.14	 1	 -42.5606	  172.8319
0.672	 2.19	 1	 -44.6285	  171.7176
0.674	 2.07	 1	 -42.1490	  173.4486
0.675	 2.28	 1	 -41.8315	  173.4498
0.676	 2.52	 1	 -43.9177	  172.1191
0.677	 2.03	 1	 -42.0026	  173.8183
0.678	 2.37	 1	 -41.7583	  174.4226
0.679	 2.84	 1	 -43.0554	  173.5043
0.682	 2.18	 1	 -42.1846	  173.9434
0.682	 3.12	 1	 -42.8110	  172.6416
0.684	 2.14	 1	 -42.2195	  173.5177
0.685	 2.16	 1	 -42.1422	  173.7593
0.688	 3.32	 1	 -42.1825	  172.8344
0.689	 3.47	 1	 -42.6670	  173.1428
0.689	 2.04	 1	 -42.8423	  174.4405
0.691	 2.96	 1	 -42.2510	  173.7538
0.691	 2.20	 1	 -41.7382	  174.2797
0.695	 2.25	 1	 -41.6806	  174.2127
0.695	 2.10	 1	 -42.3086	  173.4732
0.695	 2.05	 1	 -42.6937	  173.0639
0.698	 2.11	 1	 -41.7894	  174.2408
0.698	 2.17	 1	 -41.6586	  173.0459
0.700	 2.74	 2	 -42.1903	  173.6539
0.701	 2.34	 1	 -42.6631	  172.8751
0.702	 2.05	 1	 -41.9549	  173.6630
0.703	 2.01	 1	 -42.4037	  173.3008
0.705	 2.57	 1	 -42.6985	  173.0523
0.705	 2.42	 1	 -42.6318	  173.0267
0.707	 2.02	 1	 -41.7643	  174.1590
0.708	 2.11	 1	 -42.0052	  173.5984
0.708	 2.24	 1	 -41.9452	  173.6625
0.709	 2.05	 1	 -42.3713	  173.3050
0.709	 2.06	 1	 -41.8238	  174.0499
0.712	 3.18	 1	 -42.8452	  172.5772
0.713	 2.09	 1	 -44.6335	  167.5036
0.714	 2.41	 1	 -42.6924	  172.9104
0.715	 2.11	 1	 -42.1377	  173.7379
0.718	 3.05	 1	 -41.9543	  173.7151
0.719	 2.31	 1	 -42.4704	  172.5818
0.719	 2.10	 1	 -42.5100	  173.3710
0.720	 2.43	 1	 -42.3155	  174.1190
0.721	 2.55	 1	 -42.6769	  172.5852
0.723	 2.88	 1	 -42.5610	  172.7796
0.728	 3.23	 1	 -38.9546	  173.3551
0.729	 2.22	 1	 -41.7538	  174.1944
0.729	 2.32	 1	 -42.1064	  173.6756
0.730	 2.84	 1	 -42.9520	  172.6850
0.731	 3.32	 2	 -42.8353	  173.1903
0.735	 2.23	 1	 -42.2833	  173.9871
0.735	 2.37	 1	 -42.7516	  173.5014
0.738	 2.13	 1	 -44.1430	  174.9618
0.738	 2.67	 2	 -42.1299	  173.5672
0.739	 2.92	 1	 -43.1903	  173.2425
0.742	 2.68	 1	 -41.7553	  174.2632
0.743	 2.11	 1	 -42.9437	  175.9147
0.745	 2.22	 1	 -42.1510	  173.6022
0.746	 2.62	 1	 -42.0426	  173.7666
0.746	 3.84	 1	 -42.3331	  173.6259
0.748	 2.11	 1	 -41.6113	  174.5559
0.749	 2.71	 1	 -42.4723	  172.7311
0.749	 2.25	 2	 -41.4235	  174.2111
0.752	 2.71	 1	 -42.5346	  173.9072
0.753	 3.20	 1	 -42.9016	  172.1228
0.756	 2.13	 1	 -42.6114	  173.0886
0.759	 3.01	 1	 -41.8866	  173.6852
0.759	 2.04	 1	 -42.0239	  173.9857
0.759	 3.65	 1	 -42.2238	  173.6507
0.761	 2.07	 1	 -41.6990	  174.3077
0.762	 3.05	 2	 -42.7584	  176.4553
0.763	 2.21	 1	 -42.2307	  174.1167
0.766	 2.42	 1	 -41.9043	  174.4808
0.768	 2.21	 1	 -42.6154	  172.9184
0.768	 2.25	 1	 -42.6372	  172.9811
0.769	 2.36	 1	 -42.2107	  173.6743
0.769	 2.47	 1	 -41.3383	  170.7977
0.770	 2.27	 1	 -39.3077	  171.5194
0.772	 2.04	 1	 -40.9982	  174.2174
0.773	 2.72	 1	 -42.6807	  172.8561
0.774	 2.03	 1	 -41.9395	  174.0351
0.777	 2.17	 2	 -41.7012	  174.2749
0.780	 2.00	 1	 -42.5971	  172.9510
0.781	 2.54	 1	 -42.1818	  173.5816
0.784	 2.06	 1	 -42.2604	  173.6662
0.785	 2.15	 3	 -42.1831	  173.6560
0.786	 3.34	 1	 -41.6916	  174.3526
0.789	 2.28	 1	 -45.2831	  178.0227
0.792	 3.21	 1	 -41.8348	  174.2227
0.792	 2.53	 1	 -42.1586	  173.1795
0.793	 2.54	 1	 -41.6901	  174.3010
0.797	 2.40	 1	 -42.2441	  173.7153
0.798	 2.37	 1	 -42.5590	  172.4920
0.800	 2.79	 1	 -41.1888	  179.6774
0.801	 2.64	 1	 -41.8866	  172.1068
0.803	 2.18	 1	 -42.1822	  173.4892
0.804	 2.98	 2	 -41.7938	  174.6349
0.804	 2.07	 1	 -42.0261	  172.8337
0.807	 2.02	 1	 -42.1234	  179.0907
0.808	 3.40	 1	 -42.1261	  173.6562
0.812	 2.34	 1	 -42.5817	  173.0245
0.812	 2.55	 1	 -42.5215	  173.0496
0.813	 2.32	 1	 -42.4878	  172.8903
0.813	 2.56	 1	 -42.4966	  173.3952
0.814	 2.22	 1	 -41.6625	  174.3347
0.821	 2.16	 1	 -43.1768	  172.8135
0.822	 2.52	 1	 -42.7908	  173.9171
0.823	 2.61	 1	 -42.2673	  173.5987
0.828	 3.03	 1	 -42.3317	  173.2891
0.836	 2.89	 1	 -42.3197	  173.5152
0.838	 2.35	 1	 -42.9464	  173.0531
0.840	 2.09	 1	 -43.1322	  172.9531
0.842	 2.11	 1	 -43.0352	  173.0818
0.843	 2.24	 1	 -42.1467	  173.5225
0.844	 2.96	 1	 -42.0569	  173.8560
0.845	 3.11	 1	 -42.0173	  173.7352
0.846	 2.18	 1	 -43.8436	  172.3287
0.848	 2.37	 2	 -41.8041	  174.6035
0.848	 2.53	 1	 -41.9083	  173.8833
0.850	 3.79	 1	 -42.1984	  173.5241
0.850	 2.67	 1	 -42.4664	  171.5873
0.850	 2.47	 1	 -42.9773	  173.0951
0.852	 2.53	 1	 -42.2220	  173.7378
0.852	 2.76	 1	 -42.3963	  173.8818
0.852	 2.13	 1	 -42.9907	  173.0293
0.853	 2.06	 1	 -41.9322	  173.7557
0.854	 3.78	 1	 -42.5267	  173.7410
0.855	 2.56	 1	 -42.5095	  173.0666
0.858	 2.56	 1	 -42.6774	  172.8279
0.862	 2.44	 1	 -42.3244	  173.6664
0.862	 3.60	 1	 -42.5593	  173.1530
0.863	 3.78	 1	 -42.6478	  172.7293
0.866	 5.21	 1	 -43.1510	  172.6924
0.869	 2.12	 2	 -43.1591	  172.6913
0.870	 2.42	 1	 -42.4122	  173.3133
0.870	 2.97	 1	 -43.4137	  174.1061
0.876	 2.37	 1	 -42.3279	  173.0849
0.876	 2.30	 1	 -42.2918	  173.7524
0.877	 2.03	 1	 -42.7044	  173.1762
0.877	 2.19	 2	 -42.1739	  173.4125
0.878	 2.36	 1	 -41.9610	  173.6836
0.878	 2.04	 1	 -42.4034	  173.2708
0.878	 2.23	 1	 -41.8440	  174.0067
0.878	 2.15	 1	 -42.1377	  173.5742
0.879	 2.88	 1	 -42.1630	  173.4710
0.880	 2.59	 1	 -41.6949	  174.1711
0.880	 2.36	 1	 -42.4073	  173.7932
0.880	 2.31	 1	 -44.0062	  172.2726
0.883	 2.07	 1	 -42.2190	  173.6891
0.883	 2.31	 1	 -42.6587	  172.7917
0.884	 2.74	 1	 -40.6726	  174.7185
0.886	 2.11	 1	 -42.3347	  173.9234
0.886	 2.13	 1	 -42.1496	  173.6430
0.887	 2.09	 1	 -42.6914	  173.2047
0.888	 2.31	 1	 -42.3539	  173.7291
0.888	 2.13	 1	 -42.3149	  173.7853
0.897	 2.26	 1	 -41.4894	  174.1770
0.898	 2.37	 1	 -41.8926	  173.7612
0.903	 2.65	 1	 -42.7816	  173.3526
0.906	 2.45	 1	 -41.7251	  174.2039
0.909	 2.01	 1	 -43.0624	  173.3124
0.909	 2.17	 1	 -42.1899	  173.6254
0.910	 2.02	 1	 -41.8558	  174.3450
0.911	 2.33	 1	 -42.6387	  173.4979
0.912	 2.18	 1	 -42.0307	  173.7943
0.914	 2.01	 1	 -39.9530	  168.1708
0.918	 2.28	 1	 -42.5658	  173.1624
0.919	 2.07	 1	 -42.7703	  172.9754
0.920	 2.62	 1	 -42.5706	  173.0968
0.925	 2.09	 1	 -41.6736	  174.0055
0.925	 2.48	 1	 -42.5360	  172.9464
0.926	 2.02	 1	 -41.6760	  174.1563
0.926	 2.00	 1	 -42.8870	  173.2991
0.928	 2.15	 1	 -42.8707	  173.0425
0.935	 3.24	 1	 -42.9129	  173.4467
0.937	 2.46	 1	 -41.9553	  173.8360
0.938	 2.47	 1	 -41.8631	  173.6404
0.942	 2.77	 1	 -42.3528	  173.2396
0.944	 2.07	 1	 -41.8691	  174.1713
0.945	 2.33	 1	 -42.6843	  172.8313
0.947	 2.02	 1	 -42.3451	  173.1992
0.948	 2.04	 1	 -41.8972	  174.0738
0.950	 2.70	 1	 -42.5451	  173.0784
0.951	 2.02	 1	 -42.1891	  173.4433
0.951	 2.32	 1	 -42.0683	  173.7300
0.952	 2.38	 1	 -42.1698	  173.8424
0.956	 2.02	 2	 -42.8562	  173.1537
0.958	 2.37	 1	 -42.5772	  172.8812
0.959	 2.72	 1	 -42.2412	  173.7086
0.960	 2.95	 1	 -42.7426	  173.4400
0.960	 2.57	 1	 -43.1302	  172.8942
0.962	 2.93	 1	 -44.1682	  175.4397
0.963	 2.25	 1	 -41.7635	  174.1849
0.967	 2.02	 1	 -42.9699	  173.2041
0.969	 2.17	 1	 -42.9335	  172.7721
0.970	 2.15	 1	 -41.7560	  173.9458
0.971	 2.20	 1	 -42.0711	  173.4811
0.971	 3.52	 1	 -41.9930	  173.8072
0.974	 2.11	 1	 -42.9904	  173.4188
0.974	 2.07	 1	 -43.0061	  170.9088
0.977	 2.02	 1	 -42.5686	  173.2586
0.977	 2.21	 1	 -42.5793	  172.8278
0.980	 2.29	 1	 -42.7041	  172.9745
0.980	 2.17	 1	 -42.3880	  173.1614
0.981	 2.49	 1	 -41.8056	  174.4075
0.981	 2.33	 1	 -42.3983	  173.3522
0.981	 2.59	 1	 -42.5868	  172.9546
0.982	 2.34	 1	 -41.7289	  174.3409
0.982	 2.50	 1	 -42.2856	  173.5547
0.984	 3.34	 1	 -42.2526	  173.6485
0.984	 2.53	 1	 -42.1450	  173.6147
0.985	 2.40	 1	 -42.6925	  173.0135
0.986	 2.20	 1	 -42.6895	  172.7331
0.986	 2.17	 2	 -43.1356	  172.6839
0.988	 3.03	 1	 -42.9534	  173.6074
0.993	 2.21	 1	 -41.8009	  174.1560
0.994	 2.21	 1	 -41.2958	  173.0811
0.994	 2.30	 1	 -42.5686	  173.1870
0.997	 4.27	 1	 -42.9310	  172.6177
1.002	 2.08	 1	 -42.0701	  173.7593
1.003	 2.12	 1	 -42.6566	  172.8902
1.003	 2.07	 1	 -42.2531	  173.7818
1.004	 2.21	 1	 -42.6846	  173.7231
1.004	 2.16	 1	 -41.0565	  172.7119
1.005	 2.50	 2	 -42.7195	  173.1735
1.005	 2.09	 1	 -41.9519	  173.2787
1.011	 2.39	 2	 -41.5845	  174.4441
1.012	 2.66	 1	 -42.2467	  173.4797
1.017	 2.47	 1	 -41.7028	  174.0843
1.019	 3.04	 1	 -42.8381	  173.6618
1.020	 2.59	 1	 -42.4896	  172.9743
1.020	 2.28	 1	 -42.7774	  173.3263
1.028	 2.18	 2	 -42.7669	  173.4184
1.031	 2.08	 1	 -41.8046	  174.1398
1.031	 3.25	 1	 -42.2517	  173.5980
1.034	 2.43	 1	 -38.2094	  173.4952
1.034	 2.44	 1	 -41.7679	  174.2567
1.034	 2.62	 1	 -42.7443	  172.9201
1.035	 2.96	 1	 -38.7989	  173.0335
1.038	 2.18	 1	 -43.3007	  174.5789
1.040	 4.35	 1	 -42.2050	  174.5830
1.040	 2.25	 1	 -42.0495	  173.7050
1.042	 2.45	 1	 -41.6745	  174.3341
1.045	 2.09	 1	 -42.2222	  173.6303
1.046	 2.02	 1	 -41.9284	  176.4528
1.048	 2.11	 1	 -41.7885	  172.5930
1.048	 3.05	 1	 -42.0787	  173.5856
1.049	 2.35	 1	 -42.3119	  172.1282
1.051	 2.04	 1	 -41.9231	  173.6364
1.059	 2.40	 2	 -43.1656	  172.7803
1.060	 2.17	 1	 -42.0921	  173.4992
1.060	 2.33	 1	 -40.3050	  168.0987
1.062	 2.68	 1	 -41.8601	  173.8138
1.065	 2.56	 1	 -42.5130	  173.2940
1.066	 2.94	 1	 -42.0498	  173.6690
1.067	 2.22	 1	 -41.7327	  174.6443
1.067	 2.19	 1	 -41.7876	  174.2270
1.068	 2.35	 1	 -41.7868	  174.4380
1.070	 2.04	 1	 -42.5930	  172.9907
1.071	 2.64	 1	 -42.4652	  173.2030
1.071	 2.34	 1	 -42.5749	  172.9169
1.073	 3.59	 1	 -42.0821	  173.7158
1.074	 2.07	 1	 -42.0613	  173.7657
1.080	 2.12	 2	 -42.1963	  174.6151
1.081	 2.34	 1	 -42.2535	  173.6331
1.081	 2.71	 1	 -42.3803	  173.6655
1.082	 2.64	 1	 -42.6191	  173.1534
1.084	 2.03	 2	 -43.2095	  172.8257
1.085	 2.41	 1	 -42.3048	  173.7545
1.089	 2.97	 1	 -42.0433	  173.5197
1.090	 2.47	 1	 -42.2810	  173.7374
1.091	 2.26	 1	 -42.2161	  178.1060
1.092	 2.13	 1	 -42.5858	  170.1510
1.100	 2.24	 2	 -42.1402	  179.7843
1.100	 3.38	 1	 -42.4014	  173.1992
1.101	 3.08	 1	 -42.5583	  173.0939
1.102	 2.70	 1	 -42.9096	  173.0029
1.102	 2.09	 1	 -42.6552	  172.8413
1.103	 2.11	 1	 -42.3372	  173.8084
1.105	 2.87	 1	 -42.4110	  173.3242
1.106	 2.06	 1	 -41.9614	  174.0673
1.110	 2.28	 1	 -42.6188	  172.9458
1.111	 2.72	 1	 -42.5407	  173.0836
1.113	 2.98	 1	 -42.5158	  173.4719
1.114	 2.53	 1	 -43.9002	  172.7424
1.114	 2.14	 2	 -42.1905	  173.6604
1.116	 2.24	 1	 -43.1753	  173.5003
1.122	 3.38	 1	 -42.8476	  173.1873
1.123	 2.38	 1	 -42.0058	  173.3146
1.123	 2.28	 1	 -43.1479	  173.4285
1.126	 2.15	 1	 -42.4717	  173.1993
1.127	 2.03	 1	 -42.1616	  173.8242
1.129	 2.11	 1	 -42.6234	  172.9194
1.132	 2.04	 1	 -42.0720	  173.8995
1.132	 2.06	 1	 -42.5107	  172.3847
1.133	 3.07	 1	 -42.2116	  173.7303
1.139	 2.09	 1	 -42.2237	  173.4967
1.141	 3.20	 1	 -42.4373	  174.4151
1.142	 2.51	 1	 -46.8578	  175.3270
1.144	 2.13	 2	 -43.1481	  172.7142
1.144	 2.07	 1	 -42.6058	  172.9451
1.145	 2.07	 1	 -38.3305	  174.5074
1.147	 2.13	 1	 -42.0667	  173.8639
1.148	 2.01	 1	 -42.5368	  173.0886
1.150	 2.52	 1	 -42.4737	  173.2198
1.150	 2.02	 1	 -41.7701	  174.0543
1.153	 2.21	 1	 -42.7399	  172.7062
1.154	 2.08	 1	 -42.7548	  172.7923
1.157	 2.58	 1	 -42.2823	  173.4866
1.158	 3.14	 1	 -42.1365	  173.7153
1.160	 2.69	 1	 -42.6587	  173.9685
1.164	 3.17	 1	 -42.7509	  173.2948
1.168	 2.60	 1	 -42.1644	  173.5520
1.170	 2.00	 1	 -42.6285	  173.0962
1.173	 2.18	 1	 -41.8090	  174.1869
1.176	 2.19	 1	 -43.3756	  172.2885
1.179	 2.22	 1	 -43.2576	  173.5200
1.179	 2.18	 1	 -42.6444	  172.6944
1.182	 3.34	 1	 -42.3686	  173.8467
1.185	 2.30	 1	 -42.5000	  173.0776
1.185	 2.42	 1	 -39.6109	  174.5389
1.185	 2.27	 1	 -42.0354	  173.7352
1.187	 2.02	 1	 -42.2359	  173.5901
1.189	 2.93	 1	 -42.2972	  173.6768
1.190	 2.48	 1	 -42.2753	  173.5579
1.195	 2.04	 1	 -42.2968	  173.9741
1.198	 2.08	 1	 -42.5629	  173.0490
1.199	 2.16	 1	 -42.4159	  173.6916
1.200	 2.01	 1	 -41.7716	  174.2141
1.201	 2.58	 1	 -42.5913	  173.5438
1.203	 2.30	 2	 -41.7479	  174.3154
1.205	 2.21	 1	 -42.2160	  173.7119
1.206	 2.21	 1	 -42.4094	  173.7807
1.207	 2.36	 1	 -42.2587	  173.7325
1.210	 2.42	 1	 -41.8845	  173.3444
1.222	 2.39	 1	 -41.7265	  174.2480
1.227	 2.07	 1	 -42.0301	  173.7450
1.229	 2.57	 1	 -42.2059	  173.5606
1.230	 2.12	 1	 -41.8570	  174.1354
1.236	 2.07	 1	 -42.2139	  173.4705
1.238	 2.17	 1	 -42.5274	  173.3419
1.238	 2.39	 1	 -43.3330	  175.1271
1.239	 2.17	 1	 -42.6206	  174.0543
1.241	 2.67	 1	 -42.5566	  172.7914
1.245	 2.65	 1	 -42.5114	  173.1057
1.246	 2.60	 1	 -42.3110	  173.7440
1.250	 2.16	 1	 -41.6812	  174.2875
1.251	 2.18	 1	 -42.2360	  173.1038
1.254	 3.83	 1	 -42.1348	  173.8324
1.259	 2.60	 1	 -42.5497	  173.1085
1.264	 4.64	 1	 -42.2821	  173.8081
1.266	 2.46	 2	 -43.1266	  172.7145
1.275	 2.61	 2	 -42.1481	  173.7896
1.275	 2.06	 1	 -41.7024	  174.2932
1.276	 2.09	 1	 -42.7214	  173.4675
1.276	 2.10	 1	 -42.2985	  173.4925
1.277	 2.29	 1	 -41.4360	  174.9062
1.278	 3.17	 1	 -42.2788	  173.6844
1.280	 2.06	 1	 -42.5086	  173.7342
1.287	 2.07	 1	 -43.4888	  176.1259
1.287	 2.43	 1	 -42.1117	  173.9030
1.287	 2.03	 1	 -43.3003	  173.1953
1.288	 2.78	 1	 -41.6757	  174.1807
1.289	 2.05	 1	 -42.1490	  173.5729
1.290	 2.15	 1	 -42.1643	  173.6933
1.294	 2.07	 1	 -42.5360	  172.5800
1.295	 2.52	 1	 -43.3349	  174.5954
1.297	 2.37	 1	 -42.1036	  173.5842
1.301	 4.12	 1	 -42.1079	  173.5594
1.302	 2.07	 1	 -41.9008	  172.9738
1.303	 2.23	 2	 -41.6703	  174.3015
1.311	 2.73	 1	 -42.7404	  172.3238
1.313	 2.52	 1	 -38.4834	  170.8699
1.313	 2.04	 1	 -42.2217	  173.5378
1.314	 2.13	 1	 -42.4205	  173.7935
1.316	 3.24	 1	 -41.6595	  174.3309
1.318	 2.17	 1	 -41.8624	  173.6486
1.321	 2.55	 1	 -42.4718	  173.1111
1.326	 2.07	 1	 -41.9724	  172.1104
1.327	 2.41	 1	 -42.4699	  173.9635
1.329	 2.32	 1	 -40.3464	  167.8031
1.330	 2.47	 1	 -42.2296	  174.0060
1.333	 2.41	 2	 -42.1124	  173.5519
1.333	 2.14	 1	 -42.0070	  173.3605
1.335	 2.49	 1	 -41.8661	  173.9727
1.337	 2.06	 1	 -42.5632	  173.7510
1.337	 2.26	 1	 -42.6999	  172.5700
1.338	 2.01	 1	 -42.7902	  173.4305
1.347	 2.26	 1	 -42.3635	  173.8287
1.349	 2.31	 1	 -41.3758	  174.8557
1.351	 2.22	 1	 -42.4400	  173.8228
1.358	 3.05	 1	 -41.9588	  173.6810
1.358	 2.87	 1	 -42.2349	  173.7412
1.359	 2.09	 1	 -42.1720	  173.8602
1.366	 2.11	 1	 -42.8619	  173.1538
1.367	 3.22	 1	 -42.3833	  173.8006
1.370	 3.02	 1	 -42.3235	  173.7303
1.381	 2.29	 1	 -43.3890	  173.0257
1.384	 2.53	 1	 -42.3529	  173.7965
1.384	 2.19	 2	 -42.6161	  172.4245
1.387	 2.02	 1	 -42.2893	  173.5843
1.389	 2.21	 1	 -42.5728	  173.3585
1.390	 2.28	 1	 -42.4045	  173.1209
1.392	 2.22	 1	 -42.3380	  173.6861
1.397	 2.01	 1	 -41.6915	  174.3681
1.406	 2.04	 1	 -42.3293	  173.7049
1.406	 2.12	 1	 -42.7528	  173.2047
1.409	 2.42	 1	 -42.3863	  173.7867
1.409	 2.62	 1	 -42.6105	  172.9697
1.411	 2.05	 1	 -41.7826	  174.2448
1.411	 2.68	 1	 -42.6925	  172.4536
1.412	 2.05	 3	 -42.6396	  172.4165
1.412	 2.03	 1	 -41.9312	  173.6673
1.418	 2.15	 1	 -42.1907	  173.7167
1.420	 2.08	 1	 -42.4954	  173.2282
1.423	 2.18	 1	 -42.2174	  174.2610
1.425	 2.27	 1	 -42.5208	  173.1028
1.426	 2.40	 1	 -41.7702	  174.2405
1.429	 2.60	 1	 -42.7108	  173.1202
1.430	 2.53	 1	 -42.3437	  173.7380
1.433	 2.10	 1	 -42.1500	  175.3408
1.434	 2.16	 1	 -44.0227	  170.0222
1.434	 2.24	 1	 -44.3028	  171.9989
1.438	 2.36	 1	 -42.7850	  173.0782
1.438	 2.77	 1	 -41.7869	  174.4135
1.446	 2.37	 1	 -42.2271	  173.6857
1.448	 3.17	 1	 -42.2202	  173.4043
1.454	 2.43	 1	 -42.2178	  173.6094
1.455	 2.79	 1	 -43.3385	  177.1518
1.459	 3.04	 1	 -42.1831	  173.6302
1.459	 2.08	 1	 -42.4531	  173.6168
1.460	 2.01	 1	 -41.4067	  175.5198
1.468	 2.45	 1	 -41.8198	  174.2999
1.468	 2.39	 1	 -42.4645	  173.8393
1.472	 2.03	 1	 -41.7787	  174.2898
1.477	 2.59	 1	 -43.1345	  173.4320
1.479	 3.55	 1	 -42.3700	  173.7979
1.481	 2.75	 1	 -42.4340	  172.8358
1.482	 2.08	 1	 -42.2609	  173.5680
1.483	 2.07	 1	 -42.6810	  173.7899
1.483	 3.56	 1	 -41.8647	  170.7332
1.484	 2.07	 1	 -42.1152	  174.2914
1.490	 2.20	 1	 -42.2525	  173.8222
1.500	 2.13	 1	 -42.3985	  173.1698
1.501	 2.15	 1	 -42.5769	  173.0724
1.502	 2.16	 1	 -41.7576	  174.2065
1.502	 2.41	 1	 -43.2077	  169.7298
1.503	 2.00	 1	 -42.0763	  174.7877
1.508	 2.27	 1	 -42.5011	  173.9501
1.509	 2.01	 1	 -41.9128	  173.9557
1.509	 2.24	 1	 -42.3843	  173.2544
1.511	 2.72	 1	 -42.2507	  173.8716
1.511	 2.07	 1	 -42.9039	  173.3044
1.512	 2.46	 1	 -42.4776	  173.8508
1.514	 3.88	 1	 -42.2782	  171.6309
1.516	 2.06	 1	 -42.3299	  173.4642
1.518	 2.11	 1	 -41.9540	  173.6270
1.518	 2.21	 1	 -42.2128	  173.6517
1.520	 2.71	 1	 -42.3415	  174.3213
1.524	 3.70	 1	 -42.6893	  172.8911
1.528	 2.28	 1	 -42.3938	  173.2549
1.540	 2.07	 1	 -41.7042	  174.2443
1.541	 2.09	 1	 -41.8934	  173.7513
1.549	 2.81	 1	 -42.7056	  173.0816
1.549	 2.50	 1	 -42.4890	  173.3179
1.551	 2.16	 1	 -42.9886	  172.8329
1.552	 2.30	 1	 -42.1025	  173.8742
1.559	 2.18	 1	 -43.0816	  173.1202
1.560	 2.13	 1	 -42.6869	  167.4657
1.561	 2.60	 1	 -41.9526	  173.8128
1.563	 2.68	 1	 -43.0798	  172.0622
1.564	 2.49	 1	 -42.0596	  173.7365
1.565	 2.34	 1	 -43.1968	  169.2545
1.565	 2.16	 1	 -42.4846	  171.1556
1.565	 4.35	 1	 -41.7958	  174.2798
1.566	 2.11	 1	 -42.3129	  173.4321
1.566	 2.32	 1	 -41.8435	  174.2580
1.568	 2.05	 1	 -41.8102	  174.0022
1.571	 2.06	 1	 -42.0587	  173.6667
1.572	 2.05	 1	 -41.7531	  174.1923
1.572	 2.47	 1	 -42.1994	  173.5597
1.576	 2.54	 1	 -41.9724	  173.6285
1.581	 2.47	 1	 -41.9765	  171.3228
1.591	 2.10	 1	 -43.2397	  173.2906
1.591	 2.18	 1	 -43.0212	  172.9962
1.591	 2.27	 2	 -43.1351	  172.6881
1.600	 2.46	 1	 -41.7539	  174.2411
1.603	 2.28	 1	 -41.7835	  174.4454
1.607	 3.56	 1	 -41.9725	  173.7448
1.631	 2.24	 1	 -41.8112	  174.2388
1.631	 2.14	 2	 -42.2040	  174.5732
1.649	 2.87	 1	 -41.9748	  173.6676
1.652	 2.50	 1	 -42.1891	  173.7139
1.653	 2.15	 1	 -42.0825	  173.7622
1.656	 2.60	 2	 -41.7567	  174.4167
1.668	 2.59	 1	 -43.4371	  172.9817
1.676	 2.10	 1	 -42.4265	  172.7043
1.676	 2.06	 1	 -42.3424	  173.8414
1.678	 2.22	 2	 -42.1286	  173.6587
1.681	 2.50	 1	 -41.6008	  171.4711
1.685	 2.20	 1	 -42.0533	  173.7587
1.687	 2.42	 1	 -41.9299	  173.7520
1.690	 2.94	 2	 -42.0923	  173.7231
1.693	 2.46	 1	 -41.7870	  173.4277
1.695	 2.39	 1	 -42.1814	  173.5528
1.703	 2.08	 1	 -41.7931	  174.4300
1.708	 2.46	 1	 -41.8317	  174.1550
1.709	 2.24	 1	 -42.6889	  172.6258
1.713	 2.78	 1	 -41.7453	  174.1763
1.720	 2.59	 1	 -42.1488	  173.5792
1.727	 2.89	 1	 -42.6952	  174.4043
1.729	 3.22	 1	 -42.2714	  173.7362
1.729	 2.68	 1	 -41.6545	  174.3711
1.730	 2.47	 1	 -42.4313	  173.7248
1.736	 2.66	 2	 -42.6887	  172.6258
1.739	 2.71	 1	 -42.8700	  172.4934
1.740	 2.78	 1	 -41.8380	  174.5347
1.744	 2.15	 1	 -41.9884	  173.7410
1.747	 2.39	 1	 -42.9035	  172.6461
1.751	 2.14	 1	 -41.9703	  173.9947
1.755	 2.00	 1	 -41.7580	  174.3406
1.761	 3.16	 1	 -42.5364	  175.1069
1.763	 2.01	 2	 -41.8303	  174.2824
1.767	 2.47	 1	 -43.0772	  172.6420
1.772	 2.63	 1	 -42.2964	  173.6165
1.772	 2.03	 1	 -41.8695	  173.3553
1.773	 2.39	 1	 -42.9328	  174.1363
1.775	 2.00	 1	 -41.8421	  174.2068
1.779	 2.00	 1	 -44.2063	  178.7829
1.781	 2.03	 1	 -42.5494	  172.9343
1.783	 2.43	 1	 -42.9260	  172.0198
1.786	 2.10	 1	 -42.3076	  173.7189
1.787	 2.15	 1	 -42.0284	  173.9864
1.799	 2.26	 2	 -42.1883	  172.0342
1.802	 2.99	 1	 -42.0829	  173.5609
1.803	 2.06	 1	 -42.0612	  173.4624
1.808	 2.31	 1	 -42.6105	  173.0482
1.811	 2.40	 1	 -43.0418	  178.1739
1.811	 2.09	 1	 -42.6182	  172.9923
1.818	 2.38	 1	 -42.4416	  172.9340
1.818	 3.36	 1	 -42.3714	  172.9704
1.819	 2.21	 1	 -42.1519	  173.7669
1.819	 2.15	 1	 -42.0029	  174.3116
1.823	 2.28	 1	 -41.7990	  174.3389
1.824	 2.18	 1	 -42.5139	  173.0767
1.824	 2.11	 1	 -42.0990	  173.5741
1.825	 2.17	 1	 -41.9796	  173.5422
1.825	 2.56	 1	 -42.5024	  173.1073
1.830	 2.10	 1	 -41.7282	  174.1907
1.835	 2.28	 1	 -41.7615	  174.2280
1.841	 2.70	 1	 -42.3860	  174.1811
1.845	 2.04	 1	 -41.7675	  174.2831
1.852	 3.77	 1	 -42.7594	  173.2828
1.859	 3.16	 1	 -42.5193	  173.4794
1.862	 2.15	 1	 -40.6736	  176.2765
1.867	 2.53	 1	 -42.4370	  173.3272
1.868	 2.34	 1	 -39.5215	  171.1263
1.869	 2.67	 1	 -42.3127	  173.7554
1.870	 2.06	 1	 -42.4545	  173.3112
1.870	 2.16	 1	 -43.5281	  173.0368
1.871	 3.04	 2	 -42.2752	  172.4399
1.873	 2.81	 1	 -45.6176	  171.4624
1.874	 2.06	 2	 -42.0767	  173.7678
1.875	 2.91	 1	 -45.9492	  177.2407
1.876	 2.01	 1	 -42.9830	  173.8821
1.881	 2.36	 2	 -41.5364	  172.8094
1.882	 2.13	 1	 -42.2557	  173.6432
1.884	 2.63	 1	 -41.8140	  174.5082
1.890	 2.51	 1	 -42.7419	  173.1395
1.898	 2.23	 1	 -41.8203	  174.1992
1.898	 2.27	 1	 -42.5329	  173.1796
1.901	 2.97	 1	 -41.4392	  173.7699
1.904	 2.35	 1	 -42.4901	  173.8066
1.906	 2.08	 2	 -43.0769	  172.6411
1.907	 2.53	 1	 -42.1381	  173.5456
1.912	 2.71	 1	 -41.7995	  173.9790
1.920	 3.24	 1	 -42.0588	  173.6791
1.929	 2.10	 1	 -42.5081	  173.0832
1.933	 2.42	 1	 -42.8302	  172.4423
1.933	 3.15	 1	 -41.9431	  173.8081
1.933	 2.37	 1	 -42.2698	  172.6910
1.937	 3.28	 1	 -42.0342	  173.7082
1.937	 2.16	 1	 -41.7787	  174.2487
1.941	 2.21	 1	 -42.2542	  173.6471
1.963	 2.65	 1	 -42.6672	  172.8608
1.968	 2.17	 1	 -42.5415	  173.0988
1.968	 2.68	 1	 -42.6711	  172.9115
1.969	 2.41	 1	 -41.9540	  173.7292
1.973	 2.12	 1	 -42.0495	  173.7278
1.977	 2.21	 1	 -42.2553	  173.5954
1.977	 2.45	 1	 -42.3456	  174.0486
1.978	 2.69	 1	 -41.5807	  174.1651
1.982	 2.19	 1	 -42.3868	  173.9100
1.982	 2.01	 1	 -41.6727	  174.2111
1.996	 2.06	 1	 -43.6986	  172.7742
1.998	 3.67	 1	 -41.8667	  174.2062
1.998	 2.07	 1	 -42.7294	  172.7259
1.999	 2.39	 1	 -42.9424	  173.5293
2.001	 2.00	 1	 -42.5663	  172.3235
2.002	 2.29	 1	 -42.9024	  174.6899
2.006	 3.47	 1	 -44.5784	  167.4684
2.006	 2.05	 1	 -41.9725	  179.0610
2.008	 2.49	 1	 -42.7376	  173.5970
2.014	 2.03	 1	 -42.0144	  173.7046
2.023	 3.29	 1	 -42.6697	  172.7441
2.024	 2.03	 1	 -41.2586	  174.6444
2.031	 2.24	 1	 -42.3036	  174.4271
2.038	 2.54	 1	 -42.0289	  173.6478
2.044	 3.11	 1	 -42.7247	  172.7936
2.048	 2.90	 1	 -44.3725	  173.8655
2.054	 2.09	 1	 -42.4214	  173.2832
2.058	 2.19	 1	 -42.2559	  173.7263
2.060	 2.64	 1	 -43.0337	  172.8465
2.061	 2.19	 1	 -42.4113	  172.1735
2.062	 2.08	 1	 -43.1036	  172.9637
2.064	 2.07	 1	 -41.8676	  173.9720
2.072	 2.79	 1	 -42.0357	  173.6960
2.080	 2.37	 1	 -41.8736	  173.9413
2.083	 2.27	 1	 -42.8942	  173.3219
2.088	 3.48	 1	 -42.5776	  172.9229
2.098	 2.22	 1	 -42.3470	  173.4041
2.098	 2.26	 1	 -42.4167	  173.4553
2.112	 2.21	 1	 -42.1859	  173.5950
2.122	 2.54	 1	 -42.2538	  174.1022
2.128	 2.22	 1	 -42.0774	  173.7150
2.131	 2.62	 1	 -41.7928	  174.1532
2.132	 2.62	 1	 -42.5053	  173.8987
2.139	 2.01	 1	 -42.1463	  173.5998
2.149	 3.96	 1	 -41.6511	  174.0367
2.149	 3.03	 1	 -42.5174	  173.1800
2.177	 2.90	 1	 -42.5606	  173.0775
2.182	 3.42	 1	 -42.2070	  173.5855
2.184	 2.26	 1	 -42.5220	  174.0252
2.184	 2.13	 1	 -41.9220	  174.0530
2.188	 2.40	 1	 -43.2112	  173.3801
2.189	 2.97	 1	 -42.6272	  172.9502
2.201	 2.44	 1	 -42.5932	  172.8417
2.201	 2.02	 1	 -39.9149	  177.8332
2.201	 2.32	 1	 -42.9485	  173.0079
2.204	 4.33	 1	 -41.9071	  173.7019
2.205	 2.39	 1	 -42.1812	  173.8682
2.205	 2.44	 2	 -42.5408	  173.1590
2.218	 2.35	 1	 -42.3560	  172.9721
2.242	 2.21	 2	 -42.9184	  172.6125
2.243	 2.75	 1	 -42.1797	  173.7936
2.245	 2.63	 1	 -42.3091	  173.5768
2.245	 3.16	 1	 -41.6978	  174.2930
2.246	 2.74	 1	 -43.3832	  172.7735
2.252	 2.07	 1	 -42.0093	  173.6549
2.254	 2.23	 1	 -41.6601	  174.1411
2.254	 2.05	 1	 -41.7333	  174.1464
2.256	 2.40	 1	 -42.2677	  173.5468
2.256	 3.96	 1	 -41.8732	  173.9678
2.264	 2.02	 1	 -43.0890	  172.7497
2.268	 2.55	 2	 -42.0603	  173.1650
2.274	 3.14	 1	 -43.0181	  170.8908
2.277	 2.08	 2	 -43.1662	  172.6310
2.279	 2.64	 1	 -41.2289	  171.6643
2.285	 2.05	 1	 -42.0173	  173.6241
2.287	 2.29	 1	 -42.1040	  173.7432
2.290	 2.59	 1	 -42.6465	  173.0379
2.292	 4.66	 1	 -42.4534	  173.4858
2.298	 2.61	 1	 -41.7200	  174.3186
2.307	 2.27	 1	 -42.5097	  173.2570
2.308	 2.84	 2	 -41.6547	  174.0327
2.309	 3.14	 1	 -42.2553	  173.6501
2.310	 2.00	 1	 -39.9487	  173.2495
2.311	 2.37	 1	 -43.1311	  173.0379
2.319	 2.03	 1	 -41.8700	  173.9765
2.325	 2.50	 1	 -42.7646	  172.7460
2.325	 2.63	 1	 -42.4363	  172.5278
2.327	 2.46	 1	 -42.5790	  173.2919
2.330	 2.66	 1	 -41.5008	  174.2614
2.332	 2.66	 1	 -41.9666	  173.6698
2.338	 2.06	 1	 -42.2685	  173.7024
2.345	 2.09	 1	 -42.3125	  173.5767
2.346	 2.29	 1	 -42.2498	  172.3588
2.347	 2.18	 2	 -42.3833	  173.6288
2.351	 3.32	 1	 -42.5396	  173.0645
2.362	 2.15	 1	 -41.6770	  174.2974
2.375	 2.08	 1	 -43.6041	  167.0314
2.378	 2.14	 1	 -42.4774	  173.0548
2.379	 2.98	 1	 -42.6043	  172.9675
2.391	 2.18	 1	 -42.6320	  173.3921
2.392	 2.05	 1	 -42.7174	  173.0421
2.394	 2.27	 1	 -42.8818	  172.0964
2.408	 2.67	 2	 -42.3028	  171.6429
2.412	 2.40	 1	 -42.2258	  173.7453
2.412	 2.34	 1	 -44.2452	  173.2853
2.414	 2.33	 1	 -42.7664	  172.8888
2.425	 2.31	 1	 -42.1397	  173.5988
2.425	 2.06	 1	 -41.7127	  174.2687
2.443	 2.18	 2	 -42.5412	  173.3687
2.450	 2.41	 1	 -41.8032	  170.8994
2.455	 2.31	 1	 -42.5935	  173.0526
2.457	 2.48	 1	 -41.7522	  174.2767
2.460	 2.24	 1	 -42.4098	  173.4795
2.462	 2.98	 1	 -47.1864	  172.8078
2.463	 2.31	 1	 -42.3539	  173.6841
2.465	 2.72	 1	 -42.5964	  173.0038
2.467	 2.57	 1	 -41.7220	  173.9119
2.475	 2.38	 1	 -42.9283	  173.5090
2.492	 2.73	 1	 -41.6750	  174.3588
2.495	 2.03	 1	 -42.0480	  174.1259
2.503	 2.26	 1	 -41.8109	  173.7906
2.510	 2.73	 1	 -42.0390	  173.8440
2.512	 2.24	 1	 -42.5442	  173.1036
2.515	 3.77	 1	 -42.7222	  172.7335
2.521	 2.21	 1	 -42.5413	  173.0663
2.521	 2.32	 2	 -43.1859	  172.6671
2.525	 2.69	 1	 -41.7524	  175.3076
2.530	 2.03	 1	 -41.7920	  174.2767
2.541	 2.07	 1	 -42.5112	  173.0950
2.544	 2.16	 1	 -41.6409	  174.4213
2.546	 2.60	 1	 -42.1644	  172.7569
2.548	 2.13	 1	 -42.1700	  173.6553
2.552	 3.49	 1	 -41.8289	  174.4582
2.559	 2.21	 2	 -42.4153	  173.5149
2.572	 3.50	 2	 -43.1664	  172.7500
2.576	 2.21	 2	 -42.4755	  173.4558
2.580	 2.15	 1	 -43.2690	  175.8023
2.586	 2.28	 1	 -42.2326	  173.6917
2.587	 2.56	 1	 -42.2057	  171.8158
2.587	 2.09	 1	 -44.9071	  173.1519
2.590	 2.03	 1	 -42.2012	  173.5727
2.593	 2.26	 1	 -42.3654	  173.8605
2.597	 3.31	 1	 -42.6492	  173.6329
2.603	 2.54	 1	 -42.1859	  173.6082
2.612	 2.29	 1	 -38.5633	  170.6002
2.620	 2.11	 1	 -41.7346	  174.2404
2.625	 2.13	 1	 -42.2173	  173.5750
2.628	 2.13	 1	 -42.6389	  172.9763
2.630	 2.81	 1	 -42.1008	  173.6375
2.642	 2.34	 2	 -42.4884	  173.4435
2.645	 2.27	 1	 -42.1338	  173.7154
2.650	 3.39	 1	 -41.9780	  174.1106
2.662	 3.51	 1	 -42.4441	  173.2094
2.665	 2.09	 1	 -42.7433	  173.5051
2.669	 2.18	 1	 -42.4117	  173.5142
2.671	 2.38	 1	 -41.7850	  174.4187
2.675	 2.14	 1	 -41.8836	  173.7145
2.684	 2.09	 1	 -42.1334	  173.7148
2.691	 2.16	 1	 -42.5770	  172.8419
2.694	 2.05	 1	 -41.7399	  170.7820
2.696	 2.81	 1	 -42.0440	  173.7056
2.712	 2.25	 1	 -42.3353	  173.8819
2.713	 2.20	 1	 -41.9565	  175.0272
2.717	 2.12	 1	 -42.1953	  173.3222
2.725	 2.09	 1	 -42.7418	  174.1596
2.726	 2.17	 1	 -42.1448	  173.8011
2.729	 2.14	 1	 -42.3377	  173.7197
2.736	 2.08	 1	 -43.3991	  174.2541
2.739	 2.71	 1	 -41.4415	  172.3594
2.748	 2.19	 1	 -41.7337	  174.2130
2.749	 2.98	 1	 -41.9657	  173.7204
2.749	 2.02	 1	 -42.0383	  173.7771
2.760	 2.13	 1	 -41.7090	  174.2883
2.768	 3.93	 1	 -42.4707	  173.1534
2.769	 2.05	 1	 -42.2470	  173.7421
2.774	 2.35	 1	 -43.1624	  174.7708
2.780	 2.19	 1	 -42.5470	  172.6567
2.785	 2.38	 1	 -42.9467	  170.1676
2.791	 2.19	 1	 -42.5375	  173.1012
2.794	 2.01	 2	 -46.8647	  175.2571
2.795	 2.39	 1	 -42.1739	  173.4910
2.806	 2.83	 1	 -42.2297	  173.6579
2.806	 2.03	 2	 -42.5689	  173.0652
2.811	 2.28	 1	 -42.1641	  173.0962
2.823	 2.49	 1	 -42.1782	  173.5330
2.825	 3.62	 1	 -41.9526	  173.9785
2.836	 3.34	 1	 -42.3890	  173.7111
2.840	 2.27	 1	 -42.5074	  174.0619
2.840	 2.03	 1	 -45.4427	  168.1820
2.842	 2.02	 1	 -42.2928	  173.6330
2.844	 2.03	 1	 -42.7959	  172.8619
2.848	 2.52	 1	 -42.2183	  173.5296
2.850	 2.08	 1	 -42.0491	  173.6661
2.862	 2.11	 1	 -41.9849	  173.6422
2.865	 2.22	 1	 -42.2775	  173.9346
2.883	 2.24	 1	 -42.6260	  172.9657
2.885	 2.00	 1	 -42.4833	  173.0005
2.889	 2.02	 1	 -42.6056	  172.6484
2.890	 2.01	 1	 -43.2228	  172.6984
2.895	 2.55	 1	 -40.7878	  167.4803
2.901	 2.31	 1	 -42.7702	  173.4865
2.911	 2.31	 1	 -43.7196	  173.0976
2.914	 2.24	 1	 -42.6530	  173.7579
2.915	 2.75	 1	 -42.0201	  173.7376
2.918	 2.32	 1	 -42.0576	  173.7684
2.934	 2.14	 1	 -42.2593	  173.8436
2.945	 2.09	 1	 -42.5767	  173.6107
2.947	 2.35	 1	 -41.9452	  173.6867
2.950	 2.39	 1	 -42.6888	  173.1278
2.950	 2.69	 2	 -42.1685	  173.6069
2.952	 2.62	 1	 -42.5325	  172.6473
2.958	 2.25	 1	 -42.1789	  173.6672
2.965	 2.05	 1	 -42.4565	  172.8145
2.972	 2.41	 1	 -42.3377	  172.9526
2.979	 5.36	 1	 -41.8056	  174.2078
2.979	 2.31	 1	 -42.8156	  172.8868
2.982	 3.32	 1	 -41.5937	  175.9790
2.988	 2.01	 1	 -42.0897	  173.4700
2.988	 2.01	 1	 -42.5551	  173.8941
2.995	 2.75	 1	 -42.0353	  174.1754
2.998	 2.39	 1	 -42.0702	  173.8663
3.005	 2.21	 1	 -42.7117	  173.1454
3.006	 2.01	 1	 -41.6282	  174.2275
3.007	 2.64	 1	 -43.3342	  172.8944
3.018	 3.00	 1	 -41.8525	  174.2333
3.023	 2.10	 1	 -42.2148	  174.1434
3.026	 2.64	 1	 -42.5933	  172.9705
3.027	 2.53	 1	 -42.2905	  173.9704
3.033	 2.05	 1	 -43.2672	  172.3901
3.035	 3.44	 1	 -42.4461	  173.3530
3.040	 2.20	 1	 -42.4126	  173.0626
3.060	 2.62	 1	 -42.1264	  173.5182
3.070	 2.16	 1	 -41.9426	  173.3403
3.078	 2.49	 2	 -41.8433	  174.1713
3.084	 2.38	 1	 -42.1465	  174.4516
3.095	 2.27	 1	 -42.6560	  173.0798
3.097	 2.36	 1	 -42.4455	  173.1356
3.101	 2.88	 1	 -42.0091	  173.6736
3.101	 2.43	 1	 -42.7266	  172.5990
3.110	 2.76	 2	 -43.1436	  172.7008
3.116	 2.81	 1	 -42.9187	  173.0965
3.121	 2.06	 1	 -39.2211	  176.9107
3.121	 2.10	 2	 -41.4540	  174.2830
3.122	 2.30	 1	 -42.3150	  173.7038
3.128	 2.47	 1	 -42.2100	  173.5838
3.134	 2.32	 1	 -42.5253	  173.1739
3.135	 2.57	 2	 -42.2402	  174.6017
3.137	 2.26	 1	 -41.6886	  174.2681
3.138	 2.11	 1	 -43.0572	  173.8638
3.139	 2.76	 1	 -42.4508	  173.9351
3.148	 2.08	 1	 -42.4502	  172.9725
3.150	 2.48	 1	 -42.1493	  173.7441
3.156	 2.10	 1	 -42.1351	  173.5834
3.165	 3.42	 1	 -42.6216	  172.9941
3.169	 2.75	 1	 -44.4896	  172.7874
3.179	 2.39	 1	 -42.8262	  172.5852
3.184	 2.16	 1	 -42.3438	  173.7118
3.189	 2.03	 1	 -41.0591	  172.9509
3.191	 2.96	 1	 -42.0396	  173.6458
3.191	 2.44	 1	 -42.0058	  173.1999
3.225	 2.28	 1	 -42.4760	  173.8588
3.228	 2.91	 1	 -44.2035	  178.7842
3.230	 2.23	 1	 -42.4609	  173.1825
3.231	 2.68	 2	 -41.8970	  174.2537
3.231	 2.21	 1	 -41.6531	  178.9743
3.232	 2.18	 1	 -42.4320	  173.7750
3.233	 2.20	 1	 -41.7834	  174.2965
3.234	 2.01	 1	 -41.8363	  174.0127
3.241	 2.45	 1	 -42.2405	  173.4888
3.241	 2.41	 1	 -46.7390	  170.3542
3.243	 2.78	 1	 -43.1377	  173.5286
3.244	 2.16	 1	 -42.4975	  173.1629
3.252	 2.37	 1	 -43.5364	  173.8855
3.257	 2.04	 1	 -42.3097	  173.6730
3.264	 2.03	 1	 -42.5684	  173.0138
3.268	 2.06	 1	 -42.1801	  173.7493
3.272	 2.43	 1	 -42.7091	  172.8462
3.273	 2.19	 1	 -41.8141	  174.2884
3.277	 2.25	 1	 -42.7189	  173.2331
3.278	 2.27	 1	 -42.7161	  172.9267
3.280	 3.09	 1	 -42.5800	  172.7937
3.283	 2.21	 1	 -42.8606	  172.9931
3.300	 2.14	 1	 -42.0474	  173.5449
3.311	 2.15	 1	 -42.8220	  172.6842
3.320	 2.07	 1	 -42.2233	  173.6602
3.325	 2.27	 1	 -41.9290	  173.7567
3.327	 2.37	 1	 -42.9333	  171.6180
3.330	 2.67	 1	 -42.8267	  172.8550
3.346	 2.56	 1	 -42.6933	  172.7484
3.354	 2.31	 1	 -41.8340	  173.8402
3.356	 2.08	 1	 -42.4342	  172.9436
3.359	 2.55	 1	 -43.0567	  172.7160
3.369	 2.55	 1	 -42.9080	  172.8471
3.386	 2.05	 1	 -42.3216	  173.7565
3.400	 2.31	 1	 -41.8295	  174.0168
3.400	 2.08	 1	 -41.6559	  174.2582
3.406	 2.33	 1	 -42.2409	  173.7624
3.409	 2.11	 2	 -41.7409	  174.2494
3.435	 2.28	 1	 -39.2695	  173.1676
3.444	 2.91	 1	 -42.1411	  173.6069
3.446	 2.17	 1	 -42.2792	  173.8311
3.454	 2.11	 1	 -42.1497	  173.4765
3.487	 2.15	 1	 -41.7047	  174.3046
3.495	 2.31	 1	 -41.7213	  174.2412
3.497	 2.31	 1	 -41.9482	  173.7476
3.501	 2.45	 1	 -41.9256	  173.6701
3.510	 2.54	 1	 -42.0172	  173.6994
3.515	 2.18	 1	 -41.6073	  174.1310
3.517	 2.19	 1	 -42.2316	  173.7395
3.520	 2.65	 1	 -41.9734	  173.6351
3.540	 2.04	 1	 -43.0757	  169.4622
3.548	 3.34	 1	 -42.2031	  173.5011
3.556	 2.20	 1	 -39.5894	  173.1729
3.556	 3.27	 1	 -42.1976	  172.6523
3.558	 2.11	 2	 -41.8083	  174.2040
3.562	 2.47	 1	 -42.6628	  172.9894
3.562	 3.94	 1	 -42.3892	  173.9141
3.569	 2.29	 1	 -41.7161	  174.2014
3.569	 4.26	 1	 -38.5146	  170.7602
3.570	 2.24	 1	 -42.5750	  172.9296
3.572	 2.32	 1	 -42.0332	  174.5505
3.580	 2.04	 1	 -41.9980	  173.6771
3.584	 2.11	 1	 -42.1541	  173.4067
3.588	 2.72	 1	 -41.9922	  173.7577
3.591	 2.20	 1	 -42.1938	  173.7524
3.600	 2.37	 1	 -41.6258	  173.7018
3.611	 3.27	 1	 -41.7751	  174.2121
3.612	 2.50	 1	 -41.7937	  174.2722
3.625	 2.64	 1	 -41.9916	  173.8245
3.631	 2.20	 2	 -43.1654	  172.2551
3.634	 2.00	 1	 -41.6897	  174.3550
3.642	 2.09	 1	 -47.1725	  173.5472
3.650	 3.24	 1	 -42.5450	  173.4007
3.651	 2.50	 1	 -42.2676	  173.6519
3.659	 2.06	 1	 -41.8174	  174.2574
3.659	 3.29	 1	 -42.5523	  173.7254
3.666	 2.91	 1	 -41.8458	  173.9622
3.667	 2.10	 1	 -42.1713	  173.5588
3.672	 2.29	 1	 -42.0843	  173.6497
3.672	 2.50	 1	 -41.7082	  174.1547
3.681	 2.72	 1	 -42.0646	  173.5657
3.683	 2.07	 1	 -41.9961	  174.1478
3.684	 2.12	 1	 -42.4388	  173.7677
3.687	 2.46	 1	 -42.8351	  173.6817
3.687	 2.11	 1	 -41.9410	  173.6515
3.689	 2.22	 2	 -43.2640	  173.4719
3.700	 2.09	 1	 -42.9287	  173.0113
3.707	 2.91	 1	 -42.0214	  173.7143
3.717	 2.51	 1	 -41.8519	  173.9450
3.720	 2.22	 1	 -41.7847	  174.3251
3.723	 2.04	 1	 -42.7434	  172.7908
3.734	 2.42	 2	 -41.8368	  174.1821
3.741	 2.98	 2	 -43.1360	  172.6906
3.757	 2.86	 1	 -42.3469	  173.5585
3.769	 2.01	 1	 -42.2830	  173.6756
3.772	 2.21	 1	 -42.2559	  173.6759
3.776	 2.09	 1	 -41.9113	  172.7060
3.782	 3.96	 1	 -42.3054	  173.8212
3.791	 2.80	 1	 -41.9052	  173.8166
3.797	 2.03	 2	 -42.5254	  173.2685
3.798	 2.12	 1	 -41.8134	  174.2491
3.809	 4.64	 1	 -42.4678	  173.2631
3.820	 2.11	 1	 -42.6885	  172.8497
3.833	 2.11	 1	 -42.2743	  173.5824
3.836	 2.17	 1	 -42.3106	  173.6062
3.837	 2.82	 1	 -42.1039	  173.7056
3.846	 2.51	 1	 -43.2273	  173.2130
3.857	 2.47	 1	 -42.5431	  173.0933
3.860	 2.25	 1	 -42.2248	  173.7413
3.860	 2.52	 1	 -42.3558	  173.4642
3.862	 2.33	 1	 -42.6021	  172.9463
3.864	 2.18	 1	 -42.6847	  172.8379
3.878	 2.18	 1	 -41.7347	  174.0981
3.882	 2.83	 1	 -42.5038	  173.8038
3.882	 2.06	 1	 -41.7905	  173.9961
3.884	 2.01	 1	 -42.0301	  173.7715
3.885	 2.67	 1	 -42.1319	  173.7059
3.893	 2.96	 1	 -43.6413	  174.9017
3.893	 2.08	 1	 -42.3881	  173.6940
3.894	 2.09	 2	 -43.1738	  172.7330
3.898	 2.19	 2	 -42.4371	  173.1430
3.909	 2.53	 1	 -42.0705	  173.5008
3.921	 2.03	 1	 -42.3319	  174.0985
3.951	 2.00	 1	 -42.7250	  173.8761
3.954	 2.63	 1	 -38.9339	  176.3804
3.961	 2.71	 1	 -41.9785	  173.7097
3.976	 2.55	 1	 -41.8808	  173.6871
3.979	 2.09	 1	 -42.1056	  171.3753
3.990	 2.75	 1	 -41.6746	  174.3511
3.990	 2.49	 1	 -43.2051	  171.4479
3.995	 2.80	 1	 -41.9751	  173.7046
4.018	 2.16	 1	 -41.7468	  174.3044
4.018	 2.79	 1	 -42.2264	  173.5827
4.025	 2.26	 2	 -42.5534	  173.4542
4.043	 3.04	 1	 -42.5056	  173.0329
4.047	 2.20	 1	 -42.4232	  173.2426
4.048	 2.21	 1	 -41.9967	  173.7875
4.049	 2.46	 1	 -41.8480	  174.2146
4.050	 2.10	 1	 -42.1900	  173.5790
4.056	 2.14	 1	 -42.0504	  173.6944
4.058	 2.23	 1	 -42.5490	  173.3946
4.080	 2.01	 1	 -42.2456	  173.7826
4.081	 2.21	 1	 -42.3599	  173.7437
4.104	 2.87	 1	 -42.3941	  173.4300
4.111	 2.13	 1	 -41.9342	  173.6346
4.116	 2.18	 1	 -41.6600	  174.3580
4.119	 2.79	 1	 -45.2921	  169.6926
4.127	 2.36	 1	 -41.8389	  173.8318
4.128	 2.41	 1	 -42.5171	  173.8122
4.151	 2.03	 1	 -46.6859	  173.0066
4.160	 2.21	 1	 -42.1968	  173.4560
4.164	 2.32	 1	 -41.6249	  172.3533
4.184	 2.92	 1	 -43.2198	  173.3470
4.185	 2.20	 1	 -42.5059	  173.6178
4.191	 2.18	 1	 -43.4526	  171.2034
4.208	 2.22	 1	 -42.6392	  173.2338
4.210	 2.60	 1	 -42.4220	  173.6470
4.213	 2.30	 1	 -40.3997	  171.5754
4.218	 2.05	 1	 -42.0010	  173.5549
4.225	 2.55	 1	 -42.1363	  173.5784
4.226	 2.40	 1	 -42.5496	  172.9562
4.231	 2.06	 1	 -42.2129	  173.0395
4.232	 2.01	 1	 -42.4864	  173.1909
4.236	 2.16	 1	 -42.6238	  174.0612
4.237	 2.15	 1	 -42.3528	  173.3176
4.247	 2.06	 1	 -42.4854	  173.2920
4.249	 2.12	 1	 -41.8660	  173.9412
4.264	 2.87	 2	 -42.5905	  172.7935
4.267	 2.75	 1	 -42.4821	  172.9158
4.273	 2.38	 1	 -42.9392	  172.4311
4.278	 2.51	 1	 -42.1710	  173.5379
4.287	 2.36	 1	 -41.9342	  173.9382
4.289	 2.09	 1	 -41.6243	  174.1355
4.290	 2.52	 1	 -42.9046	  173.1760
4.295	 2.28	 1	 -42.3976	  173.4380
4.295	 2.38	 1	 -42.0884	  173.9103
4.310	 2.09	 1	 -41.7313	  174.2843
4.310	 2.32	 2	 -38.6622	  170.6783
4.316	 2.04	 1	 -42.7259	  172.8692
4.324	 2.39	 1	 -42.3704	  172.8427
4.326	 2.37	 1	 -42.1824	  173.6053
4.326	 2.75	 1	 -42.4730	  173.8803
4.328	 2.61	 1	 -42.5463	  173.2253
4.328	 2.17	 1	 -41.7741	  174.3547
4.340	 2.97	 2	 -42.2807	  173.6828
4.345	 2.00	 1	 -42.6054	  172.8657
4.349	 2.42	 1	 -42.3399	  173.7059
4.366	 2.58	 1	 -42.2098	  173.5540
4.373	 2.77	 1	 -42.8635	  172.5509
4.379	 2.94	 1	 -42.5690	  172.3916
4.386	 2.06	 1	 -42.4301	  173.7453
4.387	 2.32	 2	 -42.1245	  179.7400
4.393	 2.19	 1	 -43.3925	  173.0790
4.393	 2.16	 1	 -43.6847	  174.0162
4.405	 2.28	 1	 -42.0009	  173.7088
4.412	 2.50	 1	 -42.5962	  173.4246
4.413	 2.23	 1	 -41.7446	  174.2687
4.419	 2.56	 1	 -42.4085	  172.5173
4.432	 3.50	 2	 -42.4251	  173.5969
4.443	 2.72	 2	 -42.4061	  173.0208
4.444	 2.52	 1	 -41.7101	  174.2794
4.458	 2.04	 1	 -42.4767	  172.7051
4.483	 5.03	 1	 -42.1854	  173.5527
4.490	 2.42	 1	 -42.2956	  173.9664
4.490	 2.05	 2	 -42.2228	  173.7363
4.498	 2.03	 2	 -41.7855	  174.3634
4.502	 2.10	 1	 -41.6755	  173.5046
4.509	 2.05	 1	 -42.2916	  174.2382
4.542	 2.04	 1	 -42.3137	  173.4476
4.547	 2.61	 1	 -42.9025	  172.9290
4.553	 3.63	 1	 -42.5592	  173.0609
4.559	 2.13	 1	 -41.6401	  174.8628
4.564	 2.35	 1	 -41.9717	  173.6826
4.571	 2.98	 1	 -42.5294	  173.3512
4.572	 2.30	 1	 -42.5363	  173.1242
4.583	 2.05	 1	 -43.6727	  173.1668
4.586	 2.06	 1	 -41.8540	  173.9191
4.587	 2.60	 1	 -42.9890	  172.9695
4.589	 2.13	 1	 -42.6727	  173.1128
4.597	 2.22	 1	 -41.7045	  174.2748
4.598	 2.29	 1	 -42.3799	  176.7321
4.602	 2.09	 1	 -41.1926	  174.3816
4.604	 2.02	 1	 -42.8024	  173.2691
4.606	 2.14	 1	 -41.9783	  173.6697
4.610	 2.18	 1	 -41.9800	  173.7253
4.628	 2.17	 1	 -43.3768	  173.4633
4.633	 3.53	 1	 -42.2378	  173.5691
4.641	 2.73	 1	 -41.8596	  173.9784
4.646	 2.02	 1	 -41.6070	  174.1191
4.653	 2.44	 1	 -42.2833	  174.0122
4.684	 2.35	 1	 -42.3116	  173.4238
4.692	 2.40	 1	 -42.8519	  172.7271
4.694	 2.52	 1	 -42.5674	  172.8161
4.700	 2.06	 1	 -42.1738	  173.5994
4.710	 2.07	 1	 -42.3407	  174.3643
4.713	 2.66	 1	 -42.6799	  172.9012
4.715	 2.21	 1	 -42.3160	  173.1910
4.719	 2.84	 1	 -42.1755	  173.6147
4.721	 2.14	 1	 -42.4525	  172.6153
4.724	 3.31	 2	 -38.4676	  170.7462
4.727	 2.03	 1	 -42.7537	  173.2175
4.755	 2.00	 1	 -41.8981	  173.6266
4.768	 2.26	 1	 -42.6323	  173.0799
4.768	 2.67	 2	 -41.9526	  173.9809
4.779	 2.05	 1	 -42.0129	  173.7075
4.799	 2.04	 2	 -43.1551	  172.6425
4.807	 2.13	 1	 -42.8697	  172.8952
4.811	 2.78	 1	 -41.8225	  174.1572
4.811	 2.36	 1	 -42.8101	  172.6240
4.813	 2.96	 1	 -41.9655	  173.8059
4.819	 3.03	 1	 -42.2438	  173.7808
4.826	 2.96	 1	 -41.9457	  173.7077
4.840	 2.43	 1	 -42.3839	  173.8471
4.846	 2.25	 1	 -41.8060	  174.2452
4.850	 2.26	 1	 -41.5732	  174.3478
4.850	 2.24	 1	 -42.8184	  173.8181
4.864	 2.70	 2	 -46.4927	  173.6675
4.906	 2.05	 1	 -42.0853	  174.0844
4.927	 2.01	 1	 -42.1578	  173.1578
4.954	 2.00	 2	 -42.6392	  173.0651
4.958	 2.30	 1	 -41.8503	  169.8048
4.960	 2.51	 1	 -42.3841	  172.9852
4.961	 2.42	 1	 -41.9723	  173.5527
4.967	 2.64	 1	 -42.2358	  173.5395
4.976	 2.44	 1	 -41.8851	  173.8478
4.978	 2.05	 1	 -43.3794	  167.8227
4.978	 2.50	 1	 -42.3810	  174.4153
4.999	 2.25	 1	 -42.6184	  172.8400
5.012	 2.22	 1	 -42.4982	  173.4709
5.021	 2.55	 1	 -43.0558	  172.7805
5.027	 2.23	 1	 -41.8049	  174.1997
5.039	 2.86	 1	 -42.0154	  173.7482
5.043	 2.62	 1	 -42.7112	  173.6597
5.043	 2.30	 1	 -41.3242	  174.4658
5.049	 2.47	 1	 -42.5698	  173.4921
5.050	 2.09	 1	 -40.9958	  173.9561
5.051	 2.01	 1	 -42.7962	  173.0694
5.056	 2.49	 1	 -42.5011	  173.0558
5.063	 2.67	 1	 -42.0262	  173.8093
5.068	 2.01	 1	 -42.1212	  173.5049
5.069	 2.18	 1	 -42.4061	  172.9718
5.074	 3.77	 1	 -42.8398	  173.9243
5.078	 2.04	 1	 -42.8506	  172.9521
5.079	 2.06	 1	 -42.5980	  173.1072
5.087	 2.28	 1	 -42.5745	  173.2772
5.114	 2.17	 1	 -41.7466	  174.2124
5.128	 2.38	 1	 -42.5464	  173.0518
5.134	 2.62	 1	 -42.0756	  173.9842
5.137	 2.06	 1	 -42.0434	  173.6784
5.139	 2.18	 1	 -42.7303	  172.9712
5.169	 2.19	 1	 -42.5370	  173.1630
5.170	 2.17	 1	 -42.4253	  173.7257
5.171	 2.57	 1	 -42.8558	  173.0733
5.177	 3.36	 1	 -42.5479	  173.0633
5.178	 2.01	 1	 -42.6323	  173.0335
5.192	 3.58	 1	 -42.9814	  173.8730
5.201	 2.18	 1	 -41.9046	  173.9050
5.218	 2.59	 1	 -42.2789	  173.7874
5.221	 3.01	 1	 -40.7995	  175.1368
5.224	 3.24	 1	 -42.4710	  173.1093
5.242	 2.51	 1	 -42.5054	  172.9382
5.270	 2.65	 1	 -42.0153	  173.6897
5.285	 2.41	 1	 -42.3754	  173.8764
5.291	 2.36	 1	 -43.6722	  171.2926
5.292	 2.26	 1	 -42.3567	  173.8457
5.306	 2.40	 1	 -42.8347	  173.1738
5.309	 2.34	 1	 -42.3870	  172.5718
5.311	 2.70	 1	 -42.3993	  173.7625
5.312	 2.08	 1	 -41.8589	  171.9682
5.324	 3.80	 1	 -42.5164	  173.0310
5.351	 3.22	 1	 -42.0862	  173.7944
5.365	 2.38	 2	 -42.6312	  172.4227
5.376	 2.15	 1	 -42.4155	  173.0530
5.379	 2.67	 1	 -42.6698	  172.8585
5.382	 2.04	 1	 -43.1785	  172.4090
5.392	 2.16	 1	 -42.1937	  173.6760
5.418	 2.43	 1	 -41.8572	  174.4226
5.420	 2.15	 1	 -41.9661	  174.1460
5.423	 2.95	 1	 -42.6527	  172.9023
5.425	 3.53	 1	 -42.6108	  173.1442
5.428	 2.23	 1	 -42.7420	  173.1814
5.433	 2.16	 1	 -41.7782	  173.3159
5.440	 2.12	 1	 -41.9513	  174.4160
5.442	 2.37	 1	 -41.8732	  173.9489
5.448	 2.10	 1	 -41.9279	  173.6101
5.454	 2.20	 1	 -41.7168	  174.3410
5.459	 3.06	 1	 -43.9691	  174.1955
5.478	 2.44	 1	 -42.4640	  173.1909
5.501	 2.02	 1	 -41.7849	  174.2444
5.510	 2.85	 1	 -42.8733	  172.2799
5.515	 2.47	 1	 -42.3528	  173.3141
5.527	 2.55	 1	 -41.9536	  173.6682
5.528	 2.08	 1	 -43.5079	  172.1768
5.533	 2.57	 1	 -42.7368	  172.7018
5.540	 2.01	 1	 -41.8266	  173.9914
5.554	 2.05	 1	 -42.2199	  173.5873
5.557	 2.28	 1	 -42.2498	  173.6447
5.558	 2.86	 1	 -41.7258	  174.3091
5.561	 2.04	 1	 -42.2376	  173.7215
5.562	 2.22	 1	 -42.3526	  173.5605
5.566	 2.54	 1	 -42.2948	  173.7632
5.569	 2.54	 1	 -41.7929	  174.2010
5.570	 3.73	 1	 -42.0045	  173.5819
5.585	 2.10	 1	 -42.6337	  172.8391
5.588	 2.23	 1	 -41.8331	  174.2899
5.609	 2.94	 1	 -42.6053	  173.3597
5.634	 2.00	 1	 -41.8704	  174.3297
5.648	 2.75	 1	 -41.7503	  174.0839
5.703	 2.92	 1	 -41.9731	  173.7475
5.709	 2.25	 1	 -42.4427	  173.3528
5.716	 3.14	 1	 -41.9714	  173.3401
5.727	 2.09	 1	 -37.7864	  175.0409
5.743	 2.23	 1	 -42.4879	  173.1534
5.777	 2.22	 1	 -42.6745	  173.1812
5.795	 2.99	 1	 -42.4290	  172.6546
5.802	 2.12	 1	 -42.4228	  173.1904
5.805	 2.19	 1	 -42.0677	  173.6481
5.814	 2.04	 1	 -41.6297	  172.4804
5.826	 2.67	 1	 -42.2418	  174.1338
5.837	 2.27	 1	 -41.9681	  173.9999
5.837	 2.21	 1	 -42.4962	  172.4334
5.844	 2.71	 1	 -42.5011	  173.1416
5.845	 2.91	 1	 -42.2412	  173.6099
5.846	 2.03	 1	 -41.6080	  174.2884
5.856	 2.41	 1	 -42.2549	  173.5824
5.857	 3.88	 1	 -42.7664	  172.8953
5.867	 2.34	 1	 -42.6470	  172.7446
5.874	 2.92	 1	 -42.2686	  173.6584
5.875	 2.14	 1	 -42.5300	  173.8445
5.893	 3.09	 2	 -42.1263	  173.5743
5.894	 2.04	 1	 -42.1371	  173.6054
5.896	 2.06	 1	 -41.9771	  173.4477
5.911	 2.35	 1	 -41.7020	  174.3007
5.917	 2.40	 1	 -42.4587	  172.8204
5.933	 2.62	 1	 -42.1419	  173.6410
5.948	 2.43	 1	 -41.8784	  172.7740
5.953	 2.44	 1	 -41.4299	  172.8374
5.959	 2.28	 1	 -42.0308	  173.7530
5.975	 2.17	 1	 -41.6698	  173.1491
5.980	 2.32	 1	 -41.7126	  174.3022
5.996	 2.15	 1	 -41.8550	  172.8931
6.005	 2.06	 1	 -41.6554	  174.2088
6.008	 2.78	 1	 -41.2689	  173.5923
6.009	 2.60	 1	 -47.1820	  173.3676
6.027	 2.02	 2	 -42.4602	  172.3435
6.053	 2.55	 1	 -42.2718	  173.8643
6.056	 2.11	 1	 -45.0566	  173.7275
6.062	 2.25	 2	 -42.4895	  173.1783
6.063	 2.84	 1	 -42.7431	  173.1612
6.066	 2.33	 3	 -43.1451	  172.7524
6.081	 2.24	 1	 -42.4793	  172.5695
6.091	 4.81	 1	 -42.6761	  173.0778
6.098	 3.28	 2	 -42.4787	  172.9727
6.127	 2.22	 1	 -46.1682	  176.8860
6.157	 2.91	 1	 -42.2374	  173.7605
6.172	 2.10	 1	 -42.2645	  175.6143
6.173	 3.37	 1	 -42.3361	  171.8995
6.175	 2.22	 1	 -41.7638	  174.5353
6.260	 2.69	 1	 -42.1580	  173.4744
6.266	 3.45	 1	 -42.8122	  173.6023
6.266	 2.14	 1	 -41.6013	  171.9522
6.269	 2.10	 1	 -41.7074	  173.0488
6.285	 2.02	 1	 -41.9683	  173.6838
6.287	 2.71	 1	 -41.7867	  174.3028
6.304	 2.01	 1	 -42.3151	  173.6529
6.307	 2.24	 1	 -42.2089	  173.6046
6.316	 2.06	 1	 -42.3453	  173.5846
6.317	 2.26	 1	 -41.7987	  173.6752
6.332	 2.11	 1	 -42.4773	  173.1789
6.363	 2.22	 1	 -41.9828	  173.8411
6.365	 2.08	 2	 -41.7112	  174.2552
6.372	 2.71	 2	 -42.6928	  172.7478
6.374	 4.40	 1	 -42.2702	  173.8397
6.384	 3.53	 1	 -42.9080	  173.2019
6.388	 2.10	 1	 -42.3924	  173.0108
6.394	 2.12	 1	 -42.2011	  172.6020
6.397	 2.37	 1	 -43.5020	  171.7706
6.406	 2.08	 1	 -41.9341	  173.9179
6.423	 2.35	 2	 -42.1658	  173.1023
6.428	 2.08	 1	 -42.0644	  173.6992
6.433	 2.02	 1	 -42.4312	  172.8765
6.434	 4.34	 1	 -41.7542	  174.1202
6.460	 3.04	 1	 -42.6615	  173.2609
6.472	 2.27	 1	 -42.1757	  173.7256
6.488	 2.08	 1	 -42.3220	  173.8336
6.500	 2.77	 2	 -41.8003	  174.2589
6.513	 2.09	 1	 -42.1739	  173.8593
6.525	 2.03	 1	 -42.5689	  173.9380
6.548	 2.78	 1	 -42.7524	  172.9353
6.565	 2.10	 1	 -42.0243	  173.6809
6.574	 2.07	 1	 -41.6884	  173.2721
6.587	 2.05	 1	 -42.4341	  173.5883
6.596	 2.34	 1	 -41.8141	  174.4071
6.598	 3.51	 1	 -42.3999	  172.9127
6.615	 2.36	 1	 -42.6872	  172.7383
6.634	 2.91	 1	 -42.2154	  173.7263
6.652	 3.55	 1	 -42.5309	  173.1570
6.655	 2.36	 1	 -42.2821	  173.6614
6.661	 2.30	 1	 -42.3203	  173.7425
6.695	 2.55	 1	 -42.2221	  173.3429
6.705	 3.08	 1	 -42.5560	  172.8283
6.730	 3.18	 1	 -42.4663	  173.6609
6.733	 2.81	 1	 -42.3508	  174.1405
6.737	 2.06	 1	 -42.1562	  173.5825
6.742	 2.70	 1	 -42.3497	  173.7554
6.748	 2.22	 1	 -42.5572	  172.6789
6.752	 2.87	 1	 -42.3467	  173.9179
6.754	 2.26	 1	 -41.7713	  174.2415
6.759	 2.55	 1	 -42.0851	  173.5044
6.767	 2.37	 1	 -42.1300	  172.8355
6.781	 3.00	 1	 -41.8409	  173.7173
6.787	 2.09	 1	 -42.2580	  174.1284
6.792	 2.34	 1	 -42.9104	  172.7428
6.805	 2.01	 1	 -41.6976	  172.3477
6.841	 2.05	 1	 -42.7694	  173.7104
6.842	 3.22	 1	 -41.7997	  174.1131
6.870	 2.29	 1	 -42.4617	  172.7846
6.870	 2.68	 1	 -41.2827	  173.9600
6.877	 2.06	 1	 -42.1223	  174.3468
6.886	 3.59	 1	 -42.5970	  172.9319
6.895	 2.13	 1	 -42.3145	  173.6471
6.896	 2.85	 1	 -42.4739	  173.8780
6.897	 2.32	 1	 -42.1325	  173.5398
6.920	 2.54	 1	 -42.4651	  173.5780
6.922	 2.82	 1	 -42.4229	  173.1884
6.922	 2.08	 1	 -42.8708	  172.8022
6.930	 2.54	 1	 -42.6750	  173.1934
6.942	 2.75	 1	 -42.1007	  173.8466
6.946	 2.23	 1	 -41.7390	  174.5132
6.947	 2.10	 1	 -41.6919	  174.2823
6.949	 2.01	 1	 -42.3278	  173.3271
6.953	 2.23	 1	 -42.4812	  172.9065
6.962	 2.71	 1	 -42.0011	  173.7580
6.982	 2.65	 1	 -42.5016	  173.1187
6.983	 2.40	 1	 -42.2590	  173.5765
6.989	 2.03	 1	 -42.6368	  172.9358
6.998	 2.41	 1	 -42.4703	  173.7341
7.005	 3.32	 1	 -41.7507	  174.3070
7.009	 2.08	 1	 -42.5896	  173.4868
7.024	 2.71	 1	 -42.3421	  173.9717
7.040	 2.37	 2	 -42.4909	  173.0702
7.057	 3.15	 1	 -42.0897	  173.7002
7.077	 2.57	 1	 -44.6009	  172.3931
7.086	 2.15	 1	 -41.6638	  172.5370
7.090	 3.02	 1	 -42.6464	  172.8328
7.168	 2.00	 1	 -42.5843	  173.0054
7.168	 2.18	 1	 -42.0207	  173.9198
7.207	 3.80	 1	 -42.3227	  173.6378
7.219	 2.04	 1	 -42.2064	  173.8520
7.223	 2.77	 1	 -42.2555	  173.5931
7.225	 2.19	 1	 -41.8186	  174.2233
7.230	 2.71	 1	 -41.7704	  174.1624
7.231	 2.22	 1	 -42.2044	  173.6454
7.237	 2.32	 1	 -42.6622	  172.9854
7.239	 4.10	 1	 -42.6130	  172.8507
7.273	 2.10	 2	 -42.6030	  172.6882
7.276	 2.14	 1	 -42.7694	  173.3497
7.293	 2.56	 1	 -42.3541	  173.9345
7.294	 2.01	 2	 -41.9840	  173.2167
7.311	 2.23	 1	 -42.6809	  172.8241
7.319	 2.12	 2	 -42.0746	  173.5631
7.339	 2.06	 1	 -43.6280	  173.3181
7.344	 2.12	 1	 -42.2887	  173.5885
7.346	 2.91	 1	 -41.7566	  174.2326
7.362	 2.01	 1	 -42.2723	  173.5621
7.367	 3.11	 1	 -42.6042	  173.0583
7.400	 2.57	 1	 -42.2593	  173.6914
7.402	 2.20	 1	 -42.3599	  173.4057
7.407	 2.26	 1	 -41.8640	  174.2300
7.414	 2.38	 1	 -43.4950	  171.3006
7.443	 2.32	 1	 -42.5775	  173.2407
7.444	 2.03	 1	 -42.8773	  173.2068
7.453	 2.22	 1	 -42.6182	  173.1593
7.454	 2.60	 1	 -42.1941	  173.6384
7.466	 2.65	 1	 -41.7423	  174.2004
7.466	 2.36	 1	 -41.9433	  173.6760
7.489	 2.28	 1	 -41.9219	  175.0455
7.527	 2.76	 1	 -42.5802	  173.0050
7.544	 2.70	 1	 -41.8405	  174.0144
7.546	 2.11	 1	 -42.6948	  173.1504
7.589	 2.50	 1	 -42.2465	  173.6612
7.639	 2.77	 1	 -42.0572	  173.5814
7.670	 2.69	 1	 -42.3228	  173.8088
7.689	 2.54	 1	 -41.7506	  174.0251
7.691	 2.01	 1	 -42.2863	  172.8184
7.718	 2.61	 1	 -42.6461	  172.8131
7.731	 2.25	 1	 -42.1521	  173.5427
7.740	 2.65	 1	 -41.7712	  174.4467
7.755	 2.25	 1	 -42.0265	  173.7703
7.760	 2.68	 1	 -42.4484	  172.8131
7.832	 2.27	 1	 -41.1049	  174.1764
7.844	 2.09	 1	 -42.2445	  174.0090
7.849	 2.05	 1	 -42.1947	  173.6779
7.866	 2.21	 1	 -42.7762	  173.3008
7.876	 2.26	 1	 -41.7960	  173.5191
7.886	 2.75	 1	 -41.8838	  174.2396
7.901	 2.33	 1	 -42.2265	  173.5741
7.911	 2.14	 1	 -42.2747	  173.6339
7.940	 2.53	 1	 -41.6949	  174.3078
7.944	 2.40	 1	 -42.0698	  173.9606
7.976	 2.17	 1	 -41.6799	  174.2150
7.994	 2.34	 1	 -41.9530	  173.0763
8.009	 2.37	 1	 -42.2578	  173.7039
8.013	 2.35	 1	 -41.9078	  174.7314
8.033	 2.05	 1	 -42.1876	  173.5119
8.033	 2.54	 1	 -42.4187	  173.9337
8.038	 2.17	 1	 -42.1627	  173.5966
8.043	 2.13	 1	 -42.6793	  172.9136
8.046	 2.12	 1	 -42.1672	  171.8310
8.049	 2.54	 1	 -43.5377	  172.8864
8.056	 2.28	 1	 -42.5394	  172.5661
8.101	 2.01	 1	 -42.0031	  173.7345
8.104	 2.96	 1	 -41.7573	  174.2764
8.106	 2.94	 1	 -42.2109	  173.4395
8.106	 2.91	 1	 -42.0474	  173.6797
8.107	 3.04	 1	 -42.2414	  173.6686
8.119	 2.60	 1	 -41.6991	  174.2957
8.121	 3.05	 1	 -41.7148	  174.3860
8.121	 2.05	 1	 -42.5904	  172.8069
8.125	 2.52	 1	 -42.3033	  173.8157
8.129	 2.46	 1	 -42.4749	  172.8970
8.136	 2.10	 1	 -42.0135	  172.7279
8.139	 2.02	 1	 -41.7133	  174.2672
8.145	 2.51	 1	 -42.3606	  173.5797
8.156	 2.01	 2	 -43.1609	  172.6765
8.191	 2.21	 1	 -43.4348	  172.8042
8.218	 2.71	 1	 -42.1284	  173.5456
8.241	 2.27	 1	 -41.9872	  173.6810
8.269	 2.26	 1	 -41.7952	  174.2085
8.274	 2.23	 1	 -42.5593	  173.0613
8.307	 2.02	 1	 -42.6420	  172.9812
8.308	 2.90	 1	 -42.0448	  173.7109
8.314	 2.14	 1	 -42.5363	  173.1503
8.330	 2.39	 1	 -42.4637	  173.8232
8.381	 2.33	 1	 -42.7382	  172.9149
8.419	 2.55	 1	 -42.5112	  173.1385
8.419	 3.20	 1	 -42.2506	  173.6692
8.428	 2.24	 1	 -42.4507	  172.5482
8.464	 2.42	 1	 -41.9871	  173.7281
8.466	 2.92	 1	 -41.9493	  173.6922
8.495	 2.78	 1	 -42.7911	  172.9002
8.500	 2.38	 1	 -42.2987	  173.9980
8.507	 2.96	 1	 -41.6222	  174.3463
8.508	 2.01	 1	 -42.2039	  173.6841
8.513	 2.31	 1	 -42.2297	  173.5345
8.514	 2.24	 1	 -42.1280	  173.4865
8.563	 2.27	 1	 -41.7659	  174.4423
8.594	 2.18	 1	 -42.7326	  173.2241
8.600	 2.04	 1	 -41.7196	  174.3102
8.613	 2.28	 1	 -42.2801	  173.6799
8.636	 2.64	 1	 -42.6657	  172.8220
8.638	 2.39	 1	 -41.9387	  174.2459
8.642	 2.12	 1	 -41.7437	  173.9375
8.668	 2.23	 1	 -42.4731	  173.1915
8.670	 2.53	 1	 -42.5143	  173.0888
8.704	 2.93	 1	 -39.0495	  172.8774
8.706	 3.06	 1	 -42.2388	  173.6840
8.742	 2.16	 1	 -42.5477	  173.1324
8.753	 2.39	 1	 -42.2110	  173.8868
8.764	 2.01	 1	 -42.0903	  173.6474
8.791	 2.02	 1	 -41.7135	  174.3785
8.800	 2.05	 1	 -40.3092	  168.0961
8.801	 2.30	 1	 -42.5338	  174.0849
8.802	 2.19	 1	 -42.3647	  174.3323
8.813	 2.13	 1	 -42.5883	  174.1646
8.831	 2.13	 1	 -42.4239	  172.9613
8.887	 2.14	 1	 -42.0526	  172.5754
8.907	 2.32	 1	 -42.4081	  173.6977
8.921	 2.43	 1	 -42.1684	  173.8646
8.923	 2.33	 1	 -42.5494	  173.6216
8.929	 2.12	 1	 -42.1937	  173.5811
8.953	 2.51	 1	 -42.2671	  172.8105
8.972	 2.06	 1	 -42.7431	  173.4145
9.011	 2.37	 1	 -41.8376	  174.0072
9.024	 2.97	 1	 -42.2090	  173.6862
9.039	 2.35	 1	 -42.6360	  172.9650
9.053	 2.23	 2	 -42.9176	  172.6298
9.083	 2.41	 2	 -42.0225	  173.7063
9.091	 2.20	 1	 -42.1402	  173.8631
9.098	 2.12	 1	 -42.5414	  173.0565
9.130	 2.14	 2	 -38.5230	  170.7489
9.131	 2.15	 1	 -41.6807	  174.1036
9.136	 2.10	 1	 -42.9622	  172.7934
9.140	 2.14	 1	 -42.3142	  173.0580
9.161	 2.63	 1	 -42.1690	  173.5730
9.188	 2.52	 1	 -42.3719	  173.7463
9.191	 2.21	 1	 -42.8561	  173.0426
9.198	 2.42	 1	 -42.2359	  174.1799
9.231	 2.01	 1	 -41.7401	  174.2725
9.243	 2.98	 1	 -42.4502	  173.2133
9.287	 2.09	 1	 -42.7371	  172.6587
9.302	 2.17	 1	 -41.7550	  174.2393
9.341	 2.51	 1	 -41.8387	  173.7966
9.345	 2.18	 1	 -42.1582	  173.6500
9.371	 2.33	 1	 -41.8048	  173.9826
9.399	 2.35	 1	 -43.0122	  173.3575
9.446	 2.61	 2	 -44.0733	  179.3828
9.455	 2.41	 1	 -42.3304	  173.7554
9.471	 2.85	 1	 -42.1234	  173.6352
9.547	 2.29	 1	 -42.6655	  173.6766
9.568	 2.60	 1	 -41.8152	  174.4100
9.578	 2.02	 2	 -42.9294	  172.6181
9.589	 2.79	 1	 -41.7703	  174.4186
9.625	 2.00	 1	 -42.4370	  173.3552
9.635	 2.72	 1	 -42.8168	  173.3158
9.667	 2.11	 2	 -41.9982	  173.7039
9.671	 2.15	 1	 -42.2687	  173.6880
9.689	 2.49	 1	 -41.6245	  174.1892
9.699	 2.30	 1	 -42.0669	  173.7462
9.712	 3.17	 1	 -42.4500	  173.2080
9.726	 2.27	 1	 -42.2017	  173.6154
9.729	 2.41	 2	 -42.1954	  174.1500
9.732	 2.39	 1	 -42.3112	  173.9291
9.746	 2.06	 1	 -42.6422	  172.9582
9.753	 2.05	 1	 -39.0878	  169.3649
9.758	 2.03	 1	 -42.3427	  173.4217
9.850	 2.34	 1	 -41.9685	  174.0922
9.860	 2.16	 1	 -41.7263	  174.2593
9.866	 2.48	 1	 -42.1511	  173.5652
9.932	 2.64	 1	 -42.4820	  173.7405
9.933	 4.74	 1	 -41.8014	  174.2442
9.965	 2.41	 1	 -41.5113	  173.6543
9.966	 2.88	 1	 -42.2102	  173.6222
10.005	 2.40	 1	 -42.6853	  173.9281
10.008	 2.43	 1	 -42.2767	  173.6847
10.018	 2.87	 1	 -42.4354	  173.1434
10.055	 2.54	 1	 -41.9512	  173.8347
10.058	 2.01	 1	 -41.8400	  173.3507
10.070	 2.76	 1	 -42.0944	  173.6588
10.071	 2.05	 1	 -43.0837	  172.6024
10.075	 2.05	 1	 -41.9881	  173.7090
10.080	 2.50	 1	 -42.3907	  173.7387
10.082	 2.62	 1	 -42.3562	  173.6981
10.084	 2.46	 1	 -42.6603	  172.8103
10.116	 2.13	 1	 -43.3891	  172.7835
10.136	 2.69	 1	 -41.7675	  174.2511
10.165	 2.04	 1	 -42.5795	  173.0663
10.184	 2.20	 1	 -42.4999	  173.5622
10.187	 2.25	 1	 -41.8007	  174.2219
10.210	 2.23	 1	 -41.8021	  174.2458
10.228	 2.69	 1	 -42.3573	  172.8834
10.234	 2.02	 1	 -42.0790	  173.6113
10.264	 2.24	 1	 -42.8274	  172.4323
10.266	 2.08	 1	 -41.9036	  173.5782
10.267	 2.10	 1	 -42.5174	  173.6942
10.268	 2.47	 1	 -42.7913	  173.0390
10.272	 2.60	 1	 -42.5927	  172.0089
10.302	 2.45	 2	 -43.1821	  172.7056
10.306	 2.52	 1	 -42.8837	  172.6685
10.453	 2.49	 1	 -42.1824	  173.5330
10.465	 2.17	 2	 -42.2226	  173.5953
10.465	 2.16	 1	 -41.8555	  173.9881
10.484	 3.13	 1	 -41.7306	  174.2670
10.485	 2.02	 1	 -42.1660	  173.4184
10.495	 2.17	 1	 -42.4948	  172.5870
10.497	 2.07	 1	 -42.2447	  173.5909
10.550	 2.01	 1	 -41.8692	  174.0206
10.590	 2.26	 1	 -39.1052	  176.2151
10.594	 2.20	 1	 -42.5584	  173.1527
10.602	 2.58	 1	 -45.2263	  168.1783
10.604	 2.48	 1	 -41.9931	  173.7371
10.631	 2.64	 1	 -42.1469	  173.3402
10.683	 2.13	 1	 -42.5456	  173.0981
10.691	 2.19	 1	 -42.5935	  173.4760
10.726	 2.04	 1	 -41.7889	  174.6234
10.727	 2.33	 1	 -44.9812	  178.2882
10.749	 2.08	 1	 -41.7122	  174.1068
10.786	 2.95	 1	 -42.2102	  173.4206
10.788	 2.13	 1	 -42.5463	  173.7399
10.797	 2.79	 1	 -42.6481	  172.8475
10.802	 2.08	 1	 -42.2203	  173.5685
10.805	 2.46	 1	 -42.6232	  173.5114
10.836	 2.03	 1	 -42.5140	  173.7573
10.845	 2.24	 1	 -42.5635	  172.7831
10.853	 3.03	 1	 -42.2883	  172.8131
10.879	 2.41	 1	 -42.5101	  173.0843
10.917	 2.35	 1	 -41.8517	  174.1818
10.938	 2.51	 1	 -41.7545	  174.3047
10.994	 2.84	 1	 -42.4150	  173.8328
10.997	 2.26	 1	 -42.6213	  172.9288
11.002	 2.25	 1	 -42.2510	  173.7164
11.017	 2.25	 1	 -42.3692	  172.8186
11.024	 4.46	 1	 -42.4109	  173.3040
11.037	 3.03	 1	 -42.0963	  174.2117
11.060	 2.08	 1	 -44.8421	  168.4357
11.070	 2.05	 1	 -41.7994	  174.0481
11.075	 2.12	 1	 -41.7162	  174.0272
11.080	 2.17	 1	 -42.2709	  173.4705
11.083	 2.81	 1	 -42.4036	  172.4785
11.087	 2.95	 1	 -42.4756	  173.3886
11.088	 3.05	 1	 -42.1906	  173.8032
11.126	 2.53	 1	 -42.5558	  173.3575
11.158	 2.31	 1	 -42.2444	  173.6584
11.164	 2.19	 1	 -42.7617	  172.7644
11.175	 3.57	 1	 -41.7992	  172.5177
11.206	 2.09	 1	 -42.0844	  173.3157
11.213	 2.15	 1	 -41.7542	  174.2725
11.222	 3.02	 1	 -41.6219	  174.3417
11.223	 2.35	 1	 -41.7418	  173.9878
11.250	 2.29	 1	 -42.6188	  173.1079
11.272	 2.73	 1	 -42.8685	  173.2286
11.284	 2.11	 1	 -41.7191	  174.1796
11.285	 2.41	 1	 -42.2080	  173.8999
11.289	 2.15	 1	 -42.8014	  173.3305
11.331	 2.29	 1	 -43.0366	  172.5515
11.343	 2.26	 1	 -42.6819	  173.1806
11.349	 3.10	 1	 -41.6809	  174.2381
11.365	 2.73	 1	 -42.0828	  173.6057
11.373	 2.19	 1	 -41.6844	  174.1508
11.399	 2.01	 1	 -42.7455	  172.7816
11.439	 2.35	 1	 -42.4205	  173.8369
11.440	 2.80	 1	 -42.2824	  172.3228
11.454	 2.07	 1	 -41.9791	  173.0622
11.477	 2.46	 1	 -42.0421	  173.6424
11.508	 2.68	 1	 -42.2448	  173.6972
11.514	 2.38	 1	 -42.1187	  173.8263
11.517	 2.51	 2	 -42.5191	  173.7650
11.531	 2.29	 1	 -43.6338	  173.3642
11.547	 2.88	 1	 -44.6863	  173.9240
11.576	 3.27	 1	 -42.2409	  172.6761
11.603	 2.18	 1	 -43.0398	  173.2624
11.634	 3.71	 1	 -42.3372	  173.7281
11.656	 2.20	 1	 -41.6498	  174.2071
11.699	 2.33	 1	 -42.3183	  173.7275
11.714	 2.61	 1	 -42.2029	  172.9365
11.718	 2.07	 1	 -42.3231	  173.7406
11.721	 2.17	 1	 -42.8616	  171.1891
11.766	 2.09	 1	 -42.3908	  173.7724
11.813	 2.04	 1	 -42.2720	  173.3328
11.840	 2.83	 1	 -42.6506	  172.9210
11.853	 2.61	 1	 -41.7733	  174.1691
11.853	 2.34	 1	 -41.8426	  174.0119
11.864	 2.56	 1	 -42.1410	  173.6007
11.888	 2.38	 1	 -42.6932	  173.0578
11.889	 2.12	 1	 -43.0177	  172.7011
11.894	 2.59	 1	 -42.3299	  173.7508
11.907	 2.96	 1	 -42.0116	  173.6908
11.916	 2.41	 1	 -42.1847	  173.4530
11.936	 2.14	 1	 -42.7365	  172.9141
12.000	 2.55	 1	 -42.4177	  173.8308
12.013	 2.32	 1	 -42.8909	  172.7262
12.061	 2.21	 1	 -42.9679	  172.9473
12.090	 2.05	 1	 -42.3636	  173.6237
12.097	 4.02	 1	 -41.6726	  174.2621
12.102	 2.25	 1	 -40.2302	  168.1468
12.117	 2.55	 1	 -46.4156	  170.8171
12.124	 2.13	 1	 -42.5458	  172.9921
12.155	 2.66	 1	 -40.6201	  175.2745
12.192	 2.03	 1	 -43.7543	  171.5679
12.195	 2.79	 1	 -42.1203	  173.4702
12.202	 2.36	 1	 -42.5159	  179.1352
12.213	 2.20	 1	 -41.5620	  171.5181
12.274	 2.42	 1	 -42.1881	  173.8784
12.279	 2.18	 2	 -42.2203	  173.8737
12.280	 2.24	 1	 -41.7179	  174.4485
12.297	 2.00	 1	 -42.6104	  174.8848
12.298	 2.39	 1	 -42.8367	  173.7147
12.299	 2.01	 1	 -41.8325	  173.7630
12.327	 2.05	 1	 -42.6600	  173.0744
12.399	 2.31	 1	 -41.9724	  173.5874
12.453	 2.92	 1	 -42.7388	  174.9228
12.474	 2.34	 1	 -41.7980	  174.2616
12.494	 2.19	 1	 -42.4772	  171.0849
12.499	 2.65	 1	 -42.2836	  173.5465
12.535	 2.04	 1	 -42.2765	  173.8112
12.559	 2.04	 1	 -42.3064	  173.4449
12.562	 2.71	 1	 -42.5391	  172.8304
12.565	 2.08	 1	 -42.5047	  170.2855
12.570	 2.22	 1	 -42.7134	  172.8105
12.576	 2.11	 1	 -42.4113	  172.9405
12.614	 2.29	 1	 -42.4954	  173.1195
12.623	 2.63	 1	 -42.0131	  173.7259
12.633	 2.64	 1	 -42.6721	  172.8585
12.647	 2.64	 1	 -41.2589	  174.2147
12.661	 2.16	 1	 -42.3862	  173.1549
12.662	 2.23	 1	 -43.1044	  173.2935
12.685	 3.76	 1	 -41.9901	  173.6687
12.738	 2.25	 1	 -42.5364	  173.7713
12.744	 2.23	 1	 -42.2393	  173.7262
12.749	 2.68	 2	 -42.1913	  173.6463
12.788	 2.35	 1	 -42.5227	  173.0084
12.822	 3.42	 1	 -44.0465	  172.3877
12.840	 2.01	 1	 -47.1269	  172.0077
12.866	 2.03	 1	 -41.7718	  174.1897
12.900	 3.31	 1	 -42.5130	  173.1582
12.902	 2.07	 2	 -42.3191	  173.6272
12.919	 2.02	 1	 -39.4567	  171.0082
12.930	 2.16	 1	 -42.1918	  173.5397
12.981	 2.73	 1	 -42.0860	  173.6509
13.006	 3.09	 1	 -43.0571	  173.0274
13.019	 3.38	 1	 -42.0743	  173.4752
13.089	 2.99	 1	 -42.4503	  173.7097
13.094	 3.35	 2	 -42.2036	  174.5773
13.103	 3.26	 1	 -42.0881	  173.5316
13.140	 2.07	 1	 -42.5593	  172.9416
13.145	 2.29	 1	 -42.6432	  172.9425
13.155	 2.27	 1	 -41.8137	  173.7670
13.214	 2.54	 2	 -42.1155	  173.8234
13.218	 3.42	 1	 -42.4318	  173.7820
13.255	 2.31	 1	 -42.2840	  173.4619
13.258	 2.04	 1	 -42.5816	  173.2857
13.282	 2.24	 1	 -41.9785	  174.1552
13.285	 2.06	 1	 -42.0151	  172.0081
13.288	 2.13	 1	 -42.0676	  173.5199
13.291	 2.10	 1	 -42.2729	  173.6475
13.327	 2.65	 1	 -43.5627	  172.3442
13.356	 3.55	 1	 -43.1511	  173.2751
13.360	 2.05	 1	 -42.4055	  174.5011
13.383	 2.02	 1	 -41.6409	  174.2657
13.391	 3.87	 1	 -42.1891	  171.6889
13.394	 2.63	 1	 -42.2010	  173.6576
13.416	 2.39	 2	 -41.7407	  173.3325
13.425	 2.34	 1	 -38.6320	  175.6503
13.428	 3.29	 1	 -44.1298	  174.0543
13.429	 2.02	 1	 -42.5859	  173.0872
13.441	 2.56	 1	 -42.1895	  173.6782
13.444	 2.29	 1	 -42.9756	  172.6844
13.458	 2.35	 1	 -42.5701	  173.0650
13.476	 2.13	 2	 -41.7529	  174.2842
13.499	 2.16	 2	 -40.7959	  175.1251
13.536	 2.13	 1	 -43.5271	  171.8060
13.570	 2.17	 1	 -42.3856	  173.8813
13.570	 2.33	 1	 -42.2476	  173.1299
13.608	 2.02	 1	 -42.6145	  173.0155
13.630	 2.35	 2	 -43.1438	  172.7463
13.645	 2.01	 1	 -42.0701	  173.3663
13.680	 2.26	 1	 -42.2003	  173.5899
13.691	 2.24	 1	 -39.7660	  168.3773
13.716	 2.24	 1	 -42.4231	  173.8478
13.727	 4.97	 1	 -43.1228	  173.4217
13.732	 2.54	 1	 -42.4565	  172.7246
13.774	 2.64	 1	 -42.6879	  173.0400
13.869	 2.05	 1	 -42.4140	  173.1606
13.877	 2.06	 1	 -42.2646	  173.9927
13.935	 2.19	 1	 -42.2165	  173.9691
13.947	 2.51	 1	 -42.9299	  172.9056
13.967	 2.17	 1	 -41.9669	  173.7513
14.020	 2.28	 1	 -42.2467	  173.6304
14.085	 2.94	 2	 -43.2599	  172.8291
14.119	 2.11	 1	 -42.3530	  173.8159
14.142	 2.50	 1	 -42.5069	  173.0866
14.149	 2.27	 1	 -41.8721	  173.9071
14.166	 2.03	 1	 -42.2615	  173.6540
14.187	 2.16	 2	 -41.7572	  173.2493
14.235	 2.14	 1	 -42.5373	  173.0944
14.260	 2.19	 1	 -42.2582	  173.8606
14.277	 2.15	 1	 -42.0096	  173.7060
14.307	 2.14	 1	 -41.7930	  174.2110
14.313	 2.14	 1	 -39.9020	  171.5957
14.331	 2.65	 2	 -41.9610	  173.8369
14.346	 2.38	 1	 -41.9044	  174.1554
14.347	 2.85	 2	 -42.9672	  171.6508
14.409	 2.02	 1	 -42.0261	  173.6105
14.446	 2.16	 1	 -41.8031	  174.2395
