# Simulation 661
# RelativeTime(days) Magnitude Generation Latitude Longitude
Time Mag Gen Lat Lon
7.002	 2.69	 1	 -42.4700	  172.3977
7.009	 2.20	 1	 -43.6043	  173.4072
7.013	 2.78	 1	 -42.7260	  173.0252
7.022	 2.55	 1	 -44.7460	  172.8861
7.032	 2.06	 1	 -42.2291	  174.1186
7.036	 2.06	 1	 -42.3682	  173.3224
7.039	 2.06	 1	 -42.7112	  172.6109
7.041	 2.14	 1	 -42.8299	  173.3294
7.061	 2.71	 1	 -43.0695	  172.8182
7.065	 3.56	 1	 -41.9434	  173.9759
7.088	 2.11	 1	 -42.3693	  173.3578
7.097	 3.21	 1	 -41.7374	  174.1612
7.100	 2.70	 1	 -42.4841	  173.0186
7.141	 3.16	 1	 -42.7669	  172.6622
7.145	 2.07	 1	 -43.6385	  171.3610
7.153	 2.06	 1	 -42.7351	  172.8468
7.170	 2.20	 1	 -41.7876	  174.2747
7.173	 2.11	 1	 -42.6179	  172.8648
7.173	 2.08	 1	 -42.4690	  171.6522
7.186	 2.75	 1	 -42.6253	  173.8827
7.186	 3.56	 1	 -46.2676	  169.3114
7.187	 2.25	 1	 -42.2029	  173.6062
7.194	 2.32	 1	 -43.0398	  172.6049
7.194	 2.43	 1	 -42.7074	  173.0316
7.217	 2.14	 1	 -43.0726	  173.5790
7.218	 2.00	 1	 -41.8545	  173.9506
7.220	 2.21	 1	 -41.7004	  174.2596
7.230	 2.76	 1	 -41.8660	  173.9569
7.231	 2.10	 2	 -41.8890	  173.9630
7.233	 3.08	 1	 -42.6144	  173.0435
7.233	 2.27	 1	 -41.6752	  174.1967
7.244	 2.22	 1	 -42.7089	  173.2149
7.252	 2.13	 1	 -42.1798	  173.5214
7.255	 2.69	 1	 -42.7485	  172.6581
7.256	 2.97	 1	 -42.7293	  172.5518
7.258	 2.29	 1	 -42.8879	  174.5519
7.259	 2.28	 2	 -42.7306	  172.5499
7.263	 2.23	 1	 -42.5743	  172.9905
7.270	 2.01	 1	 -42.5211	  173.1809
7.277	 2.01	 1	 -42.7435	  172.9932
7.293	 2.59	 2	 -42.6123	  173.0427
7.296	 2.42	 1	 -42.2625	  173.6263
7.300	 2.00	 1	 -44.0253	  167.1792
7.306	 3.37	 1	 -42.5022	  172.4165
7.328	 3.19	 1	 -42.3535	  173.4073
7.333	 2.20	 1	 -42.7126	  171.6305
7.343	 3.39	 1	 -42.6375	  173.1738
7.347	 2.08	 1	 -42.6857	  173.3346
7.352	 2.16	 1	 -42.7520	  173.1423
7.364	 3.12	 1	 -41.7919	  174.1558
7.369	 2.03	 1	 -41.2149	  171.6640
7.373	 2.28	 1	 -42.6742	  172.8969
7.374	 2.16	 1	 -41.7749	  174.3959
7.376	 2.57	 1	 -42.4858	  172.8529
7.379	 2.76	 1	 -43.1840	  173.2941
7.387	 2.96	 1	 -42.2389	  173.6652
7.397	 2.07	 1	 -42.2395	  173.6901
7.399	 2.39	 1	 -42.5997	  173.4400
7.400	 3.72	 1	 -41.8910	  174.2068
7.403	 2.04	 1	 -41.7942	  173.9887
7.422	 2.01	 1	 -42.7029	  173.2255
7.422	 2.55	 1	 -42.7965	  174.3847
7.424	 3.56	 1	 -42.5438	  173.1843
7.427	 2.11	 1	 -41.9899	  173.6332
7.427	 2.38	 1	 -42.0614	  173.7295
7.429	 2.80	 1	 -42.6985	  173.0715
7.438	 2.02	 1	 -42.8794	  172.8419
7.442	 2.25	 1	 -42.8141	  173.0955
7.446	 2.17	 1	 -42.9048	  174.0703
7.446	 2.09	 1	 -42.4748	  172.5269
7.446	 2.87	 1	 -42.4018	  173.0503
7.451	 2.32	 1	 -42.6417	  172.7706
7.453	 2.38	 1	 -41.6721	  174.2258
7.455	 2.17	 1	 -42.6091	  172.9164
7.472	 2.12	 1	 -42.4711	  173.7444
7.499	 2.10	 1	 -44.1087	  171.1080
7.499	 2.35	 1	 -42.6945	  173.3236
7.511	 2.56	 1	 -42.5868	  173.5543
7.519	 3.05	 1	 -41.8378	  174.2567
7.528	 2.04	 1	 -42.4614	  173.4320
7.544	 2.34	 1	 -42.6569	  172.7746
7.546	 2.09	 1	 -43.4214	  172.1499
7.546	 2.61	 1	 -42.7515	  172.9196
7.553	 2.10	 1	 -42.8544	  173.0038
7.556	 2.16	 1	 -42.3955	  173.9439
7.561	 2.07	 1	 -42.5742	  172.9749
7.564	 2.24	 1	 -42.0877	  173.2844
7.573	 2.33	 1	 -42.4460	  172.9580
7.575	 2.30	 1	 -42.6205	  171.5590
7.588	 2.03	 1	 -42.9397	  173.8299
7.595	 2.28	 1	 -42.1197	  173.4822
7.607	 2.41	 1	 -43.1380	  172.1775
7.609	 2.25	 2	 -42.5459	  173.1916
7.611	 2.43	 1	 -43.4334	  175.4933
7.611	 3.51	 1	 -43.1080	  176.3932
7.615	 2.27	 1	 -42.0217	  173.8602
7.620	 2.60	 1	 -42.2970	  173.9694
7.638	 2.03	 1	 -42.8440	  173.2598
7.652	 2.36	 1	 -42.0567	  173.7467
7.668	 2.36	 1	 -42.2925	  173.3390
7.681	 2.19	 1	 -42.6917	  173.1208
7.685	 2.21	 1	 -41.5653	  174.1758
7.689	 2.78	 1	 -46.3232	  176.6316
7.699	 2.13	 1	 -42.3514	  173.7646
7.724	 2.14	 1	 -42.3393	  173.6047
7.730	 2.23	 1	 -42.8703	  172.5636
7.730	 2.79	 1	 -42.5956	  172.7107
7.734	 2.32	 1	 -41.6749	  174.2606
7.736	 2.42	 1	 -42.8316	  173.4449
7.747	 2.69	 1	 -43.0136	  172.8431
7.752	 2.65	 1	 -42.4129	  173.1457
7.753	 2.13	 1	 -42.7532	  173.4245
7.753	 2.72	 1	 -43.0501	  172.7953
7.758	 2.43	 1	 -42.5128	  172.4745
7.758	 2.16	 1	 -41.0364	  174.1119
7.758	 2.07	 1	 -42.1464	  173.8086
7.766	 2.29	 1	 -42.4756	  173.0384
7.775	 2.16	 1	 -41.9175	  173.9925
7.775	 3.11	 1	 -42.3651	  173.6048
7.775	 2.86	 1	 -42.4476	  173.7569
7.779	 2.73	 1	 -42.7987	  173.4918
7.788	 2.99	 1	 -42.1462	  173.5915
7.792	 2.48	 1	 -41.9681	  174.0693
7.798	 2.12	 1	 -43.0620	  173.3753
7.808	 2.24	 1	 -44.0179	  173.3732
7.818	 2.05	 1	 -43.3207	  172.9413
7.822	 2.21	 1	 -42.2518	  173.3581
7.825	 2.68	 1	 -43.1799	  173.6560
7.828	 2.38	 1	 -42.6219	  173.2890
7.831	 2.50	 1	 -41.9331	  173.0760
7.838	 2.51	 1	 -41.8212	  170.5551
7.847	 2.01	 1	 -42.7613	  172.7819
7.848	 2.43	 1	 -42.8022	  172.8109
7.853	 2.43	 1	 -38.5407	  170.6728
7.855	 2.01	 1	 -42.2990	  174.0490
7.857	 2.14	 2	 -46.2764	  169.3069
7.874	 2.47	 1	 -42.7821	  172.9915
7.878	 2.08	 2	 -42.6202	  171.5607
7.881	 3.39	 1	 -42.4535	  173.0025
7.897	 2.06	 1	 -42.2263	  173.7850
7.904	 2.85	 2	 -42.7034	  173.0664
7.904	 2.44	 1	 -42.4326	  173.9420
7.916	 2.28	 1	 -41.9971	  171.9926
7.916	 2.61	 1	 -41.5655	  174.3510
7.925	 3.89	 1	 -42.6798	  173.0255
7.925	 4.67	 1	 -42.8524	  173.4263
7.929	 2.15	 1	 -42.2750	  173.7520
7.934	 2.06	 1	 -42.2668	  173.6941
7.939	 2.93	 1	 -42.6116	  172.9313
7.940	 3.46	 1	 -41.6934	  174.3349
7.942	 2.65	 1	 -41.9951	  173.1926
7.943	 2.69	 1	 -41.2319	  171.5836
7.944	 2.46	 1	 -42.5789	  173.0197
7.948	 3.04	 1	 -42.0213	  174.0284
7.950	 2.60	 1	 -42.5679	  173.0779
7.961	 2.89	 1	 -42.5607	  173.0392
7.973	 2.10	 1	 -42.6779	  173.0173
7.982	 2.61	 1	 -42.9959	  172.8429
7.982	 2.35	 1	 -42.6506	  173.0855
7.983	 2.32	 1	 -42.7052	  173.5644
7.986	 2.20	 1	 -43.3869	  175.3615
7.988	 2.19	 1	 -41.9230	  173.9725
7.995	 2.23	 1	 -42.3275	  173.7075
8.000	 2.14	 1	 -42.2930	  173.7961
8.004	 2.03	 1	 -42.5022	  173.1566
8.010	 2.13	 1	 -42.1383	  173.5787
8.010	 2.47	 1	 -41.4747	  171.6963
8.012	 2.25	 1	 -42.7007	  172.9345
8.013	 2.03	 1	 -42.6270	  172.8275
8.017	 2.48	 1	 -41.9608	  173.6679
8.018	 2.30	 2	 -42.8516	  173.4416
8.019	 2.09	 1	 -43.2285	  172.5894
8.019	 2.13	 1	 -42.5595	  173.2972
8.025	 2.03	 1	 -42.2312	  174.9599
8.034	 2.03	 1	 -42.0071	  173.7691
8.051	 3.66	 1	 -42.7398	  173.0486
8.055	 2.51	 1	 -42.0149	  172.9260
8.070	 2.07	 1	 -43.5381	  173.3845
8.076	 2.00	 1	 -42.0650	  174.0308
8.082	 2.92	 1	 -45.0580	  171.4769
8.090	 3.29	 2	 -42.4678	  172.4057
8.099	 2.74	 1	 -42.3359	  173.7628
8.100	 2.41	 1	 -43.1530	  173.8613
8.100	 3.42	 1	 -41.5754	  169.6397
8.108	 3.25	 1	 -43.0137	  173.4084
8.115	 2.47	 1	 -42.4341	  173.1359
8.119	 4.37	 1	 -42.0355	  173.0209
8.121	 2.12	 2	 -42.7946	  173.0364
8.128	 4.65	 1	 -42.6496	  170.4136
8.128	 2.13	 2	 -42.6201	  170.4384
8.129	 2.05	 2	 -42.6480	  170.4290
8.132	 2.45	 2	 -42.6614	  170.4315
8.134	 2.18	 1	 -41.8725	  173.5422
8.136	 2.83	 1	 -41.6345	  174.2300
8.137	 2.53	 2	 -42.0335	  173.0064
8.142	 2.02	 2	 -42.8439	  173.4063
8.149	 2.38	 1	 -42.7755	  172.9924
8.158	 2.14	 1	 -42.6514	  172.7708
8.167	 2.06	 1	 -41.1941	  173.9856
8.208	 2.38	 2	 -42.0332	  173.0388
8.263	 3.47	 1	 -42.4380	  173.1377
8.278	 2.07	 1	 -42.9795	  173.1561
8.279	 2.87	 1	 -42.6219	  173.9115
8.284	 2.84	 1	 -41.9451	  172.8133
8.287	 2.11	 1	 -42.5604	  173.2699
8.288	 2.48	 1	 -42.0443	  173.7082
8.289	 2.22	 1	 -42.5992	  172.8088
8.310	 2.13	 1	 -42.0913	  173.7615
8.311	 2.26	 1	 -41.2552	  172.7291
8.321	 2.10	 1	 -41.9662	  174.0741
8.326	 2.44	 1	 -42.4919	  172.4416
8.328	 2.54	 2	 -43.1071	  176.3909
8.332	 2.06	 1	 -42.7204	  172.9934
8.334	 2.43	 1	 -42.2519	  173.8888
8.335	 2.26	 2	 -42.6218	  173.9094
8.341	 2.16	 1	 -42.4768	  173.0680
8.345	 2.65	 1	 -42.3067	  173.4361
8.346	 3.36	 1	 -42.5853	  173.7190
8.356	 2.88	 1	 -42.9650	  172.7299
8.358	 3.13	 1	 -42.6092	  172.5383
8.361	 2.01	 1	 -43.2017	  172.2544
8.365	 2.08	 1	 -42.5054	  172.5879
8.370	 2.68	 1	 -42.6493	  173.0102
8.371	 2.79	 1	 -42.6943	  173.0889
8.377	 2.91	 1	 -42.9536	  173.3208
8.381	 2.62	 1	 -43.4369	  173.4713
8.382	 3.63	 1	 -42.8565	  172.8467
8.385	 2.13	 1	 -43.2652	  173.0378
8.389	 2.54	 1	 -42.0406	  173.7418
8.391	 2.12	 1	 -42.4292	  173.7742
8.401	 2.42	 2	 -42.7024	  173.0915
8.401	 2.02	 1	 -42.6658	  173.6593
8.403	 2.47	 2	 -42.6081	  170.4023
8.405	 2.63	 1	 -42.1499	  173.4666
8.413	 2.17	 1	 -42.7306	  172.6108
8.420	 3.28	 1	 -42.7955	  173.1992
8.424	 2.06	 2	 -42.8755	  173.4357
8.440	 2.18	 1	 -42.5395	  172.9775
8.445	 2.11	 2	 -41.8956	  172.7851
8.449	 2.39	 1	 -42.5417	  172.2275
8.449	 2.42	 3	 -42.6986	  173.1011
8.452	 2.25	 2	 -43.1032	  176.4204
8.456	 2.51	 2	 -42.5791	  172.9423
8.460	 2.00	 1	 -41.9914	  173.7349
8.468	 2.41	 1	 -42.7107	  173.4935
8.497	 2.05	 1	 -42.2735	  173.2240
8.502	 2.15	 1	 -41.7288	  174.1645
8.504	 2.07	 1	 -42.7255	  173.0550
8.505	 2.04	 1	 -42.4304	  172.2864
8.505	 2.23	 1	 -42.7188	  173.0609
8.507	 2.70	 2	 -42.8214	  173.4104
8.546	 2.33	 1	 -43.3716	  166.9745
8.555	 2.61	 1	 -40.5883	  170.2258
8.562	 2.61	 1	 -45.9952	  175.3011
8.570	 2.29	 2	 -42.0813	  172.9448
8.579	 3.04	 1	 -42.0965	  173.5390
8.588	 2.04	 1	 -42.7223	  173.1783
8.597	 2.03	 1	 -42.4653	  172.9576
8.609	 2.33	 1	 -42.3272	  173.7215
8.617	 2.17	 1	 -43.5690	  173.3012
8.640	 2.67	 1	 -42.6382	  172.9122
8.644	 2.25	 1	 -42.5447	  173.0933
8.650	 2.21	 1	 -42.5263	  173.0253
8.655	 2.03	 1	 -42.8658	  172.7502
8.666	 2.41	 1	 -41.7690	  174.3983
8.667	 2.02	 1	 -41.6569	  174.2358
8.669	 2.43	 1	 -43.6683	  175.2328
8.674	 2.31	 2	 -42.8363	  173.4327
8.676	 2.11	 1	 -43.0567	  171.0657
8.677	 2.50	 1	 -43.2872	  174.2912
8.678	 2.47	 1	 -42.7777	  172.9440
8.679	 3.85	 2	 -42.0434	  173.0052
8.684	 2.09	 1	 -42.5419	  173.7507
8.690	 2.27	 1	 -41.9355	  171.9425
8.697	 2.06	 1	 -42.5301	  173.3557
8.697	 2.24	 3	 -42.0443	  173.0508
8.701	 2.08	 1	 -42.6435	  173.1306
8.702	 2.36	 1	 -42.4408	  172.9301
8.703	 2.47	 1	 -42.6894	  173.0509
8.738	 2.62	 1	 -42.5253	  173.8475
8.747	 2.67	 1	 -42.5421	  173.8572
8.749	 2.09	 1	 -41.9120	  173.7984
8.754	 2.23	 1	 -42.6814	  173.1584
8.755	 2.82	 1	 -41.2052	  174.5422
8.756	 2.68	 1	 -44.8012	  171.6584
8.763	 2.39	 1	 -42.3111	  173.6193
8.764	 2.29	 1	 -42.1911	  173.6651
8.775	 2.54	 1	 -42.7492	  172.9631
8.784	 2.84	 3	 -42.0455	  173.0664
8.788	 2.06	 1	 -42.1074	  173.0813
8.791	 2.10	 1	 -42.9020	  173.1667
8.792	 2.13	 2	 -42.5240	  172.1999
8.794	 2.21	 1	 -42.2076	  173.6045
8.804	 3.36	 1	 -41.9352	  173.7422
8.806	 2.55	 1	 -38.4159	  171.1321
8.806	 2.08	 2	 -41.2047	  174.5423
8.807	 2.70	 1	 -42.8912	  173.4379
8.809	 2.00	 1	 -42.1529	  173.6091
8.812	 2.59	 1	 -42.6575	  173.0258
8.815	 2.33	 4	 -42.0452	  173.0484
8.816	 2.00	 2	 -42.8930	  173.4476
8.831	 2.15	 1	 -42.9199	  166.9122
8.836	 2.52	 1	 -42.5781	  172.7276
8.844	 2.23	 1	 -42.0205	  173.7910
8.847	 3.31	 1	 -41.9408	  173.7475
8.848	 2.22	 1	 -42.6753	  172.9724
8.855	 2.34	 1	 -42.5880	  173.1503
8.880	 2.27	 1	 -41.8933	  172.5500
8.903	 2.27	 1	 -41.7605	  174.3952
8.907	 3.16	 1	 -42.3762	  173.3331
8.913	 2.35	 1	 -42.6443	  173.4118
8.916	 2.35	 1	 -42.4493	  173.1031
8.917	 2.57	 1	 -42.5066	  173.1386
8.919	 3.95	 1	 -42.1929	  173.5458
8.919	 3.25	 2	 -42.2051	  173.5350
8.925	 2.46	 1	 -41.9056	  173.9696
8.936	 2.22	 1	 -43.2496	  173.5903
8.936	 2.86	 1	 -42.1754	  170.7932
8.936	 2.57	 1	 -42.7984	  173.2748
8.965	 2.39	 1	 -41.6141	  174.3106
8.969	 2.39	 1	 -42.9552	  172.2408
8.970	 2.04	 1	 -44.1835	  174.7639
8.975	 2.09	 1	 -43.2798	  172.9606
8.978	 2.46	 2	 -42.4308	  170.7675
8.978	 2.74	 2	 -42.2368	  173.4953
8.980	 2.90	 1	 -42.2653	  174.3026
8.996	 2.15	 1	 -42.6636	  172.8279
8.997	 2.05	 1	 -42.2044	  172.3057
9.001	 2.07	 1	 -42.3704	  173.3931
9.001	 2.31	 1	 -42.6629	  172.7672
9.006	 2.05	 1	 -42.5672	  173.0566
9.018	 4.65	 1	 -43.2485	  172.7983
9.019	 2.25	 2	 -43.2632	  172.8765
9.022	 2.96	 2	 -43.2542	  172.7835
9.029	 2.39	 1	 -42.9813	  173.2790
9.039	 3.61	 1	 -41.8344	  174.1283
9.040	 2.01	 2	 -43.2412	  172.7628
9.041	 4.00	 2	 -43.2332	  172.7850
9.042	 2.34	 3	 -43.2304	  172.7603
9.044	 3.25	 2	 -41.8329	  174.1288
9.054	 2.58	 1	 -42.6652	  172.8282
9.055	 2.08	 1	 -41.6812	  174.1514
9.062	 2.21	 1	 -41.3835	  173.1686
9.065	 2.15	 2	 -42.6362	  170.3885
9.067	 2.39	 1	 -42.3883	  172.7756
9.077	 2.17	 1	 -38.2204	  172.3842
9.078	 2.87	 1	 -42.5847	  172.7700
9.081	 3.19	 1	 -43.0570	  173.6475
9.090	 2.67	 2	 -43.2226	  172.7856
9.112	 2.96	 2	 -43.2417	  172.7938
9.113	 2.53	 1	 -43.7892	  167.0891
9.118	 2.16	 1	 -42.9671	  172.8300
9.122	 2.04	 1	 -43.2506	  174.1538
9.126	 2.34	 2	 -42.5848	  173.0305
9.127	 2.25	 1	 -41.6173	  172.0700
9.137	 2.29	 1	 -39.1784	  176.8390
9.149	 2.03	 1	 -42.8767	  173.0425
9.151	 2.06	 1	 -42.3289	  173.7247
9.171	 2.07	 1	 -42.5510	  172.4067
9.179	 2.31	 1	 -43.1483	  173.3399
9.196	 2.82	 1	 -42.4884	  175.1903
9.198	 2.53	 1	 -41.8751	  173.6612
9.212	 2.14	 1	 -42.5197	  175.0850
9.215	 2.35	 1	 -42.2679	  173.5822
9.228	 2.26	 2	 -42.7311	  173.5063
9.232	 2.14	 1	 -42.7998	  172.6048
9.241	 2.30	 1	 -41.7693	  173.9870
9.244	 2.85	 1	 -42.6359	  173.5384
9.251	 2.53	 1	 -42.4868	  172.6862
9.268	 2.73	 1	 -42.0145	  173.7003
9.272	 2.72	 1	 -41.7310	  173.9836
9.284	 2.73	 1	 -40.2186	  174.7873
9.294	 2.06	 1	 -42.9648	  173.1297
9.308	 2.71	 1	 -42.7378	  173.2608
9.319	 2.19	 1	 -41.9378	  173.7620
9.320	 2.42	 1	 -42.8339	  172.9507
9.327	 3.03	 1	 -41.8515	  179.0320
9.331	 4.15	 1	 -42.6809	  173.1182
9.331	 3.25	 1	 -43.5997	  171.0364
9.341	 2.17	 1	 -42.4008	  171.6662
9.349	 2.00	 1	 -42.8559	  172.9479
9.349	 2.04	 2	 -42.6878	  173.1418
9.362	 2.01	 1	 -42.1965	  173.5346
9.376	 2.85	 1	 -43.7385	  172.7708
9.384	 2.10	 1	 -41.6956	  174.0749
9.384	 2.03	 1	 -42.5350	  173.3405
9.387	 2.20	 1	 -42.6047	  172.9230
9.398	 2.19	 1	 -42.4864	  173.1090
9.399	 3.15	 1	 -42.8705	  173.2256
9.416	 2.42	 1	 -42.5909	  172.8842
9.417	 2.65	 3	 -43.2314	  172.7927
9.419	 2.25	 1	 -42.1253	  173.8917
9.420	 2.20	 1	 -42.7318	  173.0595
9.425	 2.06	 1	 -42.7993	  173.3255
9.440	 2.21	 1	 -42.2729	  173.6190
9.442	 2.30	 1	 -42.6149	  171.2924
9.442	 2.32	 1	 -42.7984	  173.0478
9.445	 2.22	 1	 -43.0689	  171.9673
9.451	 2.02	 1	 -42.4267	  174.2959
9.454	 2.13	 2	 -43.7388	  172.7683
9.456	 2.86	 2	 -42.3711	  173.6620
9.460	 2.25	 2	 -43.2505	  172.7799
9.461	 2.74	 1	 -42.5969	  172.6284
9.470	 2.51	 2	 -43.2351	  172.8043
9.473	 2.50	 2	 -42.2281	  173.5627
9.475	 2.56	 1	 -41.7221	  174.3750
9.479	 4.14	 1	 -42.0018	  174.0714
9.479	 3.59	 2	 -42.6759	  173.0442
9.480	 2.58	 2	 -42.0026	  174.0597
9.484	 2.11	 1	 -42.4703	  171.6059
9.492	 4.60	 1	 -42.9352	  173.2200
9.492	 2.61	 2	 -42.9324	  173.2177
9.494	 2.33	 1	 -42.5664	  173.4834
9.495	 3.24	 2	 -42.9304	  173.1753
9.516	 2.23	 1	 -42.3287	  171.9408
9.516	 2.01	 2	 -42.7118	  171.5014
9.519	 2.30	 1	 -42.8624	  172.9070
9.520	 2.02	 1	 -42.4392	  173.0426
9.521	 2.60	 1	 -42.4121	  173.2698
9.523	 2.53	 2	 -42.9636	  173.2036
9.524	 2.16	 1	 -42.6026	  172.8767
9.528	 2.85	 1	 -41.1240	  173.1389
9.531	 2.12	 1	 -42.5039	  172.6847
9.544	 2.24	 1	 -42.8633	  172.7605
9.545	 2.01	 1	 -43.2157	  172.9021
9.545	 2.03	 1	 -42.2483	  173.5750
9.546	 2.00	 1	 -42.3222	  173.4932
9.558	 2.57	 2	 -41.8642	  173.9552
9.559	 2.86	 1	 -41.2268	  167.4364
9.568	 2.29	 1	 -41.8198	  172.4811
9.568	 2.12	 1	 -42.6893	  172.8112
9.578	 2.63	 1	 -42.5214	  172.7036
9.581	 2.81	 2	 -43.6709	  173.4803
9.588	 2.33	 1	 -41.6799	  174.1480
9.590	 2.04	 1	 -42.6269	  173.0416
9.596	 2.83	 1	 -42.2384	  173.6085
9.622	 2.67	 1	 -42.4421	  173.7305
9.632	 3.10	 1	 -41.9262	  173.6883
9.637	 2.03	 1	 -41.8877	  172.0797
9.637	 4.31	 2	 -41.8882	  172.0828
9.649	 2.18	 3	 -41.8934	  172.1026
9.651	 2.07	 1	 -42.8105	  172.4064
9.654	 2.48	 1	 -42.0122	  173.9740
9.664	 2.84	 2	 -42.9341	  173.2245
9.664	 2.29	 1	 -42.9051	  173.0869
9.671	 2.19	 2	 -41.9142	  174.0514
9.672	 2.83	 1	 -44.2779	  173.6617
9.678	 2.56	 1	 -42.3101	  173.9153
9.692	 2.45	 1	 -42.8296	  173.2682
9.694	 3.16	 1	 -42.2213	  173.2350
9.709	 2.41	 1	 -41.7770	  174.2509
9.715	 2.12	 3	 -41.8862	  172.1140
9.722	 2.18	 1	 -38.2827	  171.8262
9.730	 2.89	 2	 -42.6852	  173.1135
9.742	 2.40	 1	 -43.1205	  172.8569
9.747	 2.65	 1	 -42.8940	  173.0964
9.756	 2.37	 1	 -42.8514	  173.0879
9.796	 2.18	 1	 -42.0406	  173.8811
9.801	 2.98	 1	 -42.6762	  173.1562
9.803	 2.58	 1	 -42.1832	  173.7182
9.803	 2.51	 3	 -41.8770	  172.1030
9.807	 2.58	 1	 -42.1966	  173.7008
9.810	 2.84	 1	 -43.3645	  173.2809
9.811	 2.27	 1	 -42.7562	  172.7920
9.826	 2.12	 1	 -41.9121	  173.6482
9.828	 2.58	 1	 -42.1694	  173.3373
9.829	 2.03	 2	 -42.0279	  174.1966
9.854	 2.79	 1	 -42.0935	  174.0575
9.857	 2.51	 1	 -41.7699	  174.3757
9.858	 2.18	 1	 -42.6707	  173.2567
9.859	 2.33	 1	 -42.0483	  173.7651
9.883	 2.04	 1	 -42.5561	  170.9820
9.885	 2.17	 1	 -42.6096	  172.9348
9.893	 2.05	 2	 -42.1834	  173.7183
9.897	 2.07	 2	 -42.7597	  173.3447
9.900	 2.49	 1	 -43.6175	  173.3878
9.900	 2.07	 1	 -41.7331	  174.2870
9.902	 2.80	 1	 -42.2672	  173.5142
9.903	 2.07	 2	 -42.6261	  173.9228
9.906	 2.09	 1	 -42.2117	  173.5020
9.926	 2.18	 2	 -41.9948	  174.0452
9.927	 2.32	 1	 -42.7379	  173.1944
9.931	 2.92	 2	 -43.2353	  172.8378
9.932	 2.55	 1	 -42.6341	  173.1402
9.936	 2.07	 1	 -42.8261	  172.7876
9.940	 2.18	 1	 -42.1659	  174.1188
9.944	 2.21	 1	 -41.6940	  174.3866
9.953	 2.22	 1	 -42.5135	  173.9206
9.959	 2.06	 1	 -43.6049	  172.8155
9.962	 2.11	 1	 -42.6632	  172.9510
9.974	 2.64	 1	 -42.1713	  172.3195
9.979	 2.13	 1	 -43.8115	  178.9475
9.989	 2.14	 3	 -42.7570	  173.3466
10.005	 2.86	 1	 -42.6685	  172.9803
10.006	 2.03	 1	 -42.5782	  173.2061
10.009	 2.13	 1	 -42.6211	  173.2514
10.012	 2.75	 1	 -42.6724	  173.1384
10.013	 2.56	 1	 -42.6323	  172.9932
10.016	 2.32	 1	 -42.8080	  172.9756
10.020	 2.46	 1	 -42.6258	  173.2896
10.026	 2.03	 1	 -41.9851	  173.8767
10.028	 2.15	 1	 -42.5380	  172.5746
10.033	 2.09	 1	 -42.4384	  172.5759
10.042	 2.94	 1	 -41.9288	  173.8824
10.050	 2.54	 1	 -42.2438	  173.7630
10.070	 2.21	 1	 -42.5338	  173.4923
10.075	 2.52	 1	 -41.8497	  173.9503
10.077	 2.53	 3	 -41.9155	  174.0518
10.078	 2.00	 1	 -42.7368	  173.0616
10.081	 2.79	 1	 -42.4365	  173.3256
10.095	 2.05	 1	 -41.7394	  174.0811
10.096	 2.53	 3	 -42.6760	  173.1199
10.104	 2.53	 1	 -44.8126	  173.1187
10.108	 2.99	 1	 -42.2006	  173.7135
10.123	 2.36	 2	 -42.7032	  173.1128
10.140	 2.57	 1	 -41.8632	  174.2465
10.141	 2.49	 2	 -41.9051	  173.7095
10.158	 2.98	 1	 -41.8499	  173.6580
10.158	 4.02	 1	 -42.4834	  173.6055
10.159	 2.26	 2	 -41.9844	  173.8765
10.208	 2.76	 1	 -43.1990	  173.5861
10.216	 2.45	 1	 -42.1898	  173.6647
10.216	 2.33	 1	 -42.5073	  173.7722
10.220	 3.12	 1	 -42.0561	  172.8926
10.221	 3.05	 1	 -42.3564	  173.7763
10.228	 2.69	 1	 -42.9357	  173.2069
10.230	 2.51	 3	 -43.2399	  172.8324
10.234	 4.04	 1	 -42.7003	  173.2605
10.234	 2.01	 1	 -42.2138	  173.7386
10.234	 2.75	 1	 -42.5148	  173.3272
10.235	 2.38	 2	 -42.6894	  173.2394
10.236	 2.56	 2	 -42.0447	  172.9662
10.239	 3.24	 1	 -42.2536	  173.7401
10.239	 2.21	 1	 -42.2900	  173.0949
10.240	 2.94	 1	 -42.5509	  172.9940
10.244	 2.06	 2	 -42.7092	  173.2091
10.247	 2.69	 2	 -41.9317	  173.8844
10.251	 2.27	 1	 -42.6862	  173.5752
10.251	 3.06	 2	 -42.2603	  173.7489
10.256	 3.54	 2	 -42.4352	  172.9317
10.266	 2.04	 1	 -42.7410	  173.0726
10.274	 3.35	 1	 -42.6687	  173.2646
10.277	 2.01	 2	 -43.2633	  172.7484
10.278	 2.43	 1	 -42.4661	  173.6382
10.284	 2.11	 1	 -42.3876	  173.6787
10.286	 2.28	 1	 -41.8621	  174.1949
10.289	 3.07	 2	 -41.8639	  174.1940
10.290	 2.14	 1	 -41.9767	  172.3080
10.297	 2.42	 1	 -42.1041	  174.3806
10.299	 2.48	 1	 -42.5273	  173.1282
10.305	 2.63	 1	 -42.9693	  172.7587
10.306	 2.41	 2	 -42.9722	  172.7737
10.308	 2.80	 1	 -42.3742	  172.5539
10.316	 2.26	 1	 -42.5801	  172.8744
10.319	 2.01	 2	 -42.0159	  174.0410
10.354	 2.30	 1	 -43.6756	  171.7081
10.356	 3.56	 2	 -42.4847	  173.6331
10.367	 2.25	 1	 -40.4231	  169.1569
10.370	 2.43	 1	 -42.5705	  173.4462
10.371	 3.26	 1	 -43.0492	  174.3718
10.371	 2.95	 1	 -42.5846	  173.1896
10.374	 2.07	 1	 -42.5439	  173.1452
10.393	 2.17	 1	 -42.8136	  172.6673
10.394	 3.20	 1	 -44.2267	  177.3359
10.395	 2.23	 1	 -42.7282	  172.9986
10.395	 2.19	 1	 -42.6235	  173.1795
10.397	 2.53	 1	 -41.7548	  173.4541
10.397	 2.11	 1	 -42.1876	  174.1910
10.398	 2.09	 1	 -42.4928	  172.5299
10.409	 2.45	 1	 -42.5568	  172.9573
10.411	 2.72	 1	 -43.1772	  173.3773
10.418	 2.42	 1	 -42.5908	  172.8795
10.436	 2.09	 1	 -42.3617	  172.6382
10.436	 2.69	 2	 -42.9305	  173.2174
10.437	 2.21	 1	 -42.9742	  172.5057
10.445	 2.50	 1	 -42.3517	  173.7234
10.447	 2.49	 1	 -42.5564	  173.3434
10.459	 2.04	 1	 -42.9525	  172.9114
10.464	 2.15	 1	 -42.6995	  173.5560
10.466	 3.30	 1	 -42.2539	  173.7301
10.483	 2.20	 1	 -44.7872	  167.6087
10.484	 2.49	 1	 -42.4061	  172.9162
10.496	 2.88	 1	 -43.4766	  173.1447
10.503	 2.16	 1	 -42.2610	  173.6385
10.515	 3.08	 1	 -42.5733	  172.7383
10.523	 2.84	 1	 -41.7155	  174.2207
10.523	 2.84	 1	 -42.4383	  171.9066
10.531	 2.84	 1	 -45.5684	  177.7252
10.581	 2.41	 1	 -42.7855	  172.8846
10.591	 2.64	 1	 -42.7776	  173.1104
10.608	 2.45	 1	 -42.1785	  173.5897
10.614	 2.15	 1	 -42.8854	  172.7717
10.634	 2.66	 1	 -42.3204	  174.0626
10.652	 2.26	 1	 -42.2402	  173.5461
10.661	 3.10	 1	 -41.8301	  173.7669
10.663	 2.24	 1	 -42.9821	  173.0845
10.663	 2.36	 1	 -42.5411	  172.9841
10.666	 2.60	 1	 -44.0953	  173.5153
10.669	 2.39	 1	 -42.6448	  172.9019
10.671	 2.04	 1	 -42.0488	  173.8441
10.681	 2.29	 1	 -41.9821	  173.2507
10.684	 2.51	 1	 -38.3721	  174.7178
10.691	 2.14	 1	 -41.5268	  174.2254
10.702	 2.61	 1	 -42.5612	  173.0245
10.705	 2.06	 1	 -42.6578	  172.8092
10.706	 2.10	 1	 -42.5196	  173.9940
10.709	 3.12	 1	 -41.6732	  174.2536
10.714	 2.05	 1	 -42.9520	  172.8108
10.720	 2.22	 1	 -42.6966	  172.1892
10.725	 2.43	 1	 -42.5078	  172.9924
10.749	 2.04	 1	 -42.6394	  172.7084
10.750	 2.86	 1	 -42.6637	  172.6118
10.751	 2.14	 1	 -43.0666	  173.6349
10.769	 2.56	 1	 -42.9913	  173.4320
10.775	 2.25	 1	 -42.2153	  173.8340
10.777	 2.41	 1	 -43.3676	  173.5444
10.781	 2.00	 2	 -42.8396	  173.4551
10.791	 2.27	 1	 -42.1579	  173.5079
10.812	 2.34	 1	 -42.5520	  172.6340
10.818	 2.15	 1	 -42.6204	  172.9766
10.820	 2.11	 1	 -41.9604	  173.9733
10.832	 2.65	 1	 -42.4950	  172.9521
10.844	 2.41	 1	 -42.2376	  172.0137
10.847	 2.16	 1	 -42.5639	  172.3763
10.856	 2.97	 1	 -41.6333	  174.3188
10.858	 2.23	 1	 -42.8066	  172.9543
10.882	 2.10	 1	 -42.9006	  174.1551
10.887	 2.73	 1	 -41.7906	  174.2757
10.903	 2.07	 1	 -42.3781	  173.8295
10.903	 2.22	 1	 -41.7524	  174.2338
10.908	 2.61	 1	 -42.7479	  171.9965
10.911	 2.46	 1	 -42.6612	  173.1450
10.917	 2.28	 1	 -41.2459	  171.8679
10.921	 2.18	 1	 -42.5795	  172.7163
10.922	 3.20	 1	 -45.9928	  170.3398
10.924	 2.06	 1	 -42.3344	  172.5564
10.939	 2.31	 1	 -42.1717	  172.9601
10.944	 2.66	 2	 -42.6496	  170.4293
10.946	 2.02	 1	 -42.5516	  173.3397
10.954	 2.18	 1	 -44.2401	  172.4335
10.959	 2.56	 1	 -41.7101	  174.0521
10.962	 2.88	 1	 -43.0604	  171.4869
10.964	 2.06	 1	 -42.8241	  172.1117
10.968	 3.87	 1	 -42.5854	  174.4489
10.970	 2.38	 2	 -42.6493	  173.1815
10.972	 2.63	 1	 -42.4216	  173.7534
10.984	 2.22	 1	 -42.6018	  173.0374
10.988	 2.71	 1	 -42.5530	  173.6295
10.989	 2.67	 2	 -42.5552	  173.6315
10.992	 2.08	 1	 -41.7063	  174.2764
10.999	 2.26	 2	 -42.5580	  173.0029
11.002	 2.62	 1	 -41.8738	  174.2132
11.015	 2.09	 2	 -43.1977	  173.5872
11.015	 2.29	 1	 -42.4660	  172.6141
11.016	 2.01	 1	 -42.7069	  173.1086
11.024	 2.07	 2	 -42.4516	  173.7670
11.041	 3.59	 1	 -42.3874	  172.5701
11.041	 2.01	 2	 -42.1384	  172.3242
11.047	 2.57	 1	 -42.5191	  171.1692
11.048	 2.56	 1	 -43.1246	  172.9015
11.053	 2.01	 1	 -43.0235	  173.1564
11.061	 3.20	 1	 -42.2607	  173.6126
11.078	 2.52	 1	 -42.5999	  173.1777
11.086	 2.13	 1	 -42.1639	  172.7397
11.087	 2.44	 3	 -41.8736	  172.0871
11.136	 3.49	 1	 -42.6246	  173.3772
11.137	 2.72	 1	 -42.6612	  173.0888
11.150	 2.08	 1	 -42.3903	  173.1508
11.154	 3.28	 1	 -42.8615	  173.4147
11.178	 2.84	 1	 -43.5128	  174.0747
11.185	 2.41	 1	 -42.2874	  173.8083
11.189	 2.40	 1	 -42.2228	  174.2511
11.193	 2.12	 1	 -42.7001	  173.6081
11.212	 2.13	 1	 -42.6608	  173.5531
11.218	 2.77	 2	 -41.7315	  174.1604
11.224	 2.33	 1	 -42.9146	  175.4418
11.240	 2.15	 1	 -41.8299	  173.6638
11.241	 2.21	 1	 -42.3540	  172.9842
11.245	 2.36	 1	 -42.5645	  173.2825
11.253	 2.10	 1	 -41.4086	  171.2907
11.256	 3.36	 1	 -42.2316	  173.9876
11.265	 2.44	 1	 -42.7182	  172.9022
11.266	 2.14	 1	 -43.1100	  173.1671
11.270	 2.03	 1	 -42.7343	  172.6636
11.292	 2.62	 2	 -42.9173	  173.2534
11.293	 2.13	 1	 -42.0961	  173.5928
11.323	 3.14	 1	 -41.8676	  174.0184
11.323	 2.41	 1	 -42.9686	  173.0653
11.336	 2.89	 1	 -42.6724	  172.8247
11.342	 2.77	 1	 -43.1442	  173.2791
11.343	 2.19	 1	 -43.0330	  173.4257
11.351	 2.07	 2	 -41.7528	  174.2344
11.352	 2.44	 1	 -42.4884	  173.0884
11.358	 2.76	 1	 -42.3781	  172.8058
11.368	 2.34	 1	 -43.2626	  171.5995
11.380	 2.13	 1	 -40.4094	  167.7516
11.380	 2.09	 1	 -42.5181	  172.8374
11.387	 3.12	 1	 -43.4188	  171.9513
11.390	 2.56	 1	 -42.6526	  173.0778
11.392	 2.00	 1	 -42.4712	  173.6966
11.402	 2.82	 1	 -41.8291	  173.3894
11.406	 2.06	 1	 -43.4555	  173.4736
11.413	 2.78	 1	 -43.0670	  172.8696
11.423	 2.22	 1	 -42.6564	  173.7116
11.441	 3.04	 1	 -42.6589	  173.2816
11.443	 2.92	 2	 -42.0440	  174.0641
11.456	 2.64	 2	 -42.0015	  174.0708
11.460	 2.41	 1	 -42.8437	  172.8387
11.465	 2.34	 1	 -42.5167	  173.1216
11.472	 2.91	 1	 -42.6789	  172.8853
11.473	 2.45	 1	 -42.7286	  172.8608
11.476	 2.74	 1	 -43.3016	  172.0275
11.479	 2.43	 1	 -42.6962	  172.9523
11.505	 2.15	 2	 -42.2852	  173.8491
11.506	 2.14	 1	 -42.7499	  172.1526
11.510	 2.17	 1	 -42.4962	  172.6196
11.514	 2.12	 2	 -42.6604	  173.1497
11.522	 3.00	 1	 -42.5445	  172.8734
11.523	 2.02	 2	 -43.2962	  172.0268
11.525	 2.51	 2	 -43.2929	  172.0278
11.549	 2.30	 1	 -42.6621	  172.8300
11.557	 2.40	 1	 -42.4866	  172.9666
11.558	 2.74	 2	 -42.2300	  173.9874
11.563	 2.72	 2	 -42.2591	  173.6091
11.565	 2.20	 3	 -42.9327	  173.2037
11.567	 2.44	 1	 -42.7690	  173.0872
11.575	 2.99	 1	 -42.4761	  173.3855
11.636	 2.18	 2	 -42.8230	  173.4010
11.643	 2.34	 1	 -42.5546	  173.0681
11.644	 2.34	 1	 -42.7395	  172.9088
11.653	 2.04	 1	 -41.9610	  173.9938
11.672	 3.34	 1	 -43.1277	  173.0486
11.680	 2.04	 1	 -42.4807	  173.0538
11.686	 2.45	 1	 -42.6150	  173.1091
11.696	 2.00	 1	 -43.0179	  173.2986
11.697	 2.30	 1	 -42.5433	  172.9402
11.702	 2.02	 2	 -43.1467	  173.0454
11.708	 3.41	 1	 -41.7624	  174.3526
11.709	 2.59	 1	 -42.3662	  174.1484
11.717	 2.07	 1	 -42.1933	  173.6037
11.718	 2.58	 2	 -41.9952	  174.0745
11.727	 2.16	 2	 -41.7611	  174.3548
11.733	 3.06	 1	 -41.7869	  174.3967
11.736	 2.08	 2	 -42.5820	  174.4152
11.743	 2.40	 1	 -41.8095	  174.6417
11.764	 2.05	 1	 -42.0337	  173.6397
11.768	 2.66	 2	 -43.0028	  172.9793
11.771	 3.23	 1	 -42.7770	  172.9348
11.788	 2.56	 1	 -42.4525	  173.7851
11.791	 2.15	 1	 -42.9499	  173.5441
11.806	 2.19	 1	 -42.5023	  172.9231
11.808	 2.40	 1	 -38.4002	  173.4382
11.812	 2.87	 2	 -41.9989	  173.1963
11.828	 2.55	 2	 -42.6918	  173.2428
11.843	 2.24	 1	 -42.4593	  171.4163
11.846	 2.30	 1	 -42.3598	  173.2862
11.859	 2.35	 1	 -42.5674	  173.2393
11.873	 2.54	 2	 -43.0788	  174.3548
11.878	 2.47	 1	 -42.7352	  173.2094
11.882	 2.12	 3	 -41.8678	  174.1791
11.897	 2.18	 1	 -42.2889	  173.7055
11.898	 2.37	 1	 -44.1333	  172.2456
11.912	 3.03	 1	 -41.9592	  173.7019
11.922	 2.25	 1	 -43.3489	  173.1030
11.923	 2.26	 1	 -42.5794	  173.0140
11.933	 2.27	 1	 -41.7381	  174.2359
11.964	 2.81	 1	 -42.4191	  172.7669
11.967	 2.33	 2	 -43.1533	  173.0457
11.977	 2.07	 1	 -42.4566	  177.8709
11.979	 2.03	 1	 -42.6794	  173.4616
11.996	 2.29	 1	 -42.6838	  173.0980
11.998	 2.45	 1	 -42.8413	  173.9121
12.012	 2.05	 1	 -42.4740	  173.1105
12.029	 2.65	 1	 -41.6824	  174.2243
12.049	 2.14	 2	 -41.8322	  174.3729
12.074	 2.26	 1	 -42.3793	  173.1525
12.088	 2.80	 1	 -43.0337	  172.8552
12.093	 2.22	 2	 -42.6794	  173.1132
12.094	 2.10	 1	 -42.0497	  172.7356
12.101	 2.06	 1	 -42.5848	  173.3908
12.124	 3.23	 2	 -42.3582	  174.5509
12.132	 2.22	 1	 -42.3314	  173.6195
12.154	 2.19	 1	 -43.2354	  173.2883
12.157	 3.62	 1	 -41.7485	  173.5879
12.177	 2.58	 1	 -41.7340	  174.2133
12.186	 2.32	 1	 -42.0352	  173.7092
12.207	 2.20	 1	 -42.1519	  173.4539
12.221	 2.14	 1	 -42.0563	  173.6746
12.221	 2.15	 1	 -43.8253	  171.1428
12.224	 2.05	 1	 -41.9420	  173.7467
12.224	 2.68	 1	 -42.1470	  173.7088
12.241	 2.28	 1	 -42.6437	  173.3233
12.247	 2.12	 1	 -41.7988	  174.3138
12.250	 2.31	 1	 -41.9366	  174.0450
12.252	 2.12	 1	 -43.3695	  171.8103
12.258	 3.84	 1	 -41.7362	  174.1582
12.261	 2.55	 2	 -41.6141	  174.4031
12.262	 2.13	 1	 -47.0908	  171.7495
12.269	 2.30	 2	 -41.7302	  174.1840
12.280	 2.16	 1	 -42.9921	  172.7755
12.281	 2.39	 1	 -41.6628	  174.3273
12.282	 2.17	 1	 -43.0828	  173.2784
12.302	 2.33	 2	 -42.5961	  173.0570
12.314	 2.15	 1	 -40.6423	  167.5773
12.322	 3.53	 1	 -43.0926	  172.7278
12.326	 2.07	 2	 -42.8676	  172.6639
12.326	 2.59	 1	 -43.1935	  173.0248
12.334	 2.28	 1	 -42.1899	  173.6764
12.337	 2.11	 1	 -42.6703	  173.9374
12.346	 2.46	 1	 -46.9709	  174.9047
12.354	 2.02	 1	 -43.3452	  172.8897
12.368	 3.13	 2	 -41.8376	  173.3842
12.372	 3.36	 1	 -39.1382	  169.2748
12.376	 3.13	 2	 -39.1403	  169.2952
12.376	 2.12	 1	 -42.2773	  173.7604
12.376	 2.07	 1	 -39.8596	  174.7185
12.385	 2.13	 1	 -42.3399	  173.9268
12.392	 2.02	 1	 -42.8654	  167.9179
12.397	 2.75	 1	 -43.0969	  173.0051
12.404	 2.67	 2	 -41.7341	  173.3322
12.406	 2.50	 1	 -43.0163	  177.3874
12.412	 2.32	 2	 -42.4418	  173.1279
12.420	 2.13	 1	 -42.2611	  173.6084
12.426	 2.10	 1	 -42.6290	  173.8652
12.428	 2.20	 2	 -42.5301	  170.4021
12.430	 2.47	 1	 -42.1775	  173.7407
12.432	 2.78	 1	 -42.7008	  172.9773
12.435	 2.50	 2	 -42.6994	  172.9771
12.439	 2.89	 1	 -42.5336	  173.3972
12.453	 2.89	 1	 -42.6134	  172.6067
12.455	 2.08	 1	 -41.9335	  173.9728
12.488	 3.25	 1	 -42.4470	  173.0181
12.512	 2.61	 1	 -42.7774	  173.1168
12.518	 2.15	 1	 -42.6721	  172.9766
12.525	 2.79	 1	 -42.7872	  172.9320
12.532	 2.18	 1	 -42.5251	  173.8203
12.532	 2.98	 1	 -42.9144	  172.6619
12.533	 2.21	 1	 -42.2318	  173.7341
12.543	 2.17	 1	 -42.8275	  173.0441
12.565	 2.60	 1	 -43.6603	  173.9878
12.573	 2.09	 1	 -42.4403	  172.8570
12.592	 2.24	 1	 -42.7455	  173.3637
12.597	 2.38	 1	 -42.8378	  172.9992
12.606	 3.56	 1	 -42.2923	  174.8303
12.632	 2.62	 1	 -42.2276	  172.0310
12.655	 2.18	 2	 -43.1529	  173.8585
12.666	 2.55	 1	 -42.6780	  173.2377
12.676	 2.27	 1	 -42.3761	  173.5661
12.701	 2.04	 1	 -42.5374	  173.5612
12.702	 2.17	 1	 -42.4273	  173.4501
12.710	 2.48	 1	 -42.0941	  173.3347
12.718	 2.76	 1	 -42.8421	  174.7575
12.727	 2.14	 1	 -42.4167	  173.2252
12.732	 2.04	 1	 -42.1854	  173.8494
12.736	 2.30	 1	 -42.5729	  172.7133
12.736	 2.13	 1	 -42.5810	  172.8111
12.741	 2.42	 1	 -46.4826	  171.6354
12.754	 2.04	 1	 -44.2081	  173.5411
12.756	 2.14	 1	 -42.7426	  173.0027
12.793	 3.31	 1	 -41.8547	  173.7425
12.800	 2.01	 1	 -41.9719	  173.7187
12.820	 2.26	 1	 -42.6873	  172.6909
12.824	 2.08	 1	 -42.5602	  177.0628
12.831	 2.39	 1	 -42.8065	  173.2114
12.840	 2.22	 1	 -42.2074	  173.6948
12.847	 2.73	 1	 -42.0903	  173.6713
12.860	 2.11	 2	 -42.5922	  174.4663
12.874	 2.23	 2	 -42.5383	  174.8172
12.874	 2.42	 2	 -43.1004	  173.2063
12.891	 2.15	 1	 -42.4670	  172.5908
12.909	 2.29	 1	 -42.6634	  173.1665
12.921	 2.26	 1	 -43.0125	  173.5355
12.922	 2.07	 1	 -39.3761	  168.8907
12.924	 2.13	 1	 -42.2039	  173.1411
12.926	 2.02	 1	 -41.9347	  173.6871
12.928	 2.08	 1	 -44.0579	  177.4669
12.929	 2.05	 1	 -41.8448	  174.2433
12.931	 2.21	 1	 -42.4664	  172.8551
12.948	 2.16	 1	 -42.5193	  172.9035
12.950	 2.13	 1	 -41.9777	  173.6763
12.951	 2.21	 1	 -42.2758	  173.9794
12.955	 2.25	 1	 -43.2958	  173.0863
12.960	 2.52	 1	 -42.6100	  172.0960
12.966	 2.84	 1	 -42.4071	  173.7776
12.978	 2.24	 1	 -42.7008	  173.2443
12.994	 2.02	 1	 -42.6943	  173.0091
13.000	 3.37	 1	 -41.7393	  174.3242
13.017	 2.04	 1	 -42.0595	  173.4065
13.020	 2.24	 1	 -41.6537	  173.8362
13.024	 2.38	 1	 -42.5248	  173.3115
13.034	 2.14	 1	 -42.8368	  173.0493
13.041	 2.38	 1	 -42.5930	  172.7222
13.055	 2.20	 1	 -42.7573	  173.1634
13.057	 2.65	 1	 -42.8312	  172.6954
13.058	 2.39	 1	 -42.5707	  173.1362
13.089	 2.05	 1	 -42.6804	  172.8932
13.091	 2.07	 2	 -42.2948	  174.8231
13.091	 2.08	 1	 -42.4366	  173.9220
13.123	 2.33	 1	 -43.1901	  173.0691
13.129	 2.40	 1	 -42.4326	  174.3636
13.136	 2.04	 1	 -41.8649	  173.9809
13.143	 2.34	 1	 -42.9655	  173.3554
13.151	 2.06	 1	 -43.4206	  172.8239
13.155	 3.17	 1	 -40.8855	  179.4027
13.164	 2.43	 1	 -41.7088	  174.7718
13.181	 2.36	 1	 -42.4884	  172.9281
13.182	 2.04	 1	 -43.0859	  172.6553
13.182	 2.36	 1	 -42.6259	  173.0375
13.187	 2.34	 1	 -42.9361	  173.2887
13.198	 2.12	 1	 -42.2669	  171.9067
13.208	 2.60	 1	 -42.7828	  173.0725
13.209	 2.10	 2	 -42.0352	  173.0180
13.217	 2.87	 1	 -42.6715	  173.0013
13.221	 3.40	 1	 -42.9280	  172.9385
13.225	 2.31	 1	 -41.6312	  174.3233
13.237	 3.59	 2	 -41.6438	  174.3699
13.246	 2.92	 1	 -42.9500	  173.5720
13.272	 2.00	 2	 -42.9283	  172.9246
13.277	 2.26	 1	 -42.2013	  173.7041
13.280	 3.05	 2	 -42.8290	  173.0451
13.288	 2.28	 1	 -42.4096	  173.3441
13.323	 2.30	 1	 -41.6662	  174.3253
13.331	 2.07	 1	 -41.4990	  174.2994
13.339	 2.18	 1	 -42.3580	  173.7520
13.355	 2.65	 1	 -42.6370	  172.7220
13.358	 2.82	 2	 -42.0074	  173.0297
13.396	 2.41	 2	 -42.2575	  173.5179
13.396	 2.05	 1	 -42.8205	  172.8950
13.403	 2.37	 1	 -42.4997	  172.9150
13.418	 2.08	 2	 -43.0523	  172.7934
13.419	 2.18	 1	 -41.6928	  174.5630
13.425	 2.07	 1	 -42.5366	  173.1510
13.431	 2.00	 1	 -41.7967	  174.2547
13.436	 5.87	 2	 -42.9511	  173.5632
13.436	 2.67	 3	 -42.9420	  173.3586
13.436	 2.17	 3	 -43.1126	  173.8778
13.436	 2.09	 3	 -42.9776	  173.5257
13.436	 2.27	 3	 -42.9315	  173.8856
13.436	 2.52	 3	 -42.8517	  173.7692
13.436	 3.50	 3	 -43.0057	  173.5963
13.436	 2.36	 3	 -42.9215	  173.6661
13.437	 2.09	 3	 -42.8850	  173.7668
13.437	 2.55	 1	 -42.1585	  173.6395
13.437	 2.97	 3	 -42.8580	  173.6145
13.437	 2.18	 3	 -42.1445	  173.1339
13.437	 2.95	 3	 -43.0731	  173.7229
13.437	 2.82	 3	 -42.9095	  173.5704
13.437	 2.06	 3	 -42.9552	  173.5588
13.437	 2.67	 3	 -43.0718	  173.3882
13.437	 2.31	 1	 -42.8866	  173.9916
13.437	 2.04	 3	 -43.2364	  172.8800
13.438	 2.29	 3	 -42.9860	  173.5420
13.438	 2.52	 3	 -42.9462	  173.5415
13.438	 3.14	 3	 -42.9541	  173.5873
13.438	 2.18	 3	 -42.9723	  173.5549
13.438	 2.50	 4	 -42.9120	  173.5873
13.439	 2.01	 3	 -42.8065	  173.7278
13.439	 2.08	 3	 -43.0652	  173.7478
13.439	 2.17	 3	 -42.1536	  170.9271
13.439	 2.66	 3	 -42.9590	  173.1016
13.439	 2.29	 3	 -42.8721	  173.6590
13.439	 2.65	 3	 -42.9836	  173.5802
13.440	 2.28	 3	 -43.1904	  173.3862
13.440	 2.26	 3	 -42.8783	  173.2253
13.441	 2.54	 3	 -42.9108	  173.5605
13.442	 2.34	 3	 -42.8977	  173.6209
13.442	 2.30	 3	 -42.9341	  173.6187
13.442	 2.23	 3	 -42.9066	  174.1529
13.442	 2.07	 3	 -42.9477	  173.5571
13.443	 2.22	 3	 -42.9170	  173.3365
13.444	 2.10	 3	 -42.9294	  173.5207
13.444	 2.09	 3	 -42.6925	  173.5817
13.444	 2.25	 3	 -42.9425	  173.6057
13.445	 2.33	 3	 -43.0372	  173.6027
13.445	 2.08	 4	 -42.9592	  173.5791
13.446	 2.54	 3	 -42.0145	  174.2303
13.446	 2.02	 3	 -42.9154	  173.4860
13.447	 2.45	 3	 -42.9975	  173.8289
13.447	 2.91	 3	 -42.9858	  173.5035
13.448	 2.94	 3	 -42.9692	  173.5491
13.448	 2.01	 3	 -42.9412	  173.5347
13.449	 2.04	 3	 -42.9349	  173.5693
13.449	 2.10	 3	 -42.9819	  173.5810
13.449	 2.07	 3	 -43.0020	  173.5945
13.450	 2.69	 3	 -42.1183	  170.5829
13.454	 2.07	 3	 -42.9260	  173.9046
13.454	 2.75	 3	 -43.0434	  173.4794
13.457	 2.29	 3	 -42.9736	  173.5599
13.460	 2.13	 3	 -42.9759	  173.8097
13.460	 2.37	 3	 -42.9769	  173.5679
13.461	 2.02	 3	 -42.9403	  173.5662
13.461	 2.05	 3	 -42.9800	  173.5462
13.463	 3.25	 1	 -41.9674	  170.8514
13.465	 2.06	 3	 -43.0759	  173.3544
13.467	 2.92	 3	 -42.9645	  173.5681
13.467	 2.61	 3	 -43.1282	  174.4887
13.469	 2.04	 3	 -42.9576	  173.6126
13.470	 2.20	 3	 -42.9614	  173.5886
13.471	 2.54	 1	 -42.8186	  172.6412
13.473	 2.45	 3	 -42.8392	  173.4810
13.480	 4.25	 3	 -42.7988	  173.8514
13.480	 2.42	 3	 -42.8982	  173.5423
13.482	 2.29	 3	 -42.3209	  172.4023
13.484	 2.16	 4	 -42.8047	  173.8531
13.486	 2.11	 1	 -42.7751	  172.9842
13.486	 2.02	 1	 -42.2693	  173.6521
13.487	 2.01	 3	 -42.9114	  173.5534
13.492	 2.10	 3	 -42.9670	  173.5374
13.493	 2.29	 3	 -42.9482	  173.6580
13.503	 2.34	 3	 -43.0216	  173.3658
13.503	 2.20	 3	 -42.8945	  173.3817
13.505	 2.11	 4	 -42.8020	  173.8490
13.505	 2.48	 3	 -42.9519	  173.6528
13.506	 2.26	 3	 -42.9274	  173.5108
13.511	 2.56	 3	 -42.9104	  173.6018
13.513	 2.99	 3	 -42.9549	  173.5708
13.516	 2.42	 1	 -42.6731	  173.1228
13.519	 2.24	 3	 -42.9871	  173.9375
13.519	 2.02	 3	 -43.1157	  173.5777
13.521	 2.88	 1	 -42.9904	  178.6045
13.522	 2.04	 3	 -42.9474	  173.4910
13.523	 2.26	 1	 -42.3365	  171.3996
13.524	 2.22	 3	 -42.9588	  173.4556
13.528	 3.36	 3	 -42.9191	  173.6628
13.533	 2.04	 3	 -42.9016	  173.6079
13.534	 2.02	 2	 -42.6182	  172.8649
13.537	 2.11	 3	 -42.9152	  173.3559
13.539	 2.26	 3	 -42.8754	  173.4663
13.541	 2.36	 3	 -42.9962	  173.6679
13.541	 2.40	 3	 -43.0789	  173.6600
13.545	 3.33	 1	 -42.1569	  173.6240
13.546	 2.25	 3	 -42.9002	  173.5807
13.550	 2.15	 3	 -43.0126	  173.9914
13.551	 2.14	 1	 -42.6093	  172.9688
13.553	 2.80	 1	 -42.5334	  173.5265
13.563	 2.30	 1	 -42.2548	  173.2354
13.563	 2.38	 3	 -42.9675	  173.5846
13.565	 2.59	 1	 -41.8657	  174.0566
13.566	 2.05	 1	 -42.7150	  172.9620
13.567	 2.38	 3	 -42.3449	  172.4408
13.569	 3.31	 3	 -42.9477	  173.4140
13.571	 3.17	 3	 -42.9820	  173.5866
13.573	 2.27	 1	 -39.9064	  168.2202
13.577	 3.14	 4	 -42.8454	  173.4829
13.577	 2.52	 3	 -42.9351	  173.9143
13.577	 2.02	 1	 -41.9559	  173.7063
13.579	 2.37	 3	 -42.8979	  173.4137
13.581	 2.16	 1	 -42.5732	  173.0685
13.582	 2.43	 3	 -43.0733	  173.2835
13.582	 2.25	 1	 -42.5111	  173.1489
13.585	 2.36	 1	 -42.5958	  171.5810
13.586	 2.89	 3	 -43.1364	  173.6820
13.588	 2.28	 2	 -42.1700	  173.6029
13.589	 2.02	 1	 -42.8994	  173.3226
13.590	 2.21	 3	 -42.9902	  173.5714
13.593	 2.04	 4	 -42.7857	  173.8497
13.593	 3.31	 1	 -42.8448	  172.9773
13.602	 2.27	 3	 -42.9849	  173.4485
13.602	 2.45	 3	 -42.9460	  173.5734
13.611	 2.12	 3	 -42.9690	  173.5320
13.622	 2.02	 1	 -42.4271	  172.6254
13.628	 2.89	 3	 -42.9211	  173.4738
13.636	 3.34	 3	 -43.0922	  173.4716
13.637	 2.73	 1	 -41.9203	  173.9045
13.637	 2.41	 1	 -42.5505	  172.7999
13.640	 2.01	 3	 -42.8411	  173.6009
13.653	 2.29	 3	 -42.9296	  173.5947
13.655	 2.64	 1	 -42.7582	  173.1169
13.657	 2.14	 2	 -41.8286	  173.3850
13.666	 2.20	 1	 -42.9538	  172.5789
13.666	 2.26	 1	 -42.8011	  173.0940
13.669	 2.71	 3	 -43.0161	  173.5529
13.671	 2.27	 3	 -42.9741	  173.4824
13.674	 2.02	 3	 -43.2145	  173.1328
13.674	 2.59	 3	 -43.0297	  173.4989
13.679	 2.01	 3	 -42.8916	  173.6993
13.693	 2.75	 1	 -42.5488	  172.8808
13.695	 2.18	 1	 -41.7174	  173.9113
13.701	 2.18	 1	 -42.9031	  174.3731
13.705	 2.18	 3	 -43.0318	  173.5336
13.711	 2.37	 1	 -41.9696	  174.0685
13.721	 2.48	 3	 -42.9633	  173.5459
13.723	 2.65	 3	 -43.4696	  173.6912
13.731	 2.18	 1	 -42.5078	  172.3565
13.742	 2.09	 1	 -42.3833	  173.3365
13.748	 2.25	 1	 -42.2663	  173.8487
13.760	 2.53	 4	 -42.7883	  173.8475
13.783	 2.21	 1	 -41.7622	  174.3976
13.790	 2.04	 1	 -42.5390	  172.7924
13.793	 2.41	 3	 -42.9871	  173.5337
13.801	 2.79	 3	 -42.9550	  173.6082
13.805	 2.19	 3	 -45.3148	  178.7894
13.809	 2.51	 4	 -42.9877	  173.5330
13.819	 2.68	 1	 -42.8612	  172.7596
13.840	 2.18	 3	 -42.9630	  173.4979
13.840	 2.71	 1	 -42.3024	  173.7203
13.844	 2.15	 1	 -42.8662	  173.3316
13.846	 2.05	 1	 -42.8730	  173.3569
13.847	 2.03	 1	 -42.9202	  173.4784
13.850	 2.58	 1	 -42.8996	  173.0012
13.851	 2.77	 1	 -41.9954	  173.6609
13.862	 2.22	 3	 -42.8696	  173.6089
13.869	 2.52	 1	 -42.7130	  172.9238
13.885	 2.08	 1	 -42.7047	  173.1324
13.899	 2.20	 3	 -42.9498	  173.7037
13.904	 2.41	 1	 -41.7077	  171.8592
13.914	 2.47	 1	 -42.7736	  173.0233
13.919	 2.39	 1	 -42.3168	  171.2598
13.925	 3.79	 1	 -42.7525	  173.1889
13.928	 4.15	 1	 -42.8532	  172.6266
13.928	 3.02	 3	 -42.9190	  173.5656
13.932	 2.48	 2	 -42.7551	  173.1801
13.936	 2.85	 1	 -42.6716	  172.9301
13.943	 2.02	 2	 -42.8301	  172.6996
13.950	 2.20	 1	 -42.2301	  173.7106
13.951	 2.18	 1	 -42.6138	  172.4393
13.955	 2.15	 3	 -42.5569	  173.6315
13.961	 2.43	 2	 -42.7225	  172.6328
13.961	 2.22	 3	 -42.9451	  173.5476
13.968	 2.21	 3	 -42.5961	  173.3630
13.968	 2.11	 1	 -42.5567	  173.2558
13.977	 2.23	 4	 -42.9729	  173.5815
