# Simulation 343
# RelativeTime(days) Magnitude Generation Latitude Longitude
Time Mag Gen Lat Lon
0.084	 2.54	 1	 -42.2735	  173.6613
0.084	 2.19	 1	 -42.5580	  173.0185
0.085	 2.42	 1	 -42.7776	  173.0938
0.085	 2.38	 1	 -42.6419	  172.9660
0.086	 2.30	 1	 -42.2950	  173.8053
0.086	 2.16	 1	 -43.1837	  172.7837
0.086	 2.29	 1	 -42.4661	  173.8040
0.087	 2.17	 1	 -42.2711	  173.7043
0.087	 3.20	 1	 -41.6906	  174.3499
0.087	 2.61	 1	 -42.5622	  173.3490
0.087	 2.74	 1	 -41.8117	  174.1965
0.087	 2.22	 1	 -42.7626	  173.1248
0.088	 2.57	 1	 -41.8960	  174.2316
0.088	 2.08	 1	 -42.2118	  173.7873
0.088	 2.01	 1	 -41.6774	  174.2250
0.089	 2.04	 1	 -42.4310	  172.3894
0.089	 2.76	 1	 -42.2228	  172.4106
0.089	 2.29	 1	 -43.1734	  173.2993
0.089	 2.95	 1	 -42.6346	  173.2151
0.090	 2.02	 1	 -42.5016	  173.3173
0.090	 2.26	 1	 -42.0117	  173.6940
0.090	 2.25	 1	 -43.3783	  172.5983
0.090	 2.19	 1	 -42.5927	  173.0991
0.090	 2.12	 1	 -42.3063	  173.7481
0.091	 2.44	 1	 -42.3901	  173.6898
0.092	 2.40	 1	 -42.5793	  173.1179
0.093	 2.08	 1	 -42.7145	  173.1007
0.093	 3.24	 1	 -41.6330	  174.2213
0.094	 2.85	 1	 -42.4254	  173.8005
0.094	 2.01	 1	 -42.5373	  172.8712
0.095	 2.12	 1	 -41.9835	  173.6182
0.095	 3.84	 1	 -41.6988	  174.2680
0.095	 2.34	 1	 -41.7180	  174.2248
0.095	 2.73	 1	 -41.7409	  174.1745
0.096	 2.03	 1	 -42.3866	  173.1821
0.096	 2.03	 1	 -42.0012	  173.8141
0.096	 2.37	 1	 -41.7285	  174.3407
0.097	 3.20	 1	 -41.7964	  174.1780
0.097	 2.55	 1	 -42.8288	  172.8386
0.098	 3.03	 1	 -42.6297	  173.2070
0.098	 2.35	 1	 -41.8734	  171.3575
0.098	 2.41	 1	 -42.4651	  173.0916
0.098	 2.27	 1	 -41.7439	  174.2229
0.099	 2.82	 1	 -43.6873	  172.2717
0.099	 2.14	 1	 -42.1962	  174.3712
0.099	 2.61	 1	 -41.7889	  173.8793
0.099	 2.44	 1	 -41.7934	  174.2341
0.099	 2.46	 1	 -42.7656	  175.3217
0.100	 2.06	 1	 -41.4787	  174.0190
0.100	 2.80	 1	 -41.8333	  173.9229
0.101	 2.15	 1	 -42.1955	  173.7877
0.101	 2.13	 1	 -41.8934	  173.7468
0.101	 2.04	 1	 -41.7640	  174.1729
0.102	 2.08	 1	 -42.2204	  173.4998
0.103	 2.08	 1	 -42.3055	  173.9984
0.103	 3.07	 1	 -42.4319	  173.1967
0.103	 3.08	 1	 -42.4448	  173.0101
0.103	 3.09	 1	 -43.1106	  174.1085
0.103	 2.72	 1	 -42.2726	  173.3375
0.103	 2.07	 1	 -41.7125	  174.2383
0.104	 3.97	 1	 -41.7308	  174.2510
0.105	 2.03	 1	 -42.2412	  173.6148
0.106	 3.11	 1	 -42.7346	  172.6441
0.106	 2.01	 1	 -43.0613	  172.0558
0.106	 2.82	 1	 -42.4179	  173.2269
0.106	 2.11	 1	 -41.7186	  174.2432
0.106	 2.03	 1	 -42.1590	  173.4664
0.106	 2.34	 1	 -41.8183	  174.2547
0.107	 3.43	 1	 -42.7352	  172.7685
0.107	 2.70	 1	 -43.5434	  174.3017
0.108	 2.22	 1	 -43.0472	  172.9013
0.108	 2.82	 1	 -41.6879	  174.2651
0.108	 2.07	 1	 -41.6688	  174.2856
0.108	 2.48	 1	 -41.0577	  179.8258
0.109	 2.72	 1	 -42.4975	  173.2225
0.109	 2.12	 1	 -42.5902	  173.5829
0.109	 2.05	 1	 -42.2385	  173.6828
0.110	 2.00	 1	 -41.8461	  173.9495
0.110	 2.07	 1	 -42.8084	  173.0070
0.110	 2.05	 1	 -42.5791	  173.3510
0.110	 2.06	 1	 -42.5400	  173.0837
0.111	 2.05	 1	 -42.4042	  173.3556
0.111	 2.62	 1	 -42.1707	  173.8490
0.112	 2.01	 1	 -42.9324	  172.8578
0.112	 2.07	 1	 -42.3227	  173.5318
0.113	 2.02	 1	 -42.5131	  173.0515
0.114	 2.55	 1	 -42.5478	  173.0709
0.115	 3.58	 1	 -42.2494	  173.3108
0.115	 2.53	 1	 -41.6771	  174.2680
0.115	 2.78	 1	 -42.2054	  173.8020
0.115	 3.25	 1	 -42.6385	  173.3318
0.115	 2.48	 1	 -42.0437	  173.7308
0.115	 2.25	 1	 -42.4348	  173.8345
0.115	 2.01	 1	 -42.2018	  173.6583
0.116	 2.14	 1	 -42.1733	  173.6769
0.117	 2.79	 1	 -42.0272	  173.7361
0.118	 2.18	 1	 -42.3886	  172.5158
0.119	 2.48	 1	 -41.9183	  173.6800
0.119	 2.23	 1	 -41.9026	  173.8125
0.120	 2.17	 1	 -42.4349	  173.6438
0.120	 2.07	 1	 -42.2095	  173.6950
0.120	 3.48	 1	 -41.6552	  174.3410
0.122	 2.82	 1	 -42.7693	  172.8842
0.122	 2.26	 1	 -42.3857	  173.7436
0.122	 2.01	 1	 -42.4866	  173.9097
0.122	 2.04	 1	 -42.0847	  173.9041
0.122	 2.56	 1	 -41.8235	  174.1994
0.122	 2.29	 1	 -42.2815	  174.0164
0.123	 2.16	 1	 -42.1694	  173.6672
0.123	 2.46	 1	 -41.8242	  174.0187
0.123	 3.29	 1	 -42.0692	  173.7175
0.124	 2.27	 1	 -42.2651	  173.6649
0.124	 2.04	 1	 -40.8983	  171.9045
0.124	 2.87	 1	 -42.1918	  173.4913
0.125	 2.34	 1	 -42.3798	  174.4066
0.125	 2.20	 1	 -42.5686	  172.7319
0.125	 2.30	 1	 -42.6856	  172.8786
0.126	 2.11	 1	 -41.0312	  173.5103
0.126	 2.92	 1	 -42.0413	  173.7212
0.127	 2.34	 1	 -42.4562	  173.2278
0.128	 2.01	 1	 -41.6915	  174.2688
0.129	 2.25	 1	 -42.1031	  173.7815
0.129	 2.16	 1	 -42.6962	  172.4940
0.129	 2.51	 1	 -42.3442	  173.8288
0.129	 2.28	 1	 -41.3946	  169.6110
0.130	 2.07	 1	 -42.3098	  173.4742
0.131	 2.24	 1	 -42.2539	  173.6310
0.131	 2.18	 1	 -42.6134	  173.1385
0.131	 2.29	 1	 -43.1354	  172.6717
0.132	 2.02	 1	 -41.9835	  173.6804
0.132	 3.19	 1	 -42.1960	  173.7424
0.133	 2.59	 1	 -42.4853	  173.5107
0.133	 2.95	 1	 -42.0080	  173.5331
0.134	 2.23	 1	 -42.9578	  172.8872
0.134	 2.04	 1	 -42.0082	  173.7876
0.134	 2.08	 1	 -41.6882	  173.5527
0.134	 2.70	 1	 -41.9078	  174.3609
0.135	 2.00	 1	 -42.8044	  173.6498
0.135	 2.25	 1	 -41.8692	  173.9849
0.135	 2.26	 1	 -42.3338	  173.4629
0.135	 2.14	 1	 -42.1701	  173.5151
0.137	 3.46	 1	 -42.0098	  173.8550
0.137	 3.77	 1	 -41.4928	  175.0862
0.137	 3.03	 1	 -42.5797	  173.1570
0.138	 2.10	 1	 -42.8295	  172.6441
0.138	 2.06	 1	 -41.9867	  174.1081
0.139	 2.01	 1	 -42.3024	  173.7390
0.139	 3.63	 1	 -41.8378	  174.1568
0.140	 2.38	 1	 -42.2108	  172.4497
0.140	 2.34	 1	 -42.4501	  173.3217
0.140	 2.01	 1	 -41.9809	  173.8107
0.140	 2.30	 1	 -42.0257	  175.9236
0.140	 2.36	 1	 -42.5354	  173.0634
0.140	 2.13	 1	 -42.7208	  173.0618
0.140	 2.22	 1	 -42.8838	  172.9466
0.140	 3.78	 1	 -42.6397	  172.5842
0.140	 2.01	 1	 -42.1286	  173.5885
0.141	 2.21	 1	 -42.6515	  172.9706
0.141	 2.04	 1	 -42.8408	  171.7971
0.141	 2.13	 1	 -42.6556	  172.9706
0.142	 2.24	 1	 -42.3303	  173.4567
0.142	 3.73	 1	 -43.2865	  173.0735
0.142	 3.05	 1	 -41.9687	  174.3635
0.142	 2.01	 1	 -41.7916	  174.2767
0.142	 2.16	 1	 -42.4785	  173.1526
0.143	 2.10	 1	 -42.3336	  173.3865
0.143	 2.79	 1	 -42.6086	  173.0983
0.143	 2.49	 1	 -41.9478	  173.7076
0.144	 2.39	 1	 -42.4334	  173.6829
0.144	 2.76	 1	 -42.5889	  173.1381
0.144	 2.37	 1	 -42.4307	  173.3499
0.145	 2.01	 1	 -42.2269	  173.5942
0.146	 3.87	 1	 -41.8979	  173.6860
0.147	 2.60	 1	 -41.9962	  173.6627
0.147	 2.61	 1	 -42.3120	  173.6651
0.148	 2.37	 1	 -42.1452	  173.8053
0.148	 2.24	 1	 -42.6402	  172.9079
0.149	 2.38	 1	 -41.6380	  174.2941
0.149	 3.48	 1	 -43.2900	  168.0651
0.149	 2.12	 1	 -42.4798	  173.9061
0.149	 2.28	 1	 -42.8874	  172.8469
0.149	 2.97	 1	 -42.2362	  173.6672
0.150	 2.62	 1	 -42.6174	  173.0152
0.150	 2.25	 1	 -42.5043	  173.4395
0.151	 2.03	 1	 -42.3989	  173.5550
0.152	 2.81	 1	 -43.0195	  173.0091
0.154	 2.41	 1	 -42.6477	  173.0240
0.154	 2.32	 1	 -41.7218	  174.2249
0.154	 2.30	 1	 -41.9129	  173.6301
0.154	 2.49	 1	 -42.0488	  173.7542
0.154	 2.71	 1	 -42.8358	  173.2520
0.155	 2.28	 1	 -42.7604	  173.1196
0.156	 2.12	 1	 -42.5510	  172.7877
0.157	 3.36	 1	 -42.4154	  173.2573
0.157	 2.06	 1	 -42.8087	  173.9395
0.159	 2.44	 1	 -42.2299	  173.6744
0.160	 2.15	 2	 -41.8956	  174.1789
0.160	 2.31	 1	 -42.4802	  173.2761
0.160	 2.31	 1	 -42.8817	  173.3818
0.160	 2.08	 2	 -42.3977	  174.4074
0.161	 3.57	 1	 -41.8424	  174.1984
0.161	 2.06	 1	 -41.7513	  174.2229
0.162	 2.57	 1	 -41.8385	  174.0518
0.162	 2.28	 1	 -42.7114	  172.3151
0.163	 2.20	 1	 -42.2754	  173.6165
0.163	 3.03	 1	 -41.8227	  174.2207
0.164	 2.49	 1	 -42.0919	  173.5607
0.164	 2.13	 1	 -42.6433	  172.9525
0.164	 2.22	 1	 -42.2575	  173.6817
0.164	 2.50	 1	 -42.3504	  173.6962
0.166	 2.19	 1	 -37.9605	  173.4466
0.166	 2.02	 1	 -42.5223	  173.9402
0.166	 2.18	 1	 -42.2399	  173.6224
0.166	 2.26	 1	 -42.0238	  173.7848
0.167	 3.78	 1	 -42.1927	  173.8134
0.167	 2.37	 1	 -42.2433	  173.7066
0.167	 2.04	 1	 -42.1628	  173.6395
0.168	 2.32	 1	 -42.6331	  172.9636
0.168	 2.89	 1	 -42.1239	  173.6092
0.169	 2.18	 1	 -42.2555	  173.7617
0.169	 2.35	 1	 -42.2486	  173.5916
0.169	 2.22	 1	 -42.1188	  173.5954
0.170	 2.14	 1	 -42.1397	  173.5070
0.172	 2.01	 1	 -42.1241	  173.6151
0.172	 2.51	 1	 -41.9622	  173.6413
0.172	 2.08	 1	 -43.2114	  173.4649
0.173	 2.13	 1	 -42.4334	  173.7394
0.173	 3.20	 1	 -42.6629	  173.0350
0.173	 2.17	 1	 -41.9076	  174.2173
0.175	 2.33	 1	 -42.2287	  173.3533
0.175	 2.43	 1	 -42.6457	  172.9211
0.176	 2.14	 1	 -41.8936	  173.8960
0.176	 2.12	 1	 -42.2264	  173.7398
0.177	 2.20	 1	 -42.5935	  174.0482
0.178	 3.73	 1	 -41.7475	  174.2235
0.179	 2.12	 1	 -42.1881	  173.8560
0.179	 2.78	 1	 -41.6383	  174.1971
0.180	 2.19	 1	 -42.1470	  173.7739
0.181	 2.38	 1	 -42.6617	  172.9255
0.181	 2.27	 1	 -42.8688	  173.4092
0.182	 2.06	 1	 -42.9071	  172.7150
0.183	 2.40	 1	 -42.6066	  172.9565
0.183	 3.90	 1	 -42.3099	  173.9785
0.183	 2.73	 1	 -41.9409	  174.0026
0.183	 2.10	 1	 -42.1748	  173.6425
0.184	 2.86	 1	 -41.8891	  174.3221
0.184	 2.58	 1	 -41.7325	  173.4641
0.184	 2.37	 1	 -42.4471	  173.4325
0.184	 3.00	 1	 -41.6525	  174.2825
0.185	 2.57	 1	 -42.2824	  173.7792
0.185	 2.24	 1	 -42.5648	  172.9122
0.185	 3.17	 1	 -42.2313	  173.5492
0.185	 2.01	 1	 -42.3458	  173.6786
0.185	 2.05	 1	 -42.9148	  173.4238
0.186	 2.30	 1	 -42.0023	  173.7087
0.187	 2.16	 1	 -42.4908	  173.1945
0.187	 2.06	 1	 -41.5685	  174.1987
0.187	 2.06	 1	 -42.0116	  173.8801
0.188	 2.58	 1	 -42.0882	  173.4020
0.189	 2.21	 1	 -41.7401	  174.4301
0.190	 2.25	 1	 -42.2304	  173.5809
0.190	 2.41	 1	 -42.1499	  173.8308
0.191	 2.35	 1	 -42.7087	  173.1707
0.191	 2.42	 1	 -42.2234	  173.5610
0.191	 2.68	 1	 -42.4904	  173.3725
0.192	 2.41	 1	 -41.8685	  173.4723
0.192	 2.66	 1	 -42.4476	  173.4736
0.193	 2.45	 1	 -42.4347	  174.4523
0.193	 2.22	 1	 -41.8690	  174.4599
0.194	 3.01	 1	 -42.1603	  173.6108
0.194	 3.00	 1	 -41.9416	  173.9651
0.194	 2.01	 1	 -42.1667	  173.8419
0.194	 2.44	 1	 -42.8223	  173.5308
0.195	 2.10	 1	 -42.7135	  173.0416
0.195	 2.07	 1	 -42.3677	  174.3498
0.195	 2.20	 1	 -43.2211	  173.3243
0.195	 2.96	 1	 -42.3170	  173.1228
0.197	 2.72	 1	 -41.4255	  173.6910
0.198	 2.60	 1	 -42.4420	  173.3298
0.198	 2.09	 1	 -42.6886	  172.8282
0.198	 2.83	 1	 -41.8955	  172.8305
0.199	 2.62	 1	 -42.1856	  173.6059
0.199	 2.36	 1	 -42.6750	  174.7983
0.200	 2.92	 1	 -42.1963	  173.8029
0.200	 2.53	 1	 -42.4737	  173.8844
0.200	 3.92	 1	 -42.2594	  173.5504
0.200	 2.00	 1	 -41.7185	  174.2418
0.200	 2.71	 1	 -42.0644	  173.7551
0.200	 2.28	 1	 -40.7311	  173.0759
0.201	 2.05	 1	 -42.1695	  173.6505
0.202	 2.46	 1	 -41.3913	  174.3499
0.203	 2.10	 1	 -42.8149	  172.8580
0.203	 2.15	 1	 -42.0162	  173.7796
0.204	 2.10	 1	 -42.2375	  174.1235
0.204	 2.33	 2	 -42.6378	  173.2182
0.204	 2.74	 1	 -42.5517	  173.0736
0.204	 2.08	 1	 -42.1162	  174.5254
0.204	 2.56	 1	 -41.2015	  174.3835
0.205	 2.10	 1	 -42.8159	  172.4990
0.205	 3.20	 1	 -41.9863	  173.7200
0.205	 2.10	 2	 -41.3858	  175.1281
0.206	 2.88	 1	 -42.3579	  173.0942
0.207	 2.06	 1	 -42.2537	  173.7139
0.207	 2.20	 1	 -42.1231	  173.6011
0.209	 2.07	 1	 -42.6393	  172.9232
0.209	 2.19	 1	 -41.9342	  173.9564
0.210	 2.80	 1	 -41.8999	  173.6070
0.210	 2.00	 1	 -41.8267	  174.0688
0.211	 2.58	 1	 -42.1211	  173.5930
0.212	 2.18	 1	 -42.7909	  173.0655
0.212	 2.43	 1	 -42.5634	  173.0013
0.213	 2.25	 1	 -42.4599	  172.8832
0.213	 2.12	 1	 -41.7348	  174.2891
0.214	 2.03	 1	 -42.7449	  174.9206
0.215	 2.45	 1	 -42.4679	  173.1064
0.216	 3.42	 1	 -42.2370	  173.7390
0.217	 2.12	 1	 -41.0082	  172.8757
0.217	 2.20	 1	 -42.1695	  173.5894
0.218	 2.04	 1	 -42.2879	  173.4973
0.218	 2.18	 1	 -42.3381	  172.9771
0.219	 2.39	 1	 -42.5453	  173.0822
0.219	 2.51	 1	 -41.8802	  174.1508
0.219	 2.65	 1	 -42.5744	  173.2298
0.219	 2.51	 1	 -42.0754	  173.9604
0.220	 2.32	 1	 -42.2463	  173.6030
0.222	 2.54	 1	 -41.9778	  173.6617
0.222	 2.06	 1	 -42.6694	  173.1949
0.223	 2.73	 1	 -43.0362	  172.1048
0.223	 2.19	 1	 -42.1418	  173.6484
0.223	 2.34	 1	 -42.8251	  174.8314
0.224	 2.84	 1	 -41.8673	  173.9729
0.224	 2.49	 1	 -41.5258	  172.4336
0.224	 2.07	 1	 -42.3796	  173.6795
0.225	 2.19	 1	 -42.2570	  173.6072
0.225	 2.14	 1	 -42.1122	  173.6447
0.225	 2.60	 1	 -42.0213	  173.8106
0.226	 2.15	 1	 -42.5299	  173.5161
0.226	 2.44	 1	 -42.3267	  173.6390
0.226	 2.30	 1	 -42.3382	  171.9049
0.226	 2.09	 1	 -41.6476	  174.4579
0.227	 3.26	 1	 -41.7587	  174.2501
0.227	 2.06	 1	 -41.9534	  174.0159
0.227	 2.16	 1	 -43.1382	  172.7682
0.228	 2.13	 1	 -42.1145	  173.7993
0.229	 2.02	 1	 -42.9375	  173.4074
0.230	 3.00	 1	 -42.6675	  172.7564
0.232	 2.01	 1	 -41.7256	  174.2371
0.234	 2.33	 1	 -42.5499	  173.7717
0.234	 2.05	 1	 -42.2975	  173.8102
0.234	 2.48	 1	 -42.9510	  174.4369
0.234	 2.12	 1	 -41.7565	  174.2274
0.234	 2.03	 1	 -42.2925	  173.7332
0.235	 2.05	 1	 -41.9248	  173.8938
0.236	 2.88	 1	 -41.7873	  174.2708
0.237	 2.85	 1	 -42.1501	  173.8494
0.237	 2.31	 1	 -41.8970	  173.9483
0.237	 2.26	 1	 -42.4480	  173.1607
0.238	 2.12	 1	 -42.1240	  173.5804
0.238	 2.39	 1	 -42.1458	  173.4271
0.238	 2.35	 1	 -42.4632	  173.7569
0.238	 2.13	 1	 -42.1904	  172.8754
0.239	 2.18	 1	 -42.2167	  173.6216
0.239	 2.82	 1	 -42.8656	  173.3883
0.241	 2.33	 1	 -44.0908	  174.4378
0.241	 2.32	 1	 -42.8123	  173.5137
0.241	 3.08	 1	 -42.1276	  173.7024
0.242	 3.42	 1	 -43.2872	  174.2512
0.242	 2.45	 1	 -43.4717	  173.3696
0.243	 2.10	 1	 -42.5445	  173.8449
0.244	 2.16	 1	 -44.4440	  175.1772
0.245	 2.10	 1	 -41.6336	  174.2343
0.246	 2.02	 1	 -42.6572	  172.8851
0.247	 2.29	 1	 -42.8416	  173.2486
0.249	 2.98	 1	 -41.9796	  174.4744
0.250	 2.10	 1	 -42.4519	  173.1314
0.251	 2.34	 1	 -42.5265	  173.7156
0.253	 2.50	 1	 -42.5902	  172.7676
0.253	 2.28	 1	 -41.8412	  173.9896
0.253	 2.44	 1	 -42.9354	  173.4354
0.254	 2.40	 1	 -42.6013	  173.2891
0.254	 2.75	 1	 -42.5419	  173.0157
0.254	 2.48	 1	 -41.7652	  173.4251
0.255	 2.69	 1	 -42.3744	  173.7680
0.255	 2.17	 1	 -41.7859	  174.0488
0.256	 2.00	 1	 -41.6703	  174.3206
0.256	 2.08	 2	 -41.7387	  174.2141
0.258	 2.06	 1	 -42.3278	  174.0062
0.259	 2.79	 1	 -42.6263	  172.8703
0.259	 2.17	 1	 -42.9043	  172.7968
0.260	 2.35	 1	 -42.4713	  173.5726
0.260	 2.01	 1	 -43.8062	  169.7850
0.260	 2.78	 1	 -40.8132	  167.4642
0.260	 2.17	 1	 -42.2450	  173.7781
0.260	 2.55	 1	 -42.3089	  173.6977
0.262	 2.54	 1	 -42.5325	  173.0930
0.263	 2.25	 1	 -41.5320	  175.6992
0.264	 2.17	 1	 -42.2088	  173.4550
0.264	 2.34	 1	 -42.5625	  173.4204
0.264	 2.21	 1	 -42.7252	  172.8681
0.265	 2.99	 1	 -41.8718	  174.3846
0.266	 2.81	 1	 -42.1038	  173.7463
0.266	 2.07	 1	 -41.7693	  174.2486
0.266	 2.03	 1	 -42.3940	  173.1756
0.267	 2.64	 1	 -42.1840	  173.6432
0.267	 2.62	 1	 -42.0559	  173.6666
0.269	 2.12	 1	 -42.4810	  173.1296
0.269	 2.04	 1	 -42.2486	  172.9283
0.269	 2.62	 1	 -42.2611	  173.6066
0.270	 2.20	 1	 -42.5637	  173.6490
0.270	 4.01	 1	 -42.3657	  171.8553
0.271	 2.14	 1	 -41.2865	  172.8816
0.273	 2.08	 1	 -41.7414	  174.2011
0.274	 2.62	 1	 -41.0564	  172.2572
0.278	 2.88	 1	 -42.6269	  172.9371
0.278	 2.30	 1	 -42.2025	  173.7648
0.280	 2.11	 1	 -41.6665	  174.1788
0.281	 2.10	 1	 -42.2237	  173.6344
0.281	 2.52	 1	 -43.1608	  171.8616
0.281	 2.12	 1	 -42.8930	  173.2656
0.283	 2.19	 1	 -42.2121	  173.5580
0.283	 2.21	 1	 -42.0676	  173.5782
0.284	 2.03	 1	 -41.7619	  174.2012
0.286	 2.15	 1	 -41.6647	  174.3190
0.286	 2.15	 1	 -42.3462	  173.0764
0.286	 2.87	 1	 -42.1589	  173.5967
0.287	 2.08	 1	 -42.8040	  172.2815
0.288	 2.12	 1	 -42.4070	  173.5883
0.289	 2.34	 1	 -42.5799	  172.9972
0.289	 2.19	 1	 -42.2247	  173.8976
0.291	 2.47	 1	 -40.7269	  175.0840
0.291	 2.19	 1	 -41.7361	  174.2439
0.292	 3.14	 1	 -42.3855	  173.7719
0.293	 2.62	 1	 -42.2104	  173.6841
0.293	 2.25	 1	 -42.1292	  173.5524
0.294	 2.22	 1	 -42.6825	  173.0327
0.294	 2.59	 1	 -42.0452	  173.6938
0.294	 3.46	 1	 -41.9859	  173.7133
0.296	 2.80	 1	 -41.7735	  173.9018
0.296	 2.14	 1	 -40.1870	  173.4557
0.298	 3.28	 1	 -42.6057	  173.3496
0.299	 2.10	 1	 -43.2209	  172.9851
0.299	 2.42	 1	 -41.6807	  174.3477
0.300	 2.06	 1	 -42.0807	  173.9806
0.301	 2.12	 1	 -43.0880	  172.1109
0.301	 2.53	 1	 -42.5109	  173.1386
0.301	 3.11	 1	 -41.8581	  174.2882
0.301	 2.90	 1	 -42.2547	  173.7233
0.303	 2.05	 1	 -42.1885	  173.6030
0.303	 2.16	 1	 -41.7141	  174.2906
0.304	 2.60	 1	 -42.7498	  173.4446
0.305	 2.73	 1	 -42.5623	  172.9466
0.305	 2.72	 1	 -42.6190	  173.8618
0.306	 3.93	 1	 -41.7294	  174.1574
0.307	 3.06	 1	 -42.7144	  173.2689
0.307	 3.06	 1	 -42.4239	  173.3658
0.309	 2.44	 1	 -41.9738	  173.7334
0.310	 2.88	 1	 -42.1124	  173.4584
0.311	 2.37	 1	 -42.1091	  174.0365
0.311	 2.29	 1	 -42.1694	  173.7087
0.314	 2.02	 1	 -41.7379	  174.2651
0.315	 2.34	 1	 -41.8240	  174.2294
0.315	 4.15	 1	 -41.8586	  174.1937
0.317	 2.08	 2	 -42.6832	  173.0305
0.318	 2.25	 1	 -42.4014	  173.7724
0.318	 2.70	 1	 -42.6091	  173.0388
0.319	 2.25	 2	 -41.6804	  174.3481
0.319	 2.29	 1	 -42.2651	  173.5116
0.319	 2.12	 1	 -42.2100	  173.2114
0.322	 3.21	 1	 -42.7183	  172.5251
0.323	 2.13	 1	 -42.5545	  173.6465
0.323	 3.49	 1	 -41.8658	  173.9865
0.323	 2.44	 1	 -42.3311	  173.6391
0.323	 2.09	 1	 -42.5131	  173.7162
0.323	 2.02	 1	 -41.6385	  174.2719
0.324	 2.15	 1	 -42.2587	  173.5724
0.324	 2.10	 1	 -41.6959	  174.3160
0.326	 2.14	 1	 -42.4079	  173.7674
0.326	 2.22	 1	 -42.8537	  173.0979
0.326	 2.69	 1	 -42.5861	  174.0199
0.326	 2.01	 1	 -42.6063	  172.9735
0.328	 2.13	 1	 -43.0036	  173.5215
0.328	 2.07	 1	 -42.4301	  173.7274
0.328	 2.90	 1	 -42.1704	  173.6658
0.328	 2.29	 1	 -42.4281	  173.0704
0.329	 2.30	 1	 -41.8420	  173.3732
0.330	 2.63	 1	 -42.3814	  173.7488
0.331	 2.57	 1	 -42.7210	  172.6358
0.333	 3.64	 1	 -41.9593	  173.7101
0.334	 2.03	 1	 -41.9970	  173.7507
0.334	 2.23	 1	 -42.5953	  173.0224
0.334	 2.20	 1	 -43.0808	  170.6700
0.334	 2.30	 1	 -41.7875	  173.5499
0.336	 2.07	 1	 -42.3459	  170.7084
0.337	 2.33	 1	 -41.9314	  174.0813
0.337	 2.70	 1	 -42.4701	  173.7902
0.338	 2.65	 1	 -41.8041	  174.2765
0.339	 3.09	 1	 -42.5396	  173.1028
0.340	 2.20	 1	 -41.8495	  174.0926
0.341	 2.69	 1	 -42.0081	  173.7866
0.342	 2.00	 1	 -41.6947	  174.2491
0.342	 2.25	 1	 -42.1926	  174.2508
0.342	 2.39	 1	 -43.0033	  172.7018
0.344	 2.57	 1	 -42.2001	  173.4907
0.344	 2.39	 1	 -42.7618	  172.9440
0.345	 2.40	 2	 -41.8984	  174.2320
0.345	 2.66	 1	 -42.6905	  172.9778
0.346	 2.50	 1	 -42.8836	  173.1900
0.346	 2.03	 1	 -44.5710	  167.4637
0.347	 2.24	 1	 -41.7831	  174.0421
0.348	 2.49	 1	 -41.7372	  174.1801
0.351	 2.28	 1	 -42.1449	  173.9577
0.351	 2.22	 1	 -43.2732	  175.3921
0.351	 2.83	 1	 -39.9204	  177.0999
0.351	 2.15	 2	 -41.6800	  173.9895
0.351	 2.76	 1	 -42.5444	  173.2063
0.352	 2.10	 1	 -42.2329	  173.6582
0.352	 2.43	 1	 -41.5260	  174.2240
0.354	 2.19	 1	 -42.1275	  174.0976
0.354	 2.54	 1	 -41.9557	  173.9171
0.355	 2.80	 1	 -42.8628	  172.4126
0.355	 2.16	 1	 -42.2161	  173.7632
0.356	 2.08	 1	 -41.7851	  174.4276
0.356	 2.37	 1	 -42.1149	  173.4849
0.357	 2.41	 1	 -43.0777	  172.7733
0.357	 2.31	 1	 -42.1167	  173.5871
0.357	 2.82	 1	 -42.5231	  173.2212
0.357	 2.40	 1	 -41.9677	  173.7547
0.358	 2.16	 1	 -42.4099	  172.8183
0.358	 2.26	 1	 -42.4154	  173.8645
0.358	 2.38	 1	 -42.7077	  172.8898
0.359	 2.00	 1	 -41.9072	  173.3874
0.361	 2.09	 1	 -41.7059	  174.2954
0.361	 2.17	 1	 -42.7722	  173.2184
0.361	 2.19	 1	 -42.4557	  172.8967
0.362	 2.97	 1	 -41.6310	  174.2856
0.362	 2.14	 1	 -42.2555	  173.6458
0.365	 2.08	 1	 -42.7093	  173.3287
0.365	 2.03	 1	 -41.9826	  174.8848
0.366	 2.65	 1	 -42.1194	  173.8833
0.369	 2.46	 1	 -42.0928	  173.4644
0.370	 2.16	 1	 -41.9169	  173.3297
0.371	 2.35	 1	 -42.5690	  173.3332
0.371	 2.18	 1	 -42.4744	  173.4862
0.371	 2.59	 1	 -42.7972	  173.0405
0.372	 2.17	 1	 -42.9093	  173.9981
0.373	 2.43	 1	 -40.1233	  173.8024
0.375	 2.50	 1	 -42.6242	  172.9078
0.376	 2.65	 1	 -44.2052	  178.7834
0.376	 2.17	 1	 -42.5560	  173.5587
0.378	 2.12	 1	 -42.4428	  173.6989
0.378	 2.04	 1	 -41.5747	  169.4514
0.378	 2.18	 1	 -42.2296	  173.6001
0.378	 2.21	 1	 -42.3092	  173.6911
0.379	 3.08	 1	 -42.4495	  172.8781
0.379	 2.15	 2	 -43.0288	  173.0137
0.380	 3.28	 1	 -42.2736	  173.6884
0.380	 2.48	 1	 -42.3516	  173.8433
0.380	 2.14	 1	 -42.2935	  173.5578
0.381	 2.56	 2	 -42.0276	  173.7916
0.383	 3.06	 1	 -41.7714	  174.2151
0.383	 2.63	 1	 -41.8049	  174.3821
0.383	 2.51	 1	 -40.7897	  167.4791
0.383	 2.31	 1	 -42.4685	  173.7187
0.384	 2.13	 1	 -42.0371	  173.8023
0.387	 2.45	 1	 -42.5266	  173.1684
0.387	 2.05	 1	 -42.3159	  173.7219
0.388	 2.04	 1	 -41.5800	  174.1978
0.388	 2.02	 1	 -42.3604	  173.4817
0.390	 2.02	 1	 -42.6742	  173.5585
0.390	 3.39	 1	 -41.8310	  173.9467
0.390	 2.20	 1	 -42.8675	  173.9033
0.390	 2.24	 1	 -42.4076	  173.3391
0.391	 2.14	 1	 -41.8027	  174.2555
0.391	 2.05	 1	 -41.6519	  174.3491
0.392	 2.35	 1	 -42.5904	  173.0949
0.392	 2.25	 1	 -42.1498	  173.3644
0.394	 2.30	 1	 -42.6333	  172.7940
0.395	 2.70	 1	 -42.5331	  173.0523
0.396	 2.97	 1	 -42.1407	  173.6497
0.396	 2.30	 1	 -42.3510	  172.6254
0.398	 2.10	 1	 -42.5701	  173.1223
0.399	 2.36	 1	 -42.3402	  173.7054
0.400	 2.23	 1	 -42.1159	  173.9388
0.402	 2.26	 1	 -41.5213	  171.4872
0.405	 2.17	 1	 -43.0537	  173.8598
0.406	 3.07	 1	 -42.4955	  173.1598
0.406	 2.63	 1	 -42.8163	  172.0561
0.406	 2.56	 1	 -41.8098	  174.2360
0.407	 2.77	 1	 -42.4117	  173.7453
0.407	 2.12	 1	 -41.6125	  174.3232
0.407	 3.00	 1	 -41.7868	  174.4423
0.408	 2.04	 1	 -42.2273	  173.6664
0.409	 2.89	 1	 -42.3048	  173.7008
0.411	 3.98	 1	 -42.9989	  173.2621
0.412	 2.18	 1	 -41.9443	  173.9918
0.413	 2.13	 1	 -42.9904	  173.0517
0.413	 3.18	 1	 -42.3191	  173.4072
0.413	 2.40	 1	 -42.3699	  173.1451
0.414	 2.04	 1	 -42.1551	  173.8895
0.414	 2.35	 1	 -38.2501	  172.0756
0.415	 3.45	 1	 -42.1538	  173.5991
0.416	 2.95	 1	 -42.2585	  173.9000
0.419	 2.12	 1	 -45.1233	  178.0108
0.420	 2.04	 1	 -42.4597	  173.2510
0.420	 2.12	 1	 -42.0953	  173.7008
0.420	 2.18	 1	 -42.7067	  173.8397
0.422	 2.33	 1	 -41.4533	  174.6285
0.422	 2.23	 1	 -42.4414	  173.5110
0.423	 2.33	 1	 -42.6607	  173.8078
0.423	 2.17	 1	 -41.6771	  174.0711
0.425	 2.14	 1	 -41.9761	  174.0736
0.426	 2.23	 1	 -41.6662	  170.1511
0.426	 2.16	 1	 -42.4044	  173.9086
0.429	 2.12	 1	 -42.6385	  172.8284
0.430	 2.31	 1	 -41.7078	  174.2525
0.430	 3.71	 1	 -41.7388	  174.2681
0.432	 2.05	 1	 -41.1981	  179.5197
0.433	 2.46	 2	 -44.5399	  169.2854
0.434	 2.10	 2	 -42.4497	  173.7388
0.436	 2.04	 1	 -42.6987	  172.6547
0.437	 2.17	 1	 -42.2897	  173.6770
0.438	 2.28	 1	 -42.7824	  173.1629
0.439	 2.00	 1	 -42.7385	  174.6469
0.440	 2.33	 1	 -40.3392	  173.5824
0.440	 3.02	 1	 -42.8024	  172.8546
0.445	 2.03	 1	 -42.1334	  173.6804
0.445	 2.20	 1	 -41.9499	  173.7873
0.446	 2.08	 1	 -41.7193	  174.2887
0.446	 2.23	 1	 -42.5400	  172.6746
0.446	 2.20	 1	 -42.2395	  173.9310
0.448	 2.21	 1	 -42.0186	  173.6491
0.449	 2.04	 2	 -42.6589	  172.6363
0.450	 2.75	 1	 -42.0380	  173.6215
0.450	 2.00	 1	 -42.7525	  173.0079
0.451	 2.16	 1	 -41.8079	  174.1603
0.453	 2.58	 1	 -42.3032	  173.7029
0.453	 2.02	 1	 -42.1256	  173.8212
0.454	 2.02	 1	 -42.9610	  172.7045
0.454	 2.30	 1	 -42.6400	  172.5308
0.456	 2.44	 1	 -42.4509	  173.8770
0.457	 2.17	 1	 -42.3311	  173.5862
0.457	 2.38	 1	 -41.9889	  173.7191
0.458	 2.52	 1	 -42.5107	  173.3659
0.459	 2.03	 1	 -41.1300	  178.8821
0.461	 2.12	 1	 -42.5417	  175.6677
0.461	 2.58	 1	 -42.7078	  172.4954
0.462	 2.28	 1	 -42.1588	  173.8264
0.463	 2.09	 1	 -42.6375	  172.8728
0.464	 2.34	 1	 -42.3960	  173.7252
0.465	 2.14	 1	 -43.6245	  173.4404
0.465	 2.09	 1	 -41.8035	  174.2677
0.466	 2.04	 1	 -42.3066	  175.8769
0.468	 2.93	 1	 -41.8750	  174.0214
0.469	 3.07	 1	 -42.2070	  173.7086
0.469	 2.78	 1	 -42.4134	  173.7643
0.470	 2.16	 1	 -41.7025	  171.3073
0.471	 2.65	 1	 -42.1448	  173.5755
0.472	 2.11	 1	 -41.9193	  174.2555
0.473	 2.88	 1	 -42.5980	  173.2580
0.474	 2.21	 1	 -42.5570	  173.1333
0.476	 2.14	 1	 -41.9195	  173.4668
0.476	 2.29	 1	 -42.7475	  173.1666
0.479	 2.15	 1	 -42.8881	  173.0173
0.479	 2.17	 1	 -41.8671	  173.7581
0.480	 2.11	 1	 -41.8251	  174.2487
0.486	 2.14	 1	 -46.2328	  173.6613
0.486	 2.06	 1	 -42.1435	  173.9546
0.488	 2.70	 1	 -42.7364	  172.4370
0.489	 2.01	 1	 -41.9783	  174.0846
0.490	 2.31	 1	 -42.4735	  172.2877
0.490	 2.16	 2	 -41.7708	  174.2127
0.491	 2.08	 1	 -42.5295	  173.0579
0.493	 4.24	 1	 -42.2946	  173.7436
0.495	 2.72	 1	 -42.3965	  173.7564
0.495	 2.02	 1	 -42.4890	  173.1160
0.496	 3.12	 1	 -42.2101	  173.7050
0.496	 2.09	 1	 -38.8136	  169.9276
0.497	 2.16	 1	 -42.5289	  173.1939
0.499	 2.51	 1	 -41.8241	  174.3669
0.500	 2.11	 1	 -42.3708	  173.0810
0.502	 2.20	 1	 -42.0399	  173.7276
0.502	 2.02	 1	 -42.0459	  173.7052
0.503	 2.08	 1	 -42.5346	  173.2097
0.503	 2.33	 1	 -41.6039	  173.9935
0.504	 2.05	 1	 -42.2395	  173.4042
0.505	 2.40	 1	 -42.4058	  173.7316
0.506	 2.42	 1	 -42.5579	  172.6271
0.506	 2.06	 1	 -41.6834	  174.0823
0.507	 3.46	 1	 -42.7092	  172.7849
0.507	 2.33	 2	 -41.5548	  174.6446
0.507	 2.07	 1	 -42.2457	  173.6874
0.512	 2.01	 1	 -41.7178	  174.3692
0.512	 2.38	 1	 -42.9188	  173.1848
0.513	 2.29	 1	 -42.0849	  173.8811
0.514	 2.00	 2	 -42.7060	  172.7815
0.515	 2.78	 1	 -41.8281	  174.2343
0.519	 2.32	 1	 -42.3665	  172.8497
0.519	 2.34	 1	 -42.4419	  172.8201
0.520	 2.05	 1	 -41.0860	  171.1722
0.520	 2.19	 1	 -41.8890	  174.0139
0.521	 2.71	 1	 -42.1795	  173.6303
0.521	 2.73	 1	 -41.7620	  174.3185
0.521	 2.66	 1	 -42.2179	  173.6538
0.522	 2.22	 1	 -42.3041	  172.9331
0.522	 3.40	 1	 -42.8274	  172.9652
0.522	 2.50	 1	 -42.0095	  173.6927
0.524	 2.06	 1	 -42.2415	  173.7084
0.525	 2.09	 1	 -42.2290	  173.7000
0.525	 2.07	 1	 -42.0114	  173.7230
0.527	 2.24	 1	 -42.5330	  174.6690
0.528	 2.65	 1	 -42.6414	  172.9163
0.531	 2.23	 1	 -42.4745	  173.1695
0.531	 2.51	 1	 -42.6538	  172.6958
0.532	 2.50	 2	 -42.6424	  173.1093
0.532	 2.14	 1	 -42.4827	  173.1127
0.532	 2.35	 1	 -42.3023	  173.7158
0.532	 2.34	 1	 -42.1000	  173.2843
0.536	 2.00	 1	 -42.7170	  172.7941
0.536	 2.03	 1	 -42.3136	  173.5610
0.538	 2.09	 1	 -41.7853	  174.2298
0.538	 2.36	 1	 -42.4073	  173.6840
0.540	 2.55	 1	 -41.8595	  174.0404
0.540	 2.36	 1	 -41.4261	  173.9081
0.541	 3.33	 2	 -42.7762	  173.0932
0.542	 2.63	 1	 -43.0969	  172.3989
0.542	 2.31	 1	 -42.0083	  173.8339
0.543	 2.13	 1	 -44.2470	  172.4581
0.546	 2.04	 1	 -41.8117	  174.0327
0.546	 2.41	 1	 -41.8688	  174.1476
0.546	 2.44	 2	 -41.6311	  174.2830
0.549	 2.02	 1	 -42.7521	  172.8212
0.550	 2.04	 1	 -42.6817	  173.0944
0.550	 3.12	 1	 -42.4219	  174.2612
0.552	 2.03	 1	 -42.6563	  173.8482
0.552	 3.07	 1	 -42.7421	  171.2364
0.554	 2.30	 1	 -42.4973	  173.2384
0.557	 2.38	 1	 -42.6085	  171.8179
0.557	 2.25	 1	 -42.5800	  172.9165
0.557	 2.39	 1	 -42.4040	  173.6736
0.558	 2.07	 1	 -41.9282	  173.6527
0.559	 2.23	 1	 -43.2283	  172.3878
0.559	 2.67	 1	 -41.7871	  174.2792
0.560	 2.04	 1	 -42.1939	  173.7332
0.560	 2.25	 1	 -42.3794	  173.7582
0.561	 2.08	 1	 -42.4505	  173.1445
0.561	 2.04	 1	 -42.6747	  173.0043
0.561	 2.27	 1	 -42.2154	  173.5888
0.562	 2.29	 1	 -42.1681	  173.6596
0.562	 2.06	 1	 -42.3853	  173.7077
0.563	 2.30	 1	 -41.9697	  173.5920
0.568	 2.04	 1	 -42.7310	  172.9591
0.571	 2.01	 1	 -42.4621	  173.3226
0.572	 2.49	 1	 -42.2934	  173.5858
0.573	 2.23	 1	 -42.4778	  173.1718
0.575	 3.13	 1	 -41.5404	  167.1086
0.576	 2.60	 1	 -41.9999	  173.6487
0.576	 2.17	 1	 -42.2706	  173.0811
0.577	 2.05	 1	 -43.0645	  172.7791
0.577	 2.53	 1	 -42.2237	  173.7384
0.578	 2.32	 1	 -41.9972	  173.8696
0.579	 2.35	 1	 -42.2740	  173.7626
0.579	 2.92	 1	 -42.5625	  173.1140
0.580	 2.12	 1	 -43.1824	  171.5662
0.581	 2.10	 1	 -42.4087	  173.7757
0.583	 2.50	 1	 -42.7456	  172.8842
0.583	 2.28	 1	 -42.3016	  173.7205
0.584	 2.62	 1	 -42.4961	  174.0554
0.584	 2.04	 1	 -42.1656	  173.5972
0.587	 2.78	 1	 -42.5523	  173.7964
0.587	 2.14	 1	 -41.9403	  173.7530
0.589	 2.00	 1	 -42.0373	  173.7106
0.590	 2.35	 1	 -41.9979	  173.8068
0.590	 3.56	 1	 -42.5117	  173.7303
0.591	 2.13	 1	 -42.4234	  173.1677
0.592	 2.08	 1	 -41.6765	  174.2943
0.592	 2.55	 1	 -46.7672	  175.6097
0.592	 2.72	 1	 -42.2861	  173.7330
0.593	 2.01	 1	 -41.6285	  174.1474
0.595	 2.19	 1	 -42.1885	  173.5367
0.595	 2.38	 1	 -41.9302	  171.5378
0.595	 2.68	 1	 -42.3123	  172.0033
0.596	 2.74	 1	 -42.1037	  171.7118
0.596	 2.53	 1	 -42.0407	  173.9943
0.600	 2.72	 1	 -41.6594	  174.2082
0.602	 2.33	 1	 -42.2468	  173.5046
0.603	 2.78	 1	 -42.5415	  173.7616
0.604	 2.13	 1	 -41.9796	  173.6762
0.605	 2.13	 1	 -42.1225	  173.4977
0.605	 2.62	 1	 -42.2393	  173.6395
0.607	 2.16	 1	 -42.5464	  173.0448
0.609	 2.15	 2	 -42.0940	  173.8830
0.610	 2.65	 1	 -42.9134	  172.8728
0.612	 2.40	 1	 -42.8350	  171.3603
0.612	 2.42	 1	 -42.1360	  173.6323
0.617	 2.16	 1	 -42.0948	  173.5356
0.618	 2.47	 1	 -42.5147	  173.1188
0.620	 2.88	 1	 -42.5905	  172.8414
0.622	 2.02	 1	 -42.6513	  172.9771
0.623	 2.15	 1	 -41.8293	  173.7959
0.624	 2.27	 1	 -42.6870	  172.9719
0.625	 2.79	 1	 -42.5837	  172.9634
0.626	 2.20	 1	 -41.6653	  174.9303
0.628	 2.77	 1	 -42.3282	  173.7063
0.628	 2.12	 1	 -43.4998	  172.3547
0.630	 2.08	 1	 -42.7218	  173.0132
0.631	 2.87	 1	 -42.6356	  172.8566
0.637	 2.16	 1	 -42.4594	  173.7355
0.638	 2.27	 1	 -41.8732	  173.7276
0.639	 2.11	 1	 -42.3920	  173.5737
0.639	 2.40	 1	 -42.0936	  173.7328
0.640	 2.14	 1	 -42.6685	  172.8044
0.640	 2.12	 1	 -42.3701	  170.9594
0.642	 2.03	 1	 -42.1216	  173.8283
0.648	 2.12	 1	 -43.5403	  172.8596
0.649	 2.21	 1	 -42.0267	  173.7774
0.649	 2.19	 1	 -41.8288	  174.1714
0.650	 2.66	 1	 -41.8145	  174.0148
0.650	 2.26	 1	 -42.1773	  173.7887
0.651	 2.33	 1	 -42.3087	  173.5711
0.652	 2.26	 1	 -42.4410	  172.9494
0.653	 2.45	 1	 -42.5044	  172.9387
0.654	 2.18	 1	 -42.5997	  173.0226
0.655	 2.62	 1	 -41.6555	  174.1475
0.655	 4.22	 1	 -42.1677	  173.6118
0.657	 2.29	 1	 -41.7254	  174.3292
0.659	 2.45	 1	 -42.0606	  173.8481
0.659	 2.75	 1	 -41.8483	  174.2627
0.659	 2.37	 1	 -39.8089	  173.3490
0.664	 3.31	 1	 -43.0843	  172.3766
0.665	 2.34	 1	 -45.1220	  171.0888
0.667	 2.43	 1	 -42.2581	  173.4543
0.668	 2.63	 1	 -41.8730	  173.9568
0.668	 2.76	 1	 -42.1830	  173.5894
0.669	 3.14	 1	 -42.3720	  173.6353
0.670	 2.45	 2	 -42.1594	  173.6460
0.676	 2.17	 1	 -42.5305	  173.2114
0.676	 2.53	 1	 -42.0260	  173.7344
0.678	 2.41	 1	 -42.3960	  173.3241
0.680	 2.54	 1	 -42.5292	  172.8316
0.681	 2.40	 1	 -41.8638	  174.3992
0.681	 2.46	 1	 -42.2974	  173.4459
0.682	 3.13	 1	 -42.2769	  173.7011
0.683	 2.18	 1	 -42.2812	  173.9748
0.683	 2.43	 1	 -41.9336	  172.9075
0.685	 2.64	 1	 -42.4941	  171.8945
0.687	 2.27	 1	 -42.7196	  173.1400
0.688	 2.28	 1	 -41.6931	  174.4469
0.689	 2.06	 1	 -41.9304	  174.0762
0.690	 2.50	 1	 -42.4011	  173.1512
0.690	 2.17	 1	 -42.5611	  172.9069
0.694	 2.32	 1	 -42.2536	  173.4824
0.696	 2.07	 1	 -41.9408	  173.8810
0.699	 2.10	 1	 -41.9625	  173.8628
0.699	 2.06	 1	 -42.1431	  173.9129
0.699	 2.32	 1	 -42.4443	  174.3207
0.701	 2.12	 1	 -42.2321	  173.5884
0.703	 2.19	 1	 -42.7485	  172.6640
0.705	 2.34	 1	 -42.5425	  174.0542
0.706	 2.07	 2	 -41.0043	  172.8751
0.706	 2.93	 1	 -41.9906	  173.5728
0.710	 2.95	 1	 -42.4598	  173.1672
0.710	 3.63	 1	 -42.0080	  173.7429
0.711	 2.02	 1	 -42.3291	  173.4708
0.711	 2.51	 1	 -42.0846	  173.6938
0.713	 2.22	 1	 -41.8781	  171.6309
0.714	 2.35	 1	 -42.6996	  172.8768
0.715	 2.20	 1	 -42.0659	  173.4556
0.716	 2.44	 1	 -41.8421	  173.9270
0.718	 2.29	 1	 -42.0124	  173.6826
0.720	 2.35	 1	 -42.1205	  173.6937
0.721	 3.02	 1	 -42.5940	  173.1354
0.721	 2.10	 1	 -42.4358	  173.6394
0.722	 2.06	 1	 -41.6852	  174.2852
0.723	 2.43	 1	 -42.1720	  173.6369
0.725	 2.16	 1	 -42.2436	  173.4688
0.725	 2.31	 1	 -41.7761	  174.0741
0.726	 2.56	 1	 -42.6091	  173.1714
0.728	 2.48	 1	 -41.7271	  174.7360
0.730	 2.31	 1	 -41.9516	  173.9579
0.730	 2.23	 1	 -42.2004	  173.4094
0.731	 2.26	 1	 -42.6142	  172.4137
0.732	 2.49	 1	 -41.9843	  170.4830
0.733	 2.96	 1	 -41.6968	  174.2852
0.739	 2.30	 1	 -43.2893	  172.6839
0.740	 2.18	 1	 -41.5991	  173.0575
0.741	 2.28	 1	 -41.8518	  173.9240
0.741	 2.38	 1	 -42.1836	  173.5996
0.742	 3.01	 1	 -42.4289	  173.7626
0.744	 2.23	 1	 -43.4669	  173.9334
0.744	 2.11	 1	 -42.2955	  173.9901
0.746	 2.17	 1	 -39.1222	  176.7412
0.746	 2.59	 1	 -42.5164	  173.0895
0.754	 2.66	 1	 -42.2763	  173.7333
0.758	 2.15	 1	 -40.5711	  167.6280
0.758	 2.95	 1	 -41.6755	  174.3186
0.762	 2.55	 1	 -42.7158	  173.2218
0.763	 2.24	 1	 -42.4421	  173.8931
0.764	 4.11	 1	 -42.3675	  173.7303
0.766	 2.34	 1	 -42.9311	  174.0448
0.767	 2.54	 1	 -42.3865	  172.9389
0.768	 2.88	 1	 -42.2997	  173.7301
0.768	 2.23	 1	 -42.7606	  172.9754
0.772	 2.47	 1	 -42.4790	  173.1845
0.773	 4.24	 1	 -42.2866	  173.4910
0.775	 3.31	 1	 -42.8496	  176.4889
0.780	 2.16	 1	 -42.5660	  173.1467
0.782	 2.13	 1	 -42.8647	  174.1812
0.782	 3.06	 1	 -42.1295	  173.5907
0.782	 2.34	 2	 -41.9297	  173.6956
0.782	 2.20	 1	 -42.8381	  173.3491
0.783	 2.23	 1	 -42.5345	  173.2272
0.787	 2.50	 1	 -39.2989	  169.3967
0.788	 2.20	 1	 -42.3033	  173.7850
0.795	 2.02	 1	 -42.8061	  172.6681
0.797	 2.24	 1	 -42.3928	  173.6127
0.798	 2.95	 1	 -42.0320	  172.9810
0.799	 3.18	 1	 -42.8186	  173.6918
0.800	 2.27	 1	 -42.8899	  172.7892
0.806	 2.02	 1	 -42.7258	  173.3420
0.808	 2.30	 1	 -42.7007	  174.2960
0.809	 2.02	 1	 -42.1368	  173.6610
0.810	 2.53	 1	 -42.4630	  173.8978
0.812	 2.31	 1	 -42.8943	  172.3796
0.812	 2.32	 1	 -41.9308	  172.8728
0.813	 2.00	 1	 -43.3698	  172.4488
0.814	 2.49	 1	 -41.8741	  173.5756
0.818	 2.15	 1	 -42.6341	  172.9825
0.818	 3.71	 1	 -39.1225	  169.8049
0.818	 2.06	 1	 -42.4920	  173.7498
0.822	 2.22	 1	 -42.0931	  173.7559
0.826	 3.11	 1	 -41.5619	  174.2461
0.827	 2.13	 1	 -44.0283	  176.4210
0.829	 2.25	 1	 -42.4446	  173.7289
0.831	 2.19	 2	 -41.9888	  173.5695
0.831	 2.02	 1	 -42.9895	  173.7309
0.834	 2.06	 1	 -42.5844	  172.8524
0.836	 2.04	 1	 -41.7073	  174.2317
0.837	 2.74	 2	 -41.8221	  174.0588
0.837	 2.03	 1	 -42.1445	  173.6165
0.838	 2.37	 1	 -42.2061	  173.7779
0.839	 2.02	 1	 -41.7905	  174.4479
0.843	 2.44	 1	 -42.4441	  173.1666
0.847	 2.96	 1	 -42.1651	  172.7382
0.852	 2.03	 1	 -42.2561	  173.6360
0.853	 2.02	 2	 -42.2377	  173.8161
0.858	 2.19	 1	 -42.3439	  173.4089
0.863	 2.25	 1	 -41.9752	  173.6650
0.868	 2.47	 1	 -42.4490	  173.1235
0.869	 2.35	 2	 -42.1787	  173.6015
0.872	 2.11	 1	 -42.2251	  173.6117
0.873	 2.07	 1	 -41.4734	  174.3820
0.873	 2.23	 1	 -41.9605	  174.0139
0.876	 2.01	 1	 -43.0472	  174.4844
0.879	 2.06	 1	 -42.4939	  173.2932
0.880	 2.04	 1	 -42.5322	  172.8326
0.887	 2.33	 1	 -41.7776	  173.2553
0.888	 2.11	 1	 -41.8211	  174.1997
0.889	 2.92	 1	 -42.0106	  174.0655
0.892	 4.04	 1	 -42.2028	  173.7482
0.892	 3.29	 1	 -42.1229	  173.8283
0.892	 3.94	 1	 -41.8426	  174.1818
0.898	 2.58	 1	 -41.7773	  174.4359
0.899	 2.31	 1	 -47.1891	  173.0116
0.900	 2.32	 1	 -42.0728	  173.3902
0.901	 2.48	 1	 -41.9177	  173.7508
0.901	 2.15	 1	 -42.1584	  173.5913
0.902	 3.03	 1	 -43.0028	  172.9403
0.903	 3.26	 1	 -42.3369	  173.3669
0.903	 2.57	 1	 -42.5523	  174.0140
0.904	 2.21	 1	 -41.8586	  173.9402
0.905	 2.08	 1	 -42.4840	  174.0789
0.908	 2.19	 1	 -42.5367	  173.0770
0.915	 2.32	 1	 -41.7773	  174.4051
0.916	 2.23	 1	 -42.5932	  166.9058
0.919	 2.15	 1	 -42.4325	  173.7517
0.926	 2.56	 1	 -42.0106	  173.8967
0.927	 2.50	 1	 -42.0547	  173.7095
0.928	 2.05	 1	 -42.2589	  174.0656
0.929	 2.28	 2	 -41.8710	  173.9689
0.931	 2.29	 1	 -42.7819	  172.5949
0.933	 2.18	 1	 -42.3866	  173.3388
0.936	 2.00	 1	 -42.4847	  173.7892
0.936	 2.34	 1	 -42.6905	  173.2488
0.936	 2.78	 1	 -41.7553	  174.3175
0.937	 2.22	 1	 -42.8671	  172.8330
0.939	 2.01	 1	 -42.8993	  171.5165
0.940	 3.08	 1	 -42.1843	  173.6261
0.941	 2.77	 1	 -42.4860	  173.3020
0.942	 2.66	 1	 -42.1466	  173.7785
0.943	 2.03	 1	 -41.8338	  172.6659
0.943	 3.00	 1	 -42.5954	  173.9836
0.943	 2.19	 1	 -42.6234	  173.1917
0.945	 2.23	 1	 -42.4355	  173.7643
0.947	 2.52	 1	 -43.1722	  173.4312
0.948	 2.35	 1	 -42.8741	  172.1071
0.956	 2.26	 1	 -41.6642	  174.2000
0.969	 2.51	 1	 -42.2572	  173.6722
0.969	 2.02	 1	 -40.9926	  175.2715
0.970	 2.33	 1	 -41.6821	  173.9719
0.972	 2.58	 1	 -42.2242	  173.7088
0.975	 2.15	 1	 -42.4349	  173.1743
0.975	 2.84	 1	 -42.6943	  173.3611
0.976	 2.35	 1	 -42.4105	  173.2096
0.979	 2.14	 1	 -42.1705	  173.7844
0.981	 2.03	 1	 -41.8208	  173.4193
0.983	 2.04	 1	 -42.4674	  172.4586
0.983	 2.12	 1	 -41.9849	  173.7217
0.984	 2.25	 1	 -40.4134	  176.9593
0.986	 2.11	 1	 -42.5983	  172.2726
0.986	 2.61	 1	 -42.4932	  173.1294
0.989	 2.37	 1	 -41.7481	  174.3623
0.992	 2.05	 1	 -42.0222	  173.7226
0.992	 2.26	 1	 -41.8572	  173.4934
0.993	 2.62	 1	 -43.0697	  175.4185
0.993	 2.44	 1	 -42.2424	  173.6567
0.996	 2.57	 1	 -41.7748	  174.1945
0.997	 2.75	 1	 -42.4910	  173.2951
1.001	 2.82	 1	 -42.7209	  173.5618
1.004	 2.70	 1	 -42.2296	  173.6066
1.004	 3.83	 1	 -41.8094	  174.2330
1.005	 3.13	 1	 -43.7859	  170.7524
1.008	 2.63	 1	 -41.8119	  173.2608
1.010	 2.26	 1	 -43.1133	  172.5995
1.012	 2.24	 1	 -42.7726	  173.0976
1.013	 2.38	 1	 -43.5425	  172.2303
1.015	 2.20	 1	 -42.1514	  173.6152
1.015	 3.27	 1	 -42.2504	  173.6469
1.015	 2.40	 1	 -41.8932	  174.2360
1.017	 2.13	 1	 -41.9655	  173.7777
1.022	 2.62	 1	 -42.2752	  173.9883
1.023	 3.53	 1	 -42.3385	  173.3762
1.024	 3.00	 1	 -42.1970	  173.6682
1.026	 2.60	 1	 -42.8107	  172.9486
1.026	 2.28	 1	 -42.3310	  173.8197
1.027	 2.52	 1	 -42.1592	  173.5974
1.028	 2.39	 1	 -42.6791	  173.2678
1.029	 2.17	 1	 -42.2274	  173.6544
1.031	 2.96	 1	 -40.6099	  176.2110
1.033	 2.23	 2	 -42.6534	  172.6958
1.033	 2.77	 1	 -42.2258	  173.6504
1.034	 2.03	 1	 -42.0319	  173.7156
1.036	 2.04	 1	 -42.1241	  173.4559
1.036	 2.19	 1	 -42.5198	  173.1179
1.037	 2.33	 1	 -42.2489	  173.6859
1.038	 2.06	 1	 -42.1419	  173.5472
1.040	 2.04	 1	 -41.7308	  174.1668
1.046	 2.15	 1	 -41.9734	  173.7138
1.046	 3.02	 1	 -42.3964	  173.7929
1.052	 2.60	 1	 -41.9181	  173.6878
1.053	 2.09	 1	 -42.4469	  173.2096
1.054	 2.47	 1	 -43.3280	  172.0673
1.060	 2.27	 1	 -41.9435	  173.9959
1.060	 2.32	 1	 -42.5214	  172.9984
1.061	 2.15	 1	 -41.9526	  173.6278
1.066	 2.94	 1	 -42.6551	  172.7626
1.068	 3.12	 1	 -42.9662	  173.4932
1.068	 2.75	 1	 -41.9797	  173.8253
1.074	 2.03	 1	 -43.2386	  172.9229
1.076	 2.72	 1	 -41.9004	  173.6033
1.077	 3.94	 2	 -41.7771	  174.4861
1.081	 2.16	 1	 -42.2650	  173.5994
1.084	 2.24	 1	 -42.6258	  172.8661
1.089	 2.05	 1	 -42.5492	  173.4188
1.090	 3.12	 1	 -42.8912	  173.4189
1.094	 3.28	 1	 -41.5898	  174.3726
1.098	 2.08	 1	 -42.5647	  173.1656
1.098	 2.57	 1	 -41.7913	  173.9729
1.098	 2.40	 1	 -42.4674	  173.0582
1.099	 2.01	 1	 -42.4287	  173.4879
1.100	 2.70	 1	 -42.4680	  173.7865
1.105	 2.87	 1	 -42.7263	  174.2173
1.107	 2.04	 2	 -42.2934	  173.9787
1.108	 2.59	 1	 -41.7609	  174.1955
1.109	 2.50	 1	 -42.6871	  173.0614
1.110	 2.22	 1	 -42.3052	  173.6410
1.111	 2.03	 1	 -41.1867	  171.6393
1.112	 2.22	 1	 -42.2407	  173.6615
1.113	 2.43	 1	 -42.3650	  173.7435
1.114	 2.48	 1	 -42.4178	  173.3121
1.114	 2.82	 1	 -42.1485	  173.1925
1.115	 4.05	 1	 -41.6409	  174.3682
1.115	 2.07	 1	 -41.8659	  174.4135
1.115	 2.58	 1	 -42.3969	  173.0143
1.116	 3.90	 1	 -42.8897	  172.9002
1.121	 2.40	 1	 -42.4260	  173.0501
1.121	 2.67	 1	 -41.9776	  173.6590
1.121	 2.45	 1	 -42.4471	  173.6830
1.122	 2.51	 1	 -42.6403	  171.4513
1.125	 2.15	 1	 -41.8990	  173.4042
1.125	 2.17	 1	 -42.6948	  173.2294
1.130	 2.29	 1	 -42.1576	  173.8379
1.132	 2.19	 1	 -42.6394	  171.6515
1.132	 2.68	 1	 -42.0428	  173.7131
1.137	 2.49	 1	 -44.4504	  169.5049
1.137	 2.10	 1	 -41.8920	  173.5928
1.141	 2.31	 1	 -42.2025	  173.7324
1.142	 2.17	 1	 -42.2282	  173.7496
1.144	 2.91	 1	 -42.8384	  172.9671
1.145	 2.16	 1	 -42.2370	  173.6976
1.151	 2.06	 1	 -41.1743	  172.9673
1.151	 2.42	 1	 -42.2556	  173.5099
1.152	 2.04	 1	 -41.7782	  174.3267
1.153	 2.02	 1	 -43.0644	  173.1845
1.155	 2.16	 1	 -41.9645	  173.6554
1.156	 2.41	 1	 -42.0962	  166.9584
1.156	 2.47	 1	 -42.5212	  172.9020
1.160	 2.21	 1	 -42.3559	  173.9462
1.167	 2.80	 1	 -42.4596	  173.4492
1.171	 2.79	 1	 -41.7653	  174.2244
1.176	 2.45	 1	 -42.5896	  172.7478
1.183	 2.09	 2	 -41.8731	  173.9557
1.184	 2.22	 1	 -41.7271	  174.2577
1.185	 2.05	 1	 -42.8509	  172.8609
1.188	 2.38	 1	 -42.1369	  173.6527
1.190	 2.19	 1	 -42.9022	  173.2860
1.192	 2.00	 1	 -42.0238	  173.7868
1.194	 2.84	 1	 -41.8643	  174.1879
1.201	 2.55	 1	 -41.8666	  173.5948
1.204	 2.02	 1	 -42.3422	  173.1955
1.205	 2.52	 1	 -41.6619	  174.1993
1.206	 2.09	 1	 -42.8052	  172.2204
1.209	 2.61	 1	 -41.9431	  173.9259
1.216	 2.65	 1	 -42.4503	  173.5133
1.217	 2.48	 1	 -42.4442	  173.2471
1.219	 2.95	 1	 -41.8907	  174.0105
1.222	 2.19	 1	 -42.1619	  173.7288
1.223	 2.08	 1	 -42.6234	  173.1278
1.223	 2.68	 1	 -42.2588	  173.6881
1.227	 2.05	 1	 -41.8208	  174.4499
1.233	 2.05	 1	 -41.6105	  174.3460
1.234	 2.51	 1	 -41.7457	  174.2691
1.235	 2.35	 1	 -42.0163	  173.7150
1.246	 2.06	 1	 -42.2130	  174.4563
1.248	 2.47	 1	 -42.6151	  172.9613
1.251	 3.04	 1	 -42.8438	  173.4100
1.251	 2.14	 1	 -42.4001	  173.7563
1.254	 2.37	 1	 -42.0228	  173.8435
1.255	 2.24	 1	 -42.6856	  172.9429
1.259	 2.10	 1	 -42.2241	  173.6831
1.260	 2.22	 1	 -38.5659	  175.4523
1.264	 2.03	 1	 -41.5486	  174.2775
1.265	 2.04	 1	 -42.4570	  173.6058
1.266	 2.46	 2	 -41.5741	  174.2553
1.268	 2.55	 1	 -42.1773	  173.4695
1.268	 2.30	 1	 -41.6671	  174.2939
1.273	 2.22	 1	 -42.7556	  173.1911
1.274	 2.04	 1	 -42.1759	  173.9062
1.275	 3.22	 1	 -41.7070	  174.2943
1.285	 2.67	 1	 -43.0149	  173.5246
1.288	 2.53	 1	 -42.6228	  173.1073
1.292	 2.47	 1	 -42.4885	  173.1636
1.293	 2.13	 1	 -43.8024	  174.0737
1.295	 2.43	 1	 -41.8829	  174.2005
1.301	 2.15	 1	 -41.9381	  173.3508
1.302	 2.05	 1	 -42.1293	  173.4015
1.304	 2.02	 1	 -41.7889	  174.2687
1.305	 2.06	 1	 -42.2801	  173.6806
1.305	 2.41	 1	 -42.5182	  173.1995
1.306	 2.73	 2	 -41.8890	  173.6927
1.307	 2.07	 1	 -43.0474	  173.0111
1.308	 2.30	 1	 -44.9392	  174.1663
1.309	 3.19	 1	 -42.3759	  172.7253
1.313	 2.25	 1	 -41.9578	  173.9984
1.319	 2.06	 1	 -42.6913	  173.1521
1.324	 2.33	 1	 -42.6138	  172.7629
1.327	 2.20	 1	 -42.6774	  172.9762
1.331	 2.10	 1	 -42.1695	  173.4951
1.334	 2.46	 1	 -42.1237	  173.7118
1.334	 2.63	 1	 -44.6567	  178.5255
1.335	 3.64	 1	 -42.1418	  173.8078
1.336	 2.06	 1	 -42.4827	  173.3039
1.336	 2.19	 1	 -42.1276	  173.6496
1.337	 2.12	 1	 -41.9632	  174.0792
1.341	 2.53	 1	 -42.3738	  173.8650
1.342	 2.06	 1	 -42.1719	  173.7007
1.347	 2.80	 1	 -42.1719	  173.6011
1.348	 2.59	 1	 -42.6362	  173.2363
1.348	 2.50	 1	 -42.7411	  173.4417
1.349	 2.92	 1	 -42.2985	  173.9706
1.350	 2.07	 1	 -42.0180	  173.5658
1.360	 2.40	 1	 -42.2131	  173.6227
1.361	 2.15	 2	 -42.1640	  173.7184
1.366	 2.83	 1	 -42.6588	  172.8349
1.369	 2.17	 1	 -42.4991	  173.6482
1.370	 2.28	 1	 -41.8992	  174.2711
1.370	 2.22	 1	 -42.2260	  173.6891
1.373	 2.13	 1	 -41.9247	  173.6026
1.373	 2.67	 1	 -42.3694	  173.7399
1.382	 2.56	 1	 -42.0893	  173.6413
1.385	 2.75	 1	 -42.6978	  173.2877
1.386	 2.30	 1	 -42.8971	  172.7226
1.389	 2.31	 2	 -41.7366	  174.1505
1.390	 2.05	 1	 -43.3844	  175.7953
1.390	 2.23	 1	 -43.2284	  173.3482
1.393	 2.77	 1	 -42.7662	  173.3403
1.396	 2.05	 1	 -42.1880	  173.5648
1.400	 2.25	 1	 -42.5728	  173.5084
1.402	 2.32	 1	 -43.1700	  169.3405
1.405	 2.61	 1	 -43.1573	  172.7158
1.407	 3.41	 1	 -42.5054	  173.5983
1.408	 2.02	 1	 -42.5883	  173.8083
1.412	 2.47	 1	 -41.9442	  174.2000
1.415	 2.28	 1	 -42.1231	  173.5520
1.416	 2.50	 1	 -42.2746	  173.7466
1.421	 2.16	 1	 -42.6756	  173.5700
1.425	 2.29	 1	 -42.4895	  173.0800
1.426	 3.01	 1	 -42.1365	  173.1226
1.427	 2.52	 1	 -40.1949	  176.9647
1.428	 2.30	 1	 -42.2471	  173.5287
1.431	 2.26	 1	 -41.9593	  173.7764
1.436	 3.13	 1	 -42.8064	  173.0129
1.439	 2.60	 1	 -42.6109	  173.0200
1.439	 2.03	 1	 -41.6939	  174.3463
1.439	 2.36	 1	 -41.9069	  173.8026
1.440	 2.12	 1	 -41.9885	  173.9650
1.440	 2.07	 2	 -41.4837	  174.0043
1.441	 2.74	 1	 -42.0119	  173.7909
1.443	 3.50	 1	 -42.2412	  173.6806
1.443	 2.78	 1	 -42.3275	  173.4357
1.447	 2.36	 1	 -43.3418	  172.0681
1.447	 3.19	 1	 -42.2701	  174.0007
1.454	 2.65	 1	 -43.2885	  173.0918
1.458	 2.49	 1	 -42.7807	  173.1290
1.460	 2.62	 1	 -42.2743	  173.5782
1.465	 2.39	 2	 -41.8013	  174.2414
1.468	 2.01	 1	 -42.5511	  173.2760
1.468	 2.15	 1	 -43.4041	  171.8973
1.469	 2.40	 1	 -41.9452	  173.7836
1.482	 2.81	 1	 -45.8999	  170.0715
1.482	 2.99	 1	 -42.2047	  173.6287
1.482	 2.01	 1	 -41.7311	  172.5815
1.482	 3.21	 1	 -42.3624	  173.3209
1.486	 2.13	 1	 -42.5284	  172.7599
1.491	 2.14	 1	 -42.2079	  173.6311
1.494	 3.48	 1	 -41.7249	  174.1538
1.498	 2.91	 1	 -42.2653	  173.6611
1.519	 2.02	 1	 -41.8197	  174.2591
1.524	 2.29	 1	 -42.0680	  173.8666
1.525	 2.47	 2	 -42.2815	  173.4876
1.527	 2.95	 1	 -41.7440	  174.1991
1.534	 3.08	 1	 -42.2783	  173.8040
1.535	 2.45	 1	 -42.1988	  175.7364
1.537	 2.16	 2	 -42.2846	  173.5595
1.551	 2.36	 1	 -43.1621	  173.3324
1.558	 2.15	 1	 -46.6246	  170.0542
1.560	 2.35	 1	 -41.8092	  174.2157
1.564	 2.22	 1	 -42.5468	  173.1752
1.565	 2.02	 1	 -42.2469	  173.6555
1.566	 2.19	 1	 -41.8784	  173.9859
1.568	 2.08	 1	 -42.9584	  173.3078
1.569	 2.25	 1	 -41.7992	  174.4511
1.569	 2.39	 1	 -43.7779	  172.6629
1.578	 2.45	 1	 -42.3949	  173.8179
1.580	 2.68	 1	 -42.5042	  173.9229
1.582	 2.26	 1	 -41.7681	  174.3409
1.586	 3.15	 1	 -42.4654	  172.7549
1.588	 2.66	 1	 -41.7796	  174.2100
1.588	 3.46	 1	 -41.8063	  169.2372
1.588	 2.19	 1	 -42.5176	  173.1139
1.590	 2.34	 1	 -41.8594	  173.9376
1.590	 2.13	 1	 -42.3109	  173.7307
1.593	 2.27	 1	 -42.8319	  173.0727
1.599	 2.13	 1	 -40.2978	  175.0072
1.600	 2.29	 2	 -41.9200	  173.7530
1.603	 3.15	 2	 -42.7628	  173.3436
1.605	 2.26	 1	 -42.2674	  172.6963
1.609	 2.50	 1	 -42.3651	  173.9861
1.610	 2.05	 1	 -41.6113	  174.3395
1.618	 2.20	 1	 -42.7968	  172.8770
1.619	 2.28	 1	 -41.4211	  173.2472
1.621	 2.02	 1	 -42.2948	  173.6757
1.621	 2.41	 1	 -41.6961	  173.2573
1.623	 2.02	 1	 -42.6368	  172.3998
1.625	 2.67	 1	 -42.2365	  173.5788
1.629	 2.15	 1	 -42.2581	  172.9607
1.630	 2.50	 1	 -42.0683	  173.5550
1.638	 3.41	 1	 -41.1824	  173.9235
1.640	 2.39	 1	 -43.6421	  176.0275
1.641	 2.07	 1	 -42.7462	  172.8535
1.642	 2.55	 1	 -42.2154	  173.1896
1.643	 3.35	 2	 -41.7269	  174.0916
1.645	 2.80	 1	 -42.0053	  173.6542
1.649	 2.59	 1	 -42.7414	  173.7973
1.652	 2.06	 1	 -42.6416	  173.0799
1.658	 3.39	 1	 -42.1510	  173.5482
1.658	 2.45	 1	 -42.2310	  173.6942
1.659	 2.54	 1	 -41.9212	  174.0577
1.659	 2.23	 1	 -42.9841	  172.4835
1.661	 2.42	 1	 -41.9324	  173.6118
1.669	 2.46	 1	 -41.7286	  174.2764
1.672	 3.37	 1	 -42.5670	  173.1674
1.674	 2.85	 1	 -37.4760	  173.9524
1.677	 2.12	 1	 -42.2721	  173.7247
1.683	 2.23	 1	 -42.8432	  172.9028
1.685	 2.29	 1	 -41.2137	  172.7835
1.693	 2.65	 1	 -42.7569	  172.9823
1.693	 2.61	 1	 -41.8361	  174.5446
1.698	 2.64	 1	 -42.8064	  172.6192
1.703	 3.38	 1	 -42.6426	  173.0802
1.704	 2.28	 1	 -42.2178	  173.5638
1.708	 2.16	 1	 -42.0068	  173.7725
1.708	 2.25	 1	 -42.0294	  173.8043
1.708	 2.08	 2	 -42.2247	  173.6642
1.718	 2.21	 1	 -42.1017	  173.9323
1.721	 2.11	 2	 -42.4514	  172.4569
1.728	 2.05	 1	 -41.4400	  174.0414
1.735	 2.41	 1	 -41.9903	  173.7859
1.738	 2.39	 1	 -42.2869	  173.6913
1.738	 2.79	 1	 -42.7979	  173.5362
1.741	 3.07	 1	 -42.1815	  173.6277
1.744	 2.72	 1	 -42.9840	  173.0855
1.748	 3.51	 1	 -42.1479	  173.5313
1.753	 3.14	 1	 -42.3884	  173.9550
1.759	 2.97	 1	 -42.1373	  173.5566
1.761	 2.59	 1	 -42.5458	  173.0437
1.765	 2.13	 1	 -42.1158	  173.5391
1.770	 2.23	 1	 -42.3208	  173.7690
1.775	 2.10	 1	 -41.9453	  173.9224
1.776	 2.17	 1	 -42.1253	  173.6831
1.778	 2.56	 1	 -42.1384	  173.5884
1.781	 2.12	 1	 -41.0619	  178.6120
1.786	 2.34	 1	 -42.5038	  174.0350
1.800	 3.36	 1	 -42.8526	  172.9897
1.800	 2.54	 1	 -42.5771	  173.1692
1.807	 2.50	 1	 -42.3896	  173.2279
1.809	 2.49	 1	 -43.2271	  172.9121
1.812	 2.40	 1	 -42.3230	  173.9499
1.815	 2.06	 1	 -42.7045	  173.2014
1.817	 2.20	 1	 -44.0407	  179.1414
1.817	 2.49	 2	 -42.2828	  173.8098
1.817	 2.01	 1	 -42.2032	  173.9220
1.820	 2.19	 1	 -42.4625	  172.9018
1.825	 2.00	 1	 -42.9209	  172.1716
1.826	 3.20	 1	 -42.1727	  174.4158
1.827	 3.32	 1	 -42.7572	  173.2975
1.829	 2.06	 1	 -42.1709	  173.7368
1.830	 3.46	 1	 -42.2784	  172.7324
1.834	 2.31	 2	 -42.2457	  173.6762
1.837	 2.81	 1	 -42.7681	  173.1057
1.841	 2.00	 1	 -42.3812	  172.8867
1.844	 2.41	 1	 -42.5016	  174.0372
1.845	 2.39	 1	 -42.2829	  173.7179
1.845	 2.46	 1	 -41.8144	  174.2570
1.846	 2.17	 2	 -42.2651	  173.5387
1.849	 2.65	 1	 -42.1850	  173.8931
1.851	 2.02	 1	 -42.7475	  172.5782
1.859	 2.23	 1	 -42.3009	  173.6401
1.862	 2.01	 1	 -41.6118	  174.1843
1.874	 2.25	 1	 -42.1917	  173.5159
1.882	 2.55	 1	 -42.5601	  173.1540
1.885	 2.04	 1	 -41.8351	  174.0197
1.885	 2.10	 1	 -42.7524	  172.3357
1.892	 2.09	 1	 -42.1163	  173.6162
1.898	 2.21	 1	 -42.6376	  172.8636
1.899	 2.71	 1	 -42.0500	  173.1691
1.903	 2.44	 1	 -42.3183	  172.5157
1.904	 2.15	 1	 -42.2739	  173.6922
1.904	 2.13	 1	 -42.2066	  173.5730
1.904	 2.40	 1	 -41.9452	  174.7224
1.909	 2.81	 1	 -41.9085	  173.4426
1.911	 2.53	 1	 -42.1877	  173.5344
1.912	 2.44	 1	 -41.6926	  174.2987
1.913	 2.41	 1	 -42.3793	  173.7232
1.913	 3.40	 1	 -42.1534	  173.5897
1.915	 3.58	 1	 -41.8305	  174.2979
1.917	 3.82	 1	 -41.6520	  174.3170
1.917	 2.16	 1	 -43.1227	  172.9876
1.920	 2.13	 1	 -41.7888	  174.2835
1.924	 2.39	 2	 -42.1432	  173.8103
1.927	 2.16	 1	 -42.4747	  172.8291
1.931	 2.21	 1	 -41.9479	  173.8336
1.933	 2.65	 1	 -42.2386	  173.7185
1.939	 2.23	 1	 -42.2888	  172.6935
1.947	 2.02	 1	 -42.9208	  173.0505
1.948	 2.23	 1	 -42.2580	  173.5738
1.951	 2.17	 1	 -41.5320	  169.6647
1.953	 2.36	 1	 -42.4591	  173.4146
1.956	 2.39	 1	 -42.2211	  173.4575
1.957	 2.82	 1	 -42.7048	  172.7195
1.960	 2.42	 1	 -41.6855	  174.3032
1.964	 2.30	 1	 -42.8869	  172.5385
1.964	 2.22	 1	 -42.2080	  173.6343
1.965	 3.07	 2	 -42.2962	  172.8047
1.965	 3.02	 1	 -41.7806	  174.1173
1.968	 2.81	 1	 -42.5904	  174.0188
1.970	 2.41	 1	 -42.0774	  172.5406
1.975	 2.62	 1	 -42.0545	  173.8181
1.982	 2.78	 1	 -42.3463	  173.7068
1.984	 2.72	 1	 -42.0073	  173.7480
1.986	 2.01	 2	 -42.4774	  172.8297
1.988	 2.54	 1	 -42.2575	  173.9348
1.990	 2.00	 1	 -42.1120	  173.3690
1.990	 2.28	 1	 -43.1247	  172.1477
1.994	 2.03	 1	 -41.6307	  173.8849
2.012	 2.85	 1	 -41.9757	  173.4208
2.019	 2.05	 1	 -42.0280	  173.6226
2.021	 2.30	 1	 -42.6495	  172.9994
2.023	 2.49	 1	 -42.2988	  173.3599
2.023	 2.19	 2	 -42.4019	  173.7991
2.026	 2.28	 1	 -42.6530	  173.0042
2.027	 2.07	 1	 -42.1024	  173.5017
2.034	 2.29	 1	 -41.7497	  174.2609
2.036	 2.10	 1	 -42.5815	  172.8555
2.036	 2.39	 1	 -42.1683	  173.5604
2.037	 2.37	 1	 -42.2005	  173.2337
2.038	 3.06	 1	 -42.7804	  172.1136
2.041	 3.12	 1	 -42.4131	  172.7977
2.044	 2.46	 1	 -42.4952	  173.2861
2.053	 2.01	 1	 -42.3785	  173.7242
2.061	 2.21	 1	 -42.7336	  172.8605
2.061	 2.26	 1	 -42.2215	  173.6695
2.064	 2.45	 1	 -42.2139	  173.7213
2.071	 2.46	 1	 -42.5563	  173.0682
2.073	 3.35	 1	 -41.8260	  174.1349
2.075	 2.10	 1	 -42.8743	  172.4754
2.086	 2.12	 1	 -41.8380	  174.2663
2.094	 2.21	 1	 -41.8026	  174.0123
2.095	 2.52	 1	 -42.0090	  173.7019
2.096	 2.07	 1	 -41.6931	  174.2708
2.098	 2.91	 1	 -42.1872	  173.7461
2.098	 3.16	 1	 -42.9712	  175.3511
2.099	 2.08	 1	 -39.9306	  177.8499
2.104	 2.15	 1	 -42.6127	  172.8148
2.127	 2.30	 1	 -43.3454	  172.4232
2.127	 2.27	 1	 -42.9162	  173.2209
2.130	 2.07	 1	 -41.6817	  174.2750
2.134	 2.94	 1	 -42.2063	  172.2955
2.143	 3.74	 1	 -42.7470	  172.9642
2.152	 2.78	 1	 -42.7011	  172.6802
2.159	 2.03	 1	 -42.2703	  171.3537
2.165	 2.27	 1	 -42.3567	  173.1814
2.191	 2.33	 1	 -42.3150	  173.7573
2.192	 2.08	 1	 -41.8072	  174.1995
2.195	 2.07	 1	 -42.5820	  172.7552
2.197	 2.17	 1	 -42.4707	  173.7311
2.197	 2.08	 2	 -42.8114	  172.9483
2.204	 2.08	 1	 -41.9573	  173.6191
2.210	 2.26	 1	 -42.4560	  173.8140
2.215	 2.66	 1	 -42.6347	  172.9487
2.229	 2.51	 1	 -42.4509	  173.7758
2.235	 2.55	 1	 -42.6978	  172.5807
2.239	 2.34	 1	 -42.2879	  173.9589
2.241	 2.35	 1	 -42.0726	  173.1030
2.242	 2.53	 1	 -41.9481	  173.7436
2.249	 2.78	 1	 -41.7101	  174.2234
2.251	 2.36	 1	 -41.9580	  173.4487
2.261	 2.51	 1	 -41.9779	  173.7947
2.262	 2.35	 1	 -42.3176	  173.3693
2.262	 2.33	 1	 -41.7017	  174.2556
2.272	 2.05	 1	 -42.0255	  173.7149
2.273	 2.16	 2	 -42.3217	  173.1293
2.285	 2.38	 1	 -42.2143	  173.6395
2.286	 2.01	 1	 -41.9727	  173.7119
2.288	 2.94	 1	 -42.2548	  173.7615
2.292	 2.64	 1	 -43.2464	  172.2347
2.295	 2.44	 1	 -42.8955	  172.8176
2.295	 2.87	 1	 -43.0207	  173.9702
2.296	 2.37	 1	 -42.2717	  173.6112
2.307	 2.03	 1	 -41.8021	  174.3152
2.309	 2.51	 1	 -42.2954	  173.7517
2.327	 2.16	 1	 -42.7165	  172.6130
2.331	 3.19	 1	 -42.0435	  173.3794
2.348	 2.79	 1	 -41.9915	  173.5837
2.352	 2.44	 1	 -42.2270	  173.6929
2.355	 2.23	 1	 -41.8654	  174.1012
2.360	 2.54	 1	 -41.9255	  173.4501
2.362	 2.21	 1	 -43.1660	  175.3201
2.366	 2.34	 2	 -42.2863	  172.7498
2.366	 2.53	 2	 -41.8423	  174.1855
2.367	 3.17	 1	 -42.9290	  173.1389
2.390	 3.79	 1	 -41.8324	  174.1999
2.390	 2.01	 1	 -42.2237	  173.6975
2.393	 2.81	 1	 -42.2314	  173.5884
2.397	 2.42	 1	 -42.6518	  172.7695
2.400	 2.84	 1	 -42.7913	  173.2117
2.400	 2.14	 1	 -42.4989	  174.3074
2.401	 2.32	 1	 -42.1402	  173.5537
2.402	 2.21	 1	 -41.8119	  173.9779
2.405	 2.55	 1	 -42.1951	  173.6001
2.406	 2.16	 1	 -43.0287	  173.7992
2.416	 2.51	 1	 -42.5367	  173.1064
2.421	 2.08	 1	 -41.9689	  173.7406
2.421	 2.05	 1	 -42.0018	  173.7206
2.424	 2.21	 1	 -41.8015	  174.4258
2.424	 2.19	 1	 -41.7730	  174.0278
2.426	 2.12	 1	 -42.1194	  173.9154
2.431	 2.01	 1	 -42.1916	  174.0095
2.431	 2.80	 1	 -42.6925	  173.5887
2.432	 2.02	 1	 -42.4084	  173.5408
2.439	 2.13	 1	 -42.6014	  173.1962
2.439	 2.13	 1	 -41.7191	  174.3207
2.442	 3.59	 1	 -41.9346	  173.6658
2.442	 2.42	 1	 -43.0635	  174.9017
2.445	 2.18	 1	 -42.1632	  173.8022
2.445	 3.67	 1	 -42.5313	  173.6545
2.450	 2.22	 1	 -42.1955	  173.5738
2.453	 2.39	 1	 -42.4238	  173.1302
2.456	 2.17	 1	 -43.2859	  173.2277
2.459	 2.03	 1	 -42.6134	  172.9645
2.467	 2.20	 2	 -41.8405	  174.1893
2.468	 2.50	 1	 -41.7828	  174.0413
2.468	 2.54	 1	 -43.0012	  172.8386
2.469	 2.12	 1	 -42.3701	  173.6054
2.473	 2.87	 1	 -40.5930	  174.6588
2.482	 2.77	 1	 -41.6976	  174.2302
2.485	 2.21	 1	 -42.7182	  172.7059
2.487	 2.13	 1	 -41.5717	  174.0663
2.489	 2.01	 1	 -42.2248	  173.6864
2.493	 2.30	 1	 -42.3389	  172.6840
2.505	 2.27	 1	 -42.1840	  173.6519
2.505	 2.25	 1	 -43.1826	  172.7870
2.520	 2.59	 1	 -42.1432	  173.6187
2.527	 2.06	 1	 -42.1318	  173.6195
2.530	 2.21	 1	 -42.0595	  173.6937
2.546	 2.12	 1	 -42.3033	  173.7084
2.551	 2.67	 1	 -42.5898	  173.2083
2.553	 3.12	 1	 -41.7200	  174.2193
2.565	 2.46	 1	 -42.5366	  173.9381
2.571	 2.02	 1	 -42.1545	  173.4124
2.572	 4.04	 1	 -42.1827	  173.3124
2.575	 2.15	 1	 -42.5151	  173.1147
2.576	 2.57	 1	 -41.6973	  174.3336
2.579	 2.70	 1	 -42.1877	  174.5496
2.582	 2.08	 1	 -42.7581	  173.0169
2.584	 2.06	 1	 -41.7856	  174.2418
2.588	 2.66	 1	 -42.7692	  172.1349
2.595	 2.83	 2	 -41.7664	  174.2216
2.608	 4.51	 2	 -42.2792	  173.6980
2.613	 3.80	 1	 -41.8542	  173.9414
2.613	 2.35	 1	 -41.9926	  173.6982
2.614	 2.78	 1	 -42.4888	  172.5355
2.618	 2.22	 2	 -42.2061	  173.7553
2.625	 2.50	 1	 -42.5640	  173.0303
2.631	 2.99	 1	 -41.9988	  174.1181
2.642	 2.26	 1	 -41.6392	  174.3172
2.655	 2.83	 1	 -42.2677	  173.5682
2.660	 2.01	 1	 -42.5050	  173.9069
2.667	 2.01	 1	 -42.2909	  173.5350
2.669	 2.34	 1	 -41.6776	  174.4119
2.677	 2.57	 1	 -41.8005	  174.4938
2.679	 2.63	 1	 -42.6631	  173.1407
2.682	 2.62	 1	 -42.5859	  173.4865
2.688	 2.88	 1	 -41.5309	  174.4642
2.704	 2.25	 1	 -41.4695	  174.4817
2.704	 2.63	 1	 -42.2295	  173.5188
2.705	 2.42	 1	 -41.9919	  173.6303
2.709	 2.17	 1	 -42.9086	  171.0783
2.712	 2.26	 1	 -42.0641	  173.5485
2.715	 2.25	 1	 -42.4173	  173.1734
2.723	 2.31	 1	 -41.9569	  173.2032
2.724	 2.25	 1	 -42.3749	  173.7713
2.726	 2.29	 2	 -42.1859	  173.1109
2.733	 3.13	 1	 -43.1717	  172.9639
2.737	 2.38	 1	 -42.3951	  173.0826
2.738	 2.40	 1	 -42.4269	  173.9049
2.741	 2.40	 1	 -41.9728	  173.2464
2.742	 2.22	 1	 -42.1794	  173.9554
2.745	 2.01	 1	 -42.2896	  173.3242
2.746	 2.54	 1	 -42.3924	  174.2813
2.747	 2.04	 1	 -42.2016	  173.3714
2.752	 2.54	 1	 -42.7043	  173.4440
2.753	 2.49	 1	 -42.9955	  173.0239
2.753	 2.25	 1	 -41.7434	  174.2822
2.753	 2.13	 1	 -42.1524	  173.5826
2.759	 2.25	 1	 -41.6881	  174.2789
2.764	 2.06	 1	 -42.2635	  173.9262
2.768	 2.39	 2	 -42.8714	  173.3891
2.770	 2.46	 1	 -42.0936	  174.4218
2.771	 2.11	 1	 -42.3200	  173.9725
2.775	 2.38	 1	 -46.5403	  169.8565
2.777	 2.60	 1	 -41.9432	  173.6924
2.779	 2.17	 1	 -43.2711	  172.9337
2.780	 2.01	 1	 -41.9307	  173.6414
2.790	 2.15	 1	 -41.8499	  174.1953
2.793	 2.04	 1	 -42.1533	  173.6257
2.797	 2.32	 1	 -42.6174	  172.9288
2.799	 2.07	 1	 -41.7154	  174.1954
2.801	 2.61	 1	 -42.4671	  173.8548
2.809	 2.65	 2	 -42.1574	  173.7754
2.811	 2.22	 1	 -42.6181	  172.7044
2.815	 2.15	 1	 -41.9624	  173.6204
2.821	 2.25	 1	 -42.3529	  172.2657
2.821	 2.37	 1	 -42.4255	  173.8771
2.825	 2.12	 1	 -42.1305	  173.0814
2.827	 2.07	 2	 -42.1353	  173.9166
2.844	 2.04	 1	 -42.3518	  173.9010
2.850	 2.98	 1	 -43.0323	  171.4091
2.862	 2.14	 1	 -42.0181	  173.7614
2.863	 2.23	 1	 -42.3174	  173.8132
2.864	 2.10	 1	 -42.5688	  173.2192
2.871	 2.19	 1	 -42.6626	  172.8215
2.879	 2.04	 1	 -42.4184	  173.8103
2.883	 2.98	 1	 -42.6624	  172.7990
2.884	 2.01	 1	 -42.1987	  173.6389
2.885	 2.21	 1	 -42.1489	  173.5968
2.889	 2.41	 1	 -40.2412	  174.6610
2.893	 2.20	 1	 -42.8148	  172.7876
2.899	 2.11	 1	 -41.9902	  173.7156
2.905	 2.35	 1	 -43.3616	  171.2575
2.906	 2.05	 1	 -42.1576	  173.5987
2.907	 2.33	 1	 -40.7220	  176.5772
2.908	 2.39	 1	 -42.2069	  173.6655
2.911	 2.11	 1	 -42.2631	  173.8237
2.924	 2.58	 1	 -42.3714	  173.7067
2.930	 2.41	 1	 -42.3825	  173.8033
2.948	 2.27	 2	 -41.7449	  174.2429
2.954	 2.31	 2	 -41.8981	  173.7109
2.973	 3.09	 1	 -42.6616	  172.8435
2.973	 2.43	 1	 -42.4528	  173.0751
2.975	 3.20	 1	 -41.6778	  169.8985
2.978	 2.41	 1	 -41.6307	  173.2410
2.984	 2.20	 1	 -42.2494	  173.5774
2.986	 2.38	 1	 -41.0883	  171.4237
2.990	 2.24	 1	 -42.1783	  173.8110
2.991	 2.00	 1	 -42.2193	  173.7904
2.994	 2.01	 1	 -42.1074	  173.6119
3.004	 2.69	 1	 -42.0311	  173.7586
3.012	 2.80	 1	 -42.4390	  172.8595
3.017	 2.28	 1	 -42.1547	  173.7599
3.023	 2.47	 1	 -41.1682	  175.2901
3.027	 2.05	 1	 -42.5658	  173.4644
3.034	 2.48	 1	 -42.3588	  173.6707
3.045	 2.24	 1	 -42.2593	  173.6664
3.049	 2.71	 1	 -42.3931	  173.8580
3.053	 2.43	 1	 -41.9951	  173.9426
3.057	 2.33	 1	 -42.2073	  172.9847
3.059	 2.09	 1	 -42.2817	  173.4054
3.059	 2.77	 1	 -42.7029	  172.7645
3.062	 2.17	 1	 -42.0286	  173.8893
3.064	 2.13	 1	 -42.6151	  172.8350
3.072	 2.11	 1	 -42.3243	  173.4877
3.073	 2.17	 1	 -40.7155	  173.2402
3.078	 2.78	 1	 -42.2055	  173.5787
3.082	 2.16	 1	 -41.7087	  174.2228
3.084	 2.36	 1	 -37.7787	  171.9731
3.091	 2.16	 1	 -42.6075	  173.1900
3.094	 2.40	 1	 -42.1642	  174.0288
3.096	 2.68	 1	 -42.0226	  173.6907
3.114	 2.69	 1	 -42.7358	  173.0671
3.117	 2.28	 1	 -43.0294	  174.1540
3.121	 2.18	 1	 -42.0552	  173.6981
3.124	 2.27	 1	 -42.4241	  173.3520
3.130	 2.16	 1	 -41.8277	  174.3679
3.134	 2.43	 1	 -42.6693	  172.7595
3.145	 2.18	 1	 -42.7720	  173.5663
3.152	 2.20	 1	 -42.2781	  173.7555
3.157	 2.06	 1	 -43.8624	  173.1268
3.158	 2.50	 1	 -42.5103	  172.6974
3.158	 3.01	 1	 -42.5110	  173.7009
3.158	 2.06	 1	 -43.0884	  173.3051
3.173	 2.03	 1	 -42.1681	  173.6933
3.182	 2.24	 1	 -42.7960	  172.9904
3.184	 2.23	 1	 -42.0344	  173.1106
3.185	 2.02	 1	 -41.0473	  174.2251
3.189	 2.20	 1	 -42.9250	  173.2720
3.194	 2.07	 1	 -42.3899	  173.9788
3.194	 2.07	 1	 -41.9900	  173.7190
3.200	 2.89	 1	 -42.5465	  173.0365
3.201	 2.02	 1	 -42.6504	  172.9413
3.202	 2.37	 1	 -43.4353	  172.0606
3.204	 2.16	 1	 -41.6878	  174.1745
3.206	 2.85	 1	 -41.9684	  173.7274
3.207	 2.69	 1	 -41.9888	  173.7654
3.212	 3.07	 1	 -42.5518	  173.0988
3.247	 2.01	 1	 -41.9665	  173.5323
3.252	 2.75	 1	 -42.5753	  173.1164
3.253	 2.31	 1	 -41.9737	  173.8036
3.260	 2.08	 1	 -42.4706	  173.6225
3.266	 2.82	 1	 -45.2692	  168.0084
3.282	 2.41	 1	 -46.0732	  168.9883
3.297	 2.14	 1	 -38.9033	  176.3160
3.299	 2.86	 1	 -42.4192	  173.2693
3.303	 3.52	 1	 -42.9186	  173.3001
3.307	 2.35	 1	 -42.3292	  173.7332
3.307	 2.70	 1	 -41.7458	  173.7483
3.311	 2.36	 1	 -42.2031	  173.5697
3.311	 2.05	 1	 -43.0572	  173.7939
3.316	 2.02	 2	 -42.3059	  173.7682
3.324	 2.10	 1	 -43.0707	  172.6742
3.325	 2.05	 2	 -42.1297	  173.8233
3.328	 2.37	 1	 -43.0280	  173.0605
3.332	 2.20	 1	 -42.4176	  173.6651
3.340	 2.17	 1	 -42.5222	  173.1818
3.340	 2.53	 2	 -42.7448	  172.9647
3.346	 2.22	 1	 -42.4124	  173.3509
3.378	 2.25	 1	 -41.9288	  174.2410
3.392	 2.33	 1	 -42.3746	  173.8220
3.405	 2.63	 2	 -42.7881	  173.1216
3.412	 2.62	 1	 -41.6321	  174.3059
3.413	 2.15	 1	 -41.9501	  173.9815
3.426	 2.39	 1	 -41.6980	  174.2528
3.431	 2.00	 1	 -42.4517	  173.1479
3.433	 3.16	 1	 -42.3252	  173.6952
3.444	 2.13	 1	 -41.8763	  173.7457
3.455	 2.04	 1	 -41.9627	  173.7306
3.456	 2.16	 2	 -42.2479	  173.0359
3.457	 2.37	 1	 -41.8095	  174.2292
3.462	 2.66	 1	 -41.9873	  173.7051
3.468	 2.08	 1	 -42.4184	  173.3423
3.474	 2.40	 1	 -42.1857	  173.7008
3.476	 2.42	 1	 -41.8758	  174.0224
3.487	 2.08	 1	 -42.2999	  173.1236
3.493	 2.03	 1	 -41.7447	  174.1986
3.497	 2.41	 1	 -42.8407	  169.8403
3.502	 2.12	 1	 -42.6798	  174.0096
3.517	 2.13	 1	 -42.5421	  173.2500
3.519	 2.02	 1	 -41.7114	  174.2480
3.525	 2.28	 1	 -41.5191	  175.0985
3.529	 2.92	 1	 -42.6017	  172.9657
3.546	 2.04	 2	 -42.6879	  173.0582
3.572	 2.01	 1	 -42.2296	  173.5424
3.583	 2.71	 2	 -42.8332	  173.0734
3.586	 2.66	 1	 -42.6877	  173.0819
3.593	 2.29	 1	 -41.9598	  174.1198
3.612	 2.13	 1	 -46.1116	  173.2164
3.614	 2.90	 1	 -42.0236	  173.6673
3.618	 2.50	 1	 -42.9560	  172.6674
3.641	 2.58	 1	 -42.0820	  173.5194
3.649	 2.32	 1	 -42.8603	  174.1006
3.654	 3.14	 1	 -41.8547	  174.1847
3.656	 2.13	 1	 -42.8039	  173.3134
3.657	 2.67	 1	 -42.2970	  173.6779
3.665	 2.06	 1	 -42.9098	  172.6457
3.668	 2.50	 1	 -41.9684	  173.8654
3.679	 3.12	 1	 -42.2826	  173.8141
3.689	 2.01	 1	 -42.7019	  173.4666
3.693	 3.64	 1	 -43.1882	  172.2678
3.703	 3.03	 1	 -42.5584	  173.0341
3.706	 2.11	 1	 -41.2848	  173.6262
3.708	 3.49	 1	 -41.7014	  174.2442
3.718	 2.21	 1	 -42.5851	  172.1432
3.721	 2.41	 1	 -42.5033	  173.9023
3.723	 2.02	 1	 -40.5685	  175.6123
3.726	 2.10	 1	 -41.7240	  167.0479
3.735	 2.38	 1	 -43.1275	  173.0702
3.749	 2.37	 1	 -42.2672	  173.7013
3.765	 2.97	 1	 -42.6884	  172.8739
3.766	 2.25	 1	 -44.0437	  171.5408
3.769	 2.77	 1	 -42.4788	  174.1010
3.770	 2.21	 1	 -41.7620	  173.7244
3.770	 2.61	 1	 -42.3724	  173.2455
3.771	 2.92	 1	 -42.1927	  173.5365
3.771	 2.09	 1	 -42.0057	  173.7231
3.783	 2.02	 1	 -42.2547	  173.6828
3.786	 2.84	 1	 -41.7508	  174.1978
3.786	 2.32	 1	 -42.0448	  174.7435
3.795	 2.11	 2	 -41.6961	  174.2367
3.802	 3.09	 2	 -41.6386	  174.3459
3.802	 2.96	 3	 -41.6352	  174.3471
3.810	 2.45	 1	 -45.6917	  177.5803
3.823	 2.35	 1	 -42.7424	  173.9679
3.860	 2.82	 1	 -42.4352	  173.1396
3.868	 3.00	 1	 -42.8068	  173.1826
3.875	 2.03	 1	 -41.9072	  173.9574
3.878	 2.05	 1	 -43.3636	  173.1247
3.881	 2.51	 1	 -41.8177	  174.0004
3.889	 2.24	 1	 -42.5327	  173.0881
3.891	 2.52	 1	 -41.8486	  174.1759
3.899	 3.30	 1	 -42.6257	  172.8255
3.901	 3.06	 1	 -42.3245	  173.7362
3.905	 4.12	 1	 -42.5363	  173.0634
3.905	 2.55	 1	 -42.3114	  173.7340
3.917	 2.67	 1	 -39.1626	  172.9970
3.927	 2.84	 1	 -41.8861	  173.7756
3.939	 2.53	 1	 -42.5734	  173.1203
3.947	 2.75	 1	 -39.8072	  168.3299
3.948	 2.17	 1	 -42.2651	  173.6714
3.950	 2.85	 1	 -47.0923	  174.2849
3.951	 2.58	 1	 -42.5079	  173.2463
3.952	 2.98	 1	 -42.7852	  172.8377
3.962	 2.34	 1	 -42.1575	  172.9536
3.967	 2.83	 1	 -41.9041	  173.5438
3.971	 2.84	 1	 -42.4138	  172.8965
3.972	 4.85	 1	 -42.6712	  173.5181
3.990	 3.02	 1	 -42.2527	  173.8319
4.004	 2.33	 1	 -42.6053	  173.0455
4.024	 2.13	 1	 -42.9436	  171.9275
4.026	 2.10	 2	 -43.3433	  173.9544
4.042	 2.06	 1	 -42.2359	  173.6474
4.045	 2.14	 1	 -41.7328	  174.2262
4.060	 2.40	 1	 -42.6184	  172.9906
4.065	 2.76	 1	 -42.0628	  173.5174
4.073	 2.06	 1	 -43.3602	  173.4247
4.073	 2.05	 1	 -42.4680	  173.8180
4.101	 2.19	 1	 -41.8303	  174.2726
4.108	 2.63	 1	 -41.6560	  174.0201
4.112	 2.03	 1	 -42.1072	  173.5240
4.112	 2.42	 1	 -42.3688	  172.5717
4.119	 2.94	 1	 -42.2375	  173.5631
4.123	 2.21	 1	 -42.1115	  173.7793
4.129	 2.06	 1	 -42.6763	  172.9319
4.140	 2.67	 1	 -41.8303	  174.2409
4.152	 2.07	 1	 -42.5991	  173.9169
4.155	 2.64	 1	 -42.5915	  172.9469
4.170	 2.12	 1	 -42.0486	  173.9035
4.181	 2.22	 1	 -42.1452	  168.9949
4.182	 2.46	 1	 -43.2101	  173.5298
4.222	 2.23	 1	 -41.7570	  174.2662
4.223	 2.16	 1	 -42.6261	  172.9630
4.224	 2.62	 1	 -42.4878	  173.6406
4.231	 2.10	 1	 -42.6198	  173.0772
4.244	 2.11	 1	 -42.5637	  173.2808
4.250	 2.23	 1	 -43.0717	  173.1479
4.254	 2.09	 1	 -40.7909	  172.6285
4.261	 2.03	 1	 -42.0386	  173.7383
4.263	 2.42	 1	 -42.6210	  172.9634
4.270	 2.32	 1	 -42.7490	  173.2604
4.272	 2.29	 1	 -42.7483	  172.9780
4.282	 2.13	 1	 -42.0191	  173.7659
4.287	 2.17	 2	 -42.4897	  173.5011
4.301	 2.00	 1	 -42.0269	  173.6677
4.324	 2.21	 1	 -42.6626	  173.7065
4.341	 2.65	 1	 -41.6279	  174.2462
4.343	 2.32	 1	 -41.8352	  174.2626
4.350	 2.28	 1	 -42.4569	  173.1634
4.364	 2.89	 1	 -42.9046	  172.6173
4.365	 2.10	 1	 -42.0625	  173.2209
4.378	 2.21	 1	 -41.6844	  174.2419
4.388	 2.28	 1	 -40.5285	  173.1540
4.399	 3.88	 1	 -42.5160	  173.1578
4.401	 3.32	 1	 -42.7991	  174.6935
4.408	 2.05	 1	 -42.6018	  172.9306
4.432	 2.61	 1	 -41.8857	  174.1965
4.456	 2.74	 1	 -42.6118	  172.8076
4.479	 2.51	 1	 -41.7910	  174.3982
4.480	 2.91	 1	 -42.5316	  173.2919
4.494	 2.60	 1	 -42.3177	  173.7249
4.499	 2.55	 2	 -42.5215	  173.1545
4.503	 2.36	 1	 -42.3304	  173.3834
4.505	 3.16	 1	 -42.0787	  173.9635
4.506	 2.70	 1	 -44.3179	  173.0200
4.521	 2.40	 1	 -42.9307	  172.3187
4.534	 2.02	 1	 -42.1773	  173.7884
4.546	 2.40	 1	 -42.5609	  173.0950
4.546	 2.39	 1	 -42.6650	  172.8582
4.549	 4.43	 1	 -43.0032	  173.4102
4.599	 2.31	 1	 -42.2482	  173.6661
4.600	 2.02	 1	 -41.9503	  173.7438
4.606	 2.15	 1	 -42.4477	  173.5308
4.609	 2.90	 1	 -42.2726	  173.3182
4.634	 3.10	 1	 -41.6939	  174.3287
4.669	 2.64	 1	 -42.1267	  173.2061
4.669	 2.15	 1	 -42.3505	  173.3601
4.670	 2.41	 1	 -42.1873	  173.6895
4.678	 2.21	 1	 -43.8973	  174.1056
4.682	 2.60	 1	 -42.4489	  174.2715
4.689	 2.39	 1	 -42.3545	  173.4693
4.693	 3.22	 1	 -44.7045	  172.7292
4.694	 2.16	 1	 -42.2475	  173.7229
4.700	 2.16	 1	 -42.5974	  172.9118
4.713	 2.66	 1	 -42.5597	  173.3265
4.732	 3.15	 1	 -42.0557	  173.1050
4.732	 2.32	 1	 -42.4431	  173.6637
4.734	 3.47	 1	 -42.3512	  173.5769
4.740	 2.05	 1	 -41.5225	  173.9732
4.750	 2.36	 1	 -41.7104	  171.2869
4.751	 2.77	 1	 -42.0413	  173.6804
4.752	 2.17	 1	 -43.0582	  172.0331
4.755	 2.08	 1	 -43.2660	  171.3890
4.761	 2.03	 1	 -41.6215	  174.2876
4.762	 2.03	 1	 -41.9960	  172.3212
4.764	 2.02	 1	 -41.7989	  174.2711
4.768	 2.09	 1	 -42.1846	  173.5287
4.770	 3.08	 1	 -41.9858	  173.4100
4.771	 2.18	 1	 -42.7262	  172.2370
4.811	 2.74	 1	 -41.7592	  172.8132
4.814	 3.79	 1	 -42.1351	  173.6527
4.816	 2.51	 1	 -42.8419	  174.0360
4.817	 2.06	 1	 -42.3602	  172.8712
4.822	 2.17	 1	 -41.9410	  173.5877
4.826	 2.34	 1	 -41.6320	  174.2651
4.826	 2.23	 2	 -41.8097	  174.2811
4.833	 2.16	 1	 -42.1902	  173.5962
4.838	 2.63	 1	 -41.9843	  173.7480
4.839	 3.04	 1	 -42.4515	  173.7413
4.850	 3.02	 1	 -42.4887	  173.4830
4.852	 2.73	 1	 -42.3025	  173.6042
4.884	 2.41	 1	 -42.5777	  172.9933
4.889	 2.53	 1	 -42.1714	  173.5756
4.900	 2.28	 1	 -42.5536	  173.0421
4.909	 2.05	 1	 -42.7177	  173.3091
4.910	 2.28	 1	 -41.6707	  173.8632
4.915	 2.26	 1	 -41.6039	  174.0540
4.928	 2.43	 1	 -42.1316	  173.7025
4.935	 2.64	 1	 -42.2544	  173.6488
4.935	 2.81	 1	 -42.2201	  173.8939
4.943	 2.42	 1	 -42.5575	  172.8161
4.945	 2.81	 1	 -42.1829	  173.6597
4.972	 2.15	 1	 -42.4973	  173.2496
4.973	 3.54	 1	 -42.8535	  173.6162
4.973	 2.59	 1	 -42.6061	  172.8516
4.975	 2.67	 1	 -42.0329	  173.6400
4.983	 2.06	 1	 -42.0151	  173.7425
4.991	 2.06	 1	 -42.5771	  173.4490
4.996	 2.17	 1	 -41.1254	  174.8312
4.999	 2.42	 1	 -41.8940	  173.6685
5.008	 2.10	 1	 -42.6271	  172.8080
5.014	 2.21	 1	 -42.0041	  174.0696
5.019	 2.46	 1	 -42.3159	  173.7546
5.028	 2.18	 1	 -42.1391	  173.8339
5.052	 2.78	 1	 -43.7738	  174.8313
5.069	 2.07	 1	 -41.8971	  174.1361
5.097	 2.02	 1	 -42.0176	  173.7367
5.125	 2.09	 1	 -41.6906	  174.1982
5.126	 2.19	 1	 -42.8958	  172.8472
5.131	 2.37	 1	 -42.7852	  173.1199
5.133	 2.07	 1	 -42.2339	  173.5605
5.135	 2.31	 1	 -41.6281	  174.3829
5.141	 2.39	 1	 -43.0242	  170.6437
5.143	 2.06	 1	 -42.1850	  174.4068
5.147	 2.13	 1	 -42.4421	  173.7382
5.166	 2.14	 1	 -42.7003	  172.7598
5.172	 2.09	 1	 -42.5925	  172.9332
5.173	 2.19	 1	 -42.7399	  172.7830
5.176	 2.40	 1	 -42.7178	  173.0399
5.207	 2.04	 2	 -41.9475	  173.7450
5.211	 2.84	 1	 -42.2302	  173.4293
5.215	 2.35	 2	 -42.3912	  173.8294
5.221	 2.14	 2	 -42.2955	  173.9894
5.229	 2.26	 1	 -46.4776	  172.1262
5.239	 2.18	 1	 -42.9288	  173.1347
5.246	 2.32	 1	 -41.9888	  173.7216
5.250	 2.08	 1	 -42.4300	  173.4630
5.272	 3.05	 1	 -42.9276	  174.6160
5.274	 2.30	 1	 -42.3318	  173.4332
5.282	 2.06	 1	 -42.7623	  172.9979
5.292	 2.45	 1	 -41.7983	  174.0500
5.294	 2.22	 1	 -43.1473	  172.8137
5.306	 2.03	 1	 -42.3116	  173.4596
5.307	 2.07	 1	 -42.5541	  173.0802
5.308	 2.07	 1	 -42.0579	  173.7191
5.314	 2.13	 1	 -40.7077	  169.1872
5.320	 2.15	 1	 -41.7403	  174.2956
5.323	 2.20	 1	 -42.0349	  173.7336
5.326	 2.07	 1	 -45.8586	  168.6778
5.358	 2.43	 1	 -42.5755	  172.8548
5.360	 2.03	 1	 -42.3476	  173.9358
5.367	 2.21	 1	 -41.7690	  174.2033
5.386	 3.35	 1	 -42.4428	  173.0232
5.403	 2.41	 1	 -41.9570	  172.9601
5.404	 2.83	 1	 -42.0638	  173.8483
5.407	 2.32	 1	 -42.0561	  173.6355
5.413	 3.70	 1	 -41.6694	  174.2960
5.429	 2.18	 1	 -42.7974	  173.2946
5.439	 2.07	 1	 -40.7419	  175.6906
5.439	 2.01	 1	 -42.1729	  173.7968
5.446	 2.35	 2	 -42.6464	  173.7228
5.471	 2.53	 1	 -42.4494	  173.3324
5.477	 2.27	 1	 -41.9893	  173.7197
5.479	 2.20	 1	 -42.8082	  173.1802
5.528	 2.31	 1	 -42.4275	  173.3270
5.529	 2.12	 1	 -42.3546	  172.0982
5.542	 2.23	 1	 -42.0254	  173.9205
5.543	 2.22	 1	 -42.1760	  173.6692
5.545	 2.35	 1	 -42.9400	  172.5646
5.546	 2.09	 1	 -41.8552	  173.6993
5.547	 2.17	 1	 -40.9615	  172.5095
5.558	 2.87	 1	 -42.1710	  173.7040
5.572	 2.05	 1	 -42.5545	  173.0034
5.581	 2.08	 1	 -42.4409	  173.3140
5.582	 2.23	 1	 -43.5183	  174.0055
5.582	 2.79	 1	 -42.1330	  173.3703
5.583	 2.66	 1	 -42.7912	  174.1014
5.604	 2.53	 1	 -42.2257	  173.6604
5.631	 2.30	 1	 -41.4310	  173.8280
5.640	 2.25	 1	 -43.2498	  179.5052
5.679	 2.57	 1	 -42.5493	  173.1309
5.689	 2.84	 1	 -41.8812	  173.6987
5.696	 3.16	 1	 -41.5812	  173.8515
5.697	 2.01	 1	 -41.7721	  178.3804
5.727	 2.17	 1	 -42.0210	  173.7283
5.728	 2.66	 1	 -42.7607	  172.7832
5.729	 2.68	 1	 -42.0069	  173.5200
5.731	 2.02	 1	 -42.3013	  172.2311
5.733	 2.70	 1	 -42.8430	  173.0510
5.750	 2.40	 1	 -41.9796	  173.8417
5.765	 2.89	 1	 -42.7962	  173.0789
5.770	 2.51	 1	 -42.4468	  173.7042
5.779	 2.13	 1	 -42.7954	  173.2422
5.800	 2.97	 1	 -42.1831	  173.7014
5.803	 2.86	 1	 -42.2651	  173.6427
5.809	 2.56	 1	 -42.4658	  173.8024
5.810	 2.16	 1	 -41.9986	  173.7201
5.812	 2.64	 1	 -41.7956	  174.0485
5.812	 2.82	 1	 -42.9084	  172.6588
5.818	 3.53	 1	 -38.4816	  169.8827
5.821	 2.28	 1	 -42.2872	  173.4892
5.830	 2.36	 1	 -41.7413	  174.2386
5.840	 2.42	 2	 -42.3636	  173.7964
5.841	 2.90	 1	 -42.9615	  173.5335
5.855	 2.05	 1	 -42.2361	  173.5202
5.861	 2.14	 1	 -42.1412	  172.4241
5.875	 2.94	 1	 -42.6423	  173.1660
5.875	 2.06	 1	 -42.5571	  173.3367
5.888	 2.71	 1	 -42.6688	  172.8704
5.934	 2.07	 1	 -42.0397	  173.9727
5.957	 2.11	 1	 -43.0885	  172.2605
5.963	 2.41	 1	 -42.3244	  173.2332
5.979	 2.12	 1	 -42.2752	  173.4253
5.985	 2.50	 1	 -42.5511	  172.7120
6.007	 2.02	 1	 -41.9388	  173.6467
6.010	 2.67	 1	 -43.1693	  172.8839
6.033	 2.02	 1	 -42.2021	  173.5243
6.052	 2.19	 1	 -46.5175	  176.2386
6.052	 2.17	 1	 -42.8859	  172.5880
6.068	 2.04	 1	 -41.8013	  174.0421
6.072	 2.23	 1	 -40.8581	  174.2797
6.163	 2.04	 1	 -42.2229	  173.7098
6.163	 3.01	 2	 -42.8814	  173.3985
6.166	 2.22	 1	 -41.8061	  174.3087
6.166	 2.69	 1	 -42.4328	  172.9449
6.184	 2.45	 1	 -42.3900	  173.4723
6.211	 2.06	 1	 -42.3387	  173.7204
6.222	 2.01	 1	 -41.9289	  174.1149
6.230	 2.41	 1	 -42.2285	  173.7356
6.237	 2.14	 1	 -42.4615	  172.7494
6.248	 2.13	 1	 -42.0085	  173.7522
6.282	 2.18	 1	 -42.4184	  173.8454
6.288	 2.84	 1	 -41.8216	  174.2558
6.291	 2.19	 1	 -42.3157	  173.5855
6.294	 2.18	 1	 -41.8919	  172.8301
6.299	 2.41	 1	 -41.7675	  174.2480
6.302	 2.74	 1	 -42.5242	  173.3571
6.317	 2.35	 1	 -41.7876	  173.9748
6.333	 2.45	 1	 -42.9835	  173.2439
6.344	 2.24	 1	 -42.4673	  173.1526
6.360	 2.10	 1	 -42.6401	  173.0300
6.380	 2.15	 1	 -41.8308	  174.2015
6.380	 2.36	 1	 -42.2881	  173.7369
6.400	 2.76	 1	 -42.6658	  172.8819
6.409	 2.23	 1	 -42.5536	  172.9878
6.444	 2.18	 1	 -42.2145	  173.7165
6.467	 2.01	 1	 -42.2240	  173.6543
6.475	 2.63	 1	 -42.4200	  173.0280
6.516	 2.04	 1	 -42.0268	  173.1006
6.517	 2.15	 1	 -42.2604	  173.8186
6.551	 2.46	 1	 -41.8589	  174.3653
6.552	 2.24	 1	 -42.7026	  173.8291
6.567	 2.02	 1	 -42.4410	  173.2803
6.567	 2.02	 1	 -41.9784	  173.6449
6.574	 2.99	 1	 -42.6326	  173.3127
6.582	 2.21	 1	 -42.2588	  173.9812
6.587	 2.28	 1	 -42.6819	  173.0597
6.618	 2.17	 1	 -44.3907	  178.6869
6.618	 2.14	 1	 -41.7011	  174.2133
6.635	 2.20	 1	 -41.7832	  174.4129
6.645	 2.24	 1	 -41.8599	  174.2074
6.660	 2.53	 1	 -41.9811	  173.6751
6.669	 2.20	 1	 -41.9900	  173.6557
6.679	 2.03	 1	 -42.1861	  173.6034
6.686	 2.18	 1	 -42.0104	  173.2171
6.694	 2.31	 1	 -42.1501	  173.6224
6.703	 2.58	 1	 -42.0934	  173.0190
6.717	 2.09	 1	 -42.3635	  172.9315
6.724	 2.13	 1	 -42.0779	  173.7463
6.741	 2.28	 1	 -42.7274	  171.9773
6.750	 2.84	 1	 -42.5075	  172.3030
6.766	 2.91	 2	 -41.8534	  174.1829
6.768	 3.57	 1	 -42.8926	  173.0386
6.770	 2.21	 1	 -41.9087	  173.7346
6.775	 2.82	 1	 -41.4811	  173.8066
6.779	 2.89	 2	 -42.6309	  173.9986
6.786	 2.27	 1	 -42.2832	  173.6992
6.791	 2.51	 1	 -42.2948	  173.7410
6.801	 2.05	 1	 -41.3789	  173.9332
6.808	 2.11	 1	 -42.1083	  173.0864
6.827	 2.63	 1	 -42.2300	  173.7058
6.828	 2.08	 1	 -42.2706	  166.9313
6.842	 2.53	 1	 -41.8176	  174.1816
6.868	 2.27	 1	 -42.2132	  172.6223
6.871	 2.48	 1	 -42.2879	  173.8313
6.891	 2.10	 1	 -42.5238	  173.2482
6.911	 2.03	 1	 -42.0057	  173.5856
6.913	 2.34	 1	 -42.5845	  173.2453
6.933	 2.21	 1	 -42.6691	  172.8779
6.943	 2.38	 1	 -42.0404	  176.1321
7.005	 2.75	 1	 -42.5000	  172.7900
7.027	 2.36	 1	 -41.6787	  174.2252
7.055	 2.01	 1	 -42.6650	  173.0040
7.063	 2.54	 1	 -41.6501	  173.8681
7.087	 3.64	 1	 -42.5748	  173.4505
7.095	 2.83	 1	 -42.2100	  173.5833
7.100	 2.02	 1	 -41.9468	  173.6344
7.103	 2.20	 1	 -41.9919	  173.7206
7.104	 2.07	 1	 -42.4998	  174.0227
7.109	 2.41	 1	 -43.8892	  171.3430
7.120	 3.43	 1	 -42.1179	  173.4851
7.129	 2.44	 1	 -42.8735	  174.9658
7.130	 2.10	 1	 -42.4457	  173.1683
7.136	 3.03	 1	 -41.7727	  174.2771
7.138	 2.77	 2	 -43.0389	  173.3847
7.146	 2.02	 1	 -42.1634	  173.5229
7.151	 2.92	 1	 -42.5652	  173.1370
7.169	 2.44	 1	 -42.8833	  173.4357
7.175	 2.40	 1	 -42.8171	  172.8648
7.193	 2.52	 1	 -42.6590	  173.7799
7.199	 2.71	 1	 -41.8497	  173.5047
7.199	 2.63	 1	 -41.6803	  174.3765
7.204	 3.28	 1	 -42.5386	  173.5754
7.207	 2.54	 1	 -42.3030	  173.9786
7.220	 2.93	 1	 -42.4360	  173.2000
7.223	 2.88	 1	 -43.8216	  175.1372
7.230	 2.46	 1	 -42.5690	  172.8164
7.264	 2.61	 1	 -42.5742	  172.8360
7.266	 2.46	 1	 -43.3850	  171.0937
7.324	 3.07	 1	 -42.2626	  173.8300
7.330	 2.23	 1	 -41.0375	  173.3067
7.336	 4.73	 1	 -41.7804	  174.3443
7.336	 2.30	 1	 -41.6894	  174.0649
7.337	 3.61	 2	 -41.8897	  173.9938
7.348	 2.94	 1	 -43.0435	  172.2790
7.370	 2.32	 1	 -42.7295	  173.9786
7.385	 2.17	 1	 -42.0579	  173.1002
7.386	 2.33	 1	 -44.3211	  174.8660
7.409	 4.24	 1	 -42.7325	  173.5350
7.415	 2.10	 1	 -42.4423	  173.7861
7.426	 2.65	 1	 -42.8271	  173.3545
7.462	 2.38	 1	 -43.0750	  172.6655
7.466	 2.22	 1	 -42.6806	  172.9616
7.476	 2.13	 1	 -42.4408	  173.1711
7.484	 2.09	 1	 -42.7218	  172.9706
7.485	 3.36	 1	 -41.8885	  173.9117
7.485	 3.40	 1	 -42.3183	  173.6139
7.504	 2.11	 1	 -42.5253	  173.1061
7.530	 2.07	 1	 -42.7205	  173.2010
7.534	 2.34	 1	 -42.5783	  172.8721
7.548	 2.93	 1	 -42.5211	  173.7457
7.551	 3.01	 1	 -43.3022	  172.8083
7.558	 2.63	 2	 -41.8187	  174.2442
7.562	 2.25	 1	 -42.0876	  173.7299
7.589	 2.08	 1	 -42.0717	  173.7379
7.647	 2.64	 1	 -41.7752	  174.2254
7.653	 2.43	 1	 -42.3451	  173.3503
7.661	 2.07	 1	 -42.2360	  173.7089
7.661	 2.20	 1	 -42.3699	  173.7341
7.694	 2.55	 1	 -41.9898	  173.6602
7.696	 2.28	 1	 -42.3266	  173.7189
7.711	 2.26	 1	 -42.5563	  172.1567
7.727	 2.22	 2	 -42.1758	  174.4185
7.728	 3.01	 1	 -42.5737	  173.7651
7.740	 2.22	 1	 -41.9213	  173.6570
7.773	 2.37	 1	 -41.8558	  174.2365
7.779	 2.06	 1	 -42.6380	  173.0531
7.821	 4.06	 1	 -42.1091	  172.5486
7.824	 2.80	 2	 -42.9606	  173.4585
7.876	 2.20	 1	 -42.4093	  173.7819
7.879	 2.01	 1	 -42.7093	  172.9932
7.891	 2.43	 1	 -42.3334	  173.8020
7.893	 2.21	 1	 -41.9038	  174.2399
7.897	 2.68	 1	 -42.2478	  173.7760
7.944	 2.09	 1	 -42.7749	  173.7152
7.977	 2.92	 1	 -42.4363	  173.3382
7.978	 2.06	 1	 -42.6214	  172.9411
7.983	 2.13	 1	 -42.5143	  172.1243
8.001	 2.05	 2	 -42.6347	  173.0821
8.026	 2.17	 1	 -42.3535	  174.4648
8.034	 2.30	 1	 -41.7678	  174.6946
8.038	 2.04	 1	 -42.2090	  173.6672
8.041	 2.30	 1	 -41.7212	  174.2377
8.052	 2.31	 1	 -42.8512	  173.6039
8.059	 2.30	 1	 -42.2924	  173.6908
8.065	 2.83	 1	 -40.0404	  172.2128
8.066	 2.10	 1	 -42.2299	  173.7092
8.083	 2.13	 1	 -42.1255	  173.7748
8.134	 2.25	 1	 -41.8508	  173.9544
8.166	 3.46	 1	 -41.9907	  173.7924
8.197	 2.76	 1	 -42.5219	  173.7979
8.199	 2.02	 1	 -42.3657	  173.9464
8.222	 2.29	 1	 -42.0358	  173.6950
8.240	 2.32	 1	 -42.2946	  173.7100
8.241	 2.55	 1	 -42.2656	  173.7835
8.243	 2.31	 1	 -41.9893	  173.7033
8.260	 2.30	 1	 -42.0425	  173.7481
8.271	 2.17	 1	 -42.9448	  173.2309
8.307	 2.70	 1	 -42.4096	  173.3320
8.308	 2.78	 1	 -42.2659	  173.7150
8.316	 2.24	 1	 -42.4420	  173.6560
8.338	 2.44	 1	 -42.3376	  173.0170
8.346	 2.69	 1	 -41.7929	  174.4849
8.363	 3.60	 1	 -41.8713	  175.1356
8.379	 2.12	 1	 -42.4195	  173.7339
8.387	 2.07	 1	 -41.5890	  174.3860
8.391	 2.06	 1	 -42.4736	  173.3314
8.402	 2.38	 1	 -42.3133	  173.6903
8.414	 2.80	 1	 -42.2118	  173.5270
8.424	 2.21	 2	 -41.8478	  174.1786
8.434	 2.10	 1	 -42.3850	  173.9596
8.442	 2.19	 2	 -42.5696	  173.3112
8.443	 2.23	 1	 -42.1695	  173.8145
8.446	 2.72	 1	 -45.7000	  175.6473
8.456	 2.04	 1	 -42.1749	  173.2583
8.465	 2.42	 1	 -42.5217	  173.1045
8.469	 2.23	 1	 -42.5008	  172.9833
8.471	 2.51	 1	 -42.2257	  173.6155
8.487	 2.08	 1	 -42.3972	  173.2151
8.508	 2.41	 1	 -41.8365	  173.0114
8.511	 2.04	 1	 -42.5883	  172.2911
8.529	 2.01	 1	 -41.7805	  174.2867
8.542	 2.01	 1	 -41.8000	  174.0597
8.612	 2.20	 1	 -43.3470	  174.0204
8.617	 2.32	 1	 -42.2223	  173.4746
8.625	 2.02	 1	 -42.1751	  173.5612
8.632	 2.34	 1	 -42.0279	  173.9448
8.650	 2.91	 1	 -42.2553	  173.4193
8.669	 2.25	 1	 -42.2107	  173.4830
8.675	 2.04	 1	 -41.6818	  174.2430
8.693	 2.09	 1	 -42.7972	  172.3584
8.728	 2.30	 1	 -41.9504	  173.6298
8.729	 2.06	 1	 -42.7417	  173.6190
8.730	 2.03	 1	 -42.3197	  173.2482
8.738	 2.51	 1	 -42.4152	  173.7712
8.744	 2.39	 1	 -42.6316	  173.0482
8.752	 2.88	 1	 -41.7572	  174.1901
8.765	 2.68	 1	 -42.3303	  173.7462
8.766	 2.50	 1	 -42.9738	  171.7789
8.791	 2.26	 1	 -42.1843	  173.6667
8.794	 2.28	 1	 -42.6623	  172.8367
8.796	 2.22	 1	 -42.5089	  171.8873
8.796	 2.80	 1	 -41.2152	  172.9120
8.797	 2.51	 1	 -42.3465	  173.8753
8.802	 2.27	 1	 -42.7278	  173.3378
8.806	 2.63	 1	 -42.1848	  173.0392
8.810	 2.82	 1	 -42.4438	  173.1935
8.813	 2.26	 1	 -42.4416	  173.2747
8.831	 2.91	 1	 -42.3439	  173.6464
8.881	 2.18	 1	 -42.1380	  173.6508
8.885	 2.15	 1	 -42.3993	  173.4511
8.888	 2.05	 1	 -42.3234	  173.7503
8.896	 4.79	 1	 -43.0824	  172.4504
8.905	 2.21	 1	 -42.1945	  173.5139
8.907	 2.37	 1	 -42.4866	  172.8526
8.919	 2.35	 1	 -42.4345	  173.6186
8.928	 2.19	 1	 -42.5809	  172.4131
8.952	 2.54	 1	 -42.0245	  173.6932
8.953	 2.89	 1	 -43.0410	  171.7190
8.982	 2.10	 1	 -42.4643	  173.2077
8.987	 2.07	 1	 -42.4708	  172.7086
9.011	 2.22	 1	 -42.4790	  173.2428
9.053	 2.01	 1	 -42.1032	  173.6398
9.094	 2.38	 1	 -42.4384	  173.1382
9.104	 2.28	 1	 -41.8857	  174.3060
9.108	 2.16	 1	 -42.1193	  170.2071
9.127	 3.34	 1	 -41.9949	  173.7626
9.140	 2.91	 1	 -42.6558	  172.8964
9.210	 2.24	 1	 -42.0500	  174.5461
9.245	 2.68	 1	 -42.2711	  173.6409
9.267	 2.74	 1	 -41.8295	  174.1347
9.274	 2.10	 1	 -42.6771	  173.0376
9.280	 2.66	 1	 -41.7037	  173.5896
9.311	 3.16	 1	 -42.6612	  173.8107
9.337	 3.04	 1	 -41.8155	  174.3616
9.399	 2.22	 1	 -42.7366	  172.4985
9.420	 2.14	 1	 -42.0145	  173.6494
9.439	 2.70	 1	 -42.0570	  173.8109
9.441	 3.11	 1	 -42.5396	  171.9348
9.483	 2.29	 1	 -45.3950	  172.3912
9.512	 3.17	 1	 -41.7293	  174.1830
9.525	 3.27	 1	 -41.0549	  173.4873
9.546	 2.01	 1	 -38.8271	  176.1478
9.612	 2.42	 1	 -42.3175	  172.7850
9.621	 2.29	 1	 -41.9816	  173.6896
9.657	 2.78	 1	 -42.1262	  173.0528
9.664	 2.12	 1	 -42.2981	  173.7540
9.667	 2.69	 1	 -42.3346	  173.8256
9.733	 2.67	 1	 -43.2669	  172.9230
9.750	 3.14	 1	 -41.9874	  173.9739
9.833	 2.27	 1	 -41.9557	  173.6827
9.852	 2.19	 1	 -42.3408	  173.9540
9.857	 2.12	 1	 -38.9834	  176.4807
9.859	 3.37	 1	 -42.5280	  173.1490
9.860	 2.87	 1	 -42.3875	  173.8407
9.928	 2.02	 1	 -42.2609	  173.7731
9.966	 2.12	 1	 -42.5069	  173.6160
9.970	 2.11	 1	 -41.7363	  174.2168
9.998	 2.60	 1	 -42.5785	  172.9634
10.003	 2.13	 1	 -41.6922	  174.1579
10.006	 2.28	 1	 -42.2236	  173.7030
10.052	 3.48	 1	 -42.8204	  173.1575
10.085	 2.37	 1	 -43.0571	  172.1363
10.177	 2.45	 1	 -41.7976	  174.3632
10.189	 2.25	 1	 -42.7347	  173.0079
10.204	 2.03	 1	 -41.7340	  174.3444
10.222	 2.58	 1	 -42.2835	  173.4979
10.227	 2.58	 1	 -41.7859	  174.2775
10.253	 2.37	 1	 -44.6340	  170.9635
10.256	 2.12	 1	 -41.6302	  174.3170
10.284	 2.29	 1	 -39.0074	  169.5165
10.284	 2.06	 1	 -43.0021	  172.6118
10.302	 2.39	 1	 -41.8086	  173.9863
10.308	 2.24	 1	 -42.2050	  173.6942
10.314	 2.61	 1	 -42.2348	  173.8164
10.336	 2.33	 1	 -41.7900	  174.1947
10.383	 2.09	 1	 -42.5512	  173.0145
10.398	 2.29	 1	 -42.7316	  172.3593
10.399	 2.37	 2	 -41.8351	  173.9369
10.431	 3.44	 1	 -41.9492	  173.6837
10.435	 2.00	 1	 -41.8529	  173.8317
10.451	 2.38	 1	 -42.1717	  173.6130
10.452	 2.03	 1	 -42.2518	  173.5829
10.456	 4.01	 1	 -42.0411	  173.7899
10.463	 2.29	 1	 -42.0195	  173.9944
10.467	 3.04	 1	 -42.5493	  173.7304
10.472	 2.55	 1	 -42.6152	  172.7312
10.479	 2.21	 1	 -41.9676	  174.4846
10.486	 2.15	 1	 -43.0210	  173.5751
10.496	 2.24	 1	 -42.3038	  173.5603
10.514	 2.05	 1	 -42.1187	  173.6932
10.524	 2.21	 1	 -42.1026	  173.6120
10.532	 2.06	 1	 -42.3279	  173.7637
10.547	 2.01	 2	 -41.2281	  174.4071
10.549	 2.36	 1	 -42.6208	  172.0468
10.557	 3.06	 1	 -42.7224	  173.0403
10.563	 2.69	 2	 -42.3595	  171.8687
10.629	 2.75	 1	 -41.9952	  173.4510
10.643	 2.40	 1	 -42.4685	  173.6417
10.653	 3.55	 1	 -42.6346	  173.0327
10.671	 4.42	 1	 -40.5007	  179.2806
10.692	 2.15	 1	 -41.7272	  174.2077
10.709	 2.52	 1	 -41.1949	  174.1433
10.709	 2.80	 1	 -41.6627	  174.2927
10.711	 2.57	 1	 -42.4236	  173.7383
10.712	 2.60	 1	 -38.9079	  176.3258
10.728	 2.72	 1	 -41.7607	  174.2078
10.751	 4.11	 1	 -42.4751	  173.7989
10.772	 2.41	 1	 -41.8410	  167.0150
10.773	 2.19	 1	 -42.6003	  173.2160
10.812	 2.26	 1	 -42.3740	  173.9853
10.877	 2.51	 1	 -42.4094	  173.7762
10.899	 2.01	 1	 -42.1400	  173.8133
10.952	 2.06	 1	 -42.1267	  173.7358
10.957	 2.23	 1	 -41.2613	  175.0137
10.975	 2.96	 1	 -42.1835	  173.4976
10.992	 2.68	 1	 -42.3184	  173.7491
11.008	 2.15	 1	 -42.4470	  173.8431
11.038	 2.20	 1	 -42.6790	  172.2433
11.063	 2.28	 1	 -40.2360	  174.3769
11.077	 2.02	 2	 -40.7328	  173.0769
11.147	 2.12	 1	 -42.5214	  173.2226
11.162	 2.24	 1	 -40.7425	  173.0122
11.164	 3.72	 1	 -42.3833	  172.9952
11.207	 2.34	 1	 -41.2018	  173.5953
11.212	 2.21	 1	 -41.6936	  174.2819
11.261	 2.30	 1	 -42.6557	  173.1540
11.280	 3.48	 1	 -42.1082	  173.6000
11.315	 2.14	 1	 -42.4684	  172.8231
11.357	 2.85	 1	 -42.1304	  173.5792
11.379	 2.13	 2	 -43.0425	  173.2115
11.447	 3.53	 1	 -42.6237	  172.9183
11.468	 2.11	 1	 -41.8541	  174.0988
11.483	 2.45	 1	 -42.2293	  173.6338
11.491	 2.81	 1	 -42.2927	  173.5530
11.498	 2.18	 1	 -42.2698	  173.6804
11.600	 3.02	 1	 -42.3216	  173.3497
11.653	 2.29	 1	 -42.6933	  172.8763
11.774	 2.65	 1	 -42.7508	  173.1877
11.779	 2.35	 1	 -41.6384	  174.4001
11.836	 3.20	 1	 -42.6601	  172.9671
11.860	 3.13	 1	 -42.1203	  173.6449
11.860	 2.24	 1	 -42.3030	  173.8403
11.864	 2.11	 1	 -42.6473	  172.9583
11.871	 2.69	 1	 -42.7682	  172.8110
11.891	 2.11	 1	 -42.0596	  173.7830
11.899	 2.18	 1	 -42.2921	  173.6530
11.935	 2.14	 1	 -41.8013	  172.7315
11.935	 2.48	 1	 -42.1378	  173.6317
11.951	 2.44	 1	 -42.1694	  173.4706
11.969	 2.30	 1	 -43.6379	  176.4634
11.979	 2.03	 2	 -42.8287	  172.6419
11.986	 3.18	 1	 -42.2740	  173.8043
12.012	 2.89	 1	 -42.1000	  173.7930
12.013	 2.22	 1	 -42.4530	  173.1019
12.034	 2.04	 1	 -42.4462	  173.8270
12.061	 2.59	 1	 -42.8916	  173.8022
12.098	 2.39	 1	 -42.1801	  173.5794
12.109	 2.45	 1	 -45.2676	  174.6145
12.111	 3.00	 1	 -41.8508	  173.8281
12.115	 2.09	 1	 -42.3172	  173.6648
12.121	 2.07	 1	 -42.3233	  173.5472
12.135	 2.84	 1	 -42.4933	  173.1934
12.135	 2.85	 1	 -41.5303	  170.4781
12.167	 2.17	 1	 -41.7318	  174.3411
12.172	 2.33	 1	 -42.4103	  173.2480
12.179	 2.15	 1	 -41.9624	  173.6986
12.191	 2.19	 2	 -43.1314	  173.2081
12.282	 2.63	 1	 -41.9940	  173.8124
12.306	 2.28	 1	 -42.0035	  173.7412
12.383	 3.09	 1	 -42.7298	  172.9197
12.395	 2.51	 1	 -42.2944	  173.7512
12.412	 2.12	 1	 -41.6798	  174.2818
12.413	 2.19	 1	 -42.1405	  173.2231
12.550	 2.55	 1	 -42.2194	  173.6007
12.574	 2.15	 1	 -42.6050	  172.8404
12.595	 2.48	 1	 -43.0647	  172.9599
12.623	 2.46	 1	 -41.7802	  174.2438
12.671	 2.16	 1	 -42.5231	  173.2421
12.674	 2.95	 1	 -42.4387	  174.2664
12.692	 2.02	 1	 -41.7688	  174.2964
12.714	 2.36	 1	 -42.4973	  173.1111
12.715	 2.25	 1	 -42.4300	  172.4948
12.755	 2.80	 1	 -42.3084	  174.0579
12.789	 2.39	 1	 -41.8224	  174.0353
12.790	 2.43	 1	 -42.8096	  173.3118
12.806	 2.06	 1	 -42.1855	  173.7443
12.838	 2.28	 1	 -42.1938	  173.7364
12.845	 2.30	 1	 -42.6718	  172.7865
12.884	 3.53	 1	 -43.0400	  173.0212
12.903	 2.36	 1	 -41.7395	  174.2767
12.922	 2.05	 1	 -42.5232	  172.6493
12.935	 2.02	 1	 -42.1477	  173.7045
12.950	 3.34	 1	 -42.6264	  172.9977
12.980	 2.64	 1	 -41.9536	  173.7903
12.995	 2.28	 1	 -42.0034	  173.7719
13.002	 2.26	 1	 -41.9717	  173.7666
13.017	 2.07	 1	 -43.3400	  172.8512
13.018	 2.31	 1	 -42.6651	  173.8621
13.044	 2.17	 1	 -41.6870	  174.2737
13.048	 2.57	 1	 -42.1919	  173.4128
13.070	 2.45	 1	 -42.4492	  173.9184
13.088	 2.12	 1	 -42.1444	  173.8149
13.097	 2.32	 1	 -42.6232	  172.9479
13.112	 2.12	 2	 -42.0214	  173.8538
13.136	 2.05	 1	 -42.2430	  173.7022
13.153	 2.06	 1	 -41.7783	  174.2930
13.210	 2.09	 1	 -42.4281	  173.3500
13.256	 2.30	 1	 -41.6901	  174.2237
13.266	 2.68	 1	 -42.7006	  173.3940
13.274	 2.53	 1	 -41.8433	  174.0137
13.304	 2.00	 2	 -42.2800	  173.9827
13.312	 2.89	 1	 -42.1295	  172.9935
13.317	 2.88	 1	 -42.7310	  173.4615
13.329	 2.29	 1	 -42.8755	  172.8428
13.333	 2.46	 1	 -42.3774	  172.8570
13.381	 2.48	 1	 -41.9264	  173.6838
13.452	 2.01	 1	 -42.4621	  172.8690
13.481	 2.43	 1	 -42.7571	  173.4226
13.541	 2.43	 1	 -42.5466	  173.0919
13.543	 2.54	 1	 -40.4198	  172.7941
13.564	 2.61	 1	 -42.1530	  173.5726
13.580	 2.47	 1	 -42.4145	  172.5927
13.622	 2.03	 1	 -42.1337	  173.5536
13.669	 2.47	 1	 -42.0218	  173.7384
13.671	 2.08	 1	 -39.8369	  170.7764
13.688	 2.62	 1	 -42.8984	  172.7880
13.730	 2.01	 1	 -42.2491	  173.5207
13.735	 2.60	 1	 -42.6377	  173.8472
13.737	 2.30	 1	 -41.7413	  174.2382
13.804	 2.56	 1	 -42.8236	  173.0565
13.817	 2.50	 1	 -42.2781	  173.4791
13.834	 2.18	 1	 -42.6555	  172.9787
13.871	 2.30	 1	 -43.0955	  173.5976
13.872	 2.39	 1	 -42.2029	  173.1734
13.879	 2.31	 2	 -41.8607	  173.5318
13.883	 2.43	 1	 -41.7823	  174.2249
13.929	 3.54	 1	 -42.0180	  173.7777
13.955	 2.03	 1	 -42.9888	  173.8452
14.006	 2.34	 1	 -42.5214	  172.6956
14.017	 2.20	 2	 -41.7656	  174.1685
14.028	 2.49	 1	 -41.6721	  174.3127
14.035	 2.23	 1	 -42.8375	  172.6683
14.044	 2.01	 1	 -42.0228	  173.5556
14.078	 2.15	 1	 -42.0209	  173.7313
14.078	 2.50	 1	 -42.5772	  172.7949
14.095	 2.42	 1	 -42.5066	  173.6843
14.148	 2.40	 2	 -43.2919	  168.0434
14.151	 2.16	 1	 -42.2897	  173.2051
14.208	 2.02	 1	 -42.4802	  173.2384
14.224	 2.86	 1	 -42.6828	  174.9123
14.226	 3.05	 1	 -41.9076	  173.7316
14.246	 2.43	 2	 -41.6393	  174.2704
14.252	 2.08	 2	 -41.6586	  174.3437
14.325	 2.03	 1	 -42.1557	  173.8066
14.326	 2.39	 1	 -42.7780	  172.9523
14.377	 2.44	 1	 -42.3086	  173.7158
14.401	 2.43	 1	 -42.2772	  173.6632
14.474	 2.26	 1	 -42.0113	  173.7102
14.488	 2.09	 1	 -42.4496	  173.1556
14.498	 2.55	 1	 -42.7029	  173.4958
