# Simulation 424
# RelativeTime(days) Magnitude Generation Latitude Longitude
Time Mag Gen Lat Lon
7.005	 3.32	 1	 -41.7563	  174.9708
7.010	 2.58	 1	 -43.4116	  171.6411
7.016	 2.63	 1	 -41.1718	  168.7913
7.018	 2.94	 1	 -42.1160	  175.4712
7.025	 2.09	 1	 -41.0414	  174.7800
7.036	 2.48	 1	 -42.6145	  172.2877
7.047	 3.30	 1	 -46.5863	  176.0821
7.060	 2.08	 1	 -44.2456	  167.2808
7.061	 2.42	 1	 -43.2481	  177.6407
7.062	 2.08	 1	 -42.3937	  171.9086
7.066	 2.07	 1	 -41.5318	  170.7223
7.068	 2.21	 1	 -42.6352	  173.9195
7.076	 2.55	 1	 -39.0175	  176.5473
7.088	 2.13	 1	 -39.2552	  173.0329
7.094	 2.02	 1	 -40.3506	  167.7996
7.101	 2.08	 1	 -41.3881	  174.0284
7.110	 2.01	 1	 -42.4170	  173.7905
7.118	 2.04	 1	 -47.1416	  172.1349
7.143	 2.74	 1	 -42.2481	  173.2497
7.150	 2.20	 1	 -44.4060	  172.0355
7.150	 2.40	 1	 -41.9468	  173.7193
7.152	 3.08	 1	 -38.9336	  176.3796
7.157	 2.38	 1	 -46.1192	  171.9981
7.162	 2.24	 1	 -46.1723	  171.9631
7.171	 2.30	 1	 -38.2709	  174.1346
7.172	 2.42	 1	 -45.8008	  173.4205
7.178	 2.09	 1	 -44.4492	  178.4993
7.188	 2.39	 1	 -42.7512	  173.8495
7.192	 2.38	 1	 -40.6848	  173.3008
7.194	 2.19	 1	 -42.0701	  173.8041
7.201	 2.43	 1	 -44.7825	  167.6053
7.212	 2.26	 1	 -44.3263	  178.2482
7.215	 2.12	 1	 -41.6064	  172.4698
7.218	 2.00	 1	 -41.2062	  174.3281
7.228	 2.31	 1	 -43.8380	  167.1062
7.231	 2.42	 1	 -45.3287	  177.9783
7.237	 2.20	 1	 -42.2762	  173.5194
7.240	 2.15	 1	 -38.7355	  175.9279
7.246	 2.09	 1	 -43.4678	  173.5569
7.247	 2.02	 1	 -43.0285	  174.0420
7.251	 2.76	 1	 -38.2829	  174.2194
7.263	 2.66	 1	 -44.2172	  167.2668
7.275	 2.22	 1	 -42.8044	  175.1510
7.279	 2.09	 1	 -44.8447	  176.0411
7.280	 2.47	 1	 -45.9837	  171.8867
7.280	 2.04	 1	 -39.6978	  177.5858
7.289	 2.47	 1	 -42.1451	  174.0097
7.294	 2.86	 1	 -43.5866	  178.3330
7.295	 2.38	 1	 -44.9659	  172.3769
7.295	 2.19	 1	 -41.5925	  173.1945
7.297	 2.27	 1	 -41.8437	  176.7376
7.298	 2.03	 1	 -42.9907	  178.2966
7.308	 2.85	 1	 -46.3326	  169.4305
7.311	 2.16	 1	 -42.4297	  172.4678
7.321	 3.00	 1	 -41.7026	  174.0793
7.326	 2.67	 1	 -47.0024	  171.2774
7.338	 3.77	 1	 -43.8374	  178.9383
7.340	 2.01	 1	 -45.9445	  177.2473
7.372	 2.48	 1	 -44.0532	  174.1570
7.376	 2.10	 1	 -46.3997	  169.5598
7.386	 2.03	 1	 -43.2958	  172.8418
7.390	 2.35	 1	 -42.7091	  172.0720
7.392	 3.05	 1	 -44.2966	  171.1453
7.401	 2.09	 1	 -42.5987	  177.9254
7.401	 2.41	 1	 -41.6023	  173.0921
7.410	 2.28	 1	 -38.2595	  174.0475
7.415	 2.68	 1	 -42.7899	  173.8676
7.416	 3.11	 1	 -42.3739	  171.7532
7.416	 2.58	 2	 -42.3761	  171.7526
7.418	 3.82	 1	 -41.2400	  173.5846
7.421	 2.87	 1	 -40.1683	  172.6407
7.431	 2.54	 1	 -42.1216	  173.6418
7.457	 2.23	 1	 -42.9549	  176.3711
7.457	 2.23	 1	 -44.8601	  172.8592
7.459	 2.48	 1	 -43.4265	  173.6824
7.459	 2.26	 1	 -41.1442	  176.3209
7.461	 2.17	 1	 -40.6202	  178.4515
7.464	 2.74	 1	 -42.9385	  178.2917
7.468	 2.16	 1	 -46.8437	  175.3737
7.472	 2.22	 1	 -42.6241	  172.3990
7.486	 3.33	 1	 -42.2866	  173.7930
7.486	 2.46	 1	 -42.4305	  172.7594
7.487	 2.06	 1	 -42.9226	  173.0706
7.489	 2.16	 1	 -42.5936	  172.9271
7.495	 2.67	 1	 -44.4704	  171.4411
7.497	 2.15	 1	 -42.9772	  172.5533
7.500	 2.75	 1	 -42.9797	  173.5607
7.505	 2.43	 1	 -43.3866	  172.8895
7.512	 2.47	 1	 -42.5351	  174.6455
7.516	 2.38	 1	 -40.8960	  170.4528
7.532	 2.13	 1	 -43.3668	  171.7457
7.539	 2.38	 1	 -45.1861	  174.3617
7.546	 2.70	 1	 -41.6944	  172.4089
7.548	 2.19	 1	 -41.2315	  170.2325
7.552	 2.25	 1	 -45.5219	  177.7770
7.556	 2.08	 1	 -43.9571	  171.7832
7.558	 2.25	 1	 -43.4708	  169.4273
7.559	 2.12	 1	 -43.2617	  174.1476
7.569	 2.51	 1	 -43.9901	  167.1646
7.570	 3.16	 1	 -42.0343	  173.7227
7.571	 2.42	 1	 -43.0323	  179.1225
7.576	 2.20	 1	 -38.8420	  176.1817
7.584	 2.19	 1	 -44.1116	  168.3080
7.591	 2.21	 1	 -42.6640	  174.7761
7.615	 2.15	 1	 -39.5449	  168.6532
7.618	 2.04	 1	 -39.2103	  172.2222
7.629	 2.16	 1	 -44.0413	  167.1860
7.631	 2.45	 1	 -38.8108	  169.9340
7.632	 2.25	 1	 -41.5825	  167.0937
7.634	 2.24	 1	 -42.1142	  174.6598
7.636	 2.50	 1	 -46.9209	  170.9407
7.643	 2.03	 1	 -43.3992	  173.3449
7.649	 2.26	 1	 -42.2749	  175.0129
7.673	 2.10	 1	 -42.5695	  179.1376
7.687	 3.05	 1	 -44.5813	  172.4551
7.689	 2.72	 1	 -41.5122	  174.1493
7.689	 2.24	 2	 -44.5808	  172.4558
7.699	 3.00	 1	 -43.0523	  179.1203
7.702	 2.91	 1	 -45.8330	  168.6436
7.716	 2.49	 2	 -43.8503	  179.1414
7.716	 2.90	 1	 -41.4211	  178.3023
7.720	 2.58	 1	 -44.1574	  175.0068
7.722	 2.72	 1	 -43.2162	  173.6096
7.722	 2.03	 1	 -42.8864	  171.7275
7.723	 2.26	 1	 -42.7429	  172.6794
7.726	 2.32	 1	 -41.5573	  174.6324
7.733	 2.10	 1	 -43.4437	  171.9552
7.737	 2.27	 1	 -41.0294	  174.1973
7.745	 3.16	 1	 -42.3756	  173.7705
7.756	 2.69	 1	 -44.2683	  173.6214
7.764	 2.23	 1	 -42.0588	  172.0536
7.765	 2.16	 2	 -45.1886	  174.3807
7.771	 2.19	 1	 -42.2144	  175.0224
7.779	 2.02	 1	 -42.6624	  172.5343
7.783	 2.26	 1	 -43.8256	  171.6173
7.787	 2.51	 1	 -43.4824	  169.0986
7.794	 2.88	 1	 -43.1673	  174.4211
7.798	 2.05	 1	 -45.3958	  177.9109
7.819	 2.47	 1	 -40.3578	  167.7936
7.840	 2.19	 1	 -42.4365	  173.8315
7.847	 2.64	 1	 -42.6626	  173.2026
7.855	 2.17	 1	 -42.0373	  172.8145
7.867	 2.53	 1	 -44.0838	  173.8376
7.871	 2.38	 1	 -43.3183	  179.0804
7.874	 2.10	 1	 -40.6453	  173.9146
7.874	 2.48	 1	 -42.0553	  174.9370
7.883	 2.73	 1	 -43.5182	  173.2491
7.892	 2.11	 1	 -42.7458	  174.9198
7.914	 2.58	 1	 -43.1612	  179.1066
7.914	 2.04	 1	 -42.8367	  171.8604
7.922	 3.11	 1	 -41.6928	  172.2180
7.925	 2.39	 1	 -42.5809	  166.9062
7.943	 2.41	 1	 -39.1981	  169.1720
7.949	 2.07	 1	 -40.9211	  171.2209
7.951	 2.05	 1	 -42.5534	  174.8146
7.958	 2.04	 1	 -42.0859	  177.6705
7.962	 3.09	 1	 -47.0329	  174.6207
7.976	 2.10	 1	 -42.7174	  172.8271
7.978	 2.65	 1	 -43.9870	  172.7730
7.981	 2.24	 1	 -45.8315	  175.6715
7.984	 2.66	 1	 -46.2986	  172.4095
7.988	 3.15	 1	 -38.1970	  173.1555
7.989	 2.50	 1	 -42.3493	  172.0999
7.992	 2.08	 1	 -45.7785	  177.4718
7.992	 2.01	 1	 -43.0457	  174.8099
7.992	 2.42	 1	 -43.2972	  175.1932
7.993	 2.27	 1	 -42.6290	  172.7361
8.021	 2.43	 1	 -44.3262	  174.7093
8.028	 3.69	 1	 -42.5684	  173.5780
8.032	 2.10	 1	 -42.7283	  175.2990
8.033	 2.41	 1	 -44.9966	  178.2758
8.058	 2.64	 1	 -42.0217	  173.8685
8.059	 2.11	 1	 -43.9138	  174.1940
8.065	 2.27	 1	 -41.9711	  173.8148
8.066	 2.40	 1	 -38.2677	  174.1111
8.069	 2.24	 1	 -40.5966	  176.2391
8.075	 3.03	 1	 -43.0905	  174.4450
8.081	 3.12	 1	 -43.3912	  172.1198
8.090	 2.05	 2	 -43.0826	  174.4408
8.108	 2.25	 1	 -43.0727	  172.6369
8.114	 2.86	 1	 -42.4910	  173.7518
8.118	 2.50	 1	 -47.1417	  173.9087
8.118	 3.49	 1	 -42.1109	  166.9557
8.118	 2.33	 1	 -39.7446	  170.0531
8.136	 2.74	 1	 -42.2007	  174.2375
8.150	 2.22	 1	 -38.2548	  172.0357
8.151	 2.92	 1	 -42.7215	  166.9045
8.155	 2.32	 1	 -46.4722	  170.8824
8.157	 2.12	 1	 -40.9309	  170.4658
8.158	 2.03	 1	 -44.2047	  178.7837
8.159	 2.40	 1	 -42.7768	  171.8794
8.171	 2.08	 1	 -45.6898	  174.2186
8.171	 2.65	 1	 -41.2041	  178.3587
8.180	 2.55	 1	 -42.8941	  175.0496
8.192	 2.98	 1	 -40.4596	  167.7119
8.201	 2.11	 1	 -44.0299	  178.8631
8.202	 2.00	 1	 -43.5491	  169.4742
8.220	 2.43	 1	 -42.7760	  172.7855
8.225	 2.51	 1	 -45.7326	  169.3138
8.227	 2.02	 1	 -38.4506	  175.0519
8.232	 2.18	 1	 -41.6921	  173.9806
8.254	 2.02	 1	 -42.3764	  174.2329
8.258	 2.37	 1	 -42.0951	  172.7649
8.258	 2.06	 1	 -39.0621	  169.4123
8.264	 2.48	 1	 -42.8833	  173.0476
8.269	 2.09	 1	 -42.5097	  172.1218
8.280	 2.08	 1	 -43.2088	  171.5014
8.282	 3.30	 1	 -43.1168	  173.0253
8.285	 2.04	 1	 -43.5567	  170.7731
8.292	 3.56	 1	 -43.1648	  171.2713
8.296	 2.40	 1	 -42.7021	  169.4654
8.296	 2.55	 1	 -39.2857	  176.4544
8.305	 2.15	 1	 -45.4472	  172.3623
8.309	 2.49	 1	 -42.9922	  173.5983
8.316	 2.06	 1	 -43.5358	  170.0794
8.317	 2.66	 1	 -44.3579	  175.6337
8.318	 4.65	 1	 -44.8999	  167.6922
8.322	 2.13	 2	 -44.8908	  167.8193
8.326	 2.02	 2	 -44.8924	  167.6809
8.328	 2.04	 1	 -42.5409	  173.1864
8.334	 2.69	 1	 -40.6216	  172.6793
8.337	 2.52	 1	 -44.3978	  167.3613
8.339	 2.11	 1	 -39.6085	  172.3013
8.339	 2.63	 1	 -44.2637	  170.4023
8.340	 2.01	 1	 -43.8437	  167.1082
8.341	 2.29	 1	 -43.2032	  171.3388
8.346	 2.39	 2	 -44.8927	  167.6687
8.348	 2.13	 1	 -43.0749	  174.8541
8.352	 2.35	 2	 -44.9046	  167.7737
8.353	 2.33	 2	 -44.8696	  167.7095
8.353	 2.58	 1	 -40.3284	  173.7649
8.354	 2.39	 1	 -42.4450	  176.6758
8.357	 2.80	 1	 -40.1594	  178.0769
8.357	 2.21	 1	 -40.6474	  167.5737
8.357	 2.57	 2	 -44.3988	  167.3608
8.362	 2.17	 1	 -40.5062	  169.4286
8.364	 3.54	 2	 -44.9542	  167.4895
8.365	 2.50	 2	 -42.1120	  166.9557
8.365	 2.25	 1	 -38.9931	  176.4999
8.371	 2.45	 1	 -42.5550	  173.2825
8.372	 2.22	 1	 -42.2095	  174.3249
8.373	 2.10	 1	 -41.2330	  175.1761
8.402	 2.05	 1	 -42.4752	  173.7275
8.415	 2.19	 1	 -46.6862	  175.8336
8.424	 2.09	 1	 -46.0586	  168.9657
8.435	 2.08	 1	 -41.7898	  175.3833
8.439	 2.06	 1	 -39.6193	  172.7601
8.440	 2.00	 1	 -41.2314	  169.9127
8.444	 2.79	 1	 -43.2747	  168.4741
8.453	 2.67	 1	 -42.5887	  173.6826
8.453	 2.03	 1	 -43.8585	  172.3994
8.466	 3.58	 1	 -42.0192	  172.1064
8.469	 2.89	 1	 -42.0512	  172.3869
8.473	 3.83	 1	 -41.6177	  168.9393
8.477	 2.35	 1	 -43.9417	  171.3181
8.479	 2.41	 1	 -42.0950	  171.7134
8.497	 2.93	 1	 -43.1672	  171.6478
8.499	 3.52	 1	 -43.5060	  175.5556
8.500	 2.24	 1	 -41.8293	  170.3858
8.501	 2.21	 1	 -41.3159	  171.6872
8.512	 2.13	 1	 -43.7186	  178.9785
8.513	 2.45	 1	 -42.5592	  172.7991
8.516	 2.92	 1	 -45.9064	  177.1278
8.523	 2.56	 1	 -43.1289	  172.7543
8.533	 3.72	 1	 -42.9050	  170.5935
8.534	 2.01	 1	 -43.6298	  173.3608
8.537	 2.08	 1	 -40.0826	  168.0403
8.541	 2.02	 1	 -43.8827	  172.6632
8.552	 2.98	 2	 -42.9226	  170.6044
8.561	 2.91	 1	 -42.6836	  173.3119
8.562	 2.71	 1	 -38.2590	  172.0013
8.566	 2.03	 2	 -44.8979	  167.6933
8.571	 2.31	 1	 -44.6507	  172.7467
8.587	 2.44	 1	 -42.3919	  173.3191
8.593	 2.09	 1	 -43.4129	  168.6350
8.594	 2.37	 1	 -42.5368	  172.8727
8.603	 2.07	 1	 -43.4214	  174.3276
8.621	 2.36	 1	 -40.1901	  172.2415
8.622	 2.26	 1	 -41.2664	  173.1448
8.641	 2.09	 1	 -41.8376	  175.5310
8.645	 2.11	 1	 -41.4825	  172.7078
8.647	 3.40	 1	 -44.8309	  178.4039
8.650	 2.10	 1	 -42.4519	  173.1393
8.658	 2.18	 1	 -42.7797	  173.4455
8.662	 2.24	 1	 -38.2089	  172.5583
8.669	 2.11	 1	 -42.9907	  177.0726
8.678	 3.05	 2	 -44.8858	  167.7027
8.679	 3.24	 1	 -44.5286	  170.1555
8.689	 2.06	 1	 -44.7865	  167.6082
8.692	 2.50	 1	 -43.1092	  172.6797
8.698	 2.13	 1	 -40.4084	  172.8730
8.704	 3.42	 1	 -41.8727	  174.1612
8.706	 2.29	 1	 -43.8477	  175.9042
8.720	 2.39	 1	 -38.2998	  174.3298
8.732	 2.12	 1	 -42.7297	  174.9777
8.733	 2.93	 1	 -43.1579	  173.6079
8.739	 2.42	 1	 -42.4802	  169.3718
8.744	 2.07	 2	 -42.7626	  173.8084
8.748	 2.46	 1	 -44.3563	  170.6693
8.749	 2.06	 1	 -40.7844	  173.8535
8.756	 2.86	 1	 -47.1856	  173.2643
8.759	 2.42	 1	 -43.6106	  167.0332
8.763	 2.08	 1	 -40.8837	  177.4766
8.769	 2.75	 1	 -45.9676	  176.5629
8.780	 3.04	 1	 -40.5360	  172.8406
8.782	 2.53	 2	 -44.9038	  167.6907
8.784	 2.32	 1	 -44.7145	  169.7992
8.785	 2.27	 1	 -41.7346	  178.9995
8.800	 2.29	 1	 -42.0527	  173.4797
8.802	 2.34	 1	 -40.7536	  174.5144
8.802	 2.24	 1	 -42.9650	  171.5900
8.808	 2.01	 1	 -41.2044	  174.4242
8.813	 2.68	 1	 -43.4259	  175.0930
8.816	 2.26	 1	 -42.6951	  173.1852
8.825	 2.27	 1	 -42.1832	  173.1777
8.828	 2.50	 1	 -43.8731	  172.8958
8.830	 2.19	 1	 -46.5226	  169.8169
8.831	 2.06	 1	 -39.0975	  176.6968
8.834	 2.84	 1	 -43.9486	  174.3116
8.864	 2.56	 1	 -38.3282	  174.4948
8.881	 2.25	 1	 -44.2030	  172.3490
8.894	 2.51	 2	 -42.9843	  171.3923
8.897	 2.52	 1	 -40.4282	  174.5631
8.902	 2.35	 1	 -38.3695	  177.2312
8.905	 2.56	 1	 -44.2068	  173.7968
8.923	 3.34	 1	 -42.6797	  172.9221
8.927	 2.87	 1	 -44.8167	  167.6300
8.928	 2.00	 1	 -42.6382	  173.2641
8.930	 3.88	 1	 -43.5805	  175.5650
8.934	 2.59	 1	 -42.0217	  174.1644
8.935	 2.14	 1	 -44.7453	  173.8638
8.942	 2.92	 1	 -41.3329	  167.1907
8.946	 3.94	 1	 -42.4092	  173.1594
8.954	 2.11	 1	 -42.7550	  173.0608
8.956	 2.68	 1	 -43.4899	  179.0430
8.968	 2.65	 1	 -41.7209	  173.4548
8.971	 2.07	 1	 -38.9110	  169.7119
8.986	 2.29	 1	 -42.1684	  177.6628
8.999	 2.61	 1	 -43.7015	  174.7668
9.004	 2.24	 1	 -44.4384	  177.7215
9.010	 2.52	 1	 -47.0610	  171.5722
9.016	 2.74	 1	 -42.2820	  169.2800
9.024	 2.23	 1	 -46.1372	  176.9545
9.039	 2.35	 1	 -44.9183	  172.8378
9.044	 2.45	 1	 -44.2209	  177.9455
9.044	 2.65	 1	 -39.1965	  176.8696
9.052	 2.44	 1	 -38.5681	  175.4592
9.053	 2.10	 1	 -45.5045	  172.6591
9.071	 3.47	 1	 -42.5340	  174.1639
9.081	 2.32	 1	 -43.7865	  172.0684
9.105	 2.07	 1	 -41.6306	  173.2880
9.111	 2.03	 1	 -45.2830	  169.1917
9.121	 2.41	 1	 -40.0035	  173.4041
9.124	 2.41	 1	 -41.4487	  173.2095
9.136	 2.01	 1	 -44.6414	  178.0013
9.137	 2.25	 1	 -43.6438	  174.1632
9.137	 2.04	 1	 -43.6903	  173.1780
9.138	 2.00	 1	 -47.1888	  173.0955
9.141	 2.02	 1	 -42.3435	  174.0199
9.153	 2.70	 1	 -44.5347	  170.5818
9.169	 2.03	 1	 -44.6454	  174.9197
9.175	 2.45	 1	 -43.2304	  172.5387
9.179	 2.44	 2	 -41.4340	  173.2009
9.185	 2.77	 1	 -43.8745	  173.1791
9.216	 2.24	 1	 -45.8109	  177.4298
9.216	 2.14	 1	 -42.6751	  172.4945
9.242	 2.08	 1	 -41.7981	  173.9622
9.242	 2.44	 1	 -41.8961	  173.4748
9.245	 2.07	 1	 -47.1517	  172.2341
9.258	 2.25	 1	 -41.7418	  174.2058
9.263	 2.22	 1	 -41.4918	  172.2251
9.263	 2.39	 1	 -46.1526	  169.1149
9.268	 2.07	 1	 -42.2146	  174.0106
9.275	 2.36	 1	 -42.5828	  173.6641
9.279	 2.32	 1	 -39.0753	  169.3880
9.282	 2.45	 1	 -46.8196	  170.5933
9.284	 2.07	 1	 -39.4470	  172.6930
9.290	 2.50	 1	 -45.9001	  168.7346
9.291	 2.32	 1	 -40.7083	  171.5019
9.310	 3.27	 1	 -41.7126	  178.5709
9.311	 2.04	 1	 -41.6886	  174.2682
9.326	 2.22	 1	 -45.5053	  177.7953
9.336	 2.55	 1	 -43.3307	  173.3059
9.337	 2.43	 1	 -39.4950	  168.7208
9.352	 2.58	 1	 -46.0171	  177.1413
9.361	 2.88	 1	 -40.7638	  178.5486
9.375	 2.33	 1	 -42.8695	  170.5733
9.382	 2.31	 1	 -44.5842	  174.2254
9.389	 2.65	 1	 -43.4838	  172.6400
9.396	 4.29	 1	 -39.1075	  172.5975
9.398	 2.29	 1	 -39.8566	  171.8311
9.403	 2.34	 1	 -42.3432	  172.4266
9.406	 2.16	 2	 -38.9429	  172.5827
9.407	 3.48	 1	 -41.9110	  173.6776
9.408	 2.04	 1	 -39.0876	  169.3654
9.412	 2.65	 2	 -40.7659	  178.5437
9.413	 2.53	 1	 -45.5997	  168.3549
9.414	 2.25	 2	 -39.1759	  172.6808
9.418	 2.85	 1	 -42.6208	  178.1704
9.429	 3.19	 1	 -40.1589	  172.9885
9.434	 2.10	 1	 -39.3409	  168.9436
9.444	 2.61	 1	 -46.0057	  177.1584
9.450	 2.14	 1	 -42.4546	  171.8792
9.457	 2.07	 1	 -42.3250	  169.3335
9.460	 2.12	 1	 -42.5361	  171.0208
9.463	 2.55	 1	 -42.8833	  173.3536
9.463	 2.54	 1	 -43.3137	  166.9630
9.465	 2.22	 1	 -41.1193	  167.2910
9.474	 2.13	 1	 -42.4759	  172.6931
9.510	 3.03	 1	 -42.5583	  173.0762
9.514	 3.59	 1	 -46.0498	  170.4113
9.521	 2.53	 1	 -39.2686	  169.0564
9.521	 2.43	 1	 -42.6750	  171.5697
9.528	 2.26	 1	 -43.7987	  175.6371
9.530	 2.21	 2	 -40.7335	  171.4103
9.533	 2.40	 1	 -42.9276	  171.2755
9.533	 2.31	 2	 -42.0406	  173.6929
9.541	 2.57	 1	 -39.6295	  177.5010
9.546	 2.70	 1	 -43.1719	  171.9656
9.555	 2.40	 2	 -41.9275	  173.6980
9.575	 2.59	 1	 -43.3928	  179.0653
9.576	 2.22	 1	 -43.1653	  173.0244
9.578	 2.04	 1	 -40.9771	  170.3209
9.595	 3.31	 1	 -41.4685	  169.4915
9.607	 2.56	 1	 -46.0869	  172.0212
9.612	 2.00	 1	 -46.3214	  173.9641
9.613	 2.26	 1	 -43.2160	  170.6419
9.616	 2.19	 1	 -41.5092	  174.2213
9.621	 2.83	 1	 -41.6513	  168.4401
9.639	 2.06	 1	 -39.8864	  177.8025
9.649	 2.10	 1	 -42.3312	  173.0137
9.665	 5.09	 1	 -44.3380	  178.7156
9.667	 2.05	 1	 -42.7075	  172.4355
9.669	 2.31	 1	 -40.8594	  170.1279
9.672	 2.53	 1	 -44.3269	  172.5444
9.676	 2.55	 2	 -44.2966	  178.7354
9.678	 2.10	 2	 -44.3830	  178.5972
9.679	 2.50	 2	 -44.3220	  178.7299
9.682	 2.61	 1	 -40.0111	  168.1111
9.683	 2.73	 2	 -44.3981	  178.8510
9.690	 2.47	 2	 -44.3175	  178.7583
9.697	 2.13	 2	 -42.0346	  173.7230
9.699	 2.34	 1	 -43.9830	  170.5720
9.707	 3.50	 1	 -44.8675	  172.8210
9.745	 3.29	 1	 -41.2147	  172.0862
9.761	 4.26	 1	 -45.5584	  170.6522
9.770	 2.01	 2	 -44.3513	  178.7057
9.780	 2.10	 1	 -41.5425	  178.9365
9.780	 2.13	 1	 -43.7465	  170.9751
9.783	 2.52	 1	 -38.9975	  169.5358
9.788	 2.34	 1	 -44.1016	  167.2125
9.813	 2.41	 1	 -41.8325	  169.9737
9.817	 3.28	 1	 -40.4706	  169.2975
9.822	 2.10	 1	 -41.2577	  170.4046
9.828	 2.04	 1	 -44.9584	  172.2143
9.836	 2.07	 1	 -39.5219	  177.3603
9.836	 2.17	 2	 -39.5187	  177.3539
9.838	 3.63	 1	 -38.8414	  176.1803
9.842	 2.27	 1	 -43.4704	  169.7174
9.843	 2.23	 2	 -44.3132	  172.5518
9.845	 2.30	 1	 -42.3745	  173.6829
9.845	 2.35	 1	 -42.6702	  169.0530
9.845	 2.92	 1	 -41.9440	  174.6559
9.851	 5.43	 1	 -44.7116	  178.4885
9.855	 2.27	 2	 -44.8456	  178.4724
9.856	 2.29	 2	 -44.7205	  177.9132
9.857	 2.21	 1	 -41.4813	  170.6197
9.864	 2.53	 2	 -44.7211	  178.4718
9.865	 2.46	 1	 -42.1660	  179.0979
9.869	 2.28	 2	 -44.7443	  178.3277
9.874	 2.21	 1	 -41.1375	  171.0727
9.875	 2.64	 1	 -43.9397	  171.8748
9.878	 2.19	 1	 -42.4109	  176.3356
9.881	 2.25	 2	 -44.7001	  178.4748
9.886	 2.48	 2	 -44.7260	  178.5034
9.888	 2.74	 1	 -42.2068	  175.2314
9.889	 2.17	 1	 -45.2921	  168.0303
9.891	 2.21	 1	 -41.6107	  171.7645
9.899	 2.81	 1	 -42.6244	  179.1393
9.906	 2.24	 1	 -43.1194	  173.9379
9.906	 2.46	 1	 -44.4102	  176.9366
9.927	 2.12	 1	 -43.3858	  174.6185
9.929	 2.59	 1	 -42.2204	  171.9609
9.933	 2.38	 2	 -44.6539	  178.5361
9.935	 2.45	 3	 -44.6666	  178.5307
9.944	 2.46	 1	 -38.9774	  173.3412
9.947	 2.15	 1	 -41.9391	  171.9777
9.948	 2.00	 1	 -44.7353	  170.3118
9.949	 2.42	 2	 -44.7031	  178.5155
9.959	 2.58	 1	 -42.3319	  170.6057
9.964	 2.10	 2	 -44.3242	  179.1443
9.965	 2.37	 1	 -41.6137	  173.1513
9.967	 2.70	 2	 -46.0146	  170.3969
9.970	 2.25	 1	 -45.2130	  171.7974
9.970	 2.35	 1	 -42.9438	  172.6495
9.978	 2.37	 1	 -44.7381	  168.5641
9.978	 2.48	 1	 -45.1370	  178.1570
9.993	 2.40	 1	 -42.1596	  171.6231
10.001	 2.05	 1	 -42.4227	  168.5328
10.009	 2.13	 1	 -41.5091	  172.4185
10.011	 3.02	 1	 -45.8491	  177.3791
10.012	 2.03	 1	 -43.4347	  172.6550
10.012	 2.19	 2	 -43.4339	  172.6357
10.021	 2.73	 2	 -45.8312	  175.1939
10.036	 2.02	 1	 -41.1910	  173.8814
10.042	 2.05	 1	 -41.6244	  172.9837
10.048	 2.13	 1	 -41.9400	  169.6137
10.048	 2.04	 1	 -42.8361	  174.1926
10.050	 2.00	 1	 -42.6578	  173.0196
10.069	 2.11	 1	 -44.7176	  173.0339
10.074	 2.81	 1	 -38.4520	  174.1649
10.079	 2.15	 1	 -42.2401	  173.4827
10.083	 2.36	 1	 -42.0938	  179.0855
10.090	 3.07	 2	 -42.3522	  179.0853
10.095	 2.02	 1	 -42.7121	  173.3392
10.097	 2.17	 1	 -43.6484	  173.7551
10.107	 2.56	 2	 -44.6981	  178.5596
10.121	 2.45	 1	 -42.4417	  173.2258
10.125	 3.02	 1	 -42.7048	  173.7635
10.127	 2.13	 2	 -44.7106	  178.4161
10.133	 2.08	 1	 -39.2919	  173.4451
10.136	 3.04	 1	 -43.3616	  170.4828
10.139	 2.28	 2	 -45.0484	  178.9085
10.143	 2.19	 1	 -40.3766	  176.0738
10.147	 2.36	 1	 -41.2722	  172.3778
10.147	 2.18	 1	 -40.8456	  172.9864
10.150	 2.35	 2	 -43.3495	  170.4952
10.160	 2.37	 1	 -43.2714	  172.6884
10.162	 2.10	 1	 -41.4562	  174.3284
10.174	 2.28	 1	 -42.6775	  174.7388
10.199	 2.32	 1	 -42.2786	  172.2723
10.207	 2.25	 1	 -41.8698	  173.4928
10.212	 2.14	 2	 -42.7046	  173.7627
10.228	 3.23	 2	 -44.3121	  178.7056
10.243	 2.03	 1	 -38.4856	  170.8619
10.243	 2.61	 1	 -40.5159	  172.9871
10.253	 3.25	 3	 -44.8808	  167.6827
10.262	 2.45	 1	 -43.9991	  174.0046
10.264	 2.00	 3	 -44.6982	  178.5600
10.267	 2.41	 1	 -40.3560	  178.2491
10.271	 3.71	 1	 -41.9775	  175.6622
10.277	 2.50	 1	 -38.5018	  170.8044
10.278	 2.17	 3	 -44.7127	  178.0791
10.278	 2.23	 1	 -41.7932	  173.8226
10.281	 3.38	 1	 -45.2449	  167.9855
10.284	 2.50	 1	 -45.9427	  177.2499
10.289	 2.19	 1	 -44.2011	  174.6358
10.296	 2.07	 1	 -38.8765	  176.2581
10.302	 2.19	 1	 -42.5509	  166.9074
10.308	 2.23	 1	 -43.7497	  175.6530
10.313	 2.04	 1	 -42.0276	  173.7011
10.326	 2.46	 1	 -40.8623	  173.5338
10.333	 2.14	 1	 -40.4344	  178.3126
10.336	 2.28	 1	 -44.2441	  178.1521
10.338	 2.26	 2	 -44.6659	  178.4520
10.341	 3.05	 1	 -39.4724	  175.1396
10.344	 2.11	 2	 -39.4612	  175.1465
10.345	 2.42	 1	 -45.6678	  177.6093
10.345	 2.30	 1	 -41.9843	  172.1547
10.347	 2.49	 1	 -43.4600	  166.9941
10.361	 2.22	 1	 -44.4973	  168.3066
10.373	 2.12	 1	 -42.8156	  170.9869
10.385	 3.03	 1	 -43.2854	  172.4729
10.387	 2.17	 1	 -42.6975	  172.5876
10.395	 2.10	 1	 -42.7373	  166.9046
10.408	 2.21	 1	 -44.2662	  173.0905
10.411	 3.26	 1	 -41.6546	  171.0929
10.419	 2.19	 1	 -47.1792	  172.6160
10.422	 2.25	 1	 -39.7988	  169.7008
10.428	 2.01	 1	 -40.0856	  168.0374
10.429	 2.70	 1	 -44.8410	  167.6478
10.434	 2.02	 1	 -41.1704	  178.7787
10.485	 2.67	 1	 -43.8924	  174.6268
10.488	 2.04	 2	 -41.9974	  175.6150
10.492	 2.23	 1	 -47.0563	  171.5460
10.500	 2.01	 1	 -42.6411	  173.8685
10.518	 3.45	 1	 -42.4942	  173.7474
10.528	 2.00	 1	 -43.6325	  179.0048
10.535	 2.53	 1	 -40.5266	  175.5122
10.536	 2.81	 1	 -45.2087	  174.4607
10.537	 2.55	 1	 -42.7181	  172.3178
10.556	 2.19	 1	 -42.1447	  171.8805
10.565	 2.11	 1	 -47.0402	  174.5836
10.575	 2.62	 1	 -42.4699	  177.5996
10.577	 2.20	 1	 -42.1707	  170.8730
10.583	 2.07	 1	 -39.8649	  177.7790
10.584	 2.91	 1	 -42.2087	  172.4443
10.590	 2.46	 1	 -45.9397	  171.3065
10.590	 2.49	 1	 -42.4624	  173.6899
10.601	 2.42	 1	 -41.6444	  178.9714
10.601	 3.61	 1	 -40.0994	  171.0916
10.604	 2.66	 1	 -46.0749	  168.9909
10.606	 2.82	 1	 -42.0605	  173.3693
10.613	 2.16	 1	 -43.3816	  171.5612
10.616	 2.01	 1	 -42.6052	  172.5141
10.616	 2.27	 1	 -42.8373	  171.7952
10.639	 2.80	 1	 -42.6475	  173.0824
10.641	 2.49	 1	 -42.7454	  172.5505
10.664	 2.56	 1	 -39.2973	  169.0110
10.670	 2.30	 1	 -40.8247	  174.0392
10.676	 2.61	 1	 -44.5043	  174.0516
10.687	 2.57	 2	 -42.5694	  173.5805
10.689	 2.28	 1	 -46.6654	  175.8877
10.692	 2.53	 1	 -43.2842	  174.7072
10.699	 3.10	 1	 -43.3729	  172.2304
10.700	 2.69	 1	 -42.4536	  173.6892
10.705	 2.64	 2	 -42.7014	  172.4191
10.708	 2.18	 2	 -44.3658	  178.7282
10.714	 2.20	 1	 -42.5816	  170.9558
10.716	 2.17	 2	 -44.6268	  178.4331
10.719	 2.57	 1	 -42.1761	  173.4551
10.740	 3.04	 1	 -42.1961	  173.7125
10.748	 2.31	 1	 -42.3760	  172.8635
10.752	 3.15	 1	 -45.9143	  168.7543
10.757	 3.16	 1	 -43.9562	  178.8934
10.775	 2.16	 1	 -43.0342	  171.5420
10.806	 2.94	 1	 -43.6158	  175.3915
10.807	 2.01	 2	 -43.5889	  175.8226
10.856	 2.29	 1	 -46.6374	  170.0860
10.857	 2.66	 1	 -40.8025	  172.5012
10.862	 2.49	 1	 -42.4174	  174.6844
10.871	 2.63	 1	 -45.8438	  168.6580
10.873	 2.03	 1	 -43.1616	  172.9547
10.875	 2.90	 1	 -38.3341	  171.5173
10.932	 3.14	 1	 -39.7074	  173.4140
10.932	 2.03	 1	 -42.8309	  174.5317
10.944	 3.62	 1	 -41.0597	  173.9148
10.958	 2.02	 1	 -41.5918	  176.5464
10.975	 2.25	 1	 -42.9000	  166.9108
10.975	 2.13	 1	 -41.9463	  172.6625
10.980	 2.39	 1	 -42.8857	  173.3889
11.007	 2.66	 1	 -43.8363	  170.5018
11.010	 2.45	 1	 -41.2231	  172.4027
11.027	 2.27	 1	 -43.3840	  171.1866
11.052	 2.67	 1	 -42.2335	  172.7745
11.064	 2.02	 1	 -43.9547	  172.4878
11.075	 2.06	 1	 -41.8350	  172.5354
11.096	 2.23	 1	 -43.0147	  168.9882
11.103	 2.64	 1	 -43.4550	  172.4950
11.114	 2.48	 1	 -45.9282	  176.3424
11.115	 2.22	 1	 -43.3783	  173.3736
11.150	 2.33	 1	 -44.4828	  175.8312
11.157	 2.04	 2	 -44.3034	  178.6533
11.167	 2.38	 1	 -39.3371	  174.5665
11.171	 2.45	 1	 -41.7587	  174.5475
11.175	 3.61	 1	 -43.8177	  173.3660
11.182	 3.45	 1	 -42.0033	  172.7453
11.182	 2.12	 1	 -44.5026	  173.1554
11.197	 2.46	 1	 -43.2691	  166.9548
11.198	 2.30	 1	 -45.2348	  167.9760
11.199	 2.10	 2	 -44.6884	  178.5531
11.208	 2.22	 2	 -41.0591	  173.9164
11.215	 2.21	 1	 -43.9183	  178.9083
11.221	 2.21	 2	 -41.9906	  172.7478
11.241	 2.99	 1	 -42.9989	  172.0293
11.249	 2.25	 1	 -43.0243	  176.9495
11.252	 2.31	 1	 -42.7461	  173.3042
11.287	 2.07	 1	 -41.6375	  169.7656
11.290	 2.93	 1	 -41.8055	  172.9643
11.303	 2.43	 1	 -43.4067	  173.3763
11.304	 3.07	 1	 -42.0862	  172.8229
11.315	 2.13	 1	 -43.2548	  179.0919
11.323	 2.10	 1	 -47.1096	  174.1680
11.341	 2.23	 1	 -41.7098	  174.1860
11.342	 2.04	 1	 -40.6792	  167.5518
11.360	 3.22	 1	 -42.2643	  175.1343
11.360	 2.43	 1	 -43.7044	  176.5763
11.364	 2.01	 1	 -42.7750	  174.5229
11.366	 2.27	 1	 -43.0158	  174.0703
11.369	 2.30	 1	 -41.7767	  170.9929
11.391	 2.20	 1	 -43.8648	  174.6493
11.391	 2.54	 1	 -47.1780	  172.5919
11.401	 2.28	 2	 -44.6591	  178.5686
11.411	 2.48	 1	 -43.0339	  173.2472
11.438	 2.58	 1	 -43.6204	  169.9005
11.463	 2.36	 1	 -44.0275	  172.5647
11.473	 3.32	 1	 -44.1572	  172.4711
11.475	 2.93	 2	 -44.7078	  178.4638
11.477	 2.40	 1	 -39.6890	  171.4353
11.480	 2.02	 2	 -44.5527	  178.4070
11.484	 2.17	 1	 -40.9566	  171.2917
11.491	 2.17	 1	 -42.1088	  179.0882
11.495	 2.22	 1	 -40.5482	  172.9509
11.510	 2.38	 1	 -41.3769	  173.1153
11.565	 2.16	 1	 -38.9426	  169.6460
11.571	 2.23	 1	 -41.0234	  178.7028
11.574	 2.03	 1	 -44.5388	  168.9611
11.584	 2.74	 1	 -38.1979	  172.8426
11.605	 2.42	 1	 -45.1618	  167.9093
11.613	 2.07	 1	 -44.3862	  172.0055
11.626	 2.27	 1	 -42.0784	  172.3486
11.633	 2.83	 1	 -44.1436	  173.1843
11.645	 2.06	 1	 -40.8190	  167.4607
11.677	 2.04	 1	 -44.3928	  167.8175
11.679	 2.37	 1	 -42.2646	  173.6907
11.709	 3.36	 1	 -42.8672	  172.6886
11.727	 2.63	 1	 -41.6780	  177.5566
11.743	 2.03	 1	 -43.4339	  166.9881
11.744	 2.99	 1	 -45.8695	  177.3516
11.749	 2.10	 1	 -38.3737	  171.3191
11.758	 2.14	 1	 -46.1796	  176.8847
11.775	 2.44	 1	 -43.3401	  173.7163
11.794	 2.35	 1	 -43.2796	  170.5567
11.794	 3.20	 1	 -41.1944	  173.5168
11.799	 2.08	 1	 -42.3421	  171.9654
11.804	 2.61	 1	 -45.5627	  173.3305
11.804	 2.18	 1	 -43.1895	  171.4698
11.805	 2.75	 1	 -43.7714	  174.9291
11.805	 2.09	 1	 -41.6106	  172.6226
11.815	 2.76	 1	 -43.2931	  175.2495
11.819	 2.89	 1	 -42.0345	  179.0741
11.852	 2.30	 1	 -44.9557	  176.6301
11.878	 2.02	 1	 -41.0800	  172.2494
11.893	 2.11	 1	 -42.0683	  166.9636
11.897	 2.05	 1	 -42.6811	  166.9044
11.909	 2.55	 1	 -41.6175	  172.1584
11.914	 2.12	 1	 -40.1851	  171.8615
11.919	 2.12	 1	 -46.5029	  175.4202
11.944	 2.97	 1	 -46.3222	  176.6333
11.993	 2.77	 1	 -42.4084	  173.4402
12.020	 2.57	 1	 -42.0933	  173.5600
12.023	 3.08	 1	 -44.9337	  178.3259
12.024	 2.68	 1	 -43.6778	  174.0343
12.041	 2.46	 1	 -42.7495	  170.8363
12.045	 3.06	 1	 -43.1837	  173.3919
12.047	 2.01	 1	 -46.1227	  176.6819
12.047	 3.26	 1	 -38.2927	  174.2848
12.048	 2.21	 1	 -44.0492	  170.6081
12.058	 2.12	 1	 -42.6142	  177.6359
12.077	 2.21	 1	 -45.3251	  175.1311
12.086	 2.22	 2	 -44.9970	  176.6618
12.089	 2.24	 1	 -42.3103	  173.7018
12.104	 2.33	 1	 -43.6255	  172.3682
12.105	 2.41	 1	 -40.9374	  168.5108
12.123	 2.74	 1	 -43.2890	  172.3937
12.131	 2.34	 1	 -42.4789	  172.7575
12.142	 4.13	 1	 -42.0320	  175.1770
12.148	 2.07	 1	 -38.2511	  173.9778
12.148	 3.10	 2	 -42.0421	  175.1674
12.152	 2.00	 3	 -42.0243	  175.1111
12.159	 2.05	 1	 -42.3323	  173.9165
12.170	 2.23	 1	 -45.4395	  168.8183
12.176	 2.33	 1	 -42.2830	  172.5050
12.183	 2.45	 1	 -43.2972	  179.0844
12.184	 2.12	 1	 -43.2605	  171.6532
12.197	 2.63	 1	 -38.3273	  174.4900
12.218	 2.20	 1	 -46.9660	  174.9252
12.244	 2.03	 1	 -42.0976	  174.0725
12.248	 2.78	 1	 -43.7309	  172.6259
12.252	 2.19	 2	 -42.3861	  175.1917
12.270	 2.13	 1	 -44.7615	  171.8904
12.276	 2.26	 1	 -41.7409	  173.7564
12.281	 2.93	 1	 -42.3160	  166.9258
12.285	 2.11	 1	 -40.2780	  170.1432
12.296	 2.32	 1	 -42.9316	  172.5795
12.304	 2.36	 1	 -41.4819	  171.3230
12.317	 2.24	 1	 -42.4424	  172.0072
12.321	 2.41	 1	 -43.1534	  171.4154
12.325	 2.29	 1	 -43.0453	  173.7836
12.336	 2.13	 1	 -43.4268	  168.8184
12.337	 2.41	 1	 -40.8862	  172.0184
12.344	 2.36	 1	 -42.7824	  171.0634
12.356	 2.51	 1	 -46.5653	  171.2024
12.391	 2.10	 1	 -46.6666	  170.1597
12.394	 2.35	 1	 -40.0222	  168.0999
12.399	 2.60	 2	 -42.0314	  175.1782
12.404	 2.48	 1	 -40.3627	  171.3764
12.404	 2.11	 1	 -45.8489	  168.6648
12.426	 2.28	 1	 -42.2028	  173.5353
12.428	 2.11	 1	 -39.8526	  168.2789
12.429	 2.18	 1	 -42.0865	  172.6152
12.452	 2.00	 1	 -38.5709	  170.5764
12.461	 2.37	 1	 -39.2523	  173.1045
12.500	 2.14	 1	 -43.2809	  174.1722
12.544	 2.16	 1	 -39.1054	  169.3331
12.564	 2.35	 1	 -41.6119	  176.0706
12.564	 2.63	 1	 -43.6159	  173.4292
12.585	 2.90	 1	 -43.7719	  172.9027
12.588	 2.54	 1	 -43.6402	  172.5491
12.591	 2.17	 1	 -42.5380	  173.8535
12.609	 2.35	 1	 -40.4694	  178.3399
12.647	 2.33	 1	 -41.8689	  173.1200
12.654	 2.86	 1	 -39.6037	  170.6738
12.685	 2.54	 1	 -38.3072	  174.3746
12.697	 2.50	 1	 -42.0705	  172.2806
12.698	 2.20	 1	 -42.2162	  173.7568
12.720	 2.02	 1	 -47.1001	  171.8110
12.722	 2.50	 1	 -41.1322	  173.7045
12.732	 2.09	 1	 -43.3257	  171.6298
12.736	 3.09	 1	 -42.9373	  172.2041
12.737	 2.48	 1	 -41.4559	  167.1402
12.737	 2.24	 1	 -39.0020	  176.0140
12.741	 2.54	 1	 -38.3605	  171.3823
12.746	 3.22	 1	 -40.4072	  178.2909
12.747	 3.00	 1	 -41.8207	  170.8764
12.749	 2.59	 1	 -41.6395	  172.9676
12.774	 2.20	 1	 -41.1351	  167.2830
12.800	 2.48	 1	 -45.5802	  168.3325
12.814	 2.33	 1	 -39.1420	  169.2682
12.817	 2.08	 1	 -41.3170	  172.7316
12.825	 2.23	 1	 -43.2750	  172.7894
12.837	 2.24	 1	 -40.2069	  178.1203
12.847	 2.84	 1	 -46.7566	  175.6402
12.883	 2.33	 1	 -44.2530	  172.4730
12.899	 2.00	 1	 -43.6852	  172.7485
12.903	 2.97	 1	 -39.9261	  168.1992
12.925	 3.19	 1	 -47.0077	  174.7425
12.927	 2.04	 1	 -46.4516	  173.7823
12.927	 2.19	 1	 -40.2617	  173.0264
12.931	 3.08	 1	 -40.9112	  175.6882
12.941	 2.86	 1	 -43.7711	  172.2126
12.953	 2.40	 1	 -40.3538	  176.5417
12.958	 2.19	 1	 -42.8829	  173.0071
12.967	 3.24	 2	 -40.9373	  175.7049
12.972	 3.00	 1	 -42.2420	  173.6034
13.000	 2.03	 1	 -42.6463	  171.6838
13.005	 2.21	 1	 -41.5902	  174.2320
13.025	 2.22	 1	 -41.0285	  171.0959
13.067	 2.21	 1	 -42.3855	  171.3428
13.081	 2.06	 1	 -42.4441	  172.6778
13.082	 2.50	 1	 -42.6432	  172.4161
13.089	 2.31	 1	 -41.3959	  173.3074
13.114	 2.69	 1	 -42.2331	  173.4293
13.149	 2.27	 1	 -42.9887	  174.1181
13.211	 2.17	 1	 -38.4648	  170.9385
13.216	 2.83	 1	 -42.8621	  179.1356
13.226	 2.02	 1	 -43.4703	  172.3203
13.234	 2.23	 1	 -41.4688	  173.4762
13.251	 3.90	 1	 -42.4035	  174.6963
13.265	 2.38	 1	 -43.2101	  174.4720
13.303	 2.60	 1	 -44.9043	  172.8452
13.308	 2.16	 1	 -43.1451	  173.9671
13.321	 2.66	 1	 -44.6690	  175.8610
13.349	 2.26	 1	 -46.9705	  174.9067
13.354	 2.08	 1	 -41.0249	  173.2247
13.360	 2.42	 1	 -38.5026	  175.2428
13.361	 2.02	 1	 -46.7625	  175.6231
13.372	 2.18	 1	 -42.7182	  171.3197
13.372	 3.48	 1	 -42.1802	  178.4786
13.403	 2.12	 1	 -41.9707	  173.7325
13.415	 2.66	 1	 -42.5479	  172.0930
13.427	 2.83	 2	 -41.0577	  173.9152
13.435	 2.89	 1	 -43.0131	  179.0882
13.442	 2.15	 1	 -43.6118	  176.6215
13.446	 3.06	 1	 -40.7018	  169.0787
13.448	 2.19	 1	 -43.3743	  172.4817
13.456	 2.19	 1	 -41.7336	  174.4947
13.465	 2.20	 1	 -42.0369	  176.1904
13.481	 2.22	 2	 -44.3333	  178.7119
13.483	 2.18	 1	 -45.0803	  171.5167
13.516	 2.87	 1	 -43.1370	  174.5799
13.524	 2.11	 1	 -45.6524	  174.5267
13.558	 2.08	 1	 -45.2392	  167.9800
13.564	 2.23	 1	 -44.3877	  177.5182
13.582	 2.21	 3	 -40.8527	  173.7741
13.610	 2.61	 1	 -43.9819	  178.8831
13.614	 2.48	 1	 -45.0528	  171.5899
13.633	 3.03	 1	 -43.2859	  171.6309
13.640	 2.21	 1	 -42.7367	  175.2881
13.650	 2.67	 1	 -43.2655	  174.7062
13.659	 2.10	 1	 -40.9583	  174.9447
13.669	 2.32	 1	 -42.3495	  173.7021
13.674	 2.15	 1	 -44.9240	  178.3335
13.683	 2.33	 1	 -40.8104	  173.7214
13.683	 2.07	 1	 -46.3996	  176.4848
13.685	 2.96	 2	 -44.6019	  178.4610
13.694	 2.37	 3	 -44.6074	  178.4554
13.712	 2.74	 1	 -38.9347	  169.6623
13.716	 2.70	 1	 -43.9612	  169.4917
13.719	 2.91	 1	 -42.0557	  171.9651
13.720	 2.15	 1	 -41.8868	  174.2208
13.723	 2.53	 1	 -41.6004	  167.0875
13.734	 2.33	 1	 -40.8234	  178.5864
13.738	 3.58	 1	 -42.4881	  174.8861
13.754	 2.80	 1	 -43.6661	  178.9948
13.781	 2.36	 1	 -41.7649	  173.2188
13.782	 2.71	 1	 -43.8184	  171.2377
13.783	 3.47	 1	 -43.1829	  171.8904
13.790	 2.30	 1	 -42.3957	  172.1816
13.796	 2.11	 1	 -46.9501	  171.0539
13.798	 2.03	 1	 -42.8734	  173.6353
13.810	 2.08	 1	 -38.7293	  175.9122
13.812	 2.01	 1	 -40.7518	  172.6284
13.825	 2.83	 1	 -43.4016	  171.6133
13.833	 2.78	 1	 -41.8455	  173.4167
13.884	 2.19	 1	 -47.1766	  172.5653
13.893	 2.31	 1	 -41.5073	  175.9922
13.895	 2.00	 1	 -46.8014	  175.5074
13.905	 2.32	 1	 -43.7707	  167.6929
13.910	 3.26	 1	 -40.7759	  167.4879
13.918	 2.16	 2	 -40.7897	  167.4755
13.944	 2.51	 1	 -41.8566	  173.0857
13.958	 2.49	 1	 -39.2834	  169.0329
13.964	 2.09	 1	 -43.7267	  173.9764
