# Simulation 904
# RelativeTime(days) Magnitude Generation Latitude Longitude
Time Mag Gen Lat Lon
0.084	 2.25	 1	 -42.2202	  173.5725
0.084	 2.26	 1	 -42.4525	  173.2366
0.085	 2.08	 1	 -42.3973	  172.4957
0.085	 2.14	 1	 -42.0263	  173.7526
0.086	 3.25	 1	 -42.2478	  173.6862
0.086	 2.25	 1	 -42.0647	  173.6530
0.087	 2.22	 1	 -42.6897	  173.1597
0.087	 2.62	 1	 -41.6736	  174.1534
0.087	 2.18	 1	 -42.0160	  173.4079
0.088	 2.35	 1	 -42.1986	  173.5798
0.088	 2.03	 1	 -42.0176	  173.7603
0.090	 3.28	 1	 -41.7336	  174.2193
0.091	 2.34	 1	 -42.2761	  173.6517
0.092	 2.04	 1	 -43.2351	  173.3038
0.092	 3.37	 1	 -42.3356	  172.5364
0.092	 3.70	 1	 -42.4771	  173.3091
0.093	 2.66	 1	 -42.5587	  172.9520
0.093	 2.51	 1	 -42.2745	  173.5431
0.093	 2.05	 1	 -42.1380	  173.7050
0.093	 4.29	 1	 -42.2306	  174.1127
0.093	 2.23	 1	 -42.3175	  173.7862
0.094	 2.18	 1	 -42.1979	  173.6453
0.094	 2.98	 1	 -41.7791	  174.2603
0.094	 2.19	 1	 -42.8126	  166.9065
0.095	 2.13	 1	 -42.8477	  172.9529
0.095	 3.21	 1	 -42.3195	  173.6578
0.095	 2.03	 1	 -42.5925	  172.6578
0.096	 2.41	 1	 -41.9223	  173.7623
0.096	 2.50	 1	 -41.7827	  173.5154
0.097	 2.28	 1	 -42.3780	  173.1950
0.097	 2.39	 1	 -43.3162	  172.6122
0.097	 2.61	 1	 -41.6075	  173.1393
0.098	 2.02	 1	 -42.4144	  173.8682
0.098	 2.50	 1	 -43.3939	  174.2310
0.098	 2.72	 1	 -42.2200	  173.5250
0.098	 2.04	 1	 -42.7471	  172.8368
0.099	 2.87	 1	 -42.1865	  173.6483
0.099	 2.15	 1	 -42.8726	  172.9962
0.099	 2.33	 1	 -42.2935	  173.6706
0.100	 2.42	 1	 -42.3883	  173.6946
0.102	 2.23	 1	 -43.3947	  173.2727
0.102	 2.14	 1	 -42.6014	  173.0316
0.102	 2.47	 1	 -43.9992	  171.8682
0.102	 2.48	 1	 -42.7454	  172.7820
0.103	 2.31	 1	 -42.2179	  173.7192
0.103	 2.35	 1	 -42.6149	  173.3176
0.104	 2.28	 1	 -45.6679	  177.6091
0.105	 2.15	 1	 -44.2031	  172.2153
0.105	 2.36	 1	 -42.4353	  174.0609
0.105	 2.97	 1	 -42.1872	  173.3849
0.105	 2.85	 1	 -42.5095	  173.3538
0.106	 2.82	 1	 -42.5069	  173.8194
0.107	 2.27	 1	 -42.0494	  173.6541
0.107	 2.70	 1	 -42.5884	  173.0987
0.108	 2.28	 1	 -42.8491	  173.2518
0.108	 2.80	 1	 -42.1676	  173.5546
0.109	 2.14	 1	 -42.0133	  173.6663
0.109	 2.07	 1	 -42.3831	  173.8938
0.110	 2.01	 1	 -42.4519	  173.3188
0.110	 2.54	 1	 -42.1742	  172.8719
0.111	 2.48	 1	 -41.5145	  173.9462
0.111	 2.82	 1	 -41.4805	  175.3390
0.111	 2.24	 1	 -42.1948	  173.5728
0.112	 2.45	 1	 -41.9775	  173.6468
0.112	 2.59	 1	 -42.4223	  173.9515
0.113	 2.30	 1	 -44.0498	  171.6043
0.113	 3.21	 1	 -42.3924	  173.1532
0.113	 3.25	 1	 -42.3359	  173.7291
0.115	 2.74	 1	 -42.4449	  173.7363
0.115	 2.13	 1	 -45.1566	  173.0842
0.116	 2.26	 1	 -42.1169	  173.7243
0.117	 2.30	 1	 -42.2248	  173.2725
0.117	 2.11	 1	 -42.3365	  173.4469
0.117	 2.52	 1	 -39.6903	  168.4676
0.117	 2.41	 1	 -42.4243	  173.3401
0.118	 2.07	 1	 -41.6199	  174.2316
0.118	 2.65	 1	 -42.4748	  173.6981
0.119	 2.06	 1	 -43.0043	  174.0736
0.120	 2.18	 1	 -41.9951	  173.9364
0.121	 2.52	 1	 -42.4228	  173.5999
0.121	 3.14	 1	 -42.3521	  173.7244
0.121	 2.16	 1	 -42.5716	  173.0926
0.122	 2.33	 1	 -42.9031	  173.1461
0.123	 2.22	 1	 -42.3815	  173.4053
0.123	 2.04	 1	 -41.9676	  173.6941
0.125	 2.12	 1	 -42.0285	  174.0161
0.125	 2.54	 1	 -41.7392	  174.2847
0.126	 3.36	 1	 -41.9698	  173.6025
0.126	 2.10	 1	 -42.2796	  173.7022
0.128	 2.35	 1	 -43.6932	  175.8709
0.128	 2.63	 1	 -42.6127	  173.2965
0.128	 2.40	 1	 -42.0404	  173.7573
0.128	 2.06	 1	 -40.8603	  170.5487
0.128	 2.42	 1	 -43.1267	  173.1985
0.128	 2.18	 1	 -41.6930	  174.1851
0.129	 2.23	 1	 -45.4088	  176.4105
0.130	 2.06	 1	 -42.6358	  172.4303
0.131	 2.05	 1	 -47.1109	  174.1583
0.132	 3.07	 1	 -42.1341	  173.5943
0.132	 2.67	 1	 -42.9986	  174.4068
0.132	 3.82	 1	 -40.8867	  173.6958
0.133	 2.62	 1	 -43.4844	  173.1885
0.133	 2.16	 1	 -42.3175	  173.6072
0.134	 2.13	 1	 -42.5357	  173.0763
0.134	 2.16	 1	 -42.8102	  172.7592
0.135	 2.04	 1	 -42.4364	  173.7494
0.135	 2.12	 1	 -41.9198	  175.0887
0.136	 3.45	 1	 -42.8460	  175.5430
0.137	 2.34	 1	 -42.7681	  172.7801
0.137	 2.49	 1	 -42.6895	  173.3707
0.137	 2.47	 1	 -41.9865	  173.7453
0.137	 2.46	 1	 -43.2671	  172.7579
0.139	 2.90	 1	 -42.5753	  173.0133
0.139	 2.16	 1	 -41.9208	  173.7966
0.140	 2.54	 1	 -42.2242	  173.6603
0.140	 2.34	 1	 -42.4455	  173.7173
0.141	 2.08	 1	 -42.6801	  172.8745
0.141	 2.03	 1	 -43.1543	  171.8392
0.142	 2.04	 1	 -42.2676	  173.5399
0.142	 2.53	 1	 -41.8490	  174.3511
0.144	 2.07	 1	 -41.6628	  174.3242
0.145	 2.10	 1	 -42.2753	  173.5784
0.147	 2.01	 1	 -42.2378	  173.6787
0.147	 2.11	 1	 -42.5572	  173.1104
0.147	 2.07	 1	 -42.4385	  173.9189
0.148	 2.06	 1	 -43.3189	  171.7607
0.148	 3.31	 1	 -42.9960	  173.0855
0.149	 2.08	 1	 -42.2535	  173.5978
0.150	 2.04	 1	 -42.2971	  173.7462
0.150	 2.63	 1	 -42.9250	  173.1031
0.150	 2.32	 1	 -42.7874	  173.0862
0.151	 2.02	 1	 -43.0202	  172.0125
0.152	 2.28	 1	 -41.5873	  174.2371
0.152	 2.34	 1	 -42.0387	  173.5991
0.153	 2.78	 1	 -42.6473	  173.2534
0.154	 2.93	 1	 -42.1671	  173.5600
0.155	 2.05	 1	 -43.5218	  174.2667
0.155	 2.14	 1	 -42.9231	  174.0143
0.156	 2.15	 1	 -42.7141	  173.6728
0.156	 2.15	 1	 -42.7046	  173.1445
0.157	 2.42	 1	 -41.7456	  174.2824
0.157	 2.10	 1	 -42.5464	  173.1173
0.159	 2.71	 1	 -41.9980	  173.7233
0.159	 3.26	 1	 -40.0988	  168.0247
0.160	 2.39	 1	 -42.2642	  173.8368
0.161	 2.22	 1	 -41.7234	  173.9406
0.162	 2.09	 1	 -41.9171	  173.7075
0.163	 2.14	 1	 -42.4145	  173.7837
0.164	 2.67	 1	 -41.6413	  174.3670
0.165	 2.70	 1	 -42.0785	  173.7575
0.166	 2.21	 1	 -42.2863	  173.3947
0.168	 2.10	 1	 -42.4825	  174.2968
0.168	 2.21	 1	 -42.1772	  173.5504
0.168	 2.38	 1	 -42.5804	  173.0590
0.168	 2.39	 1	 -42.5088	  173.1123
0.169	 2.13	 1	 -42.7373	  173.6549
0.169	 2.48	 1	 -41.9036	  173.7612
0.169	 2.19	 1	 -42.6721	  173.2424
0.170	 2.11	 1	 -42.1713	  173.5690
0.171	 2.04	 1	 -42.9537	  172.0292
0.173	 2.06	 1	 -46.0877	  176.0871
0.174	 2.99	 1	 -41.7419	  167.0426
0.175	 2.44	 1	 -42.3797	  172.9937
0.175	 2.26	 1	 -46.4329	  174.2214
0.176	 2.35	 1	 -41.6011	  174.2303
0.177	 2.23	 1	 -40.8822	  174.3698
0.178	 2.43	 1	 -42.9439	  173.7326
0.179	 2.10	 1	 -41.8004	  174.2442
0.180	 2.27	 1	 -42.3668	  173.2435
0.180	 2.49	 1	 -41.8516	  174.2016
0.181	 2.97	 1	 -42.6308	  172.8698
0.183	 2.37	 1	 -44.0208	  167.1773
0.184	 2.03	 1	 -42.7130	  173.0381
0.184	 2.85	 1	 -44.2029	  172.9346
0.185	 2.15	 1	 -43.4921	  173.7047
0.186	 2.51	 1	 -42.3505	  173.7191
0.187	 2.27	 1	 -41.7041	  174.2377
0.187	 2.70	 1	 -44.3914	  173.9586
0.188	 3.03	 1	 -42.5598	  174.3107
0.188	 2.24	 1	 -41.7818	  174.5067
0.189	 2.28	 1	 -42.5622	  173.0117
0.190	 2.37	 1	 -42.3685	  173.8907
0.190	 2.61	 1	 -42.2227	  173.7781
0.190	 2.31	 1	 -42.8405	  173.0076
0.191	 2.30	 1	 -42.5872	  173.0927
0.191	 2.20	 1	 -42.1669	  173.4651
0.192	 2.58	 1	 -42.0957	  171.8599
0.194	 2.13	 1	 -44.5586	  174.0475
0.194	 2.18	 1	 -42.6385	  172.9101
0.195	 2.02	 1	 -41.7201	  174.5305
0.195	 3.14	 1	 -42.8602	  172.8517
0.196	 2.69	 1	 -38.5042	  175.2483
0.196	 2.19	 1	 -42.2900	  173.5761
0.197	 2.21	 1	 -42.5242	  173.2112
0.198	 2.11	 1	 -42.6573	  173.6070
0.198	 2.03	 1	 -42.9845	  171.9819
0.199	 2.38	 1	 -43.1869	  172.6854
0.199	 2.37	 1	 -41.8534	  174.2259
0.199	 2.21	 1	 -41.9062	  173.6821
0.200	 2.52	 1	 -47.0799	  174.3622
0.201	 2.11	 1	 -43.2668	  172.9157
0.201	 2.07	 1	 -42.9367	  171.4948
0.201	 2.17	 1	 -43.0133	  173.6468
0.203	 2.40	 1	 -42.2137	  173.7805
0.205	 2.32	 1	 -38.7555	  175.8980
0.205	 2.11	 1	 -42.4548	  173.8121
0.206	 2.03	 1	 -41.8099	  174.3035
0.208	 2.27	 1	 -42.5574	  173.1261
0.211	 2.27	 1	 -41.7822	  174.4009
0.211	 2.04	 1	 -43.8998	  172.9869
0.212	 2.34	 1	 -42.5412	  174.0280
0.213	 2.02	 1	 -42.3959	  173.3638
0.215	 2.73	 1	 -42.2347	  173.7494
0.216	 2.03	 1	 -42.2361	  172.4028
0.216	 2.33	 1	 -42.6537	  172.9974
0.217	 2.57	 1	 -42.3265	  173.8347
0.219	 2.07	 1	 -42.6845	  172.9681
0.220	 3.34	 1	 -42.5682	  170.9722
0.220	 3.43	 1	 -42.4482	  172.7795
0.221	 2.55	 1	 -42.3956	  173.8557
0.221	 2.03	 1	 -42.2307	  173.6444
0.221	 2.87	 1	 -41.9130	  174.0711
0.224	 2.04	 1	 -42.3544	  173.7958
0.225	 3.04	 1	 -41.9633	  173.7005
0.226	 2.07	 1	 -42.5033	  173.2478
0.226	 2.76	 1	 -42.1925	  173.7949
0.228	 2.03	 1	 -42.1623	  173.1422
0.230	 4.32	 1	 -42.6206	  172.7071
0.231	 2.13	 1	 -42.5109	  171.1400
0.233	 2.16	 1	 -41.6068	  174.3387
0.233	 2.45	 1	 -42.0165	  173.6900
0.234	 2.04	 1	 -42.7175	  172.8848
0.234	 2.69	 1	 -42.2776	  173.9724
0.235	 2.19	 1	 -42.3023	  173.8039
0.238	 2.60	 1	 -42.5318	  173.1601
0.239	 2.27	 1	 -42.2161	  173.2312
0.239	 2.19	 1	 -42.0343	  173.8968
0.239	 2.47	 1	 -42.2016	  173.8203
0.239	 2.84	 1	 -41.8274	  174.1558
0.240	 2.10	 1	 -43.3824	  172.8395
0.242	 2.12	 1	 -42.6189	  172.9294
0.245	 2.16	 1	 -42.1903	  173.6378
0.246	 2.13	 1	 -42.5417	  173.0526
0.247	 2.26	 1	 -42.2836	  173.7806
0.247	 2.08	 1	 -42.0174	  173.7549
0.248	 2.38	 1	 -41.6857	  174.2929
0.249	 2.12	 1	 -42.3224	  173.5860
0.249	 3.38	 1	 -42.0645	  174.8218
0.250	 2.28	 1	 -42.9452	  173.0737
0.253	 2.91	 1	 -43.0327	  172.7269
0.254	 2.77	 1	 -42.2599	  173.7340
0.255	 2.02	 1	 -41.9135	  173.9930
0.258	 2.25	 1	 -42.8145	  173.5014
0.259	 2.80	 1	 -37.7573	  174.0223
0.260	 2.69	 1	 -40.4017	  175.4764
0.260	 2.12	 1	 -42.1663	  173.8244
0.261	 3.18	 1	 -42.5547	  173.7683
0.261	 2.04	 1	 -41.8452	  174.2138
0.261	 2.94	 1	 -42.6138	  173.1238
0.261	 2.48	 1	 -42.2624	  173.6574
0.262	 2.73	 1	 -41.6028	  171.8577
0.264	 2.15	 1	 -42.2067	  172.9079
0.265	 2.17	 1	 -41.7870	  174.2087
0.266	 2.41	 1	 -42.8859	  174.0729
0.267	 2.12	 1	 -42.4133	  172.0918
0.269	 2.70	 1	 -41.6510	  174.2207
0.269	 2.32	 1	 -42.2232	  173.6288
0.270	 2.19	 1	 -41.6985	  174.2369
0.271	 2.36	 1	 -42.9121	  173.4521
0.272	 2.09	 1	 -42.5461	  173.0381
0.275	 2.04	 1	 -41.7205	  174.3161
0.275	 3.37	 1	 -41.9830	  173.7228
0.276	 2.06	 1	 -40.9131	  175.1461
0.277	 2.21	 1	 -42.3867	  173.4296
0.277	 2.19	 1	 -43.0291	  171.7508
0.279	 3.33	 1	 -42.1812	  173.3035
0.281	 2.00	 1	 -44.0976	  174.0227
0.283	 2.95	 1	 -43.1880	  173.0861
0.283	 2.55	 1	 -42.2130	  173.5312
0.285	 2.17	 1	 -42.4343	  173.5277
0.288	 2.05	 1	 -43.5547	  172.8934
0.288	 2.49	 1	 -42.0437	  173.6611
0.288	 2.28	 1	 -42.6318	  172.5479
0.290	 2.81	 1	 -42.6762	  172.3729
0.291	 2.31	 2	 -42.2119	  173.7158
0.291	 2.96	 1	 -42.4784	  173.4646
0.292	 2.38	 1	 -43.3094	  173.8946
0.293	 2.80	 1	 -42.5790	  173.5855
0.293	 3.29	 1	 -42.6516	  172.7059
0.296	 3.23	 1	 -43.3337	  173.2664
0.297	 2.63	 1	 -39.1682	  169.2227
0.301	 2.28	 1	 -41.8016	  174.2281
0.301	 2.01	 1	 -42.4122	  173.0653
0.301	 2.26	 1	 -42.2655	  173.7930
0.302	 2.03	 1	 -41.3384	  173.3486
0.304	 2.29	 1	 -41.9722	  175.2133
0.305	 2.56	 1	 -42.1251	  173.5617
0.306	 2.05	 1	 -41.0763	  175.2587
0.307	 2.91	 1	 -42.2812	  173.5472
0.307	 2.06	 1	 -42.1824	  173.6252
0.308	 2.05	 1	 -42.1319	  173.6037
0.311	 4.91	 1	 -41.9427	  172.8590
0.314	 2.01	 1	 -42.2255	  174.0368
0.314	 2.40	 1	 -43.0593	  176.7964
0.315	 2.95	 1	 -41.7680	  174.3369
0.315	 2.73	 1	 -43.3480	  173.0569
0.316	 2.92	 1	 -41.9883	  173.7166
0.317	 2.16	 1	 -43.8154	  173.9113
0.317	 2.26	 1	 -42.7164	  172.9913
0.318	 3.01	 1	 -42.7077	  173.3272
0.318	 2.16	 1	 -42.6125	  172.9101
0.320	 2.14	 1	 -39.2266	  176.9198
0.320	 2.28	 1	 -42.1837	  173.6328
0.321	 2.03	 1	 -42.4206	  173.4319
0.321	 2.45	 1	 -42.6132	  172.9775
0.322	 2.08	 1	 -41.5942	  174.3878
0.322	 2.26	 2	 -41.9229	  172.8591
0.324	 2.10	 1	 -42.6616	  172.8705
0.325	 2.29	 1	 -42.8507	  172.4357
0.325	 2.87	 1	 -41.8500	  171.8473
0.327	 2.08	 1	 -42.2963	  173.3977
0.330	 3.07	 1	 -41.8742	  173.9475
0.332	 2.19	 1	 -42.8495	  173.3009
0.332	 3.26	 1	 -42.0080	  173.6824
0.333	 2.28	 1	 -42.7391	  172.1572
0.333	 2.10	 1	 -47.0190	  174.6893
0.334	 2.73	 1	 -41.9754	  173.7869
0.335	 2.55	 1	 -42.4094	  173.7433
0.335	 2.78	 1	 -42.1414	  174.1615
0.335	 2.29	 1	 -42.3886	  173.8427
0.338	 2.13	 1	 -42.9894	  174.5205
0.338	 2.65	 1	 -42.1495	  172.6648
0.339	 2.56	 1	 -42.5114	  172.5350
0.339	 2.27	 1	 -42.3663	  172.8862
0.339	 2.20	 1	 -42.6878	  172.8833
0.342	 2.16	 1	 -41.7353	  174.4955
0.343	 2.66	 1	 -42.7517	  173.0633
0.343	 2.02	 1	 -42.4393	  172.6212
0.346	 2.02	 1	 -43.1705	  172.7283
0.348	 2.29	 1	 -42.2175	  173.4609
0.348	 2.02	 1	 -42.3567	  173.7301
0.349	 2.74	 1	 -42.1641	  173.4162
0.351	 2.14	 1	 -46.6546	  175.9151
0.351	 2.20	 1	 -41.8890	  174.0852
0.352	 2.00	 1	 -41.9135	  173.8893
0.353	 2.22	 1	 -42.3487	  171.5956
0.355	 2.12	 1	 -42.5996	  172.7841
0.356	 2.64	 1	 -42.2904	  173.8444
0.356	 2.20	 1	 -45.8737	  174.6456
0.357	 2.38	 1	 -41.6414	  170.8595
0.357	 2.00	 1	 -42.2207	  174.6667
0.357	 2.24	 1	 -42.9704	  173.0369
0.358	 3.08	 1	 -42.4204	  174.6380
0.358	 2.07	 1	 -42.0314	  173.7367
0.359	 2.81	 1	 -42.6941	  172.8983
0.362	 2.89	 1	 -43.7872	  174.0281
0.362	 2.30	 1	 -43.3586	  173.6164
0.364	 2.03	 1	 -42.4892	  173.1906
0.365	 3.18	 1	 -46.2699	  176.7287
0.367	 2.64	 1	 -46.1659	  175.4331
0.369	 2.67	 1	 -42.9867	  172.6573
0.369	 2.18	 1	 -41.7254	  172.6493
0.369	 2.04	 1	 -42.3527	  173.7663
0.371	 2.24	 1	 -40.3194	  173.5649
0.373	 2.17	 1	 -42.2871	  173.9366
0.373	 2.40	 1	 -42.4377	  173.7778
0.373	 2.70	 1	 -42.5026	  173.0836
0.374	 2.25	 1	 -41.0227	  172.5801
0.374	 2.38	 1	 -42.6126	  172.9553
0.375	 2.05	 1	 -42.3654	  173.7560
0.377	 3.21	 1	 -44.2660	  169.3172
0.377	 2.25	 1	 -39.5592	  177.4102
0.378	 2.33	 1	 -41.7933	  174.2627
0.379	 2.19	 1	 -42.4314	  173.7127
0.380	 3.28	 1	 -41.5938	  174.2443
0.380	 2.62	 1	 -42.0200	  173.6505
0.382	 2.55	 1	 -41.2673	  172.5736
0.383	 2.46	 1	 -44.0921	  173.5278
0.383	 2.53	 1	 -42.4440	  172.7052
0.385	 2.44	 1	 -42.1774	  173.5932
0.388	 2.29	 1	 -42.7034	  172.8547
0.388	 2.51	 1	 -41.6196	  171.5805
0.388	 2.40	 1	 -42.3793	  173.0814
0.389	 2.23	 1	 -38.5853	  173.6235
0.389	 2.60	 1	 -42.5445	  173.7575
0.391	 2.09	 1	 -42.0082	  173.1691
0.393	 2.00	 1	 -42.5690	  173.6213
0.393	 2.14	 1	 -41.9534	  173.6800
0.401	 2.06	 1	 -44.6369	  172.9939
0.409	 2.09	 1	 -41.8341	  174.1696
0.410	 2.30	 1	 -45.0073	  175.9565
0.410	 2.67	 1	 -42.6199	  173.4626
0.411	 2.42	 1	 -42.8356	  171.8623
0.413	 2.55	 1	 -42.5924	  171.9331
0.414	 2.05	 1	 -42.6988	  172.8801
0.415	 2.33	 1	 -43.8205	  167.0999
0.416	 2.00	 1	 -42.6836	  173.5078
0.417	 2.29	 1	 -42.9812	  170.1517
0.417	 2.88	 1	 -42.4754	  173.2996
0.419	 2.15	 1	 -42.4069	  172.9939
0.421	 2.40	 1	 -42.5282	  172.5209
0.423	 2.08	 1	 -42.1959	  173.6162
0.424	 2.23	 1	 -42.9544	  173.1657
0.425	 3.43	 1	 -42.5225	  172.8461
0.428	 2.09	 1	 -41.7537	  174.0285
0.431	 3.80	 1	 -42.5296	  174.0477
0.432	 2.44	 1	 -42.3752	  173.4150
0.433	 2.31	 1	 -40.8824	  167.4219
0.434	 2.07	 1	 -42.5359	  172.9522
0.437	 2.12	 1	 -42.1299	  171.8337
0.439	 2.66	 1	 -42.4614	  173.7937
0.440	 2.38	 1	 -42.5196	  173.8938
0.440	 2.04	 1	 -42.7929	  174.8531
0.440	 2.23	 1	 -42.7664	  172.7871
0.441	 2.86	 1	 -42.9259	  172.9237
0.447	 2.13	 1	 -41.0409	  173.1449
0.448	 2.08	 2	 -42.3720	  173.2328
0.448	 3.42	 1	 -42.7094	  172.9033
0.449	 2.78	 1	 -42.9638	  173.3876
0.450	 2.09	 1	 -42.5277	  172.3802
0.450	 2.97	 1	 -42.5346	  172.9123
0.452	 2.65	 1	 -42.3478	  172.5947
0.452	 2.05	 1	 -42.8036	  173.2858
0.455	 2.35	 1	 -41.5508	  174.4651
0.456	 2.05	 1	 -42.4741	  173.7621
0.456	 3.08	 1	 -41.3615	  178.8658
0.456	 2.14	 1	 -42.5883	  173.3370
0.459	 3.32	 1	 -42.1169	  173.5232
0.460	 2.65	 1	 -40.8508	  174.7954
0.461	 3.03	 1	 -40.2779	  176.1702
0.462	 2.01	 1	 -42.4154	  173.1156
0.463	 3.05	 1	 -42.8611	  173.7124
0.464	 2.04	 1	 -42.2249	  173.5195
0.464	 2.18	 1	 -44.6393	  172.9162
0.467	 2.13	 1	 -42.1155	  174.0173
0.468	 2.16	 1	 -42.4599	  172.2950
0.469	 2.16	 1	 -41.9345	  174.3455
0.469	 2.39	 1	 -41.8922	  174.1009
0.472	 2.18	 1	 -42.3331	  173.8403
0.473	 2.22	 1	 -42.9254	  170.1231
0.475	 3.61	 1	 -42.8796	  172.9191
0.475	 2.74	 1	 -42.1446	  173.5563
0.476	 2.82	 1	 -42.1473	  173.5264
0.476	 3.23	 1	 -42.2259	  173.7903
0.479	 2.28	 2	 -42.4976	  172.8731
0.479	 2.12	 1	 -42.4181	  173.1093
0.480	 2.12	 2	 -42.5151	  172.3927
0.486	 2.28	 1	 -42.3637	  173.0320
0.490	 2.06	 1	 -41.6045	  174.3495
0.490	 2.14	 1	 -43.2627	  173.4940
0.490	 2.02	 1	 -41.7366	  174.2722
0.491	 2.21	 1	 -42.5591	  172.1704
0.492	 2.49	 1	 -44.1006	  167.2120
0.493	 2.08	 1	 -42.2759	  173.6200
0.495	 2.04	 1	 -42.1673	  173.7049
0.497	 2.86	 1	 -42.5374	  173.3768
0.498	 2.13	 1	 -43.1587	  171.4592
0.498	 2.24	 1	 -42.3230	  173.7571
0.499	 2.83	 1	 -42.4839	  173.1931
0.504	 3.16	 1	 -42.7658	  172.1261
0.504	 4.55	 1	 -42.6853	  172.9321
0.507	 2.73	 2	 -41.9171	  172.8252
0.511	 2.05	 1	 -42.1624	  173.2523
0.511	 2.22	 1	 -41.7949	  174.1925
0.511	 3.62	 1	 -42.2929	  173.7545
0.512	 2.28	 1	 -42.5011	  173.8824
0.512	 2.64	 1	 -42.5951	  173.2719
0.514	 2.88	 1	 -42.1231	  173.9392
0.515	 2.73	 1	 -41.9465	  173.7260
0.516	 2.60	 1	 -42.4309	  172.5687
0.517	 2.70	 1	 -43.4462	  172.3802
0.520	 2.09	 1	 -42.4913	  172.9429
0.520	 2.32	 1	 -42.3208	  173.3107
0.522	 3.32	 1	 -42.4315	  173.8484
0.529	 2.53	 1	 -42.0860	  173.7021
0.529	 2.36	 1	 -43.5940	  171.8873
0.530	 2.11	 1	 -42.8348	  172.8714
0.531	 2.02	 1	 -41.8675	  173.0014
0.534	 2.14	 1	 -41.9152	  173.7273
0.534	 2.44	 1	 -42.9570	  172.8843
0.534	 2.00	 1	 -42.2290	  173.5838
0.548	 2.00	 1	 -42.6124	  172.8741
0.550	 3.05	 1	 -41.8336	  174.2419
0.550	 2.66	 1	 -42.3851	  173.0654
0.552	 2.39	 1	 -43.0280	  172.3213
0.554	 2.82	 1	 -42.6011	  172.6568
0.555	 2.58	 1	 -42.2789	  173.6619
0.556	 2.18	 1	 -42.4858	  173.1255
0.558	 2.31	 1	 -42.2426	  172.6134
0.562	 2.53	 1	 -42.7007	  172.8589
0.564	 2.11	 1	 -41.7702	  174.4031
0.565	 2.27	 1	 -42.6426	  172.9961
0.565	 2.16	 1	 -41.8933	  173.9925
0.567	 2.52	 1	 -42.4445	  173.8662
0.569	 2.57	 1	 -42.3641	  173.3596
0.570	 2.21	 1	 -41.9975	  173.8250
0.573	 2.07	 1	 -44.0606	  175.4526
0.573	 2.42	 1	 -43.8271	  172.7944
0.576	 2.15	 1	 -41.9888	  173.5831
0.580	 2.84	 1	 -42.0546	  173.4645
0.581	 2.76	 1	 -42.6015	  173.1624
0.582	 2.53	 1	 -43.2335	  172.8761
0.585	 2.08	 1	 -41.6411	  174.2451
0.585	 2.03	 1	 -42.4678	  173.1960
0.587	 2.63	 1	 -38.1974	  172.8649
0.590	 2.88	 1	 -41.2954	  178.8371
0.591	 2.29	 1	 -42.7583	  172.3193
0.593	 2.58	 1	 -42.3090	  173.7386
0.594	 2.11	 1	 -41.9539	  174.2636
0.596	 2.44	 1	 -42.5425	  172.9865
0.598	 2.64	 1	 -42.0996	  173.7020
0.599	 2.56	 2	 -41.9420	  172.8561
0.600	 2.65	 1	 -42.5557	  173.0230
0.602	 2.39	 1	 -42.8899	  173.1380
0.604	 2.55	 1	 -42.3092	  173.7270
0.607	 2.26	 1	 -41.8147	  174.1912
0.610	 2.21	 1	 -46.8639	  170.7378
0.614	 2.41	 1	 -42.9153	  173.1636
0.619	 2.12	 1	 -42.5898	  172.9840
0.623	 2.48	 1	 -42.1105	  173.7556
0.624	 2.12	 1	 -42.2678	  174.1735
0.624	 2.88	 1	 -44.9379	  170.2704
0.626	 2.25	 1	 -42.2836	  173.3209
0.626	 2.00	 1	 -42.0308	  173.7921
0.629	 2.20	 1	 -42.0456	  173.7084
0.629	 2.06	 1	 -42.4368	  173.2945
0.630	 2.50	 1	 -42.6879	  173.0801
0.632	 2.25	 1	 -42.1033	  173.2761
0.636	 2.06	 1	 -43.0128	  173.4481
0.636	 3.88	 1	 -42.1806	  173.3041
0.637	 2.37	 1	 -43.5302	  173.5845
0.643	 2.59	 1	 -42.3021	  172.8618
0.645	 2.47	 1	 -42.3253	  172.8154
0.645	 2.41	 1	 -42.8274	  172.7764
0.650	 2.47	 1	 -42.7428	  173.6274
0.651	 2.46	 1	 -41.3774	  173.8699
0.651	 2.33	 1	 -42.9297	  172.5257
0.654	 2.28	 1	 -43.2995	  179.0840
0.658	 2.45	 1	 -41.9805	  173.7411
0.659	 2.27	 2	 -42.3385	  172.5237
0.659	 2.16	 1	 -43.1281	  172.9100
0.660	 2.40	 1	 -42.1469	  173.7861
0.661	 2.20	 1	 -41.9193	  173.8235
0.663	 2.18	 1	 -42.2093	  173.6773
0.663	 2.59	 1	 -42.9572	  172.6971
0.665	 2.70	 1	 -42.5610	  172.7470
0.666	 2.15	 1	 -38.0619	  171.0495
0.667	 2.95	 1	 -41.8839	  173.7661
0.667	 2.11	 1	 -41.1230	  171.7044
0.668	 2.09	 1	 -42.8709	  173.5082
0.669	 2.49	 1	 -42.0855	  173.6590
0.672	 2.62	 1	 -42.4817	  173.8117
0.673	 2.10	 1	 -41.0120	  168.7701
0.673	 2.45	 1	 -42.5771	  173.4516
0.673	 2.29	 1	 -40.9975	  178.6844
0.675	 2.17	 1	 -42.5604	  173.2794
0.678	 2.06	 1	 -42.3654	  173.7680
0.679	 2.33	 1	 -42.7256	  171.8172
0.681	 2.29	 1	 -38.3819	  171.2808
0.681	 3.28	 1	 -42.6528	  172.8988
0.685	 2.15	 1	 -44.8636	  175.7125
0.686	 2.39	 1	 -41.7892	  174.2548
0.689	 2.02	 1	 -41.6986	  174.2679
0.690	 2.07	 1	 -43.0078	  173.3184
0.693	 3.00	 1	 -42.4619	  173.8591
0.694	 3.79	 1	 -41.7959	  174.6519
0.694	 2.40	 1	 -42.6025	  173.0304
0.698	 2.27	 1	 -42.1772	  173.7868
0.699	 2.78	 1	 -42.4160	  173.7047
0.700	 2.54	 2	 -43.0249	  173.5250
0.701	 2.46	 1	 -42.2943	  173.9674
0.702	 2.12	 1	 -47.1889	  172.9643
0.704	 3.65	 1	 -46.5349	  174.9118
0.705	 4.00	 1	 -42.0813	  173.6936
0.706	 2.47	 1	 -41.9346	  173.9582
0.713	 2.02	 1	 -42.4499	  172.9768
0.716	 2.15	 1	 -42.3091	  172.6410
0.717	 2.62	 1	 -41.9324	  174.0986
0.725	 2.45	 1	 -41.9206	  173.6794
0.730	 2.06	 1	 -42.4138	  172.6852
0.732	 2.59	 1	 -42.2697	  173.6616
0.733	 2.09	 1	 -42.8443	  173.2203
0.733	 2.02	 1	 -42.3484	  173.1842
0.734	 2.15	 1	 -41.7083	  174.3066
0.735	 2.05	 1	 -41.6795	  173.2677
0.739	 2.07	 1	 -42.2207	  173.6715
0.740	 2.86	 1	 -41.7433	  174.1844
0.741	 2.16	 1	 -42.2154	  173.5741
0.745	 2.90	 1	 -42.2403	  173.7547
0.745	 2.16	 1	 -42.7796	  172.6332
0.746	 2.31	 1	 -41.8563	  174.1691
0.750	 2.37	 1	 -42.2169	  172.5307
0.750	 2.17	 1	 -42.6851	  173.5681
0.750	 2.35	 1	 -41.9471	  173.4235
0.752	 2.02	 1	 -42.3497	  173.4603
0.752	 2.77	 1	 -41.7122	  174.2696
0.757	 2.26	 1	 -41.8426	  174.3890
0.763	 2.25	 1	 -42.6650	  172.8638
0.766	 2.15	 1	 -42.2378	  173.7356
0.767	 2.33	 1	 -41.8115	  172.6544
0.768	 2.10	 1	 -41.9458	  173.3295
0.768	 2.56	 1	 -42.0257	  173.7129
0.769	 2.45	 1	 -42.4832	  173.5047
0.769	 3.04	 1	 -42.1620	  173.8062
0.769	 2.79	 1	 -41.8612	  174.1302
0.770	 2.01	 1	 -41.9928	  173.7329
0.772	 2.05	 1	 -42.3077	  173.9296
0.775	 2.40	 1	 -41.4680	  167.1723
0.778	 2.56	 1	 -41.6666	  174.1975
0.781	 2.59	 1	 -41.6626	  174.3505
0.781	 2.06	 1	 -42.5011	  176.5117
0.782	 2.72	 1	 -41.5312	  171.2483
0.783	 2.25	 1	 -41.9855	  171.1422
0.784	 2.18	 1	 -42.6951	  172.8323
0.786	 2.07	 1	 -47.1441	  173.8860
0.787	 2.25	 1	 -42.0966	  172.6709
0.790	 2.20	 1	 -42.4997	  174.6890
0.794	 2.07	 1	 -42.6332	  172.4855
0.794	 2.04	 1	 -43.0887	  173.4570
0.795	 3.11	 1	 -42.4209	  173.8492
0.798	 2.30	 1	 -47.1294	  172.0280
0.798	 2.70	 1	 -43.2146	  175.2193
0.798	 2.45	 1	 -42.3678	  172.4878
0.800	 2.06	 1	 -42.5742	  173.1138
0.801	 2.13	 1	 -42.3814	  173.8152
0.804	 2.06	 1	 -42.4510	  172.2224
0.810	 2.60	 1	 -42.4068	  172.4333
0.812	 2.46	 1	 -41.8545	  173.4584
0.813	 2.45	 1	 -38.3001	  171.7132
0.816	 2.13	 1	 -41.9419	  173.4263
0.817	 2.05	 1	 -42.0158	  173.7845
0.822	 2.17	 1	 -42.9595	  172.4807
0.823	 2.26	 1	 -42.4443	  172.3412
0.826	 2.16	 1	 -45.3745	  177.9326
0.827	 2.10	 1	 -39.4139	  170.5059
0.830	 2.12	 1	 -41.7814	  173.9742
0.832	 2.06	 2	 -44.3846	  173.9542
0.832	 2.80	 1	 -39.9059	  174.4925
0.838	 2.63	 1	 -41.9068	  173.5805
0.839	 2.39	 1	 -42.8146	  172.5996
0.846	 2.42	 1	 -42.4937	  173.2880
0.852	 2.80	 1	 -42.8562	  172.1913
0.852	 2.40	 1	 -41.5984	  173.6430
0.857	 2.96	 1	 -42.6395	  172.7585
0.858	 2.11	 1	 -41.9792	  173.8908
0.858	 2.50	 1	 -43.1714	  173.0606
0.862	 2.79	 1	 -42.9161	  172.8987
0.870	 2.85	 1	 -42.0671	  173.5756
0.875	 4.47	 1	 -42.4182	  173.8537
0.877	 2.05	 1	 -42.6238	  172.9782
0.884	 2.12	 1	 -45.2041	  178.0967
0.886	 2.04	 1	 -42.5316	  173.0534
0.887	 3.38	 1	 -42.4630	  173.1319
0.889	 2.19	 2	 -42.4474	  173.8779
0.890	 2.29	 1	 -42.2962	  173.8664
0.890	 2.00	 1	 -42.1633	  173.5675
0.892	 2.12	 1	 -43.3119	  172.8271
0.895	 2.42	 1	 -42.2183	  173.6096
0.896	 2.08	 1	 -42.0991	  175.2997
0.896	 2.44	 1	 -42.7348	  172.9505
0.897	 2.03	 1	 -42.4634	  174.2525
0.904	 2.40	 1	 -42.2387	  173.6467
0.905	 2.25	 1	 -42.5349	  174.1920
0.905	 2.04	 1	 -41.7272	  174.2824
0.912	 3.18	 1	 -41.7293	  174.1640
0.918	 2.12	 1	 -42.1997	  173.6728
0.918	 2.28	 1	 -41.7879	  174.0091
0.926	 2.03	 1	 -41.7292	  174.0300
0.927	 2.38	 1	 -41.9654	  173.6625
0.938	 2.21	 1	 -42.8508	  172.3675
0.943	 2.35	 1	 -42.8741	  172.3399
0.944	 2.39	 1	 -42.6284	  172.6478
0.952	 2.11	 2	 -42.6746	  172.9830
0.953	 2.33	 1	 -42.5045	  173.0902
0.955	 2.08	 1	 -41.9628	  173.7366
0.956	 2.13	 1	 -43.5635	  173.6179
0.959	 2.02	 1	 -42.0410	  173.6632
0.960	 2.05	 1	 -42.5930	  173.2563
0.970	 2.98	 1	 -45.4103	  177.8961
0.973	 2.74	 1	 -42.6435	  172.5354
0.982	 2.01	 1	 -44.3756	  167.3491
0.983	 2.27	 1	 -41.0609	  178.6389
0.984	 3.25	 1	 -41.7215	  174.2462
0.985	 2.09	 1	 -39.4411	  171.7789
0.985	 2.12	 1	 -45.1425	  172.1855
0.987	 2.21	 1	 -42.5082	  173.5431
0.988	 2.15	 1	 -41.9794	  173.9941
0.994	 2.95	 1	 -42.1226	  171.9877
0.997	 2.09	 1	 -42.1656	  173.4712
0.998	 2.27	 1	 -42.8988	  172.8828
1.001	 3.32	 1	 -42.3705	  173.3346
1.002	 2.73	 1	 -43.0077	  173.1691
1.002	 2.28	 1	 -41.7562	  174.2279
1.004	 2.24	 1	 -42.3842	  173.8069
1.006	 2.24	 1	 -43.0426	  173.2823
1.007	 2.00	 1	 -42.2720	  173.8077
1.008	 3.18	 2	 -41.9664	  173.6046
1.008	 2.26	 1	 -42.8545	  172.9222
1.010	 2.24	 1	 -42.8450	  173.1247
1.011	 2.91	 1	 -42.2571	  173.1816
1.022	 2.21	 1	 -42.2529	  173.7766
1.022	 2.24	 1	 -42.6239	  173.3986
1.031	 2.17	 1	 -42.4778	  173.2166
1.031	 4.04	 1	 -42.0218	  173.3327
1.041	 4.01	 1	 -42.5120	  173.5390
1.042	 3.44	 1	 -42.2356	  173.6693
1.042	 2.37	 1	 -41.9859	  174.0390
1.044	 2.10	 1	 -42.7105	  173.1315
1.046	 2.10	 1	 -41.8614	  174.2005
1.052	 2.10	 1	 -42.5511	  173.2471
1.053	 3.11	 1	 -41.7324	  174.4182
1.054	 4.32	 1	 -39.7968	  175.2541
1.056	 2.51	 1	 -42.5800	  173.7565
1.059	 2.53	 1	 -42.6204	  172.8893
1.061	 2.00	 1	 -37.7092	  173.3230
1.062	 2.15	 1	 -42.5558	  173.4685
1.065	 3.31	 1	 -42.6042	  172.9062
1.066	 2.20	 1	 -42.0122	  173.6024
1.067	 3.19	 1	 -42.5256	  173.4621
1.067	 3.01	 1	 -42.6694	  172.3549
1.068	 2.32	 1	 -42.0267	  173.7527
1.072	 2.43	 1	 -41.8101	  174.2277
1.077	 2.32	 1	 -41.7346	  174.2778
1.081	 2.54	 1	 -42.5676	  172.6510
1.090	 2.09	 1	 -42.4253	  174.0046
1.094	 2.04	 1	 -42.2217	  172.9454
1.095	 2.10	 1	 -42.1310	  173.5203
1.095	 3.53	 1	 -42.0777	  173.4418
1.099	 2.58	 1	 -42.5540	  173.4036
1.101	 2.04	 1	 -40.4643	  173.8080
1.105	 2.06	 1	 -42.6615	  172.9365
1.110	 2.46	 1	 -42.2414	  174.2935
1.114	 2.13	 1	 -41.8107	  174.1896
1.121	 2.50	 1	 -41.4512	  172.4055
1.123	 3.40	 1	 -42.1268	  173.6180
1.124	 4.21	 1	 -42.1905	  173.7247
1.125	 2.52	 1	 -43.7438	  171.3554
1.128	 2.03	 1	 -42.3107	  174.1446
1.131	 2.16	 1	 -42.4808	  173.1694
1.131	 2.35	 1	 -42.8226	  173.3479
1.133	 3.03	 1	 -42.8434	  172.1628
1.135	 2.06	 1	 -41.7756	  174.4801
1.137	 2.44	 1	 -42.5233	  173.2072
1.144	 2.70	 1	 -42.4103	  173.8682
1.149	 2.03	 1	 -44.7531	  167.5845
1.150	 3.14	 1	 -42.1103	  173.8093
1.153	 2.07	 1	 -41.7122	  173.3758
1.161	 2.86	 1	 -42.5971	  172.7850
1.167	 2.31	 1	 -42.8817	  173.5407
1.170	 2.20	 1	 -42.4345	  173.8141
1.174	 2.49	 1	 -41.4369	  171.5078
1.177	 2.51	 1	 -38.6978	  170.2135
1.184	 2.39	 1	 -41.6746	  174.3500
1.185	 2.13	 1	 -42.1170	  173.5229
1.188	 2.04	 1	 -43.0527	  173.8436
1.189	 4.03	 1	 -45.5609	  177.7336
1.197	 2.27	 1	 -41.6002	  173.6819
1.206	 2.30	 1	 -42.4383	  173.7968
1.212	 2.47	 1	 -41.6654	  174.2745
1.221	 3.03	 1	 -42.3169	  173.7184
1.222	 2.44	 1	 -42.6903	  171.4773
1.225	 2.47	 1	 -45.0165	  175.2517
1.226	 2.39	 1	 -42.5229	  173.1011
1.231	 2.36	 1	 -42.2385	  173.6541
1.234	 2.36	 1	 -47.1685	  173.6073
1.235	 3.79	 1	 -42.2555	  173.6646
1.243	 2.25	 1	 -42.0618	  174.7393
1.246	 2.27	 1	 -42.4618	  173.4015
1.250	 2.09	 1	 -41.6425	  171.6221
1.253	 2.49	 1	 -43.2928	  172.7581
1.254	 2.17	 1	 -42.6090	  172.7720
1.256	 2.04	 1	 -42.4976	  173.3846
1.260	 2.43	 2	 -43.3606	  173.2856
1.263	 2.24	 1	 -41.9886	  173.7195
1.265	 2.79	 1	 -41.8524	  173.5351
1.276	 3.10	 1	 -42.8427	  172.6301
1.280	 3.17	 1	 -42.3972	  173.0569
1.281	 2.99	 1	 -42.5883	  173.0895
1.287	 3.15	 1	 -41.3747	  173.3670
1.297	 2.28	 2	 -39.7894	  175.2621
1.303	 3.46	 1	 -42.5596	  174.3478
1.303	 2.17	 1	 -41.9880	  170.0126
1.306	 2.26	 1	 -43.2588	  173.4774
1.312	 2.18	 1	 -42.3224	  173.5784
1.315	 2.29	 1	 -42.4443	  173.7165
1.319	 3.76	 1	 -46.2896	  175.8377
1.321	 2.06	 1	 -44.3934	  172.8225
1.325	 2.08	 1	 -42.8447	  172.8133
1.329	 2.07	 1	 -42.4039	  173.7374
1.335	 2.76	 1	 -42.5846	  173.1581
1.338	 3.16	 1	 -42.3804	  173.6205
1.340	 2.32	 1	 -41.8033	  174.2600
1.341	 2.12	 1	 -40.3679	  167.7853
1.342	 2.29	 1	 -42.2601	  173.4245
1.349	 2.85	 1	 -41.6206	  173.9279
1.352	 2.08	 1	 -43.1193	  174.5099
1.352	 2.16	 1	 -42.2786	  173.7130
1.358	 2.03	 1	 -43.1575	  173.3329
1.358	 3.18	 1	 -42.4548	  173.6881
1.369	 2.77	 1	 -39.2563	  169.0762
1.372	 2.04	 1	 -42.5219	  172.7338
1.374	 2.47	 1	 -42.1657	  173.6448
1.375	 2.10	 1	 -42.5388	  173.7498
1.379	 2.34	 1	 -42.5658	  173.7475
1.386	 2.49	 1	 -42.3492	  169.1854
1.389	 2.14	 1	 -41.6597	  174.3483
1.393	 2.38	 1	 -43.2145	  172.7587
1.399	 2.79	 1	 -41.5640	  173.3021
1.401	 2.07	 1	 -44.3088	  172.5129
1.405	 2.91	 1	 -42.5729	  173.1743
1.410	 2.11	 1	 -42.2987	  173.7160
1.412	 2.12	 1	 -41.7914	  174.2421
1.420	 2.17	 1	 -42.1593	  173.5925
1.427	 2.06	 1	 -43.6429	  176.4208
1.432	 2.04	 1	 -42.4678	  173.3599
1.432	 2.29	 1	 -42.4307	  173.7713
1.438	 2.42	 1	 -42.9670	  172.3423
1.439	 2.05	 1	 -42.8171	  172.9350
1.448	 2.56	 1	 -41.7405	  174.2119
1.458	 2.15	 1	 -42.1224	  173.4575
1.470	 2.51	 1	 -41.9866	  173.9424
1.472	 2.08	 1	 -42.2666	  173.0060
1.475	 3.45	 1	 -42.4529	  172.7909
1.477	 3.04	 1	 -42.5560	  173.1870
1.484	 2.59	 1	 -42.5073	  173.7443
1.486	 2.58	 1	 -43.2734	  173.4668
1.488	 2.16	 1	 -42.3120	  173.6498
1.497	 2.48	 1	 -42.4976	  174.0491
1.502	 2.31	 1	 -43.2244	  172.2355
1.506	 2.26	 1	 -41.9259	  173.6154
1.512	 2.01	 1	 -41.7123	  172.4906
1.513	 2.88	 1	 -42.7909	  173.4147
1.513	 2.12	 1	 -42.5912	  172.7881
1.517	 2.13	 1	 -44.2080	  173.2819
1.521	 2.18	 1	 -41.9842	  173.6681
1.530	 3.37	 1	 -41.7257	  174.1432
1.530	 2.01	 1	 -42.5953	  172.2072
1.531	 2.59	 1	 -42.2309	  173.5272
1.534	 2.39	 1	 -43.0080	  171.9215
1.537	 2.20	 1	 -43.1492	  174.6379
1.539	 2.26	 1	 -41.5540	  173.4485
1.539	 2.02	 1	 -45.9642	  168.8252
1.547	 2.30	 1	 -39.0918	  169.3577
1.554	 3.23	 1	 -42.4619	  173.7616
1.556	 2.12	 1	 -42.4863	  172.5235
1.567	 2.12	 1	 -43.2300	  170.4029
1.571	 2.46	 1	 -42.3156	  173.7757
1.573	 2.98	 1	 -41.8501	  174.2019
1.575	 2.00	 1	 -42.0311	  173.7794
1.580	 2.14	 1	 -42.1669	  173.5437
1.580	 3.02	 1	 -41.4528	  172.0101
1.581	 2.10	 1	 -42.1090	  173.5776
1.599	 2.13	 1	 -42.2075	  173.6430
1.601	 2.37	 1	 -42.0732	  173.5229
1.612	 2.22	 1	 -42.1927	  173.8170
1.615	 2.80	 1	 -42.5871	  173.4260
1.618	 2.07	 1	 -42.2758	  174.0192
1.624	 2.84	 1	 -41.9465	  172.0582
1.627	 2.04	 1	 -42.1373	  173.5928
1.632	 2.74	 1	 -42.2715	  173.7002
1.634	 2.58	 1	 -42.2147	  173.6322
1.635	 2.31	 1	 -42.4346	  173.7267
1.637	 2.24	 1	 -41.5685	  173.8111
1.643	 2.07	 1	 -43.1699	  170.2062
1.644	 2.28	 1	 -42.5994	  173.2109
1.651	 3.10	 1	 -41.9496	  173.8008
1.652	 2.52	 2	 -42.5155	  174.0560
1.655	 5.27	 1	 -42.7616	  173.5107
1.655	 2.51	 1	 -44.4218	  173.9142
1.663	 2.37	 1	 -41.8080	  174.4840
1.664	 2.84	 1	 -41.3496	  173.0737
1.671	 2.10	 1	 -42.8050	  174.0330
1.674	 2.03	 1	 -40.3729	  174.5751
1.675	 2.82	 1	 -42.5736	  172.8137
1.679	 2.32	 2	 -41.7220	  174.1394
1.688	 2.20	 1	 -42.6588	  172.1357
1.690	 2.16	 2	 -42.7228	  173.5003
1.690	 2.04	 1	 -42.6267	  173.1567
1.698	 2.26	 1	 -42.5168	  173.1373
1.702	 2.21	 1	 -42.2692	  173.7458
1.707	 2.17	 1	 -43.7499	  174.3324
1.710	 2.31	 2	 -42.8578	  173.4752
1.734	 3.22	 1	 -42.7096	  172.8340
1.741	 2.21	 1	 -43.4155	  173.6188
1.746	 2.32	 1	 -42.0948	  172.7585
1.760	 2.07	 1	 -41.7320	  173.9672
1.786	 2.11	 1	 -42.9136	  173.2449
1.786	 2.74	 1	 -42.3529	  173.6131
1.787	 2.68	 1	 -41.1601	  175.0363
1.789	 2.20	 1	 -42.6028	  173.2296
1.794	 2.22	 1	 -43.3745	  171.4061
1.801	 2.09	 1	 -42.1092	  173.6733
1.801	 2.13	 1	 -42.1208	  174.7217
1.802	 2.13	 1	 -42.4878	  171.1842
1.822	 2.00	 1	 -42.7720	  173.0796
1.836	 2.03	 1	 -43.1466	  171.3755
1.840	 2.03	 1	 -42.1010	  172.1948
1.846	 2.10	 1	 -42.3655	  172.9583
1.850	 2.31	 1	 -43.1374	  173.1808
1.850	 2.22	 1	 -42.1422	  173.6374
1.851	 2.22	 1	 -41.5642	  174.3414
1.861	 2.33	 1	 -42.2185	  173.8196
1.882	 2.68	 1	 -42.6713	  172.8567
1.882	 2.33	 1	 -41.7872	  174.2509
1.885	 2.07	 1	 -42.2299	  173.6834
1.885	 2.11	 1	 -42.1726	  173.5101
1.898	 2.92	 1	 -41.7591	  174.2291
1.901	 2.17	 1	 -41.7048	  174.2988
1.921	 2.04	 1	 -41.9646	  173.7479
1.926	 2.39	 1	 -41.8195	  173.8553
1.933	 2.25	 1	 -42.9812	  172.8523
1.938	 2.34	 1	 -42.8826	  172.6509
1.940	 2.22	 1	 -41.8146	  174.2121
1.940	 2.80	 1	 -43.5644	  173.9857
1.953	 2.61	 1	 -41.8237	  174.1129
1.955	 2.03	 1	 -41.7756	  174.2157
1.977	 2.02	 1	 -42.6124	  173.3902
1.985	 2.46	 1	 -41.8620	  174.0334
1.986	 2.17	 1	 -42.2154	  174.5403
2.004	 3.13	 1	 -42.5855	  173.0185
2.019	 3.72	 1	 -42.6322	  172.9206
2.020	 2.37	 1	 -42.0758	  173.2202
2.039	 2.20	 1	 -44.2128	  172.7378
2.053	 2.15	 1	 -42.5327	  173.0194
2.059	 2.28	 1	 -42.2865	  172.4978
2.059	 2.75	 1	 -42.4532	  174.9972
2.063	 2.52	 2	 -42.8778	  172.9268
2.064	 2.18	 1	 -43.7148	  175.1598
2.073	 2.13	 1	 -42.5684	  173.7389
2.074	 2.15	 1	 -42.9155	  173.4184
2.076	 3.12	 1	 -43.1602	  174.0441
2.076	 2.03	 1	 -43.5368	  173.5179
2.082	 2.01	 1	 -42.2863	  173.4994
2.082	 2.37	 1	 -42.6445	  174.1277
2.110	 2.22	 1	 -43.4104	  172.6159
2.120	 2.81	 1	 -41.7381	  174.2601
2.126	 2.29	 1	 -42.4252	  173.1936
2.130	 2.15	 1	 -42.1145	  173.5750
2.147	 2.48	 1	 -45.7117	  177.5558
2.164	 2.46	 1	 -41.7516	  174.3145
2.169	 2.78	 1	 -42.7512	  173.1059
2.199	 2.27	 1	 -39.6637	  171.7523
2.207	 3.53	 1	 -42.5518	  173.8027
2.208	 2.86	 1	 -42.4707	  173.1130
2.246	 2.11	 1	 -42.4963	  173.1354
2.248	 2.64	 2	 -42.9520	  173.6295
2.251	 2.22	 2	 -42.1685	  173.5843
2.252	 2.16	 1	 -41.7877	  174.5438
2.263	 2.12	 1	 -42.1717	  173.7997
2.266	 2.40	 1	 -42.1633	  173.6218
2.270	 2.25	 1	 -42.3416	  173.9498
2.279	 2.29	 1	 -42.4661	  173.1019
2.286	 3.05	 1	 -42.4194	  173.8112
2.288	 2.40	 1	 -43.1397	  172.7451
2.294	 2.10	 1	 -41.5855	  172.4569
2.302	 2.14	 1	 -42.7894	  171.6473
2.304	 2.02	 1	 -42.8908	  172.9684
2.311	 2.58	 1	 -42.6012	  173.8948
2.313	 2.20	 1	 -42.5553	  179.1371
2.313	 2.82	 1	 -42.6926	  174.0393
2.320	 2.76	 1	 -46.6812	  170.1977
2.324	 2.10	 1	 -42.9389	  172.4932
2.331	 2.21	 1	 -41.2056	  167.2485
2.339	 3.11	 1	 -42.5579	  173.0897
2.340	 2.19	 1	 -45.3376	  173.5144
2.341	 2.51	 1	 -42.7040	  173.3421
2.348	 2.54	 1	 -43.1159	  179.1128
2.349	 2.49	 1	 -42.3639	  172.8500
2.386	 2.37	 1	 -42.5882	  172.9661
2.386	 2.21	 1	 -42.5940	  174.0792
2.394	 2.06	 1	 -42.9429	  173.4062
2.395	 2.18	 1	 -41.8025	  174.1867
2.397	 2.20	 1	 -42.2665	  173.6591
2.400	 2.29	 1	 -41.7213	  174.4260
2.409	 2.55	 1	 -40.1381	  170.7404
2.431	 2.82	 1	 -42.5550	  172.7827
2.438	 2.57	 1	 -42.2158	  173.6097
2.438	 2.02	 1	 -42.1991	  173.5393
2.439	 2.18	 1	 -42.1980	  173.7832
2.440	 2.67	 1	 -42.0253	  173.7795
2.441	 2.37	 1	 -42.8554	  173.0915
2.441	 2.39	 1	 -42.2173	  173.6671
2.446	 3.02	 1	 -42.1184	  173.6340
2.454	 2.09	 1	 -45.8754	  177.3437
2.458	 2.03	 1	 -41.8232	  174.2527
2.470	 2.77	 1	 -41.7998	  174.1546
2.472	 2.00	 1	 -42.5159	  173.3067
2.483	 2.43	 1	 -42.4447	  172.8646
2.500	 3.07	 1	 -41.7654	  174.1821
2.501	 2.15	 1	 -42.7373	  173.4340
2.501	 2.43	 2	 -41.7662	  174.1762
2.505	 2.58	 1	 -41.9556	  173.6478
2.506	 2.08	 2	 -42.2962	  173.6970
2.507	 2.82	 1	 -42.1733	  173.6476
2.521	 2.01	 1	 -42.2524	  173.7409
2.523	 2.54	 1	 -42.0214	  174.0271
2.527	 2.11	 1	 -41.7189	  174.2490
2.527	 2.14	 1	 -41.5644	  174.6152
2.528	 3.28	 1	 -42.1757	  171.8218
2.532	 2.36	 1	 -42.2521	  173.5791
2.535	 2.28	 1	 -47.1710	  173.5704
2.555	 2.07	 1	 -43.2263	  173.3954
2.565	 2.06	 2	 -42.7773	  173.4167
2.581	 2.28	 1	 -42.6118	  173.6265
2.597	 2.21	 1	 -42.6348	  172.9637
2.613	 3.45	 1	 -42.7640	  173.4005
2.619	 2.11	 1	 -42.0868	  173.3664
2.625	 2.32	 1	 -45.0555	  168.9296
2.631	 3.16	 1	 -42.3731	  173.7904
2.642	 2.90	 1	 -42.3346	  173.7451
2.645	 2.51	 1	 -42.6662	  172.9976
2.648	 3.20	 1	 -42.2211	  172.9603
2.649	 2.23	 1	 -43.0758	  172.2139
2.649	 2.22	 1	 -41.5530	  173.7807
2.664	 2.03	 1	 -41.9049	  173.6430
2.671	 2.03	 1	 -42.1112	  173.3444
2.686	 2.00	 1	 -42.8221	  172.7810
2.689	 2.91	 1	 -41.6763	  174.0899
2.690	 3.21	 1	 -42.1925	  173.6071
2.694	 2.05	 1	 -41.7981	  175.9468
2.696	 2.03	 1	 -42.3046	  173.6959
2.703	 2.12	 1	 -42.9672	  172.1301
2.709	 3.25	 1	 -42.2806	  173.7054
2.710	 2.02	 3	 -42.5268	  173.8666
2.713	 2.65	 1	 -43.0441	  172.0884
2.720	 2.43	 1	 -42.1910	  173.6273
2.721	 2.17	 1	 -43.2291	  173.7312
2.721	 3.67	 1	 -42.2425	  173.7491
2.733	 2.12	 1	 -42.1142	  174.3076
2.752	 2.54	 2	 -42.7557	  173.5080
2.754	 2.20	 1	 -41.9893	  173.7557
2.772	 2.52	 1	 -44.0009	  174.0425
2.776	 2.09	 1	 -42.2884	  166.9291
2.783	 2.01	 1	 -41.9800	  172.1378
2.795	 3.15	 1	 -42.3890	  173.6321
2.798	 2.01	 1	 -43.5017	  173.5673
2.815	 2.60	 1	 -41.6450	  171.7310
2.833	 2.29	 1	 -42.3050	  173.7320
2.843	 2.08	 1	 -41.9249	  174.0159
2.864	 2.48	 1	 -42.3314	  172.9706
2.864	 2.82	 1	 -42.2183	  173.7879
2.872	 2.15	 1	 -45.5600	  172.5531
2.873	 2.11	 1	 -42.1587	  172.7657
2.890	 3.14	 1	 -46.4113	  172.6074
2.892	 2.43	 1	 -42.0866	  172.8717
2.894	 2.21	 1	 -43.0677	  171.4084
2.896	 2.02	 1	 -38.1999	  172.7657
2.905	 2.26	 1	 -43.1934	  173.3447
2.926	 2.00	 1	 -42.8681	  172.9568
2.928	 2.22	 1	 -42.3938	  173.6305
2.944	 2.35	 1	 -42.5725	  172.7347
2.947	 3.01	 1	 -44.0736	  167.2000
2.953	 3.90	 1	 -38.5438	  170.6626
2.957	 3.14	 1	 -42.2037	  173.9980
2.957	 2.01	 1	 -41.4556	  173.5618
2.965	 2.51	 1	 -42.6860	  172.6526
2.978	 2.23	 1	 -42.8218	  173.3811
2.994	 3.35	 1	 -41.8615	  173.8530
2.995	 2.35	 1	 -42.9033	  172.7107
2.996	 2.12	 1	 -42.7594	  167.6381
2.999	 2.27	 1	 -41.6911	  171.9554
3.000	 2.60	 1	 -42.1064	  172.3403
3.001	 2.66	 1	 -42.4768	  173.6707
3.006	 2.34	 1	 -42.9907	  173.5850
3.043	 3.80	 1	 -42.1297	  173.5772
3.057	 2.33	 1	 -42.0348	  171.6250
3.058	 2.06	 1	 -41.9706	  173.6659
3.060	 2.51	 1	 -42.9649	  172.3880
3.061	 2.01	 1	 -41.4301	  172.4434
3.067	 2.20	 1	 -41.7507	  174.2103
3.073	 2.04	 1	 -42.8350	  172.5887
3.076	 2.49	 1	 -42.7269	  172.9953
3.087	 2.50	 1	 -42.7908	  170.9201
3.091	 3.74	 1	 -41.8004	  174.1963
3.129	 2.57	 1	 -41.9939	  179.0657
3.132	 2.43	 1	 -42.2915	  172.3444
3.171	 2.22	 1	 -43.7030	  172.4931
3.179	 2.00	 1	 -42.4416	  173.7573
3.183	 2.20	 1	 -42.3139	  173.6588
3.183	 2.06	 1	 -42.0444	  173.5412
3.186	 2.21	 1	 -42.1447	  174.5614
3.191	 2.72	 1	 -42.2632	  173.5426
3.192	 2.12	 1	 -40.9041	  171.7466
3.203	 2.67	 1	 -42.0664	  173.5603
3.237	 2.46	 1	 -42.1094	  173.5942
3.250	 2.07	 1	 -43.0952	  172.0953
3.254	 4.80	 1	 -41.9517	  173.6500
3.270	 2.14	 1	 -38.2013	  173.3205
3.271	 2.24	 1	 -41.4360	  173.2835
3.279	 2.09	 1	 -42.4857	  173.0832
3.300	 2.85	 1	 -41.8448	  173.8974
3.305	 2.41	 1	 -43.3524	  173.6360
3.326	 2.05	 1	 -45.2027	  167.9463
3.347	 2.25	 1	 -41.6265	  174.2851
3.349	 2.11	 1	 -42.5757	  172.9420
3.368	 2.89	 1	 -42.7635	  172.1747
3.369	 2.09	 1	 -42.5332	  173.2251
3.382	 2.10	 1	 -42.2332	  173.8117
3.390	 2.01	 1	 -42.7631	  171.8003
3.438	 2.13	 2	 -41.8673	  173.7387
3.438	 2.02	 1	 -42.9691	  172.4108
3.445	 2.24	 1	 -41.8128	  174.2167
3.451	 2.47	 1	 -42.0693	  173.7388
3.462	 2.50	 1	 -42.6871	  174.8657
3.465	 2.27	 1	 -41.6445	  174.3346
3.465	 2.74	 1	 -41.7785	  174.1809
3.466	 2.47	 1	 -42.1827	  173.8882
3.473	 2.08	 1	 -42.8197	  173.4092
3.474	 2.22	 1	 -42.6818	  172.9514
3.480	 2.40	 1	 -42.3740	  173.5972
3.505	 2.61	 1	 -41.7297	  173.9653
3.506	 2.43	 1	 -42.5435	  173.9030
3.507	 2.27	 1	 -42.7909	  172.4810
3.541	 2.33	 1	 -42.5996	  173.5288
3.546	 2.91	 1	 -42.7334	  172.6094
3.548	 2.29	 1	 -42.4428	  173.3708
3.566	 2.24	 1	 -41.8296	  174.2764
3.576	 2.72	 1	 -41.8306	  170.7348
3.577	 2.86	 1	 -42.4953	  173.9024
3.584	 2.03	 1	 -43.1320	  173.1159
3.585	 2.08	 1	 -45.3483	  178.0704
3.589	 2.02	 1	 -38.6529	  175.7092
3.599	 2.31	 1	 -42.6218	  179.8632
3.602	 2.15	 1	 -45.3965	  177.9103
3.605	 2.18	 1	 -42.3686	  172.9821
3.650	 2.13	 1	 -42.4254	  173.0810
3.664	 2.14	 1	 -42.9045	  173.5853
3.672	 2.40	 1	 -42.6611	  172.6552
3.675	 2.61	 1	 -43.4280	  172.7143
3.713	 2.26	 1	 -41.5013	  172.6011
3.728	 2.27	 1	 -41.9684	  173.7477
3.731	 2.24	 1	 -42.8275	  177.6094
3.733	 2.12	 1	 -44.4513	  169.7879
3.767	 2.22	 1	 -42.5911	  173.1684
3.799	 2.23	 1	 -42.2461	  172.2987
3.835	 2.05	 1	 -41.5722	  173.7742
3.840	 2.29	 1	 -42.0100	  173.7588
3.865	 2.51	 1	 -42.1763	  172.9502
3.895	 2.24	 2	 -42.9800	  173.5220
3.898	 2.12	 1	 -42.5652	  173.1841
3.900	 2.83	 1	 -42.2178	  173.8092
3.923	 2.03	 1	 -43.0728	  172.3894
3.927	 2.98	 1	 -42.7023	  172.7574
3.929	 2.08	 1	 -42.2143	  173.7401
3.942	 2.48	 1	 -42.6114	  173.0751
3.947	 2.00	 1	 -45.8859	  173.9305
3.949	 2.03	 1	 -40.9463	  178.6598
3.959	 2.74	 1	 -42.3941	  173.6753
3.971	 3.74	 1	 -42.2402	  173.5920
3.976	 2.65	 1	 -43.4130	  172.7086
3.980	 2.30	 1	 -42.7318	  173.5050
3.982	 2.62	 1	 -42.2723	  173.5062
4.016	 2.37	 1	 -42.9195	  171.3582
4.017	 2.25	 1	 -42.2579	  174.3465
4.030	 2.28	 1	 -41.7220	  174.2522
4.039	 2.30	 1	 -42.4081	  173.1848
4.060	 2.03	 1	 -42.0772	  172.5867
4.079	 2.31	 1	 -42.7948	  172.6313
4.081	 2.14	 1	 -45.8060	  177.4362
4.131	 2.59	 1	 -42.3451	  172.9384
4.161	 2.20	 1	 -42.0378	  173.7458
4.161	 2.00	 1	 -41.7599	  174.1929
4.163	 2.35	 1	 -43.8955	  168.0536
4.166	 2.61	 2	 -41.8840	  173.4706
4.166	 2.49	 1	 -41.7181	  174.1684
4.194	 4.05	 1	 -42.0531	  173.5645
4.196	 2.02	 1	 -43.2259	  174.6678
4.200	 2.25	 1	 -42.1233	  173.7089
4.214	 2.54	 1	 -41.8011	  174.0531
4.215	 2.20	 1	 -42.3579	  172.8173
4.222	 2.34	 1	 -41.7434	  174.0377
4.245	 3.16	 1	 -43.2212	  172.5603
4.247	 2.79	 1	 -42.5559	  173.0836
4.261	 3.19	 1	 -42.4155	  171.9587
4.273	 3.05	 1	 -41.8144	  174.0580
4.273	 2.57	 1	 -41.8406	  172.6526
4.286	 2.04	 1	 -44.0262	  178.0882
4.296	 2.26	 1	 -42.9253	  172.4538
4.303	 2.08	 2	 -42.5621	  172.9952
4.306	 2.02	 1	 -41.7352	  174.2908
4.311	 2.27	 1	 -41.7849	  174.4587
4.315	 2.21	 1	 -42.5717	  172.9924
4.348	 2.27	 1	 -41.6951	  174.2321
4.355	 2.04	 1	 -42.3409	  173.5209
4.358	 2.10	 1	 -40.3077	  178.2086
4.379	 2.23	 1	 -42.2589	  173.5513
4.400	 2.07	 1	 -42.5217	  173.5093
4.405	 2.46	 1	 -43.6504	  173.3087
4.409	 3.37	 1	 -43.3976	  172.4731
4.417	 2.01	 1	 -42.7211	  173.0580
4.424	 3.47	 1	 -42.2416	  173.6768
4.425	 2.32	 1	 -43.7096	  173.1915
4.482	 2.10	 1	 -41.6788	  174.3572
4.489	 2.09	 1	 -41.6833	  174.2142
4.503	 2.09	 1	 -42.4346	  173.7652
4.519	 2.09	 1	 -42.8421	  173.3528
4.524	 2.12	 1	 -44.0392	  173.2857
4.537	 2.05	 1	 -42.0864	  173.7468
4.544	 2.12	 1	 -42.0921	  173.7130
4.566	 2.20	 1	 -42.5459	  173.6237
4.574	 2.15	 1	 -42.3992	  173.8847
4.616	 2.20	 1	 -43.0572	  172.8640
4.632	 2.19	 1	 -45.8799	  177.3374
4.647	 2.35	 1	 -43.5322	  171.9352
4.664	 2.01	 1	 -43.3686	  173.0611
4.667	 2.80	 1	 -42.4128	  173.3189
4.671	 2.22	 1	 -42.4809	  173.4937
4.693	 2.15	 1	 -42.7289	  173.5272
4.765	 2.50	 1	 -41.8937	  174.1119
4.805	 2.96	 1	 -43.5461	  171.7088
4.812	 2.32	 1	 -43.1499	  172.8470
4.818	 2.31	 1	 -38.5903	  170.5166
4.818	 2.09	 1	 -42.0682	  173.5632
4.861	 2.08	 1	 -42.4584	  174.8568
4.880	 3.25	 1	 -42.2262	  173.6964
4.914	 2.29	 1	 -41.4082	  178.8851
4.914	 3.26	 1	 -42.5272	  173.1813
4.917	 3.21	 1	 -43.3913	  173.6748
4.965	 2.38	 1	 -44.5825	  173.2671
4.971	 2.32	 1	 -42.8066	  173.1728
4.988	 2.12	 1	 -42.6320	  172.8143
4.993	 2.42	 1	 -42.4243	  173.8109
5.004	 2.35	 1	 -42.4019	  173.6231
5.006	 2.22	 1	 -42.5749	  173.1045
5.008	 2.18	 1	 -41.9407	  173.6550
5.015	 2.22	 1	 -42.5107	  172.8568
5.021	 2.05	 1	 -42.1386	  173.6185
5.023	 2.28	 1	 -42.1572	  173.5735
5.040	 2.18	 1	 -41.9398	  172.1824
5.044	 2.01	 1	 -42.9181	  173.3805
5.045	 2.75	 1	 -42.6507	  172.6354
5.048	 2.36	 1	 -42.5165	  173.8401
5.052	 2.77	 1	 -42.6115	  173.6654
5.071	 2.78	 1	 -43.6435	  173.4874
5.091	 2.03	 1	 -42.8989	  171.9238
5.102	 2.21	 1	 -42.7395	  172.9281
5.105	 2.25	 1	 -42.1229	  173.7034
5.121	 2.72	 1	 -43.4306	  173.0533
5.123	 3.30	 1	 -42.2582	  173.5880
5.128	 2.62	 1	 -42.0259	  177.7177
5.163	 2.70	 1	 -42.2141	  173.5456
5.172	 2.36	 1	 -42.0417	  173.7199
5.177	 2.46	 1	 -43.0644	  173.0971
5.214	 2.09	 1	 -43.1048	  173.0699
5.214	 2.19	 1	 -42.6602	  173.9260
5.228	 2.15	 1	 -42.3958	  173.8756
5.229	 2.77	 1	 -42.1532	  173.5356
5.238	 2.67	 1	 -42.1439	  173.6558
5.242	 2.35	 1	 -42.4918	  172.9715
5.256	 2.06	 1	 -43.2020	  170.4962
5.263	 2.01	 1	 -42.2453	  173.6452
5.332	 2.30	 1	 -42.9431	  172.5729
5.337	 2.49	 1	 -41.6991	  174.1670
5.373	 2.14	 1	 -42.4402	  172.9807
5.430	 2.73	 1	 -42.2137	  172.9201
5.432	 2.06	 1	 -42.6138	  171.5702
5.461	 2.21	 1	 -42.4093	  173.1802
5.470	 2.47	 2	 -42.1523	  174.0394
5.475	 2.48	 1	 -42.4406	  173.1432
5.498	 2.53	 1	 -42.7299	  174.5052
5.575	 2.57	 1	 -42.3629	  173.3754
5.589	 2.20	 1	 -41.7497	  174.1573
5.595	 2.20	 1	 -42.8839	  172.3432
5.606	 2.05	 1	 -42.0274	  173.7581
5.613	 2.05	 1	 -43.0355	  172.8574
5.644	 2.57	 1	 -42.9996	  169.6689
5.653	 2.13	 1	 -42.9354	  172.7506
5.653	 2.21	 1	 -41.9164	  174.0944
5.659	 2.62	 1	 -42.3131	  173.4748
5.709	 2.43	 1	 -42.9005	  172.8715
5.713	 2.04	 1	 -41.7907	  174.0539
5.758	 2.25	 1	 -42.5238	  173.8233
5.806	 2.65	 1	 -42.0562	  173.5351
5.830	 2.09	 1	 -43.7471	  173.3153
5.899	 2.94	 1	 -42.3466	  173.2064
5.902	 2.98	 1	 -41.8861	  174.3269
5.932	 2.55	 2	 -42.2061	  172.9167
5.933	 2.11	 1	 -42.1506	  173.6725
5.963	 2.07	 1	 -42.0950	  172.7117
5.968	 2.31	 1	 -42.2222	  173.6702
5.982	 2.50	 1	 -42.4523	  173.7229
5.993	 2.35	 1	 -42.2042	  173.7133
5.996	 2.49	 1	 -42.1537	  173.8572
5.997	 2.06	 1	 -41.7151	  174.2274
6.009	 2.72	 1	 -41.5025	  174.0218
6.014	 3.20	 1	 -42.4497	  173.4967
6.037	 2.01	 1	 -43.1089	  172.9843
6.072	 2.29	 1	 -42.2435	  173.7027
6.091	 2.65	 1	 -44.4312	  172.2059
6.112	 2.09	 1	 -42.1223	  173.5528
6.128	 2.43	 1	 -42.7529	  173.3164
6.130	 2.84	 1	 -42.6700	  172.9834
6.142	 2.02	 1	 -43.5020	  172.1938
6.167	 2.03	 1	 -41.6424	  174.2374
6.169	 2.23	 1	 -44.8680	  167.6680
6.172	 2.74	 1	 -42.1453	  172.2675
6.185	 2.40	 1	 -42.5462	  173.1249
6.213	 2.29	 1	 -42.4362	  173.8987
6.233	 2.16	 1	 -41.8392	  172.4665
6.240	 2.54	 1	 -42.4792	  173.8955
6.240	 3.29	 1	 -42.0382	  173.7023
6.241	 2.12	 1	 -43.4427	  172.2395
6.272	 2.25	 1	 -42.7293	  172.9718
6.292	 3.83	 1	 -42.3764	  173.4717
6.305	 3.41	 1	 -43.1909	  171.0630
6.311	 2.03	 1	 -42.5335	  173.1422
6.323	 2.88	 1	 -42.4509	  173.9350
6.358	 2.31	 1	 -42.3971	  172.9357
6.364	 2.15	 1	 -43.3220	  172.9838
6.404	 3.00	 1	 -43.2324	  172.7285
6.410	 3.40	 1	 -42.1008	  173.7490
6.431	 2.35	 1	 -42.6854	  173.2760
6.491	 2.93	 1	 -40.8122	  171.9914
6.501	 2.18	 1	 -42.4093	  173.2934
6.521	 2.14	 1	 -42.9714	  173.2420
6.587	 2.38	 1	 -41.8710	  174.2924
6.600	 2.80	 1	 -41.7281	  173.1725
6.620	 2.15	 2	 -42.7818	  173.4915
6.648	 2.55	 1	 -43.0780	  173.4499
6.668	 3.41	 1	 -41.6727	  174.2277
6.670	 2.41	 1	 -41.8613	  174.4848
6.715	 2.28	 1	 -42.3761	  173.6985
6.726	 3.07	 1	 -43.1831	  174.1326
6.741	 2.00	 1	 -42.2002	  173.6473
6.744	 2.08	 1	 -41.7730	  174.2308
6.749	 2.29	 1	 -42.1457	  173.8364
6.765	 2.20	 1	 -42.1378	  173.5984
6.787	 2.45	 1	 -42.5548	  173.3316
6.800	 2.15	 1	 -41.7020	  174.2742
6.813	 2.19	 1	 -43.2142	  172.5949
6.814	 2.83	 1	 -42.1672	  173.5988
6.830	 3.03	 1	 -42.2880	  173.5146
6.832	 2.27	 1	 -42.1926	  173.6136
6.858	 2.05	 1	 -41.1459	  167.2776
6.862	 2.64	 1	 -43.1361	  172.6499
6.886	 2.15	 1	 -42.2993	  173.7929
6.898	 2.33	 1	 -42.1655	  173.6308
6.914	 4.82	 1	 -42.3537	  174.0984
6.956	 2.19	 1	 -43.4288	  173.8940
7.013	 2.23	 1	 -41.9174	  173.9928
7.022	 2.40	 1	 -42.5227	  173.1889
7.110	 2.22	 1	 -41.6151	  174.3450
7.110	 2.42	 1	 -42.2411	  173.5260
7.123	 3.23	 2	 -41.7607	  173.6406
7.156	 2.12	 1	 -42.3815	  173.5852
7.249	 2.02	 1	 -40.7241	  171.3233
7.281	 2.44	 1	 -45.6009	  177.6880
7.291	 2.19	 1	 -41.7581	  174.1874
7.295	 3.33	 1	 -42.9080	  173.3583
7.296	 3.21	 1	 -42.5742	  173.3776
7.299	 2.08	 1	 -42.2395	  173.9894
7.312	 2.15	 1	 -41.6338	  174.0052
7.315	 2.48	 1	 -42.1775	  173.6948
7.340	 2.46	 1	 -42.0941	  173.6193
7.348	 2.92	 1	 -45.1031	  174.0273
7.364	 2.23	 1	 -44.8017	  178.9513
7.368	 2.02	 2	 -42.1836	  173.2836
7.369	 2.61	 1	 -42.6123	  173.7080
7.373	 2.50	 1	 -42.6181	  173.0373
7.378	 2.75	 1	 -42.2134	  173.6431
7.386	 2.54	 1	 -41.8506	  174.3554
7.406	 2.98	 1	 -42.5814	  172.7209
7.407	 3.47	 1	 -42.1807	  173.7579
7.532	 2.11	 1	 -42.4036	  173.1324
7.535	 2.13	 1	 -42.5617	  173.1114
7.595	 2.67	 1	 -42.5800	  173.5707
7.607	 2.23	 1	 -42.5279	  173.0888
7.608	 4.60	 1	 -40.6546	  173.7921
7.655	 2.04	 1	 -42.0408	  173.7004
7.696	 2.77	 1	 -43.0480	  173.3224
7.711	 2.17	 1	 -43.1500	  172.8367
7.734	 2.41	 1	 -42.6066	  173.6245
7.767	 2.48	 1	 -41.7593	  174.2305
7.779	 2.46	 1	 -42.3853	  172.1858
7.841	 2.16	 1	 -41.7251	  174.0067
7.856	 2.12	 1	 -43.3342	  171.4832
7.859	 2.22	 1	 -43.6489	  175.1036
7.861	 2.01	 1	 -42.4276	  173.1106
7.873	 2.16	 1	 -42.6118	  173.5022
7.990	 2.08	 1	 -38.4196	  174.9274
8.026	 2.36	 1	 -39.2236	  169.1295
8.032	 2.28	 1	 -41.7409	  174.2898
8.040	 2.04	 1	 -42.6831	  172.6009
8.041	 3.00	 1	 -42.7539	  173.6122
8.080	 2.08	 1	 -42.5148	  173.2947
8.107	 2.46	 1	 -42.6429	  172.7311
8.110	 2.00	 1	 -42.5869	  172.9153
8.117	 2.21	 1	 -42.6047	  174.2331
8.117	 2.07	 1	 -42.5544	  172.1539
8.118	 2.46	 1	 -43.9805	  173.1074
8.154	 3.08	 1	 -41.7872	  174.2517
8.195	 2.25	 1	 -44.5408	  172.4331
8.208	 3.00	 1	 -41.6261	  172.6097
8.215	 2.09	 1	 -43.0111	  172.7231
8.304	 3.71	 1	 -42.2332	  173.8166
8.314	 2.20	 1	 -42.1468	  173.5622
8.328	 2.01	 1	 -41.9164	  173.2849
8.346	 2.06	 1	 -42.2058	  173.5081
8.408	 2.08	 1	 -43.2086	  172.6321
8.435	 2.67	 1	 -42.7039	  174.1622
8.470	 2.51	 1	 -41.9934	  173.6704
8.476	 2.32	 1	 -42.1070	  173.8220
8.486	 2.14	 1	 -41.9091	  170.9845
8.486	 2.25	 1	 -41.8180	  174.2530
8.489	 2.97	 1	 -42.3230	  173.7847
8.516	 2.29	 1	 -41.7987	  174.0598
8.533	 3.99	 1	 -42.5145	  173.2033
8.547	 2.20	 1	 -41.3067	  171.4612
8.551	 3.10	 1	 -42.5140	  173.6202
8.574	 2.13	 1	 -45.4356	  168.1745
8.592	 2.10	 1	 -41.9348	  174.0120
8.615	 2.56	 1	 -42.3996	  173.6632
8.625	 2.00	 1	 -42.7968	  171.4734
8.637	 3.56	 1	 -42.7379	  171.8319
8.646	 2.01	 1	 -41.9915	  173.7271
8.655	 2.19	 2	 -36.2545	  176.5126
8.660	 2.10	 1	 -41.6914	  174.2577
8.701	 2.45	 1	 -42.8446	  172.6623
8.756	 2.82	 1	 -41.7862	  174.3209
8.780	 2.22	 1	 -42.5526	  173.7719
8.780	 2.17	 1	 -43.5806	  173.9083
8.811	 2.65	 1	 -42.6994	  172.5293
8.815	 2.99	 1	 -43.4541	  172.1263
8.843	 3.17	 1	 -44.1986	  170.6497
8.843	 2.06	 1	 -42.6879	  173.4338
8.870	 2.21	 1	 -42.0919	  173.5578
8.891	 2.11	 1	 -42.4389	  173.1137
8.893	 2.68	 1	 -42.8541	  173.1888
8.908	 2.14	 1	 -41.1702	  172.6871
8.946	 2.43	 1	 -42.6369	  173.2528
8.958	 3.37	 1	 -42.5463	  173.0289
8.971	 2.99	 1	 -42.0531	  173.8955
9.017	 2.11	 1	 -42.6959	  173.2721
9.023	 2.05	 1	 -42.1657	  173.7269
9.047	 2.09	 2	 -42.7838	  173.5078
9.052	 2.31	 1	 -45.3800	  174.1825
9.056	 2.42	 1	 -41.3362	  174.7112
9.059	 2.06	 1	 -42.3339	  171.9203
9.076	 3.52	 1	 -42.5492	  173.0151
9.100	 2.41	 1	 -42.3155	  173.6605
9.162	 2.33	 1	 -38.1987	  172.8087
9.168	 2.66	 1	 -42.1398	  173.8310
9.181	 3.32	 1	 -41.8497	  173.0574
9.236	 2.51	 1	 -43.7048	  170.8117
9.264	 2.28	 1	 -42.6217	  172.9227
9.283	 3.20	 1	 -41.9508	  174.5171
9.310	 2.90	 1	 -42.1758	  172.3395
9.347	 2.36	 1	 -42.2875	  173.6355
9.380	 2.51	 1	 -42.0813	  173.9855
9.402	 2.69	 1	 -42.4703	  173.8990
9.403	 2.33	 1	 -41.9868	  173.5889
9.422	 2.03	 1	 -44.0434	  172.9080
9.430	 2.11	 1	 -42.1531	  174.0663
9.464	 2.45	 1	 -42.5415	  172.9171
9.476	 2.00	 1	 -42.7815	  173.5025
9.481	 2.14	 1	 -42.8598	  173.6601
9.536	 2.10	 1	 -44.6821	  169.2609
9.538	 3.34	 1	 -42.0122	  173.7767
9.563	 2.48	 1	 -42.5949	  172.8021
9.568	 3.92	 1	 -42.0056	  174.0496
9.568	 2.25	 1	 -42.4578	  173.7382
9.586	 3.29	 1	 -42.0101	  173.6951
9.608	 2.57	 1	 -41.9904	  174.2252
9.622	 2.36	 1	 -43.6171	  173.5119
9.635	 2.55	 1	 -43.4273	  173.7961
9.674	 2.14	 1	 -42.6613	  172.7955
9.675	 2.05	 1	 -42.3602	  173.4420
9.685	 2.54	 1	 -43.1487	  172.7824
9.779	 2.15	 1	 -41.9748	  173.9727
9.792	 2.06	 1	 -42.5437	  172.7040
9.855	 2.10	 1	 -42.5924	  173.0532
9.901	 2.62	 1	 -43.2494	  172.5824
9.916	 2.29	 1	 -42.7023	  173.2040
9.952	 2.12	 1	 -41.6799	  174.1561
9.959	 2.11	 1	 -43.2802	  173.6614
10.031	 2.19	 1	 -43.4760	  178.7348
10.081	 2.41	 1	 -42.5195	  173.7443
10.081	 2.56	 1	 -43.0439	  171.2202
10.096	 2.08	 1	 -41.9344	  173.8528
10.124	 2.00	 1	 -41.9553	  173.6845
10.130	 2.09	 1	 -41.9288	  174.2036
10.145	 2.00	 1	 -42.3375	  172.7523
10.191	 2.28	 1	 -42.3904	  173.7487
10.195	 2.20	 1	 -40.3563	  169.9425
10.198	 2.11	 1	 -41.7260	  174.2833
10.240	 2.25	 1	 -43.1386	  173.0472
10.253	 2.17	 1	 -42.5767	  173.9405
10.288	 2.84	 2	 -42.7455	  173.4796
10.303	 2.09	 1	 -42.5233	  172.1417
10.325	 2.13	 1	 -42.6787	  174.3055
10.326	 2.05	 1	 -42.9490	  172.5543
10.430	 2.14	 1	 -42.6494	  173.6075
10.452	 2.26	 1	 -42.5324	  173.8079
10.463	 2.48	 1	 -42.6195	  173.0059
10.474	 2.21	 1	 -42.7885	  173.2022
10.496	 2.11	 1	 -42.1015	  172.1540
10.563	 3.32	 1	 -42.2424	  174.3175
10.581	 2.19	 1	 -42.0769	  173.9255
10.616	 2.04	 1	 -42.2587	  173.6526
10.675	 3.06	 1	 -43.0887	  172.5803
10.692	 2.69	 1	 -42.1007	  171.9494
10.707	 2.34	 1	 -42.5042	  173.7623
10.728	 2.27	 1	 -42.5076	  172.9393
10.738	 2.16	 1	 -42.1548	  173.6312
10.740	 2.05	 1	 -42.2181	  174.2969
10.753	 2.02	 1	 -41.9698	  173.7690
10.830	 2.54	 1	 -42.9570	  176.3491
10.838	 2.27	 1	 -42.2538	  174.4134
10.857	 2.54	 1	 -42.4893	  173.8539
10.924	 2.11	 1	 -41.6804	  174.2718
10.937	 2.16	 1	 -43.4237	  174.5553
10.969	 2.18	 1	 -41.6780	  174.2545
10.982	 2.54	 1	 -42.5891	  173.1723
10.984	 2.07	 1	 -42.4513	  173.6700
11.034	 2.13	 2	 -42.7886	  173.5270
11.057	 2.11	 1	 -41.7379	  174.3042
11.079	 2.07	 1	 -43.2939	  174.2673
11.105	 2.24	 1	 -42.8648	  172.7791
11.129	 2.13	 1	 -43.1641	  170.9790
11.170	 2.01	 1	 -42.0021	  172.4034
11.171	 2.27	 1	 -42.8732	  173.4137
11.174	 2.69	 1	 -42.1787	  175.5820
11.260	 2.11	 1	 -41.3777	  170.3546
11.277	 2.03	 1	 -41.9149	  172.4991
11.311	 2.84	 1	 -41.7551	  174.1908
11.361	 2.47	 1	 -42.7646	  174.4182
11.366	 4.01	 1	 -42.5442	  173.1015
11.374	 3.38	 1	 -42.9900	  173.5085
11.380	 2.07	 1	 -40.6850	  167.5479
11.398	 2.19	 1	 -43.1678	  172.8170
11.410	 3.33	 1	 -43.1396	  171.9243
11.423	 2.39	 1	 -45.3826	  173.0139
11.462	 2.56	 1	 -42.9015	  172.8100
11.490	 2.00	 1	 -41.6807	  174.2285
11.493	 2.09	 1	 -43.3993	  171.7712
11.571	 2.11	 1	 -42.6782	  173.3520
11.582	 2.42	 1	 -41.2867	  174.1850
11.633	 2.02	 1	 -40.2772	  173.3550
11.673	 2.42	 1	 -42.4516	  173.6950
11.679	 2.27	 1	 -42.4486	  172.6512
11.705	 2.49	 1	 -42.1629	  173.4931
11.708	 2.88	 1	 -42.2206	  173.5995
11.721	 2.23	 1	 -42.2959	  173.6857
11.744	 2.40	 1	 -42.5002	  173.2312
11.755	 2.36	 1	 -42.2982	  173.7426
11.767	 2.06	 1	 -42.2599	  173.6537
11.768	 2.99	 1	 -42.1384	  173.8032
11.768	 2.11	 1	 -45.5552	  177.7401
11.798	 2.15	 1	 -42.5452	  172.1838
11.831	 2.05	 1	 -43.0117	  171.0902
11.856	 2.16	 1	 -41.5704	  171.6666
11.864	 2.88	 1	 -42.1987	  173.6433
11.909	 2.16	 1	 -41.9303	  173.7288
11.921	 2.59	 1	 -44.0652	  173.1746
11.955	 2.57	 1	 -42.9672	  172.1366
12.055	 2.40	 1	 -42.9760	  172.7751
12.135	 2.10	 1	 -42.2467	  173.6609
12.144	 2.03	 1	 -42.0176	  173.6373
12.159	 2.15	 1	 -42.0160	  173.8106
12.164	 2.28	 1	 -41.9224	  173.4227
12.200	 2.75	 1	 -42.9086	  172.7417
12.229	 2.89	 1	 -42.2189	  172.9905
12.244	 3.09	 1	 -41.7394	  174.2240
12.247	 2.09	 1	 -45.5165	  176.5719
12.256	 2.08	 1	 -43.3526	  172.0899
12.258	 2.03	 1	 -42.3010	  173.8984
12.277	 2.40	 1	 -42.2599	  173.5946
12.300	 2.45	 1	 -42.1936	  173.2292
12.307	 2.22	 1	 -44.0836	  172.0265
12.314	 2.48	 1	 -42.3872	  173.3498
12.357	 2.61	 1	 -42.6037	  173.4689
12.374	 2.43	 1	 -42.2705	  173.6786
12.378	 2.27	 1	 -42.8360	  173.0917
12.381	 2.50	 1	 -42.5870	  173.0823
12.397	 2.35	 1	 -41.9187	  174.0469
12.497	 2.14	 1	 -42.1121	  173.6550
12.567	 3.04	 1	 -42.1004	  173.4365
12.603	 2.84	 1	 -42.3238	  173.4829
12.605	 2.29	 1	 -42.9188	  173.4265
12.615	 2.28	 1	 -42.8929	  172.7646
12.680	 2.38	 1	 -41.7403	  174.2066
12.721	 2.60	 1	 -42.6333	  172.6296
12.723	 2.13	 1	 -43.5123	  173.7753
12.749	 2.69	 1	 -40.5660	  173.1606
12.753	 3.07	 1	 -42.5231	  173.7311
12.795	 2.16	 1	 -42.0863	  173.4413
12.804	 2.18	 1	 -42.6690	  172.8580
12.819	 2.10	 1	 -42.4323	  173.3936
12.829	 2.09	 1	 -43.5954	  173.3901
12.837	 2.10	 1	 -41.8600	  174.2254
12.838	 2.41	 1	 -42.6700	  173.2658
12.903	 2.13	 1	 -42.4246	  173.3328
12.926	 2.21	 1	 -46.5314	  169.8365
12.941	 2.31	 1	 -43.0266	  171.5302
12.947	 2.53	 1	 -45.3713	  170.7618
13.000	 2.58	 1	 -40.3636	  172.6790
13.239	 2.22	 1	 -43.0112	  173.3650
13.250	 2.24	 1	 -42.8589	  172.7915
13.285	 2.42	 1	 -40.6259	  178.4555
13.332	 2.20	 1	 -42.4340	  173.6924
13.456	 2.24	 1	 -42.6263	  172.8307
13.488	 2.14	 1	 -42.2700	  173.6682
13.492	 2.26	 1	 -42.9582	  174.1587
13.525	 2.37	 1	 -42.6973	  173.0317
13.594	 2.15	 1	 -43.2935	  173.6799
13.623	 2.33	 1	 -41.6794	  174.2048
13.644	 2.08	 1	 -42.2034	  173.1256
13.672	 2.41	 1	 -42.4686	  172.8514
13.714	 2.31	 1	 -42.0155	  173.7082
13.732	 2.15	 1	 -42.3720	  173.4801
13.735	 2.22	 1	 -43.0149	  173.3555
13.746	 2.81	 1	 -41.9591	  173.6446
13.750	 2.04	 1	 -42.6502	  171.1258
13.786	 2.92	 1	 -41.7412	  174.2171
13.823	 2.78	 1	 -42.0374	  173.6212
13.839	 2.07	 1	 -42.2491	  172.0879
13.840	 2.14	 1	 -41.4591	  176.6617
13.948	 2.00	 1	 -42.9628	  172.4899
14.080	 2.37	 1	 -41.7655	  174.4105
14.136	 2.79	 1	 -44.2317	  172.4614
14.206	 2.06	 1	 -42.2235	  173.7898
14.258	 2.43	 1	 -41.8668	  174.1591
14.282	 2.69	 1	 -42.1637	  173.6689
14.313	 2.31	 1	 -42.0382	  174.0394
14.361	 2.20	 1	 -42.6255	  172.9676
14.396	 2.39	 1	 -42.0970	  173.3041
14.432	 2.15	 1	 -42.6113	  172.8773
14.437	 2.89	 1	 -42.3463	  173.4578
14.485	 2.02	 1	 -38.2131	  173.5558
