# Simulation 489
# RelativeTime(days) Magnitude Generation Latitude Longitude
Time Mag Gen Lat Lon
7.003	 2.30	 1	 -41.6185	  172.3592
7.008	 3.09	 1	 -41.0228	  167.3418
7.012	 2.90	 1	 -42.6391	  173.4833
7.018	 2.97	 1	 -41.2928	  173.2689
7.031	 2.15	 1	 -46.2439	  170.6355
7.032	 2.68	 1	 -45.7567	  168.5447
7.041	 2.10	 1	 -40.1407	  175.7082
7.062	 3.23	 1	 -41.8228	  174.1987
7.075	 2.68	 1	 -42.6437	  179.1396
7.079	 2.11	 1	 -46.3185	  169.4580
7.080	 2.45	 1	 -41.6679	  169.3001
7.090	 2.40	 1	 -38.4145	  173.8500
7.094	 2.51	 1	 -42.7219	  172.7859
7.099	 3.33	 1	 -41.6670	  172.3709
7.103	 3.20	 1	 -43.4849	  174.9871
7.107	 2.67	 1	 -42.7627	  173.5807
7.110	 2.97	 1	 -46.0834	  177.0401
7.111	 2.41	 1	 -40.7807	  170.3224
7.117	 3.62	 1	 -42.4909	  172.6980
7.134	 2.31	 1	 -42.0070	  172.8959
7.136	 2.00	 1	 -42.2777	  174.1433
7.152	 2.14	 1	 -46.0955	  172.9030
7.153	 3.66	 1	 -41.6568	  174.6208
7.159	 2.10	 1	 -42.3051	  173.6331
7.164	 2.53	 1	 -39.5721	  177.4271
7.185	 2.47	 1	 -43.1046	  172.1737
7.185	 2.30	 1	 -42.0905	  175.7678
7.194	 2.09	 1	 -43.7372	  167.0717
7.200	 2.03	 1	 -41.4114	  174.8167
7.207	 2.67	 1	 -42.7341	  173.1653
7.214	 2.72	 1	 -42.6387	  170.8754
7.219	 2.94	 1	 -42.5101	  171.9101
7.228	 2.05	 1	 -42.4351	  175.9445
7.229	 2.39	 1	 -41.9810	  174.0681
7.238	 2.01	 1	 -40.6650	  170.7734
7.266	 2.30	 1	 -44.4127	  174.1481
7.281	 2.22	 1	 -41.3663	  174.8509
7.299	 3.89	 1	 -43.2283	  172.3036
7.301	 2.01	 1	 -40.4127	  173.2010
7.304	 2.33	 1	 -43.2692	  172.3271
7.305	 2.77	 1	 -41.7633	  174.2100
7.308	 2.31	 1	 -43.1157	  172.7194
7.313	 3.51	 1	 -42.4601	  172.9253
7.326	 2.09	 1	 -41.8603	  170.5919
7.336	 2.19	 1	 -42.7857	  173.4890
7.343	 2.49	 1	 -42.8234	  174.1112
7.343	 2.12	 1	 -43.0233	  173.8561
7.352	 2.36	 1	 -43.2229	  172.7259
7.355	 2.27	 1	 -43.7721	  171.7105
7.355	 2.50	 1	 -42.6808	  173.8012
7.372	 2.35	 1	 -42.8714	  173.5502
7.388	 2.09	 1	 -43.7048	  176.0368
7.402	 2.46	 1	 -41.8610	  171.4729
7.415	 2.01	 1	 -43.0933	  177.5271
7.422	 2.11	 1	 -43.4157	  172.0460
7.431	 2.14	 1	 -42.3064	  173.8991
7.437	 2.08	 1	 -42.8962	  172.8742
7.450	 2.02	 1	 -42.2084	  173.4417
7.451	 2.20	 1	 -41.9798	  171.1394
7.453	 2.16	 1	 -43.4000	  172.8967
7.459	 2.31	 1	 -42.7591	  173.8178
7.472	 2.12	 1	 -42.1617	  173.4497
7.472	 2.11	 1	 -41.8275	  167.0186
7.476	 2.73	 1	 -41.9178	  172.1885
7.476	 3.44	 1	 -43.2182	  172.8042
7.497	 2.20	 1	 -42.1153	  173.0981
7.506	 2.14	 1	 -41.8326	  174.6351
7.508	 2.08	 1	 -42.5906	  172.2008
7.516	 2.08	 1	 -41.3577	  172.6936
7.524	 2.44	 1	 -43.5085	  170.2614
7.530	 2.42	 1	 -42.7163	  172.8652
7.532	 2.12	 1	 -43.0833	  173.3295
7.535	 2.01	 1	 -42.6878	  172.1499
7.562	 3.81	 1	 -40.8311	  173.6699
7.562	 2.02	 1	 -42.6161	  170.4266
7.565	 2.93	 1	 -43.2132	  179.0988
7.566	 2.01	 1	 -42.0879	  172.0620
7.573	 2.15	 1	 -43.6040	  173.4437
7.577	 2.44	 1	 -43.1914	  174.0497
7.583	 2.22	 1	 -44.2550	  169.1011
7.584	 2.47	 1	 -42.2453	  175.5208
7.594	 2.22	 1	 -43.4239	  179.0585
7.598	 2.12	 1	 -42.4398	  172.6051
7.608	 2.40	 1	 -42.3809	  173.0585
7.617	 2.00	 1	 -42.0472	  172.9821
7.617	 2.43	 1	 -42.1613	  174.0208
7.618	 2.77	 1	 -42.3935	  171.8946
7.635	 2.16	 1	 -42.9926	  172.5522
7.644	 2.13	 1	 -42.9716	  173.5788
7.651	 2.23	 1	 -40.7196	  172.1644
7.665	 2.44	 1	 -42.6992	  172.8093
7.672	 2.19	 1	 -43.0007	  173.8033
7.675	 2.10	 1	 -43.6055	  171.3486
7.696	 2.10	 1	 -42.1550	  173.0439
7.697	 2.43	 1	 -41.3697	  167.1750
7.704	 2.17	 1	 -46.5497	  175.8070
7.723	 2.18	 1	 -38.9612	  169.6080
7.746	 2.48	 1	 -43.4231	  172.7186
7.751	 2.58	 1	 -39.4734	  168.7506
7.788	 2.11	 1	 -42.6506	  173.7243
7.803	 2.12	 1	 -38.5001	  175.2339
7.804	 2.22	 1	 -41.8862	  172.8980
7.811	 2.08	 1	 -42.9108	  173.0962
7.814	 2.13	 1	 -41.4295	  173.5453
7.819	 2.11	 1	 -42.6933	  172.6043
7.844	 2.38	 1	 -45.0454	  167.8087
7.846	 2.55	 1	 -43.5684	  167.0215
7.851	 2.06	 1	 -43.0072	  173.8854
7.852	 3.21	 1	 -42.8142	  173.2479
7.865	 2.03	 1	 -41.7526	  175.1831
7.874	 2.50	 1	 -42.0497	  171.4575
7.875	 2.51	 1	 -42.6897	  174.8935
7.885	 2.31	 1	 -42.6602	  174.4374
7.892	 3.34	 1	 -42.7728	  170.6260
7.898	 2.13	 1	 -42.0066	  173.7510
7.900	 2.03	 1	 -43.3566	  173.1174
7.901	 2.08	 1	 -43.8062	  173.2653
7.916	 2.36	 1	 -46.1625	  176.9131
7.926	 2.26	 1	 -40.6228	  167.5909
7.938	 2.78	 1	 -43.2963	  175.5063
7.941	 2.26	 1	 -44.8788	  174.4109
7.951	 2.23	 1	 -43.0677	  173.8676
7.957	 3.16	 1	 -43.4887	  172.8764
7.966	 2.63	 1	 -43.4899	  174.0770
7.973	 2.16	 1	 -44.0885	  173.6951
7.976	 2.00	 1	 -42.6439	  173.1449
7.987	 2.23	 1	 -40.5705	  173.1237
7.988	 2.15	 1	 -41.8160	  172.5893
7.991	 2.10	 1	 -42.6111	  172.7798
8.010	 2.03	 1	 -41.8678	  173.3877
8.012	 2.08	 1	 -41.1352	  173.5610
8.013	 2.13	 1	 -42.7776	  173.3079
8.015	 2.03	 1	 -43.3397	  172.8775
8.015	 2.19	 1	 -42.0214	  172.6222
8.019	 2.33	 1	 -43.7721	  173.1800
8.023	 2.38	 1	 -42.6489	  174.0625
8.043	 2.03	 1	 -42.1051	  174.0276
8.061	 2.34	 1	 -43.0365	  172.1287
8.096	 2.43	 1	 -42.7259	  171.1622
8.097	 3.19	 1	 -41.9429	  174.3935
8.109	 2.96	 1	 -43.5841	  172.6337
8.117	 2.45	 1	 -42.1623	  172.9141
8.125	 3.41	 1	 -44.3916	  175.6057
8.141	 2.47	 1	 -42.7643	  173.3721
8.151	 2.03	 1	 -41.9853	  176.8185
8.156	 2.13	 1	 -44.6548	  178.5267
8.161	 3.03	 1	 -42.2046	  172.2195
8.162	 2.03	 1	 -44.4616	  169.7775
8.168	 4.08	 1	 -41.7355	  174.2652
8.170	 2.18	 1	 -43.5624	  173.0280
8.198	 2.24	 1	 -42.8088	  171.8040
8.204	 2.07	 1	 -42.7424	  173.8117
8.215	 2.17	 1	 -41.9669	  173.8109
8.215	 2.32	 1	 -42.5291	  173.0668
8.222	 2.40	 1	 -42.9526	  172.3279
8.223	 2.67	 1	 -43.6384	  173.9452
8.223	 2.34	 1	 -44.4181	  171.8091
8.249	 2.39	 1	 -43.3400	  172.3206
8.262	 2.70	 1	 -41.1407	  173.6532
8.264	 2.08	 1	 -42.3142	  172.0056
8.269	 2.39	 1	 -43.7161	  172.6610
8.272	 2.43	 1	 -42.3516	  172.4290
8.276	 2.36	 1	 -42.5784	  173.1435
8.293	 4.15	 1	 -41.7663	  175.6335
8.297	 2.69	 1	 -41.0507	  176.1214
8.309	 3.14	 1	 -41.3999	  172.4299
8.310	 2.23	 1	 -38.2095	  172.5471
8.316	 2.81	 1	 -44.6885	  175.8058
8.316	 4.18	 1	 -47.0691	  171.6181
8.322	 2.25	 1	 -42.3694	  172.5979
8.322	 2.08	 1	 -41.3305	  173.9543
8.328	 2.21	 1	 -39.3794	  174.3206
8.339	 2.17	 1	 -43.3426	  171.3904
8.341	 3.07	 1	 -44.9130	  171.9606
8.345	 2.77	 1	 -43.5701	  167.9807
8.347	 2.80	 1	 -42.2999	  172.5213
8.357	 2.22	 1	 -42.5416	  172.8453
8.373	 3.59	 1	 -42.6158	  173.0638
8.378	 2.18	 1	 -42.2485	  173.8178
8.380	 2.53	 1	 -38.4053	  171.1770
8.381	 2.12	 1	 -41.9203	  172.7937
8.390	 2.40	 1	 -43.0162	  173.3633
8.394	 2.26	 1	 -43.0069	  173.9143
8.401	 2.07	 1	 -39.8457	  171.5239
8.421	 2.04	 1	 -38.6475	  173.5697
8.429	 2.29	 1	 -43.8476	  171.9594
8.431	 2.62	 1	 -42.8622	  172.5914
8.433	 2.16	 1	 -42.2340	  174.1741
8.435	 2.12	 1	 -41.7927	  175.7985
8.435	 2.38	 1	 -42.2063	  174.0705
8.436	 2.68	 1	 -43.2448	  166.9506
8.463	 2.56	 1	 -44.0116	  172.6480
8.465	 2.01	 1	 -42.4222	  174.2851
8.469	 2.17	 1	 -40.2687	  176.0841
8.469	 2.07	 1	 -42.1240	  173.6263
8.472	 3.00	 1	 -44.7958	  172.2717
8.473	 2.26	 1	 -41.2468	  178.8151
8.474	 2.00	 1	 -41.0553	  173.2592
8.480	 2.25	 1	 -43.8620	  171.9858
8.483	 2.05	 1	 -43.8402	  172.9667
8.485	 2.23	 1	 -42.2485	  173.9969
8.487	 2.18	 1	 -43.4983	  179.0409
8.493	 2.24	 1	 -43.0893	  173.1399
8.493	 2.06	 1	 -42.5232	  173.1759
8.502	 2.40	 1	 -42.6300	  175.0928
8.512	 2.30	 1	 -46.8945	  175.2003
8.513	 2.28	 1	 -42.9493	  173.4921
8.515	 2.00	 1	 -43.0842	  172.2340
8.523	 2.46	 1	 -41.9167	  174.5173
8.527	 2.21	 1	 -42.6299	  173.6620
8.534	 3.00	 1	 -43.1086	  172.8656
8.535	 2.77	 1	 -42.9549	  172.5722
8.539	 2.92	 1	 -39.9657	  173.6811
8.542	 2.32	 1	 -39.5501	  174.8065
8.545	 2.10	 1	 -43.4378	  171.9302
8.553	 2.02	 1	 -42.7263	  166.9045
8.558	 3.59	 1	 -42.1927	  173.4471
8.568	 2.19	 1	 -38.3505	  174.6125
8.584	 2.98	 1	 -41.0019	  167.3532
8.597	 2.60	 1	 -43.4008	  172.3524
8.604	 2.48	 1	 -42.5347	  173.1019
8.606	 2.44	 1	 -45.2177	  175.9902
8.610	 2.32	 1	 -42.0756	  171.5422
8.611	 2.32	 1	 -42.6048	  173.0422
8.615	 2.03	 1	 -44.1150	  172.3967
8.617	 2.49	 1	 -42.5726	  172.9450
8.622	 2.18	 1	 -42.1321	  172.9077
8.623	 2.02	 1	 -41.8535	  172.6312
8.632	 2.40	 1	 -43.0266	  173.0510
8.633	 3.27	 1	 -46.8031	  175.5023
8.635	 2.45	 1	 -42.1375	  173.4219
8.639	 2.32	 1	 -43.2407	  171.6017
8.658	 3.45	 1	 -42.8599	  170.9222
8.658	 2.06	 1	 -42.4095	  173.1453
8.662	 2.75	 1	 -43.1564	  172.9633
8.673	 2.03	 1	 -38.6411	  175.6763
8.678	 2.55	 1	 -41.7615	  172.7527
8.689	 2.03	 1	 -42.5648	  172.7941
8.690	 2.14	 1	 -42.2957	  172.4661
8.695	 2.21	 1	 -43.1786	  177.5606
8.699	 2.06	 1	 -38.3848	  174.7766
8.702	 2.32	 1	 -42.6280	  173.5070
8.713	 2.18	 1	 -43.0356	  173.3470
8.716	 2.11	 1	 -44.1670	  173.3344
8.742	 2.04	 1	 -42.0050	  171.4512
8.754	 2.15	 1	 -42.4956	  175.7936
8.757	 2.37	 1	 -42.6569	  172.7099
8.761	 4.46	 1	 -41.7685	  172.5123
8.764	 2.16	 1	 -43.1221	  173.4697
8.764	 2.02	 1	 -42.5453	  172.2268
8.772	 2.47	 1	 -42.1502	  174.1050
8.782	 2.23	 1	 -42.0408	  173.0578
8.786	 2.76	 1	 -42.6639	  172.9783
8.797	 2.45	 1	 -44.6516	  174.0056
8.828	 2.20	 1	 -44.0952	  172.8367
8.841	 2.24	 1	 -43.4043	  173.1384
8.842	 2.12	 1	 -42.6709	  172.5787
8.845	 2.16	 1	 -42.9859	  173.7038
8.848	 2.40	 1	 -42.1022	  174.3750
8.850	 2.37	 1	 -46.2861	  170.4010
8.855	 2.02	 1	 -41.7989	  174.7397
8.856	 2.18	 1	 -41.0940	  172.5199
8.872	 2.35	 1	 -43.1704	  173.4327
8.885	 2.07	 1	 -43.4935	  174.2926
8.899	 2.52	 1	 -43.4596	  166.9940
8.901	 2.62	 1	 -42.4287	  173.7489
8.916	 2.05	 1	 -42.1470	  173.6382
8.918	 2.66	 1	 -40.6458	  169.1756
8.923	 2.01	 1	 -40.2712	  178.1772
8.935	 2.63	 1	 -42.6921	  172.4646
8.937	 2.04	 1	 -45.4499	  168.1895
8.940	 2.44	 1	 -43.3178	  172.4922
8.952	 2.20	 1	 -42.4681	  172.3413
8.987	 2.32	 1	 -38.2878	  171.7919
8.989	 2.11	 1	 -42.5030	  173.5484
8.989	 2.07	 1	 -41.0748	  172.9424
8.996	 2.19	 1	 -42.3637	  173.7596
9.000	 2.58	 1	 -43.7756	  171.5900
9.006	 2.44	 1	 -41.3155	  173.5455
9.009	 2.80	 1	 -44.9926	  175.5858
9.024	 2.01	 1	 -42.6610	  175.2176
9.037	 3.76	 1	 -43.0054	  174.1834
9.043	 2.33	 1	 -42.0821	  174.0256
9.066	 2.08	 1	 -42.8177	  171.4291
9.066	 2.43	 1	 -43.2271	  172.2942
9.068	 2.08	 1	 -43.1051	  172.5547
9.084	 2.31	 1	 -42.9494	  174.2952
9.098	 2.53	 1	 -38.8332	  176.1617
9.100	 2.53	 1	 -42.4509	  172.0012
9.109	 2.04	 1	 -42.1981	  172.9192
9.116	 3.17	 1	 -44.9097	  174.7053
9.119	 2.80	 1	 -42.8893	  173.7496
9.141	 2.65	 1	 -46.0007	  176.5933
9.145	 2.94	 1	 -39.5755	  168.6128
9.182	 2.32	 1	 -40.9953	  170.3031
9.185	 2.05	 1	 -41.3808	  172.6950
9.187	 2.10	 1	 -46.2981	  169.3666
9.191	 2.02	 1	 -42.7692	  172.6032
9.196	 2.73	 1	 -43.2120	  171.7335
9.206	 3.13	 1	 -43.3533	  172.0935
9.208	 2.13	 1	 -41.9608	  173.6722
9.221	 2.13	 1	 -45.4227	  168.1610
9.222	 2.13	 1	 -43.5057	  174.4075
9.226	 2.72	 1	 -43.6563	  172.5293
9.230	 2.46	 1	 -42.6121	  172.9574
9.246	 3.10	 1	 -44.2914	  172.1891
9.253	 2.13	 1	 -41.3973	  174.3732
9.273	 2.27	 1	 -42.3878	  171.7206
9.275	 2.33	 1	 -40.1857	  171.7183
9.279	 2.12	 1	 -42.3007	  173.3342
9.299	 2.31	 1	 -42.3031	  179.1170
9.310	 2.13	 1	 -43.6701	  173.9932
9.327	 2.09	 1	 -42.3008	  173.6157
9.359	 2.65	 1	 -41.6315	  174.9950
9.359	 2.19	 1	 -43.4054	  170.9216
9.364	 4.34	 1	 -41.7115	  174.2087
9.366	 2.38	 1	 -42.3748	  172.8451
9.386	 2.04	 1	 -41.8515	  172.3872
9.399	 2.29	 1	 -42.2601	  174.5594
9.404	 2.43	 1	 -46.1794	  174.1637
9.437	 2.81	 1	 -41.9860	  174.0572
9.443	 2.79	 1	 -43.7459	  172.1702
9.443	 2.51	 1	 -42.7935	  172.8340
9.473	 2.02	 1	 -42.0408	  171.8308
9.478	 2.86	 1	 -42.8028	  173.4310
9.483	 2.07	 1	 -44.8003	  173.7780
9.485	 2.43	 1	 -42.1594	  173.6513
9.538	 2.34	 1	 -43.0147	  173.2651
9.554	 2.37	 1	 -42.5976	  172.8634
9.567	 2.11	 1	 -42.4649	  172.9716
9.568	 2.32	 1	 -42.0726	  172.9388
9.573	 2.96	 1	 -43.4460	  172.2848
9.573	 2.09	 1	 -42.0976	  173.6217
9.582	 2.45	 1	 -42.2530	  173.4714
9.596	 2.02	 1	 -40.7661	  178.5500
9.604	 2.78	 1	 -42.9046	  166.9111
9.617	 3.33	 1	 -42.5475	  171.9761
9.627	 2.56	 1	 -41.7127	  174.2727
9.642	 3.06	 1	 -43.0615	  172.7693
9.649	 2.40	 1	 -40.7160	  173.3782
9.651	 2.13	 1	 -39.9203	  174.4333
9.661	 2.48	 1	 -44.2445	  168.9812
9.667	 2.27	 1	 -41.0677	  175.0364
9.682	 3.15	 1	 -42.4719	  173.4512
9.686	 2.17	 1	 -41.7419	  173.5091
9.687	 2.27	 1	 -44.3502	  175.1039
9.692	 2.09	 1	 -42.6498	  174.8759
9.700	 2.21	 1	 -43.3296	  174.1702
9.705	 2.33	 1	 -41.3074	  167.3073
9.708	 3.02	 1	 -42.5433	  175.0495
9.711	 3.46	 1	 -42.7965	  172.3112
9.713	 2.37	 1	 -42.3219	  172.8668
9.714	 2.69	 1	 -38.4028	  174.8221
9.715	 2.29	 1	 -40.6301	  175.3010
9.731	 3.34	 1	 -43.9620	  171.1694
9.741	 2.18	 1	 -41.9803	  173.9033
9.745	 2.39	 1	 -42.1846	  172.5056
9.750	 2.06	 1	 -43.5025	  174.6722
9.759	 2.31	 1	 -43.1355	  172.9632
9.763	 2.77	 1	 -42.4743	  172.8306
9.763	 3.09	 1	 -42.8492	  167.7252
9.763	 2.15	 1	 -43.1627	  172.6182
9.775	 2.20	 1	 -42.6628	  172.1100
9.789	 2.08	 1	 -41.0250	  172.7062
9.791	 2.04	 1	 -41.9394	  172.3441
9.798	 2.44	 1	 -43.2615	  173.2341
9.822	 2.19	 1	 -42.9469	  166.9141
9.848	 2.82	 1	 -42.0759	  173.9489
9.853	 2.46	 1	 -42.8975	  173.2040
9.866	 2.10	 1	 -42.0425	  171.9391
9.867	 2.72	 1	 -45.0261	  178.2517
9.867	 2.40	 1	 -43.3389	  172.4805
9.869	 2.11	 1	 -43.9448	  171.2032
9.887	 2.95	 1	 -45.0310	  175.3227
9.893	 3.09	 1	 -42.8006	  171.5834
9.902	 2.09	 1	 -42.4081	  173.3402
9.903	 2.23	 1	 -42.2891	  172.9503
9.909	 2.12	 1	 -43.2964	  169.4047
9.933	 2.45	 1	 -42.0608	  173.5256
9.937	 2.38	 1	 -44.3389	  173.2996
9.950	 2.40	 1	 -42.4572	  172.8679
9.953	 2.01	 1	 -42.6621	  175.0610
9.967	 2.23	 1	 -43.8687	  175.4465
9.967	 2.19	 1	 -43.1652	  173.2150
9.972	 3.34	 1	 -41.2695	  168.0450
9.977	 3.30	 1	 -41.9381	  175.6885
9.983	 2.56	 1	 -45.7028	  168.4775
9.989	 2.56	 1	 -42.6633	  172.7919
9.993	 2.70	 1	 -47.1692	  172.4463
10.007	 2.23	 1	 -42.5791	  173.5373
10.010	 2.08	 1	 -43.9945	  174.5007
10.013	 2.49	 1	 -43.4740	  176.2678
10.021	 2.24	 1	 -39.8206	  177.7296
10.030	 2.04	 1	 -39.5943	  174.2001
10.032	 2.07	 1	 -43.0361	  174.6012
10.036	 2.87	 1	 -41.2913	  171.0060
10.044	 2.26	 1	 -41.8582	  173.2745
10.048	 2.75	 1	 -43.1854	  172.2812
10.056	 2.39	 1	 -42.2539	  174.2909
10.058	 2.78	 1	 -43.0872	  171.5972
10.074	 2.25	 1	 -42.5263	  173.2019
10.088	 2.13	 1	 -42.0790	  173.4972
10.091	 2.57	 1	 -41.2859	  171.0474
10.104	 2.87	 1	 -42.5689	  172.7933
10.125	 2.03	 1	 -46.2645	  176.7383
10.132	 2.32	 1	 -38.2722	  171.9005
10.140	 2.05	 1	 -42.6617	  172.4151
10.160	 2.15	 1	 -39.4637	  168.7642
10.168	 2.06	 1	 -42.7115	  173.0815
10.180	 2.30	 1	 -42.9022	  173.5307
10.185	 2.40	 1	 -42.0924	  172.6444
10.188	 2.20	 1	 -45.6748	  168.4434
10.197	 4.52	 1	 -42.5411	  172.8438
10.197	 2.47	 1	 -42.9790	  173.1461
10.199	 2.27	 1	 -42.8241	  173.1345
10.199	 2.16	 1	 -41.7835	  172.8407
10.227	 2.01	 1	 -43.6317	  171.0004
10.244	 3.07	 1	 -42.2609	  175.0595
10.252	 3.42	 1	 -44.5060	  170.6023
10.279	 2.88	 1	 -42.7837	  173.5171
10.302	 2.01	 1	 -46.2821	  172.7624
10.329	 2.27	 1	 -41.7829	  167.8869
10.337	 2.19	 1	 -42.5725	  173.4593
10.339	 2.83	 1	 -42.2548	  173.7253
10.341	 2.07	 1	 -43.7262	  171.5161
10.342	 2.05	 1	 -42.4658	  173.9807
10.367	 2.38	 1	 -44.7151	  169.8538
10.414	 2.17	 1	 -42.8838	  166.9099
10.417	 2.01	 1	 -41.6787	  174.3924
10.437	 2.46	 1	 -43.4624	  171.6917
10.466	 2.05	 1	 -42.6972	  172.3721
10.470	 2.25	 1	 -42.6607	  172.6573
10.472	 2.09	 1	 -43.1890	  174.3146
10.489	 2.51	 1	 -43.0814	  172.8572
10.489	 2.27	 1	 -44.2986	  170.8772
10.493	 2.10	 1	 -42.5604	  172.2743
10.502	 2.06	 1	 -39.2984	  172.4547
10.503	 2.13	 1	 -46.0739	  168.9894
10.508	 3.49	 1	 -42.0895	  171.7616
10.526	 2.00	 1	 -42.2127	  172.5956
10.550	 2.79	 1	 -42.5731	  173.6116
10.558	 2.09	 1	 -42.4369	  172.3115
10.577	 3.36	 1	 -43.0508	  172.7797
10.581	 2.21	 1	 -42.3980	  172.6026
10.587	 3.04	 1	 -42.6994	  173.2414
10.607	 2.10	 1	 -46.0057	  170.3042
10.612	 2.91	 1	 -41.9373	  172.9117
10.614	 2.63	 1	 -38.3229	  174.4657
10.623	 2.28	 1	 -42.6191	  174.9015
10.631	 2.48	 1	 -42.6847	  172.8488
10.645	 4.61	 1	 -38.3620	  171.3747
10.650	 2.42	 1	 -44.1440	  167.2318
10.667	 2.68	 1	 -44.4359	  171.6806
10.668	 2.08	 1	 -44.7445	  178.4658
10.682	 2.35	 1	 -42.8323	  171.6444
10.705	 2.05	 1	 -41.9793	  173.5876
10.707	 2.00	 1	 -43.0530	  173.1321
10.707	 2.20	 1	 -42.1141	  173.3302
10.755	 2.50	 1	 -43.6004	  172.1854
10.779	 2.21	 1	 -45.5314	  171.2575
10.797	 2.09	 1	 -41.8818	  172.5336
10.801	 2.04	 1	 -42.9667	  174.0434
10.802	 2.76	 1	 -42.5756	  173.0491
10.806	 3.40	 1	 -38.5089	  172.8283
10.806	 2.24	 1	 -43.4627	  166.9947
10.822	 2.10	 1	 -43.8411	  168.9533
10.822	 2.35	 1	 -43.8559	  171.2136
10.823	 2.01	 1	 -43.0905	  173.7966
10.839	 2.15	 1	 -41.4588	  173.6317
10.844	 2.25	 1	 -41.9925	  173.6380
10.848	 2.06	 1	 -42.6916	  174.5021
10.862	 2.30	 1	 -42.0370	  173.2690
10.869	 2.29	 1	 -42.2100	  174.5902
10.887	 2.19	 1	 -43.6832	  171.2296
10.890	 2.30	 1	 -41.2033	  167.3097
10.908	 2.19	 1	 -38.7932	  169.9755
10.911	 2.36	 1	 -43.4475	  172.5048
10.912	 2.19	 1	 -39.0389	  169.4559
10.919	 2.20	 1	 -46.1197	  169.0617
10.929	 2.22	 1	 -45.8188	  172.2388
10.935	 2.06	 1	 -42.2116	  173.6752
10.936	 2.01	 1	 -42.2075	  173.7042
10.936	 2.01	 1	 -47.0504	  171.5141
10.938	 2.41	 1	 -47.0140	  174.7127
10.951	 2.54	 1	 -42.4370	  173.8223
10.955	 2.09	 1	 -42.2417	  170.4346
10.956	 2.62	 1	 -42.8831	  172.7211
10.969	 2.25	 1	 -42.6699	  172.6356
10.984	 2.14	 1	 -44.2578	  167.2870
10.988	 2.07	 1	 -42.4472	  178.9215
10.990	 2.02	 1	 -40.5715	  170.2775
11.010	 2.88	 1	 -42.1283	  173.8522
11.013	 2.50	 1	 -43.8173	  172.5170
11.032	 3.90	 1	 -42.5203	  172.4257
11.037	 2.25	 1	 -42.4503	  166.9132
11.042	 2.41	 1	 -47.1595	  173.7232
11.049	 2.32	 1	 -42.9788	  173.4220
11.050	 2.40	 1	 -42.3398	  171.0587
11.074	 2.05	 1	 -41.2661	  173.8856
11.082	 2.37	 1	 -43.4635	  174.9567
11.092	 2.10	 1	 -43.7069	  174.6199
11.097	 2.04	 1	 -40.6493	  178.4719
11.098	 2.05	 1	 -40.0361	  174.5092
11.099	 2.43	 1	 -40.1174	  173.6058
11.113	 2.06	 1	 -42.5051	  173.1659
11.144	 3.59	 1	 -46.7865	  170.4919
11.147	 2.41	 1	 -42.8608	  173.7578
11.147	 2.05	 1	 -39.2200	  169.1355
11.149	 2.27	 1	 -44.1349	  172.2302
11.154	 2.28	 1	 -42.6399	  174.1842
11.161	 2.09	 1	 -42.2858	  173.4254
11.172	 2.01	 1	 -39.2451	  172.3616
11.172	 2.44	 1	 -43.2900	  179.0857
11.179	 2.07	 1	 -42.6122	  173.1044
11.180	 2.04	 1	 -42.2561	  173.6883
11.187	 2.20	 1	 -43.3224	  175.1061
11.193	 2.11	 1	 -47.1731	  172.5054
11.205	 2.58	 1	 -43.7079	  171.7042
11.209	 3.57	 1	 -43.5424	  173.0904
11.212	 2.32	 1	 -42.5845	  172.2969
11.225	 2.01	 1	 -42.2597	  174.0045
11.231	 2.90	 1	 -41.9161	  172.5458
11.247	 2.22	 1	 -43.3773	  173.7974
11.262	 2.02	 1	 -40.9125	  171.0187
11.273	 2.21	 1	 -42.5457	  172.2432
11.282	 2.65	 1	 -43.0167	  174.3905
11.286	 3.83	 1	 -42.7959	  173.5824
11.293	 2.68	 1	 -43.0598	  172.4297
11.301	 2.78	 1	 -42.9263	  173.5638
11.305	 2.69	 1	 -41.9338	  166.9921
11.305	 2.02	 1	 -39.9709	  177.7078
11.312	 2.72	 1	 -42.4114	  173.6485
11.342	 3.02	 1	 -41.8565	  173.2456
11.347	 2.33	 1	 -42.4286	  173.3772
11.349	 2.14	 1	 -42.1018	  172.3432
11.364	 2.19	 1	 -43.3714	  171.9046
11.373	 2.16	 1	 -42.0929	  174.1715
11.412	 2.90	 1	 -42.4937	  172.7324
11.422	 2.51	 1	 -42.3760	  168.5097
11.426	 2.21	 1	 -42.9328	  172.8937
11.437	 2.24	 1	 -42.3706	  174.5996
11.464	 2.42	 1	 -41.4198	  178.8898
11.466	 2.75	 1	 -42.3389	  170.5478
11.468	 2.30	 1	 -44.2037	  171.5335
11.471	 2.05	 1	 -38.5271	  170.7179
11.474	 2.18	 1	 -39.8493	  174.0753
11.503	 2.46	 1	 -40.8224	  178.5857
11.543	 2.60	 1	 -43.6188	  175.4398
11.545	 2.14	 1	 -42.7855	  173.6645
11.552	 2.79	 1	 -41.8113	  173.8093
11.560	 2.84	 1	 -39.5755	  173.7657
11.561	 2.29	 1	 -42.1465	  172.9493
11.568	 2.57	 1	 -41.8157	  176.1464
11.569	 2.15	 1	 -41.8447	  173.7279
11.577	 2.05	 1	 -41.1155	  173.7895
11.588	 2.42	 1	 -41.3768	  172.7298
11.589	 3.15	 1	 -42.7786	  166.9055
11.591	 3.05	 1	 -38.8543	  172.9068
11.600	 2.52	 1	 -42.1130	  172.2010
11.602	 2.05	 1	 -42.4154	  173.9028
11.607	 2.35	 1	 -41.1333	  167.2839
11.611	 2.08	 1	 -40.8088	  167.4670
11.629	 2.18	 1	 -43.4016	  168.2312
11.635	 2.09	 1	 -42.4615	  174.7785
11.637	 3.16	 1	 -42.5839	  172.7028
11.650	 2.86	 1	 -40.8111	  172.5593
11.651	 2.70	 1	 -43.1307	  170.9546
11.654	 2.24	 1	 -41.5276	  172.2472
11.658	 2.10	 1	 -42.5159	  173.4277
11.668	 2.44	 1	 -42.4569	  178.3398
11.676	 2.33	 1	 -41.8961	  174.0404
11.684	 2.94	 1	 -45.6180	  177.6682
11.686	 2.16	 1	 -42.8589	  175.5164
11.691	 2.22	 1	 -43.2591	  171.9750
11.709	 2.20	 1	 -42.3302	  174.1497
11.725	 2.13	 1	 -42.6863	  172.9625
11.743	 2.85	 1	 -40.7576	  171.5636
11.746	 2.11	 1	 -47.0340	  171.4289
11.747	 2.18	 1	 -40.4955	  178.3600
11.761	 2.60	 1	 -44.0541	  173.6968
11.763	 2.04	 1	 -41.7609	  173.6944
11.775	 3.03	 1	 -44.3329	  174.8805
11.801	 2.38	 1	 -43.1405	  172.3427
11.805	 2.08	 1	 -42.8790	  173.1488
11.834	 2.01	 1	 -39.0688	  176.6443
11.838	 2.36	 1	 -42.1434	  170.4271
11.842	 2.65	 1	 -43.0986	  166.9293
11.843	 2.24	 1	 -43.4625	  173.5177
11.856	 3.11	 1	 -43.0328	  174.6896
11.869	 2.14	 1	 -42.7973	  173.3772
11.872	 2.48	 1	 -44.0031	  172.5240
11.878	 2.10	 1	 -42.8305	  171.3681
11.920	 2.05	 1	 -41.9275	  174.0434
11.922	 2.42	 1	 -38.2573	  174.0297
11.931	 2.36	 1	 -42.1681	  166.9461
11.967	 2.33	 1	 -42.6760	  174.5535
11.969	 2.13	 1	 -43.9661	  169.4297
11.972	 2.21	 1	 -42.3369	  172.5165
11.978	 3.19	 1	 -42.9861	  172.2895
11.987	 2.92	 1	 -42.8388	  172.8695
11.989	 2.33	 1	 -43.0961	  172.3167
11.992	 2.17	 1	 -43.2721	  173.0963
12.006	 2.94	 1	 -44.5569	  176.8214
12.016	 2.57	 1	 -41.8044	  174.4283
12.024	 2.05	 1	 -42.4705	  173.4182
12.026	 2.57	 1	 -41.7326	  174.2672
12.060	 2.03	 1	 -41.4079	  171.2812
12.062	 2.67	 1	 -41.8083	  174.0353
12.089	 2.73	 1	 -42.6641	  172.9024
12.102	 2.73	 1	 -41.8047	  173.0165
12.102	 2.08	 1	 -42.4885	  170.1313
12.106	 2.84	 1	 -42.7778	  172.3002
12.109	 2.14	 1	 -43.3984	  171.3457
12.112	 2.19	 1	 -40.6832	  172.6760
12.118	 2.35	 1	 -42.8403	  174.0188
12.125	 3.51	 1	 -42.4248	  173.7211
12.141	 2.38	 1	 -47.0148	  172.5023
12.168	 2.53	 1	 -41.6547	  174.2728
12.186	 2.00	 1	 -39.6929	  177.5797
12.198	 2.77	 1	 -42.1399	  173.6209
12.206	 2.14	 1	 -43.1097	  173.1276
12.207	 2.12	 1	 -42.1208	  173.3671
12.228	 2.61	 1	 -47.1535	  172.2531
12.239	 2.01	 1	 -42.5065	  173.4812
12.246	 3.03	 1	 -42.7102	  172.6502
12.248	 2.01	 1	 -43.9662	  175.1310
12.249	 2.04	 1	 -42.5656	  172.4252
12.256	 2.01	 1	 -43.2593	  175.7602
12.273	 2.71	 1	 -41.3344	  171.6081
12.287	 2.21	 1	 -42.3806	  171.1564
12.295	 2.39	 1	 -42.4571	  172.6652
12.317	 3.19	 1	 -41.5804	  172.9528
12.326	 2.52	 1	 -42.5199	  173.1009
12.330	 2.55	 1	 -42.9090	  172.9311
12.365	 2.46	 1	 -41.9879	  173.8569
12.370	 2.01	 1	 -41.7135	  174.0280
12.374	 2.02	 1	 -46.2141	  169.2180
12.382	 2.13	 1	 -43.2492	  174.4994
12.385	 3.10	 1	 -41.9910	  173.6948
12.387	 2.07	 1	 -42.9667	  172.9895
12.388	 2.31	 1	 -46.6315	  175.9730
12.401	 3.34	 1	 -41.4797	  172.5137
12.404	 2.04	 1	 -42.1830	  173.5263
12.408	 2.72	 1	 -43.7468	  168.2900
12.433	 2.74	 1	 -43.6055	  171.8254
12.433	 2.73	 1	 -42.5933	  172.9737
12.440	 2.22	 1	 -43.0642	  173.2223
12.453	 2.18	 1	 -39.7837	  172.5486
12.454	 2.02	 1	 -41.2349	  172.6833
12.469	 2.21	 1	 -40.9774	  172.7983
12.472	 2.46	 1	 -42.7133	  173.9770
12.477	 2.74	 1	 -43.1426	  172.5982
12.495	 2.32	 1	 -42.5084	  174.1844
12.510	 2.45	 1	 -42.9753	  174.5656
12.517	 3.05	 1	 -42.5386	  172.7334
12.547	 2.70	 1	 -41.8484	  169.8257
12.554	 2.03	 1	 -42.9345	  174.2906
12.594	 2.65	 1	 -43.0654	  173.0462
12.607	 2.07	 1	 -43.3514	  172.1378
12.618	 2.01	 1	 -42.8862	  173.8330
12.641	 2.15	 1	 -44.4254	  172.8259
12.642	 2.41	 1	 -46.7664	  170.4324
12.642	 2.16	 1	 -43.8836	  173.1163
12.646	 2.12	 1	 -43.3996	  172.9163
12.668	 2.05	 1	 -41.9252	  172.6468
12.672	 2.60	 1	 -43.7665	  171.4851
12.686	 2.33	 1	 -42.6800	  172.6157
12.719	 2.38	 1	 -41.4528	  171.6019
12.726	 2.34	 1	 -40.9059	  175.4270
12.728	 2.59	 1	 -42.6867	  173.5600
12.763	 2.40	 1	 -43.2153	  173.4218
12.773	 3.09	 1	 -42.8229	  173.8773
12.797	 2.13	 1	 -42.8469	  172.3697
12.799	 2.00	 1	 -41.7347	  174.1994
12.813	 2.92	 1	 -42.9043	  173.1274
12.816	 2.30	 1	 -39.8074	  168.3297
12.835	 2.17	 1	 -42.2688	  172.4582
12.863	 2.18	 1	 -41.8696	  172.7973
12.881	 2.40	 1	 -41.7047	  173.8575
12.884	 2.83	 1	 -42.2786	  172.7965
12.894	 2.23	 1	 -42.6719	  172.9114
12.918	 2.29	 1	 -42.9659	  173.1880
12.926	 2.24	 1	 -43.2172	  169.1223
12.928	 2.69	 1	 -46.5691	  172.2741
12.931	 3.22	 1	 -44.4696	  178.6419
12.948	 2.24	 1	 -46.1336	  169.0840
12.954	 2.44	 1	 -41.0996	  178.7432
12.963	 2.97	 1	 -47.1724	  172.4943
13.000	 2.74	 1	 -43.6175	  174.0662
13.007	 3.03	 1	 -42.5654	  173.5292
13.008	 2.21	 1	 -42.1829	  174.7583
13.039	 2.94	 1	 -43.5904	  171.0191
13.042	 2.05	 1	 -41.1136	  172.5920
13.054	 2.61	 1	 -41.9849	  175.8751
13.089	 2.10	 1	 -41.1988	  173.4780
13.094	 2.17	 1	 -42.0283	  168.7846
13.112	 2.56	 1	 -40.5445	  175.2709
13.126	 2.19	 1	 -42.3402	  173.5922
13.132	 2.06	 1	 -46.3660	  174.7438
13.133	 2.04	 1	 -43.0595	  175.3452
13.138	 2.59	 1	 -42.7328	  170.1201
13.153	 2.18	 1	 -42.3405	  174.3711
13.164	 2.05	 1	 -42.8751	  172.7196
13.170	 2.23	 1	 -43.6884	  172.9858
13.183	 2.67	 1	 -42.9191	  173.1136
13.184	 2.12	 1	 -40.6071	  170.0863
13.190	 2.19	 1	 -43.0770	  172.7618
13.200	 3.04	 1	 -42.1390	  173.6287
13.216	 2.12	 1	 -42.7505	  172.7767
13.222	 2.02	 1	 -41.7755	  176.5119
13.227	 2.11	 1	 -41.8233	  169.2327
13.251	 2.13	 1	 -41.8035	  173.9342
13.268	 2.62	 1	 -42.2169	  171.9161
13.278	 3.61	 1	 -43.5956	  174.2899
13.309	 2.58	 1	 -42.0938	  173.8629
13.310	 2.14	 1	 -42.4660	  173.1702
13.312	 2.27	 1	 -41.3737	  174.2064
13.313	 2.19	 1	 -41.5569	  172.2587
13.317	 2.41	 1	 -45.9127	  172.7032
13.330	 2.30	 1	 -42.1732	  173.4980
13.357	 2.32	 1	 -42.3102	  176.7738
13.361	 2.45	 1	 -42.6972	  173.8767
13.385	 2.87	 1	 -45.6547	  168.4193
13.418	 2.70	 1	 -42.9701	  176.6722
13.426	 2.10	 1	 -42.5681	  173.4654
13.433	 2.06	 1	 -42.4575	  172.8672
13.439	 2.57	 1	 -42.6265	  172.7440
13.540	 2.01	 1	 -44.2876	  173.6300
13.549	 2.07	 1	 -43.8211	  167.1002
13.572	 2.13	 1	 -40.2190	  167.9131
13.573	 2.29	 1	 -42.1860	  166.9433
13.582	 2.30	 1	 -42.0829	  173.6045
13.584	 2.13	 1	 -42.0185	  170.4903
13.611	 2.64	 1	 -44.4028	  175.0972
13.613	 2.50	 1	 -38.2308	  172.2623
13.616	 3.18	 1	 -43.4748	  175.2790
13.620	 2.01	 1	 -42.7388	  172.0729
13.623	 2.21	 1	 -42.5091	  174.7678
13.629	 2.15	 1	 -41.3786	  175.3636
13.639	 2.17	 1	 -42.0513	  172.7684
13.652	 4.21	 1	 -41.3118	  172.8430
13.661	 2.35	 1	 -42.7060	  172.5940
13.662	 3.23	 1	 -42.2449	  173.5572
13.666	 3.36	 1	 -41.7116	  174.1513
13.682	 2.08	 1	 -43.0842	  177.0172
13.688	 2.09	 1	 -42.5863	  173.6581
13.699	 2.12	 1	 -42.7312	  173.2167
13.702	 2.29	 1	 -42.2999	  174.5603
13.726	 2.11	 1	 -42.1574	  172.0308
13.758	 2.55	 1	 -42.4987	  174.1484
13.776	 2.87	 1	 -44.0686	  167.1978
13.781	 2.01	 1	 -41.6864	  172.9963
13.787	 2.35	 1	 -44.9881	  173.4729
13.829	 2.30	 1	 -43.2931	  172.7221
13.831	 2.25	 1	 -43.2980	  169.4978
13.846	 2.75	 1	 -42.4439	  173.1561
13.847	 2.36	 1	 -42.0329	  172.9805
13.849	 2.53	 1	 -43.2806	  173.8833
13.849	 2.98	 1	 -44.0780	  172.5436
13.859	 2.56	 1	 -43.1880	  172.2617
13.878	 2.48	 1	 -41.2759	  173.0854
13.882	 2.69	 1	 -43.2328	  174.7336
13.888	 2.01	 1	 -41.8724	  172.7033
13.890	 2.40	 1	 -40.8408	  176.0634
13.898	 2.22	 1	 -43.9358	  174.9539
13.924	 2.09	 1	 -42.6552	  172.9471
13.935	 2.44	 1	 -46.4365	  170.5179
13.961	 2.05	 1	 -42.6864	  172.8481
13.974	 2.35	 1	 -42.7177	  172.1146
13.997	 2.46	 1	 -42.2965	  173.7429
