# Simulation 737
# RelativeTime(days) Magnitude Generation Latitude Longitude
Time Mag Gen Lat Lon
0.084	 2.30	 1	 -42.8003	  172.9438
0.084	 2.22	 1	 -42.2211	  173.7183
0.084	 2.07	 1	 -42.1990	  173.8621
0.084	 3.04	 1	 -43.1334	  171.3268
0.084	 2.33	 1	 -42.9388	  173.2538
0.084	 3.48	 1	 -42.1721	  173.6692
0.084	 2.70	 1	 -44.1690	  172.5690
0.084	 2.13	 1	 -41.6789	  174.3167
0.085	 2.55	 1	 -42.7148	  173.6030
0.085	 2.22	 1	 -41.6128	  172.6465
0.085	 2.90	 1	 -42.3231	  172.5440
0.085	 2.05	 1	 -42.2407	  173.6693
0.085	 2.05	 1	 -42.5623	  172.8806
0.085	 2.09	 1	 -41.8534	  172.9427
0.086	 2.42	 1	 -42.8794	  172.6505
0.087	 2.71	 1	 -42.0484	  174.0758
0.087	 2.57	 1	 -41.9651	  173.7273
0.087	 2.32	 1	 -42.7449	  173.6213
0.088	 2.40	 1	 -41.7201	  174.2803
0.089	 3.02	 1	 -42.1732	  173.6388
0.089	 2.60	 1	 -41.6613	  174.3390
0.090	 2.38	 1	 -42.2135	  173.5861
0.091	 2.81	 1	 -42.5115	  173.6951
0.091	 2.09	 1	 -42.5712	  172.8523
0.091	 2.68	 1	 -42.3184	  173.9577
0.092	 2.03	 1	 -42.1533	  173.4810
0.093	 2.02	 1	 -41.8713	  173.8628
0.094	 2.08	 1	 -42.1671	  173.6850
0.094	 2.01	 1	 -42.8070	  173.2779
0.094	 2.24	 1	 -41.7902	  174.3377
0.095	 2.10	 1	 -43.3461	  172.8139
0.095	 2.00	 1	 -41.6305	  174.4217
0.096	 2.11	 1	 -42.5500	  173.7984
0.097	 2.24	 1	 -39.4606	  174.5124
0.097	 2.44	 1	 -42.1296	  173.4386
0.098	 2.06	 1	 -42.3357	  172.6983
0.099	 2.99	 1	 -41.8110	  174.3320
0.099	 3.04	 1	 -44.0772	  176.3367
0.099	 2.40	 1	 -42.3090	  172.6978
0.101	 4.02	 1	 -42.6512	  173.8864
0.101	 2.30	 1	 -42.0723	  174.0751
0.102	 2.12	 1	 -42.4941	  173.1098
0.102	 3.09	 1	 -43.3228	  171.7377
0.102	 3.34	 1	 -42.4836	  173.8283
0.102	 2.68	 1	 -42.1998	  173.5184
0.102	 2.84	 1	 -42.5296	  173.8022
0.103	 2.10	 1	 -41.8033	  174.2572
0.103	 2.11	 1	 -42.6683	  172.9101
0.104	 2.67	 1	 -46.7508	  170.3875
0.104	 2.05	 1	 -42.7713	  172.6109
0.105	 2.68	 1	 -41.4029	  171.4814
0.105	 2.05	 1	 -41.3223	  174.6846
0.105	 2.50	 1	 -41.9551	  173.8013
0.105	 2.59	 1	 -42.7007	  173.1701
0.105	 2.44	 1	 -42.8250	  175.4002
0.105	 2.48	 1	 -42.4962	  173.0279
0.105	 2.63	 1	 -42.1184	  173.6329
0.106	 2.22	 1	 -42.8686	  173.1105
0.107	 2.15	 1	 -41.6718	  174.2195
0.107	 3.29	 1	 -41.7896	  174.1126
0.107	 2.20	 1	 -42.4229	  173.7572
0.107	 2.02	 1	 -42.7643	  173.2290
0.108	 2.25	 1	 -43.2232	  172.1364
0.108	 2.38	 1	 -41.7711	  174.4281
0.110	 2.67	 1	 -42.0579	  173.8159
0.112	 2.03	 1	 -43.3544	  174.6888
0.112	 2.08	 1	 -42.4692	  173.6582
0.114	 2.51	 1	 -41.4667	  172.0696
0.114	 2.31	 1	 -42.2175	  173.8085
0.114	 2.11	 1	 -43.3490	  171.3889
0.114	 3.78	 1	 -42.7678	  173.3975
0.114	 2.04	 1	 -39.3473	  172.0300
0.114	 2.45	 1	 -42.9542	  172.4025
0.115	 2.22	 1	 -44.4823	  170.5569
0.115	 2.68	 1	 -42.5674	  172.9989
0.116	 2.55	 1	 -42.0202	  173.7429
0.116	 2.11	 1	 -44.7098	  171.5388
0.117	 2.20	 1	 -42.2235	  173.7118
0.118	 3.02	 1	 -41.9758	  173.6647
0.118	 2.39	 1	 -42.5479	  173.0080
0.118	 2.12	 1	 -42.5132	  173.0925
0.118	 2.07	 1	 -42.0279	  173.6719
0.118	 2.01	 1	 -42.9385	  172.8340
0.118	 2.09	 1	 -42.1991	  173.6270
0.119	 2.76	 1	 -41.9936	  172.7350
0.120	 2.28	 1	 -42.3841	  173.0287
0.120	 2.41	 1	 -42.3302	  173.6346
0.121	 2.02	 1	 -42.2037	  173.6202
0.122	 2.02	 1	 -42.1566	  173.4574
0.123	 2.12	 1	 -42.1467	  171.2743
0.123	 2.12	 1	 -42.2418	  173.9536
0.124	 2.91	 1	 -42.3314	  173.5884
0.124	 2.03	 1	 -42.2548	  173.7408
0.124	 2.08	 1	 -42.7302	  173.4768
0.124	 2.20	 1	 -42.0558	  173.6830
0.126	 2.04	 1	 -42.2468	  173.5021
0.126	 2.17	 1	 -42.5933	  172.8041
0.126	 2.51	 1	 -41.7452	  174.2970
0.127	 2.67	 1	 -42.4444	  173.1918
0.127	 2.81	 1	 -47.1278	  172.0154
0.128	 2.60	 1	 -42.1694	  173.6884
0.128	 2.13	 1	 -42.5573	  173.0610
0.128	 2.02	 1	 -42.0224	  173.9879
0.128	 2.50	 1	 -42.7828	  173.5930
0.129	 2.00	 1	 -42.5327	  172.9588
0.130	 2.11	 1	 -41.8019	  174.3297
0.130	 2.83	 1	 -42.4427	  173.4205
0.130	 2.08	 1	 -41.7816	  173.9700
0.131	 2.91	 1	 -42.5065	  174.0418
0.132	 2.09	 1	 -41.7020	  174.3160
0.132	 2.58	 1	 -41.6614	  174.2043
0.133	 2.32	 1	 -42.6186	  172.8492
0.133	 2.02	 1	 -43.5774	  172.7804
0.133	 2.36	 1	 -42.6155	  172.9227
0.135	 2.29	 1	 -41.7760	  173.1756
0.136	 2.92	 1	 -42.1978	  173.8017
0.137	 2.15	 1	 -42.7989	  173.6674
0.137	 2.37	 1	 -43.0810	  173.1566
0.138	 2.59	 1	 -41.6911	  174.2990
0.138	 2.74	 1	 -42.2182	  173.6427
0.139	 2.40	 1	 -42.8042	  174.1231
0.139	 2.46	 1	 -43.6936	  173.2345
0.139	 2.16	 1	 -42.4835	  175.0804
0.139	 2.12	 1	 -39.2296	  178.1770
0.140	 2.38	 1	 -42.6129	  172.9439
0.140	 2.77	 1	 -43.2853	  170.9792
0.140	 2.17	 1	 -42.3813	  173.7612
0.142	 2.76	 1	 -41.7395	  174.1277
0.142	 2.08	 1	 -42.8184	  172.6471
0.142	 2.45	 1	 -42.2909	  173.8388
0.142	 3.06	 1	 -43.0562	  171.8643
0.143	 2.39	 1	 -42.4177	  173.3365
0.143	 2.03	 1	 -41.9078	  173.6120
0.143	 2.15	 1	 -42.5994	  171.2137
0.144	 2.40	 1	 -41.7136	  174.2919
0.144	 2.09	 1	 -42.5984	  172.0059
0.145	 2.10	 1	 -41.0708	  170.3349
0.145	 3.19	 1	 -41.7679	  174.0269
0.146	 2.06	 1	 -42.1961	  173.5125
0.146	 2.06	 1	 -42.9796	  172.5823
0.146	 2.34	 1	 -40.9764	  175.2160
0.147	 2.72	 1	 -44.2614	  171.2225
0.147	 2.24	 1	 -43.2156	  173.0054
0.147	 2.39	 1	 -42.2546	  173.7844
0.148	 2.38	 1	 -42.5876	  172.7959
0.148	 2.41	 1	 -42.7499	  172.7256
0.148	 2.91	 1	 -42.0598	  172.3419
0.149	 2.47	 1	 -41.3151	  171.1471
0.150	 2.12	 1	 -41.4946	  173.8938
0.150	 2.65	 1	 -43.1154	  173.1375
0.150	 2.31	 1	 -41.9494	  173.6860
0.151	 2.45	 1	 -47.1814	  172.6631
0.151	 2.33	 1	 -41.9654	  174.0019
0.153	 2.08	 1	 -42.6975	  173.0219
0.153	 2.27	 1	 -41.8491	  167.0129
0.157	 3.37	 1	 -42.0062	  173.8169
0.161	 2.07	 1	 -42.2529	  172.6600
0.162	 2.05	 1	 -41.7159	  174.2596
0.162	 2.98	 1	 -40.3896	  173.4572
0.162	 2.98	 1	 -44.2668	  176.8888
0.163	 2.26	 1	 -42.1822	  173.5031
0.164	 2.03	 1	 -42.0846	  173.6614
0.164	 2.03	 1	 -42.9848	  173.6548
0.165	 2.96	 1	 -42.4994	  173.3082
0.167	 2.27	 1	 -42.5511	  173.0254
0.169	 2.46	 1	 -43.4808	  172.4896
0.169	 3.28	 1	 -44.2682	  177.3869
0.170	 2.37	 1	 -42.4140	  173.7414
0.170	 2.64	 1	 -42.0561	  173.1711
0.172	 2.03	 1	 -46.4851	  169.7354
0.172	 2.52	 1	 -42.7542	  172.9958
0.175	 2.22	 1	 -42.2212	  174.0225
0.176	 2.93	 1	 -41.8255	  174.2455
0.177	 2.73	 1	 -42.2223	  173.7723
0.180	 2.45	 1	 -42.9619	  173.0199
0.181	 2.39	 1	 -42.4735	  173.7594
0.181	 2.49	 1	 -43.1256	  172.9583
0.182	 2.06	 1	 -42.3528	  173.3432
0.183	 3.31	 1	 -42.0838	  173.6399
0.183	 2.32	 1	 -41.8405	  174.0766
0.183	 2.04	 1	 -42.3434	  173.5838
0.183	 2.18	 1	 -44.5153	  178.8070
0.184	 2.38	 1	 -42.2971	  172.8846
0.185	 3.15	 1	 -42.6130	  173.8130
0.186	 2.22	 1	 -41.7427	  174.1660
0.186	 3.09	 1	 -42.8393	  172.7186
0.186	 2.36	 1	 -42.4351	  173.8772
0.186	 3.54	 1	 -41.9705	  174.0743
0.186	 2.49	 1	 -42.5551	  172.7613
0.187	 2.51	 1	 -42.4346	  173.5304
0.187	 2.03	 1	 -42.3549	  173.8971
0.187	 2.25	 1	 -41.4138	  172.6901
0.187	 4.26	 1	 -39.8484	  177.7607
0.189	 2.05	 1	 -43.4844	  171.5097
0.191	 2.39	 1	 -42.1742	  173.4842
0.192	 2.33	 1	 -42.0500	  174.1180
0.193	 2.16	 1	 -44.6791	  173.1512
0.194	 3.37	 1	 -41.7307	  174.1732
0.195	 2.82	 1	 -42.3262	  173.7979
0.195	 2.05	 1	 -42.3102	  175.1914
0.196	 2.11	 1	 -43.1005	  171.7876
0.196	 2.32	 1	 -42.6929	  173.3977
0.196	 2.91	 1	 -42.4139	  173.6325
0.197	 2.31	 1	 -41.7487	  174.1421
0.198	 2.14	 1	 -42.5375	  172.5538
0.199	 2.26	 1	 -42.6642	  172.8886
0.199	 2.55	 1	 -46.0843	  169.0055
0.200	 2.52	 1	 -44.3274	  173.6616
0.201	 2.59	 1	 -41.7004	  174.3432
0.201	 2.65	 1	 -41.7015	  173.8479
0.202	 2.22	 1	 -42.3649	  173.5477
0.204	 2.64	 1	 -42.3401	  173.7404
0.204	 2.12	 1	 -41.7108	  174.2787
0.207	 2.21	 1	 -42.5775	  172.8164
0.207	 2.49	 1	 -43.5876	  173.2444
0.207	 2.02	 1	 -42.1642	  173.8681
0.208	 2.07	 1	 -42.1908	  173.6767
0.209	 2.83	 1	 -42.1898	  173.5722
0.209	 2.12	 1	 -45.8937	  171.7509
0.209	 2.15	 1	 -43.2430	  173.5954
0.209	 2.75	 2	 -39.8550	  177.7546
0.211	 2.50	 1	 -42.0042	  173.6637
0.212	 2.96	 1	 -42.2863	  172.5288
0.213	 2.26	 1	 -44.0909	  172.6016
0.213	 2.20	 1	 -38.3999	  171.2003
0.213	 2.38	 1	 -42.5124	  173.2134
0.213	 2.12	 1	 -42.5175	  172.8573
0.215	 2.17	 1	 -42.3834	  173.0143
0.216	 2.13	 1	 -42.7967	  173.9290
0.218	 2.17	 1	 -44.4010	  173.3744
0.218	 2.20	 1	 -42.7340	  172.9569
0.222	 2.57	 1	 -43.0558	  173.0275
0.222	 2.84	 1	 -42.2726	  173.9695
0.223	 2.47	 1	 -42.7219	  173.0642
0.224	 2.81	 1	 -42.9886	  173.6458
0.224	 2.87	 1	 -42.0412	  175.0751
0.225	 2.20	 1	 -42.0644	  173.7286
0.225	 2.44	 1	 -41.1837	  171.2584
0.225	 2.39	 1	 -41.6906	  178.9861
0.225	 2.02	 1	 -43.9131	  173.5166
0.226	 2.33	 1	 -42.1156	  177.3954
0.226	 2.12	 1	 -42.2490	  173.6695
0.227	 2.01	 1	 -45.6428	  173.4396
0.227	 2.31	 1	 -42.7187	  172.9245
0.230	 2.23	 1	 -42.0622	  173.8413
0.230	 2.09	 2	 -42.2192	  173.7155
0.232	 2.55	 1	 -45.9972	  177.1710
0.232	 2.76	 1	 -42.0058	  173.7370
0.233	 2.94	 1	 -42.1979	  173.5615
0.235	 2.79	 1	 -42.0514	  173.0121
0.236	 3.14	 1	 -41.3693	  171.8302
0.237	 3.55	 1	 -42.7177	  173.2758
0.238	 2.13	 1	 -44.7963	  171.6966
0.239	 2.09	 1	 -43.5959	  173.2231
0.240	 2.36	 1	 -42.8571	  172.6254
0.241	 2.30	 1	 -42.5501	  173.2394
0.244	 2.19	 1	 -42.8575	  173.1311
0.245	 2.31	 1	 -41.6873	  167.6744
0.247	 2.47	 1	 -41.8543	  171.7338
0.248	 3.58	 1	 -42.4181	  172.6246
0.248	 2.61	 1	 -42.2609	  173.4030
0.249	 2.41	 1	 -42.8643	  173.2594
0.249	 3.18	 1	 -41.6846	  174.3730
0.251	 2.27	 1	 -42.3481	  173.6705
0.252	 2.22	 1	 -43.3442	  173.2096
0.252	 2.05	 1	 -42.7113	  172.1355
0.255	 2.55	 1	 -42.4207	  173.3443
0.256	 2.94	 1	 -42.5236	  173.1966
0.256	 2.97	 1	 -42.2988	  173.6494
0.259	 2.01	 1	 -42.8270	  173.0192
0.260	 4.04	 1	 -42.4420	  173.1570
0.262	 2.36	 1	 -43.3131	  173.2790
0.262	 2.96	 1	 -42.5406	  172.9366
0.262	 2.12	 1	 -41.6912	  174.2485
0.264	 2.28	 1	 -41.9969	  173.7038
0.265	 2.23	 1	 -42.5713	  172.7534
0.265	 2.29	 1	 -42.4247	  173.1701
0.265	 2.15	 1	 -41.8002	  174.2174
0.265	 2.96	 1	 -42.2701	  173.6342
0.267	 2.05	 1	 -42.9412	  172.9424
0.267	 2.35	 1	 -41.7416	  174.2776
0.268	 2.02	 1	 -41.6832	  174.2711
0.271	 2.48	 1	 -41.9370	  173.6354
0.272	 2.64	 1	 -46.0634	  177.0712
0.272	 2.24	 1	 -42.7810	  172.9940
0.273	 2.75	 1	 -42.2530	  172.5933
0.274	 2.36	 1	 -44.0180	  173.4841
0.275	 2.88	 1	 -42.3659	  174.4031
0.276	 2.21	 1	 -42.8909	  173.5015
0.277	 2.39	 1	 -42.4185	  173.8549
0.278	 2.17	 1	 -42.0943	  173.8742
0.279	 2.18	 1	 -42.2788	  173.6800
0.279	 2.08	 1	 -41.0561	  167.3239
0.280	 2.61	 1	 -42.1273	  172.4657
0.280	 2.28	 1	 -42.7792	  173.0706
0.281	 2.74	 1	 -41.7617	  174.3318
0.283	 2.20	 1	 -42.3847	  173.5211
0.283	 2.16	 1	 -42.6930	  172.0414
0.283	 2.36	 1	 -42.1252	  173.5707
0.284	 2.39	 1	 -42.1077	  174.3208
0.286	 3.39	 1	 -41.8381	  171.5201
0.287	 3.51	 1	 -42.8513	  172.8881
0.288	 2.31	 1	 -41.7827	  174.4513
0.290	 2.35	 1	 -42.1476	  173.4550
0.291	 2.03	 1	 -43.5339	  172.7727
0.292	 3.08	 1	 -45.0730	  171.5420
0.295	 2.04	 1	 -42.1626	  173.6363
0.295	 2.02	 1	 -41.9489	  173.6638
0.296	 2.05	 1	 -43.4261	  173.1355
0.296	 2.13	 1	 -38.4311	  174.9747
0.296	 3.94	 1	 -42.3051	  173.7409
0.297	 2.36	 1	 -42.3704	  171.1164
0.297	 2.02	 1	 -41.8778	  174.2188
0.298	 2.47	 1	 -42.2267	  173.6412
0.299	 2.06	 1	 -42.8375	  173.1940
0.300	 2.32	 1	 -41.9501	  174.6536
0.302	 2.79	 1	 -41.7825	  174.0434
0.302	 2.19	 1	 -41.1692	  173.6293
0.302	 2.22	 1	 -42.3061	  174.3482
0.302	 2.64	 1	 -44.6195	  178.5497
0.303	 2.07	 1	 -41.4505	  173.3675
0.309	 2.02	 1	 -42.7307	  172.4938
0.309	 2.04	 1	 -42.8765	  179.1348
0.312	 2.32	 1	 -42.6302	  173.3589
0.312	 2.21	 1	 -43.9388	  174.6388
0.314	 2.17	 1	 -41.9692	  173.7266
0.319	 2.58	 1	 -41.7305	  174.1567
0.320	 2.31	 1	 -42.3401	  173.5161
0.320	 2.18	 1	 -40.0821	  168.0408
0.320	 2.14	 1	 -42.6514	  173.0687
0.324	 2.40	 1	 -42.5155	  172.8885
0.324	 2.67	 1	 -42.5481	  173.0883
0.325	 2.43	 1	 -41.7673	  174.2716
0.326	 2.09	 1	 -42.7385	  172.8394
0.326	 2.15	 1	 -42.5505	  173.0484
0.326	 2.18	 1	 -42.2176	  173.6527
0.326	 2.94	 1	 -42.5916	  173.5583
0.329	 2.88	 1	 -41.9751	  173.3633
0.333	 3.06	 1	 -42.9500	  174.4427
0.336	 2.01	 1	 -42.4406	  173.0932
0.337	 2.06	 1	 -42.0082	  173.6532
0.338	 2.16	 1	 -42.1934	  173.5830
0.338	 2.23	 1	 -41.9231	  173.7029
0.339	 2.08	 1	 -42.7625	  172.8272
0.339	 2.82	 1	 -42.6199	  172.9379
0.340	 2.72	 1	 -41.9911	  172.9522
0.340	 2.84	 1	 -42.6526	  172.8655
0.340	 2.12	 1	 -41.9347	  174.3657
0.341	 3.62	 1	 -42.4657	  173.1454
0.342	 2.08	 1	 -42.2543	  173.7456
0.342	 3.19	 1	 -42.6053	  173.0452
0.345	 2.89	 1	 -42.8695	  175.6355
0.345	 2.02	 1	 -41.8521	  174.1438
0.347	 2.21	 1	 -42.6853	  172.7402
0.351	 3.81	 1	 -42.4557	  173.3989
0.352	 2.11	 1	 -42.5380	  173.7204
0.354	 2.28	 1	 -42.5188	  173.1527
0.355	 2.67	 1	 -42.9145	  173.0834
0.355	 2.23	 1	 -42.2108	  173.7691
0.356	 2.09	 1	 -41.9272	  173.9792
0.358	 2.08	 1	 -42.4750	  173.3548
0.358	 2.65	 1	 -42.4656	  173.8196
0.359	 2.53	 1	 -42.9256	  173.0365
0.362	 2.89	 1	 -42.0238	  173.8070
0.362	 2.41	 1	 -42.0922	  173.7228
0.364	 2.58	 1	 -43.1198	  174.1867
0.365	 2.13	 1	 -41.7739	  174.4437
0.365	 2.54	 1	 -42.6113	  172.9816
0.366	 2.36	 1	 -42.6517	  172.9093
0.367	 2.15	 1	 -42.3841	  173.7608
0.367	 2.28	 1	 -43.2639	  174.0243
0.367	 2.18	 1	 -42.8022	  173.0832
0.372	 2.07	 1	 -42.3387	  173.2849
0.372	 2.02	 1	 -38.2422	  173.8975
0.376	 2.40	 1	 -42.5318	  172.3388
0.377	 2.65	 1	 -42.4637	  173.1314
0.377	 2.01	 1	 -42.4076	  173.7420
0.378	 2.69	 1	 -43.0628	  173.3008
0.380	 2.31	 1	 -43.5043	  173.0396
0.381	 2.38	 1	 -42.4033	  173.1359
0.383	 2.00	 1	 -41.9634	  174.2637
0.385	 2.82	 1	 -42.6023	  174.3836
0.385	 3.22	 1	 -41.7995	  173.8922
0.385	 2.58	 1	 -42.3657	  173.3474
0.385	 4.74	 1	 -42.4087	  173.4267
0.389	 2.04	 1	 -44.5978	  172.5504
0.391	 2.10	 1	 -41.2344	  173.1793
0.394	 2.70	 1	 -42.6335	  172.9438
0.399	 2.82	 1	 -41.7816	  174.1253
0.400	 2.11	 2	 -44.2827	  176.8854
0.404	 2.05	 1	 -42.5276	  173.4570
0.404	 2.38	 2	 -42.4252	  173.4192
0.405	 2.22	 1	 -43.0093	  172.9518
0.405	 2.44	 1	 -42.1527	  173.7431
0.407	 2.96	 1	 -42.0153	  173.9699
0.411	 2.40	 1	 -44.9954	  174.3159
0.414	 2.19	 1	 -42.9543	  172.9978
0.415	 2.29	 1	 -42.0600	  173.6895
0.416	 2.06	 1	 -42.6736	  173.1232
0.417	 2.35	 1	 -44.8877	  173.8689
0.419	 2.41	 1	 -38.5645	  175.4480
0.420	 2.03	 1	 -42.4346	  173.4648
0.421	 2.01	 1	 -42.2981	  173.4429
0.422	 2.10	 1	 -42.4127	  173.3878
0.429	 2.39	 1	 -41.8231	  174.3443
0.430	 2.04	 1	 -42.0062	  173.7451
0.431	 2.17	 1	 -44.7353	  171.3671
0.433	 2.34	 1	 -42.6195	  172.9811
0.439	 2.93	 1	 -42.2094	  173.5988
0.446	 2.35	 1	 -42.6453	  173.7383
0.446	 2.40	 1	 -42.1132	  172.5406
0.447	 2.26	 1	 -42.4602	  174.1238
0.451	 2.56	 1	 -42.4855	  173.0033
0.451	 2.63	 1	 -42.1670	  174.1437
0.452	 4.40	 1	 -41.7281	  174.2715
0.453	 2.01	 1	 -42.3406	  172.4494
0.453	 2.10	 1	 -42.7887	  173.2590
0.454	 2.10	 1	 -42.7672	  173.3339
0.461	 2.59	 1	 -42.0833	  173.2526
0.464	 2.80	 1	 -41.7457	  174.1962
0.464	 2.26	 1	 -42.9665	  171.6928
0.466	 2.42	 1	 -41.8851	  173.7285
0.467	 2.53	 1	 -42.0451	  173.7379
0.468	 2.32	 1	 -42.8519	  173.3858
0.470	 2.01	 2	 -42.3759	  173.3867
0.470	 2.20	 1	 -43.0820	  170.0850
0.471	 3.22	 1	 -42.5992	  172.9979
0.471	 2.40	 1	 -43.9714	  173.8341
0.473	 3.48	 1	 -42.5570	  172.9972
0.474	 2.14	 1	 -42.4610	  172.9921
0.476	 2.45	 1	 -42.1860	  174.4092
0.477	 2.44	 1	 -42.6539	  172.9802
0.480	 2.05	 1	 -40.9075	  173.8968
0.482	 2.17	 1	 -42.2335	  173.6698
0.488	 2.82	 1	 -43.1298	  173.2982
0.488	 2.15	 1	 -42.8214	  172.8230
0.490	 2.25	 1	 -41.8595	  173.3399
0.492	 2.18	 1	 -42.6543	  173.9657
0.492	 2.23	 1	 -42.4865	  173.0898
0.493	 2.15	 1	 -41.7719	  174.3270
0.494	 2.37	 1	 -42.5065	  173.3213
0.494	 2.64	 1	 -42.5435	  172.5242
0.497	 2.07	 1	 -41.4728	  174.2459
0.502	 2.09	 1	 -42.0271	  173.7950
0.503	 2.41	 1	 -42.6768	  172.8258
0.505	 2.36	 1	 -41.7390	  174.1995
0.507	 2.66	 1	 -43.4941	  174.4047
0.511	 2.46	 1	 -41.3688	  174.3229
0.512	 2.72	 1	 -42.4576	  173.1627
0.514	 2.61	 1	 -42.5414	  173.1162
0.518	 2.09	 1	 -42.0860	  174.1393
0.518	 2.03	 1	 -42.9309	  169.0245
0.521	 2.06	 1	 -41.8462	  173.7760
0.525	 2.63	 1	 -42.4509	  173.2712
0.534	 2.51	 1	 -42.5773	  173.1407
0.534	 2.51	 1	 -41.8034	  174.1626
0.536	 2.16	 1	 -42.6480	  172.9987
0.539	 2.65	 1	 -38.9032	  169.7285
0.542	 2.71	 1	 -42.4010	  173.4604
0.549	 2.13	 1	 -42.7010	  172.9548
0.549	 2.64	 1	 -42.1738	  173.5146
0.550	 2.26	 1	 -41.6854	  174.2506
0.554	 2.67	 1	 -42.2602	  173.6900
0.555	 2.38	 1	 -42.6964	  172.2493
0.555	 2.83	 1	 -42.3539	  173.4539
0.556	 3.13	 1	 -44.6751	  172.0055
0.560	 2.28	 1	 -43.1959	  172.6362
0.560	 2.07	 1	 -41.7290	  174.2439
0.563	 2.43	 1	 -42.5663	  172.8474
0.571	 2.23	 1	 -44.6241	  171.2785
0.573	 2.32	 1	 -42.3311	  173.3022
0.578	 2.07	 1	 -42.9983	  173.1014
0.579	 2.29	 1	 -42.5642	  173.1468
0.581	 2.47	 1	 -42.9568	  173.5866
0.582	 2.03	 1	 -42.0983	  176.6273
0.584	 2.03	 1	 -41.6019	  170.9958
0.585	 2.10	 1	 -41.9923	  173.8027
0.587	 2.13	 1	 -38.3460	  174.5894
0.587	 2.07	 1	 -42.3142	  173.7719
0.589	 3.22	 1	 -41.9713	  173.8652
0.589	 2.50	 1	 -42.3838	  172.8007
0.592	 2.16	 1	 -42.8843	  172.9483
0.592	 2.04	 1	 -42.1465	  173.6112
0.597	 2.01	 1	 -42.0279	  173.5612
0.597	 2.58	 1	 -42.3763	  172.3509
0.599	 2.09	 1	 -42.1214	  173.8851
0.600	 2.97	 1	 -42.0853	  173.0463
0.608	 3.61	 1	 -42.4300	  173.7835
0.609	 2.35	 1	 -42.7489	  172.9675
0.609	 2.44	 1	 -42.0662	  172.4710
0.613	 2.13	 1	 -43.7731	  167.0836
0.620	 3.41	 1	 -41.7769	  174.2108
0.624	 2.94	 1	 -41.6279	  174.2600
0.624	 3.11	 2	 -42.1716	  173.6413
0.629	 2.22	 1	 -42.2530	  173.7499
0.636	 2.04	 1	 -42.6342	  172.8912
0.636	 2.14	 1	 -42.5412	  172.7349
0.639	 2.94	 1	 -43.8760	  175.8173
0.640	 2.30	 1	 -41.8034	  173.8372
0.642	 2.19	 1	 -44.0404	  172.6886
0.643	 2.15	 1	 -41.0524	  171.7470
0.646	 2.06	 1	 -41.8125	  174.3263
0.647	 2.27	 2	 -41.7868	  174.0700
0.647	 3.14	 1	 -42.6527	  172.9295
0.647	 3.58	 1	 -42.7601	  172.7617
0.648	 2.07	 1	 -42.0613	  171.2432
0.651	 2.66	 1	 -42.4562	  173.6694
0.651	 3.38	 1	 -42.0371	  173.7535
0.652	 2.22	 1	 -41.8383	  174.0690
0.653	 2.13	 1	 -43.0436	  173.2077
0.654	 2.45	 1	 -41.6525	  174.3257
0.655	 3.88	 1	 -43.3397	  172.8922
0.656	 2.26	 2	 -43.3437	  172.8882
0.656	 2.33	 1	 -42.4580	  173.1610
0.663	 2.44	 1	 -42.5095	  173.1857
0.665	 2.75	 1	 -43.1209	  173.5813
0.669	 3.32	 1	 -42.9840	  173.8132
0.670	 3.14	 1	 -42.7242	  173.5938
0.672	 2.10	 1	 -43.5129	  172.9500
0.678	 2.26	 1	 -42.5353	  173.3206
0.684	 2.61	 1	 -44.8252	  170.2455
0.684	 2.53	 1	 -42.9067	  173.6552
0.686	 2.67	 1	 -44.5176	  178.6134
0.694	 2.05	 1	 -42.8654	  173.1233
0.695	 2.39	 1	 -42.5056	  173.1157
0.701	 2.94	 1	 -44.1419	  169.3080
0.702	 3.18	 1	 -42.1603	  173.8059
0.707	 2.08	 1	 -44.1122	  167.2173
0.708	 2.06	 1	 -41.8823	  174.1656
0.720	 2.27	 1	 -42.5219	  171.6347
0.725	 2.38	 1	 -41.6194	  173.6112
0.725	 2.26	 1	 -42.9039	  172.4686
0.725	 2.30	 1	 -43.1699	  173.0955
0.727	 2.64	 1	 -42.9789	  172.9696
0.731	 2.19	 1	 -43.2919	  173.9869
0.732	 2.35	 1	 -42.3760	  171.7649
0.732	 2.65	 1	 -42.0996	  173.6685
0.736	 2.00	 1	 -41.7182	  174.2605
0.739	 2.47	 1	 -42.1568	  173.4579
0.739	 2.29	 1	 -42.1497	  173.8407
0.741	 2.56	 1	 -42.0108	  173.6777
0.742	 2.08	 1	 -42.8046	  173.3798
0.743	 2.17	 1	 -42.8995	  173.2923
0.746	 2.12	 1	 -39.8929	  175.9677
0.748	 2.11	 1	 -42.9438	  172.2368
0.750	 2.13	 1	 -42.4449	  172.8817
0.752	 2.18	 1	 -41.9987	  173.5873
0.757	 4.02	 1	 -41.1904	  174.2941
0.758	 3.33	 1	 -42.8685	  172.8198
0.762	 2.20	 1	 -43.1559	  171.9750
0.767	 2.22	 1	 -43.4300	  172.8621
0.779	 2.06	 1	 -41.0773	  175.7315
0.780	 2.74	 1	 -42.9877	  173.0132
0.783	 2.12	 1	 -44.1360	  173.7994
0.788	 2.25	 1	 -41.7942	  174.2368
0.789	 2.15	 1	 -43.1679	  166.9386
0.792	 3.01	 1	 -42.9097	  172.9092
0.795	 3.85	 1	 -42.8465	  172.7170
0.796	 2.22	 1	 -42.4937	  173.0813
0.800	 2.44	 1	 -42.0764	  173.7473
0.813	 2.32	 1	 -42.5780	  172.7026
0.818	 2.09	 1	 -42.4082	  173.7402
0.821	 2.11	 1	 -42.8512	  172.7950
0.827	 2.09	 1	 -42.2438	  173.6820
0.828	 3.01	 1	 -42.3157	  172.7407
0.831	 2.38	 1	 -42.5618	  173.1079
0.835	 2.41	 2	 -42.0256	  173.9046
0.838	 2.04	 1	 -42.5079	  173.1776
0.839	 2.07	 1	 -42.8126	  173.4136
0.842	 2.33	 1	 -42.1747	  173.3857
0.842	 2.13	 1	 -41.8310	  172.2251
0.844	 2.60	 1	 -42.7668	  173.9571
0.847	 2.24	 1	 -42.5231	  173.5643
0.851	 2.57	 1	 -42.1167	  173.8498
0.852	 2.38	 1	 -43.0522	  173.1367
0.853	 3.69	 1	 -42.8617	  173.8046
0.859	 2.50	 1	 -45.0822	  172.3144
0.860	 3.15	 1	 -42.8142	  173.7918
0.861	 2.14	 1	 -41.8177	  174.2790
0.862	 2.11	 1	 -42.2802	  173.6535
0.863	 2.57	 1	 -43.2884	  171.6342
0.866	 2.00	 1	 -41.7190	  174.2845
0.868	 2.52	 1	 -42.6629	  173.0076
0.872	 2.29	 1	 -39.6835	  177.5683
0.875	 2.05	 1	 -42.3540	  173.7056
0.878	 2.54	 1	 -43.0136	  172.6049
0.882	 2.16	 1	 -42.7044	  173.0541
0.887	 2.36	 1	 -42.6274	  172.9121
0.888	 2.15	 1	 -42.2341	  172.6092
0.889	 2.16	 1	 -42.3481	  173.1408
0.889	 2.20	 1	 -42.3812	  173.7718
0.895	 2.14	 1	 -41.7833	  174.0504
0.895	 3.05	 1	 -43.0328	  173.1542
0.899	 2.61	 1	 -42.0167	  173.5875
0.908	 2.29	 1	 -42.4666	  172.4155
0.909	 2.76	 1	 -42.3640	  173.8161
0.914	 2.14	 1	 -43.3424	  173.0143
0.916	 2.22	 1	 -42.6897	  173.5293
0.921	 2.22	 2	 -42.4043	  173.3367
0.925	 2.16	 1	 -41.7657	  174.1520
0.934	 2.07	 1	 -42.6418	  173.1297
0.938	 3.56	 1	 -42.2656	  173.6304
0.944	 2.02	 1	 -42.8917	  174.0498
0.947	 2.16	 1	 -43.5751	  173.2292
0.948	 2.26	 1	 -42.4115	  173.6805
0.951	 2.09	 1	 -42.3022	  173.4518
0.951	 3.27	 1	 -42.7284	  173.0811
0.961	 2.02	 1	 -42.2826	  173.9807
0.969	 2.33	 1	 -42.7935	  173.1829
0.970	 2.41	 1	 -42.7875	  172.9351
0.972	 2.30	 1	 -43.5789	  171.3499
0.973	 2.97	 2	 -41.1904	  174.3168
0.976	 2.49	 1	 -42.6262	  175.5959
0.985	 2.71	 1	 -42.9501	  172.1552
0.987	 2.80	 1	 -42.1408	  173.0354
0.987	 2.13	 1	 -46.3293	  171.0002
0.991	 2.05	 1	 -38.2086	  173.4807
0.993	 2.62	 1	 -40.7283	  172.1888
0.997	 2.74	 1	 -42.6369	  173.3588
0.998	 2.17	 1	 -42.2275	  173.3913
0.999	 2.31	 1	 -43.4301	  173.4211
1.005	 2.12	 1	 -43.2719	  171.8485
1.014	 3.17	 1	 -43.3384	  170.0876
1.016	 4.03	 1	 -41.4615	  173.4624
1.016	 2.87	 1	 -42.8661	  172.3754
1.018	 2.21	 1	 -40.0376	  171.6683
1.020	 2.32	 1	 -41.8047	  174.2423
1.031	 3.42	 1	 -41.3579	  171.1769
1.033	 2.64	 1	 -42.3233	  173.6843
1.037	 2.42	 1	 -41.9144	  173.7629
1.037	 2.61	 1	 -41.8279	  174.2260
1.038	 2.03	 1	 -42.5313	  171.9802
1.038	 2.20	 1	 -41.7159	  173.5281
1.041	 2.17	 2	 -43.3101	  172.8442
1.046	 2.01	 1	 -42.4776	  173.8835
1.049	 2.04	 1	 -46.6584	  170.1388
1.049	 2.22	 1	 -41.8899	  174.0313
1.051	 2.20	 1	 -38.4585	  175.0820
1.053	 3.22	 1	 -41.7346	  174.5264
1.055	 3.16	 1	 -42.3466	  174.0308
1.058	 2.13	 1	 -42.7150	  174.0622
1.058	 2.70	 1	 -41.9789	  173.6533
1.061	 2.25	 1	 -42.0661	  173.8718
1.061	 2.54	 1	 -42.7403	  173.0543
1.068	 2.34	 1	 -42.1161	  173.6268
1.073	 2.06	 1	 -41.6551	  174.9981
1.074	 2.05	 1	 -42.6914	  172.6190
1.078	 2.31	 1	 -42.1692	  173.8272
1.091	 2.09	 1	 -42.6172	  172.9453
1.091	 2.51	 1	 -42.1844	  173.7051
1.093	 2.00	 1	 -42.7844	  172.6517
1.097	 2.03	 1	 -41.8274	  174.2095
1.097	 3.26	 1	 -42.4853	  172.8867
1.104	 2.05	 1	 -42.6494	  172.8500
1.106	 2.03	 1	 -41.9563	  173.6826
1.109	 2.00	 1	 -42.5805	  172.9488
1.111	 3.16	 1	 -43.5505	  170.9138
1.114	 2.06	 1	 -42.7442	  174.0973
1.116	 2.06	 1	 -42.7057	  172.0435
1.117	 2.21	 1	 -42.9553	  173.1541
1.118	 2.00	 1	 -43.3624	  172.6753
1.119	 2.87	 1	 -42.1895	  173.9900
1.120	 2.18	 1	 -42.8224	  173.0579
1.122	 3.91	 1	 -41.0934	  171.0369
1.127	 2.67	 1	 -43.2217	  172.4482
1.132	 3.85	 1	 -41.9447	  173.6766
1.134	 2.24	 1	 -42.9848	  173.0137
1.138	 2.97	 1	 -42.4836	  173.1507
1.143	 2.29	 1	 -43.8032	  172.2643
1.145	 2.47	 1	 -43.0939	  173.6145
1.146	 3.36	 1	 -42.6515	  174.8836
1.155	 2.00	 1	 -42.1622	  173.6359
1.160	 2.65	 1	 -42.0623	  174.1023
1.161	 2.42	 1	 -42.6630	  173.0877
1.162	 2.11	 1	 -41.9709	  170.0056
1.163	 3.02	 1	 -42.0723	  173.8428
1.169	 2.09	 1	 -42.5620	  174.0065
1.170	 2.29	 1	 -41.8933	  173.7198
1.171	 2.75	 1	 -42.5027	  173.3174
1.172	 2.00	 1	 -40.6348	  167.5825
1.189	 2.15	 1	 -43.5297	  173.8949
1.195	 3.04	 1	 -41.9936	  172.7267
1.199	 2.79	 1	 -41.6043	  174.3060
1.201	 2.02	 1	 -42.4506	  173.1710
1.204	 2.04	 1	 -41.6977	  174.2798
1.211	 2.09	 1	 -42.5072	  172.9382
1.212	 3.50	 1	 -42.5905	  173.1216
1.216	 2.46	 1	 -41.9200	  173.7475
1.220	 2.01	 2	 -41.4464	  171.1425
1.233	 2.33	 1	 -42.7729	  173.0742
1.234	 2.61	 1	 -42.5687	  173.1366
1.236	 2.69	 1	 -42.6043	  174.6556
1.238	 2.51	 1	 -43.3277	  167.1151
1.241	 2.75	 1	 -42.1735	  173.5322
1.245	 2.20	 1	 -42.1492	  173.5614
1.253	 2.22	 1	 -43.2611	  169.6458
1.255	 2.52	 1	 -43.6797	  172.6032
1.258	 2.31	 1	 -41.1811	  172.7009
1.258	 2.15	 1	 -42.3360	  173.6737
1.261	 2.58	 1	 -44.0042	  172.8372
1.263	 2.96	 1	 -42.9499	  173.0377
1.268	 3.02	 1	 -42.2351	  173.4273
1.289	 2.10	 1	 -41.7781	  173.1595
1.303	 2.10	 2	 -41.4781	  173.4419
1.305	 2.47	 1	 -42.4699	  173.1874
1.306	 2.30	 2	 -41.8799	  173.2643
1.306	 2.00	 1	 -41.9996	  173.4652
1.307	 2.04	 1	 -43.2828	  172.2039
1.318	 2.15	 1	 -38.2049	  172.6368
1.319	 3.38	 1	 -43.5221	  173.5971
1.320	 3.26	 1	 -42.7437	  172.9625
1.322	 2.22	 1	 -42.9367	  172.4391
1.323	 3.10	 1	 -42.5476	  173.1431
1.336	 2.29	 1	 -42.3231	  173.8930
1.341	 2.37	 1	 -42.3166	  173.4655
1.342	 2.79	 1	 -42.3985	  173.8009
1.345	 2.91	 1	 -42.8314	  172.4386
1.345	 2.01	 1	 -42.6531	  172.2278
1.375	 2.21	 1	 -42.0532	  173.6545
1.377	 2.41	 1	 -44.6453	  175.7034
1.379	 2.05	 1	 -45.7422	  173.2413
1.381	 2.34	 1	 -43.0102	  172.7003
1.384	 2.21	 1	 -41.9966	  173.7796
1.385	 2.41	 1	 -45.5693	  173.5565
1.387	 2.65	 1	 -42.4000	  173.8028
1.408	 2.07	 1	 -38.2470	  170.8964
1.410	 2.45	 1	 -42.1544	  173.5323
1.417	 2.93	 1	 -42.8117	  173.1989
1.428	 2.33	 1	 -42.4481	  173.2470
1.434	 3.33	 1	 -39.0149	  169.5020
1.439	 2.28	 1	 -42.8333	  172.9884
1.444	 2.23	 1	 -41.8656	  173.7261
1.444	 2.22	 1	 -42.1524	  173.7876
1.447	 2.18	 1	 -42.1122	  173.7019
1.457	 2.87	 1	 -42.5832	  172.9640
1.466	 2.18	 1	 -40.3092	  173.4484
1.471	 2.12	 1	 -43.0033	  172.5103
1.478	 3.35	 1	 -41.7019	  174.2763
1.478	 2.24	 1	 -40.8614	  171.3461
1.481	 2.31	 1	 -41.8228	  174.0956
1.481	 2.17	 1	 -43.4971	  173.4434
1.488	 2.05	 1	 -42.9024	  172.3049
1.489	 2.15	 1	 -42.1574	  173.6561
1.490	 2.33	 1	 -42.1452	  173.7266
1.494	 2.72	 1	 -42.2551	  173.6353
1.499	 2.21	 1	 -41.7182	  174.3347
1.510	 2.26	 1	 -41.0651	  171.7474
1.513	 2.47	 1	 -42.5376	  173.2788
1.515	 2.46	 1	 -42.4057	  172.6617
1.517	 2.10	 1	 -42.2347	  172.9756
1.521	 2.37	 1	 -42.6449	  173.3046
1.536	 2.18	 2	 -42.3512	  173.8127
1.540	 2.43	 1	 -42.5474	  173.5846
1.541	 2.07	 2	 -42.7535	  172.7330
1.548	 3.47	 1	 -42.8408	  172.0367
1.559	 2.47	 1	 -42.2672	  173.5681
1.562	 2.01	 1	 -42.6472	  173.0495
1.566	 2.12	 1	 -42.2685	  173.8123
1.567	 2.43	 1	 -41.7336	  174.2736
1.573	 2.54	 1	 -41.6801	  174.4131
1.575	 3.42	 1	 -42.4647	  173.2730
1.576	 2.00	 1	 -45.5692	  177.7242
1.581	 2.29	 2	 -42.7966	  173.7849
1.583	 2.74	 1	 -46.0577	  172.6108
1.591	 2.10	 1	 -42.2926	  173.6504
1.591	 2.20	 1	 -42.5583	  172.7375
1.597	 2.22	 1	 -42.3002	  173.7644
1.608	 2.01	 1	 -42.0562	  173.7561
1.609	 2.00	 1	 -44.3843	  172.9530
1.615	 2.60	 1	 -43.1025	  179.1145
1.615	 2.86	 1	 -42.2442	  173.6915
1.617	 2.75	 1	 -41.9429	  173.8077
1.631	 2.21	 1	 -42.1847	  173.8378
1.634	 2.22	 1	 -47.1492	  172.2084
1.635	 2.76	 1	 -41.2830	  172.6299
1.638	 2.32	 1	 -41.9454	  174.1191
1.642	 2.04	 1	 -42.0825	  173.6853
1.651	 2.48	 1	 -42.1537	  173.6466
1.660	 2.29	 1	 -42.7289	  173.0512
1.661	 2.30	 1	 -41.8618	  174.3809
1.665	 2.39	 1	 -43.2830	  173.3513
1.668	 2.32	 1	 -42.7395	  172.7522
1.679	 2.08	 1	 -39.6322	  170.9116
1.680	 2.11	 1	 -43.1820	  170.7813
1.699	 2.10	 1	 -42.4109	  173.8009
1.709	 2.10	 1	 -42.4558	  173.3602
1.710	 2.18	 1	 -42.7234	  173.2916
1.734	 3.01	 1	 -41.7163	  174.3011
1.736	 2.28	 1	 -43.0987	  172.7017
1.737	 2.32	 1	 -42.4695	  172.6653
1.750	 3.07	 1	 -43.2651	  171.2092
1.759	 2.05	 1	 -42.4688	  173.1036
1.766	 2.50	 1	 -42.5925	  172.8276
1.767	 2.15	 1	 -42.0409	  173.8588
1.771	 2.00	 1	 -42.5669	  173.1460
1.779	 2.69	 1	 -42.4010	  172.7423
1.780	 2.18	 1	 -42.8943	  172.8162
1.780	 2.06	 1	 -41.7103	  174.1537
1.786	 2.05	 1	 -42.7284	  172.9316
1.800	 2.22	 1	 -41.7241	  174.2463
1.803	 2.05	 1	 -42.6536	  172.9491
1.806	 2.00	 1	 -42.2219	  173.6522
1.815	 2.09	 1	 -41.8215	  174.1298
1.824	 2.17	 1	 -45.3039	  170.1990
1.827	 2.22	 1	 -43.3521	  173.1658
1.846	 2.36	 1	 -42.4760	  173.5117
1.850	 2.02	 1	 -42.8058	  173.6433
1.854	 2.71	 1	 -41.9643	  173.7091
1.860	 2.58	 1	 -42.2290	  173.5941
1.866	 2.31	 1	 -42.3703	  172.0447
1.866	 2.98	 1	 -42.6190	  172.9100
1.882	 2.95	 1	 -42.9613	  172.4331
1.882	 2.82	 1	 -42.5717	  173.0095
1.896	 2.38	 1	 -41.9695	  174.4843
1.900	 2.89	 1	 -41.7506	  172.7267
1.911	 2.71	 1	 -42.9213	  172.9285
1.917	 2.10	 1	 -41.7336	  174.3868
1.917	 2.55	 1	 -38.2623	  171.9748
1.940	 2.02	 1	 -42.5423	  172.3492
1.946	 2.12	 1	 -42.5118	  172.9885
1.951	 2.59	 1	 -42.3814	  173.7017
1.951	 2.41	 1	 -45.5388	  174.9797
1.957	 2.46	 1	 -42.3129	  173.1656
1.982	 2.01	 1	 -41.6914	  174.2356
1.983	 2.40	 1	 -43.0953	  172.8205
1.986	 2.05	 1	 -43.0784	  173.3513
1.987	 2.76	 1	 -41.9523	  174.4600
1.991	 2.50	 1	 -41.7600	  174.2732
1.998	 2.07	 1	 -42.8519	  173.4868
2.003	 2.44	 1	 -42.0934	  173.7389
2.008	 2.03	 1	 -43.5337	  173.6112
2.021	 2.63	 1	 -43.8479	  172.1090
2.022	 2.20	 1	 -41.9590	  173.8310
2.048	 2.92	 1	 -41.7900	  174.2091
2.051	 2.18	 1	 -42.3732	  173.4009
2.054	 2.01	 1	 -41.7614	  174.2012
2.078	 2.26	 1	 -38.3394	  174.5552
2.079	 2.77	 1	 -42.2586	  172.2480
2.081	 2.06	 1	 -42.5864	  174.9975
2.089	 2.16	 1	 -43.2388	  173.4651
2.092	 2.20	 1	 -42.2828	  173.5693
2.093	 2.10	 1	 -42.6913	  172.9200
2.102	 2.13	 1	 -41.5540	  172.7634
2.114	 2.17	 1	 -44.1443	  172.5627
2.122	 2.13	 1	 -42.7675	  173.0890
2.125	 2.54	 1	 -42.6631	  173.3531
2.126	 3.02	 1	 -42.3574	  170.6008
2.127	 2.02	 1	 -42.2086	  173.6833
2.128	 2.15	 1	 -42.9124	  172.8656
2.130	 2.02	 1	 -43.1690	  173.4146
2.154	 2.31	 1	 -42.0784	  173.1968
2.163	 2.21	 1	 -42.8115	  173.3031
2.167	 2.05	 1	 -41.8444	  179.0301
2.174	 3.52	 1	 -42.0274	  174.1076
2.179	 2.92	 1	 -43.3152	  171.4946
2.192	 2.35	 1	 -41.6285	  172.6270
2.192	 2.23	 1	 -42.7574	  172.9170
2.192	 2.53	 1	 -41.6808	  174.1791
2.212	 2.50	 1	 -41.7733	  174.4081
2.220	 2.08	 1	 -42.0839	  173.6505
2.226	 3.01	 1	 -42.2391	  173.6594
2.229	 2.05	 1	 -42.5675	  173.2295
2.238	 2.33	 1	 -42.0528	  173.0122
2.251	 2.12	 1	 -42.9455	  173.5484
2.270	 2.51	 1	 -41.7360	  174.1734
2.301	 2.04	 1	 -42.6011	  173.0486
2.308	 2.21	 1	 -46.2038	  169.2004
2.312	 2.97	 1	 -43.0501	  173.5036
2.314	 2.84	 1	 -42.4218	  173.6876
2.320	 2.07	 1	 -43.1206	  174.2439
2.321	 2.81	 1	 -42.4050	  173.2539
2.322	 4.33	 1	 -43.0390	  173.2467
2.328	 2.55	 1	 -42.2351	  173.8544
2.341	 2.19	 1	 -42.5958	  173.0796
2.342	 2.03	 1	 -42.1506	  173.8234
2.348	 2.13	 1	 -42.9538	  173.2068
2.356	 2.15	 1	 -42.5678	  172.8559
2.364	 2.43	 1	 -42.2940	  173.7073
2.369	 2.53	 1	 -42.9806	  172.7180
2.369	 2.39	 1	 -42.7785	  173.0591
2.377	 2.84	 1	 -42.3851	  173.8190
2.385	 2.07	 1	 -42.6300	  172.3194
2.401	 2.30	 1	 -43.8230	  171.8790
2.402	 2.13	 1	 -42.5618	  173.5466
2.404	 3.05	 1	 -42.2159	  173.8830
2.422	 2.25	 1	 -42.0968	  173.8123
2.432	 2.22	 1	 -42.8870	  172.9743
2.438	 3.57	 1	 -42.4683	  173.7265
2.444	 2.02	 1	 -42.6075	  173.1131
2.447	 2.24	 1	 -42.3386	  173.6628
2.448	 2.08	 1	 -42.8049	  173.4986
2.451	 2.06	 1	 -42.3127	  173.9614
2.467	 2.31	 1	 -39.9464	  177.8666
2.480	 2.93	 1	 -41.3709	  174.0017
2.483	 2.64	 1	 -42.2421	  173.5744
2.484	 2.04	 1	 -42.9446	  172.4189
2.490	 3.13	 1	 -42.9455	  173.0732
2.498	 2.29	 1	 -42.4511	  173.7693
2.511	 2.88	 1	 -43.3267	  172.2391
2.517	 2.04	 1	 -42.9991	  173.0781
2.520	 2.12	 1	 -42.6164	  172.9348
2.524	 2.25	 1	 -47.1716	  172.4820
2.530	 2.50	 1	 -42.9863	  172.5569
2.530	 2.07	 1	 -42.4342	  174.1178
2.532	 2.24	 1	 -42.2548	  172.3897
2.534	 2.59	 1	 -42.0605	  172.3130
2.538	 2.51	 1	 -46.4508	  175.8268
2.546	 2.50	 1	 -41.7190	  174.3371
2.564	 2.29	 1	 -42.7577	  173.2368
2.571	 2.06	 1	 -42.0050	  173.7110
2.578	 3.38	 1	 -45.4176	  168.1558
2.580	 2.25	 1	 -46.8876	  175.2248
2.582	 2.19	 1	 -41.8521	  174.0905
2.596	 2.72	 1	 -42.7206	  172.2502
2.607	 2.05	 1	 -41.7704	  174.5077
2.614	 2.38	 1	 -42.4352	  173.0748
2.619	 2.72	 2	 -42.6155	  172.9372
2.620	 3.04	 1	 -42.2867	  173.7523
2.630	 2.10	 1	 -42.9842	  171.9645
2.640	 2.39	 1	 -42.0539	  173.8161
2.654	 2.20	 1	 -43.0151	  173.2472
2.663	 2.28	 1	 -43.2375	  173.1752
2.666	 2.97	 1	 -44.4611	  173.2986
2.674	 2.59	 1	 -42.4740	  173.7344
2.686	 2.13	 1	 -42.0646	  173.6958
2.688	 2.28	 1	 -41.9442	  174.2865
2.696	 2.00	 1	 -42.1873	  173.6127
2.707	 2.07	 1	 -42.0239	  173.7131
2.715	 2.48	 1	 -42.6580	  173.0803
2.719	 3.01	 1	 -42.6067	  173.3107
2.730	 2.25	 3	 -42.1765	  173.6140
2.734	 3.28	 1	 -42.6921	  173.8584
2.736	 2.92	 1	 -42.5895	  172.8275
2.749	 2.06	 1	 -41.7995	  174.2777
2.751	 2.14	 1	 -42.2830	  172.8978
2.756	 2.46	 1	 -42.9602	  172.3140
2.771	 2.67	 1	 -41.9523	  173.5226
2.782	 2.03	 1	 -42.7677	  173.0917
2.812	 2.89	 1	 -41.9420	  173.9499
2.839	 2.10	 1	 -42.1577	  173.6158
2.839	 2.91	 1	 -42.0775	  173.8703
2.850	 2.78	 1	 -41.1151	  168.7886
2.866	 2.10	 1	 -41.7195	  172.1495
2.892	 2.24	 1	 -42.9134	  172.4337
2.894	 2.04	 1	 -42.5522	  173.1133
2.899	 3.43	 1	 -41.7402	  174.2784
2.920	 2.24	 1	 -42.7051	  167.9075
2.930	 2.06	 1	 -42.6948	  172.8458
2.939	 2.13	 1	 -42.2966	  173.8872
2.942	 2.82	 1	 -41.9948	  173.6303
2.987	 2.77	 2	 -42.2287	  173.5939
2.998	 2.11	 1	 -41.9961	  174.2901
3.004	 2.10	 1	 -42.5546	  172.8740
3.008	 3.43	 1	 -42.8715	  172.8434
3.017	 2.03	 1	 -41.2855	  174.6698
3.017	 2.36	 1	 -42.4147	  173.3071
3.058	 2.23	 2	 -42.4157	  173.4052
3.063	 2.18	 1	 -42.7346	  173.9885
3.063	 3.53	 1	 -42.0102	  172.8015
3.073	 2.50	 1	 -42.7337	  172.8227
3.088	 2.22	 1	 -42.5459	  173.1600
3.088	 2.24	 1	 -42.6297	  172.7894
3.090	 3.38	 1	 -42.3350	  173.0697
3.116	 2.06	 2	 -43.0350	  173.2560
3.128	 3.03	 1	 -41.9598	  174.0055
3.131	 2.64	 1	 -42.6931	  172.0720
3.138	 2.15	 1	 -43.3484	  173.5545
3.145	 2.30	 1	 -44.5186	  171.6881
3.200	 2.06	 1	 -40.6662	  172.0325
3.215	 3.05	 1	 -41.9483	  174.2196
3.217	 2.25	 1	 -42.7089	  173.3592
3.223	 2.41	 1	 -42.5407	  172.4920
3.225	 2.24	 1	 -42.3595	  173.6585
3.231	 2.40	 1	 -43.4914	  172.0845
3.232	 2.30	 1	 -41.8196	  174.2105
3.234	 3.77	 1	 -42.1992	  173.5633
3.243	 2.51	 1	 -42.5466	  172.7795
3.244	 2.18	 1	 -41.8450	  174.1967
3.261	 2.53	 1	 -43.2386	  172.8863
3.271	 2.38	 1	 -42.4573	  173.0458
3.272	 2.60	 1	 -42.8839	  173.8030
3.280	 2.47	 1	 -42.6238	  173.0121
3.298	 2.18	 1	 -40.5927	  179.3380
3.327	 2.09	 1	 -43.8017	  167.0934
3.330	 2.00	 1	 -42.4392	  173.7688
3.342	 2.08	 1	 -42.1262	  173.8686
3.383	 2.18	 1	 -42.9453	  172.7895
3.391	 2.13	 1	 -42.6225	  172.8794
3.397	 2.87	 1	 -42.1884	  172.9187
3.402	 3.14	 1	 -41.7122	  174.2483
3.431	 2.70	 1	 -42.8572	  173.1069
3.433	 2.33	 1	 -45.3482	  171.7266
3.436	 2.11	 1	 -42.5032	  172.4891
3.462	 2.01	 1	 -43.4839	  172.4208
3.466	 2.22	 1	 -43.7783	  171.7854
3.475	 2.34	 1	 -43.0072	  170.9117
3.477	 2.08	 1	 -41.8184	  173.2958
3.483	 2.44	 1	 -42.5314	  173.3460
3.486	 2.07	 1	 -42.7223	  172.2857
3.504	 2.66	 1	 -42.0555	  173.8835
3.509	 2.03	 1	 -42.6868	  172.8484
3.535	 2.16	 1	 -47.1435	  173.8916
3.536	 2.19	 1	 -41.3246	  172.3716
3.555	 2.20	 1	 -42.1717	  173.6763
3.571	 3.00	 1	 -42.3911	  174.0249
3.572	 2.19	 1	 -42.0796	  172.1714
3.596	 2.34	 1	 -42.4006	  173.1634
3.605	 2.25	 1	 -42.0032	  173.7565
3.633	 2.50	 1	 -42.5626	  173.8116
3.651	 2.38	 1	 -41.5107	  178.9249
3.666	 2.14	 1	 -43.5897	  171.0385
3.674	 2.02	 1	 -41.6209	  176.1318
3.691	 2.05	 1	 -40.0789	  173.3395
3.722	 2.30	 1	 -42.5159	  172.8152
3.729	 2.35	 1	 -44.7159	  174.7423
3.741	 2.73	 1	 -42.2103	  174.6796
3.758	 2.79	 1	 -42.5791	  172.5310
3.759	 2.04	 1	 -42.1361	  173.6470
3.767	 2.77	 1	 -42.8092	  172.8718
3.781	 2.06	 1	 -43.0143	  174.6958
3.782	 2.82	 1	 -41.9622	  175.1438
3.785	 2.17	 1	 -41.9044	  173.8678
3.787	 2.01	 1	 -42.8108	  173.6859
3.797	 2.08	 1	 -41.6193	  174.3621
3.809	 2.51	 1	 -42.2885	  175.1044
3.816	 2.12	 1	 -42.8201	  173.7162
3.816	 2.10	 1	 -42.6452	  172.9423
3.843	 2.07	 1	 -42.3887	  173.8210
3.844	 2.64	 1	 -41.7114	  174.2392
3.885	 2.08	 1	 -43.0784	  174.1941
3.890	 2.44	 1	 -42.7000	  173.6347
3.917	 2.84	 1	 -41.1250	  172.7007
3.917	 2.00	 1	 -42.1814	  174.0677
3.933	 2.97	 1	 -42.7342	  172.9065
3.942	 2.02	 1	 -42.0093	  173.7807
3.957	 2.99	 1	 -42.4947	  174.1291
3.967	 2.78	 1	 -42.7907	  173.1757
3.968	 2.15	 1	 -42.6624	  173.0291
3.983	 2.29	 1	 -42.6372	  173.5248
3.989	 2.40	 1	 -41.9456	  173.7166
4.006	 2.87	 1	 -41.7117	  174.2615
4.034	 2.68	 1	 -42.6881	  173.8613
4.036	 2.28	 1	 -42.8300	  172.9901
4.065	 2.66	 1	 -42.2250	  174.2250
4.071	 2.17	 1	 -38.3244	  174.4740
4.072	 3.06	 1	 -42.2942	  174.2214
4.075	 2.67	 1	 -42.3362	  173.4490
4.101	 2.32	 1	 -42.8232	  173.0435
4.124	 2.17	 1	 -42.6510	  172.8964
4.135	 2.48	 1	 -42.5923	  173.7616
4.141	 3.19	 1	 -41.8153	  174.4201
4.148	 3.77	 1	 -42.5312	  174.1726
4.152	 2.24	 1	 -43.2559	  174.5639
4.185	 3.08	 1	 -42.3282	  173.9682
4.188	 2.47	 1	 -41.7134	  174.3382
4.195	 2.37	 1	 -42.8350	  172.4378
4.195	 2.30	 1	 -47.1890	  173.0620
4.198	 2.05	 1	 -42.2096	  173.8484
4.206	 2.58	 1	 -43.8204	  167.0999
4.224	 2.02	 1	 -42.4059	  173.5264
4.231	 3.34	 1	 -42.9079	  172.4853
4.233	 2.41	 1	 -42.9158	  172.2822
4.247	 2.19	 1	 -42.2264	  173.2265
4.250	 2.10	 1	 -39.3518	  168.9272
4.250	 2.97	 1	 -42.6920	  173.1772
4.259	 2.32	 1	 -43.3386	  174.7185
4.264	 2.86	 1	 -42.2343	  172.6968
4.278	 2.02	 1	 -42.8644	  173.6896
4.281	 3.30	 1	 -42.4784	  172.9023
4.291	 2.29	 1	 -42.4678	  173.2305
4.296	 2.34	 1	 -42.7059	  173.1250
4.360	 2.41	 1	 -42.1849	  173.6911
4.404	 2.71	 1	 -42.5711	  172.8204
4.405	 2.11	 1	 -42.1896	  173.7003
4.488	 3.86	 1	 -43.1223	  166.9323
4.504	 2.03	 1	 -41.4955	  174.3219
4.507	 2.06	 1	 -42.0064	  173.6846
4.515	 2.41	 1	 -44.9680	  172.9147
4.518	 4.08	 1	 -42.0015	  173.3953
4.535	 3.44	 1	 -42.5134	  173.3878
4.564	 2.16	 1	 -41.5765	  171.8749
4.588	 2.18	 1	 -42.9993	  172.7405
4.615	 2.01	 1	 -42.2515	  173.5111
4.638	 2.65	 1	 -42.5920	  173.5546
4.651	 2.20	 1	 -42.8405	  174.8215
4.698	 3.22	 1	 -43.5662	  176.0861
4.704	 3.11	 1	 -42.7551	  172.5797
4.735	 2.09	 1	 -42.4432	  173.1272
4.740	 2.04	 1	 -43.0142	  173.8024
4.758	 2.86	 1	 -42.7268	  172.9313
4.794	 2.56	 1	 -44.2493	  171.1571
4.795	 2.09	 1	 -42.5603	  173.6182
4.806	 2.87	 1	 -41.6688	  174.3646
4.858	 2.39	 1	 -42.5851	  172.7809
4.861	 2.61	 1	 -42.6242	  173.3729
4.873	 2.18	 1	 -41.7227	  174.1803
4.879	 2.34	 1	 -38.5835	  170.5376
4.914	 2.14	 1	 -42.8836	  173.0014
4.917	 2.17	 1	 -42.3646	  173.0565
4.943	 2.24	 1	 -43.5042	  174.2517
4.951	 2.14	 1	 -41.6345	  174.2116
4.960	 2.15	 1	 -42.7329	  172.1830
4.985	 3.02	 1	 -42.3513	  173.5765
4.993	 2.40	 2	 -42.4885	  174.9890
4.997	 2.48	 1	 -42.8698	  174.6228
5.026	 2.01	 1	 -42.5314	  175.0287
5.050	 3.43	 1	 -41.9264	  174.1227
5.050	 2.69	 1	 -41.9075	  173.7815
5.066	 2.14	 1	 -42.5129	  173.3834
5.070	 2.81	 1	 -42.4737	  173.8592
5.078	 2.44	 1	 -42.0439	  175.1300
5.086	 2.27	 1	 -42.2010	  174.3298
5.111	 2.78	 1	 -42.1209	  173.7870
5.180	 2.21	 1	 -41.9537	  173.6789
5.190	 2.70	 1	 -43.0515	  173.1992
5.191	 2.14	 1	 -44.3176	  171.6384
5.216	 2.24	 1	 -41.8920	  173.5496
5.219	 2.23	 1	 -42.7880	  166.9057
5.244	 2.20	 1	 -41.9113	  174.2020
5.250	 2.01	 2	 -42.4090	  173.1178
5.286	 2.05	 1	 -42.5240	  171.7427
5.290	 2.03	 1	 -42.5819	  173.0190
5.307	 2.06	 1	 -41.8424	  174.3188
5.312	 2.21	 1	 -42.8084	  172.7680
5.329	 2.04	 1	 -42.7525	  173.2623
5.329	 2.12	 1	 -42.8745	  173.1592
5.371	 3.34	 1	 -42.3379	  172.4199
5.387	 3.21	 1	 -41.7512	  173.6882
5.470	 2.55	 1	 -42.2520	  173.8199
5.480	 2.61	 1	 -42.7431	  173.0883
5.511	 2.18	 1	 -43.0527	  173.2029
5.516	 2.39	 1	 -42.5186	  173.0476
5.528	 2.81	 1	 -42.1020	  173.6995
5.530	 2.31	 1	 -42.6600	  172.9673
5.547	 2.45	 1	 -42.2355	  173.7266
5.592	 2.15	 1	 -42.1974	  173.6519
5.592	 2.33	 1	 -45.6703	  174.7904
5.654	 2.63	 1	 -43.1166	  172.6656
5.707	 2.30	 1	 -41.8237	  173.9868
5.711	 3.47	 1	 -42.2826	  173.7152
5.716	 2.82	 1	 -42.9292	  171.4794
5.722	 2.20	 1	 -42.8413	  172.8763
5.729	 3.25	 1	 -42.4027	  173.8094
5.738	 2.36	 1	 -42.4936	  172.8136
5.743	 2.34	 1	 -39.6320	  172.6597
5.761	 2.09	 1	 -42.4021	  172.4599
5.840	 2.52	 1	 -43.2494	  171.8042
5.850	 2.16	 1	 -43.9579	  173.7740
5.906	 2.52	 1	 -42.1918	  172.3678
5.928	 2.22	 1	 -42.6514	  173.1193
5.962	 3.38	 1	 -42.8881	  173.2790
5.979	 2.04	 1	 -42.4179	  173.9044
5.992	 2.65	 1	 -42.8984	  174.2201
6.000	 2.12	 1	 -42.6646	  172.8980
6.050	 2.17	 1	 -42.3629	  172.7156
6.066	 2.39	 1	 -42.4883	  173.1877
6.106	 2.09	 1	 -43.6532	  173.6683
6.142	 2.42	 1	 -42.3679	  173.7874
6.212	 2.63	 1	 -43.2933	  173.1957
6.217	 2.36	 1	 -42.8432	  173.5339
6.236	 2.31	 1	 -42.0198	  173.7467
6.251	 2.91	 1	 -41.7010	  174.3006
6.257	 2.24	 1	 -42.8236	  173.4413
6.261	 2.83	 1	 -38.2878	  174.2524
6.301	 2.14	 1	 -42.5061	  172.8056
6.341	 2.66	 1	 -42.0301	  172.8203
6.347	 2.34	 1	 -42.0261	  174.0790
6.361	 2.98	 1	 -42.5709	  173.1985
6.391	 2.26	 2	 -42.8308	  173.7489
6.393	 2.08	 1	 -39.7742	  174.4865
6.412	 2.23	 1	 -42.4111	  173.3300
6.450	 2.27	 1	 -42.4156	  173.4187
6.460	 2.99	 1	 -42.4013	  173.8512
6.573	 2.11	 1	 -41.8551	  169.1337
6.586	 2.34	 1	 -41.7810	  174.2476
6.586	 2.42	 1	 -42.6836	  173.1586
6.591	 2.28	 1	 -42.0401	  173.8819
6.627	 2.09	 1	 -43.0197	  173.2820
6.648	 2.01	 1	 -42.3207	  172.8262
6.764	 2.14	 1	 -43.1437	  172.5712
6.785	 2.53	 1	 -43.5059	  173.6162
6.801	 2.42	 1	 -42.8522	  172.3215
6.807	 2.16	 1	 -41.8421	  174.2829
6.809	 2.68	 1	 -42.5286	  173.1862
6.882	 2.82	 1	 -42.2070	  173.8145
6.931	 2.11	 1	 -42.6237	  173.7363
6.934	 2.31	 1	 -42.2967	  174.0976
6.938	 2.17	 1	 -42.7002	  173.4533
6.991	 2.28	 1	 -42.5797	  173.1358
7.002	 2.58	 1	 -41.6780	  174.3496
7.080	 2.36	 1	 -42.5647	  173.6725
7.086	 2.72	 1	 -42.6468	  172.7896
7.088	 2.73	 1	 -42.0259	  173.8141
7.101	 2.62	 1	 -42.7625	  173.4897
7.147	 2.01	 1	 -42.2023	  173.5543
7.154	 2.17	 1	 -41.8601	  174.0417
7.225	 2.12	 1	 -43.7947	  174.0707
7.236	 2.51	 1	 -42.1822	  173.8508
7.242	 2.12	 1	 -43.2844	  173.8223
7.323	 2.15	 1	 -42.0788	  172.7585
7.366	 2.02	 1	 -41.8013	  174.0367
7.378	 2.31	 1	 -42.1615	  173.9422
7.479	 2.17	 1	 -41.8575	  175.5262
7.494	 2.08	 1	 -41.6732	  174.2374
7.508	 2.25	 1	 -42.4397	  173.7558
7.546	 2.37	 1	 -42.2096	  172.5069
7.546	 2.42	 1	 -41.7425	  174.2424
7.564	 2.72	 1	 -42.5676	  171.9914
7.604	 3.07	 1	 -45.1357	  171.1473
7.670	 2.05	 1	 -42.6066	  175.2259
7.689	 2.07	 1	 -42.8589	  173.0919
7.712	 2.51	 1	 -40.3692	  178.2600
7.730	 2.52	 1	 -42.6202	  173.3025
7.731	 2.48	 1	 -42.4691	  173.0956
7.739	 2.38	 1	 -42.6311	  172.9252
7.800	 2.28	 1	 -42.5988	  173.1387
7.846	 2.27	 1	 -45.8892	  172.2171
7.846	 2.66	 1	 -42.6683	  172.8600
7.932	 3.33	 1	 -42.4692	  173.1505
7.959	 2.07	 1	 -42.6388	  172.5874
8.044	 2.13	 1	 -42.3750	  173.2813
8.047	 2.18	 2	 -42.4354	  173.1639
8.054	 2.53	 1	 -42.8832	  173.7312
8.095	 3.12	 1	 -42.0846	  173.8427
8.117	 2.10	 1	 -41.8152	  173.9467
8.131	 2.04	 1	 -42.6708	  173.4751
8.138	 2.05	 1	 -41.9927	  173.9379
8.177	 2.16	 1	 -42.8975	  172.8516
8.212	 2.07	 1	 -41.9747	  173.9966
8.242	 2.76	 1	 -43.5174	  171.5171
8.247	 2.33	 1	 -42.2823	  173.4830
8.335	 2.95	 1	 -41.9265	  173.2895
8.336	 2.89	 1	 -41.7845	  173.1835
8.354	 2.18	 1	 -42.0006	  173.7150
8.360	 2.15	 1	 -41.6812	  174.2238
8.365	 3.46	 1	 -43.0614	  172.7986
8.423	 2.73	 1	 -41.1477	  173.6304
8.424	 2.71	 1	 -41.7774	  174.2530
8.445	 3.38	 1	 -42.3990	  172.8846
8.476	 2.54	 1	 -41.6516	  174.0868
8.478	 2.38	 1	 -41.9517	  173.6936
8.493	 2.35	 1	 -47.1741	  173.5214
8.521	 2.51	 1	 -42.5028	  173.0959
8.568	 2.36	 1	 -42.7925	  173.0077
8.581	 2.02	 1	 -42.6924	  172.7257
8.614	 2.12	 1	 -42.8884	  173.5914
8.673	 2.09	 1	 -43.0871	  173.0731
8.719	 2.31	 1	 -42.9943	  174.4374
8.739	 2.08	 1	 -42.6083	  172.8092
8.759	 2.16	 1	 -41.7185	  174.2734
8.768	 2.04	 1	 -41.9171	  172.0778
8.830	 2.37	 1	 -42.2967	  173.9245
8.837	 2.04	 2	 -42.4487	  173.4716
8.841	 2.69	 1	 -43.1109	  173.5075
8.895	 2.27	 1	 -42.4009	  173.8336
8.898	 3.10	 1	 -42.7464	  173.0447
8.946	 2.63	 1	 -41.5701	  174.2642
8.956	 2.18	 1	 -42.5893	  173.0026
8.959	 2.09	 1	 -42.4845	  173.0236
9.108	 2.46	 1	 -42.0347	  173.6378
9.184	 2.40	 1	 -42.6863	  173.1878
9.188	 2.40	 1	 -42.8152	  172.9896
9.194	 2.48	 1	 -41.9882	  174.0919
9.225	 3.05	 1	 -42.5415	  173.4354
9.304	 2.87	 1	 -42.2157	  173.5258
9.341	 2.20	 1	 -42.7521	  173.9308
9.387	 2.29	 1	 -42.3848	  173.4559
9.393	 2.12	 1	 -41.8005	  173.9547
9.411	 2.25	 1	 -42.8957	  173.3701
9.426	 2.02	 1	 -42.4969	  173.6002
9.430	 2.11	 1	 -42.5549	  173.0498
9.452	 2.88	 1	 -41.6767	  173.8111
9.454	 3.23	 1	 -43.0111	  168.6122
9.582	 2.09	 1	 -41.7753	  174.2359
9.588	 2.63	 1	 -41.4470	  173.0609
9.608	 2.04	 1	 -42.5935	  172.1211
9.627	 2.16	 1	 -42.8996	  173.4188
9.635	 2.77	 1	 -42.4013	  173.6311
9.703	 2.29	 1	 -44.3048	  178.7332
9.718	 2.35	 1	 -42.1408	  174.4355
9.732	 2.16	 2	 -42.6382	  173.8837
9.804	 2.15	 1	 -42.2387	  173.7111
9.821	 3.74	 1	 -42.2196	  173.1245
9.885	 2.02	 1	 -42.2238	  173.6558
9.917	 2.14	 1	 -42.4022	  173.0442
9.925	 2.37	 1	 -43.2301	  173.1172
9.943	 2.16	 1	 -42.2671	  173.4141
9.967	 2.45	 1	 -40.7574	  172.8392
9.968	 2.12	 1	 -42.4013	  173.0974
9.993	 2.51	 1	 -43.0341	  172.8711
9.994	 2.49	 1	 -42.4577	  173.7042
10.021	 2.32	 1	 -42.6060	  173.7461
10.043	 2.13	 1	 -43.0107	  172.8058
10.073	 2.25	 1	 -42.1087	  172.1288
10.097	 2.01	 1	 -42.4784	  173.7641
10.188	 2.09	 1	 -42.1774	  173.6271
10.190	 2.28	 1	 -42.2306	  173.7094
10.190	 2.27	 1	 -42.6468	  173.6193
10.198	 2.23	 1	 -42.8626	  172.3078
10.250	 2.06	 1	 -42.6272	  173.4482
10.346	 2.81	 1	 -43.1469	  174.9111
10.484	 2.32	 1	 -42.6525	  172.9417
10.484	 2.22	 1	 -42.7865	  172.7238
10.637	 2.07	 1	 -43.4416	  172.6833
10.642	 2.58	 1	 -42.4078	  172.0265
10.647	 2.60	 1	 -42.1045	  173.5684
10.652	 2.84	 1	 -43.1415	  172.3982
10.713	 2.92	 1	 -41.8035	  174.2626
10.730	 2.73	 1	 -41.9228	  174.3578
10.795	 2.29	 1	 -41.8376	  174.3779
10.818	 2.22	 1	 -42.4830	  179.1333
10.947	 2.11	 1	 -41.8998	  173.9531
11.018	 2.07	 1	 -42.7844	  172.9395
11.065	 2.05	 1	 -42.2224	  173.6800
11.078	 2.11	 1	 -42.9579	  170.5664
11.094	 2.40	 1	 -42.3590	  172.5282
11.107	 2.29	 1	 -41.7638	  174.3536
11.136	 2.57	 1	 -43.3791	  173.6429
11.187	 2.54	 1	 -43.1643	  173.1517
11.322	 2.31	 1	 -42.1817	  171.8416
11.350	 3.11	 1	 -41.8273	  174.1672
11.377	 2.54	 1	 -42.3077	  173.9004
11.407	 2.18	 1	 -42.7361	  172.1853
11.430	 2.78	 1	 -42.7723	  171.8934
11.456	 2.49	 1	 -42.8592	  170.4921
11.515	 2.26	 1	 -42.4343	  172.9815
11.568	 2.11	 1	 -42.2380	  173.0051
11.584	 2.40	 1	 -42.4811	  172.7572
11.634	 2.17	 1	 -41.6765	  173.1042
11.710	 2.44	 1	 -42.6621	  173.2125
11.867	 3.31	 1	 -42.2358	  173.6020
11.932	 2.16	 1	 -42.8934	  172.8239
12.010	 2.09	 1	 -41.7745	  173.3262
12.081	 2.34	 1	 -42.0504	  173.6392
12.089	 2.07	 1	 -42.2841	  172.0204
12.126	 2.18	 1	 -43.0887	  173.3078
12.164	 3.10	 1	 -41.8419	  173.2685
12.199	 4.15	 1	 -42.2297	  173.6925
12.232	 2.21	 1	 -42.3443	  173.7067
12.260	 2.30	 1	 -42.2943	  173.7140
12.287	 3.41	 1	 -42.2366	  173.6430
12.314	 3.03	 1	 -41.7878	  174.2001
12.378	 2.40	 1	 -42.6160	  172.9900
12.426	 2.55	 1	 -44.1598	  167.2392
12.486	 2.09	 1	 -42.6759	  172.8309
12.508	 2.18	 1	 -38.2552	  176.5134
12.553	 2.40	 1	 -42.2259	  173.4736
12.567	 2.26	 1	 -42.9313	  173.6046
12.769	 2.18	 1	 -42.4696	  172.8081
12.802	 2.12	 1	 -42.8358	  172.6013
12.804	 2.22	 1	 -42.3213	  173.1689
12.810	 2.87	 1	 -42.6931	  172.9518
12.845	 2.78	 1	 -43.0326	  173.1919
12.932	 2.22	 1	 -41.7840	  173.9538
12.938	 2.38	 1	 -41.0508	  173.8790
13.050	 3.10	 1	 -42.8302	  173.2038
13.050	 2.50	 1	 -41.9866	  176.5348
13.148	 2.31	 1	 -41.1613	  172.7188
13.198	 2.08	 1	 -40.8582	  168.6521
13.203	 2.25	 1	 -41.8939	  173.9682
13.215	 2.42	 1	 -38.8819	  176.2701
13.290	 3.13	 1	 -42.5477	  172.7246
13.320	 2.10	 1	 -43.5870	  173.3339
13.377	 2.27	 1	 -47.1886	  173.1210
13.400	 3.28	 1	 -42.1630	  173.5928
13.547	 2.26	 1	 -42.6858	  172.7895
13.596	 2.37	 1	 -42.1504	  173.5618
13.630	 2.56	 1	 -47.0760	  171.6586
13.645	 2.28	 1	 -43.0971	  173.4409
13.704	 2.70	 1	 -42.5849	  173.1158
13.713	 2.41	 1	 -43.0549	  172.6713
13.733	 2.08	 1	 -42.6734	  172.8514
13.805	 2.30	 1	 -44.5227	  176.4007
13.824	 2.25	 1	 -41.7229	  173.0327
13.905	 2.00	 1	 -42.4136	  173.7978
14.110	 2.23	 1	 -41.7340	  174.2688
14.119	 2.29	 1	 -42.1609	  173.7110
14.239	 2.27	 1	 -38.1978	  173.2003
14.255	 2.56	 1	 -42.6954	  172.8199
14.268	 2.00	 1	 -42.6254	  173.5760
14.285	 2.23	 1	 -42.3976	  173.7621
14.313	 2.22	 1	 -41.7430	  174.1094
14.319	 2.96	 1	 -42.3645	  173.1309
14.332	 2.23	 1	 -42.6696	  173.2334
14.376	 3.45	 1	 -43.1156	  172.8186
