# Simulation 734
# RelativeTime(days) Magnitude Generation Latitude Longitude
Time Mag Gen Lat Lon
0.083	 2.81	 1	 -44.5760	  172.7322
0.084	 2.16	 1	 -42.1332	  173.5885
0.084	 2.28	 1	 -42.5530	  173.0419
0.084	 2.41	 1	 -42.3259	  173.6832
0.085	 4.26	 1	 -46.7731	  175.5923
0.085	 2.25	 1	 -42.6388	  173.6678
0.085	 2.10	 1	 -42.5033	  173.2575
0.085	 2.10	 1	 -42.2927	  173.6159
0.085	 2.39	 1	 -38.7969	  172.6764
0.085	 2.71	 1	 -42.3079	  173.4962
0.086	 2.09	 1	 -42.3016	  173.6310
0.086	 2.57	 1	 -42.6437	  173.8466
0.088	 2.13	 1	 -42.5493	  173.3014
0.088	 2.20	 1	 -44.1764	  174.3540
0.088	 2.08	 1	 -42.2613	  173.6618
0.090	 2.39	 1	 -41.8491	  173.5388
0.090	 2.33	 1	 -42.0602	  173.8092
0.091	 2.11	 1	 -43.0160	  173.1291
0.091	 2.35	 1	 -42.6139	  173.5729
0.091	 2.77	 1	 -41.8442	  173.7559
0.091	 2.39	 1	 -42.8650	  173.7077
0.092	 2.27	 1	 -42.3608	  172.8723
0.092	 2.06	 1	 -42.4736	  173.9009
0.092	 2.26	 1	 -41.0655	  171.4172
0.092	 2.34	 1	 -39.3542	  177.1207
0.092	 2.37	 1	 -42.7284	  173.8767
0.093	 2.11	 1	 -42.2487	  173.6107
0.093	 2.36	 1	 -42.2436	  173.5748
0.093	 2.69	 1	 -41.7539	  174.1327
0.094	 2.36	 1	 -42.4408	  173.7382
0.094	 2.20	 1	 -41.9125	  173.9967
0.095	 2.54	 1	 -40.6118	  174.7710
0.095	 2.04	 1	 -45.2282	  169.5538
0.096	 2.16	 1	 -41.8041	  174.2407
0.096	 2.11	 1	 -42.4621	  172.3629
0.096	 2.63	 1	 -41.7827	  174.2029
0.096	 2.17	 1	 -42.0473	  173.6973
0.096	 2.08	 1	 -41.9328	  173.6512
0.097	 2.35	 1	 -42.2646	  173.5512
0.097	 2.03	 1	 -42.8082	  173.1280
0.097	 2.25	 1	 -42.3950	  173.9126
0.097	 3.30	 1	 -42.5319	  173.6167
0.098	 2.13	 1	 -42.4305	  173.3500
0.098	 2.28	 1	 -42.0389	  173.7415
0.099	 2.30	 1	 -42.5574	  171.8867
0.100	 2.81	 1	 -42.6166	  172.3578
0.100	 2.00	 1	 -42.4143	  173.7812
0.101	 2.32	 1	 -41.6948	  174.3535
0.102	 2.10	 1	 -42.2495	  173.5381
0.103	 2.24	 1	 -42.1777	  173.5587
0.104	 2.96	 1	 -39.5897	  174.0406
0.104	 2.83	 1	 -42.8071	  173.4040
0.104	 2.05	 1	 -42.8609	  174.2907
0.104	 2.64	 1	 -42.2003	  173.6503
0.104	 2.25	 1	 -42.2687	  173.6923
0.104	 2.46	 1	 -42.2833	  173.5544
0.105	 2.53	 1	 -41.8095	  174.2398
0.106	 2.31	 1	 -41.3698	  174.0045
0.106	 2.23	 1	 -42.4087	  173.3846
0.106	 3.61	 1	 -41.9248	  175.2320
0.106	 2.78	 1	 -42.6220	  172.6495
0.107	 2.06	 1	 -42.3062	  173.7511
0.107	 2.66	 1	 -42.5523	  173.1173
0.107	 2.56	 1	 -42.7625	  172.4150
0.107	 2.47	 1	 -41.7043	  174.2818
0.108	 2.21	 1	 -42.9818	  173.0899
0.108	 2.17	 1	 -41.8095	  174.1269
0.109	 2.45	 1	 -42.0687	  173.6967
0.109	 2.56	 1	 -42.3821	  173.0823
0.109	 2.01	 1	 -42.5167	  173.1069
0.110	 2.00	 1	 -42.8158	  174.0573
0.110	 2.45	 1	 -44.0056	  174.7374
0.110	 2.31	 1	 -43.0515	  173.2292
0.112	 2.51	 1	 -42.1310	  174.1088
0.112	 2.69	 1	 -41.7239	  174.2708
0.113	 2.34	 1	 -41.8493	  172.3013
0.114	 2.07	 1	 -42.2357	  173.5538
0.115	 2.10	 1	 -42.3902	  173.1019
0.115	 2.02	 1	 -41.7230	  174.3173
0.116	 2.51	 1	 -42.1112	  173.0895
0.117	 3.81	 1	 -42.0368	  171.5914
0.118	 2.17	 1	 -42.3978	  173.7393
0.118	 3.05	 1	 -42.5729	  175.6899
0.118	 2.01	 1	 -42.6708	  172.3751
0.118	 2.16	 1	 -38.3552	  171.4082
0.120	 2.02	 1	 -43.2586	  173.7508
0.121	 2.83	 1	 -41.1652	  175.6571
0.121	 2.45	 1	 -41.0943	  168.4558
0.122	 2.26	 1	 -41.8648	  171.2776
0.122	 2.66	 1	 -42.0620	  173.7342
0.123	 2.07	 1	 -42.4287	  173.7861
0.123	 3.50	 1	 -42.2580	  173.6560
0.123	 2.10	 1	 -42.7314	  172.6955
0.124	 2.51	 1	 -41.3434	  173.6298
0.124	 2.18	 1	 -42.2910	  173.6255
0.125	 2.34	 1	 -42.1473	  173.4673
0.126	 3.94	 2	 -46.7745	  175.5848
0.126	 2.01	 1	 -41.7577	  174.1873
0.127	 2.32	 1	 -42.2728	  173.6560
0.128	 3.41	 1	 -42.6034	  172.4355
0.128	 2.02	 1	 -42.5851	  173.0881
0.129	 2.03	 1	 -42.2384	  173.8498
0.129	 2.64	 1	 -42.2034	  173.8333
0.129	 2.51	 1	 -41.8131	  173.8911
0.130	 2.63	 1	 -41.6580	  173.2306
0.131	 2.65	 1	 -42.3269	  173.7274
0.131	 2.29	 1	 -42.6083	  172.6856
0.131	 2.11	 1	 -42.6940	  172.8786
0.132	 2.56	 1	 -41.6833	  176.1998
0.132	 2.01	 1	 -42.9380	  175.5744
0.132	 2.61	 1	 -42.1965	  173.1978
0.133	 2.53	 1	 -42.5428	  172.7872
0.133	 2.65	 1	 -39.8338	  177.7444
0.134	 2.25	 1	 -41.8669	  174.5050
0.134	 4.30	 1	 -42.2587	  172.0573
0.136	 2.51	 1	 -43.8700	  172.6004
0.136	 2.60	 1	 -42.4454	  172.5116
0.137	 2.06	 1	 -42.5195	  173.1665
0.137	 2.02	 1	 -42.1508	  173.7353
0.139	 2.34	 1	 -43.0986	  173.3178
0.139	 2.16	 1	 -41.6260	  173.5482
0.139	 3.09	 1	 -41.7161	  174.3320
0.139	 2.65	 1	 -42.8568	  172.4698
0.140	 2.60	 1	 -41.2077	  168.1231
0.140	 2.38	 1	 -42.1873	  173.5275
0.140	 2.10	 1	 -42.8738	  173.3051
0.140	 3.15	 1	 -42.1681	  173.8113
0.141	 2.09	 1	 -42.1930	  173.6080
0.142	 2.34	 1	 -42.5142	  173.3635
0.144	 2.48	 1	 -43.7350	  173.6738
0.145	 2.35	 1	 -42.9144	  172.5810
0.145	 2.10	 1	 -41.9330	  172.8588
0.146	 4.89	 1	 -41.8720	  173.5073
0.148	 2.15	 1	 -42.2706	  173.2318
0.149	 2.02	 1	 -42.7456	  172.3670
0.149	 2.09	 1	 -41.7880	  174.2117
0.149	 2.28	 1	 -41.8736	  173.9098
0.149	 2.13	 1	 -42.6233	  172.8675
0.150	 2.20	 1	 -41.9802	  173.6800
0.150	 2.18	 2	 -42.2505	  173.6599
0.150	 2.82	 1	 -41.7534	  174.3642
0.152	 2.19	 1	 -42.6496	  172.9348
0.152	 3.01	 1	 -42.2580	  173.4501
0.155	 2.41	 1	 -42.1591	  172.5675
0.155	 2.34	 1	 -42.1342	  173.8260
0.155	 3.32	 1	 -42.4636	  173.8751
0.157	 2.42	 1	 -41.9684	  173.4943
0.158	 2.84	 1	 -42.5319	  173.8654
0.158	 2.18	 1	 -42.0466	  173.8157
0.159	 2.05	 1	 -42.7065	  173.1213
0.159	 2.69	 1	 -41.9819	  173.6779
0.161	 2.70	 1	 -42.1580	  173.6331
0.161	 2.11	 1	 -41.6534	  174.3012
0.161	 2.15	 1	 -41.8888	  173.6972
0.161	 2.29	 1	 -42.4452	  173.7523
0.162	 2.21	 1	 -41.8636	  173.9731
0.162	 2.11	 1	 -42.0168	  173.7952
0.163	 2.24	 1	 -43.7193	  172.3967
0.163	 2.67	 1	 -42.5555	  173.2142
0.164	 2.05	 1	 -41.7883	  174.1970
0.164	 3.02	 1	 -41.6991	  174.2864
0.164	 3.09	 1	 -41.7292	  172.8154
0.166	 2.47	 1	 -42.6447	  172.8538
0.166	 2.24	 1	 -42.6826	  173.4014
0.166	 2.43	 1	 -42.6491	  171.3647
0.167	 2.12	 1	 -42.6192	  173.0160
0.168	 2.31	 1	 -42.1137	  173.7168
0.168	 2.00	 1	 -42.7978	  174.3942
0.168	 2.67	 1	 -38.4532	  170.9825
0.168	 2.42	 1	 -43.7441	  175.2874
0.169	 2.91	 1	 -45.0182	  173.3692
0.169	 2.39	 1	 -43.3472	  172.5399
0.170	 2.28	 1	 -42.0456	  173.7121
0.172	 2.11	 1	 -42.8946	  173.1874
0.173	 2.18	 1	 -42.0346	  173.7329
0.173	 2.30	 1	 -42.8405	  172.0439
0.173	 2.53	 1	 -42.5484	  173.1302
0.173	 2.47	 1	 -42.2192	  173.6567
0.173	 2.40	 1	 -42.8603	  173.9701
0.174	 2.53	 1	 -42.7349	  172.7828
0.174	 2.19	 1	 -42.0658	  173.1410
0.174	 2.33	 1	 -42.1997	  173.5918
0.175	 2.15	 1	 -41.7299	  174.1538
0.175	 3.24	 1	 -42.3535	  174.5162
0.176	 3.49	 1	 -42.5318	  173.0312
0.177	 2.61	 1	 -42.4370	  173.3427
0.177	 2.21	 1	 -42.1519	  173.6587
0.178	 2.38	 1	 -42.0263	  173.7970
0.178	 4.03	 1	 -43.3455	  172.8544
0.178	 2.05	 1	 -44.9928	  173.2296
0.180	 2.98	 1	 -42.3239	  173.7432
0.180	 2.21	 1	 -42.2018	  172.1430
0.180	 2.12	 1	 -42.3219	  173.4532
0.182	 2.35	 1	 -41.4571	  172.7804
0.183	 2.47	 1	 -38.4513	  171.9780
0.184	 2.63	 1	 -42.2879	  172.3985
0.185	 2.82	 1	 -41.6166	  174.0366
0.185	 2.06	 1	 -42.4146	  172.8971
0.186	 2.06	 1	 -43.0959	  172.4566
0.186	 2.70	 1	 -42.0919	  173.6749
0.186	 2.88	 1	 -42.1721	  173.5607
0.186	 2.39	 1	 -42.4504	  172.8510
0.186	 2.10	 1	 -42.9932	  172.0989
0.191	 2.61	 1	 -42.9504	  172.7482
0.192	 2.55	 1	 -42.1192	  173.6451
0.192	 2.43	 1	 -42.3394	  173.4902
0.193	 2.20	 1	 -41.8787	  173.7836
0.193	 2.26	 1	 -42.8944	  173.3073
0.193	 2.22	 1	 -42.0270	  173.6977
0.194	 2.03	 1	 -42.0602	  173.4658
0.194	 2.17	 1	 -42.7246	  172.7955
0.195	 2.19	 1	 -42.3874	  173.9012
0.196	 2.29	 1	 -41.7588	  174.2230
0.196	 2.21	 1	 -41.8493	  174.1772
0.196	 2.43	 1	 -42.0333	  173.3269
0.196	 2.17	 1	 -44.1239	  175.6194
0.196	 2.30	 1	 -41.8733	  174.1911
0.197	 2.48	 1	 -40.4575	  167.7136
0.197	 2.38	 1	 -42.0628	  173.5398
0.197	 2.19	 1	 -42.2612	  173.6691
0.197	 2.01	 1	 -42.5954	  172.7649
0.198	 2.15	 1	 -42.2227	  173.8107
0.198	 3.80	 1	 -42.3065	  173.5146
0.200	 3.00	 1	 -42.6310	  171.1438
0.201	 3.27	 1	 -41.7784	  174.3800
0.202	 3.19	 1	 -42.1962	  173.5944
0.203	 2.49	 1	 -42.0379	  173.7614
0.205	 2.17	 1	 -42.7538	  174.5930
0.205	 2.18	 1	 -42.6777	  172.8895
0.205	 2.39	 1	 -47.1886	  172.9294
0.206	 2.40	 1	 -42.2243	  173.6707
0.206	 2.03	 1	 -42.4458	  172.4090
0.207	 2.52	 1	 -42.0658	  173.4704
0.207	 2.21	 1	 -42.5548	  173.2510
0.207	 3.08	 1	 -42.5369	  172.9064
0.208	 3.45	 1	 -40.9692	  174.3983
0.210	 2.29	 1	 -42.8590	  173.1863
0.210	 3.09	 1	 -42.2266	  174.7489
0.210	 2.21	 1	 -42.0168	  174.5734
0.211	 2.94	 1	 -42.4072	  173.7729
0.212	 2.48	 1	 -42.5311	  173.0476
0.212	 2.60	 1	 -41.9003	  174.0068
0.212	 2.42	 1	 -42.9050	  173.4721
0.213	 3.67	 1	 -41.8579	  173.9314
0.213	 2.26	 1	 -42.3758	  172.7431
0.215	 2.72	 1	 -40.8524	  169.0069
0.217	 2.47	 1	 -41.8734	  174.1628
0.217	 2.56	 1	 -41.8554	  174.1605
0.218	 2.02	 1	 -41.5554	  167.1032
0.218	 2.14	 1	 -43.3020	  170.8687
0.219	 2.05	 2	 -41.8928	  173.4968
0.219	 3.14	 1	 -42.3573	  173.7201
0.219	 2.21	 1	 -42.5759	  173.2351
0.222	 2.05	 1	 -42.4778	  174.1954
0.224	 2.62	 1	 -42.8356	  173.5348
0.224	 2.63	 1	 -41.8828	  174.0220
0.226	 2.73	 1	 -42.8224	  173.3492
0.226	 2.21	 1	 -42.9036	  172.5983
0.226	 2.09	 1	 -41.7805	  174.5123
0.228	 3.27	 1	 -42.4181	  172.5916
0.229	 2.26	 1	 -42.4433	  173.5669
0.230	 2.24	 1	 -41.7200	  174.0260
0.230	 2.09	 1	 -41.4188	  174.9479
0.231	 2.22	 1	 -42.1268	  173.7381
0.232	 2.34	 1	 -42.3422	  173.3925
0.232	 2.22	 1	 -42.7168	  173.3543
0.233	 3.27	 1	 -42.6068	  176.5875
0.234	 2.01	 1	 -42.3988	  173.9602
0.234	 2.15	 1	 -41.7692	  174.1908
0.236	 2.74	 1	 -42.2527	  173.7163
0.236	 2.10	 1	 -42.1089	  173.7516
0.237	 2.58	 1	 -42.8005	  172.1395
0.238	 2.30	 1	 -42.7205	  172.4192
0.238	 2.25	 1	 -42.6046	  173.4805
0.241	 2.11	 1	 -42.8512	  174.4117
0.242	 2.04	 1	 -42.8890	  172.9707
0.243	 2.18	 1	 -42.8141	  173.0500
0.244	 2.84	 1	 -43.1453	  171.7973
0.245	 2.91	 1	 -42.3994	  173.7663
0.245	 3.62	 1	 -43.1953	  172.3016
0.245	 2.25	 1	 -42.1816	  173.8270
0.248	 2.03	 1	 -41.8881	  174.0475
0.248	 2.79	 1	 -41.7619	  174.4878
0.249	 2.11	 1	 -42.4976	  173.1415
0.251	 2.10	 1	 -42.0389	  173.1292
0.253	 2.26	 1	 -42.3108	  173.9943
0.253	 2.96	 1	 -42.6641	  173.6827
0.253	 2.36	 2	 -41.7292	  172.8168
0.253	 2.06	 1	 -42.6099	  173.2182
0.256	 2.06	 1	 -42.0974	  173.4682
0.256	 2.95	 1	 -38.4936	  172.1190
0.257	 2.61	 1	 -41.0382	  173.6232
0.257	 2.35	 1	 -42.5643	  173.0891
0.258	 2.18	 1	 -41.6719	  176.6157
0.258	 2.11	 1	 -45.1047	  171.9206
0.258	 3.04	 1	 -43.2255	  175.1714
0.260	 3.36	 1	 -41.9973	  173.7343
0.260	 2.07	 1	 -41.7410	  174.2899
0.262	 2.03	 1	 -43.6996	  173.3427
0.262	 2.19	 1	 -43.4041	  172.9007
0.264	 2.30	 1	 -43.0075	  171.9061
0.265	 2.37	 1	 -42.2553	  173.6314
0.266	 2.08	 1	 -42.5529	  173.1401
0.266	 2.15	 1	 -42.2076	  173.6693
0.266	 2.20	 1	 -42.4782	  172.6174
0.268	 2.08	 1	 -41.6790	  174.2721
0.268	 2.46	 1	 -42.5282	  172.8782
0.268	 2.39	 1	 -42.8224	  172.7937
0.268	 2.32	 1	 -41.7742	  174.2359
0.268	 3.36	 1	 -42.0114	  173.6680
0.268	 2.06	 1	 -41.7818	  173.9799
0.269	 2.01	 1	 -42.4204	  173.4231
0.269	 2.23	 1	 -44.0034	  172.0479
0.269	 2.07	 1	 -42.1235	  173.5894
0.270	 3.42	 1	 -41.7968	  173.9816
0.271	 2.19	 1	 -38.2209	  172.3787
0.272	 2.29	 1	 -42.8336	  174.3755
0.272	 2.63	 1	 -43.3703	  173.1240
0.274	 2.33	 1	 -42.6015	  173.5640
0.275	 3.07	 1	 -42.0604	  173.6298
0.275	 2.13	 1	 -41.8714	  173.7360
0.275	 2.40	 1	 -41.8826	  174.2190
0.275	 2.15	 1	 -41.9131	  173.7920
0.277	 3.86	 1	 -43.0983	  173.7120
0.277	 2.47	 1	 -41.7193	  174.2404
0.277	 2.31	 1	 -41.8554	  173.2749
0.277	 2.86	 1	 -41.9569	  173.9522
0.278	 2.83	 1	 -42.4212	  173.2175
0.278	 2.08	 1	 -42.0589	  173.2999
0.279	 2.28	 1	 -40.1080	  173.9823
0.279	 2.46	 1	 -38.4556	  175.0712
0.281	 2.20	 1	 -42.8627	  172.8789
0.281	 3.45	 2	 -41.7910	  173.9764
0.282	 2.17	 1	 -42.9661	  172.2234
0.282	 2.54	 1	 -39.6597	  175.4843
0.285	 2.07	 1	 -42.4575	  173.1009
0.286	 2.17	 1	 -42.7539	  173.1479
0.286	 2.76	 1	 -42.5958	  172.9052
0.287	 2.11	 1	 -41.8915	  174.1212
0.287	 2.39	 1	 -43.8433	  173.0032
0.287	 2.08	 1	 -42.6203	  173.9577
0.288	 2.21	 1	 -41.8620	  174.2072
0.289	 2.00	 1	 -42.3663	  173.6567
0.289	 2.07	 1	 -42.6899	  172.9486
0.291	 2.08	 1	 -44.2443	  174.4108
0.291	 2.33	 1	 -41.6958	  174.2658
0.292	 3.12	 1	 -42.9101	  172.8891
0.293	 2.19	 2	 -43.0854	  173.8241
0.293	 2.11	 1	 -42.4398	  173.2580
0.293	 2.44	 1	 -42.8999	  172.9462
0.296	 2.10	 2	 -41.8365	  173.5447
0.297	 3.16	 1	 -42.5849	  173.8962
0.297	 2.68	 1	 -42.6604	  173.7043
0.298	 2.05	 1	 -41.7282	  174.2344
0.299	 2.53	 1	 -41.6018	  174.0182
0.299	 2.04	 1	 -42.4598	  173.4158
0.299	 2.75	 1	 -42.3683	  173.8344
0.301	 2.05	 1	 -42.1903	  173.3336
0.301	 2.40	 1	 -41.7486	  173.7971
0.301	 2.63	 1	 -40.8551	  178.5817
0.302	 2.48	 1	 -42.3662	  173.6013
0.303	 2.11	 1	 -42.8752	  173.8176
0.303	 2.11	 1	 -42.1750	  173.7319
0.304	 2.23	 1	 -42.9012	  173.1742
0.306	 2.14	 2	 -42.9097	  172.9009
0.308	 2.01	 1	 -41.8120	  174.1495
0.309	 4.30	 1	 -42.9680	  173.5598
0.312	 2.48	 2	 -46.7742	  175.6041
0.312	 2.13	 1	 -41.9853	  173.7048
0.314	 2.18	 1	 -41.7848	  174.0599
0.314	 2.32	 1	 -41.7830	  173.6639
0.316	 2.02	 1	 -42.2284	  173.4519
0.317	 2.01	 1	 -39.2803	  177.0064
0.319	 2.15	 1	 -42.4193	  173.2967
0.320	 2.29	 1	 -41.9918	  173.8850
0.322	 2.43	 1	 -42.1972	  173.4127
0.326	 3.46	 1	 -42.2702	  173.6266
0.327	 2.06	 1	 -41.8070	  173.0213
0.330	 2.30	 1	 -42.8216	  172.7416
0.332	 2.23	 1	 -43.5351	  179.0316
0.332	 4.45	 2	 -42.2501	  173.6599
0.334	 2.49	 1	 -42.2279	  172.9670
0.334	 2.15	 1	 -42.3325	  173.8552
0.336	 2.19	 1	 -42.8261	  173.4379
0.337	 2.05	 1	 -42.5821	  173.8560
0.339	 2.16	 1	 -42.5435	  173.0551
0.339	 2.61	 1	 -42.1663	  173.6501
0.340	 2.24	 1	 -44.6300	  167.5013
0.340	 2.14	 1	 -41.6282	  172.1369
0.341	 2.06	 2	 -42.1980	  173.8303
0.342	 2.05	 1	 -42.2786	  173.8087
0.342	 2.84	 1	 -42.1603	  175.8820
0.344	 2.46	 1	 -41.8623	  173.9289
0.347	 2.12	 1	 -43.0534	  173.1015
0.349	 2.02	 1	 -42.4958	  173.8482
0.349	 2.02	 1	 -43.4262	  172.2150
0.350	 2.00	 1	 -43.2800	  171.3934
0.352	 3.16	 1	 -42.5525	  173.1673
0.354	 2.00	 1	 -42.5235	  173.1487
0.354	 3.76	 1	 -42.4047	  179.1274
0.356	 2.53	 1	 -42.6859	  172.8825
0.357	 2.60	 1	 -40.9034	  174.8858
0.358	 2.07	 1	 -42.8606	  173.0940
0.359	 2.19	 1	 -41.6931	  174.2917
0.360	 2.17	 1	 -42.1693	  173.6613
0.361	 2.02	 1	 -41.6749	  173.5763
0.361	 2.15	 1	 -41.7617	  174.2677
0.363	 2.28	 1	 -42.1393	  173.6155
0.365	 2.01	 1	 -42.0119	  173.7614
0.365	 2.36	 1	 -42.8985	  179.5992
0.367	 2.81	 1	 -42.4397	  173.8602
0.369	 3.45	 1	 -42.1799	  174.0760
0.369	 2.01	 1	 -43.3499	  171.6128
0.369	 3.60	 1	 -42.2344	  173.6302
0.372	 2.18	 1	 -42.2524	  172.1919
0.374	 2.31	 1	 -42.2561	  173.7261
0.375	 2.24	 1	 -43.0229	  173.4884
0.376	 2.72	 1	 -45.1470	  178.3145
0.377	 3.45	 1	 -43.1958	  175.8859
0.379	 2.22	 1	 -42.6879	  172.8722
0.381	 2.33	 1	 -42.4120	  172.8099
0.381	 3.50	 3	 -42.2810	  173.5754
0.382	 3.40	 1	 -42.4948	  172.7730
0.382	 2.55	 1	 -41.7940	  174.2811
0.384	 2.14	 1	 -42.7786	  173.0815
0.384	 2.16	 1	 -42.4710	  172.1290
0.386	 2.48	 1	 -42.7059	  172.6340
0.386	 3.30	 1	 -41.8871	  173.9279
0.386	 2.97	 1	 -42.5400	  173.5628
0.386	 2.41	 1	 -41.6611	  174.2694
0.386	 2.57	 1	 -42.4370	  173.2699
0.387	 2.10	 1	 -43.0841	  173.7907
0.387	 2.87	 1	 -42.7457	  173.3179
0.388	 2.68	 1	 -42.0232	  173.6648
0.388	 2.01	 1	 -42.7268	  171.5971
0.389	 2.99	 1	 -43.6017	  172.5222
0.392	 2.00	 1	 -41.6632	  174.4831
0.397	 2.12	 1	 -42.4455	  173.2449
0.398	 2.79	 1	 -42.4697	  173.8982
0.398	 2.91	 1	 -41.7743	  174.2895
0.399	 2.21	 2	 -42.2385	  172.0634
0.399	 2.48	 1	 -42.2010	  173.6621
0.399	 4.01	 1	 -43.0687	  174.3131
0.400	 2.56	 1	 -41.7156	  174.2252
0.400	 2.53	 1	 -41.8989	  174.3402
0.407	 2.57	 1	 -42.0473	  172.6465
0.408	 2.20	 1	 -42.8345	  173.0727
0.408	 2.07	 1	 -42.5660	  172.3570
0.409	 2.57	 1	 -42.5006	  173.7799
0.411	 2.77	 2	 -41.8481	  173.5387
0.411	 2.27	 1	 -42.1615	  173.8118
0.413	 2.12	 1	 -42.4201	  173.7627
0.416	 3.70	 1	 -41.7563	  174.2346
0.416	 2.01	 1	 -43.1738	  174.9227
0.417	 2.20	 1	 -42.4039	  173.0716
0.418	 2.56	 1	 -42.0268	  173.7169
0.418	 2.24	 1	 -42.2020	  173.7800
0.418	 2.41	 1	 -42.2497	  173.4791
0.419	 2.01	 1	 -42.8301	  175.4213
0.423	 3.08	 1	 -42.3275	  173.2326
0.423	 2.80	 1	 -42.6171	  172.2420
0.424	 2.57	 1	 -42.6226	  172.6074
0.425	 3.36	 1	 -42.0535	  174.0795
0.427	 2.11	 1	 -42.3219	  173.7218
0.428	 2.68	 1	 -46.5474	  176.1718
0.428	 2.00	 1	 -42.6571	  172.8688
0.429	 2.35	 1	 -42.2637	  173.6807
0.432	 2.44	 1	 -45.8816	  177.3351
0.433	 2.36	 1	 -42.2122	  173.9323
0.434	 2.21	 1	 -42.9541	  172.6694
0.435	 2.24	 1	 -42.3089	  173.8486
0.443	 2.45	 1	 -41.9601	  173.6842
0.445	 2.97	 1	 -40.7906	  167.4785
0.445	 2.03	 1	 -41.6728	  173.6300
0.447	 2.26	 1	 -42.7106	  171.9159
0.451	 2.01	 1	 -41.9084	  174.3550
0.451	 2.09	 2	 -42.4434	  173.9068
0.454	 2.66	 1	 -42.9706	  173.1006
0.455	 2.92	 1	 -42.6234	  170.6861
0.455	 2.94	 1	 -41.9796	  174.0427
0.456	 2.08	 1	 -42.2370	  173.6352
0.457	 2.17	 1	 -44.8271	  168.2882
0.459	 2.97	 1	 -41.7968	  174.4310
0.460	 2.07	 1	 -41.9018	  173.8407
0.460	 2.55	 1	 -45.3365	  176.0791
0.460	 2.02	 1	 -42.6690	  173.2898
0.461	 2.03	 1	 -42.3278	  172.6945
0.462	 2.15	 1	 -42.5166	  176.2678
0.463	 2.01	 1	 -42.7023	  172.8939
0.464	 2.86	 1	 -42.0206	  173.9637
0.465	 2.01	 1	 -41.8468	  172.2738
0.465	 2.24	 1	 -42.7549	  172.9243
0.471	 2.57	 1	 -44.4191	  167.3439
0.471	 2.53	 1	 -42.4059	  173.5634
0.472	 2.52	 1	 -43.0970	  172.9066
0.473	 3.28	 1	 -42.4356	  172.7706
0.474	 2.04	 1	 -41.6180	  174.1452
0.478	 2.06	 1	 -42.2906	  173.7988
0.479	 2.21	 1	 -44.6906	  167.5415
0.481	 2.14	 1	 -41.7660	  174.1269
0.481	 2.58	 1	 -42.0547	  173.6530
0.483	 2.52	 1	 -42.4116	  173.2931
0.483	 3.16	 1	 -45.0070	  172.1911
0.485	 2.14	 1	 -42.5373	  172.9215
0.487	 2.02	 1	 -42.0201	  173.7066
0.487	 2.52	 1	 -42.4342	  173.7800
0.487	 2.04	 1	 -42.6344	  172.9291
0.487	 2.59	 1	 -41.7989	  174.1743
0.489	 2.42	 1	 -43.7139	  173.0022
0.489	 2.30	 1	 -42.5123	  173.1182
0.492	 2.17	 1	 -42.2336	  173.1380
0.492	 2.10	 1	 -42.1516	  173.1846
0.493	 2.56	 1	 -43.0350	  172.7430
0.495	 2.13	 1	 -47.0531	  174.5157
0.497	 2.61	 1	 -41.6924	  172.6214
0.499	 2.06	 1	 -41.1773	  172.7903
0.501	 2.91	 1	 -42.4310	  173.5217
0.502	 2.18	 1	 -41.9789	  173.6330
0.503	 2.09	 1	 -43.3510	  173.6848
0.506	 2.48	 1	 -40.5797	  172.7096
0.509	 2.28	 1	 -42.9048	  173.3402
0.509	 2.18	 1	 -41.9389	  174.0387
0.512	 2.32	 1	 -42.5115	  173.2212
0.512	 2.51	 1	 -41.6910	  174.0186
0.513	 2.04	 1	 -41.9514	  173.5270
0.515	 6.57	 1	 -41.7985	  174.2137
0.515	 2.05	 2	 -41.6219	  174.2690
0.516	 2.55	 1	 -41.7443	  174.2146
0.516	 2.00	 2	 -41.9087	  174.3439
0.516	 2.08	 1	 -42.4204	  173.6388
0.518	 2.27	 2	 -41.9320	  173.7242
0.520	 2.03	 2	 -41.8680	  174.6605
0.522	 2.15	 1	 -43.2732	  172.4352
0.522	 2.52	 2	 -41.8440	  174.2510
0.523	 2.05	 2	 -41.7768	  174.2767
0.523	 2.00	 2	 -41.8026	  174.1189
0.523	 2.03	 1	 -41.8511	  170.1565
0.524	 2.38	 2	 -41.7806	  174.1714
0.524	 2.01	 2	 -43.2374	  171.8295
0.526	 2.65	 2	 -41.7754	  174.3750
0.526	 2.41	 2	 -42.9339	  175.3022
0.527	 2.11	 2	 -41.7754	  174.1382
0.527	 2.38	 1	 -42.4552	  173.3721
0.527	 2.04	 2	 -41.8695	  173.5040
0.531	 2.57	 2	 -41.8727	  174.1540
0.531	 2.25	 2	 -41.7594	  174.3696
0.532	 2.01	 2	 -40.6952	  179.1734
0.532	 2.75	 1	 -42.5067	  173.8318
0.533	 2.19	 1	 -42.4500	  172.6468
0.533	 2.45	 1	 -41.9233	  174.0978
0.533	 2.76	 1	 -41.8089	  173.9377
0.535	 2.22	 1	 -42.2946	  173.7322
0.536	 2.63	 1	 -42.6539	  173.1156
0.539	 2.12	 1	 -42.0130	  173.6754
0.544	 2.76	 2	 -41.8865	  171.5808
0.544	 3.24	 1	 -42.4586	  173.9369
0.545	 2.75	 2	 -41.6141	  173.7477
0.546	 2.50	 1	 -41.7981	  174.0180
0.546	 2.52	 2	 -41.7520	  174.3388
0.548	 2.01	 2	 -41.8272	  174.1117
0.549	 2.36	 2	 -42.0384	  174.0019
0.549	 2.00	 2	 -41.5565	  174.5636
0.550	 3.09	 1	 -41.7901	  174.2468
0.551	 2.16	 1	 -42.2840	  173.7891
0.552	 2.91	 1	 -41.3714	  171.9010
0.553	 2.56	 2	 -41.8553	  174.0930
0.553	 2.55	 1	 -43.1949	  171.8979
0.554	 2.01	 2	 -41.9310	  174.5801
0.555	 2.12	 2	 -41.7609	  174.1287
0.555	 3.17	 1	 -41.9345	  173.8088
0.556	 2.08	 2	 -41.8228	  173.9431
0.558	 2.03	 1	 -42.5203	  173.1849
0.558	 2.46	 1	 -41.4931	  173.2570
0.559	 3.39	 2	 -41.6372	  174.5688
0.559	 2.20	 2	 -41.8066	  174.1931
0.560	 2.26	 1	 -42.4402	  173.8164
0.560	 2.51	 2	 -41.6652	  174.9652
0.560	 2.85	 1	 -43.1543	  174.8450
0.562	 2.11	 1	 -42.5741	  173.1409
0.564	 2.16	 2	 -41.7126	  174.2243
0.564	 2.39	 1	 -41.8878	  173.8188
0.566	 2.43	 2	 -41.9968	  174.2141
0.568	 2.19	 2	 -41.5222	  174.2405
0.568	 2.29	 1	 -42.1019	  167.6558
0.570	 3.04	 2	 -41.8267	  174.1663
0.570	 2.09	 1	 -42.7670	  172.9862
0.574	 3.16	 1	 -43.0205	  172.6503
0.574	 2.33	 2	 -41.8498	  174.2167
0.575	 3.24	 1	 -41.5498	  178.8821
0.576	 2.04	 2	 -42.6135	  173.3749
0.578	 2.15	 1	 -42.3980	  172.8845
0.579	 2.59	 2	 -41.6714	  174.1397
0.582	 2.52	 1	 -43.4032	  174.1412
0.583	 2.83	 1	 -42.3848	  173.7889
0.585	 2.61	 2	 -41.9882	  174.1438
0.586	 2.47	 2	 -41.6388	  174.6295
0.587	 2.20	 1	 -42.8039	  172.7885
0.590	 2.16	 1	 -42.0635	  174.1114
0.594	 3.60	 2	 -41.7556	  174.4347
0.594	 2.36	 1	 -46.1184	  171.2670
0.595	 2.87	 1	 -44.6408	  178.5359
0.596	 4.23	 2	 -41.8778	  174.5130
0.597	 3.39	 2	 -41.9131	  174.0912
0.599	 2.09	 2	 -41.8481	  174.2997
0.600	 2.24	 2	 -41.3642	  173.9813
0.600	 2.07	 2	 -41.7948	  174.2749
0.600	 2.99	 2	 -41.8404	  174.2018
0.601	 2.06	 2	 -42.3999	  175.4652
0.601	 2.53	 1	 -42.2828	  172.3478
0.602	 2.22	 1	 -42.2948	  173.6956
0.603	 2.25	 2	 -41.8281	  174.2333
0.603	 2.30	 2	 -44.4640	  169.3792
0.604	 2.38	 1	 -43.2846	  173.4676
0.606	 2.42	 2	 -41.7670	  173.8479
0.608	 4.30	 2	 -41.8457	  174.1334
0.609	 2.37	 2	 -42.0478	  174.2064
0.612	 2.63	 2	 -39.0810	  172.4981
0.612	 2.02	 2	 -41.6473	  174.0636
0.613	 2.14	 2	 -41.6562	  174.7179
0.615	 2.24	 2	 -41.7808	  174.3191
0.615	 2.30	 2	 -41.8696	  174.2179
0.615	 2.13	 2	 -41.7720	  174.5015
0.616	 2.16	 2	 -41.8624	  173.9631
0.616	 2.34	 1	 -42.5102	  172.8410
0.616	 2.49	 1	 -42.0898	  172.8710
0.617	 2.01	 2	 -41.7641	  174.3780
0.625	 2.08	 2	 -41.7365	  174.1239
0.626	 2.25	 1	 -42.5181	  174.5309
0.629	 2.02	 3	 -41.7345	  173.5469
0.630	 2.22	 2	 -42.0799	  174.1603
0.630	 2.13	 3	 -41.8103	  174.1426
0.631	 2.72	 1	 -42.7280	  173.0013
0.631	 3.25	 2	 -41.9313	  174.3287
0.631	 2.50	 1	 -42.4256	  173.4846
0.632	 2.34	 1	 -41.8496	  173.6414
0.632	 2.89	 2	 -41.7748	  174.2091
0.633	 2.09	 2	 -44.9697	  173.3212
0.636	 2.51	 2	 -41.8752	  174.3253
0.639	 2.27	 1	 -42.6935	  172.9465
0.640	 2.24	 1	 -43.4959	  172.2478
0.640	 2.11	 1	 -42.9495	  172.6342
0.641	 2.04	 1	 -43.0686	  174.5468
0.642	 2.25	 1	 -41.9975	  173.6176
0.642	 2.33	 1	 -42.1954	  173.8415
0.642	 2.34	 1	 -41.5131	  174.8125
0.642	 2.31	 1	 -42.0426	  173.7066
0.643	 2.65	 1	 -42.1472	  173.6050
0.644	 2.20	 2	 -41.8508	  174.2309
0.645	 3.22	 2	 -41.7948	  174.3009
0.645	 2.34	 1	 -42.2375	  173.6209
0.650	 2.06	 2	 -41.6297	  174.5125
0.651	 2.31	 1	 -42.9369	  172.8923
0.652	 2.68	 1	 -42.5542	  173.1501
0.652	 3.37	 2	 -41.7442	  174.2129
0.652	 2.63	 1	 -42.1654	  173.6508
0.656	 3.10	 2	 -41.0009	  174.4852
0.661	 2.06	 1	 -43.5601	  172.7023
0.663	 2.29	 2	 -41.7739	  174.2611
0.664	 2.63	 2	 -42.7786	  173.2891
0.665	 2.17	 1	 -42.4243	  173.1219
0.666	 2.03	 2	 -41.8339	  174.1833
0.666	 2.83	 1	 -42.2306	  173.5006
0.668	 2.26	 2	 -42.0090	  174.0291
0.668	 2.11	 2	 -41.7141	  174.4842
0.669	 2.04	 1	 -42.4278	  173.7638
0.671	 2.81	 2	 -41.7280	  174.2684
0.674	 2.04	 1	 -43.0855	  173.2155
0.676	 2.32	 1	 -41.6459	  174.0062
0.677	 2.45	 2	 -41.7809	  174.3011
0.678	 2.00	 2	 -41.8210	  174.2085
0.678	 3.53	 1	 -42.3760	  173.1624
0.678	 3.48	 1	 -42.5801	  173.1777
0.679	 2.49	 2	 -41.6887	  173.9651
0.680	 2.13	 1	 -41.1547	  178.7711
0.682	 2.69	 1	 -42.5394	  173.1924
0.683	 4.60	 1	 -41.7429	  174.3530
0.684	 2.55	 1	 -42.2836	  173.7556
0.688	 2.49	 1	 -42.2776	  173.7719
0.689	 2.24	 1	 -42.4143	  173.8548
0.689	 2.34	 1	 -42.5795	  173.1176
0.689	 2.77	 2	 -41.6700	  174.0632
0.691	 2.29	 2	 -41.7512	  174.3704
0.692	 2.10	 1	 -43.6774	  173.5365
0.693	 2.32	 1	 -42.1904	  173.6370
0.695	 2.98	 1	 -43.0541	  171.3644
0.695	 2.58	 1	 -42.2782	  173.7174
0.696	 2.47	 1	 -42.0058	  173.6377
0.697	 2.70	 1	 -38.5222	  172.9804
0.699	 3.05	 2	 -42.2521	  174.2795
0.700	 2.01	 1	 -42.0315	  173.7024
0.704	 2.23	 2	 -42.7179	  170.8724
0.706	 2.73	 1	 -42.1898	  173.6237
0.707	 2.25	 2	 -40.8275	  179.0464
0.708	 2.14	 1	 -39.5299	  175.5116
0.711	 2.19	 1	 -42.2428	  173.5240
0.713	 4.16	 1	 -43.3753	  166.9804
0.714	 2.08	 2	 -41.8802	  174.2131
0.715	 2.01	 1	 -42.5512	  172.9742
0.715	 2.05	 2	 -41.8751	  174.5447
0.716	 2.91	 1	 -42.6961	  173.2304
0.717	 2.14	 2	 -43.0527	  173.2053
0.718	 2.46	 2	 -42.8955	  173.3413
0.718	 2.57	 1	 -41.5636	  174.2066
0.718	 2.38	 1	 -42.5072	  172.5236
0.719	 2.05	 1	 -42.8146	  173.0409
0.720	 2.39	 1	 -42.2799	  173.4413
0.721	 2.41	 1	 -42.2041	  173.6456
0.721	 2.53	 1	 -42.7366	  173.1535
0.721	 3.02	 2	 -42.5494	  173.1656
0.722	 3.33	 1	 -43.5984	  175.4919
0.722	 2.22	 1	 -42.9136	  172.1172
0.723	 2.07	 1	 -42.1768	  173.8419
0.724	 2.45	 2	 -41.7629	  174.3179
0.725	 2.49	 1	 -41.7093	  174.2590
0.726	 2.26	 2	 -41.4023	  173.8509
0.727	 2.07	 1	 -42.3616	  173.6534
0.732	 2.74	 1	 -43.2613	  172.9617
0.733	 2.48	 2	 -43.3442	  172.8578
0.735	 2.23	 2	 -41.7273	  174.1853
0.737	 2.23	 1	 -42.4983	  173.8316
0.739	 2.11	 1	 -43.6104	  173.0378
0.741	 2.27	 2	 -41.4952	  173.7301
0.743	 2.09	 2	 -41.8111	  174.2970
0.743	 2.83	 1	 -40.8444	  167.4449
0.744	 2.19	 1	 -42.1733	  173.5729
0.744	 3.95	 1	 -41.9728	  179.0611
0.746	 4.06	 1	 -42.1712	  173.1263
0.746	 2.25	 1	 -42.1518	  172.3232
0.747	 2.15	 2	 -41.8136	  174.3387
0.753	 2.30	 1	 -42.0292	  171.9734
0.754	 2.75	 2	 -41.8148	  174.8865
0.758	 2.52	 1	 -43.3956	  173.0881
0.759	 2.06	 1	 -42.2749	  173.6883
0.759	 2.03	 1	 -42.9880	  172.9799
0.763	 2.90	 2	 -41.8649	  174.1154
0.764	 2.53	 2	 -41.8094	  174.3847
0.764	 2.48	 1	 -43.0632	  172.3276
0.765	 2.25	 1	 -43.9103	  171.9453
0.766	 4.47	 1	 -43.0715	  173.0114
0.768	 2.02	 2	 -41.7007	  173.9114
0.769	 2.05	 2	 -41.9495	  173.9937
0.769	 3.03	 1	 -42.2329	  173.3847
0.770	 3.08	 1	 -41.8624	  174.1056
0.770	 2.48	 1	 -42.4007	  173.3922
0.771	 2.19	 1	 -43.7389	  172.2250
0.771	 2.18	 2	 -41.7870	  173.9928
0.772	 3.01	 1	 -42.3002	  173.5403
0.772	 2.09	 2	 -41.1108	  176.8055
0.777	 2.11	 1	 -42.1631	  173.7272
0.780	 3.10	 1	 -41.6969	  174.2578
0.782	 4.18	 2	 -41.8117	  174.1619
0.782	 2.48	 1	 -42.0490	  173.5791
0.783	 2.09	 1	 -42.0917	  173.5721
0.784	 2.60	 1	 -42.7407	  172.9308
0.785	 2.49	 1	 -38.5012	  175.2379
0.785	 2.18	 1	 -39.7466	  168.4001
0.786	 2.16	 1	 -42.7883	  173.4754
0.787	 2.53	 2	 -41.7790	  173.1770
0.789	 3.05	 1	 -42.3375	  173.5525
0.789	 2.14	 2	 -43.0845	  173.0008
0.789	 2.23	 1	 -42.4131	  173.7650
0.790	 2.11	 1	 -42.6355	  173.9478
0.791	 3.92	 2	 -41.7835	  174.2312
0.792	 2.18	 1	 -41.8617	  172.9580
0.792	 2.02	 2	 -41.7572	  173.9967
0.793	 2.08	 1	 -41.9793	  174.2469
0.794	 2.10	 1	 -42.2132	  173.5828
0.795	 2.17	 1	 -42.6670	  173.5165
0.797	 2.23	 3	 -41.9169	  174.5363
0.797	 2.04	 2	 -41.9454	  174.1840
0.799	 2.80	 1	 -42.8877	  176.0300
0.803	 2.31	 2	 -43.0577	  173.0221
0.804	 2.27	 1	 -43.1597	  172.2670
0.804	 2.45	 1	 -41.6199	  174.3025
0.806	 2.00	 2	 -41.8357	  174.2308
0.806	 2.09	 2	 -41.9266	  174.1843
0.809	 2.23	 2	 -41.8842	  173.9695
0.811	 2.32	 1	 -41.6905	  174.2452
0.813	 2.19	 1	 -42.6252	  172.8557
0.814	 2.54	 1	 -42.7992	  173.3007
0.818	 2.24	 2	 -42.1468	  172.8876
0.819	 2.00	 1	 -43.2782	  173.6155
0.821	 2.47	 1	 -41.9959	  173.6163
0.827	 2.92	 1	 -42.8915	  173.7756
0.828	 2.07	 1	 -42.7587	  174.6531
0.829	 5.22	 1	 -42.8384	  173.4088
0.829	 2.01	 2	 -40.3358	  172.9914
0.830	 2.15	 1	 -41.8420	  172.2970
0.832	 3.47	 2	 -41.7521	  174.1555
0.835	 2.43	 2	 -41.8442	  173.7407
0.836	 2.40	 2	 -42.2666	  172.0666
0.837	 2.11	 2	 -43.0217	  173.9326
0.837	 2.10	 1	 -42.8548	  174.2247
0.839	 2.22	 1	 -42.0133	  173.6987
0.840	 2.09	 2	 -41.8182	  174.2069
0.840	 2.35	 1	 -42.2390	  173.5875
0.843	 2.13	 2	 -41.8431	  174.1288
0.844	 2.33	 1	 -42.5823	  174.0376
0.846	 2.09	 2	 -42.7806	  173.5864
0.847	 2.16	 1	 -42.6097	  173.6998
0.849	 3.20	 1	 -43.7355	  173.5187
0.849	 2.49	 1	 -41.2091	  173.4779
0.851	 2.42	 1	 -41.7104	  174.2599
0.852	 2.50	 1	 -41.6165	  172.0569
0.855	 2.03	 2	 -41.7171	  174.3709
0.859	 2.11	 2	 -41.3268	  173.7811
0.859	 2.36	 2	 -42.8565	  173.4285
0.860	 2.13	 2	 -40.9402	  174.9449
0.860	 3.93	 1	 -42.6552	  173.0888
0.862	 2.92	 2	 -41.8274	  174.1308
0.865	 2.09	 2	 -41.4834	  174.2406
0.868	 2.44	 2	 -42.8387	  173.4466
0.868	 2.32	 1	 -40.6908	  175.2055
0.868	 2.03	 1	 -41.7933	  174.4268
0.871	 2.11	 2	 -42.9010	  173.3911
0.874	 2.27	 2	 -41.5472	  174.5403
0.874	 2.18	 1	 -42.0855	  173.7832
0.875	 2.04	 2	 -42.6543	  173.7327
0.879	 3.28	 1	 -42.4021	  173.8214
0.879	 2.38	 2	 -42.8341	  173.4053
0.882	 2.11	 1	 -42.0079	  173.0240
0.882	 2.71	 2	 -43.0549	  173.0208
0.883	 2.31	 2	 -41.9766	  173.9055
0.884	 2.30	 2	 -41.7166	  174.2281
0.885	 2.43	 2	 -41.9664	  174.1335
0.885	 2.20	 2	 -41.7525	  174.0996
0.886	 2.16	 2	 -41.5273	  173.8039
0.887	 2.20	 1	 -42.1563	  173.6396
0.888	 4.20	 1	 -43.4868	  172.3374
0.889	 2.59	 1	 -41.7801	  173.9498
0.890	 2.12	 2	 -42.8044	  173.4626
0.890	 2.32	 2	 -41.8516	  174.4176
0.891	 2.15	 1	 -42.5819	  172.9841
0.891	 2.47	 1	 -42.7086	  173.8886
0.895	 2.14	 3	 -41.8704	  174.0736
0.901	 2.08	 1	 -40.2687	  175.7011
0.902	 2.32	 2	 -41.8183	  174.3871
0.904	 2.19	 2	 -42.0974	  174.0221
0.909	 2.74	 3	 -41.7687	  174.1681
0.910	 2.69	 1	 -42.4153	  173.3317
0.913	 2.28	 2	 -41.7892	  174.1531
0.915	 2.02	 1	 -42.4602	  173.7795
0.915	 2.89	 1	 -46.0672	  168.9790
0.916	 2.75	 2	 -41.8240	  174.1197
0.916	 2.02	 1	 -42.7858	  173.2699
0.916	 2.37	 1	 -42.6253	  172.4561
0.917	 3.31	 1	 -42.3233	  173.1091
0.922	 2.05	 1	 -42.4643	  172.6167
0.922	 2.63	 1	 -42.2424	  173.6595
0.926	 2.04	 1	 -42.5240	  172.4580
0.926	 2.12	 1	 -41.8761	  173.9977
0.929	 4.16	 1	 -46.0142	  168.8985
0.930	 2.51	 2	 -41.6372	  174.5203
0.931	 2.09	 2	 -42.1772	  174.5690
0.931	 2.02	 1	 -42.4383	  173.2301
0.931	 2.13	 1	 -41.7092	  173.1605
0.934	 2.52	 1	 -41.9509	  173.8887
0.935	 3.35	 2	 -42.2705	  173.5024
0.938	 2.38	 1	 -42.7882	  173.2820
0.941	 2.12	 3	 -43.2815	  175.9279
0.942	 2.32	 2	 -41.5861	  174.1983
0.942	 2.28	 1	 -43.0138	  174.1341
0.943	 2.20	 1	 -42.3974	  172.9182
0.944	 3.27	 2	 -41.6453	  173.7720
0.945	 2.88	 1	 -44.6375	  167.6538
0.946	 2.33	 2	 -41.9350	  174.0447
0.947	 2.43	 1	 -42.8245	  173.0762
0.950	 2.06	 2	 -41.6027	  174.3468
0.951	 2.48	 1	 -42.1450	  173.5657
0.952	 2.31	 1	 -42.9470	  173.2464
0.952	 2.37	 2	 -41.9739	  174.6888
0.956	 2.20	 1	 -42.7881	  172.6929
0.957	 2.52	 1	 -42.6411	  173.4504
0.957	 2.31	 1	 -41.7800	  174.2758
0.958	 2.14	 1	 -41.7435	  174.1871
0.958	 2.29	 1	 -41.8072	  174.1931
0.960	 2.59	 1	 -42.0609	  173.8292
0.961	 2.36	 1	 -42.1355	  173.8495
0.961	 2.26	 1	 -42.6293	  173.0794
0.962	 2.06	 1	 -41.9655	  173.7599
0.962	 3.48	 1	 -42.1854	  173.7024
0.963	 2.10	 3	 -41.7525	  174.1455
0.964	 2.23	 2	 -41.8247	  174.6205
0.964	 2.80	 2	 -41.8615	  174.1903
0.969	 2.05	 1	 -41.7475	  174.2625
0.970	 2.05	 1	 -42.9821	  173.4763
0.976	 2.01	 2	 -41.7834	  174.5865
0.976	 2.19	 1	 -44.2671	  170.8980
0.977	 2.43	 1	 -42.6787	  173.3585
0.979	 2.92	 1	 -41.9889	  173.4452
0.984	 2.52	 2	 -41.7839	  174.3646
0.986	 2.67	 1	 -42.5387	  172.8259
0.988	 2.60	 1	 -42.5755	  173.1065
0.989	 2.17	 1	 -42.3124	  173.7574
0.990	 2.11	 1	 -42.5670	  173.6633
0.990	 2.33	 1	 -41.8182	  174.0040
0.992	 2.39	 1	 -42.6618	  166.9045
0.993	 2.24	 1	 -43.0782	  173.0152
0.994	 2.01	 1	 -42.1041	  173.7649
0.996	 3.23	 1	 -42.5281	  173.0564
0.998	 2.34	 1	 -42.0633	  173.7578
1.000	 2.46	 1	 -42.9385	  172.3313
1.009	 2.25	 1	 -42.0972	  173.4466
1.013	 3.30	 1	 -43.5141	  175.3025
1.016	 2.79	 1	 -42.6373	  171.9388
1.017	 2.17	 1	 -41.5056	  167.1213
1.019	 2.38	 2	 -41.8045	  174.4712
1.021	 2.02	 1	 -41.7162	  174.2862
1.021	 2.24	 1	 -41.9364	  172.9123
1.027	 2.68	 1	 -42.4418	  173.8221
1.029	 2.16	 2	 -42.7258	  173.2100
1.032	 2.11	 1	 -42.2177	  173.5742
1.032	 2.45	 2	 -41.8784	  174.1902
1.035	 2.50	 1	 -42.0386	  173.7196
1.038	 2.39	 1	 -43.2494	  172.6466
1.038	 2.17	 1	 -42.1325	  173.4515
1.038	 2.23	 1	 -42.7810	  173.2659
1.039	 2.11	 2	 -44.5260	  177.6907
1.043	 3.01	 1	 -42.2462	  174.0299
1.046	 2.44	 1	 -42.8339	  173.1693
1.049	 2.77	 1	 -42.5925	  173.5326
1.051	 2.22	 1	 -42.9558	  173.7336
1.055	 2.48	 2	 -41.8029	  174.2863
1.061	 2.16	 1	 -42.6670	  173.3040
1.066	 3.01	 3	 -39.0806	  172.4992
1.067	 2.00	 1	 -42.5298	  173.1610
1.068	 2.16	 1	 -41.9015	  174.2165
1.070	 2.03	 2	 -41.8588	  174.1200
1.077	 2.06	 1	 -42.8368	  174.0910
1.081	 2.36	 2	 -41.8306	  174.3188
1.082	 2.09	 1	 -41.9515	  173.7070
1.086	 3.41	 1	 -44.1799	  172.4476
1.087	 2.72	 1	 -42.2316	  173.1862
1.094	 2.03	 1	 -41.6587	  174.1105
1.095	 2.65	 1	 -42.4464	  173.2971
1.096	 2.59	 1	 -41.9207	  173.9753
1.102	 2.11	 1	 -42.3201	  173.4712
1.103	 2.07	 2	 -41.8195	  174.2270
1.104	 2.49	 1	 -43.3245	  173.8926
1.107	 2.32	 2	 -41.7532	  174.3134
1.108	 2.63	 1	 -42.3869	  173.2069
1.108	 2.28	 2	 -41.7548	  174.0528
1.110	 2.12	 1	 -42.1815	  173.6323
1.114	 2.66	 1	 -42.7173	  172.8988
1.115	 2.34	 1	 -42.2360	  172.9871
1.118	 2.69	 1	 -42.6149	  172.3739
1.126	 2.15	 2	 -41.7266	  173.9116
1.132	 2.18	 1	 -42.9765	  175.2704
1.135	 2.13	 1	 -43.1297	  172.2003
1.136	 2.33	 1	 -42.1772	  173.5381
1.136	 2.24	 1	 -42.4966	  172.3447
1.137	 2.67	 2	 -41.7971	  174.4355
1.142	 2.02	 2	 -41.7911	  174.1919
1.145	 3.52	 1	 -41.4893	  172.8174
1.145	 2.05	 1	 -42.6333	  172.8180
1.156	 2.10	 2	 -42.8139	  173.4930
1.157	 2.30	 2	 -41.9058	  174.2963
1.158	 2.12	 2	 -41.7427	  174.2695
1.158	 2.20	 1	 -41.7813	  174.2291
1.158	 2.14	 1	 -42.0631	  172.7274
1.158	 2.71	 1	 -41.9035	  173.8789
1.167	 2.61	 1	 -42.5388	  173.6876
1.172	 2.66	 1	 -41.9544	  179.0569
1.173	 3.31	 2	 -41.8559	  174.1647
1.174	 2.02	 1	 -42.0208	  173.7657
1.174	 3.10	 1	 -41.9378	  173.6814
1.174	 2.08	 1	 -42.1754	  173.6566
1.175	 2.05	 1	 -41.7871	  174.2496
1.175	 2.25	 1	 -42.2799	  173.8341
1.176	 2.04	 1	 -41.8019	  173.5739
1.182	 2.61	 1	 -42.8080	  172.9916
1.187	 2.84	 1	 -42.7954	  172.6388
1.188	 3.42	 1	 -42.5917	  172.8055
1.188	 3.06	 1	 -43.6729	  171.8390
1.189	 2.39	 2	 -42.8146	  173.3594
1.191	 2.78	 2	 -41.8633	  173.5016
1.193	 2.66	 1	 -42.1593	  173.8712
1.194	 2.04	 1	 -41.8092	  174.2131
1.197	 2.37	 3	 -41.9164	  173.8600
1.200	 2.44	 1	 -42.5948	  173.0176
1.201	 3.30	 1	 -38.2011	  173.3168
1.205	 2.35	 1	 -42.5994	  172.8125
1.206	 2.07	 2	 -43.1544	  174.8444
1.207	 2.06	 1	 -42.7650	  172.7742
1.213	 2.77	 1	 -42.5843	  173.4412
1.217	 2.01	 1	 -44.1879	  172.0559
1.218	 2.20	 1	 -42.5529	  173.0160
1.223	 2.20	 2	 -41.8298	  174.2067
1.236	 3.43	 1	 -42.6463	  172.5059
1.238	 2.06	 2	 -43.9355	  168.9066
1.242	 2.29	 2	 -41.4025	  175.1011
1.242	 2.48	 2	 -41.3804	  173.6605
1.246	 2.03	 1	 -42.0256	  173.6507
1.248	 3.27	 1	 -43.1761	  172.9753
1.249	 2.48	 1	 -43.0405	  173.3245
1.254	 2.60	 1	 -39.0022	  169.5267
1.259	 2.37	 2	 -42.8354	  173.2264
1.260	 2.22	 2	 -41.8118	  173.9766
1.270	 2.29	 1	 -42.5517	  173.0512
1.271	 2.27	 1	 -42.2395	  173.9049
1.275	 2.50	 1	 -42.5940	  173.9884
1.280	 2.48	 1	 -40.2885	  167.8521
1.281	 2.18	 1	 -42.1136	  173.8755
1.283	 2.62	 1	 -42.4086	  173.3901
1.288	 2.24	 1	 -42.3288	  166.9244
1.292	 2.64	 2	 -44.3246	  179.2036
1.302	 2.58	 2	 -45.9612	  168.9239
1.307	 2.41	 2	 -38.2001	  173.3172
1.307	 3.92	 1	 -42.9014	  172.6152
1.310	 2.29	 1	 -42.1832	  172.0746
1.312	 2.39	 1	 -43.3586	  172.7280
1.313	 2.57	 2	 -39.6698	  168.9007
1.318	 3.09	 1	 -42.5731	  172.8872
1.320	 2.06	 1	 -42.3902	  173.4747
1.322	 2.12	 1	 -43.8500	  171.9203
1.323	 2.66	 1	 -42.4352	  173.0783
1.326	 2.08	 1	 -44.4863	  173.9599
1.329	 2.08	 2	 -43.0099	  174.9631
1.334	 2.79	 1	 -42.4242	  174.1952
1.335	 2.41	 2	 -42.0433	  171.5385
1.339	 2.33	 2	 -41.7810	  174.2905
1.343	 2.70	 2	 -37.5726	  172.1525
1.346	 2.58	 1	 -42.1331	  173.4652
1.347	 2.43	 2	 -43.3592	  172.7290
1.348	 2.04	 2	 -41.3520	  174.4283
1.351	 2.01	 1	 -41.9498	  174.0676
1.359	 2.26	 2	 -45.1476	  178.3242
1.361	 2.02	 1	 -42.5045	  172.1231
1.364	 2.54	 2	 -40.9298	  173.7699
1.368	 2.03	 2	 -41.5818	  174.1650
1.369	 2.34	 1	 -42.0667	  173.6186
1.369	 2.60	 1	 -40.8066	  170.8988
1.377	 2.36	 2	 -41.8093	  174.2533
1.377	 2.07	 2	 -41.7402	  174.2855
1.378	 2.52	 1	 -42.1758	  173.0283
1.387	 2.48	 1	 -42.5710	  173.5992
1.388	 2.15	 2	 -41.8305	  174.2181
1.389	 2.14	 1	 -42.6467	  172.8444
1.389	 2.80	 2	 -41.8186	  174.0265
1.395	 2.01	 1	 -42.0995	  173.8052
1.397	 3.54	 2	 -41.7109	  174.3186
1.399	 2.19	 1	 -42.2100	  173.4357
1.400	 3.03	 1	 -42.3255	  172.8526
1.402	 2.62	 1	 -42.8843	  174.7168
1.402	 2.99	 3	 -41.8624	  174.1804
1.403	 2.15	 1	 -42.2923	  173.7768
1.405	 2.23	 1	 -43.2106	  166.9451
1.407	 2.44	 1	 -42.3031	  174.2394
1.425	 6.37	 1	 -44.8860	  172.0656
1.428	 2.24	 2	 -44.7989	  172.0958
1.428	 2.07	 1	 -42.8770	  173.1869
1.429	 2.29	 2	 -41.7763	  169.8452
1.429	 2.22	 2	 -44.6989	  171.8227
1.431	 2.31	 2	 -44.7872	  171.9737
1.432	 2.36	 2	 -41.7472	  174.3123
1.434	 2.03	 1	 -41.7241	  174.2742
1.436	 3.02	 2	 -44.8505	  172.2153
1.437	 2.50	 2	 -44.8917	  171.9471
1.439	 2.12	 2	 -44.9070	  172.1519
1.440	 2.01	 2	 -44.9747	  171.9429
1.440	 2.38	 2	 -45.0709	  172.2950
1.440	 2.61	 2	 -45.0015	  172.0242
1.440	 2.19	 2	 -44.7467	  172.1665
1.443	 2.63	 1	 -42.3157	  173.6291
1.443	 2.28	 1	 -42.1411	  173.7517
1.444	 2.76	 1	 -42.7317	  172.9432
1.445	 2.86	 2	 -44.8140	  171.8984
1.446	 2.81	 2	 -44.9133	  172.0140
1.447	 2.05	 2	 -44.9773	  172.3507
1.449	 2.37	 2	 -45.1779	  172.0633
1.450	 2.75	 1	 -44.1001	  173.2775
1.450	 2.72	 2	 -44.9278	  172.0508
1.452	 2.07	 2	 -43.9788	  172.8823
1.453	 2.29	 1	 -42.1808	  173.6424
1.454	 2.17	 2	 -41.6833	  174.0714
1.456	 2.84	 1	 -41.7340	  174.4263
1.456	 2.08	 1	 -42.2754	  173.8909
1.456	 2.02	 2	 -43.4032	  175.3659
1.457	 2.03	 2	 -44.8617	  172.1931
1.457	 2.20	 2	 -44.9494	  172.0293
1.458	 2.27	 2	 -44.1133	  171.2737
1.463	 2.01	 2	 -44.9016	  172.0401
1.465	 2.40	 2	 -44.8551	  172.0127
1.465	 2.27	 1	 -41.7127	  174.2410
1.466	 2.09	 2	 -45.6223	  171.1122
1.467	 2.77	 1	 -42.1449	  173.6710
1.471	 2.31	 1	 -42.6230	  172.6523
1.472	 2.11	 2	 -42.8274	  173.3739
1.473	 2.35	 1	 -42.3826	  173.3081
1.475	 2.83	 2	 -44.9050	  171.9293
1.475	 2.27	 1	 -42.5847	  173.7017
1.477	 3.43	 1	 -42.6677	  172.9669
1.478	 2.11	 2	 -43.3505	  166.9670
1.478	 2.05	 1	 -42.1847	  173.8397
1.479	 2.16	 2	 -44.9029	  172.1608
1.480	 2.26	 1	 -41.9592	  173.4362
1.481	 2.90	 2	 -44.6962	  172.1353
1.483	 2.20	 1	 -43.2717	  172.4785
1.484	 2.16	 2	 -44.8325	  172.0849
1.486	 2.23	 2	 -44.8771	  172.1411
1.491	 2.06	 1	 -43.6694	  173.1244
1.496	 2.37	 2	 -44.9582	  172.0263
1.498	 2.77	 2	 -44.9138	  172.0117
1.502	 2.92	 1	 -42.1662	  173.7490
1.503	 2.26	 1	 -42.0510	  173.7543
1.506	 2.21	 1	 -41.7933	  174.4012
1.510	 2.03	 2	 -44.9321	  172.1481
1.511	 2.03	 2	 -44.9734	  172.0722
1.513	 2.60	 1	 -42.5338	  173.3328
1.513	 2.13	 1	 -43.0098	  172.1620
1.514	 2.44	 2	 -44.9025	  172.1388
1.516	 2.21	 2	 -45.2226	  172.9551
1.517	 2.28	 2	 -45.2347	  172.0938
1.518	 2.13	 2	 -44.9304	  172.0267
1.519	 2.66	 2	 -44.5809	  171.9071
1.520	 2.05	 1	 -43.2058	  171.1956
1.522	 2.03	 1	 -42.4458	  173.8248
1.525	 2.30	 1	 -42.2593	  173.5421
1.527	 2.24	 2	 -49.0873	  169.8036
1.528	 2.30	 1	 -42.7300	  173.4316
1.529	 2.88	 2	 -44.9296	  172.2395
1.531	 2.74	 2	 -41.9009	  174.3515
1.532	 2.07	 2	 -44.6753	  171.6479
1.532	 2.00	 2	 -44.7813	  172.0446
1.537	 2.22	 2	 -41.7549	  174.3278
1.542	 2.42	 1	 -42.1436	  173.4881
1.544	 2.37	 2	 -45.0849	  172.0062
1.544	 2.16	 1	 -42.1867	  173.4818
1.547	 2.37	 1	 -42.7607	  173.5740
1.550	 2.86	 1	 -44.1721	  169.6821
1.554	 2.41	 2	 -44.4218	  171.9858
1.557	 2.43	 1	 -41.7137	  169.8329
1.558	 2.22	 1	 -42.9125	  171.9532
1.560	 2.24	 1	 -41.7381	  174.2569
1.565	 2.06	 1	 -42.4398	  173.5149
1.566	 2.68	 2	 -44.9113	  172.0599
1.569	 3.08	 2	 -41.9376	  173.9002
1.569	 2.21	 1	 -42.4304	  173.7773
1.570	 2.24	 2	 -44.8115	  172.0053
1.574	 2.12	 1	 -41.9786	  173.0097
1.575	 2.71	 2	 -44.8677	  171.9138
1.575	 2.31	 2	 -44.8585	  172.0028
1.576	 2.96	 2	 -44.8351	  172.0890
1.577	 2.17	 2	 -45.5090	  171.2740
1.583	 2.95	 2	 -44.9173	  172.0108
1.584	 2.27	 1	 -42.6690	  172.8780
1.586	 2.04	 1	 -42.6677	  172.4131
1.588	 2.11	 1	 -42.3368	  173.3312
1.589	 2.16	 1	 -42.1800	  173.6352
1.592	 2.37	 2	 -41.7131	  174.2469
1.593	 2.55	 1	 -41.7038	  174.2118
1.595	 2.72	 1	 -43.6238	  168.9558
1.595	 2.55	 1	 -42.7655	  173.2282
1.597	 2.32	 1	 -42.2540	  171.6873
1.599	 2.20	 2	 -44.8632	  171.9546
1.602	 2.21	 1	 -41.8069	  174.1819
1.604	 2.73	 1	 -41.9773	  173.5695
1.607	 2.33	 1	 -42.6860	  172.8679
1.612	 2.56	 2	 -44.9319	  172.1067
1.614	 2.16	 1	 -41.7589	  173.6002
1.616	 2.53	 1	 -42.1634	  173.4814
1.616	 2.10	 1	 -41.5592	  173.8900
1.617	 2.71	 2	 -44.8594	  172.0738
1.621	 2.03	 2	 -44.8866	  172.0170
1.622	 2.11	 1	 -42.4902	  173.6670
1.626	 2.10	 1	 -41.7080	  174.2579
1.626	 2.01	 1	 -42.2540	  172.7420
1.629	 2.66	 2	 -45.0007	  172.1252
1.632	 2.12	 2	 -44.9409	  171.9705
1.634	 2.37	 1	 -42.3398	  174.0923
1.636	 2.17	 1	 -41.4922	  178.9179
1.638	 2.23	 1	 -42.8624	  173.2157
1.640	 2.55	 2	 -41.8138	  174.1044
1.650	 2.33	 1	 -42.4380	  173.7436
1.651	 2.08	 2	 -41.7710	  174.3886
1.652	 3.22	 1	 -41.9584	  173.9895
1.659	 2.52	 1	 -42.8033	  172.7660
1.660	 2.56	 1	 -41.7977	  174.3154
1.660	 2.38	 2	 -44.8613	  172.1842
1.662	 2.12	 1	 -42.2228	  173.5661
1.668	 4.41	 2	 -45.8591	  169.5047
1.673	 2.33	 1	 -43.1599	  173.3502
1.674	 2.56	 2	 -44.8403	  172.1120
1.674	 2.18	 2	 -44.7531	  171.9022
1.675	 2.51	 1	 -41.7961	  173.1609
1.676	 2.02	 2	 -44.5238	  171.8999
1.682	 2.52	 2	 -44.8608	  172.0982
1.683	 2.40	 1	 -42.0491	  173.7306
1.685	 2.47	 1	 -42.7675	  170.0971
1.688	 2.25	 2	 -44.9227	  172.0068
1.690	 2.00	 2	 -44.8984	  172.1853
1.690	 2.19	 1	 -41.9880	  173.7839
1.692	 2.15	 2	 -44.9071	  171.8514
1.695	 2.17	 2	 -44.9470	  171.9310
1.705	 2.48	 1	 -42.2949	  173.6008
1.705	 2.67	 1	 -43.2594	  172.8086
1.707	 2.71	 2	 -42.3990	  177.3530
1.709	 3.17	 2	 -44.8218	  172.3454
1.712	 3.70	 1	 -42.3564	  172.2862
1.715	 2.37	 2	 -44.9115	  172.1366
1.715	 2.05	 2	 -44.8246	  171.9816
1.717	 2.06	 2	 -44.9002	  172.1588
1.717	 2.22	 2	 -41.6941	  174.3575
1.718	 2.13	 1	 -42.7981	  172.4432
1.719	 2.46	 1	 -42.2142	  173.6835
1.721	 3.27	 2	 -44.9112	  172.0716
1.727	 2.38	 2	 -44.8698	  172.0788
1.730	 3.30	 1	 -41.9481	  173.9590
1.730	 3.31	 2	 -44.6089	  172.0240
1.732	 2.68	 1	 -42.5848	  169.8017
1.738	 2.41	 2	 -43.0405	  172.4751
1.740	 2.41	 1	 -41.6987	  171.7209
1.744	 2.64	 2	 -44.8582	  172.0568
1.749	 2.10	 1	 -42.0381	  174.0246
1.749	 2.33	 1	 -42.6159	  173.0135
1.753	 2.03	 2	 -41.9720	  174.1025
1.755	 2.24	 1	 -39.8612	  171.1278
1.757	 2.62	 1	 -42.1607	  173.7875
1.765	 2.80	 1	 -42.1746	  173.6687
1.765	 2.27	 2	 -44.8857	  172.1005
1.767	 2.10	 2	 -41.6005	  174.1962
1.768	 2.12	 2	 -44.6634	  172.0512
1.772	 2.06	 2	 -41.7487	  174.3422
1.777	 2.09	 1	 -41.6385	  174.7277
1.785	 2.12	 2	 -44.8181	  172.0319
1.789	 2.11	 1	 -41.3207	  172.6288
1.792	 2.01	 1	 -42.7211	  172.8961
1.792	 2.52	 1	 -44.3652	  172.8845
1.792	 3.18	 1	 -42.9382	  173.0807
1.794	 2.77	 1	 -43.2401	  174.3432
1.799	 2.91	 1	 -42.5535	  173.3086
1.805	 2.47	 2	 -41.7085	  173.9778
1.805	 2.18	 1	 -42.0965	  173.4465
1.805	 2.01	 1	 -41.3623	  173.2815
1.809	 2.50	 1	 -43.5746	  172.5897
1.819	 2.37	 2	 -49.3447	  172.8880
1.820	 4.52	 2	 -41.7457	  174.1359
1.826	 2.47	 1	 -44.3217	  173.8857
1.829	 2.33	 1	 -41.9778	  173.7439
1.832	 2.15	 1	 -42.1480	  173.9227
1.833	 2.02	 2	 -42.0206	  174.3932
1.835	 2.06	 1	 -41.6692	  174.2400
1.839	 2.40	 2	 -44.8758	  172.0498
1.839	 3.30	 2	 -44.8130	  177.3190
1.840	 2.65	 2	 -44.8090	  172.1131
1.844	 2.36	 2	 -44.8486	  172.1633
1.849	 2.96	 1	 -42.8861	  172.7472
1.851	 2.23	 2	 -42.0159	  174.3015
1.852	 2.01	 1	 -42.5876	  173.1356
1.854	 2.68	 1	 -43.2577	  172.5864
1.857	 2.14	 1	 -42.3087	  173.6863
1.858	 2.81	 2	 -41.8313	  174.1482
1.862	 2.28	 2	 -44.8062	  172.0187
1.864	 2.21	 2	 -41.8419	  172.2969
1.865	 2.09	 2	 -41.9348	  173.9571
1.869	 2.56	 1	 -42.2267	  173.6815
1.871	 2.06	 2	 -44.7718	  172.1228
1.875	 2.04	 1	 -42.9607	  172.8834
1.878	 2.04	 1	 -42.8561	  173.2601
1.880	 2.71	 1	 -45.6469	  169.7029
1.884	 2.05	 3	 -44.8103	  177.3370
1.887	 2.09	 1	 -42.3435	  173.0517
1.888	 2.13	 2	 -41.8669	  174.2406
1.889	 2.20	 2	 -41.7028	  174.3654
1.891	 2.32	 2	 -44.9157	  172.1540
1.894	 2.18	 1	 -42.2192	  173.5367
1.895	 2.57	 2	 -45.0653	  171.8679
1.895	 2.08	 1	 -41.3443	  167.2169
1.899	 2.54	 1	 -42.1620	  173.5873
1.902	 2.12	 1	 -42.7097	  172.5948
1.904	 2.41	 2	 -44.9126	  172.1165
1.909	 2.65	 2	 -45.7965	  170.0671
1.910	 2.17	 2	 -40.6811	  175.2874
1.911	 2.01	 1	 -42.9259	  172.8619
1.915	 3.19	 2	 -44.9997	  172.0398
1.915	 2.33	 2	 -41.7249	  174.4798
1.918	 2.46	 1	 -41.7265	  178.9971
1.921	 2.27	 1	 -41.3076	  175.5773
1.930	 2.33	 3	 -41.8833	  174.5246
1.931	 3.23	 1	 -42.6284	  172.8752
1.933	 2.10	 2	 -44.6560	  172.1302
1.934	 2.58	 1	 -42.2912	  174.0715
1.944	 2.03	 2	 -41.4502	  174.1325
1.946	 2.02	 1	 -41.8300	  174.1842
1.949	 4.38	 1	 -42.1600	  173.2813
1.956	 2.07	 1	 -42.4313	  173.1102
1.957	 2.26	 1	 -43.7050	  176.9734
1.958	 2.50	 2	 -44.7953	  172.2049
1.959	 3.04	 2	 -44.8682	  172.3864
1.970	 2.24	 1	 -43.1390	  173.3820
1.971	 3.66	 1	 -42.1048	  173.1657
1.978	 2.20	 1	 -42.2079	  173.7035
1.982	 2.28	 2	 -45.4955	  173.5444
1.990	 2.64	 1	 -42.0772	  173.6727
1.991	 2.20	 1	 -42.6158	  172.9597
1.993	 2.29	 2	 -41.7671	  174.4333
1.997	 2.08	 2	 -44.7410	  171.9392
2.000	 2.99	 1	 -42.4526	  173.9268
2.000	 2.08	 1	 -42.7617	  172.2651
2.004	 2.34	 1	 -42.2132	  173.4728
2.015	 2.83	 2	 -44.6164	  171.8897
2.019	 2.56	 2	 -45.0900	  171.9903
2.019	 2.45	 2	 -41.8374	  174.2942
2.028	 2.43	 2	 -45.4569	  173.5304
2.031	 2.06	 1	 -41.8784	  172.0304
2.039	 2.47	 1	 -43.2584	  173.9614
2.041	 2.01	 1	 -42.2281	  172.9200
2.043	 2.15	 2	 -41.8178	  174.1969
2.048	 3.96	 1	 -42.2770	  173.2800
2.051	 2.17	 2	 -41.7909	  174.0280
2.053	 3.28	 1	 -42.6772	  173.2905
2.056	 2.77	 2	 -44.6539	  171.9401
2.057	 2.09	 2	 -41.9441	  175.6076
2.057	 2.44	 2	 -41.0352	  176.1543
2.064	 2.09	 1	 -42.6389	  173.1111
2.072	 2.38	 1	 -42.1307	  176.7039
2.077	 2.31	 1	 -42.8292	  179.1371
2.077	 2.10	 1	 -42.1889	  173.5782
2.081	 2.28	 1	 -42.8980	  174.5285
2.081	 2.47	 1	 -41.9378	  174.5474
2.085	 2.16	 2	 -43.1187	  173.0417
2.093	 2.13	 1	 -41.9305	  173.5730
2.094	 2.28	 1	 -41.9245	  173.2359
2.095	 2.26	 1	 -42.3973	  172.9554
2.111	 2.17	 2	 -41.8193	  174.0027
2.112	 2.09	 2	 -44.7732	  172.1073
2.118	 2.40	 2	 -44.8741	  171.7092
2.121	 2.44	 2	 -44.9992	  172.0073
2.122	 2.31	 1	 -42.5924	  172.6072
2.124	 2.11	 2	 -44.8638	  171.9316
2.125	 2.37	 2	 -42.1649	  173.8637
2.128	 2.06	 1	 -42.0132	  173.7039
2.130	 2.09	 2	 -44.8643	  172.0644
2.136	 2.28	 1	 -42.1537	  173.7585
2.146	 2.34	 2	 -44.8604	  172.0014
2.147	 2.33	 1	 -43.4012	  172.5714
2.148	 3.35	 2	 -41.7748	  174.2659
2.148	 2.47	 2	 -44.7678	  172.3093
2.149	 2.90	 2	 -41.8052	  174.1444
2.157	 2.77	 1	 -42.5914	  171.0122
2.159	 2.08	 1	 -42.5081	  172.7124
2.160	 2.28	 2	 -41.7468	  174.1621
2.164	 3.20	 1	 -42.3864	  171.7207
2.166	 2.08	 1	 -42.3551	  172.5211
2.170	 2.64	 1	 -42.2948	  173.9796
2.170	 2.44	 1	 -41.2770	  172.3438
2.173	 2.13	 1	 -42.4332	  173.1536
2.174	 2.99	 1	 -42.5511	  173.5516
2.176	 2.02	 1	 -42.2205	  173.6764
2.177	 2.06	 1	 -41.6008	  173.6791
2.177	 2.25	 2	 -41.9773	  174.3045
2.180	 4.18	 2	 -42.1055	  174.6876
2.190	 2.19	 2	 -41.8575	  174.2843
2.191	 2.73	 2	 -44.9104	  171.9888
2.192	 2.82	 1	 -42.7123	  173.1885
2.211	 4.33	 1	 -43.4817	  171.4903
2.217	 2.30	 1	 -42.7726	  173.4191
2.223	 2.32	 1	 -42.3778	  173.5638
2.225	 2.14	 2	 -44.9120	  172.0864
2.231	 2.18	 1	 -38.6668	  175.7475
2.237	 2.25	 1	 -42.4267	  173.0641
2.238	 2.22	 2	 -45.4195	  172.3928
2.243	 2.01	 2	 -45.1537	  171.8159
2.244	 2.26	 2	 -41.8270	  174.5725
2.250	 2.14	 2	 -44.8718	  172.0327
2.255	 2.38	 1	 -42.1914	  173.7636
2.264	 2.24	 2	 -44.7873	  171.6792
2.274	 2.53	 1	 -42.2118	  173.8030
2.275	 2.68	 2	 -41.9552	  174.2000
2.276	 2.15	 2	 -44.8725	  172.0734
2.282	 2.23	 2	 -41.7770	  174.0891
2.291	 2.04	 2	 -42.9717	  173.8922
2.295	 2.09	 1	 -43.4405	  170.3734
2.297	 2.11	 1	 -41.7180	  174.6249
2.298	 3.00	 1	 -42.3434	  173.2720
2.303	 2.12	 1	 -41.8367	  172.9282
2.323	 2.02	 2	 -44.8354	  172.1057
2.323	 2.37	 2	 -41.7767	  173.9805
2.324	 2.54	 2	 -42.5568	  173.5489
2.325	 2.28	 1	 -43.4577	  166.8728
2.326	 2.04	 1	 -42.8782	  173.1532
2.328	 2.31	 2	 -41.8049	  174.2195
2.331	 2.47	 1	 -38.6124	  175.5936
2.339	 2.50	 1	 -43.1039	  172.3981
2.339	 2.31	 1	 -42.3144	  173.5946
2.339	 2.11	 1	 -42.3313	  173.7305
2.342	 2.01	 1	 -42.8045	  172.3488
2.345	 2.59	 2	 -41.8022	  174.2312
2.350	 2.27	 1	 -41.9611	  174.0338
2.354	 2.08	 1	 -42.1026	  173.0300
2.354	 2.24	 1	 -41.8034	  174.2562
2.356	 2.05	 2	 -44.8780	  172.0120
2.359	 2.24	 2	 -41.7641	  174.1782
2.361	 3.52	 1	 -42.9044	  174.1484
2.362	 2.24	 1	 -41.6743	  174.1744
2.366	 2.47	 1	 -42.8391	  172.6120
2.369	 2.09	 1	 -42.5293	  172.8947
2.372	 2.86	 2	 -44.9078	  172.3160
2.374	 2.44	 1	 -44.5244	  174.2663
2.376	 2.37	 1	 -43.2194	  173.6286
2.376	 2.14	 2	 -41.3281	  174.1064
2.381	 2.37	 2	 -44.9375	  172.1679
2.388	 2.15	 2	 -45.1105	  172.2119
2.388	 2.10	 1	 -43.9516	  171.4223
2.390	 2.10	 2	 -41.6298	  174.5163
2.398	 2.24	 2	 -44.8749	  172.3832
2.399	 2.30	 1	 -42.1338	  172.2897
2.402	 2.56	 1	 -41.6616	  174.0387
2.411	 2.14	 2	 -44.9586	  172.8306
2.414	 2.13	 1	 -42.7022	  172.9808
2.435	 2.70	 2	 -44.9307	  172.0313
2.440	 2.19	 1	 -41.6630	  174.2978
2.453	 2.43	 1	 -42.2409	  173.6403
2.460	 2.56	 2	 -43.0831	  172.6958
2.461	 2.21	 1	 -42.1024	  173.7868
2.463	 2.09	 1	 -42.5858	  174.3064
2.468	 2.20	 2	 -41.6884	  174.2434
2.478	 2.92	 1	 -42.3562	  173.0807
2.479	 2.19	 1	 -41.2049	  167.2489
2.482	 2.06	 1	 -42.1960	  173.6288
2.483	 2.15	 2	 -45.1294	  170.8455
2.495	 3.07	 1	 -42.7565	  172.7418
2.496	 2.07	 1	 -42.1499	  173.9086
2.498	 2.52	 1	 -43.0135	  173.1160
2.500	 2.37	 1	 -41.7782	  174.2774
2.500	 2.56	 1	 -42.3755	  173.8628
2.503	 2.56	 2	 -45.0209	  171.4683
2.505	 2.31	 1	 -42.2387	  173.6512
2.505	 2.06	 1	 -42.5699	  173.0197
2.509	 2.84	 3	 -45.8695	  169.5138
2.522	 3.02	 2	 -41.8819	  174.3748
2.525	 2.04	 1	 -41.8280	  174.4283
2.527	 2.38	 1	 -42.6510	  173.1694
2.531	 2.29	 1	 -43.0836	  171.4087
2.539	 3.11	 1	 -41.8217	  177.6706
2.547	 2.10	 1	 -42.5381	  173.2700
2.555	 2.21	 2	 -44.8048	  171.9701
2.557	 4.49	 2	 -44.9030	  172.0969
2.567	 2.42	 2	 -41.7627	  174.3608
2.571	 2.04	 2	 -44.8926	  172.0697
2.576	 2.10	 2	 -41.7187	  174.1214
2.581	 3.12	 2	 -41.9817	  174.0523
2.582	 2.08	 3	 -44.8833	  172.0921
2.585	 2.06	 2	 -44.8019	  172.0570
2.587	 2.16	 2	 -44.9255	  172.1113
2.591	 2.15	 1	 -42.9521	  171.6085
2.594	 2.15	 1	 -42.9981	  172.8111
2.595	 2.03	 2	 -41.8671	  173.5872
2.596	 2.28	 1	 -42.1954	  173.1244
2.603	 2.03	 1	 -42.2082	  173.6943
2.608	 2.28	 1	 -42.1348	  167.9431
2.609	 2.63	 2	 -44.9121	  172.0534
2.610	 2.12	 2	 -41.5080	  174.2668
2.611	 2.30	 1	 -40.8085	  170.3179
2.611	 2.38	 2	 -49.3515	  172.8114
2.623	 2.02	 1	 -42.0658	  172.2213
2.661	 2.33	 1	 -42.0160	  173.7856
2.671	 2.35	 2	 -42.2656	  174.3445
2.677	 2.59	 2	 -42.0070	  174.1417
2.681	 2.23	 3	 -44.9144	  172.1184
2.683	 2.85	 1	 -42.7370	  172.9796
2.698	 2.00	 2	 -45.0761	  172.0051
2.704	 2.24	 2	 -41.6669	  174.2540
2.705	 2.54	 1	 -39.4780	  169.5584
2.709	 2.87	 1	 -42.2891	  173.8170
2.709	 2.01	 2	 -48.1179	  167.8618
2.713	 2.26	 2	 -44.9189	  170.9814
2.723	 2.12	 1	 -42.5732	  174.2209
2.739	 3.03	 1	 -42.4719	  173.3148
2.745	 2.43	 2	 -41.6309	  174.0982
2.746	 2.23	 2	 -44.7426	  171.9287
2.751	 2.12	 1	 -41.8420	  172.7312
2.756	 2.18	 2	 -41.8483	  174.0788
2.759	 2.05	 2	 -44.9410	  171.8461
2.759	 2.13	 1	 -42.4484	  173.3229
2.772	 2.06	 1	 -41.7187	  174.2551
2.774	 3.83	 1	 -42.3817	  173.3551
2.776	 2.27	 1	 -42.6402	  173.8616
2.780	 2.38	 2	 -42.0152	  174.0156
2.787	 2.01	 2	 -42.1453	  174.1064
2.788	 2.06	 2	 -41.6622	  174.2229
2.801	 2.24	 1	 -42.9841	  173.1001
2.814	 2.09	 1	 -43.2740	  173.6355
2.816	 2.20	 1	 -40.3485	  171.6967
2.818	 2.79	 1	 -44.2915	  173.1857
2.823	 2.21	 1	 -42.4804	  173.0804
2.824	 2.12	 2	 -43.4733	  171.4692
2.838	 2.13	 1	 -44.7829	  173.8720
2.846	 2.17	 2	 -44.6068	  171.8100
2.860	 2.10	 2	 -41.7423	  174.6662
2.861	 2.28	 2	 -44.9019	  172.0655
2.862	 2.03	 1	 -38.2082	  172.5707
2.863	 2.40	 1	 -42.5392	  173.0965
2.867	 2.57	 1	 -42.5551	  173.0222
2.887	 2.44	 1	 -39.4588	  168.7712
2.902	 2.06	 2	 -44.8434	  172.0584
2.912	 2.07	 1	 -42.4793	  173.4144
2.914	 2.10	 1	 -43.6953	  173.2362
2.918	 2.24	 1	 -43.0244	  171.8108
2.924	 2.32	 2	 -41.6868	  174.2708
2.930	 2.42	 2	 -44.9110	  171.7209
2.942	 2.04	 1	 -42.2444	  173.5914
2.950	 2.11	 1	 -43.4713	  172.7081
2.950	 2.59	 3	 -42.2539	  173.7325
2.951	 2.28	 1	 -42.5689	  173.2822
2.952	 2.02	 1	 -42.6068	  172.9602
2.958	 2.10	 1	 -42.4842	  173.6710
2.969	 2.23	 1	 -42.7967	  173.1384
2.971	 2.22	 1	 -42.0044	  173.6380
2.973	 2.67	 2	 -41.7838	  174.2104
2.980	 2.64	 2	 -41.8105	  174.1890
2.981	 2.03	 1	 -40.0143	  170.7885
2.982	 2.29	 1	 -42.6895	  171.5249
2.987	 2.11	 2	 -41.7975	  174.3183
2.988	 2.61	 1	 -42.0529	  173.2640
2.997	 2.78	 1	 -42.8654	  173.7815
2.999	 2.09	 2	 -44.9401	  171.8686
3.007	 3.37	 2	 -42.4343	  174.2029
3.011	 2.31	 1	 -42.9436	  173.4512
3.013	 3.27	 1	 -42.1465	  173.6360
3.022	 3.18	 2	 -40.4403	  175.9179
3.022	 2.22	 2	 -41.8298	  174.1867
3.023	 2.19	 1	 -42.3062	  172.9204
3.032	 2.32	 2	 -44.6153	  171.9161
3.038	 2.42	 2	 -41.4278	  175.0986
3.038	 2.13	 1	 -44.0891	  172.9157
3.043	 2.02	 1	 -42.2216	  173.3944
3.046	 2.13	 1	 -41.7237	  174.2745
3.048	 3.16	 1	 -42.0132	  173.7148
3.060	 2.46	 2	 -44.7018	  172.2735
3.070	 2.25	 2	 -43.2033	  172.2846
3.072	 2.05	 1	 -41.9880	  173.7137
3.077	 2.15	 1	 -43.2554	  173.2071
3.079	 2.28	 1	 -41.7644	  174.4152
3.092	 2.75	 3	 -44.8082	  177.3187
3.098	 2.18	 1	 -42.2640	  173.6033
3.100	 3.82	 1	 -42.5870	  172.1212
3.100	 2.79	 2	 -41.6821	  174.8063
3.109	 2.23	 2	 -44.6977	  172.8752
3.110	 2.14	 1	 -43.1875	  172.6639
3.123	 2.43	 2	 -45.0804	  172.3493
3.130	 2.52	 1	 -43.3469	  173.6848
3.135	 2.19	 1	 -42.7831	  172.7839
3.152	 2.27	 1	 -42.2715	  173.6285
3.169	 2.65	 2	 -44.0385	  172.6269
3.171	 2.05	 2	 -41.5432	  173.6541
3.174	 3.28	 1	 -42.3462	  173.3784
3.174	 2.59	 1	 -42.7780	  173.6029
3.187	 2.09	 1	 -43.1383	  173.6063
3.195	 2.03	 2	 -41.7694	  174.2189
3.214	 2.11	 2	 -44.8967	  172.0992
3.216	 2.35	 2	 -44.9865	  172.2387
3.220	 2.04	 1	 -42.5544	  172.8755
3.221	 2.39	 1	 -42.0166	  172.7536
3.222	 2.40	 1	 -42.2338	  173.6684
3.229	 3.07	 2	 -45.0844	  172.4955
3.249	 2.65	 1	 -42.5669	  173.0891
3.255	 2.19	 1	 -42.6494	  172.9220
3.259	 2.08	 2	 -44.9794	  171.7775
3.275	 2.07	 1	 -41.9815	  173.5862
3.280	 2.71	 1	 -42.6250	  172.9417
3.281	 2.77	 2	 -45.1467	  172.3318
3.281	 2.40	 1	 -42.4709	  175.1410
3.288	 2.24	 1	 -42.1393	  173.4388
3.289	 2.56	 2	 -41.7526	  174.3944
3.295	 2.50	 2	 -41.8530	  173.7935
3.303	 2.46	 2	 -38.5589	  170.0307
3.310	 2.49	 2	 -41.8483	  174.1183
3.314	 2.22	 1	 -42.9847	  171.8785
3.315	 2.33	 1	 -43.2865	  166.9721
3.316	 2.40	 2	 -40.9486	  173.1323
3.322	 2.19	 1	 -41.7816	  174.2199
3.328	 3.30	 1	 -42.5136	  173.6812
3.329	 2.44	 1	 -42.2281	  175.0469
3.345	 4.79	 1	 -42.2189	  173.5911
3.355	 2.07	 1	 -41.4098	  173.5506
3.358	 2.65	 1	 -42.4672	  172.4671
3.363	 2.46	 1	 -41.9740	  173.5872
3.363	 2.78	 2	 -39.0184	  175.7706
3.368	 2.37	 1	 -42.6176	  172.8133
3.369	 2.14	 2	 -44.4962	  172.4833
3.370	 2.06	 1	 -42.1670	  173.8451
3.383	 2.41	 1	 -42.3976	  173.6584
3.387	 2.13	 1	 -41.9961	  172.9375
3.390	 2.05	 2	 -41.9760	  173.5718
3.390	 2.39	 1	 -43.0595	  173.3165
3.397	 3.43	 1	 -44.0413	  170.2692
3.401	 3.30	 1	 -42.0026	  173.6666
3.412	 2.32	 1	 -42.4860	  173.0513
3.415	 2.18	 1	 -42.5365	  172.0875
3.416	 3.29	 2	 -41.7891	  174.1672
3.430	 2.36	 1	 -42.1513	  174.7503
3.447	 3.01	 2	 -44.7560	  171.6078
3.466	 2.24	 2	 -44.8938	  172.0956
3.467	 2.02	 2	 -42.1139	  174.1333
3.481	 2.00	 2	 -42.2761	  173.2704
3.503	 2.26	 2	 -42.3688	  174.5323
3.508	 2.05	 1	 -42.6732	  173.2411
3.508	 3.30	 2	 -43.5590	  171.5052
3.508	 2.40	 1	 -42.4365	  173.8220
3.526	 2.30	 1	 -41.9543	  174.2158
3.530	 3.47	 2	 -41.7807	  174.1323
3.533	 2.24	 2	 -41.7645	  174.0634
3.534	 2.98	 1	 -42.2337	  173.6446
3.538	 2.38	 1	 -42.5941	  173.8950
3.539	 2.75	 1	 -38.7183	  170.1601
3.544	 2.19	 1	 -41.6800	  174.2972
3.548	 2.28	 1	 -43.4283	  172.2379
3.559	 2.12	 1	 -42.2682	  173.6308
3.588	 2.28	 2	 -44.6502	  170.3955
3.606	 2.19	 3	 -44.9139	  171.7583
3.607	 2.81	 3	 -44.8317	  177.2694
3.608	 3.05	 1	 -40.7910	  175.4472
3.611	 2.71	 1	 -41.8763	  173.9679
3.612	 2.80	 2	 -42.7268	  173.1925
3.624	 2.38	 2	 -42.2220	  173.5680
3.628	 2.30	 3	 -43.5617	  171.5044
3.645	 2.27	 2	 -44.9359	  172.2011
3.650	 2.57	 1	 -41.9562	  173.9827
3.650	 2.36	 1	 -42.1444	  173.8366
3.650	 2.53	 3	 -44.8953	  172.0910
3.654	 3.09	 2	 -45.0976	  172.0846
3.658	 3.04	 1	 -42.1321	  173.6458
3.663	 2.04	 1	 -42.5722	  173.1378
3.667	 2.68	 1	 -42.6012	  172.9488
3.676	 2.40	 1	 -42.0307	  173.7129
3.677	 2.44	 1	 -42.8824	  172.4344
3.703	 2.71	 1	 -42.9743	  173.8334
3.708	 2.49	 2	 -41.6143	  174.3359
3.714	 2.07	 1	 -43.8438	  175.3949
3.724	 2.53	 1	 -42.1346	  173.2112
3.737	 2.81	 1	 -43.4683	  173.1836
3.748	 2.11	 1	 -43.3379	  178.0471
3.760	 3.70	 1	 -42.0129	  173.6573
3.760	 2.95	 1	 -42.1564	  173.2731
3.762	 2.00	 2	 -44.9707	  171.9879
3.766	 2.07	 2	 -44.8161	  172.0175
3.766	 2.82	 2	 -44.9128	  172.0533
3.769	 2.14	 1	 -41.7617	  174.3819
3.774	 3.04	 1	 -46.7449	  170.3706
3.778	 2.48	 2	 -41.7257	  174.3140
3.779	 2.01	 1	 -42.6507	  172.8997
3.793	 2.04	 1	 -42.0505	  173.6795
3.804	 2.60	 1	 -42.1142	  173.2220
3.817	 2.13	 3	 -41.6297	  174.2199
3.824	 2.06	 2	 -44.9241	  172.1034
3.830	 2.04	 2	 -42.4441	  173.6634
3.832	 2.10	 2	 -43.1944	  175.8811
3.836	 2.40	 1	 -42.4016	  173.3387
3.847	 2.22	 1	 -38.1982	  173.2163
3.870	 2.55	 1	 -41.6593	  173.4047
3.874	 2.22	 2	 -41.7689	  174.1566
3.902	 2.04	 2	 -42.0096	  173.6545
3.911	 3.70	 1	 -41.7030	  174.2760
3.915	 2.14	 1	 -42.6485	  173.0527
3.929	 2.02	 1	 -42.2124	  173.7242
3.929	 2.02	 2	 -41.6760	  174.3569
3.940	 2.14	 2	 -44.9488	  172.1242
3.960	 2.15	 2	 -40.7713	  173.8777
3.966	 3.60	 1	 -42.4461	  173.2788
3.967	 2.11	 2	 -41.6773	  174.1916
3.967	 2.05	 2	 -44.8698	  172.0229
3.970	 2.66	 1	 -42.2875	  173.8141
3.973	 2.52	 1	 -42.5442	  173.4010
3.975	 2.55	 1	 -41.9823	  173.6219
3.993	 2.12	 1	 -42.3234	  173.4469
4.007	 2.01	 1	 -42.1909	  170.9991
4.011	 2.28	 1	 -42.1297	  173.6595
4.033	 2.11	 1	 -42.2313	  173.6270
4.054	 2.61	 1	 -42.1706	  173.6007
4.060	 2.34	 1	 -42.4820	  173.9262
4.070	 2.16	 1	 -42.3130	  173.6723
4.079	 2.39	 1	 -41.9839	  173.5082
4.100	 2.06	 1	 -43.0603	  173.6841
4.103	 2.41	 1	 -42.6778	  173.5614
4.107	 4.92	 1	 -43.2417	  172.1063
4.126	 2.06	 1	 -42.7927	  172.6795
4.148	 2.06	 1	 -42.1435	  173.0016
4.151	 4.04	 1	 -42.7672	  172.2948
4.152	 2.26	 1	 -42.3303	  171.9921
4.191	 2.60	 1	 -42.5635	  173.0433
4.195	 4.18	 3	 -41.6871	  174.4395
4.198	 2.54	 1	 -42.7641	  173.0987
4.198	 2.67	 1	 -42.5029	  174.3728
4.201	 2.40	 2	 -43.1798	  172.1688
4.206	 3.14	 1	 -42.8475	  172.9337
4.211	 2.17	 1	 -42.4125	  172.2142
4.215	 2.11	 2	 -45.0343	  172.0811
4.220	 3.55	 2	 -41.7618	  174.1153
4.223	 2.11	 1	 -42.5767	  173.1719
4.226	 2.02	 1	 -43.0559	  173.3122
4.236	 2.39	 1	 -43.2535	  173.1860
4.236	 2.40	 2	 -41.6202	  174.1909
4.251	 2.26	 2	 -42.0271	  173.9806
4.263	 2.39	 1	 -42.0623	  173.7099
4.266	 2.18	 1	 -42.1055	  173.6174
4.267	 2.04	 1	 -42.9788	  173.4733
4.269	 2.36	 2	 -43.2477	  172.1372
4.285	 2.24	 1	 -42.1121	  173.6231
4.291	 2.32	 1	 -41.6772	  174.2512
4.298	 2.77	 1	 -41.8732	  173.6840
4.299	 2.11	 2	 -41.4624	  173.2434
4.304	 2.44	 1	 -42.3059	  173.5566
4.315	 3.19	 1	 -42.2711	  173.6248
4.329	 2.15	 1	 -41.9472	  173.9907
4.333	 2.09	 2	 -43.2484	  172.1223
4.341	 2.21	 1	 -42.3139	  173.9615
4.343	 2.34	 1	 -42.5347	  172.8469
4.348	 2.07	 1	 -41.9777	  172.6681
4.348	 3.13	 1	 -41.7881	  174.0798
4.354	 2.37	 1	 -43.0635	  174.1638
4.363	 2.14	 2	 -38.7185	  170.1624
4.392	 3.23	 1	 -44.1244	  173.2782
4.404	 2.15	 1	 -42.1554	  173.5680
4.404	 2.23	 2	 -41.6515	  174.2096
4.449	 2.15	 1	 -42.5462	  172.0957
4.493	 2.53	 1	 -43.2051	  173.1772
4.493	 2.23	 1	 -41.7360	  174.2499
4.502	 2.92	 2	 -41.8424	  174.4457
4.512	 2.40	 1	 -42.5680	  172.2140
4.522	 2.07	 1	 -42.6161	  173.6328
4.533	 2.35	 3	 -44.8719	  172.3496
4.548	 2.06	 2	 -43.5491	  172.7370
4.551	 2.25	 2	 -41.7677	  173.4914
4.557	 3.24	 1	 -43.4682	  170.0927
4.574	 2.88	 1	 -43.0097	  173.6642
4.574	 2.31	 2	 -41.7796	  174.3366
4.584	 3.16	 1	 -44.1876	  176.0522
4.587	 2.43	 1	 -42.5032	  173.1076
4.590	 2.14	 2	 -42.7477	  172.2693
4.607	 2.19	 1	 -41.7907	  174.4321
4.609	 2.07	 1	 -45.2519	  178.0523
4.622	 2.88	 1	 -39.8494	  173.0609
4.627	 2.67	 2	 -44.3604	  170.8868
4.636	 2.53	 2	 -41.7421	  174.3261
4.639	 3.39	 1	 -41.8567	  173.6099
4.646	 2.36	 2	 -42.9766	  173.5025
4.656	 2.31	 1	 -42.5975	  172.6461
4.660	 2.40	 1	 -42.5485	  171.4056
4.665	 4.05	 1	 -41.6961	  174.0177
4.672	 2.13	 1	 -42.7782	  172.9463
4.685	 2.90	 2	 -43.2556	  172.1075
4.689	 2.32	 1	 -40.9476	  178.6605
4.703	 2.13	 1	 -42.9340	  172.5986
4.706	 2.03	 2	 -41.7981	  174.3157
4.724	 2.27	 1	 -42.9612	  173.1519
4.731	 4.15	 2	 -44.8235	  172.0872
4.736	 2.68	 1	 -40.0154	  169.8194
4.738	 2.26	 2	 -41.8115	  174.1300
4.756	 2.57	 1	 -42.5088	  172.9967
4.765	 2.11	 1	 -39.8256	  177.7352
4.775	 2.16	 1	 -43.0009	  172.0119
4.791	 3.80	 1	 -41.9177	  174.2977
4.801	 2.15	 1	 -43.2424	  172.8983
4.809	 2.23	 1	 -42.7888	  172.6706
4.810	 2.15	 2	 -41.9183	  174.2845
4.836	 2.22	 1	 -42.9360	  177.2487
4.850	 2.12	 1	 -42.2755	  173.7301
4.883	 2.12	 2	 -44.6754	  171.5933
4.895	 2.01	 1	 -42.2285	  173.6636
4.899	 2.56	 1	 -43.2882	  172.5049
4.923	 2.35	 1	 -42.6287	  172.7724
4.930	 2.23	 2	 -41.5512	  178.8837
4.987	 2.55	 1	 -42.4899	  173.0684
4.989	 2.23	 1	 -42.5909	  172.8210
4.991	 2.08	 2	 -45.3045	  170.4806
4.996	 2.17	 1	 -46.2060	  169.2041
4.998	 2.09	 2	 -44.8746	  172.1430
5.000	 2.89	 1	 -42.5504	  173.7625
5.003	 2.03	 1	 -42.8691	  173.1781
5.005	 2.00	 1	 -42.2002	  173.5525
5.010	 3.24	 1	 -42.1475	  173.8677
5.011	 2.29	 2	 -44.9632	  172.0711
5.022	 2.88	 2	 -43.3554	  170.2314
5.026	 2.25	 1	 -41.7370	  175.5711
5.029	 3.21	 1	 -43.6284	  172.7832
5.029	 2.56	 2	 -42.7590	  172.2961
5.034	 3.31	 2	 -42.0220	  174.2086
5.040	 2.28	 1	 -42.2156	  173.7160
5.041	 2.17	 1	 -39.3078	  169.5435
5.055	 2.18	 1	 -42.5016	  173.9090
5.055	 2.77	 1	 -45.5873	  177.7037
5.066	 2.42	 2	 -44.9424	  172.0648
5.070	 2.57	 1	 -41.5893	  173.9597
5.078	 2.19	 3	 -43.5636	  171.5860
5.079	 3.00	 2	 -44.7183	  172.0625
5.090	 2.30	 4	 -41.6798	  174.4425
5.101	 2.10	 1	 -42.5650	  173.1055
5.111	 2.29	 2	 -45.2404	  172.0894
5.113	 2.45	 1	 -43.2547	  174.7344
5.183	 2.40	 2	 -41.8777	  174.1952
5.191	 2.06	 1	 -42.2553	  173.9934
5.205	 2.28	 1	 -41.8889	  173.3406
5.227	 2.34	 2	 -42.8213	  173.4375
5.229	 2.02	 1	 -42.4412	  173.7746
5.235	 2.43	 1	 -41.4175	  172.0246
5.244	 2.98	 2	 -44.6297	  172.4108
5.260	 3.03	 2	 -42.4113	  172.2139
5.289	 2.41	 1	 -40.5546	  173.0213
5.298	 2.43	 1	 -42.8522	  174.2208
5.308	 2.22	 1	 -41.9337	  174.3121
5.320	 2.17	 1	 -42.6173	  171.7457
5.322	 2.07	 1	 -41.8919	  173.8649
5.331	 2.22	 1	 -43.4949	  179.0418
5.360	 2.52	 2	 -44.9093	  172.2747
5.371	 2.52	 1	 -42.5065	  173.3030
5.382	 2.49	 1	 -42.2274	  172.8145
5.418	 2.61	 1	 -45.8347	  170.4371
5.428	 2.65	 2	 -41.5321	  173.9140
5.449	 2.03	 1	 -42.9064	  173.1434
5.506	 2.20	 2	 -45.0465	  172.2474
5.509	 2.52	 1	 -41.9918	  173.8315
5.513	 2.24	 2	 -41.7782	  175.0741
5.521	 2.25	 1	 -42.6801	  172.8370
5.529	 2.72	 1	 -42.2820	  173.8443
5.537	 2.52	 3	 -44.8247	  171.9122
5.540	 2.16	 1	 -42.4182	  173.1548
5.549	 2.70	 1	 -41.9889	  173.2794
5.556	 3.38	 1	 -42.1554	  173.6305
5.564	 2.06	 2	 -44.4897	  173.7089
5.568	 2.14	 2	 -44.7924	  172.1511
5.579	 2.12	 1	 -41.4050	  177.6228
5.593	 2.30	 2	 -43.2502	  172.0909
5.595	 2.51	 2	 -42.1651	  173.6491
5.596	 2.09	 2	 -41.7016	  174.1157
5.602	 2.45	 3	 -44.4895	  173.7085
5.606	 2.11	 1	 -41.6723	  174.2408
5.608	 2.74	 2	 -44.8131	  171.8732
5.620	 2.41	 2	 -42.1726	  173.6685
5.629	 2.97	 1	 -41.9882	  173.7978
5.637	 2.97	 1	 -42.9041	  172.9231
5.686	 2.52	 1	 -42.2418	  173.7502
5.711	 2.16	 2	 -42.0611	  174.0897
5.723	 2.07	 2	 -41.7675	  174.2672
5.725	 2.22	 1	 -41.4359	  171.7179
5.725	 2.96	 1	 -41.9498	  173.6786
5.732	 2.41	 1	 -45.1730	  178.1249
5.739	 2.57	 1	 -41.8285	  173.5442
5.740	 2.16	 1	 -42.1960	  173.5990
5.743	 2.03	 2	 -44.8775	  171.8275
5.751	 2.04	 2	 -43.6275	  179.7239
5.755	 2.03	 1	 -41.9655	  173.8420
5.776	 2.29	 1	 -42.4763	  173.1821
5.781	 2.61	 2	 -41.9851	  173.4457
5.783	 2.29	 2	 -45.4059	  172.3374
5.792	 2.04	 1	 -41.6630	  174.1488
5.798	 2.05	 3	 -44.6283	  172.5286
5.802	 2.13	 1	 -42.6868	  172.8798
5.824	 2.28	 1	 -42.7420	  173.0271
5.828	 2.38	 2	 -42.7075	  173.0178
5.828	 2.02	 2	 -41.6251	  174.3745
5.834	 2.16	 1	 -42.4469	  173.4463
5.845	 3.02	 1	 -41.8955	  174.1646
5.851	 2.31	 1	 -42.0025	  173.6926
5.861	 2.62	 1	 -38.5901	  175.5271
5.868	 2.29	 1	 -42.2437	  173.9271
5.876	 2.29	 1	 -42.4472	  173.5150
5.899	 2.33	 1	 -41.6822	  174.2650
5.905	 2.19	 1	 -42.3042	  173.1661
5.925	 2.18	 2	 -41.8828	  174.1430
5.933	 2.16	 2	 -44.9104	  172.1063
5.937	 2.66	 1	 -41.7241	  173.7751
5.958	 2.14	 1	 -42.9707	  172.7457
5.966	 2.83	 1	 -42.1534	  174.2914
5.975	 2.00	 2	 -41.6614	  174.0635
5.981	 2.17	 1	 -42.6113	  172.8609
5.986	 3.40	 1	 -43.0091	  174.1089
5.987	 2.19	 1	 -42.5402	  173.1775
6.006	 2.62	 1	 -42.1420	  173.5923
6.018	 2.18	 1	 -40.8803	  173.1273
6.067	 2.18	 2	 -41.6378	  174.4691
6.076	 2.16	 1	 -42.6019	  172.4430
6.088	 2.59	 1	 -41.8331	  174.1481
6.088	 2.53	 2	 -42.0096	  174.2247
6.111	 2.54	 1	 -42.2943	  172.5551
6.141	 2.49	 1	 -41.9166	  173.0384
6.142	 2.40	 2	 -42.6085	  172.8153
6.158	 2.01	 2	 -42.4933	  174.2894
6.168	 2.10	 1	 -42.5036	  173.8174
6.201	 2.48	 2	 -41.8397	  174.1284
6.208	 2.26	 1	 -42.7365	  172.5604
6.213	 2.33	 1	 -47.1128	  174.1449
6.259	 2.73	 2	 -44.8954	  172.1533
6.283	 2.75	 1	 -42.5669	  173.2518
6.285	 2.14	 1	 -41.8874	  172.0966
6.286	 2.08	 2	 -44.2235	  171.8339
6.308	 2.01	 1	 -41.1026	  178.0606
6.326	 2.09	 1	 -41.7863	  171.0340
6.332	 2.09	 1	 -41.9518	  174.2037
6.341	 2.08	 2	 -44.8067	  172.1839
6.342	 2.22	 1	 -41.6773	  174.2178
6.352	 2.04	 1	 -42.2426	  173.4906
6.354	 2.33	 2	 -43.7513	  174.5504
6.364	 2.87	 1	 -42.8883	  172.7668
6.396	 2.20	 1	 -42.6658	  172.8885
6.407	 2.49	 2	 -41.6770	  173.9651
6.410	 2.33	 1	 -43.6530	  176.3508
6.424	 2.65	 2	 -42.8028	  174.4184
6.443	 3.34	 1	 -42.2723	  173.4458
6.444	 2.64	 1	 -46.8062	  170.5515
6.465	 2.05	 1	 -41.8066	  173.2323
6.466	 2.39	 1	 -42.0890	  173.7229
6.475	 2.49	 1	 -41.6595	  174.4031
6.488	 2.26	 1	 -41.9671	  172.5442
6.501	 2.67	 2	 -41.9472	  174.2677
6.511	 2.00	 1	 -42.5933	  173.4804
6.515	 2.09	 2	 -45.1767	  171.8933
6.521	 3.30	 1	 -42.5189	  172.8300
6.524	 2.25	 1	 -41.7560	  173.8385
6.531	 2.16	 1	 -41.8942	  173.9087
6.551	 2.13	 1	 -42.1784	  173.4618
6.554	 2.74	 2	 -41.8227	  174.2737
6.563	 2.24	 1	 -42.0737	  173.7844
6.610	 2.22	 2	 -44.8887	  171.8105
6.613	 2.34	 1	 -42.8120	  173.3967
6.616	 2.08	 1	 -41.9897	  173.5563
6.626	 2.28	 1	 -42.4557	  173.0770
6.641	 2.85	 2	 -41.7141	  174.0797
6.644	 2.21	 1	 -42.3589	  173.9402
6.652	 2.19	 1	 -41.7027	  174.1563
6.656	 2.51	 1	 -42.5149	  173.2608
6.659	 2.09	 1	 -42.3279	  173.3797
6.666	 2.47	 2	 -42.6701	  173.2915
6.691	 2.05	 2	 -42.8823	  172.7561
6.707	 2.33	 1	 -42.5719	  173.6518
6.736	 2.14	 1	 -41.2955	  173.9837
6.744	 2.37	 2	 -41.8863	  174.0647
6.751	 2.09	 1	 -41.6466	  174.2520
6.754	 2.42	 1	 -42.2810	  173.8805
6.754	 2.30	 1	 -43.6783	  173.6062
6.775	 2.31	 1	 -41.8477	  173.9071
6.789	 2.54	 2	 -41.7791	  174.3640
6.800	 2.52	 2	 -42.2381	  173.6544
6.803	 2.14	 1	 -42.3993	  174.1511
6.843	 2.28	 2	 -41.8070	  174.2736
6.851	 2.10	 1	 -43.1444	  171.4791
6.905	 3.28	 1	 -41.8407	  172.8519
6.905	 2.05	 3	 -44.8607	  172.3954
6.916	 2.07	 1	 -41.5334	  174.1045
6.918	 2.52	 1	 -41.5250	  172.6225
6.933	 3.18	 1	 -42.5220	  173.1134
6.934	 2.70	 1	 -38.2922	  174.2812
6.943	 2.29	 1	 -42.1586	  173.6041
6.959	 2.04	 1	 -42.3215	  173.9267
6.964	 2.80	 1	 -42.7513	  173.5118
6.989	 2.23	 1	 -42.2295	  173.5700
6.994	 2.61	 1	 -41.7928	  173.2701
7.001	 2.15	 1	 -42.7832	  173.0836
7.003	 2.12	 1	 -42.3509	  173.6912
7.005	 3.04	 1	 -42.5629	  173.1681
7.044	 2.65	 1	 -42.2105	  170.8741
7.092	 2.09	 2	 -44.8811	  172.1443
7.103	 2.54	 1	 -42.9210	  172.8789
7.119	 2.21	 1	 -43.4176	  173.9902
7.129	 2.07	 1	 -42.2774	  173.4879
7.144	 2.25	 2	 -41.8366	  174.2379
7.161	 2.13	 1	 -44.9137	  173.9614
7.171	 2.85	 2	 -44.9418	  171.9754
7.181	 2.97	 1	 -42.6540	  172.7083
7.209	 2.61	 1	 -44.5529	  173.2693
7.259	 2.04	 2	 -41.8956	  174.2206
7.274	 2.36	 2	 -44.9961	  171.9934
7.281	 2.20	 1	 -43.3576	  172.8376
7.309	 2.79	 1	 -41.8985	  174.0800
7.318	 2.34	 2	 -42.8096	  173.4092
7.323	 2.09	 1	 -42.5978	  172.9675
7.343	 2.16	 1	 -42.1630	  173.2220
7.360	 2.42	 2	 -43.7491	  173.5026
7.363	 2.05	 1	 -43.0502	  171.0571
7.376	 2.15	 1	 -44.1888	  172.4034
7.383	 2.02	 1	 -42.6939	  172.8382
7.387	 2.03	 1	 -43.4726	  172.3838
7.394	 2.15	 1	 -42.7159	  173.0664
7.399	 3.23	 1	 -38.2030	  173.3648
7.403	 2.48	 1	 -42.1268	  173.3340
7.405	 2.84	 1	 -43.7009	  170.3686
7.406	 2.17	 2	 -43.2476	  172.1038
7.412	 2.78	 1	 -42.8457	  172.5265
7.431	 2.61	 1	 -42.3688	  173.7323
7.436	 2.65	 1	 -42.3532	  173.6811
7.467	 2.08	 2	 -42.9593	  173.5545
7.474	 2.04	 1	 -44.4858	  175.2415
7.494	 2.24	 1	 -41.9926	  173.7272
7.511	 2.13	 1	 -42.7181	  172.7217
7.513	 2.08	 1	 -41.6580	  173.2824
7.550	 3.74	 1	 -42.5151	  173.7878
7.551	 2.02	 1	 -42.6835	  172.3741
7.583	 2.41	 1	 -39.4312	  168.8103
7.612	 2.37	 2	 -42.7006	  173.0486
7.635	 2.04	 2	 -41.7360	  174.1475
7.637	 2.33	 1	 -39.4582	  177.2722
7.654	 2.54	 1	 -43.8697	  176.3661
7.655	 2.11	 1	 -45.6314	  172.7837
7.670	 2.21	 1	 -42.4468	  172.9190
7.672	 2.27	 2	 -41.6092	  173.9841
7.678	 2.20	 1	 -42.2803	  173.7939
7.712	 2.22	 1	 -41.7189	  174.2643
7.759	 2.97	 1	 -41.9305	  173.3985
7.882	 2.15	 2	 -47.1712	  171.7826
7.914	 2.09	 1	 -42.3649	  172.8455
7.961	 3.11	 2	 -41.8085	  174.2533
7.980	 2.00	 3	 -44.9031	  172.1466
7.985	 2.44	 1	 -42.5604	  172.9369
8.004	 2.16	 1	 -42.8352	  172.8155
8.022	 2.17	 2	 -44.9959	  172.0340
8.028	 2.76	 1	 -42.1013	  173.7385
8.049	 3.12	 2	 -41.8502	  174.3511
8.121	 2.02	 1	 -41.6508	  173.6101
8.121	 2.12	 1	 -42.8595	  171.8039
8.123	 2.04	 1	 -42.6237	  172.9319
8.162	 2.04	 2	 -41.8380	  174.2516
8.165	 2.15	 1	 -43.2535	  173.1651
8.173	 2.02	 2	 -43.2547	  172.1625
8.186	 2.29	 1	 -42.0910	  173.7236
8.198	 2.39	 1	 -41.7298	  174.2910
8.212	 2.67	 1	 -41.8748	  173.8848
8.215	 2.08	 1	 -42.8491	  172.9297
8.223	 2.14	 1	 -41.7921	  174.4746
8.232	 2.15	 1	 -42.3099	  173.2239
8.232	 2.15	 1	 -42.3029	  173.8713
8.240	 2.45	 1	 -41.6348	  174.2783
8.267	 2.67	 1	 -42.4482	  172.9149
8.318	 2.02	 2	 -43.0693	  174.3474
8.319	 2.31	 1	 -42.4627	  172.9018
8.350	 3.11	 2	 -42.4006	  179.1357
8.352	 2.52	 1	 -42.1917	  173.8239
8.355	 2.58	 2	 -42.1675	  173.8536
8.361	 2.51	 1	 -42.9875	  173.3401
8.382	 2.49	 3	 -42.1528	  173.8593
8.428	 2.10	 1	 -42.3497	  173.4572
8.435	 2.35	 1	 -41.7212	  174.2792
8.443	 2.34	 2	 -41.5904	  173.8450
8.502	 2.24	 2	 -41.8562	  173.9637
8.521	 2.29	 1	 -42.0585	  173.7876
8.527	 2.76	 2	 -41.8585	  174.3358
8.541	 2.03	 1	 -42.8522	  173.8375
8.548	 3.48	 2	 -41.9760	  174.1802
8.550	 2.57	 2	 -40.2510	  172.3572
8.553	 2.25	 2	 -42.8706	  173.5486
8.578	 4.75	 1	 -41.6832	  174.4014
8.585	 2.36	 3	 -41.9740	  174.1785
8.693	 2.04	 2	 -41.9586	  171.3941
8.707	 2.57	 1	 -43.7604	  171.6497
8.708	 2.10	 1	 -42.8402	  172.9897
8.710	 2.65	 1	 -42.4665	  173.2239
8.710	 2.45	 1	 -44.6994	  170.2389
8.719	 3.21	 1	 -42.4517	  173.7923
8.731	 4.16	 1	 -42.3437	  173.6091
8.761	 2.09	 1	 -42.3219	  174.4350
8.767	 2.14	 1	 -42.4513	  172.9846
8.788	 2.21	 1	 -43.0654	  172.3449
8.796	 2.41	 3	 -44.9975	  171.9940
8.872	 2.22	 1	 -41.8043	  172.2292
8.875	 2.04	 1	 -39.1607	  174.3075
8.904	 2.43	 1	 -47.0731	  172.8322
8.924	 2.12	 1	 -40.3079	  173.9184
8.939	 2.19	 2	 -41.9841	  174.1324
8.946	 2.94	 2	 -43.0348	  172.7015
8.948	 2.02	 2	 -42.4750	  173.1923
8.955	 2.01	 1	 -42.6394	  172.9926
8.956	 2.57	 1	 -41.2878	  173.2135
9.007	 4.38	 1	 -42.4466	  173.3572
9.019	 2.11	 1	 -42.2490	  173.6874
9.039	 2.27	 2	 -42.4184	  173.3525
9.040	 2.24	 2	 -41.7271	  174.1809
9.050	 2.73	 1	 -42.0427	  179.0757
9.059	 2.26	 1	 -42.9980	  173.2355
9.060	 2.11	 1	 -38.7177	  170.1618
9.074	 2.18	 1	 -42.9520	  172.9214
9.088	 2.90	 1	 -41.8265	  175.8706
9.103	 2.09	 2	 -42.0057	  174.3612
9.103	 2.45	 1	 -42.6770	  173.2609
9.112	 2.41	 1	 -42.4663	  172.8708
9.143	 2.10	 2	 -42.4476	  173.3729
9.159	 2.28	 2	 -42.4300	  174.4843
9.197	 3.21	 1	 -41.7810	  174.5498
9.200	 3.12	 1	 -42.3449	  173.1884
9.223	 2.25	 2	 -43.2363	  172.0884
9.251	 2.10	 2	 -41.8430	  173.5230
9.281	 2.21	 1	 -42.3270	  173.7327
9.285	 2.45	 1	 -42.4351	  172.5157
9.293	 2.22	 1	 -42.0146	  173.6964
9.295	 2.00	 2	 -41.7822	  174.1355
9.299	 3.28	 1	 -42.8385	  170.9420
9.339	 2.01	 1	 -41.9379	  173.6942
9.347	 3.14	 1	 -42.6186	  172.9759
9.351	 2.51	 1	 -42.7121	  172.7231
9.358	 2.11	 1	 -42.2010	  173.4516
9.377	 2.47	 2	 -42.5670	  173.2496
9.386	 2.10	 1	 -41.7890	  174.2699
9.386	 2.45	 2	 -44.8246	  171.7884
9.392	 2.02	 2	 -42.3450	  173.1881
9.403	 2.47	 1	 -41.7267	  174.3021
9.444	 2.14	 1	 -42.3384	  174.8159
9.457	 3.29	 2	 -45.1676	  171.9295
9.515	 2.50	 3	 -41.8225	  174.3075
9.521	 2.20	 1	 -42.0216	  173.7124
9.542	 2.06	 1	 -41.7843	  174.4085
9.561	 2.03	 1	 -43.5830	  173.3582
9.579	 2.15	 1	 -41.6291	  174.2234
9.610	 2.36	 1	 -40.7102	  171.7747
9.652	 2.23	 2	 -44.6896	  172.0745
9.685	 2.21	 1	 -41.9903	  173.7663
9.714	 4.05	 2	 -42.4189	  173.4043
9.724	 2.10	 1	 -42.3980	  173.7736
9.726	 3.00	 1	 -42.7334	  173.3050
9.739	 3.21	 1	 -43.0468	  172.1707
9.750	 2.07	 2	 -41.8866	  174.1540
9.792	 2.05	 1	 -44.0660	  174.0294
9.803	 2.09	 1	 -42.1575	  173.5327
9.808	 2.41	 1	 -42.3567	  173.2001
9.812	 2.46	 1	 -41.6436	  170.9503
9.813	 2.01	 2	 -42.3423	  173.3764
9.860	 2.34	 1	 -42.8734	  172.6679
9.865	 2.47	 1	 -42.1370	  173.8085
9.906	 2.76	 2	 -41.6939	  174.2090
9.920	 2.27	 1	 -41.9966	  173.4109
9.959	 2.17	 2	 -41.7720	  174.1873
9.971	 2.21	 2	 -44.5980	  178.9338
9.972	 2.02	 2	 -44.6555	  171.9505
10.019	 2.73	 1	 -41.8401	  175.0426
10.058	 2.32	 3	 -39.2504	  169.0822
10.071	 2.16	 1	 -42.5607	  173.1043
10.104	 3.76	 2	 -42.2168	  173.6338
10.109	 2.79	 1	 -42.2785	  170.7416
10.149	 2.05	 1	 -42.3506	  173.5215
10.151	 2.33	 1	 -42.1233	  173.3922
10.210	 2.04	 2	 -42.4138	  173.3786
10.231	 2.86	 1	 -42.1399	  171.9085
10.257	 3.08	 1	 -42.5372	  173.2212
10.267	 2.10	 3	 -42.1866	  173.6483
10.275	 2.20	 1	 -41.4572	  174.1361
10.294	 2.21	 2	 -41.7132	  173.9822
10.300	 3.55	 1	 -43.0750	  172.6378
10.354	 2.27	 1	 -43.5815	  172.7742
10.369	 2.30	 2	 -41.8099	  174.1904
10.433	 2.45	 1	 -41.9793	  173.7307
10.433	 2.00	 1	 -43.2575	  171.5811
10.437	 2.64	 2	 -43.0764	  172.6353
10.458	 2.05	 1	 -41.9478	  171.7038
10.495	 2.17	 1	 -41.7510	  174.2743
10.500	 2.72	 1	 -42.8362	  173.0343
10.527	 2.98	 3	 -42.2888	  174.8766
10.550	 2.56	 1	 -42.0020	  173.3428
10.576	 2.57	 1	 -42.2730	  172.3083
10.600	 2.36	 1	 -41.9964	  173.6561
10.650	 2.61	 1	 -42.5758	  174.0843
10.708	 3.49	 2	 -42.1175	  174.3436
10.731	 2.24	 2	 -41.9832	  174.1271
10.769	 2.50	 1	 -42.4309	  173.8229
10.784	 2.48	 2	 -41.7530	  174.1329
10.798	 2.05	 1	 -42.2459	  172.3525
10.799	 2.86	 1	 -43.4457	  172.3864
10.827	 3.55	 1	 -42.0085	  173.6980
10.838	 3.21	 1	 -43.7071	  172.6257
10.865	 2.72	 1	 -42.4504	  173.8013
10.881	 2.15	 2	 -43.2542	  172.0449
10.928	 4.13	 2	 -45.1114	  172.0036
10.941	 2.17	 1	 -42.2570	  173.1489
10.953	 2.45	 2	 -41.9480	  179.0946
10.978	 2.20	 2	 -43.4146	  171.5020
10.982	 2.58	 1	 -39.7340	  177.6293
10.999	 2.13	 2	 -44.8460	  172.1199
11.009	 2.80	 3	 -44.8614	  171.9291
11.025	 2.02	 2	 -45.0138	  172.0412
11.026	 2.43	 1	 -43.1734	  173.2172
11.044	 2.01	 2	 -42.9015	  174.1480
11.077	 2.13	 2	 -42.4694	  173.3288
11.085	 2.27	 2	 -44.8548	  171.9422
11.089	 2.37	 3	 -41.8558	  174.1659
11.109	 2.09	 1	 -41.1011	  174.3713
11.116	 2.03	 1	 -47.1881	  173.1566
11.121	 2.35	 1	 -42.6072	  172.9886
11.138	 2.45	 1	 -42.2823	  172.2886
11.231	 2.56	 1	 -42.4344	  173.8216
11.232	 2.50	 1	 -42.9649	  172.8925
11.234	 2.08	 1	 -42.6250	  173.1335
11.237	 2.43	 1	 -42.5350	  173.0391
11.244	 2.12	 1	 -41.9650	  173.7900
11.251	 2.97	 1	 -46.8932	  175.2048
11.293	 2.15	 1	 -41.5744	  172.8994
11.297	 2.12	 2	 -42.8139	  173.4033
11.340	 2.23	 2	 -41.1419	  175.5802
11.365	 2.53	 1	 -42.4300	  173.2138
11.370	 3.32	 1	 -42.4387	  173.7728
11.401	 2.15	 1	 -41.7757	  174.2059
11.433	 4.01	 1	 -43.2067	  172.2109
11.438	 2.02	 2	 -44.9391	  172.3478
11.519	 2.25	 1	 -42.0894	  172.9728
11.583	 2.12	 1	 -42.5690	  173.0745
11.610	 2.28	 1	 -41.7475	  174.2145
11.618	 2.43	 2	 -44.9230	  172.0367
11.629	 3.77	 2	 -44.8588	  172.2579
11.665	 3.13	 2	 -41.8576	  173.5039
11.689	 2.45	 1	 -42.3072	  173.1277
11.726	 2.09	 2	 -42.0191	  174.2152
11.740	 2.73	 1	 -42.5722	  173.2721
11.748	 3.43	 1	 -41.7834	  174.2422
11.763	 2.12	 1	 -42.4426	  172.9781
11.764	 4.12	 1	 -41.9582	  174.2265
11.768	 3.34	 1	 -41.6602	  174.0348
11.797	 3.05	 2	 -41.9442	  174.2317
11.805	 3.22	 1	 -42.2751	  173.4641
11.824	 2.49	 1	 -41.9618	  173.5992
11.858	 2.70	 1	 -41.7043	  174.2693
11.859	 2.72	 1	 -41.8989	  173.7232
11.873	 2.10	 2	 -42.7960	  173.4279
11.885	 3.02	 1	 -42.9914	  173.7280
11.903	 3.20	 3	 -44.8569	  172.0588
11.927	 3.47	 2	 -41.9353	  174.8651
11.928	 2.35	 2	 -41.7496	  174.2159
11.978	 2.71	 2	 -41.9580	  174.2172
12.016	 2.24	 2	 -41.3589	  174.0704
12.076	 2.03	 1	 -42.2340	  173.6608
12.099	 2.21	 1	 -42.7098	  171.3327
12.102	 2.62	 1	 -42.7196	  172.9090
12.126	 2.23	 1	 -42.1433	  173.5702
12.175	 2.83	 1	 -41.8130	  174.5949
12.194	 2.08	 1	 -42.7539	  170.2932
12.266	 2.13	 2	 -44.8297	  172.1442
12.366	 2.03	 2	 -41.8636	  174.1088
12.374	 2.32	 1	 -42.3581	  174.0032
12.419	 2.19	 1	 -42.5056	  173.1317
12.428	 2.00	 3	 -41.9169	  174.8686
12.446	 2.11	 1	 -42.1116	  172.3592
12.540	 2.92	 1	 -42.6137	  173.1936
12.573	 2.30	 2	 -42.3078	  174.3444
12.609	 2.15	 1	 -42.1995	  170.8916
12.671	 2.23	 1	 -42.6877	  175.8797
12.729	 2.17	 1	 -41.7994	  174.4078
12.787	 2.18	 1	 -38.6315	  173.8249
12.799	 2.61	 1	 -42.2206	  172.6464
12.819	 2.01	 1	 -41.7959	  174.2157
12.822	 2.36	 1	 -42.4126	  173.8329
12.859	 2.36	 2	 -42.2493	  173.2880
12.862	 2.46	 1	 -42.6624	  173.8783
12.971	 2.93	 1	 -41.7765	  168.0114
12.986	 2.46	 3	 -44.7987	  172.0842
12.989	 2.37	 1	 -42.8054	  173.3506
13.038	 4.04	 1	 -42.1213	  173.5249
13.049	 2.56	 1	 -43.6093	  171.9181
13.094	 2.16	 2	 -41.7978	  174.3648
13.126	 2.42	 2	 -42.2519	  173.5423
13.128	 2.09	 1	 -42.4892	  173.9511
13.131	 2.63	 1	 -42.7060	  173.5835
13.143	 2.52	 1	 -41.7841	  174.2380
13.153	 2.21	 1	 -41.9810	  174.0829
13.159	 2.22	 1	 -42.7208	  173.2519
13.179	 2.42	 1	 -42.9780	  173.3108
13.200	 2.69	 1	 -41.9722	  173.6408
13.208	 2.63	 2	 -42.4348	  173.0807
13.212	 3.54	 1	 -45.2176	  173.0455
13.248	 2.15	 2	 -42.0221	  173.6729
13.282	 2.15	 1	 -42.2997	  173.7851
13.317	 2.24	 1	 -43.8529	  172.7543
13.320	 2.10	 2	 -41.9843	  173.1318
13.362	 2.49	 1	 -42.8679	  173.3455
13.388	 2.39	 1	 -42.4542	  173.0361
13.403	 2.06	 1	 -41.5849	  172.3319
13.415	 2.38	 1	 -42.3944	  173.6551
13.418	 3.77	 1	 -42.1500	  173.5514
13.424	 2.52	 2	 -41.8309	  174.2622
13.451	 2.10	 2	 -42.1207	  173.5266
13.455	 2.72	 1	 -43.0602	  172.8984
13.456	 2.54	 1	 -42.2058	  173.5470
13.465	 2.44	 1	 -42.2892	  173.3617
13.518	 2.88	 1	 -43.4456	  172.4687
13.551	 2.40	 1	 -42.6116	  172.1064
13.552	 2.66	 2	 -44.6785	  172.0458
13.564	 2.04	 1	 -42.8522	  173.0929
13.592	 2.09	 1	 -42.9108	  173.2233
13.704	 2.01	 2	 -42.5685	  173.2722
13.833	 2.56	 1	 -42.4249	  173.6774
13.880	 2.10	 1	 -42.3851	  173.9019
13.884	 2.18	 1	 -42.1670	  173.6533
13.932	 2.66	 3	 -41.4632	  173.2411
13.955	 2.79	 1	 -43.8876	  173.2688
13.967	 2.11	 2	 -42.8744	  168.3571
14.064	 2.26	 2	 -42.1699	  173.6491
14.134	 2.48	 1	 -42.4988	  173.1353
14.178	 2.07	 1	 -42.9298	  171.8725
14.183	 2.02	 1	 -43.7074	  174.0157
14.225	 2.49	 1	 -42.0566	  173.7893
14.232	 2.19	 1	 -42.5712	  173.1189
14.243	 3.12	 1	 -42.2266	  173.5780
14.252	 2.13	 1	 -42.1370	  173.0068
14.363	 2.11	 1	 -42.2287	  173.9424
14.393	 2.37	 2	 -42.2292	  173.5781
14.405	 2.35	 2	 -44.8596	  172.0885
14.435	 3.02	 2	 -41.8508	  172.8414
14.456	 2.05	 1	 -42.7344	  172.8281
