# Simulation 818
# RelativeTime(days) Magnitude Generation Latitude Longitude
Time Mag Gen Lat Lon
7.001	 2.00	 1	 -42.8690	  176.4901
7.013	 2.06	 1	 -45.0209	  174.0440
7.026	 2.06	 1	 -44.4275	  167.3781
7.033	 2.70	 1	 -40.7233	  171.5374
7.040	 2.19	 1	 -42.3115	  173.7961
7.049	 2.39	 1	 -43.7107	  172.4687
7.049	 2.53	 1	 -46.3722	  171.9704
7.051	 2.63	 1	 -38.1994	  173.2636
7.053	 2.33	 1	 -44.0673	  174.1393
7.053	 2.03	 1	 -43.9717	  172.8009
7.055	 2.66	 1	 -45.7112	  172.2590
7.057	 2.30	 1	 -40.1463	  175.3094
7.058	 2.11	 1	 -44.0651	  173.5240
7.061	 2.17	 1	 -42.5659	  172.3060
7.064	 2.11	 1	 -38.5988	  170.4910
7.066	 3.07	 1	 -43.4646	  171.9686
7.068	 2.16	 1	 -45.2552	  175.0296
7.071	 2.82	 1	 -43.4465	  173.0786
7.085	 2.14	 1	 -40.4185	  168.4581
7.103	 2.03	 1	 -42.0610	  173.5902
7.105	 2.13	 1	 -43.4581	  172.4421
7.110	 3.00	 1	 -42.7529	  174.7124
7.111	 2.24	 1	 -42.3541	  171.6412
7.114	 2.21	 1	 -42.0717	  172.2943
7.114	 2.56	 1	 -45.2053	  175.8725
7.117	 2.47	 1	 -41.6783	  173.6452
7.119	 2.13	 1	 -43.2088	  173.8212
7.119	 2.24	 1	 -42.8595	  172.2529
7.127	 2.33	 1	 -42.3266	  172.4903
7.130	 2.26	 1	 -41.6586	  174.9707
7.137	 2.21	 1	 -43.4157	  174.7168
7.141	 2.03	 1	 -42.8363	  170.7773
7.147	 2.63	 1	 -42.0016	  173.6958
7.151	 2.09	 1	 -44.3092	  178.7309
7.152	 3.77	 1	 -38.5384	  171.4439
7.156	 2.10	 2	 -38.5387	  171.4443
7.172	 2.13	 1	 -44.2576	  172.4733
7.187	 2.04	 1	 -43.5541	  172.3292
7.192	 2.53	 1	 -42.8913	  169.9794
7.202	 2.55	 1	 -43.4929	  173.6693
7.203	 2.56	 1	 -42.9932	  172.2947
7.210	 2.81	 1	 -42.9949	  166.9182
7.219	 2.77	 1	 -40.6904	  171.8775
7.222	 2.37	 1	 -42.6089	  171.4559
7.226	 3.00	 1	 -42.3867	  175.1672
7.227	 2.40	 1	 -45.8882	  168.7182
7.234	 2.07	 1	 -38.8856	  169.7663
7.239	 2.40	 1	 -42.5552	  173.1088
7.246	 2.10	 1	 -44.4801	  169.7538
7.246	 2.57	 1	 -44.1259	  171.4978
7.250	 2.20	 1	 -41.8881	  172.7707
7.254	 3.35	 1	 -42.1893	  171.7043
7.263	 2.50	 1	 -42.5149	  173.7207
7.275	 2.10	 1	 -42.3541	  174.9446
7.276	 2.29	 1	 -47.1535	  172.2538
7.278	 2.32	 1	 -41.5594	  174.5342
7.284	 2.37	 1	 -42.0821	  172.2147
7.296	 2.05	 1	 -43.4996	  171.7366
7.297	 2.24	 1	 -43.1141	  173.2436
7.302	 2.15	 1	 -42.1615	  173.6690
7.302	 2.13	 1	 -42.0178	  172.5745
7.306	 3.08	 1	 -42.8732	  173.4984
7.328	 2.05	 1	 -43.5958	  173.0142
7.341	 2.51	 1	 -42.8033	  176.6939
7.346	 2.17	 1	 -40.9226	  178.6461
7.347	 2.92	 1	 -46.8539	  170.7044
7.348	 3.71	 1	 -42.1213	  179.0904
7.365	 2.30	 1	 -43.3732	  174.7598
7.371	 2.37	 1	 -41.7207	  174.2623
7.389	 4.33	 1	 -42.1163	  175.0179
7.389	 2.05	 1	 -42.0463	  172.6901
7.405	 3.75	 1	 -42.0063	  171.0370
7.405	 2.52	 1	 -42.4282	  175.0056
7.407	 2.40	 2	 -38.5809	  171.4577
7.407	 2.12	 1	 -43.1703	  173.8029
7.409	 2.67	 1	 -38.6694	  170.2897
7.413	 2.17	 1	 -42.4397	  171.3677
7.415	 2.59	 1	 -45.0878	  176.6708
7.419	 2.93	 1	 -42.2260	  173.8209
7.420	 2.28	 1	 -47.0780	  174.3741
7.424	 3.03	 1	 -39.4943	  169.3194
7.426	 3.07	 1	 -42.6344	  171.7004
7.430	 2.20	 1	 -42.5514	  176.8888
7.431	 2.57	 1	 -43.4889	  174.6887
7.437	 2.51	 1	 -39.5406	  173.5454
7.439	 2.48	 1	 -43.1263	  173.8967
7.440	 2.16	 1	 -42.3285	  172.0238
7.446	 3.20	 1	 -44.5648	  173.6565
7.453	 2.39	 1	 -46.6670	  175.8835
7.466	 2.09	 1	 -44.1793	  171.8895
7.478	 2.57	 1	 -45.1090	  174.9487
7.481	 3.18	 1	 -42.7259	  171.7547
7.482	 2.07	 1	 -43.4939	  174.0261
7.492	 2.02	 1	 -41.7696	  174.0014
7.494	 2.85	 1	 -42.2535	  172.5326
7.494	 2.33	 1	 -45.7442	  173.2003
7.495	 2.26	 1	 -42.2942	  174.5397
7.506	 2.31	 1	 -41.1221	  172.7179
7.511	 2.26	 1	 -40.8828	  173.4850
7.518	 2.38	 1	 -38.4381	  175.0027
7.524	 2.01	 1	 -39.4954	  177.3241
7.545	 2.52	 1	 -41.2036	  174.5014
7.546	 2.28	 1	 -41.9390	  174.2139
7.547	 2.86	 1	 -42.1416	  173.4769
7.547	 2.20	 1	 -38.2266	  172.3084
7.560	 2.05	 1	 -43.8863	  167.1239
7.567	 2.17	 1	 -41.9315	  174.4375
7.571	 2.03	 1	 -44.1118	  167.2171
7.572	 2.85	 1	 -45.3445	  168.4085
7.574	 2.16	 1	 -41.6841	  169.5798
7.590	 2.06	 1	 -41.0994	  174.5549
7.594	 2.18	 1	 -43.4580	  169.2630
7.599	 2.07	 1	 -39.3405	  168.9444
7.606	 2.11	 1	 -42.9960	  172.4241
7.612	 2.31	 1	 -42.9060	  172.1782
7.616	 2.42	 1	 -40.2988	  176.3153
7.619	 2.06	 1	 -41.9680	  172.5470
7.623	 2.01	 1	 -42.9420	  171.8893
7.630	 2.29	 1	 -38.3646	  174.6822
7.641	 2.18	 1	 -46.4714	  169.7064
7.645	 2.81	 1	 -41.7760	  167.0328
7.646	 2.47	 1	 -40.4325	  168.7488
7.646	 2.19	 1	 -42.9217	  173.1977
7.648	 2.57	 1	 -38.2090	  172.5555
7.652	 2.36	 1	 -41.6971	  171.3054
7.664	 2.34	 1	 -41.8071	  173.2072
7.669	 2.13	 1	 -41.8519	  173.7060
7.674	 2.09	 1	 -41.8586	  173.9986
7.677	 2.40	 2	 -42.6810	  174.4243
7.690	 2.44	 1	 -43.2340	  173.0897
7.701	 3.19	 1	 -41.1095	  173.8684
7.712	 2.72	 1	 -44.1998	  170.4076
7.723	 2.58	 1	 -43.2354	  173.6045
7.765	 2.07	 1	 -38.6809	  174.5150
7.765	 3.48	 1	 -39.9274	  169.9707
7.766	 2.80	 1	 -44.3958	  170.4520
7.779	 2.91	 1	 -42.3121	  173.1579
7.782	 2.22	 1	 -42.1022	  173.0810
7.795	 2.30	 1	 -43.0962	  170.9405
7.795	 2.07	 1	 -42.2841	  173.6208
7.798	 2.76	 1	 -42.3714	  173.6545
7.817	 2.01	 1	 -46.5921	  169.9760
7.819	 2.07	 1	 -42.7040	  170.9717
7.820	 2.21	 1	 -47.1848	  173.2913
7.824	 2.10	 1	 -41.9445	  175.0522
7.826	 2.25	 1	 -46.6210	  170.0455
7.827	 2.16	 1	 -42.5334	  171.3898
7.845	 4.17	 1	 -43.5323	  172.5138
7.847	 2.19	 1	 -43.5817	  173.1114
7.851	 2.36	 1	 -45.6545	  177.6252
7.851	 2.34	 1	 -45.8800	  177.3373
7.870	 2.25	 1	 -42.2619	  173.8425
7.876	 2.90	 1	 -43.8426	  173.8014
7.876	 2.39	 1	 -42.5086	  173.2156
7.889	 3.08	 1	 -42.2613	  172.1984
7.890	 2.16	 1	 -43.2974	  172.8086
7.891	 3.04	 1	 -43.9992	  174.3834
7.892	 2.05	 1	 -41.8739	  174.2402
7.898	 2.21	 2	 -42.1180	  175.0168
7.902	 2.57	 1	 -38.7762	  174.2026
7.914	 2.65	 1	 -45.5337	  176.0524
7.927	 2.29	 1	 -38.8606	  176.2232
7.933	 3.29	 1	 -40.4016	  174.3049
7.937	 2.46	 1	 -42.4652	  166.9122
7.942	 2.24	 1	 -42.2571	  173.4876
7.955	 2.22	 1	 -45.8516	  168.6684
7.964	 3.15	 1	 -47.0821	  171.6953
7.965	 2.23	 1	 -44.1531	  169.7444
7.968	 2.38	 1	 -42.7326	  172.8579
7.981	 2.65	 1	 -42.0385	  172.8171
7.987	 2.08	 1	 -41.9537	  169.7099
8.002	 2.10	 1	 -43.3131	  173.4920
8.010	 2.99	 1	 -46.5155	  169.8013
8.015	 2.66	 1	 -47.1864	  173.2363
8.016	 2.07	 1	 -42.3320	  173.1226
8.024	 2.06	 1	 -40.8804	  171.7968
8.025	 2.05	 1	 -44.8619	  167.6634
8.029	 2.24	 1	 -42.3620	  174.4899
8.041	 2.02	 1	 -38.6893	  174.3419
8.056	 2.14	 1	 -42.8129	  172.9115
8.057	 2.37	 1	 -42.1910	  173.5332
8.067	 3.13	 1	 -41.2380	  167.2423
8.072	 2.77	 1	 -42.9491	  174.1705
8.083	 2.12	 1	 -43.8522	  174.2762
8.093	 2.51	 1	 -42.2739	  166.9309
8.117	 2.00	 1	 -41.3709	  178.8697
8.118	 2.27	 2	 -41.1871	  167.2220
8.128	 2.05	 1	 -46.5883	  169.9669
8.136	 2.73	 1	 -44.2368	  167.2764
8.140	 2.04	 1	 -42.4087	  171.1135
8.146	 2.15	 1	 -43.1223	  166.9323
8.147	 3.74	 1	 -43.3970	  171.3351
8.153	 2.24	 1	 -41.3336	  167.1904
8.158	 2.15	 1	 -42.3524	  173.2449
8.162	 2.07	 1	 -41.9872	  173.6593
8.162	 2.11	 1	 -38.7291	  170.1325
8.173	 2.01	 1	 -41.4187	  171.3638
8.182	 2.72	 1	 -43.0971	  173.6801
8.195	 2.34	 1	 -42.7208	  171.9013
8.207	 2.75	 1	 -41.5292	  175.5820
8.211	 2.32	 2	 -40.3894	  174.3019
8.221	 3.29	 1	 -42.2785	  171.5577
8.231	 2.98	 1	 -45.7520	  170.0567
8.240	 2.19	 1	 -44.7469	  167.5802
8.246	 2.41	 1	 -42.7673	  173.4300
8.248	 2.14	 2	 -46.5688	  169.7780
8.249	 2.03	 1	 -41.7269	  172.3075
8.260	 2.33	 1	 -41.6915	  172.5202
8.261	 2.21	 1	 -40.9501	  167.3823
8.263	 2.27	 1	 -42.6000	  173.7201
8.273	 2.23	 1	 -46.7549	  170.3991
8.275	 2.29	 1	 -42.6532	  172.4006
8.278	 2.01	 1	 -41.6211	  173.3368
8.282	 2.40	 1	 -41.8717	  170.5689
8.284	 2.93	 1	 -45.3324	  168.0696
8.285	 2.75	 1	 -40.1971	  176.9543
8.294	 2.71	 1	 -42.1292	  177.2168
8.297	 2.02	 1	 -46.9523	  171.0630
8.300	 2.16	 1	 -42.4650	  173.3530
8.300	 2.09	 1	 -44.2085	  171.5851
8.315	 2.06	 1	 -42.3553	  173.2655
8.322	 2.05	 1	 -46.6010	  171.1109
8.327	 2.22	 1	 -41.7698	  173.1591
8.351	 2.00	 1	 -38.3653	  171.3590
8.361	 2.10	 1	 -40.0668	  177.9886
8.366	 2.37	 1	 -42.8806	  173.8881
8.367	 2.98	 1	 -43.7211	  173.2358
8.370	 2.02	 1	 -42.9365	  173.2816
8.376	 2.35	 1	 -44.5153	  178.5376
8.399	 4.08	 1	 -42.2957	  172.7292
8.408	 2.35	 2	 -42.2674	  171.5544
8.416	 2.50	 1	 -42.3612	  166.9210
8.426	 2.62	 1	 -42.1298	  172.9170
8.428	 2.13	 1	 -46.7747	  175.5876
8.438	 2.50	 1	 -41.7042	  174.3274
8.438	 2.35	 1	 -43.3816	  173.4923
8.444	 2.16	 1	 -42.3631	  171.4629
8.447	 2.24	 1	 -45.5218	  168.2671
8.485	 2.37	 2	 -45.7520	  170.0554
8.487	 2.17	 1	 -38.7446	  171.1628
8.495	 4.11	 1	 -42.5278	  173.6548
8.498	 2.29	 1	 -41.8560	  173.0904
8.499	 2.51	 1	 -43.3823	  171.3628
8.506	 2.11	 1	 -47.0019	  174.7691
8.508	 2.52	 1	 -41.3760	  174.8009
8.515	 2.20	 1	 -40.7590	  176.8621
8.516	 2.18	 1	 -42.8177	  174.5855
8.534	 2.57	 1	 -41.4866	  173.9259
8.537	 2.08	 1	 -46.2363	  173.5074
8.545	 2.38	 1	 -39.0131	  171.6857
8.550	 2.45	 1	 -38.7261	  170.1402
8.552	 2.03	 1	 -40.5239	  167.6629
8.574	 2.49	 1	 -47.1885	  173.1228
8.576	 3.91	 1	 -42.4717	  171.2059
8.579	 2.66	 1	 -43.7225	  167.0670
8.591	 2.08	 1	 -42.1945	  173.2776
8.595	 2.66	 1	 -40.8355	  178.5939
8.599	 2.27	 1	 -43.1917	  172.5666
8.601	 2.01	 1	 -41.9412	  173.7113
8.608	 2.60	 1	 -42.6294	  166.9049
8.611	 2.11	 1	 -41.9965	  176.1247
8.617	 2.22	 1	 -42.5518	  172.8087
8.617	 2.18	 1	 -44.4707	  167.4030
8.617	 2.22	 1	 -43.8410	  168.2671
8.626	 2.65	 1	 -42.2092	  172.4438
8.630	 2.11	 1	 -42.4867	  173.6727
8.638	 2.13	 1	 -46.3600	  169.4824
8.640	 2.50	 1	 -42.5294	  172.8085
8.642	 3.75	 1	 -45.2144	  178.0872
8.651	 2.08	 1	 -44.0110	  170.8951
8.659	 2.04	 1	 -43.6446	  173.2144
8.662	 2.48	 1	 -41.8747	  172.0171
8.664	 2.74	 1	 -42.4744	  173.4382
8.668	 2.10	 1	 -44.7282	  167.5672
8.670	 2.45	 1	 -41.1357	  175.2317
8.678	 2.31	 1	 -42.6135	  173.7218
8.682	 2.05	 1	 -39.7466	  177.6441
8.706	 2.11	 1	 -41.0466	  174.5039
8.707	 2.09	 1	 -42.8791	  171.0051
8.708	 2.89	 1	 -42.3205	  172.2025
8.709	 2.35	 1	 -42.6488	  172.0798
8.711	 2.03	 1	 -40.5994	  178.4367
8.715	 2.13	 1	 -43.1205	  172.5084
8.718	 2.20	 1	 -43.6757	  173.4342
8.725	 2.20	 1	 -41.4802	  170.2257
8.726	 2.35	 1	 -38.6720	  170.2824
8.727	 2.49	 1	 -43.0993	  176.6310
8.747	 2.70	 1	 -39.3341	  168.9541
8.791	 3.12	 1	 -42.8787	  172.2620
8.799	 2.79	 1	 -44.4586	  173.6107
8.804	 2.03	 1	 -38.8577	  176.2167
8.804	 2.39	 1	 -41.9149	  172.6878
8.814	 2.50	 1	 -42.4451	  174.0681
8.821	 2.89	 1	 -44.6065	  173.0982
8.844	 2.05	 1	 -42.4003	  173.8869
8.851	 2.36	 1	 -45.9374	  177.2574
8.854	 3.14	 1	 -38.6679	  174.9521
8.856	 2.05	 1	 -42.2204	  175.0257
8.882	 2.55	 1	 -42.0941	  167.8262
8.884	 2.51	 1	 -42.6692	  167.5216
8.888	 2.11	 1	 -44.5540	  172.1062
8.918	 2.17	 1	 -45.3684	  174.6419
8.922	 3.54	 1	 -38.2246	  172.3329
8.924	 2.48	 1	 -42.9563	  174.0732
8.932	 2.24	 1	 -44.2075	  178.7823
8.935	 2.37	 1	 -41.8740	  173.7905
8.937	 2.11	 1	 -44.1247	  178.8214
8.941	 2.83	 2	 -42.6686	  167.5217
8.943	 2.42	 1	 -45.8536	  168.6711
8.947	 2.59	 1	 -42.1961	  173.6490
8.961	 2.10	 1	 -42.3793	  166.9192
9.004	 3.49	 2	 -41.5548	  167.3015
9.032	 2.49	 1	 -42.7050	  174.6757
9.033	 2.02	 1	 -41.8190	  173.0112
9.038	 2.64	 1	 -40.0115	  177.9335
9.048	 2.27	 1	 -41.5794	  172.4666
9.049	 2.58	 1	 -42.1040	  171.9882
9.051	 2.22	 1	 -42.5793	  172.7749
9.058	 2.35	 1	 -40.0646	  174.6995
9.060	 2.00	 1	 -42.8577	  172.5228
9.083	 2.48	 1	 -43.0662	  177.4364
9.086	 2.19	 1	 -40.5548	  173.1940
9.092	 2.68	 1	 -43.2250	  166.9474
9.107	 2.03	 1	 -45.4687	  171.5949
9.109	 2.89	 1	 -41.9659	  173.8214
9.115	 2.65	 1	 -43.4970	  173.8713
9.125	 2.02	 1	 -44.9525	  177.8172
9.126	 2.25	 1	 -40.8827	  171.9624
9.127	 2.44	 1	 -43.5684	  170.7754
9.134	 2.43	 1	 -38.9017	  176.3126
9.137	 2.52	 1	 -45.0293	  171.3726
9.139	 2.31	 1	 -40.3664	  173.0233
9.141	 2.32	 1	 -41.8967	  168.6131
9.144	 2.19	 1	 -42.1704	  173.8823
9.149	 2.05	 1	 -41.1657	  173.3456
9.155	 3.29	 1	 -41.5645	  171.2495
9.159	 2.51	 1	 -42.4886	  173.2421
9.175	 2.71	 1	 -45.3474	  176.6585
9.187	 2.03	 1	 -41.4013	  173.8959
9.218	 2.22	 1	 -43.1676	  174.9787
9.223	 2.62	 1	 -43.1086	  179.1137
9.228	 2.30	 1	 -42.9845	  173.2258
9.229	 2.37	 1	 -44.6225	  174.4246
9.230	 3.87	 1	 -42.2637	  173.7360
9.236	 2.25	 1	 -42.2322	  174.2563
9.240	 2.97	 1	 -40.7317	  178.5276
9.240	 2.74	 1	 -42.0243	  172.9460
9.251	 2.47	 1	 -39.7422	  172.2430
9.252	 2.41	 1	 -44.0860	  167.2055
9.254	 2.49	 1	 -41.8486	  173.7504
9.267	 2.06	 1	 -42.4538	  173.1472
9.272	 2.49	 1	 -40.4580	  175.8647
9.272	 2.32	 1	 -42.9403	  172.7547
9.282	 2.38	 1	 -43.1926	  175.8482
9.288	 2.35	 1	 -41.7692	  174.1201
9.288	 2.02	 1	 -44.9815	  170.6722
9.290	 2.19	 1	 -44.6322	  169.4920
9.295	 2.04	 1	 -42.5834	  173.9241
9.297	 2.46	 1	 -43.8642	  173.7138
9.343	 2.59	 1	 -42.0738	  171.2648
9.351	 2.02	 2	 -42.2852	  173.7412
9.368	 2.24	 1	 -43.5691	  169.6494
9.381	 2.40	 1	 -42.2932	  173.9747
9.390	 2.33	 1	 -42.6324	  173.4716
9.390	 2.67	 1	 -41.1108	  173.9479
9.394	 2.50	 1	 -45.3147	  169.7670
9.403	 2.43	 1	 -42.9757	  173.6500
9.404	 2.02	 1	 -42.2716	  179.1131
9.406	 2.13	 1	 -43.2987	  173.3204
9.415	 2.03	 1	 -45.9387	  173.7043
9.417	 2.74	 1	 -43.3098	  173.3097
9.417	 2.80	 1	 -44.7401	  171.2195
9.426	 2.42	 1	 -42.9238	  171.3442
9.430	 2.47	 1	 -43.4275	  174.1340
9.438	 2.01	 1	 -46.4133	  169.5869
9.445	 2.84	 1	 -45.7410	  172.8503
9.451	 2.76	 1	 -42.5211	  173.0874
9.478	 2.11	 1	 -43.0300	  171.5004
9.482	 2.54	 1	 -42.3026	  172.7884
9.484	 2.03	 1	 -41.4250	  168.5644
9.487	 2.04	 2	 -41.1135	  173.9510
9.493	 2.00	 1	 -46.9757	  174.8846
9.509	 2.46	 1	 -47.1862	  173.2427
9.509	 2.00	 1	 -42.0108	  174.3765
9.530	 2.06	 1	 -42.2548	  172.8920
9.541	 3.00	 1	 -47.1276	  174.0310
9.551	 2.13	 1	 -41.7801	  173.9678
9.552	 2.28	 1	 -42.2456	  175.9270
9.554	 2.34	 2	 -42.1038	  167.8107
9.555	 3.82	 1	 -43.0353	  172.3975
9.579	 2.11	 1	 -45.9642	  171.3372
9.593	 2.03	 2	 -42.3041	  172.7300
9.596	 2.42	 1	 -40.6622	  176.2529
9.644	 2.23	 1	 -38.2649	  171.9549
9.647	 2.09	 2	 -41.9732	  173.0856
9.667	 2.63	 1	 -42.7478	  174.1368
9.671	 2.41	 1	 -44.0869	  175.4950
9.674	 2.56	 1	 -44.2307	  170.8407
9.685	 2.18	 1	 -40.4628	  170.1041
9.688	 2.02	 1	 -42.3675	  179.1239
9.707	 2.44	 1	 -42.4585	  173.6809
9.708	 2.57	 1	 -42.8840	  171.3288
9.712	 2.01	 1	 -44.2031	  172.4904
9.714	 2.53	 1	 -41.1248	  170.5851
9.718	 2.25	 1	 -45.3591	  176.3495
9.722	 2.38	 1	 -42.9434	  173.2474
9.727	 2.36	 1	 -42.9480	  172.8802
9.731	 2.29	 1	 -45.7677	  168.5586
9.739	 2.91	 1	 -44.1980	  172.7534
9.747	 2.23	 1	 -44.5047	  169.0387
9.759	 2.06	 1	 -46.7753	  175.5858
9.762	 2.34	 1	 -41.2756	  174.5800
9.782	 2.11	 1	 -42.1633	  174.9657
9.787	 3.55	 1	 -38.9250	  176.3617
9.789	 2.07	 1	 -42.9598	  172.5816
9.794	 2.10	 1	 -44.9786	  178.2903
9.811	 2.12	 1	 -43.2870	  173.2717
9.833	 2.01	 1	 -42.1634	  172.1748
9.836	 2.48	 1	 -43.3227	  173.7624
9.848	 2.48	 1	 -40.6953	  178.5034
9.848	 2.42	 1	 -45.8337	  172.2879
9.850	 2.06	 1	 -42.2429	  173.7412
9.853	 2.20	 1	 -43.2209	  170.8490
9.856	 2.18	 1	 -42.2072	  173.5938
9.865	 2.00	 1	 -42.7204	  172.5766
9.866	 3.25	 1	 -39.7032	  178.6225
9.877	 2.20	 1	 -43.9888	  173.1144
9.884	 2.13	 1	 -42.2794	  173.4628
9.909	 2.23	 1	 -42.6582	  173.0191
9.910	 2.88	 1	 -42.4957	  173.5198
9.913	 2.93	 1	 -42.5628	  173.0851
9.913	 2.10	 1	 -42.2695	  173.6776
9.917	 2.27	 1	 -43.9582	  170.0480
9.928	 2.19	 1	 -42.5231	  173.0102
9.935	 3.25	 1	 -42.5589	  170.7469
9.946	 2.15	 1	 -45.6326	  175.4315
9.952	 2.44	 1	 -40.3160	  178.2157
9.955	 2.31	 1	 -41.5139	  178.9261
9.957	 2.82	 1	 -40.7838	  167.4829
9.958	 2.03	 1	 -42.7702	  173.4857
9.975	 4.33	 1	 -42.7493	  172.5371
9.978	 2.47	 1	 -41.7920	  169.3687
9.986	 2.58	 1	 -42.6089	  173.5313
10.000	 2.30	 1	 -42.0374	  173.8986
10.003	 2.01	 1	 -43.0349	  173.0901
10.011	 2.74	 1	 -41.8662	  174.9700
10.018	 2.34	 1	 -43.7340	  173.1639
10.022	 2.11	 1	 -44.2311	  173.4695
10.025	 2.56	 1	 -42.3518	  173.0257
10.030	 2.01	 1	 -42.1597	  171.0679
10.036	 2.67	 1	 -46.0156	  168.9007
10.072	 2.36	 2	 -46.0260	  169.0221
10.085	 2.04	 1	 -43.9409	  167.1448
10.087	 2.05	 1	 -42.2538	  171.2348
10.094	 2.05	 1	 -41.9772	  172.9765
10.110	 2.31	 1	 -42.2471	  173.6335
10.115	 2.36	 1	 -38.4259	  171.0905
10.132	 2.12	 2	 -39.7052	  178.6250
10.144	 2.81	 1	 -44.9485	  172.2660
10.146	 2.01	 1	 -43.0244	  174.7115
10.166	 2.41	 1	 -47.1054	  174.1972
10.181	 2.48	 1	 -42.1012	  173.5621
10.190	 2.17	 1	 -42.3176	  173.6231
10.190	 2.24	 1	 -40.3642	  173.3083
10.192	 2.22	 2	 -42.7920	  172.5850
10.194	 2.18	 1	 -41.2154	  178.8004
10.201	 2.26	 1	 -42.2958	  173.8376
10.208	 2.12	 1	 -42.4261	  174.2375
10.215	 2.93	 1	 -44.1494	  176.1675
10.221	 2.43	 1	 -41.8471	  173.2438
10.232	 2.14	 1	 -42.1580	  174.0644
10.244	 2.73	 1	 -43.0318	  171.4136
10.245	 2.46	 1	 -40.3564	  178.2495
10.249	 2.50	 1	 -41.6239	  174.2808
10.259	 3.05	 1	 -42.8954	  174.4925
10.261	 2.27	 2	 -42.9222	  174.4758
10.263	 2.06	 1	 -40.9953	  176.7043
10.266	 3.09	 1	 -41.8804	  173.7694
10.268	 2.54	 1	 -44.5926	  169.2076
10.269	 2.02	 1	 -42.8472	  172.5140
10.271	 2.62	 1	 -42.9169	  174.7379
10.272	 2.11	 1	 -45.1828	  177.0646
10.280	 2.07	 1	 -42.2656	  174.1790
10.281	 2.37	 1	 -42.4857	  173.5156
10.284	 2.82	 1	 -42.4575	  173.5210
10.288	 2.54	 1	 -42.8931	  172.2586
10.291	 2.39	 1	 -41.8409	  174.2248
10.292	 2.07	 1	 -46.9714	  174.9029
10.300	 2.36	 1	 -44.3154	  173.7296
10.312	 2.33	 1	 -43.3324	  171.9271
10.312	 2.05	 1	 -41.8469	  172.3527
10.326	 2.26	 1	 -43.0954	  170.6515
10.336	 2.35	 1	 -40.6205	  172.3778
10.364	 2.41	 1	 -43.1022	  172.0397
10.365	 2.73	 1	 -42.5901	  172.1073
10.381	 2.78	 1	 -40.9085	  177.0001
10.381	 2.02	 1	 -43.0668	  171.4980
10.386	 2.71	 1	 -41.8160	  172.3204
10.388	 2.66	 1	 -39.0727	  176.6515
10.392	 2.51	 1	 -45.2598	  173.8477
10.396	 2.81	 1	 -43.3180	  172.4311
10.397	 2.04	 1	 -41.2394	  172.5126
10.410	 2.35	 1	 -44.9386	  178.3221
10.425	 2.77	 1	 -41.6104	  173.7326
10.429	 2.71	 1	 -41.6440	  174.0429
10.438	 2.19	 1	 -46.7217	  170.3061
10.452	 2.11	 1	 -42.1253	  170.8549
10.457	 2.72	 1	 -42.3843	  173.8186
10.471	 2.15	 1	 -41.8225	  171.4140
10.472	 2.92	 1	 -42.2001	  172.7765
10.472	 3.27	 1	 -40.3213	  170.4999
10.475	 2.07	 1	 -42.4411	  166.9139
10.478	 2.06	 1	 -43.0371	  172.1308
10.485	 2.55	 1	 -43.4942	  172.7857
10.511	 2.39	 1	 -42.4727	  172.2841
10.514	 3.20	 1	 -45.0894	  173.6724
10.525	 2.22	 1	 -41.7609	  170.9177
10.537	 2.79	 1	 -41.4439	  171.8744
10.539	 3.23	 1	 -42.1923	  173.8517
10.541	 2.29	 1	 -42.1692	  173.8218
10.545	 2.22	 1	 -43.2853	  171.2583
10.547	 2.60	 1	 -40.5173	  176.7841
10.547	 2.82	 1	 -42.0277	  173.1808
10.563	 2.06	 1	 -42.2113	  173.6706
10.563	 2.05	 1	 -41.2278	  178.8063
10.577	 2.67	 1	 -41.8267	  173.7712
10.579	 2.15	 1	 -40.0444	  171.8487
10.589	 2.98	 1	 -41.4683	  173.2512
10.590	 2.27	 2	 -45.0923	  173.6709
10.598	 2.88	 1	 -43.4021	  170.7092
10.620	 2.16	 1	 -43.1318	  167.5668
10.625	 2.58	 1	 -42.0135	  174.6565
10.630	 2.11	 1	 -41.8707	  169.7976
10.640	 2.15	 2	 -42.6017	  173.7202
10.641	 2.13	 1	 -42.3831	  173.7902
10.650	 3.21	 1	 -44.8504	  178.3895
10.656	 2.93	 1	 -41.9427	  171.9193
10.661	 2.29	 1	 -41.8424	  173.9696
10.691	 2.59	 1	 -44.3094	  175.0199
10.707	 2.21	 1	 -40.4187	  170.9922
10.710	 2.35	 1	 -43.6775	  174.7091
10.719	 2.68	 1	 -43.3860	  168.7634
10.721	 3.99	 1	 -42.8904	  173.3571
10.760	 2.10	 1	 -43.6717	  172.3597
10.780	 3.59	 2	 -42.8775	  173.3375
10.791	 4.40	 1	 -44.8913	  173.2574
10.791	 2.37	 1	 -41.2701	  172.4673
10.807	 2.55	 2	 -44.8900	  173.1445
10.840	 3.45	 1	 -41.9113	  169.8531
10.872	 2.02	 1	 -42.6062	  171.9768
10.873	 2.74	 1	 -42.1251	  173.7177
10.880	 2.33	 1	 -43.3454	  166.9691
10.901	 2.02	 1	 -45.3515	  177.3868
10.902	 2.08	 1	 -39.1079	  176.7157
10.908	 2.70	 1	 -42.6913	  171.6040
10.917	 2.15	 1	 -47.1766	  173.4788
10.924	 2.39	 1	 -42.3182	  173.7302
10.943	 2.64	 1	 -46.5537	  173.1479
10.950	 2.39	 1	 -42.7590	  172.2806
10.960	 2.26	 1	 -43.3731	  170.8256
10.965	 3.04	 1	 -43.2341	  168.8074
10.979	 2.29	 1	 -47.1886	  173.1172
10.995	 2.35	 1	 -42.9476	  173.7950
11.001	 2.50	 1	 -42.4451	  173.1168
11.009	 2.16	 1	 -42.5242	  173.1439
11.018	 2.09	 1	 -46.9643	  171.1118
11.044	 2.31	 1	 -43.3795	  172.0302
11.076	 2.39	 1	 -46.3138	  176.6488
11.085	 3.23	 1	 -46.9851	  171.2001
11.103	 2.52	 1	 -41.2982	  172.9007
11.107	 2.28	 1	 -42.5114	  173.7784
11.108	 2.22	 1	 -42.8478	  174.8587
11.109	 2.24	 1	 -44.0724	  176.2161
11.148	 2.38	 1	 -43.0195	  172.0705
11.169	 2.55	 1	 -42.5533	  173.6090
11.184	 2.57	 1	 -39.1198	  169.3074
11.202	 2.48	 1	 -42.3761	  170.7407
11.216	 2.27	 1	 -42.8776	  175.3893
11.246	 2.41	 1	 -43.0961	  171.2374
11.264	 2.02	 1	 -42.7425	  172.7443
11.279	 2.29	 1	 -39.1821	  173.3246
11.287	 2.17	 1	 -43.9644	  175.0398
11.304	 2.17	 1	 -42.2733	  173.3088
11.316	 2.57	 1	 -45.8201	  170.9700
11.325	 2.31	 1	 -46.2504	  176.7633
11.328	 2.34	 1	 -38.2358	  173.8352
11.332	 3.91	 1	 -44.1772	  178.7969
11.334	 2.68	 1	 -38.2014	  173.3230
11.335	 2.46	 1	 -45.7772	  169.5097
11.339	 2.49	 1	 -42.6076	  172.6285
11.350	 2.00	 2	 -44.1734	  178.7921
11.351	 3.49	 1	 -41.7465	  174.3068
11.373	 2.21	 1	 -40.8258	  167.4564
11.374	 2.51	 1	 -42.0602	  171.9391
11.375	 2.03	 1	 -42.0092	  171.5786
11.377	 2.06	 1	 -45.6548	  168.4195
11.386	 2.21	 1	 -42.4996	  172.9388
11.409	 3.07	 2	 -44.8855	  173.2583
11.425	 2.84	 1	 -42.2287	  176.2995
11.426	 2.37	 1	 -41.5747	  173.0890
11.433	 2.85	 1	 -44.9372	  168.2800
11.440	 2.23	 1	 -42.9660	  170.7755
11.447	 2.20	 2	 -44.1620	  178.7925
11.448	 2.59	 2	 -40.5416	  178.7061
11.460	 2.40	 1	 -47.1889	  173.0809
11.468	 2.22	 1	 -41.3407	  171.8665
11.478	 2.07	 1	 -43.6644	  167.0489
11.478	 2.08	 1	 -43.8107	  173.5240
11.480	 2.26	 1	 -40.7202	  178.5201
11.486	 2.10	 2	 -44.9350	  168.2692
11.509	 2.33	 1	 -41.9193	  170.8834
11.510	 2.41	 1	 -47.0135	  171.3288
11.514	 3.87	 1	 -44.6745	  171.1139
11.532	 2.46	 1	 -43.9560	  171.2596
11.533	 2.63	 1	 -40.8914	  171.8908
11.541	 2.02	 1	 -38.9291	  176.3704
11.566	 2.15	 1	 -42.0096	  173.7284
11.569	 2.53	 2	 -44.9305	  173.2857
11.576	 2.61	 1	 -42.0190	  172.4072
11.586	 2.04	 1	 -40.4469	  176.2048
11.590	 2.28	 1	 -46.4251	  169.6107
11.590	 2.94	 1	 -38.4637	  175.1019
11.602	 2.05	 1	 -41.4815	  169.1854
11.606	 2.26	 1	 -43.6722	  175.8320
11.617	 2.06	 1	 -38.2447	  173.9204
11.619	 2.68	 1	 -43.0626	  172.5451
11.623	 2.66	 1	 -38.2314	  173.7886
11.626	 2.62	 2	 -38.2452	  173.7782
11.628	 3.74	 1	 -44.7784	  178.4419
11.638	 2.09	 2	 -44.8486	  178.4386
11.679	 3.23	 1	 -42.6021	  174.3978
11.693	 2.66	 1	 -42.9129	  174.1045
11.694	 2.85	 1	 -45.1488	  170.4783
11.703	 2.82	 1	 -42.6390	  173.7870
11.722	 2.23	 1	 -42.7028	  172.9009
11.727	 2.00	 1	 -41.8903	  173.5971
11.727	 2.41	 1	 -41.1025	  172.2493
11.732	 2.56	 1	 -42.7433	  172.3924
11.757	 2.22	 1	 -42.7354	  172.1234
11.767	 2.26	 1	 -42.3192	  173.5469
11.782	 2.31	 1	 -39.0583	  169.4195
11.788	 2.18	 1	 -42.5169	  167.3066
11.811	 2.33	 1	 -42.4503	  172.8861
11.822	 2.75	 1	 -41.8661	  173.5197
11.830	 2.51	 1	 -42.7493	  174.0248
11.840	 2.68	 1	 -44.6357	  174.0424
11.840	 3.12	 1	 -41.7502	  175.6901
11.850	 2.20	 1	 -42.5380	  174.3585
11.857	 2.12	 1	 -42.2554	  179.1110
11.875	 2.42	 2	 -44.7760	  178.4416
11.900	 2.10	 1	 -42.3284	  174.5475
11.903	 2.25	 1	 -42.3357	  176.3819
11.904	 2.03	 1	 -43.8154	  176.3716
11.905	 3.03	 1	 -39.8530	  175.2452
11.910	 2.15	 1	 -40.8169	  170.3515
11.913	 2.05	 1	 -41.0049	  173.1643
11.918	 2.53	 1	 -40.4713	  173.3342
11.924	 2.23	 1	 -42.5649	  171.6922
11.927	 2.21	 1	 -43.4263	  174.0809
11.945	 2.62	 1	 -42.9914	  172.6994
11.958	 2.60	 1	 -40.1799	  178.0957
11.961	 3.17	 1	 -42.8876	  173.7401
11.963	 2.07	 1	 -40.7718	  170.3202
11.970	 2.09	 1	 -42.0811	  172.0649
11.978	 2.84	 2	 -40.1946	  178.0980
12.021	 2.80	 1	 -38.3492	  171.4385
12.021	 3.63	 1	 -43.5611	  174.4525
12.032	 2.23	 1	 -38.5887	  172.3174
12.040	 2.48	 1	 -43.3114	  168.6492
12.066	 2.13	 1	 -43.6830	  172.4901
12.081	 2.46	 1	 -44.3621	  175.6958
12.102	 3.18	 1	 -42.3028	  172.4705
12.103	 2.40	 1	 -42.4727	  172.8084
12.103	 2.16	 1	 -42.3836	  174.3958
12.107	 2.01	 1	 -46.8963	  170.8506
12.122	 2.72	 1	 -44.7933	  175.0026
12.128	 3.64	 1	 -42.5808	  171.9478
12.130	 2.68	 1	 -46.1904	  169.1777
12.138	 2.12	 1	 -41.1991	  172.4005
12.153	 2.15	 1	 -47.1085	  171.8685
12.184	 2.30	 1	 -42.6594	  172.1839
12.192	 2.04	 1	 -45.7660	  174.9926
12.203	 2.67	 1	 -39.1929	  176.3114
12.206	 2.09	 1	 -43.0870	  173.1202
12.225	 2.06	 1	 -44.7098	  176.1188
12.226	 2.14	 1	 -42.0638	  173.8525
12.228	 2.00	 1	 -41.8365	  170.4179
12.234	 2.27	 1	 -42.3158	  166.9258
12.249	 2.07	 1	 -42.6205	  173.1957
12.274	 2.32	 1	 -43.7679	  173.9291
12.274	 2.21	 1	 -43.3670	  173.1039
12.280	 2.48	 1	 -44.8933	  169.7410
12.282	 2.01	 1	 -44.8300	  169.0652
12.288	 2.00	 1	 -42.2188	  173.6087
12.300	 3.16	 1	 -38.8215	  176.1349
12.313	 3.44	 1	 -43.2465	  173.5256
12.314	 2.32	 2	 -43.2439	  173.5267
12.321	 2.44	 1	 -42.4339	  172.6177
12.323	 2.08	 2	 -42.4362	  172.6206
12.329	 2.69	 1	 -42.3573	  174.0571
12.349	 2.32	 1	 -45.6088	  173.8981
12.395	 2.04	 1	 -41.7276	  174.3156
12.395	 2.05	 1	 -44.3683	  170.2560
12.396	 2.16	 1	 -42.9895	  171.6949
12.415	 2.09	 1	 -42.0936	  174.5258
12.418	 2.75	 1	 -40.3983	  167.7605
12.424	 2.54	 1	 -44.7127	  172.2407
12.429	 2.27	 2	 -38.9232	  176.3718
12.435	 2.02	 1	 -43.7918	  172.1529
12.441	 2.09	 1	 -42.0836	  172.9770
12.461	 2.69	 1	 -41.0936	  167.3042
12.466	 2.47	 1	 -42.4515	  174.0621
12.467	 2.51	 1	 -42.6614	  175.6843
12.477	 2.05	 1	 -45.4799	  177.8227
12.486	 3.26	 1	 -42.2055	  173.5981
12.495	 2.42	 1	 -43.3038	  166.9611
12.502	 2.41	 1	 -41.0570	  173.7618
12.522	 3.26	 1	 -43.0815	  170.0943
12.527	 2.27	 1	 -44.2941	  173.3758
12.533	 2.53	 1	 -45.6701	  177.6065
12.538	 2.57	 1	 -41.9928	  175.9688
12.549	 2.35	 1	 -43.1894	  172.3571
12.578	 2.19	 1	 -41.8050	  174.4061
12.580	 2.46	 1	 -43.2511	  172.3466
12.587	 3.93	 2	 -42.4722	  171.2056
12.596	 2.21	 1	 -43.9733	  170.9119
12.602	 2.15	 1	 -39.8783	  169.6249
12.605	 2.00	 1	 -43.7694	  174.1163
12.616	 2.01	 1	 -42.8170	  174.4067
12.619	 2.88	 1	 -41.2242	  170.4591
12.624	 2.34	 2	 -43.7373	  174.1824
12.625	 2.08	 1	 -42.1994	  172.6114
12.627	 2.19	 1	 -42.6361	  172.9039
12.628	 2.37	 1	 -43.5059	  173.1602
12.639	 2.74	 1	 -43.6880	  171.8069
12.646	 2.47	 3	 -42.5290	  171.1591
12.646	 2.73	 1	 -43.9122	  174.6132
12.656	 2.44	 1	 -42.9014	  174.1752
12.660	 2.46	 1	 -43.2873	  179.0862
12.665	 2.14	 1	 -39.9748	  177.8961
12.671	 2.49	 1	 -42.6435	  174.7003
12.683	 2.64	 1	 -42.1259	  173.6741
12.685	 2.01	 1	 -44.6031	  174.4874
12.692	 2.66	 1	 -40.2456	  167.8895
12.724	 3.12	 1	 -39.4455	  177.0191
12.736	 2.73	 1	 -42.0327	  174.7218
12.745	 2.37	 1	 -47.0589	  171.5602
12.774	 2.03	 1	 -42.5158	  171.9994
12.781	 2.11	 1	 -45.6165	  168.3743
12.786	 5.02	 1	 -42.3478	  174.0209
12.786	 2.05	 2	 -42.3661	  174.0079
12.786	 3.47	 1	 -43.8565	  171.3112
12.787	 2.21	 1	 -42.0602	  173.4165
12.787	 2.26	 2	 -42.3388	  174.0112
12.788	 2.08	 2	 -42.3191	  174.0439
12.789	 3.01	 2	 -42.2904	  174.0970
12.791	 2.16	 2	 -42.3626	  174.0037
12.791	 2.07	 2	 -42.3853	  173.9557
12.792	 2.37	 2	 -42.3536	  173.9910
12.795	 3.65	 1	 -42.9958	  172.3705
12.800	 2.88	 2	 -42.3529	  174.0202
12.842	 2.12	 1	 -39.3943	  170.5531
12.860	 3.19	 2	 -42.3794	  173.9228
12.873	 2.11	 1	 -41.4143	  174.3254
12.883	 2.25	 1	 -42.7489	  173.2630
12.884	 2.55	 1	 -41.7796	  174.3651
12.892	 2.72	 1	 -40.8917	  167.4164
12.916	 2.82	 2	 -42.2894	  173.9374
12.922	 3.09	 2	 -42.3414	  174.0045
12.923	 2.04	 1	 -40.7755	  170.9037
12.925	 2.37	 1	 -41.5176	  178.9274
12.927	 4.00	 1	 -45.0034	  175.5106
12.937	 2.59	 2	 -42.7518	  171.7961
12.943	 2.01	 1	 -42.7083	  171.7450
12.955	 2.84	 1	 -42.2007	  170.7988
12.959	 2.02	 2	 -42.7570	  173.3269
12.965	 2.79	 1	 -43.8521	  171.4403
12.972	 2.20	 2	 -44.9380	  175.6267
12.978	 2.26	 1	 -42.2286	  179.1073
12.980	 3.07	 1	 -45.2434	  175.1449
12.983	 2.24	 2	 -42.3725	  174.0173
12.991	 3.03	 1	 -39.6888	  177.5748
13.002	 2.15	 1	 -38.3296	  174.5026
13.006	 3.24	 2	 -39.6856	  177.5876
13.014	 2.44	 1	 -42.1073	  174.0865
13.030	 3.55	 1	 -45.5309	  168.2772
13.054	 2.67	 2	 -45.4716	  168.2711
13.059	 2.11	 1	 -42.1803	  179.1001
13.067	 2.43	 1	 -42.5865	  173.9508
13.069	 2.49	 1	 -41.5239	  172.4641
13.071	 2.03	 1	 -41.1296	  168.7140
13.084	 2.67	 1	 -42.5034	  172.7555
13.101	 2.22	 1	 -42.4743	  167.0057
13.102	 2.20	 1	 -42.6782	  173.2623
13.105	 2.18	 2	 -42.9019	  174.1779
13.112	 2.32	 1	 -44.7455	  172.1154
13.120	 2.20	 2	 -43.0378	  172.7594
13.128	 2.17	 1	 -41.1581	  171.9839
13.130	 2.04	 1	 -41.9093	  173.0890
13.139	 2.18	 1	 -43.3192	  172.7440
13.146	 2.56	 1	 -42.7029	  174.3491
13.186	 2.24	 1	 -41.0213	  178.7017
13.193	 2.17	 1	 -43.5806	  173.9493
13.198	 2.77	 1	 -42.6263	  173.8660
13.200	 2.06	 1	 -43.3074	  172.2641
13.200	 2.05	 1	 -41.5738	  173.1304
13.201	 2.32	 1	 -42.3938	  173.3821
13.201	 2.16	 1	 -42.3280	  173.2425
13.205	 2.01	 1	 -43.7398	  176.2345
13.219	 2.41	 1	 -43.1387	  170.7247
13.221	 2.10	 1	 -42.0308	  172.4440
13.225	 2.63	 1	 -39.5618	  168.6308
13.239	 2.15	 1	 -42.6019	  174.8233
13.249	 2.14	 1	 -44.6381	  172.4600
13.250	 2.07	 1	 -39.7735	  170.4490
13.256	 2.43	 2	 -42.3599	  174.0468
13.258	 2.53	 1	 -41.9377	  166.9911
13.270	 2.29	 1	 -43.9066	  172.1362
13.275	 3.24	 1	 -40.7742	  167.4890
13.289	 2.02	 1	 -41.7081	  171.8256
13.293	 4.26	 1	 -42.4963	  173.3319
13.298	 2.75	 1	 -42.4718	  173.7059
13.299	 2.13	 2	 -42.4861	  173.4333
13.301	 2.74	 1	 -43.5064	  173.8520
13.309	 2.05	 1	 -43.7295	  173.9069
13.313	 2.66	 1	 -43.5056	  172.6501
13.326	 2.83	 1	 -42.7723	  174.8886
13.331	 2.62	 1	 -43.3172	  171.4395
13.343	 2.24	 1	 -42.8436	  173.9967
13.349	 3.18	 1	 -39.7423	  173.6451
13.349	 2.87	 2	 -42.5060	  173.3344
13.351	 2.16	 1	 -44.3818	  173.6901
13.376	 2.26	 1	 -43.0538	  167.7703
13.388	 2.02	 2	 -42.5005	  173.3729
13.392	 2.07	 1	 -39.9918	  168.1308
13.400	 2.21	 1	 -42.8200	  172.3291
13.402	 2.22	 1	 -42.1467	  174.4797
13.402	 2.53	 1	 -44.7005	  172.7189
13.407	 2.08	 1	 -42.8660	  172.5662
13.412	 2.74	 1	 -44.9875	  175.3579
13.444	 2.64	 1	 -45.3887	  175.7619
13.451	 2.75	 1	 -46.8180	  170.5884
13.476	 2.11	 1	 -42.6358	  174.2994
13.477	 3.12	 1	 -43.1922	  172.5708
13.482	 2.30	 1	 -46.5471	  169.8718
13.483	 2.18	 1	 -41.6999	  174.3189
13.515	 2.21	 1	 -43.4496	  173.6346
13.532	 2.26	 1	 -41.0255	  175.3351
13.533	 2.29	 1	 -43.5338	  173.7331
13.536	 2.39	 1	 -45.3767	  172.1081
13.539	 2.33	 2	 -40.7953	  167.5205
13.543	 2.06	 1	 -41.6709	  174.4415
13.547	 2.29	 1	 -45.9306	  177.2671
13.560	 2.10	 1	 -39.9743	  168.1487
13.563	 2.12	 1	 -42.0901	  173.5275
13.571	 2.26	 1	 -42.5702	  172.8737
13.607	 2.48	 1	 -44.5191	  167.4318
13.610	 2.31	 1	 -40.7853	  174.9935
13.618	 2.00	 1	 -43.4754	  176.5520
13.619	 2.33	 1	 -41.9011	  174.2940
13.642	 2.29	 1	 -46.7433	  175.6781
13.646	 2.12	 2	 -42.4952	  173.3219
13.658	 2.75	 1	 -44.0187	  173.1997
13.664	 2.32	 1	 -41.9893	  179.0647
13.678	 4.29	 1	 -43.8669	  168.2925
13.681	 2.70	 2	 -43.8682	  168.2884
13.683	 2.05	 2	 -43.8821	  168.2967
13.709	 2.64	 1	 -40.9820	  169.1398
13.737	 3.02	 1	 -42.6751	  174.3341
13.737	 2.35	 1	 -40.5187	  178.3775
13.759	 2.43	 1	 -40.2728	  178.1787
13.763	 2.21	 1	 -40.6056	  172.6562
13.782	 2.30	 1	 -45.7208	  173.5569
13.797	 2.05	 2	 -43.8774	  168.2862
13.820	 2.07	 1	 -42.2928	  174.2370
13.833	 2.74	 1	 -40.0092	  177.9312
13.839	 2.24	 1	 -39.5934	  173.6653
13.854	 2.07	 1	 -41.7633	  174.1400
13.860	 2.20	 1	 -43.7841	  170.9155
13.876	 2.39	 1	 -42.3774	  169.8743
13.877	 2.05	 1	 -43.6250	  173.7758
13.900	 3.57	 1	 -42.5829	  174.2177
13.904	 2.03	 1	 -42.3317	  178.9163
13.931	 2.22	 1	 -42.1582	  173.6307
13.978	 2.59	 1	 -42.0828	  173.5958
13.998	 2.10	 1	 -44.2689	  172.8141
