# Simulation 877
# RelativeTime(days) Magnitude Generation Latitude Longitude
Time Mag Gen Lat Lon
7.002	 2.63	 1	 -39.2519	  169.0832
7.002	 2.13	 1	 -40.2112	  172.4112
7.004	 2.02	 1	 -44.8739	  172.4270
7.014	 2.78	 1	 -46.7686	  173.9571
7.024	 2.52	 1	 -40.6318	  172.7982
7.024	 2.03	 1	 -43.0343	  173.8950
7.024	 2.10	 1	 -45.6465	  168.4096
7.025	 2.63	 1	 -43.4752	  177.5032
7.027	 2.33	 1	 -43.1687	  173.8661
7.034	 2.18	 1	 -42.5471	  172.7360
7.043	 2.40	 1	 -38.2357	  173.8337
7.043	 2.50	 1	 -45.4078	  168.1457
7.044	 2.46	 1	 -40.7778	  172.7267
7.048	 2.26	 1	 -43.2328	  174.2855
7.053	 2.09	 1	 -39.7199	  169.1297
7.062	 2.24	 1	 -42.6792	  172.6839
7.067	 2.10	 1	 -41.6459	  174.3980
7.069	 2.71	 1	 -43.5192	  174.4821
7.079	 2.18	 1	 -42.1248	  170.5521
7.081	 2.62	 1	 -42.6756	  172.4109
7.091	 2.62	 1	 -42.2507	  174.5929
7.094	 2.25	 1	 -39.0577	  169.4207
7.099	 2.21	 1	 -39.3536	  168.9245
7.103	 2.88	 1	 -43.4819	  171.7311
7.116	 2.07	 1	 -38.6106	  175.5882
7.121	 2.23	 1	 -42.9707	  175.6058
7.124	 2.73	 1	 -43.7124	  174.1568
7.125	 2.35	 1	 -42.6014	  171.1174
7.132	 2.28	 1	 -42.8170	  173.6954
7.133	 3.34	 1	 -41.1719	  178.7795
7.141	 2.20	 1	 -42.7067	  173.0996
7.156	 2.64	 1	 -41.4697	  178.9094
7.171	 2.01	 1	 -42.5439	  173.5541
7.173	 2.49	 1	 -46.7939	  175.5301
7.179	 2.28	 1	 -42.8869	  172.8159
7.180	 2.06	 1	 -44.1195	  178.8237
7.181	 2.20	 1	 -43.0314	  173.6514
7.182	 2.84	 1	 -43.4957	  171.1448
7.188	 2.09	 1	 -43.7169	  178.9791
7.191	 2.60	 1	 -45.4556	  168.1956
7.191	 2.23	 1	 -40.3334	  171.4791
7.198	 2.17	 1	 -41.1839	  171.9456
7.202	 2.14	 1	 -40.7809	  178.5595
7.220	 2.39	 1	 -42.8438	  175.6943
7.229	 2.62	 1	 -45.1572	  167.9052
7.237	 2.83	 1	 -47.0676	  171.6093
7.242	 2.16	 1	 -46.2156	  176.8237
7.248	 2.04	 1	 -43.4494	  170.5220
7.260	 2.13	 1	 -41.7917	  174.0432
7.264	 2.19	 1	 -44.2022	  173.5724
7.266	 2.16	 1	 -38.1964	  173.1135
7.280	 2.29	 1	 -47.1597	  172.6266
7.281	 3.73	 1	 -43.0651	  170.2373
7.285	 2.44	 1	 -43.6658	  174.7116
7.289	 2.81	 1	 -39.7350	  168.4139
7.298	 2.41	 1	 -42.0562	  173.8050
7.302	 2.57	 1	 -46.8979	  175.1880
7.304	 2.41	 1	 -40.6121	  173.9426
7.310	 2.13	 1	 -40.2043	  174.7529
7.310	 2.66	 1	 -38.9005	  173.5338
7.314	 2.01	 1	 -42.3408	  171.7595
7.317	 2.12	 1	 -42.6514	  171.7052
7.325	 2.77	 1	 -43.4154	  172.4672
7.325	 2.15	 1	 -45.6272	  172.4118
7.336	 3.11	 1	 -40.8201	  171.4602
7.352	 2.34	 1	 -45.2409	  167.9817
7.353	 2.01	 1	 -42.9232	  173.9542
7.360	 2.30	 1	 -41.3651	  173.9628
7.362	 3.08	 1	 -42.2135	  173.6315
7.369	 2.18	 1	 -46.0266	  168.9171
7.374	 4.27	 1	 -41.4802	  178.9134
7.378	 2.52	 1	 -43.0321	  172.9401
7.381	 2.16	 1	 -40.4389	  167.7281
7.396	 2.19	 1	 -42.4667	  176.1842
7.412	 2.52	 1	 -40.9720	  167.5173
7.423	 2.19	 1	 -47.1214	  174.0803
7.430	 2.97	 1	 -43.3943	  174.5028
7.430	 2.69	 1	 -43.1474	  171.9715
7.432	 2.37	 1	 -43.8761	  178.9242
7.438	 2.14	 1	 -44.2018	  178.7851
7.445	 2.70	 1	 -38.4284	  171.0807
7.458	 2.17	 1	 -42.5211	  173.0084
7.465	 2.48	 1	 -40.8823	  175.5142
7.469	 3.58	 1	 -41.7689	  167.0348
7.471	 2.26	 1	 -46.6692	  172.8471
7.495	 2.15	 1	 -43.7677	  171.6755
7.504	 2.06	 1	 -40.9402	  178.6563
7.507	 2.35	 1	 -43.6295	  179.0057
7.507	 2.22	 1	 -45.8807	  177.3364
7.508	 2.71	 1	 -40.9521	  178.6631
7.513	 2.41	 1	 -44.3968	  178.6835
7.514	 2.22	 1	 -43.4119	  166.9831
7.532	 2.12	 1	 -44.2950	  170.8030
7.534	 2.43	 1	 -39.9657	  170.4636
7.536	 3.09	 1	 -42.8687	  175.1166
7.539	 2.43	 1	 -41.5727	  171.9432
7.542	 2.62	 1	 -39.1208	  174.1012
7.550	 2.70	 1	 -41.3236	  176.9797
7.561	 2.83	 1	 -46.3426	  169.4493
7.562	 2.66	 1	 -44.5547	  176.4722
7.564	 2.78	 1	 -43.3821	  173.8561
7.570	 2.04	 1	 -42.5342	  174.4126
7.574	 2.10	 1	 -43.3335	  174.7996
7.574	 2.22	 1	 -40.3288	  168.3645
7.576	 2.21	 1	 -44.4403	  173.4674
7.576	 2.35	 1	 -38.3544	  174.6319
7.576	 2.04	 1	 -40.9685	  174.8130
7.582	 2.19	 1	 -40.6484	  174.3277
7.583	 2.24	 1	 -38.2390	  172.1774
7.586	 2.15	 1	 -45.0590	  173.4680
7.603	 2.42	 1	 -41.7032	  174.1965
7.610	 3.05	 1	 -44.6062	  170.4749
7.616	 2.71	 1	 -42.2007	  173.3598
7.629	 2.07	 1	 -41.9888	  177.6660
7.634	 2.11	 1	 -44.0225	  169.5976
7.646	 2.06	 1	 -39.6506	  171.2218
7.649	 2.51	 1	 -42.0708	  171.7166
7.652	 2.42	 1	 -39.5333	  170.0806
7.673	 2.21	 1	 -43.5988	  173.9736
7.681	 2.04	 1	 -39.9432	  177.8632
7.682	 2.49	 1	 -40.9263	  167.3961
7.684	 2.09	 1	 -43.8305	  170.4976
7.689	 3.14	 1	 -42.5249	  173.5743
7.697	 2.01	 1	 -43.5217	  170.4586
7.702	 2.11	 1	 -42.8913	  171.8321
7.704	 2.24	 1	 -45.0155	  175.3852
7.713	 2.07	 1	 -43.8574	  167.1132
7.715	 2.97	 1	 -38.2124	  173.5456
7.724	 2.30	 1	 -42.9822	  170.3719
7.725	 2.04	 1	 -42.4343	  173.9439
7.733	 2.07	 1	 -40.7432	  173.3961
7.734	 2.52	 1	 -44.3169	  167.5499
7.747	 2.47	 1	 -44.9548	  171.5985
7.763	 2.13	 1	 -45.7898	  174.5241
7.774	 2.37	 1	 -41.6688	  173.7501
7.779	 2.00	 1	 -44.7091	  173.2538
7.781	 2.14	 1	 -42.9930	  171.8165
7.781	 2.67	 1	 -42.4951	  174.2361
7.782	 2.81	 1	 -44.1305	  175.7062
7.793	 2.11	 1	 -45.4004	  177.9062
7.802	 3.10	 1	 -43.5217	  169.1069
7.803	 2.35	 1	 -38.7550	  170.0678
7.811	 2.28	 1	 -38.9143	  176.3392
7.814	 2.04	 1	 -42.9069	  177.2675
7.820	 2.00	 1	 -44.2027	  170.3102
7.831	 2.73	 1	 -46.9032	  175.1691
7.839	 2.35	 1	 -43.6501	  171.3736
7.844	 2.41	 1	 -41.7131	  172.8763
7.845	 2.05	 1	 -43.0206	  172.8329
7.862	 2.49	 1	 -46.9145	  172.8851
7.868	 2.20	 1	 -42.2182	  173.5274
7.872	 3.02	 1	 -40.5953	  178.4338
7.873	 2.22	 1	 -45.9035	  177.2253
7.874	 2.13	 1	 -46.1462	  172.3243
7.878	 2.00	 1	 -44.0086	  173.3685
7.880	 2.48	 1	 -42.1854	  174.0434
7.886	 2.22	 1	 -38.1960	  173.0016
7.890	 2.23	 1	 -46.6210	  175.9987
7.913	 2.11	 1	 -42.9809	  172.8701
7.914	 2.16	 1	 -40.0660	  172.1201
7.916	 2.01	 1	 -38.6162	  170.4395
7.916	 2.17	 1	 -42.3712	  172.6400
7.917	 2.03	 1	 -44.5788	  173.6038
7.921	 2.53	 1	 -40.0152	  173.9307
7.923	 2.29	 1	 -43.5217	  176.6363
7.924	 2.38	 1	 -46.5074	  172.7966
7.932	 2.16	 1	 -42.0380	  172.0682
7.961	 2.04	 1	 -40.2983	  167.8437
7.970	 2.32	 1	 -43.7909	  178.7625
7.987	 2.06	 1	 -45.0255	  175.3302
7.988	 2.22	 1	 -43.1301	  174.8870
7.988	 2.30	 1	 -46.8846	  170.8091
7.996	 2.84	 1	 -42.7956	  176.8303
7.999	 2.05	 1	 -42.3128	  173.4764
7.999	 2.16	 1	 -42.2531	  174.5206
8.001	 2.21	 1	 -41.7831	  167.0308
8.008	 2.16	 1	 -46.0576	  168.9642
8.020	 2.13	 1	 -42.0940	  173.9186
8.028	 2.03	 1	 -46.9773	  171.1663
8.029	 2.42	 1	 -42.3348	  171.3732
8.041	 2.69	 1	 -43.5780	  170.8255
8.058	 2.37	 1	 -47.1375	  172.0974
8.099	 3.74	 1	 -38.4924	  170.8375
8.102	 2.02	 1	 -43.5233	  170.6066
8.108	 2.39	 1	 -44.1514	  178.8090
8.118	 2.19	 1	 -45.0226	  171.5587
8.128	 2.16	 1	 -46.9818	  171.1858
8.129	 2.83	 1	 -41.6093	  178.9598
8.130	 3.27	 1	 -44.0110	  177.3356
8.133	 2.62	 1	 -42.7590	  171.4474
8.135	 2.15	 1	 -43.8235	  173.3672
8.148	 4.01	 1	 -46.2562	  176.7531
8.162	 3.42	 1	 -44.6161	  178.5519
8.183	 2.89	 1	 -42.3047	  173.6908
8.204	 2.02	 1	 -43.6072	  179.0120
8.223	 2.15	 1	 -45.3877	  177.9192
8.234	 2.18	 1	 -42.9084	  174.9161
8.242	 3.74	 1	 -39.5954	  168.5869
8.256	 2.03	 1	 -46.6155	  176.0121
8.273	 2.04	 1	 -41.0308	  174.2128
8.274	 2.55	 1	 -43.2358	  172.8677
8.281	 2.61	 1	 -44.7248	  168.4343
8.299	 2.17	 1	 -42.5761	  174.2653
8.302	 2.21	 1	 -43.4687	  172.4433
8.319	 2.55	 1	 -43.5447	  173.0781
8.320	 2.34	 1	 -42.1904	  166.9426
8.321	 2.15	 1	 -43.8998	  171.3613
8.325	 2.63	 1	 -43.3380	  179.0766
8.327	 3.47	 1	 -41.7906	  175.7338
8.344	 2.09	 1	 -42.0202	  172.8836
8.351	 2.44	 1	 -43.5449	  170.9072
8.354	 2.12	 1	 -44.5542	  172.8409
8.368	 2.97	 1	 -46.3007	  176.6730
8.394	 2.56	 1	 -41.3367	  176.6961
8.399	 2.05	 1	 -44.2172	  172.4532
8.401	 3.02	 1	 -44.3325	  167.3257
8.403	 2.50	 1	 -46.3954	  176.4930
8.405	 2.15	 1	 -39.9279	  168.1973
8.405	 2.19	 1	 -40.5121	  167.6717
8.406	 2.38	 1	 -43.4594	  172.3238
8.423	 2.07	 1	 -43.8861	  178.9205
8.427	 2.21	 1	 -38.2140	  172.4737
8.430	 2.64	 1	 -42.9908	  171.9457
8.435	 2.66	 1	 -38.7377	  170.1109
8.437	 2.03	 1	 -41.2598	  178.8211
8.455	 2.81	 1	 -41.6569	  172.9478
8.460	 2.62	 1	 -47.1157	  171.9210
8.464	 2.60	 1	 -40.6610	  171.8871
8.467	 2.25	 1	 -41.1725	  172.6185
8.499	 2.74	 1	 -43.7619	  170.5958
8.499	 2.21	 1	 -46.5249	  176.2222
8.522	 2.33	 1	 -45.2204	  175.4560
8.523	 3.08	 1	 -43.5709	  173.5744
8.523	 2.13	 1	 -41.5211	  178.9287
8.525	 2.84	 1	 -46.7641	  170.4259
8.528	 2.90	 1	 -41.5214	  174.9701
8.535	 2.57	 1	 -41.2282	  173.9051
8.535	 2.12	 1	 -42.2019	  173.0652
8.553	 2.03	 1	 -40.8054	  171.8513
8.554	 2.72	 1	 -46.7522	  170.3913
8.556	 2.09	 1	 -40.0901	  172.8581
8.560	 2.11	 1	 -46.8069	  170.5537
8.560	 2.19	 1	 -38.2157	  173.5946
8.561	 2.78	 1	 -40.0310	  177.9532
8.561	 2.11	 1	 -38.8988	  170.5401
8.580	 2.12	 1	 -44.0057	  175.4003
8.587	 2.82	 1	 -43.5378	  173.6949
8.588	 2.23	 1	 -43.2499	  166.9515
8.590	 3.23	 1	 -46.3043	  169.3779
8.640	 2.62	 1	 -39.5980	  177.4608
8.650	 3.51	 1	 -42.4453	  166.9136
8.670	 2.07	 1	 -46.9814	  174.8600
8.680	 2.39	 1	 -41.1761	  170.2209
8.684	 2.26	 1	 -42.1169	  173.2308
8.684	 2.11	 1	 -47.1646	  173.6600
8.694	 2.22	 1	 -45.0487	  172.5000
8.696	 2.01	 1	 -45.7829	  173.5297
8.719	 2.88	 1	 -43.1944	  170.9686
8.723	 2.36	 1	 -46.8650	  175.3028
8.724	 2.43	 1	 -39.7727	  173.6584
8.730	 2.08	 1	 -40.7097	  167.5313
8.733	 2.14	 1	 -43.1032	  172.6436
8.742	 2.24	 1	 -39.7958	  174.9429
8.749	 2.02	 1	 -38.4248	  171.0952
8.755	 2.50	 1	 -47.1890	  173.0671
8.756	 2.00	 1	 -41.7455	  179.0027
8.769	 2.12	 1	 -43.6607	  171.1174
8.774	 2.68	 1	 -41.3147	  167.2811
8.798	 2.05	 1	 -44.8383	  170.7694
8.804	 2.04	 1	 -44.4740	  175.9403
8.805	 2.27	 1	 -42.4948	  173.3046
8.809	 2.03	 1	 -45.8760	  177.3428
8.813	 2.06	 1	 -43.2138	  173.0829
8.817	 2.03	 1	 -43.3738	  171.6082
8.822	 2.01	 1	 -43.1544	  173.5998
8.837	 2.02	 1	 -42.2326	  172.6680
8.840	 4.41	 1	 -38.7698	  176.0126
8.840	 2.18	 1	 -43.1129	  171.7876
8.856	 2.33	 1	 -44.1725	  169.1570
8.857	 2.01	 1	 -40.1180	  178.0380
8.860	 4.32	 1	 -45.5907	  177.6998
8.863	 2.45	 1	 -43.3763	  170.7841
8.865	 2.66	 1	 -41.9488	  175.6761
8.870	 2.02	 1	 -42.3465	  172.2923
8.878	 2.11	 1	 -42.0288	  172.9756
8.881	 2.23	 1	 -41.9405	  166.9905
8.883	 2.81	 1	 -45.1674	  175.0273
8.894	 2.17	 1	 -39.4517	  168.7812
8.894	 2.08	 1	 -40.5852	  172.7536
8.899	 2.26	 1	 -47.0895	  171.7412
8.900	 2.03	 1	 -43.0399	  174.0913
8.911	 2.26	 1	 -42.3833	  171.9803
8.917	 2.13	 1	 -43.8476	  174.8210
8.925	 2.20	 1	 -41.4872	  175.6596
8.928	 2.44	 1	 -44.4025	  172.2616
8.935	 2.13	 1	 -40.1395	  174.4438
8.940	 3.21	 1	 -46.2257	  169.2379
8.947	 2.57	 1	 -41.5542	  171.7218
8.950	 2.09	 1	 -41.5492	  178.9389
8.950	 2.14	 1	 -40.8769	  175.3556
8.953	 2.13	 1	 -42.2795	  175.6865
8.968	 2.41	 1	 -39.5746	  177.4303
8.978	 2.02	 1	 -42.6910	  172.3217
8.986	 2.17	 1	 -47.0984	  171.7992
8.995	 2.09	 1	 -41.5305	  173.6963
9.013	 2.04	 1	 -39.5437	  173.3136
9.016	 2.76	 1	 -41.5068	  172.7766
9.020	 2.54	 1	 -38.2694	  171.9210
9.028	 3.32	 1	 -41.8756	  170.8936
9.032	 2.62	 1	 -47.1851	  172.7619
9.052	 2.14	 1	 -43.2389	  171.2168
9.054	 2.37	 1	 -40.5548	  174.9197
9.057	 2.02	 1	 -40.2527	  175.0913
9.062	 2.06	 1	 -44.1885	  178.7915
9.065	 2.40	 1	 -40.4281	  167.7367
9.073	 3.49	 1	 -43.1551	  175.0786
9.078	 3.08	 1	 -42.4135	  170.5705
9.081	 2.60	 1	 -41.8516	  174.4342
9.091	 2.35	 1	 -41.3238	  175.3869
9.099	 2.08	 1	 -41.0979	  173.8098
9.104	 2.16	 1	 -40.9614	  171.9967
9.109	 2.06	 1	 -44.4317	  169.4692
9.116	 2.16	 1	 -43.0709	  176.2758
9.117	 2.01	 1	 -38.3706	  174.7106
9.127	 2.38	 1	 -38.4333	  171.0609
9.131	 2.20	 1	 -41.8509	  175.2676
9.137	 3.41	 1	 -41.9755	  174.0108
9.140	 2.87	 1	 -40.6416	  173.3812
9.159	 3.20	 1	 -42.4465	  177.1249
9.162	 2.31	 1	 -38.5845	  175.5098
9.176	 2.11	 1	 -38.2132	  172.4868
9.184	 2.22	 1	 -42.7043	  171.7529
9.186	 2.43	 1	 -46.3694	  176.5439
9.205	 2.20	 1	 -38.5022	  170.8028
9.215	 2.03	 1	 -43.7648	  173.8298
9.217	 3.21	 1	 -40.9904	  172.6814
9.239	 2.89	 1	 -43.4194	  179.0595
9.247	 2.81	 1	 -40.6511	  178.4731
9.247	 2.10	 1	 -44.4274	  178.6663
9.248	 2.26	 1	 -44.2720	  167.2942
9.254	 2.01	 1	 -44.6957	  172.3277
9.259	 2.17	 1	 -38.6926	  175.8171
9.291	 2.12	 1	 -42.1944	  174.2468
9.297	 2.11	 1	 -45.0063	  168.6904
9.303	 2.50	 1	 -40.1885	  168.7968
9.329	 2.01	 1	 -42.4055	  168.4942
9.331	 2.39	 1	 -44.3401	  171.1204
9.349	 2.08	 1	 -43.4691	  175.4982
9.369	 2.89	 1	 -45.0260	  171.1073
9.379	 2.06	 1	 -42.4467	  173.6084
9.380	 2.18	 1	 -38.9804	  169.5697
9.383	 2.17	 1	 -42.3174	  173.0080
9.395	 2.58	 1	 -40.6762	  172.6566
9.396	 2.09	 1	 -44.0307	  178.8628
9.397	 2.56	 1	 -44.9306	  170.3719
9.403	 2.10	 1	 -43.2426	  171.8308
9.403	 2.94	 1	 -42.8760	  174.9092
9.415	 2.77	 1	 -43.3394	  173.5102
9.415	 2.64	 1	 -39.0699	  176.6463
9.428	 2.11	 1	 -46.5488	  173.3602
9.430	 2.18	 1	 -42.4923	  171.7496
9.431	 2.15	 1	 -43.8326	  171.6773
9.453	 2.65	 1	 -41.9583	  174.3442
9.456	 2.02	 1	 -46.9627	  174.9389
9.468	 2.20	 1	 -40.9335	  173.9617
9.475	 2.12	 1	 -38.5135	  171.3966
9.486	 2.48	 1	 -44.3633	  172.2079
9.496	 2.23	 1	 -40.6070	  167.6021
9.497	 2.33	 1	 -41.0535	  167.3253
9.498	 2.10	 1	 -45.9264	  177.2730
9.509	 3.56	 1	 -38.5099	  175.2680
9.512	 2.23	 1	 -43.9811	  173.5900
9.523	 2.24	 1	 -43.6359	  171.4780
9.531	 2.34	 1	 -45.3740	  176.5407
9.544	 2.26	 1	 -44.1079	  172.9205
9.564	 3.01	 1	 -42.7284	  172.3091
9.567	 2.43	 1	 -44.1813	  173.0910
9.574	 2.78	 1	 -39.7488	  174.2032
9.595	 2.12	 1	 -40.6854	  174.7542
9.606	 2.37	 1	 -38.2005	  172.7465
9.610	 2.33	 1	 -38.5860	  175.5144
9.634	 2.21	 1	 -42.9742	  171.7131
9.661	 2.27	 1	 -41.4128	  170.3645
9.664	 2.35	 1	 -44.4780	  173.4079
9.678	 2.26	 1	 -38.5153	  175.2865
9.685	 3.10	 1	 -42.2567	  170.9082
9.712	 2.05	 1	 -41.0502	  178.7173
9.725	 2.47	 1	 -42.0877	  172.3175
9.727	 2.11	 1	 -43.2216	  175.8704
9.735	 2.72	 1	 -40.6248	  171.5186
9.743	 2.35	 1	 -41.8639	  172.1956
9.748	 2.16	 1	 -44.3212	  174.7531
9.771	 3.18	 1	 -44.6526	  176.5848
9.781	 2.59	 1	 -44.3401	  170.0237
9.782	 2.66	 1	 -42.0859	  174.1221
9.787	 2.80	 1	 -41.7739	  173.9986
9.804	 2.03	 1	 -43.8301	  178.9409
9.828	 3.52	 1	 -46.0323	  175.1576
9.830	 2.14	 1	 -41.4011	  170.6578
9.836	 2.04	 1	 -39.0692	  176.6451
9.839	 2.27	 1	 -44.8762	  168.1133
9.841	 2.20	 1	 -43.3862	  179.0667
9.844	 2.47	 1	 -42.1059	  171.4313
9.848	 2.68	 1	 -42.8784	  174.2127
9.855	 2.54	 1	 -41.7164	  174.1696
9.858	 3.08	 1	 -42.6243	  170.4456
9.862	 2.02	 1	 -41.6100	  174.8644
9.863	 2.56	 1	 -44.5607	  167.4573
9.901	 3.88	 1	 -42.0340	  176.4812
9.909	 2.11	 1	 -42.7197	  166.9044
9.914	 2.74	 1	 -40.4897	  173.3014
9.919	 2.25	 1	 -41.3700	  169.5437
9.921	 2.27	 1	 -41.5994	  170.3788
9.933	 2.02	 1	 -42.1515	  173.5480
9.945	 2.02	 1	 -43.8254	  172.1896
9.953	 2.18	 1	 -40.9422	  171.0282
9.991	 2.04	 1	 -42.4815	  172.7971
9.993	 2.41	 1	 -43.3212	  166.9644
10.021	 2.02	 1	 -45.9125	  168.7518
10.027	 2.16	 1	 -45.6812	  170.0955
10.030	 3.92	 1	 -42.5205	  167.7229
10.041	 2.74	 1	 -42.2845	  172.3884
10.047	 2.03	 1	 -46.7873	  175.5501
10.052	 2.05	 1	 -41.2518	  178.8174
10.067	 2.26	 1	 -42.2296	  173.4789
10.075	 2.04	 1	 -42.1116	  169.0262
10.076	 2.29	 1	 -45.5642	  177.7299
10.086	 2.05	 1	 -38.2236	  172.3439
10.087	 2.55	 1	 -42.3676	  173.3041
10.107	 2.91	 1	 -38.3599	  174.6592
10.114	 2.30	 1	 -43.5522	  171.0374
10.117	 2.18	 1	 -42.5276	  179.1358
10.143	 3.00	 1	 -41.7093	  173.1768
10.154	 4.16	 1	 -46.2208	  169.2294
10.157	 2.08	 1	 -42.5695	  177.3220
10.161	 3.05	 1	 -42.1255	  172.5252
10.162	 3.20	 1	 -42.1253	  172.6023
10.174	 2.43	 1	 -46.9005	  173.8606
10.208	 2.44	 1	 -44.2561	  178.7582
10.220	 2.08	 1	 -41.4949	  171.1034
10.226	 2.09	 1	 -42.8106	  166.9064
10.229	 2.26	 1	 -41.5643	  178.9443
10.240	 2.09	 1	 -43.2851	  169.8167
10.241	 2.28	 1	 -42.8490	  166.9080
10.262	 2.00	 1	 -43.5109	  174.3298
10.278	 2.33	 1	 -43.7167	  169.6762
10.280	 2.53	 1	 -43.3947	  172.8406
10.282	 2.14	 1	 -43.8241	  170.4139
10.293	 2.34	 1	 -45.5701	  169.8507
10.294	 2.65	 1	 -44.2712	  167.2938
10.314	 2.86	 1	 -39.0975	  176.6969
10.338	 2.53	 1	 -39.0197	  169.4926
10.343	 3.05	 1	 -40.2040	  173.2560
10.350	 2.16	 1	 -41.8455	  172.5969
10.367	 4.01	 1	 -45.1400	  174.7998
10.376	 2.48	 1	 -41.6557	  174.4484
10.389	 2.01	 1	 -45.1792	  170.5742
10.389	 2.07	 1	 -43.6848	  178.9891
10.398	 2.05	 1	 -41.9168	  175.7614
10.408	 2.35	 1	 -42.3111	  174.6747
10.412	 2.03	 1	 -46.2501	  176.7638
10.420	 2.36	 1	 -45.3281	  174.6684
10.424	 3.11	 1	 -40.7888	  167.4797
10.428	 2.79	 1	 -38.8642	  169.8132
10.447	 2.25	 1	 -43.5494	  167.5039
10.450	 2.01	 1	 -46.7921	  175.5356
10.465	 2.13	 1	 -46.1519	  176.9305
10.495	 3.40	 1	 -42.0036	  173.6040
10.503	 2.02	 1	 -44.0110	  172.4399
10.524	 3.01	 1	 -45.6055	  177.6827
10.528	 2.05	 1	 -42.8973	  171.7336
10.546	 2.82	 1	 -46.5031	  176.2702
10.551	 2.36	 1	 -43.1643	  176.3396
10.554	 3.03	 1	 -41.6890	  178.1322
10.565	 2.28	 1	 -46.4599	  169.6822
10.570	 2.59	 1	 -43.1205	  179.1122
10.581	 2.30	 1	 -44.1578	  171.6369
10.588	 2.01	 1	 -41.8211	  169.1965
10.599	 2.22	 1	 -44.8142	  167.6281
10.607	 2.02	 1	 -45.5410	  168.8416
10.612	 2.28	 1	 -40.5945	  171.7127
10.653	 2.16	 1	 -44.1404	  173.0801
10.653	 2.82	 1	 -38.2092	  173.4924
10.663	 2.01	 1	 -42.5564	  173.0162
10.693	 2.36	 1	 -47.1787	  173.4394
10.693	 2.65	 1	 -42.0183	  172.3912
10.713	 2.91	 1	 -45.8776	  177.3405
10.718	 2.46	 1	 -47.1888	  172.9439
10.729	 2.03	 1	 -46.5617	  169.9049
10.736	 2.05	 1	 -45.1220	  169.4034
10.740	 2.02	 1	 -40.0711	  176.1865
10.755	 3.04	 1	 -41.1286	  174.8071
10.776	 2.03	 1	 -42.4059	  175.6848
10.789	 2.46	 1	 -40.7927	  169.1497
10.805	 2.10	 1	 -40.2404	  171.1789
10.823	 2.15	 1	 -43.1472	  179.1086
10.866	 3.23	 1	 -43.5333	  172.1955
10.879	 2.71	 1	 -41.2157	  171.0816
10.884	 2.02	 1	 -42.3298	  171.0365
10.897	 2.20	 1	 -46.3815	  174.0951
10.912	 2.26	 1	 -45.8877	  168.7176
10.918	 2.74	 1	 -41.1964	  170.9258
10.924	 2.76	 1	 -41.6751	  167.0630
10.927	 2.13	 1	 -44.2341	  173.7520
10.934	 2.41	 1	 -44.2304	  176.5610
10.944	 2.03	 1	 -44.0234	  178.8659
10.947	 2.65	 1	 -42.3105	  172.5092
10.951	 2.02	 1	 -42.5117	  173.5340
10.951	 2.14	 1	 -41.3036	  176.1726
10.952	 2.91	 1	 -43.5729	  176.5626
10.958	 2.11	 1	 -45.7040	  169.7106
10.959	 2.07	 1	 -42.3877	  172.6561
10.976	 3.46	 1	 -42.6620	  174.6615
11.013	 2.99	 1	 -39.0273	  169.4781
11.019	 2.36	 1	 -47.1220	  174.0750
11.038	 2.05	 1	 -41.4025	  172.9132
11.062	 2.00	 1	 -41.1612	  171.1275
11.065	 2.13	 1	 -43.0519	  177.0758
11.083	 2.47	 1	 -44.6179	  171.8911
11.088	 2.38	 1	 -46.8009	  175.5088
11.099	 2.48	 1	 -43.2470	  166.9510
11.110	 2.64	 1	 -45.1870	  173.1015
11.127	 2.93	 1	 -42.0884	  170.7822
11.142	 2.52	 1	 -40.2279	  171.3021
11.160	 3.40	 1	 -41.6390	  172.5030
11.160	 2.55	 1	 -42.6281	  170.6302
11.174	 2.48	 1	 -41.3255	  173.2340
11.180	 2.30	 1	 -40.4788	  172.6596
11.199	 2.55	 1	 -38.3946	  171.2236
11.217	 2.03	 1	 -42.9851	  177.1162
11.219	 3.36	 1	 -40.7963	  177.1254
11.224	 2.22	 1	 -42.5780	  172.9071
11.240	 2.54	 1	 -42.1837	  176.2510
11.249	 2.42	 1	 -44.0636	  167.1957
11.269	 2.01	 1	 -43.2758	  171.5942
11.272	 2.52	 1	 -41.1862	  173.1004
11.281	 2.61	 1	 -43.5516	  174.5944
11.290	 2.69	 1	 -44.3837	  171.8696
11.321	 2.73	 1	 -40.6536	  174.3031
11.328	 2.31	 1	 -39.1701	  169.2195
11.339	 2.03	 1	 -42.4134	  173.6991
11.347	 2.13	 1	 -38.4242	  171.0976
11.354	 2.17	 1	 -47.1627	  172.3594
11.354	 2.42	 1	 -42.4572	  171.7165
11.379	 2.66	 1	 -41.4836	  172.3642
11.384	 2.10	 1	 -45.5399	  177.7571
11.411	 3.42	 1	 -40.1397	  178.0584
11.416	 2.46	 1	 -42.4274	  173.8214
11.437	 2.03	 1	 -44.6265	  171.6049
11.449	 2.62	 1	 -38.8547	  169.8343
11.468	 2.45	 1	 -42.4171	  172.6248
11.470	 2.33	 1	 -47.1342	  173.9756
11.480	 2.31	 1	 -43.3125	  166.9628
11.481	 2.34	 1	 -42.2634	  174.1821
11.483	 2.12	 1	 -42.8756	  166.9094
11.498	 2.60	 1	 -41.7653	  174.2113
11.508	 2.24	 1	 -43.3017	  172.9412
11.510	 2.25	 1	 -46.8217	  170.5998
11.517	 2.34	 1	 -45.5085	  169.4173
11.551	 2.17	 1	 -45.8380	  177.3940
11.585	 2.04	 1	 -45.8264	  170.2724
11.586	 2.45	 1	 -46.3914	  176.5009
11.594	 2.82	 1	 -45.9671	  177.2149
11.608	 2.45	 1	 -38.4042	  174.8625
11.621	 2.63	 1	 -42.3645	  171.4250
11.642	 2.74	 1	 -44.2675	  176.0210
11.649	 2.12	 1	 -38.5894	  172.7937
11.649	 2.06	 1	 -46.0465	  172.9391
11.650	 2.05	 1	 -41.4022	  171.4550
11.660	 2.72	 1	 -42.3670	  171.7890
11.662	 2.28	 1	 -40.2236	  167.9090
11.679	 2.19	 1	 -42.5365	  173.2758
11.680	 2.33	 1	 -43.7105	  171.0404
11.694	 2.51	 1	 -41.7425	  173.2674
11.703	 2.60	 1	 -42.6672	  174.4818
11.716	 2.30	 1	 -41.1917	  175.1402
11.718	 2.29	 1	 -44.1352	  177.2812
11.720	 2.46	 1	 -39.5458	  177.3923
11.725	 3.30	 1	 -38.3606	  174.6628
11.739	 2.46	 1	 -38.3494	  174.6070
11.740	 2.36	 1	 -43.2511	  173.8353
11.748	 2.30	 1	 -44.8920	  178.3582
11.751	 2.07	 1	 -42.7048	  166.9044
11.758	 2.13	 1	 -39.3559	  177.1232
11.779	 3.67	 1	 -43.0710	  172.0812
11.783	 2.59	 1	 -41.9369	  168.0995
11.800	 2.67	 1	 -43.5089	  167.0060
11.814	 2.13	 1	 -47.0463	  171.4926
11.816	 3.46	 1	 -40.1639	  168.6353
11.817	 3.19	 1	 -41.7462	  176.6790
11.820	 2.62	 1	 -45.2856	  175.2553
11.822	 2.48	 1	 -38.9923	  172.4974
11.832	 2.25	 1	 -41.4102	  175.2513
11.836	 2.16	 1	 -41.9163	  172.5180
11.838	 2.08	 1	 -39.4616	  171.1747
11.844	 2.17	 1	 -44.5936	  175.7485
11.849	 2.04	 1	 -47.1887	  173.1089
11.857	 2.26	 1	 -43.2834	  171.8250
11.870	 2.20	 1	 -45.5433	  177.7534
11.874	 3.38	 1	 -42.5604	  171.1305
11.887	 2.59	 1	 -39.6465	  168.5218
11.889	 2.94	 1	 -38.7532	  175.9720
11.890	 2.20	 1	 -40.2844	  173.8610
11.890	 2.94	 1	 -46.7422	  175.6812
11.892	 3.41	 1	 -43.1306	  172.0413
11.907	 2.14	 1	 -38.4494	  175.0472
11.908	 2.21	 1	 -43.1603	  174.2911
11.914	 2.06	 1	 -41.9833	  175.7032
11.934	 2.01	 1	 -40.1418	  173.2105
11.943	 2.01	 1	 -41.6203	  177.8384
11.962	 2.34	 1	 -42.9859	  171.7511
12.002	 2.54	 1	 -41.9144	  178.1367
12.019	 3.24	 1	 -43.1314	  171.3046
12.035	 2.55	 1	 -41.7280	  174.3809
12.042	 2.15	 1	 -39.7168	  175.3927
12.045	 2.39	 1	 -39.0452	  176.6001
12.052	 2.07	 1	 -46.0434	  172.0249
12.053	 2.14	 1	 -40.6842	  178.4958
12.057	 2.97	 1	 -42.4883	  170.7330
12.058	 2.40	 1	 -41.4834	  178.9146
12.076	 3.20	 1	 -42.6073	  172.9034
12.084	 3.08	 1	 -43.1641	  173.7132
12.095	 2.57	 1	 -39.4321	  168.8091
12.103	 2.68	 1	 -42.2910	  173.5100
12.119	 2.05	 1	 -42.0669	  174.4721
12.120	 2.09	 1	 -40.5185	  167.6669
12.124	 2.29	 1	 -38.3678	  171.3467
12.133	 2.09	 1	 -45.0856	  173.8946
12.178	 2.95	 1	 -38.1973	  173.1716
12.190	 3.23	 1	 -45.0098	  173.7498
12.210	 2.32	 1	 -43.2900	  179.0857
12.218	 3.23	 1	 -43.6191	  175.1904
12.219	 2.37	 1	 -39.3874	  168.8740
12.222	 2.02	 1	 -42.3518	  174.1672
12.235	 2.29	 1	 -46.1295	  169.0773
12.245	 2.03	 1	 -42.8138	  171.8871
12.257	 2.17	 1	 -43.9436	  168.6061
12.268	 2.83	 1	 -39.7391	  169.9720
12.270	 2.21	 1	 -41.3239	  174.3533
12.284	 2.36	 1	 -43.0424	  166.9229
12.297	 2.41	 1	 -46.2626	  176.7418
12.327	 2.13	 1	 -43.7614	  178.9646
12.331	 2.35	 1	 -42.0188	  174.2579
12.332	 2.27	 1	 -46.6921	  175.8181
12.338	 2.47	 1	 -42.5934	  176.8687
12.344	 2.48	 1	 -38.5416	  175.3744
12.348	 2.33	 1	 -43.4135	  173.3298
12.388	 2.08	 1	 -40.9232	  178.6464
12.390	 2.37	 1	 -46.9730	  173.4858
12.449	 2.03	 1	 -44.4955	  167.4177
12.494	 2.40	 1	 -38.2181	  172.4158
12.502	 2.05	 1	 -43.4727	  179.0472
12.507	 2.02	 1	 -43.2323	  174.2901
12.545	 2.01	 1	 -46.5715	  176.1166
12.545	 3.05	 1	 -42.9951	  173.8955
12.552	 2.30	 1	 -43.9308	  173.6176
12.586	 2.02	 1	 -46.4922	  176.2937
12.587	 2.55	 1	 -40.0132	  177.9353
12.589	 2.04	 1	 -42.7241	  171.7172
12.603	 2.65	 1	 -42.0140	  175.0492
12.612	 3.15	 1	 -43.1523	  174.9955
12.628	 2.08	 1	 -41.3135	  178.8451
12.652	 3.09	 1	 -40.6243	  176.7780
12.661	 2.32	 1	 -44.3297	  171.8626
12.673	 2.85	 1	 -39.8213	  177.7303
12.707	 2.21	 1	 -41.5395	  172.2542
12.710	 2.72	 1	 -39.4769	  171.7849
12.736	 3.22	 1	 -43.2831	  171.5791
12.746	 2.60	 1	 -40.3852	  167.7712
12.748	 2.12	 1	 -42.5313	  179.1360
12.750	 2.33	 1	 -41.0277	  173.2346
12.774	 2.16	 1	 -43.0499	  179.1206
12.792	 2.36	 1	 -39.4713	  176.9815
12.840	 2.17	 1	 -44.8484	  176.8305
12.848	 3.05	 1	 -42.9500	  176.0432
12.861	 2.04	 1	 -41.4330	  172.3974
12.866	 2.71	 1	 -46.3284	  174.9208
12.908	 3.06	 1	 -41.0674	  170.6439
12.909	 2.37	 1	 -39.4427	  175.6678
12.921	 2.44	 1	 -46.1162	  170.1566
12.922	 2.90	 1	 -42.6397	  172.8626
12.927	 2.03	 1	 -42.4222	  172.6474
12.933	 2.11	 1	 -43.9200	  173.5770
12.947	 2.02	 1	 -41.4207	  167.4511
12.952	 2.90	 1	 -41.9791	  172.3176
12.961	 2.62	 1	 -43.3096	  172.9530
12.992	 2.40	 1	 -41.6196	  173.6062
12.993	 2.90	 1	 -43.4402	  171.8616
13.059	 2.11	 1	 -46.9386	  175.0358
13.071	 2.26	 1	 -45.0995	  173.2601
13.073	 2.35	 1	 -40.4810	  175.9364
13.078	 3.16	 1	 -43.4847	  171.0904
13.085	 2.27	 1	 -42.4355	  173.3358
13.123	 3.64	 1	 -41.0345	  171.5053
13.148	 2.14	 1	 -38.7939	  176.0705
13.169	 2.16	 1	 -42.8022	  174.2123
13.174	 2.09	 1	 -43.7174	  178.9789
13.177	 2.33	 1	 -43.1258	  179.1115
13.185	 3.31	 1	 -41.0247	  173.7304
13.186	 2.34	 1	 -43.6892	  171.7902
13.187	 2.28	 1	 -45.0688	  178.2159
13.206	 2.03	 1	 -42.5769	  166.9064
13.207	 2.22	 1	 -43.1406	  171.9341
13.234	 2.11	 1	 -43.7253	  170.8982
13.237	 2.13	 1	 -38.4320	  174.9784
13.238	 2.08	 1	 -42.8247	  170.8197
13.238	 2.09	 1	 -40.0012	  177.9231
13.264	 2.70	 1	 -40.2027	  178.1165
13.265	 2.71	 1	 -43.8962	  173.8462
13.266	 2.08	 1	 -40.1997	  171.4819
13.289	 2.48	 1	 -44.8523	  174.5629
13.292	 2.86	 1	 -44.6105	  169.4568
13.297	 3.34	 1	 -47.0843	  171.7086
13.297	 2.02	 1	 -47.0403	  174.5830
13.298	 2.09	 1	 -42.9810	  175.1175
13.309	 2.15	 1	 -38.2051	  173.4127
13.325	 2.03	 1	 -43.3593	  179.0723
13.331	 3.65	 1	 -40.8097	  167.4665
13.333	 2.81	 1	 -45.7376	  177.5237
13.373	 2.15	 1	 -42.3579	  173.5451
13.386	 2.16	 1	 -45.6710	  168.4388
13.412	 2.02	 1	 -42.3713	  175.2834
13.437	 3.14	 1	 -41.7010	  178.9893
13.445	 2.32	 1	 -41.3979	  173.2275
13.450	 2.10	 1	 -42.1407	  172.4536
13.460	 2.32	 1	 -45.4206	  177.8854
13.464	 3.93	 1	 -43.2325	  173.7288
13.468	 3.59	 1	 -44.2749	  167.2957
13.469	 2.16	 1	 -42.5523	  172.6035
13.478	 2.04	 1	 -43.1779	  173.7795
13.506	 2.73	 1	 -42.7764	  172.2791
13.508	 2.78	 1	 -42.8346	  172.0707
13.508	 2.30	 1	 -42.2915	  175.9073
13.563	 2.31	 1	 -40.5742	  168.7841
13.564	 2.22	 1	 -39.7368	  168.4117
13.578	 2.16	 1	 -45.2604	  173.1463
13.578	 2.54	 1	 -41.8648	  177.4799
13.580	 2.61	 1	 -43.1449	  170.8022
13.614	 2.36	 1	 -47.0514	  174.5250
13.620	 3.01	 1	 -38.5216	  173.5727
13.635	 2.12	 1	 -43.1624	  172.6229
13.650	 2.07	 1	 -45.3430	  177.0960
13.651	 2.01	 1	 -45.0364	  171.3401
13.660	 2.08	 1	 -45.4759	  176.3898
13.741	 2.66	 1	 -47.1791	  172.6133
13.762	 3.25	 1	 -43.4705	  168.9888
13.766	 3.10	 1	 -43.5554	  167.0180
13.790	 2.07	 1	 -43.3514	  167.2575
13.826	 2.09	 1	 -42.3334	  172.2457
13.842	 2.05	 1	 -38.7202	  175.8890
13.859	 2.52	 1	 -47.0045	  174.7575
13.861	 2.27	 1	 -43.7686	  170.4130
13.864	 2.52	 1	 -43.4754	  172.6928
13.867	 2.47	 1	 -41.7086	  174.3080
13.875	 3.10	 1	 -42.0741	  172.5904
13.894	 2.44	 1	 -41.4958	  172.1761
13.929	 2.59	 1	 -41.4728	  167.1337
13.930	 2.05	 1	 -41.6386	  174.6814
13.936	 2.35	 1	 -39.9550	  169.6697
13.941	 2.16	 1	 -44.6860	  174.7888
13.948	 2.81	 1	 -42.3525	  172.2117
13.958	 2.22	 1	 -39.7827	  177.6863
13.962	 2.27	 1	 -40.6851	  178.4965
13.964	 2.31	 1	 -39.1233	  176.7432
13.984	 2.09	 1	 -42.3356	  174.5945
