# Simulation 260
# RelativeTime(days) Magnitude Generation Latitude Longitude
Time Mag Gen Lat Lon
7.004	 2.06	 1	 -41.3997	  169.1971
7.015	 2.40	 1	 -41.8884	  171.6184
7.032	 2.53	 1	 -47.0444	  174.5618
7.032	 2.06	 1	 -42.4795	  170.1035
7.040	 2.29	 1	 -44.1403	  171.1806
7.041	 2.59	 1	 -43.9328	  175.7619
7.041	 2.18	 1	 -38.6236	  175.4184
7.045	 2.21	 1	 -47.1890	  173.0690
7.058	 2.06	 1	 -39.0883	  169.9468
7.059	 3.47	 1	 -43.3517	  172.2978
7.059	 2.06	 1	 -41.6444	  172.5880
7.077	 2.09	 1	 -42.5599	  172.8301
7.081	 2.00	 1	 -41.9763	  174.9237
7.094	 2.54	 1	 -41.8010	  167.0258
7.094	 2.32	 1	 -42.2091	  172.2649
7.095	 2.24	 1	 -47.0489	  171.5061
7.096	 2.08	 1	 -44.2016	  173.1226
7.098	 2.09	 1	 -43.5304	  174.0176
7.100	 3.46	 1	 -42.2335	  176.1795
7.108	 2.90	 1	 -44.0885	  172.7143
7.114	 2.28	 1	 -42.3345	  173.9240
7.121	 3.35	 1	 -45.4834	  174.1340
7.125	 3.04	 1	 -40.5252	  167.9231
7.130	 2.60	 1	 -43.2569	  172.6014
7.145	 2.00	 1	 -41.9473	  168.3588
7.154	 2.45	 1	 -44.8646	  170.2403
7.154	 2.29	 1	 -42.4503	  173.8593
7.190	 2.28	 1	 -43.0981	  173.6369
7.191	 2.25	 1	 -41.9195	  166.9954
7.205	 3.91	 1	 -43.3247	  174.7728
7.208	 2.17	 1	 -42.3538	  173.2414
7.211	 2.00	 1	 -44.3921	  173.7051
7.212	 2.14	 1	 -38.4389	  174.6824
7.216	 2.01	 1	 -47.1283	  174.0248
7.216	 2.04	 1	 -41.3373	  174.8437
7.218	 4.83	 1	 -43.2420	  172.0724
7.226	 2.19	 2	 -43.2789	  172.9207
7.227	 3.02	 2	 -43.2164	  171.9386
7.229	 3.08	 1	 -44.5773	  176.2760
7.235	 2.04	 1	 -42.4645	  172.4728
7.241	 2.02	 1	 -46.8514	  170.6961
7.243	 2.31	 1	 -42.4265	  173.8253
7.247	 2.07	 1	 -42.0339	  173.7674
7.249	 2.54	 1	 -41.3309	  170.1030
7.249	 2.80	 1	 -42.2032	  174.1696
7.259	 2.12	 1	 -42.9121	  172.2091
7.261	 2.45	 1	 -38.4258	  171.0913
7.269	 2.07	 1	 -42.4764	  173.7187
7.279	 2.12	 1	 -42.1386	  173.7428
7.281	 2.99	 1	 -44.0217	  172.5680
7.283	 2.16	 1	 -41.6059	  171.4587
7.294	 2.56	 1	 -42.6175	  171.9415
7.296	 2.01	 1	 -43.8369	  174.1676
7.297	 2.39	 1	 -43.0593	  172.6126
7.310	 2.37	 1	 -43.1749	  173.7708
7.311	 2.30	 1	 -43.0309	  171.7346
7.315	 3.38	 1	 -43.3417	  173.7423
7.316	 2.69	 1	 -42.1676	  172.2391
7.320	 2.23	 1	 -39.0168	  169.6776
7.325	 2.15	 1	 -41.7681	  174.2425
7.329	 2.81	 1	 -43.2740	  172.9739
7.331	 2.02	 1	 -41.9953	  177.0852
7.332	 2.31	 1	 -42.9335	  172.9220
7.347	 2.69	 1	 -44.1087	  168.4936
7.362	 2.31	 1	 -42.7733	  169.9867
7.372	 2.97	 1	 -43.9808	  173.1302
7.384	 2.39	 1	 -41.6834	  174.3742
7.386	 2.11	 1	 -42.5708	  173.4247
7.393	 2.28	 1	 -46.9118	  170.9067
7.394	 2.69	 1	 -44.5467	  172.6428
7.396	 2.24	 1	 -39.0212	  173.8934
7.402	 2.68	 1	 -38.7660	  170.0408
7.407	 2.06	 1	 -42.6153	  179.1390
7.412	 2.22	 1	 -41.1064	  173.7687
7.425	 2.16	 1	 -41.3566	  171.0448
7.429	 3.64	 1	 -41.6597	  176.0451
7.482	 2.05	 1	 -38.2088	  173.4845
7.483	 2.57	 1	 -41.9200	  172.0772
7.489	 2.16	 1	 -43.4364	  173.1930
7.490	 2.18	 1	 -41.7350	  174.2533
7.501	 2.52	 1	 -43.0259	  175.5759
7.501	 2.17	 1	 -41.9914	  173.7071
7.502	 3.37	 1	 -43.7776	  167.0851
7.506	 2.23	 1	 -43.4830	  176.1851
7.512	 2.09	 1	 -39.5389	  171.1496
7.529	 2.09	 1	 -42.3250	  174.5028
7.539	 2.33	 2	 -43.2881	  172.0300
7.541	 2.03	 1	 -39.8414	  173.1293
7.541	 2.97	 1	 -44.6195	  171.3145
7.547	 2.42	 1	 -45.2906	  171.5385
7.563	 3.06	 1	 -38.3655	  171.3578
7.580	 2.94	 1	 -41.5262	  168.0489
7.593	 2.09	 1	 -41.5800	  178.2139
7.600	 2.48	 1	 -43.0127	  172.9385
7.600	 2.93	 1	 -42.4065	  173.4668
7.603	 2.22	 1	 -41.3325	  172.1355
7.606	 2.69	 1	 -42.7639	  173.7310
7.631	 2.23	 1	 -38.5653	  170.5939
7.639	 2.31	 1	 -42.9279	  171.0680
7.652	 2.20	 1	 -41.9350	  173.8412
7.654	 2.30	 1	 -42.1066	  173.5145
7.660	 2.09	 1	 -43.1100	  174.2927
7.661	 2.24	 1	 -42.2849	  170.1578
7.663	 2.43	 1	 -42.0086	  167.0365
7.676	 2.87	 1	 -42.9219	  172.3570
7.683	 2.32	 1	 -42.9649	  176.8858
7.694	 2.30	 1	 -41.9364	  174.2525
7.702	 2.01	 1	 -47.1891	  173.0373
7.704	 2.02	 1	 -41.0412	  170.7748
7.710	 2.61	 1	 -43.8745	  174.0956
7.719	 2.57	 1	 -42.7771	  173.2042
7.719	 3.19	 1	 -39.7417	  177.6383
7.732	 2.10	 1	 -39.4196	  177.2173
7.734	 2.44	 1	 -41.9721	  173.2346
7.744	 2.40	 2	 -42.2019	  174.1671
7.747	 2.69	 1	 -44.0177	  173.6842
7.752	 2.15	 1	 -38.2310	  172.2593
7.753	 2.54	 1	 -42.4462	  173.0707
7.756	 2.02	 1	 -43.2917	  166.9589
7.773	 3.31	 1	 -38.6801	  175.7836
7.779	 2.16	 1	 -44.4855	  173.4695
7.782	 2.03	 1	 -42.2108	  175.5336
7.786	 2.14	 1	 -42.6023	  174.4047
7.799	 2.05	 1	 -44.3731	  171.4257
7.818	 2.19	 1	 -42.5274	  174.0611
7.820	 2.13	 1	 -42.8986	  172.3909
7.821	 2.35	 1	 -46.3425	  176.5952
7.829	 2.42	 1	 -43.1681	  174.2585
7.830	 2.02	 1	 -38.2624	  174.0702
7.832	 2.47	 1	 -44.6830	  172.0451
7.844	 2.66	 1	 -42.7116	  172.3829
7.851	 2.97	 1	 -43.3836	  174.1902
7.874	 2.55	 1	 -43.0827	  174.3454
7.875	 2.03	 1	 -45.1327	  167.8835
7.877	 2.44	 1	 -40.8340	  172.7033
7.899	 2.74	 1	 -44.3405	  171.8378
7.902	 4.25	 1	 -40.2020	  172.6937
7.902	 2.65	 1	 -43.2474	  173.7829
7.906	 2.17	 1	 -42.4304	  179.1295
7.911	 2.00	 1	 -43.7604	  173.4649
7.913	 2.02	 1	 -45.0020	  178.2714
7.927	 2.13	 1	 -40.6734	  173.7247
7.932	 2.87	 1	 -40.9799	  170.4308
7.964	 2.06	 1	 -42.1360	  174.6377
7.965	 3.29	 1	 -41.6414	  170.0367
7.970	 2.38	 1	 -42.0263	  173.5845
7.976	 2.10	 1	 -43.4898	  173.8852
7.981	 2.30	 1	 -42.1437	  173.8839
7.982	 2.40	 1	 -40.1531	  169.2922
7.988	 3.87	 1	 -43.6546	  178.9983
7.990	 2.17	 1	 -41.9261	  166.9939
7.996	 2.17	 1	 -41.3302	  172.8400
7.999	 2.06	 1	 -42.5044	  171.3930
8.009	 2.37	 1	 -44.6999	  167.9923
8.010	 3.08	 1	 -42.4048	  173.7778
8.019	 3.15	 1	 -42.6819	  174.0136
8.020	 2.54	 1	 -42.0029	  173.0076
8.030	 2.70	 1	 -42.0853	  172.3999
8.036	 3.46	 1	 -42.4224	  173.4996
8.043	 2.16	 1	 -42.7932	  171.1109
8.044	 2.14	 1	 -42.1742	  173.7163
8.051	 2.18	 1	 -42.9008	  177.1713
8.055	 2.04	 1	 -42.0448	  171.4850
8.055	 2.28	 1	 -42.6379	  179.1395
8.060	 2.96	 1	 -40.9415	  170.2838
8.063	 2.58	 1	 -42.0291	  174.5749
8.077	 2.07	 1	 -42.7222	  178.9883
8.080	 2.12	 1	 -40.7802	  173.5596
8.090	 2.29	 1	 -41.9001	  174.0566
8.094	 2.05	 1	 -46.5352	  169.8450
8.100	 2.31	 1	 -46.1273	  169.0738
8.100	 2.46	 1	 -40.7704	  173.0369
8.101	 3.23	 1	 -41.9193	  173.1126
8.105	 2.48	 1	 -41.9760	  173.6944
8.110	 2.63	 1	 -44.3847	  171.2573
8.114	 3.95	 1	 -39.6361	  173.5506
8.116	 2.70	 1	 -38.8554	  171.5151
8.117	 2.55	 1	 -43.3170	  168.9695
8.130	 3.29	 1	 -42.8793	  166.9096
8.144	 2.79	 1	 -42.2875	  173.5438
8.145	 2.44	 1	 -41.8984	  173.5272
8.146	 2.54	 1	 -39.9786	  168.1442
8.149	 3.37	 1	 -40.9575	  178.6662
8.153	 2.02	 1	 -42.3242	  173.6335
8.159	 2.78	 1	 -44.0814	  171.7833
8.172	 2.41	 1	 -40.3835	  178.2718
8.174	 2.03	 1	 -42.2632	  174.0837
8.179	 2.81	 1	 -45.8844	  168.7130
8.204	 2.01	 1	 -44.1048	  167.2139
8.204	 2.08	 1	 -42.2272	  166.9372
8.209	 2.01	 1	 -40.6537	  174.9658
8.211	 2.22	 1	 -43.4998	  179.0406
8.214	 2.57	 1	 -45.7503	  172.9382
8.217	 2.37	 1	 -42.1583	  174.0918
8.219	 2.17	 1	 -42.4877	  174.9388
8.229	 2.06	 1	 -39.8778	  173.2032
8.246	 2.39	 1	 -42.2416	  173.9421
8.248	 2.30	 1	 -43.5420	  174.1795
8.250	 2.26	 1	 -42.8362	  168.8671
8.253	 2.76	 1	 -42.0195	  169.1524
8.274	 2.22	 1	 -38.7302	  170.1299
8.283	 2.15	 1	 -46.0227	  177.1331
8.292	 2.41	 1	 -45.3574	  177.9499
8.300	 2.05	 1	 -42.7481	  171.0687
8.304	 2.22	 1	 -46.8299	  175.4183
8.309	 2.79	 1	 -43.2762	  172.6358
8.309	 2.01	 1	 -43.3446	  173.8403
8.313	 2.49	 1	 -44.0456	  172.9970
8.313	 2.05	 1	 -40.0600	  175.4689
8.315	 2.48	 1	 -40.3011	  176.5923
8.319	 3.23	 1	 -40.0204	  168.1018
8.326	 2.20	 1	 -46.4878	  173.4629
8.343	 2.99	 1	 -42.7211	  179.1398
8.355	 3.77	 1	 -40.9920	  173.7387
8.358	 2.62	 1	 -42.6733	  171.9220
8.378	 3.65	 1	 -43.2171	  173.4753
8.381	 3.54	 1	 -42.6192	  175.6986
8.385	 2.49	 1	 -41.9432	  173.6898
8.385	 2.20	 1	 -42.7325	  172.7821
8.404	 2.87	 1	 -42.9802	  175.2742
8.407	 2.30	 1	 -43.6640	  174.3885
8.414	 2.35	 1	 -42.6401	  173.1199
8.420	 2.04	 1	 -43.6361	  167.0405
8.430	 2.11	 1	 -42.2740	  173.7775
8.436	 2.22	 1	 -41.9656	  174.1036
8.439	 2.77	 1	 -44.0637	  174.3200
8.439	 2.56	 1	 -39.0468	  169.4410
8.446	 2.44	 1	 -39.4384	  172.9798
8.454	 3.70	 1	 -42.8353	  176.8949
8.473	 2.30	 1	 -42.8132	  166.9065
8.485	 2.12	 1	 -42.6189	  172.7627
8.491	 2.81	 1	 -38.2328	  173.8036
8.492	 2.82	 1	 -40.4351	  170.2279
8.496	 2.23	 1	 -38.9103	  174.1281
8.505	 2.33	 1	 -42.0727	  170.9361
8.508	 2.48	 1	 -42.2918	  178.1945
8.516	 2.45	 1	 -43.9125	  173.2785
8.530	 2.01	 1	 -41.7245	  174.0797
8.532	 2.27	 1	 -40.7417	  171.8288
8.534	 2.74	 1	 -42.0817	  174.1681
8.541	 2.02	 1	 -41.0562	  174.1615
8.552	 2.21	 1	 -42.2966	  173.6010
8.555	 2.14	 2	 -45.4865	  174.1348
8.567	 2.02	 1	 -45.0889	  178.1988
8.570	 2.01	 1	 -40.9971	  174.0912
8.578	 2.02	 1	 -41.9490	  173.7629
8.600	 2.06	 1	 -42.2773	  174.0779
8.604	 2.84	 1	 -42.6859	  173.2772
8.612	 2.22	 1	 -39.4000	  177.1887
8.612	 2.20	 1	 -38.3447	  171.4617
8.614	 2.39	 1	 -45.0952	  174.4817
8.627	 2.46	 1	 -42.3375	  173.1392
8.641	 2.65	 1	 -41.0875	  168.8370
8.658	 2.47	 1	 -43.6668	  174.8139
8.659	 2.47	 1	 -43.7926	  172.2635
8.660	 2.02	 1	 -39.4515	  177.2628
8.668	 2.18	 1	 -40.5532	  174.0358
8.675	 3.09	 1	 -40.9849	  172.5903
8.682	 2.46	 1	 -45.0182	  171.9832
8.687	 2.44	 1	 -41.8106	  174.2354
8.699	 2.03	 1	 -39.3034	  177.0428
8.705	 2.17	 1	 -41.4105	  172.8292
8.709	 2.19	 1	 -40.8250	  176.0223
8.715	 2.03	 1	 -38.3423	  174.5701
8.725	 3.06	 1	 -47.1754	  173.4996
8.725	 2.30	 1	 -42.2310	  173.7798
8.728	 2.23	 1	 -41.2086	  174.1552
8.736	 2.35	 1	 -41.9132	  172.8678
8.742	 2.19	 1	 -40.8012	  172.4060
8.749	 2.18	 1	 -42.6479	  174.1549
8.759	 2.04	 1	 -40.9873	  167.3613
8.760	 3.26	 1	 -43.3492	  172.9041
8.779	 3.14	 1	 -45.2754	  178.0300
8.788	 2.11	 1	 -44.3997	  178.6819
8.814	 2.08	 1	 -46.5673	  169.9179
8.825	 2.32	 1	 -46.8813	  175.2467
8.830	 2.47	 1	 -42.6831	  166.9043
8.875	 2.45	 1	 -43.2186	  171.5072
8.882	 2.23	 1	 -43.2393	  176.3462
8.891	 2.15	 1	 -42.5078	  174.0050
8.891	 2.76	 1	 -43.6978	  175.2155
8.916	 2.16	 1	 -40.3876	  172.5440
8.934	 2.21	 1	 -42.4765	  173.1149
8.938	 2.13	 1	 -41.8281	  172.3623
8.938	 2.08	 1	 -42.7733	  170.7737
8.943	 2.06	 1	 -45.6011	  168.3565
8.945	 2.52	 1	 -43.4743	  175.2450
8.948	 3.01	 1	 -44.1535	  173.5843
8.962	 2.08	 1	 -41.1275	  169.8464
8.975	 2.54	 1	 -41.9785	  166.9819
8.979	 3.48	 1	 -39.6224	  177.4920
8.983	 2.68	 1	 -44.0082	  173.2638
8.983	 3.74	 1	 -46.6741	  175.8651
8.986	 4.04	 1	 -47.1866	  172.8178
8.986	 2.12	 2	 -47.2273	  172.7896
8.988	 2.15	 1	 -45.9768	  168.8434
9.000	 2.93	 1	 -42.6216	  172.7882
9.024	 2.25	 1	 -41.7792	  173.9377
9.029	 2.25	 1	 -45.2367	  175.0908
9.031	 2.50	 1	 -42.6599	  175.0730
9.051	 2.14	 1	 -41.9533	  174.0057
9.051	 2.91	 1	 -41.8970	  174.2647
9.053	 2.17	 1	 -41.8002	  169.6335
9.055	 2.10	 1	 -41.8481	  174.1674
9.069	 2.25	 1	 -40.4153	  172.7378
9.073	 2.12	 1	 -42.2720	  173.1338
9.074	 2.51	 1	 -38.2252	  173.7191
9.080	 2.66	 1	 -38.4514	  175.0548
9.106	 2.15	 1	 -44.6749	  178.5134
9.114	 2.79	 1	 -43.5219	  173.0907
9.132	 2.00	 1	 -42.6160	  172.9562
9.136	 2.59	 1	 -42.2977	  172.9390
9.140	 2.52	 1	 -38.1974	  173.1764
9.158	 2.61	 1	 -43.2983	  172.7407
9.161	 2.19	 1	 -42.2312	  172.0208
9.163	 2.03	 1	 -44.2752	  175.7486
9.174	 2.19	 1	 -38.2941	  171.7507
9.198	 2.37	 1	 -42.4131	  179.1281
9.199	 2.02	 1	 -42.0820	  174.3546
9.206	 2.85	 1	 -45.0955	  176.9238
9.211	 2.39	 1	 -41.8783	  173.9734
9.215	 2.86	 1	 -42.5825	  172.5556
9.230	 2.23	 1	 -38.3480	  171.4446
9.237	 2.71	 1	 -45.6733	  177.6026
9.249	 2.65	 1	 -46.9341	  175.0531
9.252	 3.06	 1	 -42.8451	  172.5762
9.257	 2.18	 1	 -44.8059	  174.7729
9.302	 2.22	 1	 -39.9008	  171.5626
9.306	 2.14	 1	 -42.2222	  170.7915
9.334	 3.19	 1	 -38.3065	  171.6738
9.342	 2.06	 1	 -43.8358	  168.4544
9.344	 2.06	 1	 -41.4378	  171.9450
9.345	 2.39	 1	 -43.9755	  178.8857
9.350	 3.34	 1	 -41.4660	  170.9256
9.351	 2.09	 1	 -42.9093	  174.0435
9.363	 2.41	 1	 -40.4199	  178.3010
9.364	 2.15	 1	 -42.4783	  173.7240
9.367	 2.08	 1	 -42.4046	  173.7062
9.370	 2.75	 1	 -42.1313	  173.7401
9.375	 2.71	 1	 -41.1926	  170.8561
9.409	 3.04	 1	 -47.0616	  171.5753
9.412	 2.15	 1	 -42.3424	  171.9778
9.413	 3.07	 1	 -41.2069	  172.5332
9.414	 2.16	 1	 -42.8068	  174.1908
9.417	 3.21	 1	 -41.4570	  167.1398
9.423	 2.77	 1	 -42.5466	  175.0208
9.433	 2.09	 1	 -39.8615	  173.9836
9.433	 2.09	 1	 -38.8432	  169.8598
9.439	 2.14	 1	 -43.6723	  172.0269
9.450	 2.09	 1	 -43.1792	  173.5171
9.460	 2.34	 1	 -40.6283	  172.1556
9.472	 2.27	 1	 -44.9170	  169.9329
9.476	 2.69	 1	 -42.9511	  174.1440
9.482	 2.14	 1	 -42.7856	  168.6335
9.498	 2.23	 1	 -43.3893	  168.7791
9.521	 2.11	 1	 -46.0919	  177.0267
9.524	 3.10	 1	 -46.4680	  169.6991
9.529	 2.27	 1	 -43.6061	  174.5532
9.533	 2.22	 1	 -39.8104	  177.7181
9.534	 2.34	 1	 -42.2382	  173.7352
9.551	 2.23	 1	 -42.6992	  171.0385
9.572	 2.23	 1	 -42.5306	  166.9083
9.579	 2.18	 1	 -41.2364	  171.3896
9.584	 2.42	 1	 -42.9683	  170.2699
9.585	 2.09	 1	 -44.4095	  178.6764
9.623	 2.55	 1	 -42.5046	  174.4358
9.633	 2.02	 1	 -38.2340	  173.8161
9.644	 2.81	 1	 -42.0114	  176.2863
9.654	 2.18	 1	 -41.4711	  174.5793
9.684	 2.48	 1	 -43.2139	  173.9181
9.688	 2.22	 1	 -47.1223	  173.0219
9.708	 2.02	 1	 -41.7580	  173.4653
9.713	 2.12	 1	 -41.9210	  168.9776
9.715	 2.42	 1	 -43.5487	  171.8453
9.723	 2.71	 1	 -40.8506	  174.9870
9.725	 2.07	 1	 -43.3079	  174.1426
9.753	 2.22	 1	 -42.8324	  175.2324
9.759	 3.80	 1	 -46.1310	  176.9645
9.766	 3.15	 2	 -46.1328	  176.9799
9.773	 2.91	 1	 -39.5095	  168.7009
9.774	 2.40	 1	 -43.5202	  179.0313
9.774	 2.63	 1	 -46.4088	  170.6420
9.775	 3.82	 1	 -42.9335	  172.9673
9.777	 2.06	 2	 -42.9242	  172.9664
9.782	 2.03	 1	 -42.8372	  171.9417
9.782	 2.13	 1	 -42.0852	  172.1563
9.782	 3.14	 1	 -39.5699	  174.9420
9.784	 2.17	 1	 -42.7943	  179.1384
9.827	 2.27	 1	 -42.2486	  173.6637
9.839	 2.38	 1	 -42.1174	  173.5793
9.841	 2.06	 1	 -46.4936	  176.2906
9.862	 2.94	 1	 -41.2661	  173.7880
9.870	 2.47	 1	 -42.1398	  173.5251
9.872	 2.41	 1	 -47.1847	  173.2947
9.883	 2.27	 1	 -46.1102	  176.9978
9.888	 2.53	 1	 -43.1458	  174.2041
9.890	 2.23	 1	 -42.2303	  173.1464
9.894	 2.39	 1	 -42.9580	  173.6367
9.910	 2.08	 1	 -46.3416	  173.1410
9.911	 2.12	 1	 -42.9999	  170.8911
9.917	 2.17	 1	 -43.3243	  172.4448
9.919	 2.38	 1	 -44.3974	  169.5445
9.943	 2.31	 1	 -47.1420	  172.1388
9.950	 2.24	 1	 -43.4669	  170.5239
9.951	 3.79	 1	 -44.7810	  172.3240
9.974	 2.50	 1	 -42.5546	  173.1054
9.982	 3.39	 2	 -44.7774	  172.3593
9.987	 2.08	 1	 -42.1719	  174.0912
10.009	 2.24	 1	 -44.9822	  178.2874
10.010	 2.22	 1	 -41.5775	  173.3220
10.025	 3.03	 1	 -40.9663	  175.0072
10.026	 2.36	 1	 -42.2469	  171.2506
10.027	 2.05	 1	 -40.3343	  173.7295
10.027	 2.68	 1	 -43.7639	  172.4562
10.032	 2.29	 1	 -42.8630	  172.3669
10.033	 3.26	 1	 -39.9834	  168.1394
10.065	 2.12	 1	 -45.8841	  177.3317
10.108	 3.08	 1	 -45.4613	  171.7635
10.118	 2.57	 1	 -41.6968	  174.2659
10.143	 3.11	 1	 -44.8769	  169.7833
10.144	 2.27	 1	 -44.0002	  173.8070
10.150	 2.40	 2	 -43.8535	  172.7159
10.161	 2.61	 1	 -47.1889	  172.9636
10.166	 2.79	 1	 -42.6740	  171.5456
10.176	 2.00	 1	 -42.2060	  173.7432
10.183	 2.18	 1	 -42.8721	  175.7158
10.189	 2.26	 1	 -40.7670	  172.4427
10.216	 2.26	 1	 -43.6663	  172.5598
10.231	 2.05	 1	 -42.4845	  175.1143
10.234	 2.06	 1	 -43.1947	  175.6891
10.247	 2.15	 1	 -41.8037	  174.2019
10.265	 2.14	 1	 -41.6587	  174.6879
10.266	 2.58	 1	 -42.1601	  171.6679
10.267	 2.05	 2	 -47.3027	  172.8301
10.272	 2.09	 1	 -38.2961	  171.7380
10.279	 2.36	 1	 -42.5283	  172.4082
10.283	 2.00	 1	 -45.2935	  178.0126
10.310	 2.15	 1	 -42.4430	  171.8245
10.340	 2.00	 1	 -42.2131	  174.6311
10.347	 2.16	 1	 -43.2552	  173.7492
10.351	 2.57	 2	 -43.9344	  175.7230
10.351	 2.03	 1	 -42.1847	  173.6234
10.356	 2.42	 1	 -45.6445	  168.4072
10.390	 2.74	 1	 -42.2938	  171.9553
10.406	 2.40	 1	 -42.0249	  173.7209
10.413	 2.10	 1	 -43.5832	  168.7075
10.430	 2.27	 1	 -43.3934	  174.1106
10.431	 3.27	 1	 -41.0245	  171.4482
10.437	 2.12	 1	 -40.6671	  169.2697
10.441	 2.28	 1	 -42.9462	  176.8547
10.441	 2.01	 1	 -42.7899	  172.6263
10.443	 2.19	 1	 -41.9305	  172.5996
10.459	 2.04	 1	 -41.9498	  174.3970
10.466	 2.22	 1	 -43.5389	  167.0137
10.474	 2.02	 1	 -44.1499	  173.7700
10.475	 2.04	 1	 -40.4491	  170.2941
10.491	 2.26	 1	 -43.0327	  173.6753
10.498	 2.13	 1	 -43.1754	  173.1082
10.506	 3.23	 1	 -42.6274	  171.8851
10.526	 2.51	 1	 -42.0118	  172.5680
10.534	 2.00	 1	 -38.6433	  173.6033
10.540	 2.03	 1	 -46.3893	  172.6050
10.550	 2.34	 1	 -44.2568	  178.7578
10.550	 2.26	 1	 -43.3718	  173.7584
10.571	 2.28	 1	 -41.8689	  174.1569
10.572	 2.12	 1	 -44.0532	  167.1911
10.575	 2.01	 1	 -42.4808	  173.8532
10.583	 2.21	 1	 -46.4748	  176.3309
10.608	 2.58	 1	 -39.0939	  176.6903
10.608	 2.64	 1	 -42.1048	  173.5741
10.614	 2.36	 1	 -43.2211	  174.4222
10.617	 2.35	 1	 -44.0909	  169.0744
10.643	 2.60	 1	 -42.8584	  166.9085
10.644	 2.72	 1	 -41.7987	  176.5578
10.645	 2.22	 1	 -43.8185	  178.9450
10.646	 2.59	 1	 -47.0138	  174.7140
10.649	 2.28	 1	 -44.3638	  172.3012
10.649	 4.45	 1	 -43.1540	  170.0114
10.653	 2.29	 1	 -42.8759	  174.5284
10.656	 2.28	 1	 -40.3022	  172.6715
10.682	 2.24	 1	 -41.4389	  167.6347
10.687	 2.18	 1	 -44.5081	  167.4252
10.697	 2.26	 1	 -44.7767	  172.6554
10.705	 2.15	 1	 -46.8807	  175.2489
10.723	 2.23	 1	 -44.5115	  170.8300
10.725	 2.06	 1	 -38.9004	  169.7345
10.725	 2.66	 1	 -44.3881	  171.2237
10.735	 2.27	 1	 -46.4734	  175.5933
10.744	 2.09	 1	 -44.3244	  176.2125
10.748	 2.22	 1	 -42.2436	  179.1094
10.752	 2.00	 2	 -42.2433	  179.1126
10.753	 2.33	 1	 -41.5759	  173.7478
10.757	 2.53	 1	 -41.7835	  172.1426
10.763	 2.00	 1	 -40.4513	  172.2299
10.763	 2.05	 1	 -42.4928	  174.5775
10.769	 2.41	 2	 -42.4615	  173.5870
10.785	 2.56	 1	 -44.8618	  167.6633
10.790	 2.10	 1	 -41.9181	  173.7897
10.802	 2.44	 1	 -42.0272	  173.7327
10.829	 2.19	 1	 -42.1670	  173.8991
10.831	 2.51	 1	 -45.4134	  174.1170
10.840	 2.11	 1	 -42.1121	  173.9227
10.841	 2.25	 1	 -39.0417	  176.5936
10.842	 2.38	 1	 -39.1612	  176.8096
10.847	 2.41	 2	 -43.1573	  170.5479
10.847	 2.28	 1	 -41.8176	  174.5655
10.851	 2.53	 1	 -41.6755	  173.8460
10.851	 2.48	 1	 -42.3223	  175.6794
10.851	 2.23	 1	 -43.5754	  172.7899
10.859	 2.24	 1	 -38.3231	  174.4666
10.882	 2.07	 1	 -44.6598	  174.2416
10.886	 2.34	 1	 -41.3579	  173.8795
10.887	 2.07	 1	 -42.3770	  170.5191
10.889	 2.28	 1	 -38.1986	  172.8105
10.894	 2.08	 1	 -39.7538	  173.2181
10.908	 2.07	 1	 -41.7919	  179.0160
10.911	 2.91	 1	 -47.0225	  174.6724
10.920	 2.24	 1	 -42.7803	  176.0725
10.923	 2.38	 1	 -44.5923	  175.1528
10.939	 2.03	 1	 -38.7887	  169.9861
10.990	 2.17	 1	 -42.0134	  173.7122
10.994	 2.04	 1	 -38.2183	  172.4133
10.995	 2.05	 1	 -42.8551	  171.5742
11.001	 2.17	 1	 -43.3984	  171.1370
11.004	 2.06	 1	 -42.9361	  179.1310
11.006	 2.14	 1	 -42.0678	  172.4686
11.008	 2.35	 1	 -43.8635	  172.3375
11.009	 3.48	 1	 -42.1032	  174.2548
11.012	 2.34	 1	 -41.9234	  171.3785
11.017	 3.45	 1	 -42.5633	  173.7883
11.032	 2.17	 1	 -41.6201	  172.4684
11.037	 2.03	 1	 -40.1053	  172.1196
11.043	 2.12	 1	 -42.6604	  172.7664
11.069	 2.05	 1	 -41.2123	  170.5541
11.076	 2.10	 1	 -42.3120	  169.0764
11.079	 2.22	 1	 -42.4148	  173.2215
11.083	 2.98	 1	 -47.1409	  173.9163
11.088	 2.21	 1	 -42.1367	  172.5460
11.090	 2.00	 1	 -43.8863	  178.9204
11.094	 2.05	 1	 -45.2808	  175.7015
11.102	 3.00	 1	 -41.7086	  172.5202
11.103	 2.72	 1	 -42.1601	  171.1891
11.133	 2.02	 1	 -42.1459	  173.5831
11.136	 2.01	 1	 -44.3196	  174.7458
11.156	 2.33	 1	 -42.1744	  176.4367
11.171	 2.39	 1	 -47.1256	  171.9976
11.179	 2.27	 1	 -41.7320	  172.1278
11.187	 2.32	 1	 -44.3336	  173.4161
11.197	 2.33	 1	 -43.7183	  175.2471
11.223	 3.22	 1	 -46.2208	  173.2700
11.224	 2.97	 1	 -42.1706	  179.0986
11.225	 2.48	 1	 -41.9282	  172.6686
11.233	 3.98	 1	 -42.7489	  179.1395
11.251	 3.02	 1	 -41.5747	  173.8683
11.259	 2.28	 1	 -41.5561	  173.2835
11.260	 3.72	 1	 -43.0551	  172.8407
11.273	 2.29	 1	 -42.1529	  172.7839
11.282	 2.26	 1	 -43.5323	  171.9845
11.301	 2.83	 1	 -45.2884	  178.0176
11.313	 2.23	 1	 -42.4385	  173.7126
11.318	 2.28	 1	 -43.6881	  172.6448
11.322	 2.11	 1	 -42.9753	  171.7525
11.331	 2.85	 1	 -39.8993	  176.4971
11.340	 2.28	 1	 -40.0799	  178.0013
11.349	 2.23	 1	 -46.5375	  176.1943
11.364	 2.77	 1	 -40.8259	  174.1746
11.377	 3.10	 1	 -42.0241	  173.2179
11.379	 2.66	 1	 -43.9519	  173.6791
11.401	 2.57	 1	 -42.6157	  173.6256
11.415	 2.09	 1	 -39.6419	  172.0067
11.418	 2.01	 1	 -41.3603	  167.1790
11.433	 2.62	 1	 -39.4622	  172.2967
11.435	 2.79	 1	 -42.0934	  172.2019
11.448	 2.13	 1	 -45.5870	  169.5173
11.460	 2.15	 1	 -42.6827	  172.7287
11.465	 2.13	 1	 -47.0301	  174.6348
11.524	 2.31	 1	 -46.6195	  170.0418
11.530	 2.10	 1	 -41.9385	  173.7154
11.553	 2.73	 1	 -42.5182	  172.6252
11.559	 2.11	 1	 -44.8068	  172.4346
11.561	 2.73	 1	 -41.4354	  175.0887
11.572	 2.17	 1	 -42.0081	  171.6215
11.596	 2.70	 1	 -43.1838	  174.4423
11.604	 2.30	 1	 -42.1097	  170.8411
11.606	 2.08	 1	 -42.0344	  173.3338
11.607	 2.27	 1	 -41.8996	  179.0441
11.616	 2.26	 1	 -41.7434	  172.9346
11.618	 2.10	 1	 -43.0046	  173.0203
11.623	 3.34	 1	 -43.5932	  173.1168
11.629	 2.03	 1	 -42.5646	  174.4945
11.646	 2.52	 1	 -42.7487	  170.3917
11.662	 2.31	 1	 -43.0088	  172.1096
11.664	 2.51	 1	 -39.0420	  172.1500
11.675	 2.38	 1	 -41.6365	  173.6801
11.692	 2.16	 1	 -41.8845	  174.5293
11.702	 2.33	 1	 -47.1262	  172.0021
11.703	 2.78	 1	 -46.1596	  169.1263
11.708	 2.09	 1	 -45.1865	  173.9267
11.717	 2.72	 1	 -40.4578	  172.0989
11.733	 3.55	 1	 -43.1766	  175.2092
11.737	 2.25	 1	 -43.4048	  172.5204
11.746	 3.01	 2	 -42.1107	  174.2394
11.746	 2.63	 1	 -41.2237	  173.3469
11.754	 2.13	 1	 -39.6287	  168.5442
11.757	 2.79	 1	 -41.6587	  172.5280
11.760	 2.09	 1	 -42.3967	  172.7279
11.762	 2.48	 1	 -41.9170	  173.8566
11.766	 2.27	 1	 -41.2102	  167.2463
11.768	 2.00	 1	 -42.6841	  172.6695
11.789	 2.60	 1	 -38.4737	  175.1391
11.790	 2.00	 2	 -41.6408	  172.4884
11.793	 2.44	 1	 -41.8272	  175.4719
11.804	 2.17	 1	 -39.0410	  170.8906
11.808	 2.18	 1	 -38.2090	  173.4884
11.815	 2.64	 1	 -44.7591	  171.1301
11.817	 2.09	 1	 -42.4124	  173.3633
11.828	 2.57	 1	 -42.3310	  173.0791
11.842	 2.58	 1	 -40.7332	  171.1780
11.854	 2.19	 1	 -40.9000	  169.2294
11.856	 2.05	 1	 -42.4526	  173.3244
11.874	 2.00	 1	 -41.8103	  174.7827
11.889	 2.06	 1	 -38.9520	  176.4175
11.893	 3.45	 1	 -41.5805	  174.2196
11.900	 2.41	 1	 -45.3731	  173.3058
11.904	 2.14	 1	 -44.2476	  172.7082
11.904	 2.81	 1	 -41.9342	  173.6133
11.926	 2.24	 1	 -42.5272	  173.1421
11.935	 2.30	 1	 -41.8108	  174.3481
11.938	 2.11	 1	 -42.2443	  174.5818
11.954	 2.37	 1	 -43.3390	  166.9679
11.957	 2.16	 1	 -38.4600	  175.0877
11.979	 2.46	 1	 -40.2571	  176.3366
11.987	 2.52	 1	 -42.6604	  172.9464
12.010	 2.50	 1	 -42.9787	  172.1858
12.016	 2.13	 1	 -38.3420	  174.5688
12.024	 2.03	 1	 -38.5406	  172.1892
12.026	 2.43	 1	 -42.8399	  170.5397
12.032	 2.86	 1	 -41.6270	  172.6079
12.033	 2.05	 1	 -43.5379	  176.4072
12.046	 2.69	 1	 -42.2839	  173.6938
12.046	 2.50	 1	 -42.4052	  173.7631
12.058	 2.46	 1	 -42.3957	  174.4791
12.065	 2.08	 1	 -40.9497	  167.3826
12.072	 2.70	 1	 -41.3873	  173.2924
12.074	 2.12	 1	 -42.5218	  173.1543
12.077	 2.18	 1	 -42.4472	  175.7879
12.081	 2.39	 1	 -42.2904	  173.7915
12.085	 2.47	 1	 -43.4591	  172.5758
12.102	 2.40	 1	 -41.3450	  172.5650
12.120	 3.23	 1	 -40.6180	  170.4770
12.122	 2.73	 1	 -41.5178	  173.3922
12.143	 2.37	 1	 -42.2498	  173.6514
12.150	 2.04	 1	 -46.1879	  175.1321
12.153	 2.23	 1	 -43.1850	  175.0877
12.175	 2.16	 1	 -42.1903	  175.2544
12.204	 2.36	 1	 -43.5648	  171.1897
12.214	 2.05	 1	 -43.7955	  170.7021
12.225	 2.00	 1	 -42.2747	  176.6669
12.226	 2.28	 1	 -43.8311	  173.5766
12.231	 2.87	 1	 -41.9604	  174.4019
12.232	 2.39	 1	 -43.6941	  173.1359
12.235	 2.08	 1	 -40.5352	  172.4639
12.237	 2.49	 1	 -42.6439	  174.8047
12.243	 3.00	 1	 -38.9468	  169.6374
12.253	 2.13	 1	 -40.5418	  177.0194
12.275	 2.60	 1	 -42.5202	  173.0831
12.313	 2.14	 1	 -44.8303	  167.6399
12.320	 3.57	 1	 -42.5621	  172.6121
12.337	 2.00	 1	 -42.4584	  171.1705
12.357	 2.18	 1	 -44.5367	  175.1806
12.366	 2.69	 1	 -44.1154	  174.1098
12.374	 2.17	 1	 -42.2208	  173.6562
12.402	 2.17	 1	 -43.3755	  172.5295
12.403	 2.86	 1	 -42.6315	  173.5447
12.406	 2.06	 1	 -41.9165	  171.5897
12.412	 3.13	 1	 -38.2313	  172.2563
12.415	 5.32	 1	 -40.1669	  170.2781
12.417	 2.25	 2	 -40.1670	  170.2772
12.418	 3.46	 2	 -40.2573	  170.2841
12.425	 3.96	 2	 -40.1837	  170.3028
12.430	 2.78	 2	 -40.1573	  170.2717
12.431	 2.20	 1	 -43.7733	  167.0837
12.431	 2.38	 2	 -40.6630	  170.3762
12.438	 2.35	 1	 -38.5590	  170.6137
12.439	 2.15	 2	 -40.2006	  170.3102
12.461	 2.03	 1	 -40.1330	  167.9921
12.461	 2.01	 1	 -42.2833	  173.7047
12.465	 2.40	 1	 -42.2860	  166.9294
12.487	 2.07	 1	 -42.8644	  175.6231
12.491	 2.05	 1	 -43.6426	  173.8222
12.497	 2.99	 1	 -38.1982	  173.2146
12.497	 2.53	 1	 -47.0192	  171.3561
12.510	 2.80	 1	 -42.8071	  176.6105
12.513	 2.19	 1	 -42.3419	  174.2008
12.515	 2.12	 2	 -40.2014	  170.3078
12.535	 2.41	 1	 -38.7246	  170.1441
12.566	 2.21	 1	 -42.8023	  166.9062
12.579	 3.10	 1	 -45.3110	  171.4622
12.588	 2.23	 1	 -42.3071	  172.9527
12.593	 2.26	 1	 -45.7091	  168.4853
12.605	 2.09	 1	 -46.5503	  170.0501
12.619	 2.25	 1	 -41.8155	  174.2329
12.622	 2.75	 1	 -42.4723	  173.1734
12.637	 2.11	 1	 -40.9586	  167.3775
12.639	 2.07	 1	 -42.1369	  173.3642
12.645	 2.09	 1	 -43.6183	  174.3597
12.673	 2.75	 1	 -41.8131	  171.8232
12.679	 2.09	 1	 -42.3701	  173.6552
12.680	 2.44	 1	 -41.8312	  171.7508
12.698	 2.62	 1	 -46.2034	  169.1997
12.701	 2.14	 1	 -41.2842	  178.8322
12.714	 2.06	 1	 -42.2655	  173.3146
12.726	 2.09	 1	 -38.5787	  170.5522
12.759	 2.28	 2	 -44.6590	  174.2424
12.780	 2.28	 1	 -42.3535	  171.3785
12.791	 2.15	 1	 -39.6913	  173.9852
12.811	 2.68	 1	 -42.6595	  177.4632
12.829	 2.30	 1	 -41.6069	  172.2606
12.835	 2.06	 1	 -42.5299	  171.7234
12.861	 2.03	 1	 -38.1962	  173.0895
12.862	 2.09	 1	 -46.0761	  168.9928
12.863	 2.65	 1	 -45.9392	  169.3781
12.866	 2.00	 1	 -41.7730	  174.9043
12.870	 2.67	 1	 -38.2405	  172.1634
12.871	 2.13	 2	 -40.2061	  170.2483
12.878	 2.47	 1	 -43.2064	  179.0999
12.883	 2.08	 1	 -42.1841	  179.1007
12.885	 2.47	 1	 -40.8621	  178.6101
12.889	 2.07	 1	 -42.2308	  171.9471
12.893	 3.00	 1	 -42.3188	  173.4539
12.912	 2.23	 1	 -42.9752	  176.4124
12.921	 2.04	 1	 -46.6463	  175.9362
12.928	 2.12	 2	 -42.4246	  173.5004
12.955	 3.28	 1	 -42.5652	  173.0802
12.956	 2.60	 1	 -41.6949	  174.2550
12.956	 3.30	 1	 -41.7269	  174.2969
12.964	 2.41	 1	 -41.8138	  169.2494
12.972	 2.03	 1	 -40.7686	  167.4926
12.976	 2.37	 1	 -41.8178	  172.8083
12.976	 2.27	 2	 -43.1757	  175.2070
12.978	 2.03	 1	 -45.2991	  172.2488
12.981	 2.06	 1	 -43.5471	  174.7664
13.000	 2.75	 1	 -43.9075	  171.7703
13.007	 4.11	 1	 -44.7354	  170.2304
13.010	 2.27	 1	 -42.6731	  172.8923
13.016	 2.35	 1	 -42.5360	  172.7397
13.021	 2.70	 1	 -38.2041	  172.6546
13.022	 2.18	 1	 -42.3482	  166.9223
13.030	 2.37	 1	 -42.5724	  174.6812
13.046	 2.29	 1	 -44.3822	  176.3029
13.049	 3.75	 1	 -43.5556	  172.2346
13.061	 2.66	 1	 -46.1365	  169.0887
13.069	 2.09	 1	 -43.8371	  171.9893
13.072	 2.90	 1	 -40.1708	  171.7069
13.111	 2.30	 1	 -41.7683	  175.3325
13.116	 2.29	 1	 -42.1046	  173.6949
13.126	 2.46	 1	 -41.5559	  174.3356
13.155	 2.48	 1	 -39.6682	  171.3387
13.172	 2.20	 1	 -42.5538	  173.0685
13.173	 3.11	 1	 -38.6228	  175.6239
13.196	 2.43	 1	 -38.2361	  172.2065
13.197	 2.03	 1	 -43.0489	  170.7682
13.199	 2.15	 1	 -42.6001	  169.1190
13.209	 2.15	 1	 -47.1611	  172.3402
13.209	 2.29	 1	 -42.8051	  169.1912
13.210	 2.24	 1	 -44.3598	  173.7308
13.211	 2.44	 1	 -39.8760	  177.7911
13.239	 2.86	 1	 -44.4607	  178.6471
13.255	 2.09	 1	 -42.6284	  172.8483
13.265	 2.06	 1	 -42.4960	  173.8608
13.279	 3.11	 1	 -42.7780	  172.8752
13.282	 2.34	 1	 -42.6704	  173.8430
13.301	 2.59	 1	 -42.1794	  174.1801
13.318	 2.29	 1	 -46.6562	  175.9112
13.336	 2.24	 1	 -41.7817	  172.4268
13.359	 2.14	 1	 -38.2323	  173.7984
13.360	 2.01	 1	 -40.8537	  167.4393
13.381	 2.24	 1	 -45.9286	  175.3931
13.382	 2.32	 1	 -42.1598	  173.5736
13.390	 2.12	 1	 -41.5586	  172.9490
13.416	 3.77	 1	 -42.2990	  173.5142
13.416	 2.08	 2	 -42.2996	  173.5109
13.425	 2.07	 1	 -41.9719	  173.7555
13.432	 2.16	 1	 -43.8490	  167.1101
13.441	 2.14	 1	 -42.0892	  175.4454
13.443	 2.87	 1	 -40.5309	  167.6576
13.452	 2.63	 2	 -42.2943	  173.5196
13.468	 2.62	 1	 -42.9366	  176.9987
13.475	 2.12	 1	 -45.3705	  177.9367
13.484	 2.38	 1	 -41.3207	  172.1511
13.487	 3.07	 1	 -42.1939	  171.8306
13.495	 2.11	 1	 -42.8727	  171.8593
13.522	 2.13	 1	 -46.6703	  175.8749
13.533	 2.41	 1	 -42.0402	  172.8184
13.540	 2.20	 2	 -47.0051	  174.6945
13.551	 2.33	 1	 -46.5695	  170.7624
13.559	 3.00	 1	 -42.3567	  173.9148
13.561	 2.06	 1	 -44.7956	  172.3270
13.571	 2.46	 1	 -40.0471	  171.3806
13.573	 2.02	 1	 -43.6698	  172.1922
13.573	 3.14	 1	 -42.0171	  172.8221
13.597	 2.06	 1	 -41.5164	  172.4238
13.605	 2.14	 1	 -42.0230	  173.7365
13.607	 2.40	 2	 -40.1763	  170.2471
13.637	 2.95	 1	 -47.1863	  172.8063
13.664	 2.07	 1	 -47.1455	  172.1719
13.668	 2.00	 1	 -41.9184	  173.6211
13.672	 2.73	 1	 -44.1110	  172.8420
13.677	 2.11	 1	 -41.4478	  173.3157
13.686	 2.02	 1	 -43.2987	  172.1597
13.692	 3.03	 1	 -43.2524	  166.9519
13.727	 2.03	 1	 -45.2915	  178.0146
13.740	 2.03	 1	 -42.4683	  174.8353
13.758	 2.23	 1	 -41.9038	  173.6358
13.759	 2.57	 1	 -43.3633	  172.9274
13.760	 2.06	 1	 -43.9251	  174.1281
13.763	 2.25	 1	 -43.0019	  173.0732
13.769	 3.27	 1	 -44.4338	  174.4755
13.771	 2.62	 1	 -39.5635	  177.4157
13.773	 3.15	 1	 -41.8067	  173.7468
13.791	 2.15	 1	 -42.0863	  171.9737
13.831	 2.07	 1	 -44.8901	  173.8180
13.839	 2.24	 1	 -40.7232	  175.7744
13.842	 2.48	 1	 -41.7707	  174.3020
13.853	 2.10	 1	 -44.6385	  174.3154
13.856	 2.05	 1	 -38.4470	  171.0067
13.862	 2.29	 1	 -43.4681	  172.6168
13.872	 2.08	 1	 -43.5207	  176.2360
13.882	 2.13	 1	 -43.2417	  166.9501
13.888	 2.10	 1	 -42.5938	  172.3095
13.889	 2.39	 1	 -43.2660	  171.9126
13.893	 2.60	 1	 -42.4049	  172.8178
13.895	 2.17	 1	 -41.7289	  173.9770
13.895	 2.43	 1	 -41.8288	  174.1532
13.895	 2.12	 1	 -42.2050	  173.6903
13.901	 2.10	 1	 -41.9427	  173.7370
13.904	 2.00	 1	 -43.1631	  179.1064
13.904	 2.28	 1	 -42.7948	  172.4502
13.906	 2.16	 1	 -42.2803	  173.6962
13.909	 2.22	 1	 -42.6959	  169.9621
13.914	 2.27	 1	 -44.0345	  172.5373
13.921	 2.29	 1	 -38.2078	  173.4658
13.923	 4.29	 1	 -44.2187	  169.6303
13.923	 2.11	 2	 -44.2140	  169.6083
13.924	 2.53	 1	 -41.5635	  171.1929
13.926	 2.49	 1	 -43.0184	  175.4496
13.932	 2.49	 1	 -41.3624	  175.1463
13.937	 2.19	 1	 -43.2685	  172.5219
13.951	 2.99	 1	 -39.1068	  173.1244
13.959	 2.08	 2	 -44.2275	  169.6346
13.975	 2.20	 1	 -41.8874	  174.5287
13.993	 2.10	 1	 -39.8390	  175.1781
13.994	 2.77	 1	 -45.0157	  171.2676
