# Simulation 1
# RelativeTime(days) Magnitude Generation Latitude Longitude
Time Mag Gen Lat Lon
7.005	 2.34	 1	 -41.5483	  174.0369
7.009	 2.19	 1	 -40.9483	  169.8826
7.014	 2.72	 1	 -42.3180	  173.7317
7.018	 2.35	 1	 -41.3611	  171.0955
7.022	 2.41	 1	 -41.1617	  172.0912
7.031	 2.09	 1	 -45.1518	  173.6814
7.036	 2.31	 1	 -41.9680	  171.3409
7.043	 2.58	 1	 -44.9569	  170.7911
7.044	 3.10	 1	 -44.0011	  168.4910
7.044	 2.03	 1	 -43.4512	  176.0320
7.047	 3.29	 1	 -40.4363	  174.0366
7.054	 2.50	 1	 -42.6395	  173.4861
7.055	 2.20	 1	 -47.1526	  173.8007
7.057	 2.03	 1	 -43.6038	  173.4536
7.057	 2.69	 1	 -47.1471	  173.8565
7.060	 2.31	 1	 -42.4707	  173.7698
7.065	 2.32	 1	 -42.4499	  173.8545
7.068	 2.69	 1	 -42.2987	  166.9278
7.070	 2.15	 1	 -39.9173	  177.8358
7.076	 2.35	 1	 -41.1282	  172.8740
7.082	 2.29	 1	 -42.4863	  173.7867
7.082	 2.61	 1	 -45.0231	  174.3280
7.085	 2.61	 1	 -41.3433	  175.9261
7.091	 2.35	 1	 -43.9542	  175.2409
7.091	 2.20	 1	 -41.4213	  167.1539
7.095	 4.32	 1	 -42.0857	  173.0814
7.101	 2.01	 1	 -41.9901	  171.7764
7.102	 2.02	 1	 -40.8392	  172.4883
7.105	 2.46	 1	 -42.3687	  174.6412
7.107	 2.13	 1	 -43.2491	  170.9245
7.107	 3.09	 1	 -41.3198	  169.6884
7.109	 2.70	 1	 -41.4003	  170.7055
7.123	 3.63	 1	 -43.0948	  173.5723
7.127	 2.25	 1	 -43.1724	  173.8182
7.130	 3.10	 1	 -45.3918	  172.2925
7.131	 2.10	 1	 -39.6933	  175.7611
7.132	 2.27	 1	 -40.1200	  172.4335
7.136	 2.14	 1	 -42.2089	  173.5189
7.139	 2.37	 1	 -44.5698	  171.2936
7.139	 2.02	 1	 -42.5855	  176.6699
7.158	 2.75	 1	 -45.5182	  177.7812
7.158	 2.17	 1	 -46.0592	  177.0776
7.161	 2.37	 1	 -40.3221	  174.0570
7.163	 2.74	 1	 -40.6325	  175.2525
7.168	 3.65	 1	 -43.3589	  177.2112
7.171	 2.20	 1	 -42.6378	  173.6806
7.172	 2.70	 1	 -43.2548	  173.3224
7.174	 2.01	 1	 -43.4942	  172.3950
7.180	 3.16	 1	 -43.2759	  174.5816
7.186	 3.14	 1	 -42.0413	  172.2761
7.188	 2.18	 1	 -41.5949	  167.0894
7.200	 2.94	 1	 -42.2234	  166.9377
7.205	 2.04	 1	 -38.3313	  171.5320
7.205	 2.95	 1	 -41.4459	  174.9741
7.206	 2.13	 1	 -42.2076	  173.6368
7.213	 2.04	 1	 -44.4866	  175.0819
7.220	 2.37	 1	 -43.6250	  174.5502
7.223	 2.15	 1	 -42.0725	  170.9774
7.229	 2.08	 1	 -39.4645	  168.7631
7.248	 2.04	 1	 -40.8076	  173.0760
7.249	 2.24	 1	 -40.8738	  171.9903
7.249	 2.87	 1	 -42.8064	  173.7792
7.255	 2.15	 1	 -41.6280	  173.2378
7.257	 2.39	 1	 -46.9232	  175.0948
7.260	 2.29	 1	 -41.6745	  167.0632
7.260	 2.28	 1	 -40.2500	  178.1586
7.268	 2.15	 1	 -44.1143	  173.5322
7.270	 2.10	 1	 -41.8595	  173.4926
7.275	 2.22	 1	 -42.5651	  172.8141
7.276	 2.63	 1	 -41.9634	  173.9463
7.288	 3.27	 1	 -40.1830	  175.9943
7.292	 2.89	 1	 -42.0604	  173.1560
7.293	 2.89	 1	 -41.4932	  170.8792
7.293	 2.56	 1	 -43.2722	  179.0889
7.294	 2.02	 1	 -43.4098	  173.6758
7.295	 2.21	 1	 -47.1181	  173.1097
7.297	 2.07	 1	 -41.1926	  173.1804
7.306	 2.27	 1	 -44.2172	  167.2667
7.308	 2.12	 1	 -43.5172	  179.0362
7.312	 3.75	 1	 -42.1980	  173.0218
7.329	 2.50	 1	 -41.6683	  171.5714
7.340	 2.14	 1	 -42.0201	  173.4211
7.341	 2.03	 1	 -43.0478	  171.8854
7.352	 2.02	 1	 -42.6111	  173.1308
7.356	 2.06	 1	 -38.9883	  175.4608
7.358	 3.07	 1	 -47.1880	  172.8813
7.365	 2.66	 1	 -40.8559	  177.2039
7.369	 2.23	 1	 -40.2001	  173.4097
7.374	 2.37	 1	 -41.4607	  169.9934
7.374	 2.92	 1	 -47.1627	  172.3602
7.396	 4.71	 1	 -42.4156	  173.2838
7.397	 2.11	 1	 -41.1206	  167.2903
7.398	 2.19	 1	 -42.8969	  172.2628
7.411	 2.19	 1	 -38.3197	  171.5968
7.411	 3.76	 1	 -42.8878	  179.1342
7.412	 2.25	 1	 -41.7932	  174.4005
7.413	 3.91	 1	 -40.1155	  168.0087
7.415	 2.61	 1	 -42.2340	  173.5127
7.426	 2.80	 1	 -42.2723	  171.9720
7.438	 2.18	 1	 -38.7122	  175.8684
7.442	 2.45	 1	 -41.1663	  178.7767
7.445	 2.47	 1	 -45.4834	  177.8190
7.449	 2.15	 1	 -42.8464	  168.9005
7.451	 2.08	 1	 -41.9160	  171.5087
7.452	 2.03	 1	 -41.3983	  170.3092
7.458	 2.50	 1	 -41.6333	  171.1374
7.462	 2.08	 1	 -40.6280	  172.9548
7.468	 2.59	 1	 -44.0229	  172.2749
7.470	 2.29	 1	 -39.5617	  172.9389
7.471	 2.25	 1	 -43.8105	  167.0965
7.472	 2.11	 1	 -44.8436	  167.6497
7.478	 2.55	 1	 -45.5177	  168.2626
7.485	 2.35	 1	 -41.5132	  173.6925
7.499	 2.52	 1	 -38.2005	  172.7479
7.500	 2.12	 1	 -43.0655	  172.8617
7.511	 2.70	 1	 -44.1702	  174.9375
7.514	 2.79	 1	 -41.9457	  174.4032
7.518	 2.38	 1	 -42.7079	  173.2288
7.527	 2.12	 1	 -46.3901	  175.5733
7.547	 2.24	 1	 -39.4764	  168.7465
7.554	 3.21	 1	 -42.7417	  171.3925
7.555	 3.16	 1	 -41.9198	  173.7694
7.556	 2.72	 1	 -42.8554	  169.7721
7.558	 2.19	 1	 -43.7072	  168.7473
7.563	 2.05	 1	 -40.4482	  168.9946
7.605	 2.11	 1	 -43.4044	  177.5286
7.610	 2.37	 1	 -43.9142	  170.2703
7.611	 2.43	 1	 -42.0385	  173.4999
7.617	 2.64	 1	 -43.8917	  172.3573
7.625	 2.14	 1	 -42.0006	  171.0779
7.631	 2.14	 1	 -39.9889	  173.7848
7.644	 2.37	 1	 -41.3234	  176.3206
7.652	 2.20	 1	 -38.2365	  172.2026
7.653	 2.61	 1	 -42.5505	  174.0131
7.663	 2.55	 1	 -42.9978	  166.9185
7.663	 2.32	 1	 -42.0267	  173.3625
7.669	 3.05	 1	 -43.7748	  167.0842
7.673	 2.72	 1	 -46.8979	  170.8562
7.682	 2.27	 1	 -42.6454	  173.4974
7.685	 2.03	 1	 -43.7134	  172.6369
7.691	 2.38	 1	 -43.6065	  174.6362
7.697	 2.14	 1	 -42.4599	  169.9255
7.699	 2.09	 1	 -43.0424	  174.1126
7.701	 2.19	 1	 -43.2950	  170.3204
7.712	 2.23	 1	 -42.5646	  172.9684
7.716	 2.13	 1	 -44.2054	  174.8947
7.740	 2.01	 1	 -41.4882	  173.6547
7.750	 2.08	 1	 -44.0838	  167.2045
7.758	 2.09	 1	 -44.4671	  172.5282
7.776	 3.18	 1	 -43.8621	  173.9111
7.777	 3.07	 1	 -47.1844	  172.7414
7.785	 2.87	 1	 -45.6381	  177.6446
7.787	 2.24	 1	 -44.1754	  167.8524
7.788	 2.59	 1	 -42.7802	  172.3435
7.804	 2.07	 1	 -39.1710	  173.2966
7.804	 2.39	 1	 -41.6310	  174.0290
7.830	 2.09	 1	 -46.5494	  176.1673
7.834	 2.10	 1	 -42.5567	  175.0883
7.834	 3.06	 1	 -41.0686	  171.9052
7.842	 2.45	 1	 -40.0161	  173.0005
7.858	 2.41	 1	 -41.4318	  173.5911
7.863	 2.21	 1	 -44.3933	  175.5584
7.864	 2.35	 1	 -41.9813	  173.8845
7.864	 2.86	 1	 -43.9608	  176.8019
7.868	 2.04	 1	 -40.6981	  167.5390
7.874	 2.51	 1	 -44.4903	  172.9582
7.897	 2.60	 1	 -42.2042	  171.1667
7.902	 2.14	 1	 -42.1294	  173.4871
7.908	 2.04	 1	 -43.9062	  172.6751
7.933	 2.59	 1	 -40.7670	  174.2535
7.934	 2.24	 1	 -42.4432	  173.6842
7.935	 3.11	 1	 -41.7007	  172.9198
7.939	 2.17	 1	 -47.1433	  172.1506
7.946	 2.60	 1	 -40.4055	  172.4278
7.947	 3.08	 1	 -41.5279	  170.3032
7.951	 2.18	 1	 -41.4630	  172.1952
7.962	 2.08	 1	 -38.2563	  174.0211
7.994	 2.08	 1	 -41.6481	  174.3632
7.996	 2.01	 1	 -42.0011	  174.0927
7.996	 2.04	 1	 -41.1011	  177.2527
8.014	 2.10	 1	 -38.2283	  172.2890
8.023	 3.26	 1	 -43.2896	  166.9585
8.029	 2.20	 1	 -42.2227	  173.6810
8.031	 2.33	 1	 -46.0139	  172.9454
8.032	 2.92	 1	 -39.1716	  169.2169
8.041	 4.08	 1	 -44.8919	  174.1609
8.050	 2.38	 1	 -43.9250	  173.0162
8.068	 2.02	 1	 -42.4094	  173.8329
8.077	 2.03	 1	 -40.9455	  172.3220
8.080	 2.38	 1	 -43.8221	  174.1967
8.080	 2.12	 1	 -42.7464	  173.8786
8.088	 2.09	 1	 -42.7086	  179.1399
8.097	 2.51	 1	 -42.8026	  173.4729
8.103	 2.12	 1	 -43.2033	  173.2915
8.106	 2.37	 1	 -46.2022	  169.1976
8.110	 2.24	 1	 -41.1102	  178.1642
8.110	 2.01	 1	 -46.5238	  171.4495
8.118	 2.13	 1	 -44.8841	  178.3641
8.120	 2.09	 1	 -47.1472	  172.1882
8.124	 4.26	 1	 -42.0916	  173.8265
8.131	 2.73	 1	 -43.3330	  169.9741
8.154	 2.96	 1	 -46.1197	  169.0615
8.156	 2.26	 1	 -40.1674	  173.2955
8.158	 2.41	 1	 -45.0100	  175.4457
8.164	 3.11	 1	 -43.8472	  172.7345
8.169	 3.56	 1	 -43.7414	  172.5324
8.172	 2.06	 1	 -42.8538	  173.3875
8.186	 2.10	 1	 -43.7311	  167.0697
8.186	 2.04	 1	 -41.4336	  174.2244
8.194	 2.13	 1	 -45.3604	  169.3570
8.195	 2.13	 1	 -46.1696	  175.7060
8.209	 3.37	 1	 -44.1480	  167.2337
8.209	 2.01	 1	 -42.2435	  173.6692
8.216	 2.29	 1	 -43.0360	  172.1082
8.217	 2.35	 1	 -41.8007	  172.7227
8.220	 2.88	 1	 -38.3609	  171.3803
8.222	 2.18	 1	 -41.8299	  174.9843
8.236	 2.10	 1	 -42.8725	  172.2004
8.253	 2.25	 1	 -44.3491	  167.3346
8.254	 2.31	 1	 -39.5058	  168.7059
8.261	 2.15	 1	 -38.6335	  170.3897
8.266	 2.11	 1	 -41.7375	  173.1020
8.267	 2.80	 1	 -45.0010	  172.0320
8.270	 2.04	 1	 -43.5666	  172.3947
8.270	 2.01	 1	 -43.8960	  171.8146
8.272	 2.92	 1	 -47.1313	  172.0436
8.283	 3.14	 1	 -42.2598	  166.9327
8.314	 2.12	 1	 -44.5898	  177.6985
8.317	 3.29	 1	 -41.6834	  173.2842
8.328	 2.49	 1	 -42.1724	  172.2214
8.342	 2.22	 1	 -40.4054	  173.3186
8.342	 2.05	 1	 -42.3893	  166.9183
8.345	 2.98	 1	 -44.2339	  173.4840
8.345	 2.19	 1	 -42.0968	  173.9397
8.345	 2.84	 1	 -43.0900	  171.8298
8.346	 2.07	 1	 -42.0074	  173.6770
8.366	 2.70	 1	 -47.1538	  172.2571
8.372	 2.12	 1	 -44.3916	  178.6864
8.377	 2.20	 1	 -43.8260	  175.3860
8.402	 2.49	 1	 -42.8325	  173.5269
8.404	 2.37	 1	 -43.7835	  170.2232
8.414	 2.29	 1	 -44.6588	  167.5202
8.432	 2.74	 1	 -46.1204	  174.5286
8.438	 2.79	 1	 -42.5084	  172.7687
8.438	 2.11	 1	 -47.1708	  173.5742
8.456	 2.66	 1	 -44.9322	  178.3271
8.456	 3.88	 1	 -41.2754	  174.9839
8.460	 2.10	 1	 -43.2758	  171.4439
8.464	 2.06	 1	 -43.5934	  167.0284
8.464	 2.75	 1	 -42.5499	  171.5021
8.502	 2.01	 1	 -43.7132	  173.1153
8.505	 2.09	 1	 -40.2285	  174.4666
8.515	 2.68	 1	 -42.4867	  173.3158
8.525	 2.64	 1	 -42.1115	  173.5180
8.536	 2.81	 1	 -38.4724	  170.9100
8.540	 2.04	 1	 -41.7073	  174.4668
8.545	 2.14	 1	 -41.8080	  174.5748
8.546	 2.33	 1	 -40.1797	  167.9488
8.555	 2.03	 1	 -42.1833	  173.7572
8.563	 3.85	 1	 -42.7484	  172.3107
8.564	 2.81	 1	 -42.6375	  173.0618
8.569	 2.35	 1	 -44.8684	  170.3532
8.575	 2.72	 1	 -44.4205	  178.3137
8.607	 2.48	 1	 -43.7606	  173.3244
8.614	 2.05	 1	 -42.8889	  175.0981
8.616	 3.16	 1	 -43.3715	  173.3413
8.621	 2.16	 1	 -47.1844	  173.3032
8.636	 2.17	 1	 -43.7977	  175.8436
8.654	 2.04	 1	 -42.3833	  172.2461
8.654	 2.06	 1	 -43.3577	  174.0420
8.671	 2.03	 1	 -44.4783	  167.5560
8.687	 2.02	 1	 -43.1407	  179.1095
8.687	 2.24	 1	 -42.1792	  179.0999
8.689	 2.42	 1	 -44.8844	  178.3639
8.692	 2.06	 1	 -42.0092	  171.3980
8.697	 2.01	 1	 -38.5976	  175.5495
8.703	 2.11	 1	 -43.5066	  174.0908
8.718	 2.11	 1	 -42.3844	  172.8940
8.722	 2.54	 1	 -42.7193	  173.2552
8.739	 2.73	 1	 -44.2179	  170.3904
8.758	 2.12	 1	 -43.1371	  174.9162
8.763	 2.14	 1	 -42.4174	  173.8109
8.777	 2.04	 1	 -44.7312	  175.2741
8.781	 2.60	 1	 -42.3141	  173.4753
8.786	 2.46	 1	 -40.6440	  170.7332
8.788	 2.36	 1	 -47.1879	  172.8799
8.802	 2.03	 1	 -41.4880	  173.7995
8.803	 2.18	 1	 -42.1849	  173.8349
8.816	 2.63	 1	 -43.1497	  171.6546
8.818	 2.10	 1	 -43.1093	  170.4463
8.821	 2.24	 1	 -42.0307	  169.9868
8.822	 2.92	 1	 -40.1527	  167.9737
8.826	 2.09	 1	 -44.1737	  167.2458
8.830	 2.23	 1	 -42.1168	  172.6091
8.834	 2.03	 1	 -44.5046	  178.6212
8.840	 2.43	 1	 -42.7110	  173.6040
8.861	 2.38	 1	 -45.5672	  171.8886
8.879	 2.40	 1	 -42.5438	  174.1231
8.882	 2.54	 1	 -40.1551	  172.0714
8.886	 2.20	 1	 -41.6538	  172.6210
8.891	 2.04	 1	 -42.5793	  168.1042
8.892	 2.03	 1	 -41.4671	  172.3320
8.893	 2.98	 1	 -41.2703	  171.4826
8.893	 2.69	 1	 -41.5321	  172.3101
8.899	 2.44	 1	 -41.8063	  167.0243
8.907	 2.24	 1	 -41.6612	  173.5637
8.917	 2.06	 1	 -41.6147	  167.0827
8.947	 2.48	 1	 -38.3979	  171.2092
8.949	 2.95	 1	 -45.0269	  178.2510
8.966	 2.24	 1	 -43.4479	  172.0502
8.972	 2.16	 1	 -40.1397	  173.2059
8.981	 2.18	 1	 -43.0376	  166.9224
8.997	 2.03	 1	 -45.3617	  174.3030
9.002	 3.29	 1	 -42.8280	  173.9333
9.010	 2.07	 1	 -42.6480	  177.1454
9.019	 2.09	 1	 -44.9500	  168.1239
9.029	 2.70	 1	 -42.9140	  172.5097
9.040	 2.46	 1	 -42.6856	  174.5550
9.041	 2.19	 1	 -47.1459	  173.8684
9.073	 2.62	 1	 -39.1444	  169.2640
9.076	 3.23	 1	 -41.5216	  176.1126
9.077	 2.01	 1	 -42.8362	  173.3204
9.079	 2.85	 1	 -45.3767	  168.1139
9.085	 2.04	 1	 -42.7964	  172.4252
9.089	 2.26	 1	 -42.8614	  171.9839
9.107	 2.30	 1	 -41.3503	  174.6176
9.109	 2.67	 1	 -41.8849	  171.7385
9.128	 2.85	 1	 -42.7758	  175.9791
9.138	 2.58	 1	 -42.8582	  172.6431
9.151	 2.22	 1	 -42.9273	  166.9127
9.157	 2.19	 1	 -43.7394	  175.0811
9.161	 2.14	 1	 -41.8786	  173.7368
9.164	 2.19	 1	 -40.9698	  178.6731
9.165	 2.45	 1	 -43.8446	  169.7020
9.175	 2.99	 1	 -47.1232	  171.9780
9.193	 2.18	 1	 -43.8826	  175.0235
9.202	 3.30	 1	 -42.8693	  172.4921
9.208	 2.45	 1	 -46.2505	  169.2813
9.221	 2.81	 1	 -42.4617	  173.8004
9.224	 3.45	 1	 -42.5946	  174.3466
9.226	 2.01	 1	 -41.9987	  179.0667
9.228	 2.46	 1	 -42.3643	  173.3175
9.243	 2.04	 1	 -44.0103	  174.5966
9.246	 2.09	 1	 -43.3709	  172.6085
9.247	 2.74	 1	 -38.5302	  170.7076
9.259	 2.43	 1	 -42.2287	  173.6874
9.263	 2.53	 1	 -41.6700	  174.4676
9.264	 2.49	 1	 -40.7970	  173.6048
9.280	 2.03	 1	 -38.8358	  169.8766
9.281	 2.62	 1	 -43.3225	  172.2719
9.284	 2.49	 1	 -40.3345	  172.6707
9.288	 2.18	 1	 -41.3949	  175.8100
9.290	 2.12	 1	 -45.8728	  176.0190
9.290	 2.50	 1	 -43.3299	  172.4442
9.307	 4.00	 1	 -46.4033	  170.7419
9.308	 2.12	 1	 -44.5024	  170.3083
9.335	 2.02	 1	 -43.4259	  174.3461
9.344	 2.16	 1	 -41.7474	  169.9342
9.348	 2.24	 1	 -46.7318	  170.3341
9.368	 2.35	 1	 -43.0882	  170.8615
9.369	 2.16	 1	 -38.2468	  172.1049
9.390	 2.19	 1	 -46.5075	  169.7838
9.397	 2.44	 1	 -45.3514	  177.9558
9.400	 2.72	 1	 -42.0484	  173.7506
9.401	 2.11	 1	 -39.0053	  169.5206
9.402	 2.28	 1	 -43.1668	  175.4365
9.404	 3.07	 1	 -43.6170	  174.5067
9.405	 2.15	 1	 -46.7617	  171.9257
9.407	 2.77	 1	 -44.5468	  167.4487
9.408	 2.39	 1	 -45.3015	  178.0049
9.429	 2.44	 1	 -44.2286	  168.7965
9.447	 2.37	 1	 -42.1010	  174.0262
9.460	 2.27	 1	 -46.4516	  176.3793
9.464	 2.77	 1	 -41.8270	  173.6290
9.477	 2.10	 1	 -44.9796	  173.8994
9.482	 2.17	 1	 -44.8933	  178.3571
9.505	 2.22	 1	 -46.5602	  175.2775
9.512	 2.03	 1	 -41.8277	  173.9661
9.517	 2.09	 1	 -44.6138	  167.4909
9.540	 3.13	 1	 -41.7264	  174.2597
9.550	 2.73	 1	 -42.0197	  168.9690
9.555	 2.46	 1	 -46.0398	  177.1072
9.559	 3.94	 1	 -42.0044	  173.7001
9.578	 2.31	 1	 -39.6894	  177.5755
9.593	 3.84	 1	 -40.4499	  176.7705
9.608	 2.65	 1	 -39.8121	  177.7199
9.616	 2.11	 1	 -42.2101	  175.9377
9.637	 2.80	 1	 -42.7197	  171.5346
9.657	 2.92	 1	 -44.8639	  167.6649
9.660	 2.04	 1	 -41.6999	  178.9890
9.662	 2.39	 1	 -47.0168	  171.3446
9.664	 2.34	 1	 -38.2485	  173.9545
9.671	 2.98	 1	 -47.1157	  174.1236
9.687	 2.14	 1	 -40.1117	  174.1193
9.700	 2.93	 1	 -44.3202	  176.4978
9.704	 2.10	 1	 -41.6584	  174.0279
9.706	 2.11	 1	 -41.7720	  174.2176
9.748	 2.29	 1	 -42.9728	  171.2941
9.749	 2.13	 1	 -44.3904	  175.0155
9.752	 2.82	 1	 -47.1643	  173.6641
9.770	 2.10	 1	 -42.7371	  172.9355
9.778	 2.90	 1	 -43.4007	  172.8646
9.779	 2.54	 1	 -38.3048	  171.6839
9.783	 2.12	 1	 -47.1584	  172.3082
9.788	 2.06	 1	 -43.2030	  166.9439
9.790	 2.15	 1	 -40.7315	  173.6509
9.796	 3.31	 1	 -38.4832	  170.8706
9.800	 2.02	 1	 -39.4395	  168.7985
9.806	 3.46	 1	 -38.3964	  174.8284
9.812	 2.22	 1	 -41.6724	  174.2357
9.813	 2.20	 1	 -38.8894	  169.7582
9.823	 2.02	 1	 -41.8791	  172.4000
9.838	 2.07	 1	 -42.6527	  171.3430
9.851	 3.15	 1	 -42.4492	  173.1482
9.852	 2.04	 1	 -41.5055	  173.6326
9.857	 3.09	 1	 -43.3002	  173.4295
9.859	 2.04	 1	 -47.0229	  174.6703
9.871	 2.15	 1	 -45.3146	  177.9922
9.889	 2.10	 1	 -40.1832	  174.2458
9.898	 2.23	 1	 -43.2431	  174.7592
9.915	 2.04	 1	 -43.1431	  171.7188
9.922	 2.09	 1	 -44.7234	  170.9381
9.934	 2.01	 1	 -44.8333	  172.1048
9.957	 2.17	 1	 -46.6299	  170.0674
9.975	 3.01	 1	 -41.4940	  173.4259
9.978	 2.20	 1	 -41.7611	  174.2698
9.990	 2.50	 1	 -45.0755	  173.8097
10.007	 2.23	 1	 -42.6948	  167.7686
10.022	 2.28	 1	 -42.5261	  173.6144
10.032	 2.25	 1	 -43.4500	  170.5006
10.039	 2.27	 1	 -41.7921	  173.9662
10.041	 2.19	 1	 -43.1718	  171.3496
10.042	 2.14	 1	 -44.9985	  172.1194
10.046	 2.83	 1	 -41.6471	  171.9222
10.076	 2.03	 1	 -42.0704	  173.8639
10.079	 2.54	 1	 -45.6245	  177.6606
10.088	 2.03	 1	 -42.3275	  174.6446
10.089	 2.67	 1	 -43.0640	  173.2767
10.113	 2.19	 1	 -45.1017	  171.2359
10.119	 2.22	 1	 -43.1562	  176.1958
10.119	 2.56	 1	 -44.4439	  173.7108
10.121	 2.04	 1	 -41.7074	  174.0566
10.127	 3.07	 1	 -42.1565	  174.0472
10.137	 2.43	 1	 -39.2289	  174.8871
10.138	 2.86	 1	 -44.3812	  174.6747
10.142	 2.59	 1	 -45.0427	  174.0745
10.151	 2.01	 1	 -41.8904	  167.0025
10.151	 2.10	 1	 -40.5101	  174.6959
10.167	 2.83	 1	 -42.2097	  173.7425
10.168	 2.34	 1	 -42.7436	  170.6444
10.175	 2.64	 1	 -44.6864	  167.5387
10.192	 2.02	 1	 -42.4848	  169.1900
10.210	 2.99	 1	 -41.3753	  174.8905
10.218	 2.49	 1	 -42.2920	  173.9596
10.220	 2.69	 1	 -43.4040	  173.8980
10.223	 2.08	 1	 -40.0949	  169.5410
10.228	 2.37	 1	 -43.5199	  170.6573
10.229	 2.53	 1	 -39.9576	  168.1660
10.231	 2.12	 1	 -42.3625	  171.8787
10.242	 2.05	 1	 -42.7984	  168.5654
10.248	 2.96	 1	 -41.4861	  173.0511
10.249	 3.26	 1	 -38.2049	  172.6369
10.260	 2.28	 1	 -43.1187	  174.8714
10.288	 2.54	 1	 -41.8312	  179.0267
10.300	 2.96	 1	 -44.1638	  167.2411
10.301	 2.06	 1	 -43.7443	  174.7166
10.303	 2.55	 1	 -40.0904	  176.2026
10.308	 3.07	 1	 -42.3953	  174.0444
10.313	 2.47	 1	 -43.9981	  178.8764
10.319	 2.39	 1	 -45.1990	  173.5756
10.320	 2.19	 1	 -43.3137	  174.6989
10.334	 2.37	 1	 -39.7010	  171.8256
10.335	 2.61	 1	 -40.8289	  178.5898
10.336	 2.18	 1	 -46.0812	  169.0007
10.345	 2.11	 1	 -40.5974	  175.9203
10.350	 2.09	 1	 -41.7803	  167.9268
10.350	 2.04	 1	 -42.6621	  172.8749
10.354	 2.08	 1	 -46.9702	  171.4161
10.356	 2.54	 1	 -41.5088	  173.0742
10.362	 2.36	 1	 -47.1648	  172.3861
10.363	 2.16	 1	 -40.6317	  167.5847
10.369	 2.26	 1	 -39.4088	  177.2016
10.376	 2.58	 1	 -40.0653	  168.0572
10.380	 2.07	 1	 -42.7081	  173.0509
10.394	 2.20	 1	 -39.2699	  176.9900
10.397	 2.57	 1	 -40.5948	  170.9049
10.405	 2.27	 1	 -42.3313	  179.1202
10.420	 3.27	 1	 -41.8933	  174.1801
10.430	 2.04	 1	 -42.7674	  172.9918
10.457	 2.67	 1	 -41.8033	  174.1456
10.458	 2.14	 1	 -41.3608	  168.4051
10.460	 2.73	 1	 -42.3999	  172.7947
10.465	 3.29	 1	 -39.8120	  177.7199
10.466	 2.80	 1	 -42.1782	  173.0964
10.474	 2.11	 1	 -40.0968	  174.9537
10.475	 2.99	 1	 -42.5980	  169.8310
10.483	 2.13	 1	 -42.0580	  174.0086
10.492	 3.19	 1	 -43.6112	  174.4440
10.492	 2.39	 1	 -40.9139	  178.6410
10.494	 2.18	 1	 -40.8818	  174.7494
10.495	 2.07	 1	 -43.9020	  173.2936
10.501	 2.62	 1	 -41.9328	  174.3934
10.503	 3.19	 1	 -45.4930	  168.2357
10.537	 2.17	 1	 -38.5622	  170.6038
10.548	 2.90	 1	 -41.8149	  174.1097
10.552	 2.25	 1	 -44.1648	  172.9933
10.554	 2.64	 1	 -42.6404	  172.8520
10.564	 2.22	 1	 -47.1881	  172.8922
10.585	 2.04	 1	 -42.6134	  168.0086
10.589	 2.45	 1	 -42.7849	  171.4968
10.598	 2.21	 1	 -43.6234	  167.0368
10.633	 2.61	 1	 -42.2110	  173.6735
10.660	 2.09	 1	 -43.8577	  171.2664
10.670	 2.01	 1	 -42.1396	  177.0071
10.693	 2.00	 1	 -46.4345	  173.2932
10.704	 2.50	 1	 -43.3327	  171.6403
10.724	 2.06	 1	 -43.4298	  176.1169
10.728	 2.03	 1	 -46.7395	  170.3555
10.747	 2.07	 1	 -42.1813	  173.5764
10.752	 2.05	 1	 -47.0534	  174.5142
10.754	 2.33	 1	 -40.3299	  173.3076
10.768	 2.14	 1	 -41.6542	  171.3360
10.787	 2.64	 1	 -42.9367	  179.1309
10.805	 2.28	 1	 -42.2971	  171.8709
10.806	 2.40	 1	 -43.2064	  171.8497
10.832	 2.07	 1	 -42.1451	  173.6488
10.834	 2.28	 1	 -43.9415	  172.2968
10.844	 3.07	 1	 -42.5366	  168.4400
10.844	 2.93	 1	 -46.2718	  169.3189
10.848	 2.70	 1	 -41.3021	  167.2042
10.856	 2.35	 1	 -41.9968	  173.6741
10.874	 2.18	 1	 -41.8989	  174.8213
10.885	 2.10	 1	 -41.7895	  172.4342
10.891	 2.13	 1	 -43.2019	  178.7053
10.907	 2.01	 1	 -44.0373	  174.2888
10.911	 2.79	 1	 -43.0799	  172.8305
10.936	 2.15	 1	 -41.6498	  174.2708
10.977	 2.82	 1	 -43.2870	  172.8713
11.001	 2.03	 1	 -46.5350	  172.8890
11.010	 3.37	 1	 -40.2804	  178.1852
11.047	 2.66	 1	 -43.6329	  173.5384
11.052	 2.20	 1	 -42.1423	  172.7985
11.088	 2.58	 1	 -41.9130	  173.5814
11.091	 2.77	 1	 -40.8134	  171.9030
11.103	 2.72	 1	 -43.6765	  167.0526
11.103	 2.02	 1	 -41.2198	  173.8506
11.104	 2.17	 1	 -40.8891	  167.4179
11.118	 2.08	 1	 -41.5266	  172.9867
11.130	 2.33	 1	 -40.3691	  178.2600
11.165	 2.09	 1	 -45.4912	  177.8105
11.171	 2.40	 1	 -41.1620	  171.0101
11.173	 2.29	 1	 -42.6684	  172.4954
11.180	 2.06	 1	 -40.8841	  174.3453
11.184	 2.10	 1	 -42.7811	  174.4161
11.185	 2.02	 1	 -42.2145	  173.0679
11.217	 2.13	 1	 -43.1543	  172.0222
11.218	 2.30	 1	 -42.2363	  173.6291
11.229	 2.54	 1	 -40.0047	  177.9266
11.231	 2.12	 1	 -44.7610	  168.8050
11.234	 2.06	 1	 -46.8777	  170.7851
11.255	 2.35	 1	 -42.9427	  172.7637
11.259	 3.09	 1	 -42.7457	  173.7891
11.265	 2.32	 1	 -44.1975	  167.9362
11.266	 2.74	 1	 -45.8547	  177.3717
11.269	 2.11	 1	 -39.7429	  168.4045
11.303	 3.34	 1	 -42.4169	  172.2923
11.304	 2.51	 1	 -43.9833	  174.1058
11.308	 2.37	 1	 -44.4761	  178.6381
11.316	 2.29	 1	 -47.0364	  174.6033
11.318	 2.06	 1	 -42.1132	  169.5806
11.333	 2.14	 1	 -38.8379	  176.1723
11.338	 2.10	 1	 -38.3106	  174.3949
11.378	 2.40	 1	 -42.5876	  169.6754
11.398	 3.19	 1	 -41.9108	  169.6279
11.407	 2.28	 1	 -42.3679	  172.5390
11.424	 2.42	 1	 -44.3612	  172.2707
11.435	 2.40	 1	 -38.3894	  174.7975
11.438	 2.50	 1	 -45.4061	  177.9004
11.442	 2.48	 1	 -44.9711	  171.2643
11.447	 2.19	 1	 -41.1122	  178.7496
11.457	 2.15	 1	 -39.7450	  170.9409
11.468	 2.25	 1	 -41.3478	  173.3086
11.471	 2.09	 1	 -42.9984	  172.4948
11.471	 2.37	 1	 -44.2638	  178.7543
11.491	 2.19	 1	 -46.0900	  174.4378
11.492	 2.57	 1	 -46.9114	  170.9052
11.513	 2.32	 1	 -42.6181	  171.4704
11.520	 2.25	 1	 -40.9541	  172.0303
11.521	 2.02	 1	 -44.1426	  175.0394
11.542	 3.03	 1	 -42.5763	  171.4155
11.544	 3.11	 1	 -42.5924	  169.9685
11.546	 3.54	 1	 -40.6722	  172.8509
11.570	 2.68	 1	 -41.6479	  174.2348
11.587	 2.20	 1	 -39.4013	  172.7335
11.595	 2.10	 1	 -41.7420	  172.8875
11.609	 2.75	 1	 -46.5748	  176.1090
11.619	 2.14	 1	 -38.2101	  173.5074
11.621	 3.67	 1	 -45.6156	  168.3734
11.635	 2.28	 1	 -42.2043	  166.9405
11.636	 2.26	 1	 -46.0460	  168.9465
11.639	 2.72	 1	 -43.8996	  174.0259
11.648	 3.33	 1	 -45.4192	  173.1532
11.671	 2.18	 1	 -46.8357	  175.3996
11.674	 2.00	 1	 -39.4026	  169.1674
11.695	 2.91	 1	 -46.4488	  176.3852
11.707	 2.73	 1	 -42.9320	  172.9535
11.719	 2.66	 1	 -42.0209	  173.6215
11.723	 2.42	 1	 -40.7346	  173.8163
11.723	 2.84	 1	 -43.8389	  172.4418
11.733	 2.22	 1	 -44.2347	  176.3505
11.734	 2.66	 1	 -39.9045	  173.0124
11.735	 3.58	 1	 -44.6616	  177.7865
11.748	 2.34	 1	 -38.5014	  175.2384
11.756	 2.26	 1	 -46.6823	  170.2004
11.784	 2.06	 1	 -43.2294	  173.8797
11.793	 2.07	 1	 -43.0590	  170.8156
11.796	 2.96	 1	 -42.5425	  176.5697
11.824	 2.98	 1	 -45.6479	  168.4113
11.824	 2.16	 1	 -46.8625	  170.7329
11.827	 2.63	 1	 -40.7325	  167.5161
11.833	 2.11	 1	 -38.5700	  171.9034
11.865	 2.06	 1	 -40.4880	  173.6966
11.870	 2.26	 1	 -41.3313	  174.2999
11.880	 3.36	 1	 -46.9521	  171.0622
11.892	 2.05	 1	 -41.4623	  174.7441
11.898	 2.72	 1	 -41.4937	  178.3723
11.912	 2.32	 1	 -43.1388	  171.7856
11.915	 3.19	 1	 -42.8234	  166.9069
11.923	 2.44	 1	 -41.3436	  168.5757
11.924	 2.37	 1	 -39.2790	  177.0044
11.954	 2.46	 1	 -44.1184	  172.1891
11.976	 2.18	 1	 -42.0570	  173.3150
12.013	 2.17	 1	 -43.0007	  173.0119
12.023	 2.77	 1	 -43.1313	  172.2899
12.061	 2.95	 1	 -42.3162	  172.8613
12.062	 3.39	 1	 -42.6851	  174.6023
12.104	 2.01	 1	 -41.2170	  172.0592
12.104	 2.31	 1	 -41.7589	  171.8353
12.130	 2.54	 1	 -44.1039	  174.8448
12.164	 3.09	 1	 -38.2958	  171.7399
12.168	 3.08	 1	 -42.6490	  172.6423
12.171	 2.44	 1	 -43.9631	  172.7343
12.179	 2.67	 1	 -41.7243	  174.2719
12.186	 2.29	 1	 -42.1418	  177.1196
12.210	 2.08	 1	 -42.7309	  172.9892
12.211	 2.04	 1	 -41.2489	  170.9874
12.231	 2.32	 1	 -42.2125	  173.5712
12.247	 2.22	 1	 -42.5084	  173.0741
12.254	 2.66	 1	 -43.6429	  173.9863
12.301	 3.61	 1	 -43.6609	  170.5936
12.301	 2.64	 1	 -42.2311	  176.1370
12.311	 2.50	 1	 -40.9114	  176.0369
12.318	 2.40	 1	 -39.6703	  176.1872
12.325	 2.32	 1	 -42.8683	  170.3445
12.330	 2.65	 1	 -43.7002	  175.6256
12.331	 2.48	 1	 -41.7305	  174.3030
12.353	 3.50	 1	 -41.5559	  173.2327
12.353	 2.45	 1	 -45.1416	  168.5770
12.356	 2.21	 1	 -46.7551	  175.6445
12.360	 2.11	 1	 -42.1817	  173.4736
12.376	 2.86	 1	 -43.6263	  169.1385
12.383	 2.21	 1	 -43.0209	  174.6248
12.387	 3.53	 1	 -39.7612	  175.0808
12.404	 2.57	 1	 -41.4790	  172.3006
12.440	 2.22	 1	 -45.0391	  168.7856
12.450	 2.28	 1	 -42.0527	  173.8200
12.454	 2.88	 1	 -41.4025	  172.5810
12.457	 2.45	 1	 -41.8276	  167.0186
12.462	 2.08	 1	 -41.9013	  168.2144
12.476	 2.21	 1	 -45.9113	  177.2941
12.478	 2.27	 1	 -41.3459	  178.8591
12.493	 2.22	 1	 -41.7745	  176.7488
12.495	 2.44	 1	 -39.3791	  177.1580
12.527	 3.44	 1	 -41.2874	  177.4331
12.529	 2.36	 1	 -38.1976	  172.8566
12.536	 2.04	 1	 -40.4928	  173.3723
12.545	 2.10	 1	 -42.3231	  173.4985
12.580	 3.40	 1	 -41.6087	  167.0847
12.622	 2.27	 1	 -44.5169	  177.7028
12.625	 2.37	 1	 -42.2714	  166.9312
12.649	 2.04	 1	 -38.6222	  170.4221
12.666	 2.41	 1	 -45.3365	  171.4039
12.672	 2.17	 1	 -46.8628	  175.3103
12.694	 2.19	 1	 -41.2524	  167.2266
12.698	 2.20	 1	 -42.5913	  172.9269
12.709	 3.01	 1	 -46.9141	  170.9153
12.716	 2.36	 1	 -44.7700	  172.7735
12.720	 3.48	 1	 -42.8753	  173.2739
12.736	 2.20	 1	 -41.9389	  173.7045
12.737	 2.28	 1	 -43.8945	  168.7227
12.741	 2.45	 1	 -40.8957	  172.8492
12.742	 2.01	 1	 -42.1376	  173.6239
12.758	 2.28	 1	 -42.3162	  172.5218
12.761	 2.26	 1	 -43.5649	  168.7851
12.765	 2.11	 1	 -45.2726	  173.5333
12.784	 2.43	 1	 -43.0419	  173.4133
12.785	 2.02	 1	 -41.3933	  169.9082
12.801	 2.46	 1	 -41.2754	  174.3129
12.803	 2.43	 1	 -42.4226	  174.0154
12.808	 3.24	 1	 -43.1934	  171.6393
12.810	 2.03	 1	 -43.7145	  173.5582
12.826	 2.79	 1	 -44.5997	  174.5356
12.847	 2.34	 1	 -41.8318	  174.2738
12.885	 2.66	 1	 -38.2740	  171.8872
12.905	 3.62	 1	 -47.1293	  172.5255
12.911	 3.46	 1	 -42.8264	  174.0695
12.915	 3.26	 1	 -44.2529	  172.4245
12.919	 3.08	 1	 -43.2575	  173.3318
12.927	 2.11	 1	 -46.7168	  170.2925
12.945	 2.19	 1	 -46.4631	  174.6974
12.949	 2.02	 1	 -43.8964	  170.6954
12.964	 3.21	 1	 -45.4372	  174.6855
12.982	 2.03	 1	 -42.0621	  173.6436
13.021	 2.10	 1	 -40.1844	  173.6453
13.021	 2.08	 1	 -38.2062	  172.6098
13.037	 2.78	 1	 -41.7077	  174.1970
13.044	 2.33	 1	 -42.6515	  173.0091
13.054	 3.16	 1	 -42.4704	  173.0507
13.061	 3.24	 1	 -40.4465	  171.9490
13.070	 2.26	 1	 -43.7618	  167.1533
13.091	 2.02	 1	 -42.0867	  171.0510
13.091	 3.06	 1	 -38.2046	  173.4008
13.123	 2.02	 1	 -41.9450	  166.9895
13.144	 2.08	 1	 -46.5320	  176.2066
13.145	 2.22	 1	 -47.0724	  171.6373
13.156	 2.14	 1	 -42.5387	  173.1630
13.162	 2.85	 1	 -40.0967	  172.1081
13.173	 3.08	 1	 -46.5737	  169.9328
13.180	 2.79	 1	 -45.9744	  177.2043
13.182	 2.26	 1	 -42.2649	  173.8040
13.189	 2.35	 1	 -38.6208	  175.6180
13.190	 2.25	 1	 -43.2429	  178.1055
13.202	 2.23	 1	 -43.0865	  171.5019
13.202	 2.72	 1	 -42.1907	  175.4944
13.221	 2.68	 1	 -42.3441	  175.1684
13.238	 2.60	 1	 -41.9228	  173.7654
13.253	 2.12	 1	 -40.7093	  171.8483
13.256	 2.45	 1	 -41.9017	  170.4305
13.274	 2.30	 1	 -42.5703	  172.7603
13.276	 2.89	 1	 -42.1670	  172.5253
13.304	 2.10	 1	 -40.4264	  170.3721
13.315	 2.48	 1	 -42.2647	  173.6523
13.327	 2.00	 1	 -44.4347	  172.9809
13.332	 3.55	 1	 -41.9216	  170.7851
13.334	 2.16	 1	 -42.7315	  170.8929
13.347	 2.19	 1	 -41.8861	  173.0864
13.348	 2.11	 1	 -45.7217	  177.5434
13.349	 3.21	 1	 -40.7842	  172.5031
13.353	 2.77	 1	 -46.2321	  176.5828
13.363	 2.48	 1	 -41.2193	  172.1491
13.368	 2.63	 1	 -42.8955	  177.2585
13.374	 2.15	 1	 -39.3304	  177.0446
13.389	 2.46	 1	 -42.3219	  170.6740
13.397	 2.28	 1	 -42.4304	  168.3291
13.410	 2.75	 1	 -40.0665	  172.5532
13.412	 2.16	 1	 -39.0426	  176.5954
13.463	 2.31	 1	 -38.8196	  170.2594
13.468	 2.03	 1	 -42.5390	  173.1266
13.469	 2.25	 1	 -43.5968	  172.0733
13.474	 2.23	 1	 -38.5937	  170.5065
13.478	 2.43	 1	 -44.0078	  172.0084
13.478	 2.96	 1	 -43.9320	  167.1413
13.489	 3.10	 1	 -39.9805	  177.9019
13.498	 3.38	 1	 -45.6013	  173.3083
13.501	 3.56	 1	 -41.8262	  174.2477
13.507	 2.05	 1	 -41.9155	  173.9058
13.512	 2.03	 1	 -44.3831	  167.3532
13.515	 2.15	 1	 -43.3999	  174.7033
13.522	 2.53	 1	 -41.9264	  172.9531
13.524	 2.16	 1	 -43.4643	  172.2770
13.540	 3.34	 1	 -38.4906	  170.8440
13.559	 2.34	 1	 -45.2917	  174.9725
13.561	 2.04	 1	 -44.0897	  167.2072
13.561	 2.23	 1	 -42.1697	  173.5742
13.561	 2.77	 1	 -38.5848	  170.5333
13.571	 2.01	 1	 -44.9003	  178.3517
13.588	 2.18	 1	 -42.5143	  171.6334
13.599	 3.29	 1	 -38.3633	  171.3683
13.602	 2.16	 1	 -45.4693	  176.5045
13.613	 2.35	 1	 -41.7722	  174.1995
13.620	 2.20	 1	 -41.8994	  167.0003
13.628	 2.28	 1	 -46.8979	  170.8563
13.646	 2.05	 1	 -47.0348	  171.4331
13.686	 2.25	 1	 -45.4852	  168.2273
13.689	 4.31	 1	 -39.2971	  172.3503
13.696	 2.24	 1	 -43.5729	  172.4859
13.701	 2.40	 1	 -41.2964	  178.8376
13.725	 2.53	 1	 -40.2876	  173.0973
13.735	 2.16	 1	 -45.2220	  169.1860
13.761	 2.04	 1	 -41.3194	  178.8477
13.762	 2.90	 1	 -45.5819	  177.7098
13.786	 2.20	 1	 -46.5543	  176.1561
13.794	 2.10	 1	 -38.5708	  170.5765
13.819	 3.18	 1	 -41.9041	  172.3792
13.844	 3.10	 1	 -38.2461	  173.9338
13.872	 3.37	 1	 -45.0486	  178.2329
13.873	 2.78	 1	 -38.4005	  174.8465
13.916	 2.39	 1	 -42.1095	  174.5293
13.927	 2.52	 1	 -39.7987	  175.1008
13.933	 2.21	 1	 -45.6778	  169.3141
13.958	 4.69	 1	 -41.6573	  174.1544
13.958	 2.41	 1	 -41.8457	  179.0305
13.961	 2.82	 1	 -46.5999	  169.9945
13.971	 2.20	 1	 -41.9183	  173.6066
13.974	 2.20	 1	 -41.2408	  172.1124
13.979	 3.47	 1	 -43.5437	  174.3223
13.984	 2.95	 1	 -39.0899	  176.6830
