# Simulation 556
# RelativeTime(days) Magnitude Generation Latitude Longitude
Time Mag Gen Lat Lon
0.083	 2.03	 1	 -42.7297	  172.8412
0.083	 2.77	 1	 -42.5775	  173.2059
0.084	 2.09	 1	 -41.8878	  174.3463
0.084	 2.86	 1	 -42.4551	  173.1019
0.084	 2.21	 1	 -42.4602	  173.7550
0.084	 2.77	 1	 -40.0613	  178.1696
0.084	 2.07	 1	 -44.3783	  174.5399
0.084	 2.05	 1	 -42.7673	  173.2053
0.084	 2.43	 1	 -42.6101	  172.9232
0.085	 2.74	 1	 -41.9418	  173.4429
0.085	 2.14	 1	 -42.0925	  172.9570
0.085	 2.03	 1	 -41.9770	  173.6637
0.085	 2.06	 1	 -42.3544	  172.5673
0.085	 2.83	 1	 -41.7858	  174.4464
0.086	 2.12	 1	 -41.8594	  174.2870
0.086	 2.04	 1	 -42.7326	  172.3486
0.087	 3.04	 1	 -41.7625	  174.4358
0.087	 2.51	 1	 -42.2702	  174.2332
0.087	 2.18	 1	 -41.9999	  173.5448
0.087	 2.03	 1	 -42.5497	  172.8776
0.088	 3.89	 1	 -44.5745	  172.0110
0.088	 2.60	 1	 -42.2095	  173.6289
0.088	 2.01	 1	 -42.5951	  172.9475
0.088	 2.13	 1	 -43.0437	  173.1880
0.088	 2.11	 1	 -41.5693	  174.3475
0.088	 2.36	 1	 -42.6387	  173.2650
0.089	 3.23	 1	 -42.4682	  173.2174
0.089	 2.26	 1	 -42.0452	  173.8513
0.089	 2.06	 1	 -42.1647	  173.4697
0.089	 2.20	 1	 -42.4607	  173.3143
0.089	 2.24	 1	 -41.7850	  174.2817
0.089	 2.01	 1	 -42.8032	  173.1358
0.089	 2.26	 1	 -42.0243	  173.7185
0.089	 2.29	 1	 -42.4856	  173.6905
0.090	 2.53	 1	 -42.0963	  173.6218
0.090	 2.26	 1	 -41.9195	  173.7499
0.090	 4.65	 1	 -42.2437	  173.5346
0.090	 2.26	 1	 -42.5013	  172.2364
0.091	 2.02	 1	 -42.8844	  172.6911
0.092	 2.09	 1	 -42.4195	  173.1255
0.092	 2.51	 1	 -41.7435	  174.4450
0.092	 3.27	 1	 -42.1646	  173.5589
0.092	 2.50	 1	 -42.2804	  173.9044
0.092	 2.16	 1	 -42.1890	  173.5632
0.092	 2.18	 1	 -42.2549	  173.7874
0.092	 2.16	 1	 -42.6009	  173.0094
0.093	 2.29	 1	 -41.9854	  173.6608
0.094	 2.10	 1	 -42.2256	  173.7619
0.094	 2.17	 1	 -41.7298	  174.2727
0.094	 2.72	 1	 -41.8772	  173.8055
0.095	 2.12	 1	 -42.3110	  173.7131
0.095	 2.11	 1	 -42.5398	  173.0826
0.096	 2.29	 1	 -42.5717	  173.2766
0.096	 2.16	 1	 -42.1253	  173.5623
0.097	 3.36	 1	 -42.2742	  173.4755
0.097	 2.21	 1	 -42.6755	  173.1961
0.097	 2.10	 1	 -42.4540	  173.3794
0.097	 2.33	 1	 -42.0878	  173.6161
0.097	 2.71	 1	 -41.8567	  173.4536
0.098	 2.43	 1	 -42.0992	  173.8995
0.098	 2.17	 1	 -42.5972	  173.1044
0.098	 2.25	 1	 -41.8608	  174.1988
0.098	 2.08	 1	 -42.5159	  173.6238
0.099	 2.14	 1	 -42.0132	  173.7927
0.099	 2.19	 1	 -42.6663	  173.1790
0.099	 2.90	 1	 -42.6735	  172.8807
0.099	 2.38	 1	 -42.2864	  173.4812
0.099	 3.14	 2	 -42.0936	  173.6035
0.100	 2.02	 1	 -42.4901	  173.7413
0.100	 2.12	 1	 -41.6933	  174.0893
0.100	 3.25	 1	 -42.6775	  173.0857
0.101	 2.08	 1	 -42.6560	  172.5681
0.101	 2.95	 1	 -42.1682	  173.5796
0.101	 2.58	 1	 -42.2636	  173.5807
0.101	 2.28	 1	 -42.5332	  173.2463
0.101	 2.17	 1	 -42.1358	  173.5433
0.101	 2.58	 1	 -42.4693	  172.7177
0.102	 2.01	 1	 -42.7909	  173.0965
0.102	 2.24	 1	 -42.2541	  173.6785
0.102	 2.21	 1	 -42.0935	  173.7978
0.102	 3.27	 1	 -42.7017	  172.9483
0.103	 2.02	 1	 -42.3266	  173.3901
0.103	 2.53	 1	 -42.5083	  173.0949
0.104	 2.15	 1	 -42.9635	  172.6418
0.104	 2.05	 1	 -42.1017	  173.8310
0.104	 2.52	 1	 -42.6433	  173.0509
0.104	 3.17	 1	 -42.1954	  173.9788
0.105	 2.37	 1	 -42.7414	  173.1620
0.105	 2.14	 1	 -41.2128	  173.5302
0.105	 2.53	 1	 -42.2061	  173.7486
0.106	 3.33	 1	 -42.3924	  173.5751
0.106	 2.63	 1	 -42.3440	  173.7598
0.107	 2.36	 1	 -42.2420	  173.5887
0.107	 2.07	 1	 -42.6204	  173.0498
0.107	 2.10	 1	 -42.8081	  172.9928
0.108	 2.01	 1	 -42.1831	  173.5893
0.108	 2.53	 1	 -41.7167	  174.0548
0.108	 3.10	 1	 -41.6498	  174.2619
0.109	 2.79	 1	 -42.6288	  172.7910
0.109	 2.08	 1	 -41.4889	  174.0545
0.109	 4.03	 1	 -41.7178	  174.3071
0.109	 2.30	 1	 -42.3376	  173.8509
0.109	 2.56	 1	 -41.8903	  174.1030
0.110	 3.03	 1	 -41.7244	  174.1946
0.110	 3.51	 1	 -42.5143	  173.1148
0.110	 2.07	 1	 -43.4463	  173.1875
0.111	 2.02	 1	 -42.5352	  173.7736
0.111	 2.45	 1	 -41.9875	  173.7320
0.111	 2.04	 1	 -42.8490	  172.6938
0.111	 2.11	 1	 -41.4694	  174.2093
0.112	 2.17	 1	 -42.6451	  172.9243
0.112	 2.39	 1	 -42.4817	  173.1147
0.112	 2.18	 1	 -42.6069	  172.9166
0.112	 2.10	 1	 -43.5014	  176.2564
0.112	 2.21	 1	 -43.1406	  173.0768
0.113	 2.29	 1	 -41.8247	  174.2699
0.113	 2.04	 1	 -41.7110	  174.3491
0.113	 2.55	 1	 -42.7109	  172.9886
0.113	 2.76	 1	 -41.6038	  174.2410
0.114	 2.83	 1	 -42.4681	  173.3481
0.114	 2.37	 1	 -42.0792	  173.6303
0.114	 2.12	 1	 -42.3963	  173.3212
0.114	 2.09	 1	 -42.5721	  173.1175
0.115	 2.15	 2	 -42.4737	  173.2087
0.115	 2.04	 1	 -41.7487	  174.1677
0.115	 2.32	 1	 -42.8715	  172.7656
0.115	 2.03	 1	 -41.8395	  174.1344
0.115	 2.38	 1	 -42.2270	  173.4399
0.115	 2.95	 1	 -41.9457	  173.6103
0.115	 2.17	 1	 -42.2851	  169.9681
0.115	 2.24	 1	 -41.9872	  173.7281
0.116	 2.22	 1	 -42.6158	  172.8804
0.116	 2.08	 1	 -42.5614	  173.1217
0.116	 2.06	 1	 -41.8343	  173.9434
0.116	 2.03	 1	 -42.3385	  173.2532
0.116	 3.08	 1	 -43.0642	  172.9673
0.116	 2.13	 1	 -42.6350	  172.5983
0.116	 2.97	 1	 -41.6979	  174.2726
0.117	 3.27	 1	 -42.5676	  173.0647
0.117	 2.04	 1	 -41.8188	  174.2902
0.117	 2.72	 1	 -41.9747	  172.8863
0.117	 2.39	 1	 -42.1966	  173.4481
0.118	 2.25	 1	 -42.2288	  173.6833
0.118	 2.06	 1	 -42.1792	  173.5878
0.118	 2.71	 1	 -39.9935	  168.1290
0.119	 2.09	 1	 -41.9733	  173.7855
0.119	 2.62	 1	 -42.3068	  172.2352
0.119	 2.16	 1	 -41.7320	  174.1512
0.119	 2.08	 1	 -42.6577	  173.5131
0.119	 2.06	 1	 -41.6240	  174.2470
0.120	 2.04	 2	 -42.2574	  173.5713
0.120	 2.88	 1	 -42.6341	  172.8612
0.121	 2.15	 1	 -42.2734	  173.5406
0.121	 2.65	 1	 -42.7656	  173.0811
0.121	 2.39	 1	 -42.7174	  173.1787
0.121	 2.98	 1	 -42.4913	  172.9933
0.121	 2.13	 1	 -41.9512	  173.4243
0.121	 2.58	 1	 -41.6908	  174.2914
0.122	 2.93	 1	 -42.6687	  172.7540
0.122	 2.23	 1	 -42.4263	  173.3435
0.123	 2.15	 1	 -42.5713	  173.1806
0.124	 2.98	 1	 -46.4350	  171.2112
0.124	 2.31	 1	 -41.9732	  173.9957
0.125	 3.06	 1	 -42.8336	  172.3069
0.126	 2.83	 1	 -42.3223	  174.7331
0.126	 2.03	 1	 -41.6759	  174.3580
0.126	 2.12	 1	 -42.4700	  173.1433
0.127	 2.00	 1	 -41.2415	  174.3144
0.127	 3.73	 1	 -42.7034	  172.9780
0.127	 2.25	 1	 -42.2058	  173.5996
0.128	 2.06	 1	 -42.7540	  173.2505
0.128	 2.99	 1	 -44.8341	  175.7294
0.128	 3.28	 1	 -42.8757	  172.8364
0.128	 2.32	 1	 -42.2153	  173.6681
0.129	 3.02	 1	 -41.6997	  174.0350
0.129	 2.77	 1	 -42.5406	  173.5616
0.129	 2.12	 1	 -41.7270	  174.3595
0.129	 2.31	 1	 -42.5233	  173.0485
0.130	 2.14	 1	 -42.2553	  172.7277
0.130	 2.37	 1	 -42.5140	  173.1283
0.130	 2.03	 1	 -42.5237	  173.6195
0.131	 2.31	 1	 -42.2419	  173.6528
0.131	 2.86	 1	 -42.1995	  173.6694
0.131	 2.35	 1	 -42.1801	  173.6546
0.131	 2.20	 1	 -42.5402	  173.9010
0.132	 2.14	 1	 -41.0889	  174.4210
0.132	 2.51	 1	 -42.0135	  173.6759
0.132	 2.15	 2	 -42.2601	  173.5211
0.133	 2.42	 1	 -42.6863	  173.2373
0.133	 2.79	 1	 -41.3578	  174.1378
0.133	 2.07	 1	 -42.5055	  173.1381
0.133	 2.15	 1	 -42.6731	  172.8902
0.133	 3.11	 1	 -41.6509	  174.2269
0.133	 2.15	 1	 -41.8818	  171.9926
0.135	 3.97	 1	 -42.2081	  173.6404
0.135	 2.25	 1	 -42.3683	  172.9202
0.135	 2.55	 1	 -42.6454	  172.8634
0.135	 2.19	 1	 -42.3951	  172.6170
0.135	 2.08	 1	 -42.0262	  173.6753
0.136	 2.09	 1	 -41.9570	  173.5378
0.138	 2.64	 1	 -42.6519	  172.9003
0.139	 2.68	 1	 -41.7097	  174.5450
0.139	 3.02	 1	 -42.5374	  172.5038
0.139	 2.23	 2	 -42.1906	  173.6370
0.140	 2.18	 1	 -41.1551	  172.8447
0.141	 3.02	 1	 -41.9815	  173.8588
0.141	 2.34	 2	 -41.9467	  173.6077
0.141	 3.59	 1	 -42.2892	  172.0437
0.141	 2.10	 1	 -41.7590	  174.2887
0.142	 2.00	 1	 -41.6185	  173.9454
0.142	 2.02	 1	 -42.0240	  173.7044
0.142	 2.01	 1	 -41.6257	  173.4225
0.142	 2.25	 2	 -42.2708	  173.4674
0.142	 2.01	 1	 -41.7579	  174.2332
0.142	 2.18	 1	 -42.1155	  173.5899
0.142	 2.77	 1	 -42.4625	  172.4555
0.144	 2.38	 1	 -42.1471	  173.8801
0.145	 2.66	 1	 -42.5304	  173.0606
0.145	 2.24	 1	 -42.2063	  173.4983
0.145	 2.50	 1	 -42.4026	  173.1287
0.145	 2.90	 1	 -42.2637	  173.6433
0.145	 2.27	 1	 -42.7020	  173.5574
0.145	 2.03	 1	 -42.1508	  173.5726
0.145	 2.52	 1	 -41.9639	  173.7430
0.146	 3.11	 1	 -41.6844	  176.0276
0.146	 2.05	 1	 -41.8579	  174.6358
0.146	 2.04	 1	 -42.0792	  173.5501
0.147	 2.18	 1	 -42.2748	  173.2141
0.147	 2.03	 1	 -42.7707	  172.4903
0.147	 2.95	 1	 -42.8879	  172.5627
0.147	 2.17	 1	 -44.0092	  168.3117
0.147	 2.41	 1	 -41.8536	  174.2108
0.148	 2.02	 1	 -41.7836	  174.4254
0.148	 2.34	 1	 -42.2770	  174.2420
0.148	 2.27	 1	 -42.3957	  173.1711
0.148	 2.04	 1	 -44.0077	  171.7419
0.149	 2.15	 1	 -41.9537	  173.9173
0.149	 2.27	 1	 -42.5125	  173.7707
0.150	 2.58	 1	 -42.1411	  173.6040
0.150	 2.44	 1	 -41.7430	  174.2413
0.150	 2.09	 1	 -42.5400	  173.8934
0.150	 2.48	 1	 -41.9914	  173.6842
0.150	 2.07	 1	 -43.0034	  174.3550
0.150	 2.25	 1	 -42.4992	  172.9291
0.151	 2.37	 1	 -42.3229	  172.8519
0.151	 2.52	 1	 -42.6357	  173.8031
0.151	 2.23	 1	 -42.1539	  173.5375
0.152	 3.22	 1	 -41.8794	  174.2507
0.152	 2.34	 1	 -41.8108	  174.2444
0.152	 2.69	 1	 -42.2449	  173.5872
0.152	 2.81	 1	 -42.2268	  173.4645
0.153	 2.12	 1	 -42.4811	  173.1180
0.153	 2.30	 1	 -42.7170	  172.4691
0.154	 2.75	 1	 -42.7014	  172.9134
0.154	 2.88	 1	 -42.4541	  172.7645
0.154	 2.09	 1	 -42.9363	  173.0699
0.154	 2.03	 1	 -41.7762	  174.2151
0.154	 2.08	 1	 -42.4429	  173.3318
0.155	 2.22	 1	 -43.2288	  172.7634
0.155	 2.04	 1	 -42.1489	  173.7024
0.155	 2.02	 1	 -42.1489	  173.8388
0.155	 2.01	 1	 -42.5351	  173.3841
0.156	 2.45	 1	 -41.8523	  174.2350
0.156	 2.01	 1	 -41.6696	  174.2469
0.156	 2.77	 1	 -42.4447	  173.1398
0.157	 2.42	 1	 -42.2597	  173.6131
0.158	 2.13	 1	 -42.4459	  174.3300
0.158	 3.08	 1	 -42.2129	  173.7704
0.158	 2.23	 1	 -42.6128	  173.0304
0.158	 2.11	 1	 -41.9198	  173.8094
0.158	 3.34	 1	 -42.1987	  173.6028
0.158	 2.03	 1	 -42.3595	  173.2726
0.158	 2.22	 1	 -42.2784	  173.7483
0.159	 2.54	 1	 -42.7510	  173.4727
0.159	 2.61	 1	 -41.9314	  174.2321
0.159	 2.05	 1	 -41.6309	  171.5866
0.159	 2.44	 1	 -42.1780	  173.5078
0.160	 2.20	 1	 -42.7693	  173.1892
0.160	 2.11	 1	 -42.3092	  172.7021
0.160	 3.68	 1	 -42.8991	  172.8505
0.160	 2.80	 1	 -42.1320	  173.8986
0.161	 2.04	 1	 -41.7959	  173.9911
0.162	 2.61	 2	 -42.1751	  173.2838
0.162	 2.10	 1	 -42.2253	  173.6146
0.162	 3.21	 1	 -43.2001	  172.7845
0.162	 2.04	 1	 -41.7527	  174.2638
0.163	 3.03	 1	 -42.2632	  173.6814
0.164	 2.35	 1	 -42.2364	  173.6064
0.164	 2.01	 1	 -42.5495	  172.5702
0.165	 2.22	 1	 -42.2453	  173.7352
0.165	 2.02	 1	 -43.0846	  172.5782
0.165	 2.11	 1	 -42.6263	  174.0819
0.167	 2.62	 1	 -42.4554	  173.6587
0.168	 2.66	 1	 -41.8675	  174.1528
0.168	 3.44	 2	 -42.2486	  173.5101
0.168	 2.21	 1	 -42.1884	  173.6817
0.169	 2.16	 1	 -41.8111	  174.1597
0.169	 3.01	 1	 -42.5191	  173.7675
0.170	 2.14	 1	 -40.9670	  172.6465
0.170	 2.34	 1	 -39.6511	  174.6647
0.170	 3.06	 1	 -42.2479	  173.6493
0.171	 2.70	 1	 -41.7952	  174.2909
0.172	 2.82	 1	 -42.5802	  173.2372
0.173	 2.43	 1	 -41.9431	  173.2399
0.174	 2.08	 1	 -41.2039	  173.9717
0.174	 2.23	 1	 -42.5882	  173.0219
0.174	 2.42	 1	 -42.4949	  173.0775
0.174	 2.18	 1	 -41.6948	  174.3137
0.175	 2.91	 1	 -43.3779	  173.1617
0.175	 2.87	 1	 -42.4806	  173.8517
0.175	 2.56	 2	 -41.7435	  174.2415
0.175	 2.07	 1	 -42.1247	  173.7903
0.176	 2.32	 1	 -43.3981	  173.1915
0.176	 2.72	 1	 -42.2127	  173.6259
0.176	 2.15	 1	 -42.8628	  173.0139
0.176	 2.07	 1	 -42.2061	  173.5980
0.176	 2.14	 1	 -41.9678	  173.5213
0.176	 2.01	 1	 -41.0634	  172.6185
0.177	 2.27	 1	 -41.6771	  174.2591
0.177	 2.08	 1	 -42.1056	  173.7068
0.178	 2.29	 1	 -41.7696	  174.3513
0.178	 2.05	 1	 -41.7887	  174.4055
0.179	 2.10	 1	 -42.7449	  172.9825
0.179	 2.22	 1	 -42.6047	  173.0798
0.179	 2.53	 1	 -41.9691	  174.9089
0.179	 2.16	 1	 -41.6803	  174.2447
0.180	 2.10	 1	 -43.0781	  173.5002
0.180	 2.16	 1	 -43.8723	  172.7901
0.180	 2.60	 1	 -43.4581	  173.5877
0.180	 4.00	 1	 -41.9443	  173.4863
0.182	 2.36	 1	 -41.8305	  174.0262
0.182	 2.05	 1	 -42.7541	  173.3032
0.183	 2.22	 2	 -42.2277	  173.5495
0.184	 2.08	 1	 -41.6191	  170.3848
0.185	 2.48	 1	 -42.5122	  173.1011
0.186	 2.04	 1	 -42.4829	  173.3480
0.186	 2.12	 1	 -41.6325	  174.2842
0.186	 2.11	 1	 -42.0167	  173.1336
0.187	 2.07	 1	 -41.7758	  174.4020
0.187	 4.53	 1	 -42.7773	  172.6783
0.188	 3.00	 1	 -41.7682	  174.3080
0.188	 3.24	 1	 -42.4506	  173.1777
0.189	 2.15	 1	 -42.9947	  173.0460
0.190	 2.34	 1	 -41.5674	  172.1287
0.191	 2.76	 1	 -41.9141	  173.4187
0.191	 2.39	 1	 -41.7297	  174.2291
0.192	 2.24	 1	 -41.8964	  174.3272
0.193	 2.02	 1	 -42.0172	  173.7310
0.193	 2.68	 1	 -41.9947	  173.5651
0.194	 2.31	 1	 -42.3316	  173.4675
0.194	 2.43	 1	 -42.1896	  173.5550
0.195	 2.09	 1	 -41.7432	  174.4819
0.195	 2.36	 1	 -41.6998	  173.6240
0.195	 3.28	 1	 -42.3028	  173.4769
0.196	 2.15	 1	 -41.8712	  173.3076
0.196	 2.39	 1	 -42.6660	  172.8184
0.197	 2.18	 1	 -41.8461	  173.9317
0.197	 2.53	 1	 -42.1574	  173.5669
0.197	 2.81	 1	 -43.3188	  171.4608
0.197	 2.04	 1	 -42.0967	  173.7416
0.197	 2.06	 1	 -42.3825	  173.5628
0.198	 2.08	 1	 -42.7155	  173.6493
0.198	 2.34	 1	 -43.0988	  172.9789
0.198	 2.24	 1	 -42.1806	  171.1510
0.198	 2.46	 1	 -42.6608	  172.8126
0.199	 2.23	 1	 -42.4642	  173.8800
0.199	 2.89	 1	 -41.9267	  173.6605
0.199	 2.69	 1	 -42.2157	  173.6588
0.200	 2.39	 1	 -42.5934	  173.6376
0.200	 2.54	 1	 -43.8678	  174.9187
0.200	 2.22	 1	 -42.6972	  173.6827
0.200	 2.30	 1	 -42.3457	  173.4591
0.200	 2.40	 1	 -42.3719	  173.5399
0.200	 2.47	 1	 -42.4700	  173.2825
0.201	 3.20	 1	 -42.2433	  173.4952
0.201	 2.03	 1	 -42.5836	  172.8328
0.202	 2.16	 1	 -42.6185	  172.8895
0.202	 2.47	 1	 -42.0794	  172.1539
0.202	 3.51	 1	 -42.7562	  173.3705
0.203	 2.68	 1	 -42.9869	  171.3642
0.204	 3.04	 1	 -45.5727	  171.3796
0.205	 2.64	 1	 -42.1460	  173.5801
0.206	 2.17	 1	 -41.9829	  174.0555
0.206	 2.68	 1	 -41.9799	  173.7553
0.206	 4.17	 1	 -42.4362	  172.8828
0.207	 2.09	 1	 -42.3996	  173.5671
0.208	 2.17	 2	 -42.4020	  172.8618
0.208	 2.46	 1	 -42.6794	  172.9739
0.208	 2.39	 1	 -42.3440	  173.7025
0.209	 3.21	 1	 -42.2339	  173.8069
0.209	 2.03	 2	 -42.1897	  173.5989
0.210	 5.67	 1	 -42.2982	  173.9653
0.210	 2.24	 1	 -42.6719	  173.0360
0.210	 2.70	 2	 -42.0034	  174.2661
0.213	 2.27	 1	 -42.9414	  173.7284
0.215	 2.46	 1	 -42.3017	  173.7286
0.215	 2.20	 1	 -41.8756	  173.9511
0.215	 2.11	 1	 -42.3471	  173.2044
0.215	 2.26	 1	 -42.8401	  172.4569
0.215	 3.01	 1	 -41.8962	  174.3404
0.216	 2.03	 2	 -42.2313	  173.9276
0.217	 2.23	 1	 -40.6724	  177.6486
0.217	 2.39	 1	 -42.7098	  172.9645
0.218	 2.17	 1	 -42.4283	  173.7246
0.218	 2.13	 2	 -42.3873	  173.6803
0.218	 2.08	 1	 -42.0464	  173.9020
0.219	 2.36	 1	 -42.4608	  173.3485
0.219	 2.28	 2	 -41.8932	  173.5700
0.219	 2.10	 3	 -42.2527	  173.5180
0.219	 2.69	 1	 -41.7225	  174.1559
0.219	 2.50	 1	 -42.0612	  173.7485
0.219	 2.11	 1	 -42.6528	  172.7919
0.219	 2.28	 1	 -42.5795	  173.1818
0.220	 2.51	 1	 -41.9555	  173.7955
0.220	 2.45	 1	 -42.2699	  173.3614
0.221	 3.97	 1	 -42.3883	  173.8158
0.221	 2.33	 2	 -42.3187	  173.9601
0.221	 2.09	 1	 -42.5454	  172.8696
0.223	 2.23	 1	 -42.3247	  173.7744
0.224	 2.31	 1	 -41.6573	  174.3335
0.224	 2.07	 1	 -42.8217	  172.9987
0.226	 2.53	 1	 -42.2672	  173.5201
0.226	 2.58	 1	 -42.0638	  173.6458
0.226	 3.01	 1	 -42.4564	  173.1772
0.227	 2.22	 2	 -42.7006	  173.5385
0.227	 2.79	 1	 -42.7562	  176.3535
0.227	 2.81	 1	 -42.2758	  173.6913
0.227	 2.08	 1	 -42.5812	  172.2912
0.228	 2.25	 1	 -41.6782	  174.2752
0.230	 2.03	 1	 -41.9252	  173.7312
0.230	 2.34	 1	 -42.1436	  173.6142
0.230	 2.16	 1	 -42.5372	  173.0573
0.230	 2.40	 2	 -41.7027	  174.8421
0.230	 2.27	 2	 -42.5241	  173.0489
0.231	 2.02	 1	 -42.1565	  173.8487
0.231	 4.36	 2	 -42.3182	  173.4893
0.232	 2.44	 2	 -42.2726	  173.8434
0.233	 2.72	 1	 -42.7320	  173.1254
0.233	 3.45	 1	 -42.9161	  173.4995
0.234	 2.45	 1	 -42.2058	  173.6997
0.234	 2.00	 1	 -41.8993	  174.1818
0.235	 2.23	 1	 -42.3254	  173.7440
0.236	 2.12	 1	 -42.5336	  173.1424
0.236	 2.59	 1	 -42.0548	  173.7804
0.237	 2.12	 1	 -43.4598	  173.1912
0.237	 2.15	 1	 -42.7276	  172.9514
0.237	 2.27	 2	 -42.4932	  173.8698
0.237	 2.09	 1	 -42.7012	  172.8515
0.238	 2.35	 1	 -42.6106	  173.9268
0.239	 2.18	 1	 -42.1606	  173.6108
0.240	 2.12	 1	 -41.7070	  174.2328
0.240	 2.39	 1	 -42.5256	  173.1393
0.241	 2.10	 1	 -42.4480	  173.1481
0.241	 2.28	 1	 -42.1509	  173.4143
0.241	 2.78	 1	 -41.2543	  174.4805
0.241	 2.12	 1	 -42.7361	  172.6385
0.242	 2.05	 1	 -42.7064	  173.0811
0.242	 2.02	 2	 -42.2780	  174.0206
0.243	 2.36	 2	 -42.2829	  173.8139
0.243	 2.47	 1	 -42.5183	  173.2696
0.243	 2.23	 1	 -43.0287	  172.5069
0.244	 2.26	 1	 -42.9681	  173.0011
0.244	 2.64	 1	 -41.8071	  174.2864
0.245	 2.60	 1	 -42.4431	  173.6870
0.245	 2.40	 1	 -42.4092	  172.6597
0.245	 2.88	 1	 -42.8808	  173.0012
0.246	 2.52	 2	 -42.4025	  173.8336
0.246	 2.09	 1	 -41.9904	  173.7904
0.247	 2.32	 2	 -42.2921	  173.9710
0.248	 2.71	 1	 -42.8839	  173.1194
0.248	 3.03	 1	 -41.9944	  173.7655
0.248	 2.67	 1	 -41.6552	  174.6453
0.249	 2.58	 1	 -42.9523	  171.9898
0.250	 2.35	 1	 -41.7095	  174.2720
0.250	 2.73	 1	 -43.0684	  173.7474
0.251	 2.70	 1	 -42.6116	  172.9637
0.251	 2.89	 2	 -42.4616	  172.8650
0.252	 2.33	 1	 -42.1982	  169.8851
0.253	 2.83	 1	 -42.7044	  173.5833
0.254	 2.03	 2	 -42.3458	  173.9082
0.254	 2.20	 1	 -42.3642	  173.7173
0.254	 2.72	 1	 -42.8602	  170.6716
0.255	 2.23	 1	 -42.3048	  173.6227
0.255	 2.01	 1	 -41.7893	  174.2060
0.255	 2.24	 1	 -41.7230	  174.0877
0.255	 2.26	 2	 -42.7925	  174.1318
0.256	 2.87	 1	 -42.2775	  173.7506
0.256	 2.88	 2	 -42.4112	  172.6581
0.256	 3.35	 1	 -44.6711	  170.1676
0.256	 2.83	 1	 -42.4234	  173.3847
0.257	 2.08	 1	 -42.8231	  173.0757
0.258	 2.37	 1	 -42.2487	  173.8119
0.258	 2.03	 1	 -42.5480	  173.0889
0.258	 2.35	 1	 -42.4184	  173.3266
0.259	 2.55	 1	 -42.5519	  172.8135
0.259	 2.44	 2	 -42.3111	  173.6967
0.259	 2.83	 1	 -42.5808	  173.1699
0.261	 2.07	 1	 -41.5864	  174.3577
0.263	 2.46	 2	 -42.1491	  173.7854
0.263	 3.58	 1	 -42.4741	  173.8843
0.263	 2.63	 1	 -42.0161	  173.7242
0.266	 2.12	 1	 -42.4244	  173.1931
0.266	 2.56	 1	 -42.6545	  172.7347
0.267	 2.46	 1	 -42.1508	  173.5890
0.270	 2.53	 1	 -41.6869	  171.0339
0.270	 2.06	 2	 -42.3268	  173.9410
0.270	 2.97	 1	 -42.2183	  173.6309
0.270	 2.62	 1	 -42.5961	  173.1866
0.271	 3.09	 1	 -41.8358	  173.8165
0.271	 2.11	 1	 -43.8001	  172.2923
0.271	 2.37	 2	 -43.1212	  174.6405
0.272	 3.27	 1	 -42.6332	  172.5479
0.272	 2.30	 1	 -41.5868	  174.8138
0.272	 2.28	 1	 -42.2280	  173.7656
0.273	 2.40	 1	 -42.1888	  173.5565
0.273	 2.93	 1	 -42.2331	  173.5291
0.273	 2.19	 1	 -41.9263	  173.9276
0.273	 2.12	 1	 -41.9372	  173.6745
0.274	 2.56	 2	 -42.2255	  173.9707
0.274	 2.20	 1	 -41.7326	  169.7643
0.274	 2.20	 2	 -42.8696	  172.7657
0.274	 2.02	 2	 -42.6757	  173.1960
0.274	 2.01	 1	 -42.4233	  173.7469
0.274	 2.16	 1	 -42.6409	  173.0147
0.275	 2.38	 1	 -42.9223	  172.9338
0.275	 2.11	 1	 -42.4775	  173.2628
0.276	 2.06	 1	 -42.2736	  174.1407
0.276	 2.34	 1	 -42.4553	  173.7774
0.277	 2.05	 2	 -42.4547	  173.3737
0.277	 2.88	 1	 -42.6451	  172.5040
0.277	 2.47	 1	 -42.1467	  173.8715
0.277	 2.15	 3	 -42.3424	  173.4307
0.278	 2.33	 1	 -42.5752	  171.8403
0.279	 2.13	 1	 -42.1679	  172.3946
0.281	 2.01	 1	 -41.6266	  174.2771
0.281	 2.36	 1	 -41.7919	  174.2306
0.282	 2.21	 1	 -42.3664	  173.5184
0.283	 2.12	 1	 -42.2927	  171.6325
0.284	 2.02	 1	 -43.2300	  171.7199
0.284	 2.67	 2	 -42.2826	  173.9621
0.285	 2.23	 1	 -41.9669	  173.7914
0.285	 2.61	 1	 -42.6216	  172.8202
0.288	 2.46	 1	 -41.9615	  173.6336
0.289	 2.24	 1	 -42.6032	  173.0897
0.289	 2.17	 1	 -42.3044	  173.9045
0.290	 2.47	 1	 -42.3771	  173.5041
0.290	 2.40	 1	 -42.0067	  173.7813
0.292	 2.30	 1	 -42.6510	  172.8709
0.293	 2.11	 1	 -42.6552	  172.9172
0.294	 2.48	 1	 -43.2447	  173.1919
0.295	 2.60	 1	 -41.6986	  174.3389
0.295	 2.13	 1	 -42.4217	  174.4517
0.297	 2.47	 1	 -42.0446	  173.6891
0.298	 2.10	 1	 -42.2181	  173.5619
0.298	 2.13	 1	 -42.3195	  174.1964
0.298	 2.88	 1	 -42.5927	  173.2898
0.299	 2.01	 1	 -42.3223	  173.5549
0.299	 2.08	 1	 -42.2822	  173.5017
0.300	 2.35	 1	 -42.6023	  174.0087
0.300	 2.08	 1	 -41.8676	  173.9843
0.300	 2.69	 2	 -42.3436	  174.1437
0.302	 2.51	 1	 -42.1947	  173.5045
0.302	 3.50	 1	 -42.1641	  173.6614
0.303	 2.01	 1	 -42.0311	  173.7465
0.303	 2.44	 1	 -42.0564	  173.3382
0.303	 2.21	 1	 -42.3904	  173.3625
0.304	 3.00	 1	 -41.9882	  173.7581
0.305	 2.97	 1	 -45.0167	  172.2801
0.306	 2.40	 1	 -41.8130	  174.2418
0.306	 2.19	 1	 -42.4494	  173.1617
0.308	 2.07	 1	 -41.8341	  174.2180
0.308	 2.16	 1	 -42.1557	  173.8069
0.310	 2.76	 1	 -42.6661	  173.1117
0.310	 2.49	 1	 -43.6923	  172.8621
0.310	 2.93	 1	 -40.6674	  178.4844
0.311	 3.07	 1	 -42.6484	  172.6805
0.311	 2.50	 1	 -41.8714	  173.9684
0.313	 2.25	 1	 -42.6920	  173.0975
0.313	 2.92	 1	 -42.1352	  173.5073
0.315	 2.75	 1	 -42.1369	  173.4427
0.315	 2.02	 1	 -42.1150	  173.5698
0.315	 2.26	 1	 -43.0204	  172.7523
0.316	 2.58	 2	 -42.3694	  173.8449
0.317	 2.33	 1	 -42.7279	  173.1781
0.317	 2.25	 1	 -41.7222	  174.2884
0.317	 2.11	 1	 -41.9742	  173.6610
0.317	 2.47	 1	 -42.2933	  173.4279
0.318	 2.13	 1	 -42.5324	  173.1098
0.319	 2.17	 1	 -42.9390	  173.5200
0.320	 2.32	 1	 -42.2531	  173.6273
0.320	 2.03	 1	 -42.1344	  173.5718
0.321	 2.12	 1	 -41.7153	  174.2746
0.321	 2.21	 1	 -42.4847	  173.4019
0.322	 3.20	 1	 -42.6113	  172.9163
0.322	 2.62	 1	 -42.1279	  173.5977
0.322	 2.12	 1	 -41.8998	  174.1662
0.323	 3.00	 1	 -41.8276	  174.2076
0.323	 2.77	 2	 -42.7745	  172.6794
0.323	 2.33	 1	 -42.8853	  172.9065
0.324	 2.07	 1	 -42.7343	  172.9240
0.324	 2.02	 1	 -42.2467	  172.6268
0.324	 2.15	 1	 -41.8367	  174.0365
0.325	 3.24	 1	 -42.5606	  173.1377
0.325	 2.96	 1	 -42.3785	  173.6385
0.325	 2.15	 1	 -42.4252	  173.1611
0.326	 2.19	 1	 -41.8443	  174.0916
0.327	 2.07	 1	 -42.7025	  173.0802
0.327	 2.06	 1	 -42.1793	  173.4047
0.328	 2.77	 1	 -42.3433	  173.7990
0.329	 2.58	 1	 -42.3202	  173.7257
0.330	 2.07	 2	 -42.1289	  173.8699
0.331	 2.55	 1	 -40.2612	  171.6608
0.332	 3.20	 3	 -42.1358	  173.7836
0.334	 2.14	 1	 -42.2290	  173.6635
0.335	 2.30	 1	 -42.2031	  173.2408
0.337	 2.50	 1	 -42.5808	  173.1130
0.337	 2.39	 1	 -41.9479	  173.7330
0.337	 2.80	 1	 -42.0331	  173.6897
0.339	 2.16	 1	 -42.2264	  173.7463
0.341	 2.18	 1	 -42.0335	  173.6426
0.341	 2.38	 1	 -42.7281	  173.0230
0.341	 2.24	 1	 -42.1113	  173.9804
0.344	 2.08	 1	 -42.6851	  172.7832
0.344	 3.82	 1	 -42.4969	  173.6039
0.345	 2.06	 1	 -41.8632	  174.1650
0.345	 2.49	 1	 -42.5327	  173.1429
0.347	 2.26	 1	 -42.7552	  173.4550
0.347	 2.78	 1	 -41.4626	  174.3130
0.347	 2.10	 1	 -42.9976	  173.0938
0.347	 3.15	 2	 -42.1896	  173.5020
0.348	 2.28	 1	 -42.8126	  173.0697
0.350	 2.34	 1	 -42.4665	  173.3089
0.353	 2.77	 1	 -42.5614	  173.6924
0.353	 2.11	 1	 -42.2745	  173.6399
0.353	 2.62	 1	 -41.9809	  172.6017
0.353	 2.18	 1	 -42.5217	  173.1385
0.354	 3.50	 1	 -42.1929	  173.6030
0.355	 2.34	 1	 -43.3265	  173.0945
0.355	 3.36	 1	 -42.2927	  173.5874
0.356	 2.03	 1	 -41.6473	  174.2370
0.357	 2.01	 1	 -42.6260	  173.0641
0.359	 2.24	 1	 -42.5016	  172.9913
0.359	 2.11	 1	 -39.4927	  173.5496
0.359	 2.53	 1	 -42.4947	  172.9819
0.360	 2.33	 1	 -42.8952	  173.2380
0.361	 2.40	 1	 -42.2255	  173.3296
0.361	 2.26	 1	 -43.7457	  174.1089
0.361	 2.12	 1	 -42.8344	  173.5336
0.362	 2.04	 1	 -38.3907	  174.8032
0.362	 2.21	 1	 -42.1656	  173.2615
0.362	 2.23	 1	 -42.3052	  173.4622
0.363	 2.32	 1	 -41.7624	  174.0911
0.364	 2.29	 2	 -42.3336	  173.9788
0.366	 2.43	 1	 -42.5934	  173.0489
0.366	 2.13	 1	 -44.1031	  173.0267
0.368	 2.77	 1	 -42.4155	  173.0774
0.369	 2.64	 1	 -41.8705	  173.9537
0.372	 2.11	 1	 -42.4863	  173.6945
0.373	 2.59	 1	 -42.6202	  173.6974
0.374	 2.42	 2	 -42.3509	  173.8892
0.375	 2.41	 1	 -41.7975	  173.6992
0.375	 2.46	 1	 -42.5665	  172.8029
0.376	 2.17	 1	 -42.1725	  173.6085
0.376	 2.67	 1	 -42.2734	  173.1901
0.376	 2.24	 1	 -42.7527	  173.2699
0.377	 2.29	 3	 -42.3305	  173.5141
0.379	 2.02	 1	 -42.6767	  172.6946
0.380	 3.40	 1	 -42.7953	  172.9523
0.380	 2.43	 1	 -42.2692	  173.9245
0.380	 2.25	 1	 -42.5885	  172.9929
0.382	 2.39	 1	 -42.5005	  173.1404
0.382	 2.25	 1	 -41.9147	  174.1573
0.382	 2.13	 1	 -42.5664	  173.1134
0.382	 2.56	 1	 -42.6026	  172.7321
0.383	 2.16	 1	 -39.9397	  168.1848
0.384	 2.12	 1	 -42.7424	  173.2077
0.384	 2.11	 2	 -42.2749	  173.9420
0.384	 2.19	 2	 -42.7639	  173.3792
0.385	 2.39	 1	 -43.1979	  173.2371
0.385	 2.07	 1	 -43.3610	  174.3444
0.389	 2.47	 1	 -42.4417	  173.1803
0.389	 3.21	 1	 -42.4448	  173.7951
0.393	 2.08	 1	 -42.5808	  173.0961
0.394	 2.55	 1	 -42.3223	  173.6357
0.395	 2.09	 1	 -42.6393	  172.7974
0.398	 2.31	 1	 -42.1967	  173.6591
0.398	 2.24	 2	 -42.1655	  173.6623
0.400	 3.20	 1	 -42.7459	  172.9941
0.401	 2.38	 1	 -41.9197	  173.6846
0.402	 2.02	 1	 -42.7669	  172.7443
0.402	 2.75	 1	 -42.6370	  172.7889
0.403	 2.45	 1	 -42.4187	  173.9795
0.403	 2.36	 1	 -42.0332	  173.8162
0.404	 2.51	 1	 -42.9272	  174.2785
0.406	 2.08	 2	 -42.2847	  173.9640
0.407	 2.45	 1	 -42.1419	  173.8323
0.407	 2.72	 1	 -42.2287	  173.7697
0.409	 2.49	 1	 -41.8611	  173.9843
0.410	 2.68	 1	 -42.1807	  173.5218
0.411	 2.02	 1	 -41.9224	  174.7999
0.413	 4.31	 2	 -42.6260	  172.7552
0.414	 2.87	 1	 -41.9392	  173.6213
0.414	 2.03	 1	 -42.0687	  173.7778
0.414	 2.10	 2	 -41.6567	  173.6967
0.415	 2.04	 2	 -42.1930	  174.1210
0.417	 2.00	 1	 -42.5856	  173.1099
0.418	 2.01	 1	 -42.5273	  173.1947
0.419	 2.80	 1	 -41.7897	  174.4598
0.419	 3.43	 1	 -42.4646	  173.1509
0.419	 2.99	 1	 -42.4778	  173.1387
0.420	 2.25	 1	 -42.6185	  172.9564
0.423	 3.35	 1	 -42.2056	  173.6607
0.423	 2.07	 1	 -42.0257	  173.8501
0.426	 2.54	 1	 -42.0620	  174.2704
0.427	 2.92	 1	 -42.0180	  173.3761
0.427	 2.06	 1	 -42.4187	  173.3639
0.427	 3.31	 1	 -44.2608	  168.2420
0.429	 2.19	 1	 -41.7085	  174.2616
0.431	 2.10	 1	 -42.0152	  173.7184
0.431	 2.76	 1	 -42.1597	  173.5527
0.432	 2.09	 1	 -42.0137	  173.6974
0.432	 2.21	 2	 -42.3966	  173.1148
0.432	 2.25	 1	 -41.6590	  173.9995
0.433	 2.43	 1	 -43.3722	  173.8054
0.434	 3.44	 1	 -42.0176	  173.6156
0.437	 2.98	 1	 -41.7985	  174.2475
0.439	 2.80	 1	 -42.2194	  173.7881
0.440	 3.45	 1	 -41.9483	  174.0279
0.441	 2.53	 1	 -42.0764	  173.7748
0.442	 2.02	 1	 -42.6131	  172.7986
0.443	 2.05	 2	 -42.1820	  173.5955
0.444	 2.12	 2	 -42.2796	  173.9588
0.444	 2.34	 1	 -42.7183	  172.9997
0.445	 2.83	 1	 -42.2782	  173.7921
0.445	 2.26	 1	 -42.2775	  173.6829
0.447	 2.25	 1	 -41.7478	  174.3885
0.447	 2.06	 1	 -41.7283	  174.2623
0.447	 2.02	 1	 -42.2115	  172.0970
0.448	 2.18	 1	 -42.7583	  172.9915
0.448	 2.19	 1	 -46.8766	  170.7810
0.449	 2.38	 1	 -41.4946	  173.4904
0.450	 2.67	 1	 -41.9532	  173.6797
0.451	 2.35	 1	 -42.2007	  173.5524
0.452	 2.23	 1	 -42.6539	  172.9834
0.454	 2.20	 1	 -40.3551	  170.5711
0.454	 2.63	 1	 -42.5627	  173.1720
0.454	 3.06	 1	 -42.6349	  173.2429
0.455	 2.17	 1	 -42.2494	  172.6994
0.456	 2.52	 1	 -41.9515	  174.2941
0.456	 2.04	 1	 -41.3279	  172.7150
0.456	 2.57	 1	 -42.6753	  172.6205
0.458	 2.58	 1	 -42.4087	  173.7017
0.462	 2.27	 1	 -42.6456	  173.1267
0.462	 2.08	 1	 -41.9634	  173.7170
0.464	 2.04	 1	 -42.4270	  173.7464
0.465	 3.84	 1	 -42.6081	  172.8947
0.465	 2.12	 1	 -42.2273	  173.6146
0.465	 2.16	 1	 -41.8188	  174.4728
0.466	 2.34	 1	 -42.6005	  173.0079
0.466	 2.67	 1	 -41.9696	  173.5958
0.466	 2.07	 1	 -42.6343	  172.6287
0.467	 3.17	 1	 -42.0652	  173.6232
0.468	 2.23	 1	 -41.8888	  174.3092
0.468	 2.29	 1	 -43.2205	  172.5554
0.470	 2.13	 1	 -42.2384	  173.5315
0.471	 2.11	 1	 -42.2433	  173.4741
0.473	 2.54	 2	 -42.5340	  173.1458
0.474	 2.61	 1	 -42.7096	  172.7745
0.474	 2.56	 1	 -42.2607	  173.6425
0.475	 2.01	 1	 -42.6674	  173.5229
0.476	 2.61	 2	 -42.2789	  173.9136
0.477	 2.17	 1	 -41.5674	  172.5405
0.477	 2.39	 1	 -42.0266	  173.0211
0.478	 3.25	 1	 -42.5541	  173.2639
0.479	 2.01	 1	 -39.3782	  168.8877
0.479	 2.10	 1	 -42.2410	  173.6302
0.479	 2.31	 1	 -42.5480	  173.0583
0.481	 2.12	 1	 -42.3350	  173.7329
0.485	 2.04	 1	 -42.5760	  172.9631
0.486	 2.19	 2	 -41.9491	  173.6006
0.486	 2.21	 1	 -42.3636	  172.9865
0.486	 2.04	 1	 -42.2928	  173.8096
0.487	 2.89	 1	 -41.9370	  174.2459
0.489	 2.28	 2	 -42.2958	  173.9312
0.489	 2.07	 1	 -41.7911	  174.2835
0.491	 2.35	 1	 -42.2629	  173.6737
0.491	 2.10	 1	 -43.2428	  173.6431
0.492	 2.14	 1	 -42.3695	  173.7629
0.495	 2.24	 1	 -42.6335	  173.1862
0.496	 2.19	 1	 -42.6727	  172.8240
0.497	 2.23	 1	 -42.2252	  173.6357
0.497	 2.51	 1	 -42.8867	  173.1303
0.498	 2.03	 1	 -42.2057	  173.6607
0.498	 3.68	 1	 -42.4173	  173.8183
0.499	 3.13	 1	 -42.7520	  173.1211
0.499	 2.16	 1	 -42.4086	  173.6968
0.500	 2.56	 1	 -41.9046	  174.2832
0.501	 2.19	 1	 -43.2020	  172.7207
0.502	 2.05	 1	 -42.4808	  173.1731
0.503	 2.30	 1	 -42.9259	  172.9365
0.504	 2.88	 1	 -42.6308	  173.3787
0.506	 2.02	 1	 -42.7495	  173.4336
0.506	 3.05	 1	 -42.4356	  173.2532
0.507	 2.41	 2	 -41.9766	  173.7196
0.507	 2.02	 1	 -42.5739	  172.6209
0.508	 3.19	 1	 -41.6591	  174.3369
0.513	 2.15	 1	 -42.0811	  173.7612
0.515	 2.15	 1	 -42.5877	  173.3940
0.516	 2.31	 1	 -41.5879	  174.4691
0.517	 2.13	 1	 -42.3092	  173.7894
0.517	 3.42	 1	 -41.7674	  174.1758
0.519	 2.41	 1	 -41.8029	  172.2236
0.520	 2.46	 1	 -42.6291	  172.8519
0.520	 2.77	 1	 -42.7415	  173.0196
0.521	 2.02	 1	 -42.3304	  173.9554
0.523	 2.28	 1	 -42.0310	  173.3654
0.525	 2.19	 1	 -42.4143	  173.8242
0.526	 3.46	 1	 -42.2254	  173.5584
0.527	 3.69	 1	 -42.4023	  172.9726
0.528	 2.87	 1	 -42.6634	  172.9427
0.528	 2.11	 1	 -42.0395	  174.4402
0.529	 2.45	 1	 -42.3012	  173.6771
0.531	 2.40	 1	 -41.7538	  174.2063
0.532	 2.17	 1	 -42.6761	  173.1644
0.532	 2.32	 1	 -41.7778	  174.9352
0.533	 2.53	 1	 -42.5235	  173.2839
0.533	 2.08	 1	 -41.6643	  172.4239
0.534	 4.46	 1	 -41.8663	  173.8841
0.534	 2.22	 1	 -42.8166	  172.8519
0.537	 2.29	 1	 -41.7383	  174.2331
0.541	 2.41	 1	 -41.7847	  174.3689
0.542	 2.01	 2	 -42.8132	  172.9714
0.544	 2.93	 2	 -42.3240	  174.0361
0.546	 2.12	 2	 -42.3047	  173.9308
0.547	 2.86	 1	 -41.5427	  175.5710
0.548	 2.55	 1	 -42.4607	  173.6514
0.548	 2.35	 1	 -41.8068	  174.4051
0.549	 3.14	 1	 -42.6213	  173.0188
0.550	 3.07	 1	 -42.1588	  173.6117
0.551	 2.44	 2	 -42.8317	  172.8321
0.551	 2.16	 1	 -42.0619	  173.6600
0.551	 2.01	 1	 -42.4964	  173.7393
0.551	 2.97	 1	 -41.7862	  174.0074
0.553	 2.03	 1	 -41.7232	  174.2531
0.553	 2.28	 1	 -42.5809	  173.0345
0.553	 2.14	 1	 -41.7702	  174.1510
0.554	 2.13	 1	 -42.8382	  173.0428
0.556	 2.02	 1	 -42.1387	  173.7298
0.556	 2.07	 2	 -42.3699	  173.7639
0.557	 2.41	 2	 -42.1350	  173.5039
0.558	 2.19	 1	 -41.6861	  174.1844
0.560	 2.45	 2	 -42.6707	  173.2878
0.564	 2.42	 1	 -42.7065	  173.7041
0.568	 2.24	 1	 -41.8178	  174.2890
0.569	 2.23	 1	 -42.9026	  173.0511
0.573	 3.13	 1	 -41.8914	  174.2750
0.575	 2.07	 1	 -42.3137	  172.6320
0.575	 3.75	 1	 -42.7247	  173.0750
0.576	 2.57	 1	 -40.0882	  168.0349
0.578	 2.04	 1	 -42.1736	  173.6751
0.579	 3.45	 1	 -42.5423	  172.7013
0.580	 2.52	 1	 -42.5873	  172.9460
0.582	 4.55	 1	 -41.9691	  173.7922
0.584	 2.22	 1	 -43.2304	  173.1978
0.585	 2.03	 1	 -42.6475	  172.7009
0.588	 2.30	 1	 -43.0925	  175.9223
0.588	 3.12	 2	 -42.7257	  173.0734
0.589	 3.16	 1	 -41.9889	  174.4152
0.590	 2.22	 1	 -41.9290	  173.3823
0.591	 2.40	 2	 -42.2914	  173.8326
0.591	 2.12	 1	 -42.2800	  173.8385
0.592	 2.44	 1	 -44.7811	  174.2488
0.593	 2.45	 1	 -43.7888	  174.7200
0.595	 2.60	 1	 -40.6434	  172.4798
0.597	 2.20	 1	 -42.0471	  173.8613
0.597	 2.34	 1	 -41.7475	  174.1064
0.603	 2.15	 1	 -41.7000	  176.2691
0.604	 2.09	 1	 -42.5445	  172.7054
0.604	 2.13	 1	 -42.6489	  172.8838
0.604	 2.04	 1	 -42.5540	  172.5423
0.605	 3.04	 1	 -41.3664	  173.2253
0.607	 2.20	 1	 -42.2195	  173.6724
0.608	 3.05	 1	 -42.5816	  173.0827
0.609	 2.46	 2	 -42.7033	  173.5786
0.610	 2.88	 2	 -40.6442	  172.5040
0.611	 2.06	 2	 -41.8338	  173.8728
0.613	 2.09	 1	 -42.4205	  173.6416
0.614	 2.01	 1	 -42.3166	  173.8776
0.614	 2.20	 1	 -42.8368	  172.9918
0.616	 2.65	 1	 -42.5054	  172.7726
0.617	 3.70	 1	 -42.1942	  173.6449
0.618	 2.50	 1	 -42.1402	  173.7823
0.620	 2.22	 1	 -42.8496	  173.0733
0.621	 2.30	 1	 -42.7537	  173.3310
0.622	 2.02	 1	 -42.6081	  172.9236
0.623	 2.58	 1	 -42.5104	  172.4952
0.625	 2.31	 1	 -41.7537	  174.2601
0.625	 2.49	 1	 -39.8738	  173.5112
0.628	 2.04	 1	 -42.7081	  173.5627
0.629	 2.02	 2	 -42.5450	  172.7009
0.630	 2.00	 1	 -41.9598	  173.7199
0.630	 2.53	 1	 -43.3712	  173.2748
0.632	 2.02	 1	 -41.8119	  174.0341
0.635	 2.45	 1	 -42.6901	  172.7001
0.636	 2.25	 1	 -42.3297	  173.7735
0.637	 2.09	 1	 -42.5224	  173.1383
0.639	 2.05	 1	 -42.5769	  174.6363
0.640	 2.03	 1	 -41.4614	  173.7561
0.640	 2.04	 1	 -42.8095	  172.9761
0.641	 4.48	 1	 -47.1164	  171.9261
0.641	 3.17	 2	 -42.4395	  172.9142
0.646	 2.08	 1	 -42.5721	  173.4986
0.647	 2.35	 1	 -42.6432	  173.0419
0.647	 2.06	 1	 -41.8057	  174.2262
0.648	 2.88	 3	 -42.3158	  173.5195
0.653	 2.00	 1	 -42.7379	  172.8144
0.654	 2.36	 2	 -47.1641	  171.9532
0.654	 2.63	 1	 -42.6822	  173.1086
0.654	 2.09	 1	 -42.6334	  172.6561
0.656	 2.17	 1	 -42.3019	  173.5001
0.661	 2.78	 1	 -41.7080	  174.3898
0.663	 2.70	 1	 -38.4527	  170.9842
0.663	 2.03	 1	 -41.4641	  173.6394
0.663	 3.22	 1	 -42.0780	  173.6074
0.664	 2.57	 1	 -40.9130	  172.8785
0.667	 2.81	 1	 -42.1722	  173.5534
0.668	 2.48	 1	 -42.3342	  173.5618
0.668	 2.22	 1	 -41.6725	  174.1571
0.670	 2.34	 1	 -42.1319	  173.5593
0.670	 2.57	 1	 -42.4334	  173.7547
0.672	 2.10	 1	 -42.5357	  173.1027
0.675	 2.88	 2	 -42.3281	  173.8844
0.676	 2.06	 1	 -41.7051	  174.2838
0.676	 2.14	 1	 -42.5157	  173.6664
0.678	 2.12	 1	 -42.6687	  172.7949
0.679	 2.16	 1	 -41.9269	  173.9780
0.681	 2.15	 1	 -42.4730	  173.4968
0.684	 2.22	 2	 -42.2739	  173.9730
0.685	 2.16	 1	 -42.2009	  173.7218
0.687	 2.10	 1	 -41.7234	  174.1893
0.687	 2.03	 1	 -42.7736	  173.0614
0.691	 2.78	 2	 -42.2812	  173.9414
0.691	 2.03	 2	 -47.0703	  171.9092
0.692	 2.16	 1	 -42.2647	  173.6473
0.693	 2.30	 1	 -44.5656	  174.0856
0.693	 2.11	 1	 -42.5563	  173.2007
0.694	 2.88	 1	 -42.3842	  173.8529
0.694	 2.16	 1	 -41.6782	  173.9384
0.694	 2.11	 1	 -41.8966	  174.4060
0.700	 2.04	 1	 -42.5939	  172.7620
0.703	 2.05	 1	 -42.2841	  173.2675
0.706	 2.55	 1	 -42.0823	  172.8858
0.706	 2.81	 1	 -42.0130	  173.6950
0.707	 2.20	 1	 -41.5948	  174.2757
0.709	 2.74	 1	 -42.1928	  173.6839
0.712	 2.23	 1	 -42.1038	  173.7628
0.713	 2.01	 1	 -43.0430	  174.1710
0.713	 2.70	 1	 -42.5152	  173.0569
0.715	 2.00	 1	 -42.1056	  173.6028
0.716	 2.08	 1	 -42.6529	  172.8413
0.716	 2.90	 1	 -42.3160	  172.8258
0.716	 2.02	 2	 -43.3888	  173.1753
0.719	 2.09	 1	 -42.1758	  173.8149
0.721	 2.20	 1	 -42.0201	  174.3457
0.722	 2.10	 2	 -41.9388	  173.7905
0.722	 2.57	 1	 -42.2371	  173.7319
0.722	 2.59	 1	 -42.3299	  173.7574
0.723	 3.11	 2	 -42.9407	  174.7761
0.724	 2.37	 1	 -42.9681	  173.1916
0.724	 2.33	 1	 -42.9405	  173.2304
0.725	 2.50	 1	 -42.0246	  173.9420
0.725	 2.39	 3	 -42.5951	  172.7414
0.725	 2.69	 1	 -42.6460	  173.3489
0.728	 2.62	 2	 -42.3444	  173.9406
0.729	 2.80	 1	 -41.7720	  174.2519
0.730	 2.54	 1	 -44.1639	  174.5843
0.732	 2.31	 1	 -42.3938	  173.7386
0.734	 2.43	 1	 -43.1183	  171.9436
0.734	 2.56	 1	 -42.2319	  173.8033
0.738	 2.55	 1	 -43.3850	  178.2075
0.741	 2.05	 1	 -42.6282	  173.0452
0.741	 2.02	 1	 -42.6972	  172.8428
0.744	 2.45	 1	 -43.8874	  173.1008
0.744	 2.92	 1	 -43.0393	  172.3805
0.747	 2.32	 1	 -42.6011	  172.8609
0.754	 2.65	 2	 -42.3258	  174.1029
0.759	 2.31	 1	 -41.7556	  174.2880
0.760	 2.51	 1	 -42.5408	  174.3075
0.762	 2.07	 1	 -41.9684	  174.0685
0.764	 2.00	 1	 -42.6451	  172.8680
0.764	 2.40	 1	 -42.5062	  173.0918
0.765	 2.21	 1	 -41.6978	  174.1377
0.766	 2.13	 1	 -42.7084	  173.0951
0.767	 2.26	 1	 -42.2650	  173.8150
0.768	 2.48	 2	 -41.6109	  173.6828
0.773	 2.08	 2	 -42.2389	  173.5452
0.773	 2.17	 1	 -42.2223	  173.7283
0.778	 2.20	 1	 -42.6997	  172.3595
0.778	 2.48	 1	 -42.2752	  173.9522
0.783	 2.48	 1	 -41.9255	  173.9923
0.785	 3.26	 1	 -41.6635	  174.3154
0.789	 2.26	 1	 -42.7037	  172.8436
0.790	 2.61	 1	 -42.2050	  173.7694
0.792	 2.13	 2	 -41.8519	  173.8575
0.794	 2.29	 1	 -41.8599	  173.9519
0.796	 2.07	 1	 -42.1945	  173.7964
0.797	 3.22	 1	 -41.8059	  174.2681
0.801	 2.86	 2	 -41.9700	  173.7956
0.801	 2.00	 1	 -41.0942	  174.8704
0.803	 2.01	 3	 -42.3057	  173.9305
0.803	 3.07	 1	 -42.6690	  173.1699
0.804	 2.77	 1	 -41.8007	  174.2336
0.808	 2.02	 1	 -42.3572	  173.5151
0.809	 2.34	 1	 -43.0084	  173.2520
0.813	 2.75	 1	 -42.9749	  173.2678
0.814	 2.20	 1	 -42.2546	  173.5859
0.815	 2.26	 1	 -42.6526	  173.1860
0.815	 2.43	 1	 -41.5929	  174.3217
0.816	 2.21	 1	 -42.6291	  173.1615
0.820	 2.48	 1	 -42.2184	  173.7762
0.822	 3.26	 1	 -42.8884	  172.6025
0.824	 2.49	 1	 -42.7249	  172.7959
0.824	 2.44	 1	 -42.1389	  173.5618
0.826	 2.88	 1	 -41.7423	  174.2487
0.827	 2.02	 1	 -42.0798	  173.5738
0.835	 2.32	 2	 -42.5745	  172.8424
0.846	 2.44	 1	 -42.6489	  172.9921
0.847	 2.16	 1	 -42.0522	  173.6781
0.848	 2.08	 1	 -43.2564	  171.5446
0.851	 3.33	 1	 -41.7958	  174.0528
0.852	 2.13	 1	 -42.2863	  173.7117
0.854	 2.98	 1	 -43.0643	  172.8806
0.855	 2.49	 1	 -42.0893	  173.6714
0.855	 2.34	 1	 -42.8571	  172.7500
0.857	 2.31	 2	 -42.2879	  173.9613
0.857	 2.02	 1	 -42.5820	  172.9526
0.858	 2.30	 1	 -42.7018	  173.0543
0.858	 2.20	 1	 -42.1000	  173.8934
0.858	 2.06	 1	 -41.7869	  173.7034
0.859	 2.38	 1	 -42.3107	  173.8237
0.862	 2.05	 1	 -42.2592	  173.5610
0.864	 2.37	 1	 -43.7517	  177.4919
0.866	 2.04	 1	 -42.1686	  173.5692
0.868	 2.01	 1	 -42.4763	  173.7856
0.869	 2.06	 1	 -41.7835	  174.2205
0.872	 2.20	 1	 -42.5503	  173.1291
0.881	 2.30	 1	 -41.8238	  175.8092
0.885	 2.60	 1	 -42.4372	  173.3500
0.887	 2.60	 1	 -43.1729	  172.9834
0.888	 2.42	 1	 -42.3716	  173.5815
0.891	 2.08	 1	 -42.0522	  173.3648
0.892	 2.41	 1	 -41.8561	  173.9502
0.896	 2.04	 2	 -42.2606	  173.9009
0.896	 2.47	 1	 -42.2342	  173.7127
0.907	 2.45	 1	 -42.7974	  174.0240
0.909	 2.07	 1	 -42.5516	  173.1613
0.911	 2.20	 1	 -42.7328	  172.4097
0.914	 2.97	 1	 -41.8615	  174.1277
0.918	 2.39	 1	 -41.8442	  173.7771
0.920	 4.01	 1	 -42.8822	  171.4285
0.921	 2.41	 1	 -42.2226	  173.4283
0.923	 2.57	 1	 -42.1785	  173.7971
0.923	 2.49	 1	 -41.8171	  174.2357
0.926	 2.00	 1	 -42.2949	  173.6582
0.927	 3.61	 1	 -42.6301	  172.9827
0.928	 3.21	 1	 -41.5089	  175.2170
0.930	 2.02	 1	 -42.8177	  172.9815
0.930	 2.11	 1	 -42.8776	  171.0483
0.931	 2.37	 1	 -42.2121	  173.9399
0.932	 2.13	 1	 -41.8315	  173.7919
0.933	 2.24	 1	 -42.9942	  173.0308
0.934	 2.63	 2	 -41.5090	  175.2136
0.940	 2.08	 1	 -41.8581	  173.9928
0.942	 2.09	 1	 -42.4638	  173.7913
0.946	 2.43	 1	 -41.9108	  173.6529
0.947	 2.17	 1	 -43.0223	  172.8189
0.948	 2.12	 1	 -42.3117	  173.4720
0.953	 2.21	 1	 -42.8909	  173.7688
0.954	 2.07	 1	 -42.1565	  173.6389
0.955	 2.30	 2	 -42.5431	  174.9539
0.958	 2.04	 1	 -42.4882	  172.0235
0.959	 2.39	 1	 -41.6767	  174.3417
0.963	 2.04	 1	 -41.9068	  173.9762
0.965	 2.64	 1	 -42.4118	  173.3198
0.969	 2.79	 1	 -42.2682	  173.4493
0.969	 2.97	 1	 -42.4322	  173.3082
0.973	 2.04	 1	 -42.2939	  173.9526
0.974	 2.25	 1	 -42.6007	  173.2245
0.975	 3.21	 1	 -42.8903	  173.5623
0.977	 2.85	 2	 -41.7720	  174.2551
0.979	 3.53	 1	 -41.9136	  173.7296
0.981	 2.46	 2	 -42.2996	  173.9759
0.983	 2.03	 1	 -42.7163	  172.5854
0.985	 2.16	 1	 -41.7151	  174.3011
0.994	 2.02	 1	 -42.9247	  173.0498
1.003	 2.45	 1	 -42.6322	  172.9091
1.004	 2.51	 2	 -42.8234	  172.6056
1.005	 2.59	 1	 -42.5845	  173.0102
1.012	 2.02	 1	 -42.2422	  173.0817
1.012	 2.04	 2	 -42.7099	  172.7744
1.014	 2.76	 1	 -42.7315	  173.0294
1.020	 2.82	 1	 -44.6054	  174.5161
1.020	 2.22	 1	 -42.4702	  173.8561
1.023	 2.47	 2	 -42.7176	  172.5888
1.025	 2.47	 1	 -42.6176	  172.8236
1.025	 2.09	 1	 -42.2957	  173.7670
1.027	 2.39	 1	 -42.2625	  173.5355
1.029	 2.07	 2	 -43.3524	  174.3557
1.030	 2.30	 1	 -42.2848	  173.7788
1.035	 2.39	 1	 -40.7767	  179.3933
1.041	 2.35	 1	 -42.4901	  172.8553
1.043	 2.42	 2	 -47.0684	  171.8935
1.046	 2.10	 1	 -42.3199	  173.8530
1.047	 2.10	 1	 -42.7414	  173.2037
1.049	 2.46	 2	 -42.3783	  173.8558
1.052	 2.18	 1	 -42.1697	  173.6567
1.052	 2.48	 1	 -42.5778	  172.9134
1.053	 3.80	 1	 -42.2619	  173.5683
1.056	 2.76	 1	 -41.8675	  173.8622
1.060	 2.38	 2	 -42.0142	  173.3752
1.072	 2.76	 1	 -43.7202	  174.2946
1.074	 2.36	 1	 -42.1021	  173.8111
1.075	 2.28	 1	 -41.7616	  174.0087
1.083	 2.28	 1	 -43.1458	  173.6692
1.084	 3.09	 1	 -42.4684	  173.5605
1.086	 2.21	 1	 -41.7644	  174.2997
1.089	 2.02	 1	 -42.6153	  172.8795
1.090	 2.03	 1	 -42.3469	  173.2665
1.090	 2.19	 1	 -43.0549	  173.3972
1.092	 2.90	 1	 -42.2179	  173.9283
1.096	 2.00	 1	 -41.9845	  173.8730
1.097	 2.85	 2	 -42.2711	  174.1073
1.097	 3.08	 1	 -42.4351	  173.3591
1.100	 2.18	 2	 -42.7289	  172.8374
1.100	 2.01	 1	 -42.1392	  173.8051
1.104	 2.37	 1	 -42.0449	  174.5557
1.108	 2.06	 1	 -42.4225	  173.8393
1.109	 2.48	 1	 -42.0980	  172.5701
1.109	 2.55	 1	 -42.1721	  168.9585
1.109	 2.13	 1	 -41.9396	  173.6621
1.113	 2.17	 1	 -42.6770	  172.8702
1.115	 3.36	 1	 -42.2476	  173.4474
1.116	 2.54	 1	 -43.2326	  172.3836
1.121	 2.02	 1	 -41.7072	  174.2956
1.123	 2.18	 2	 -41.7471	  173.9043
1.124	 2.11	 2	 -47.1980	  171.9704
1.126	 2.14	 1	 -42.3904	  173.2081
1.133	 2.49	 1	 -43.2536	  172.9004
1.133	 2.29	 1	 -42.7327	  172.8356
1.135	 2.67	 1	 -42.4772	  173.8496
1.139	 2.25	 1	 -42.6365	  172.6486
1.141	 2.08	 2	 -41.8494	  173.9092
1.142	 2.08	 2	 -43.7201	  174.2980
1.145	 2.25	 1	 -41.8013	  174.2141
1.145	 2.04	 1	 -42.6685	  173.1586
1.148	 4.01	 1	 -41.6479	  174.0191
1.149	 2.04	 2	 -42.4453	  173.1727
1.152	 2.69	 1	 -41.9201	  173.7728
1.155	 2.26	 2	 -41.6037	  173.9848
1.156	 2.08	 1	 -42.2278	  173.6743
1.156	 2.14	 1	 -42.9233	  172.5168
1.158	 2.87	 1	 -42.6705	  173.1530
1.158	 2.60	 3	 -42.5764	  172.7842
1.159	 2.38	 2	 -41.6209	  174.0398
1.161	 2.65	 1	 -41.7236	  174.1747
1.163	 2.16	 1	 -42.5605	  173.1032
1.163	 2.19	 1	 -42.8534	  172.8607
1.171	 2.02	 1	 -42.3231	  173.5494
1.171	 2.38	 1	 -41.7375	  174.2498
1.179	 2.28	 1	 -42.2112	  173.8385
1.180	 2.29	 1	 -43.2260	  173.2871
1.183	 2.22	 1	 -42.1457	  173.6244
1.187	 2.75	 1	 -42.7689	  173.0813
1.187	 2.50	 1	 -42.9302	  174.0087
1.189	 2.05	 1	 -42.1824	  173.4989
1.199	 2.18	 1	 -42.8553	  174.6835
1.199	 2.29	 1	 -42.2601	  173.7559
1.205	 2.01	 1	 -41.8187	  174.3529
1.206	 2.23	 1	 -42.1736	  173.7284
1.208	 2.10	 1	 -42.3777	  172.8101
1.214	 3.66	 2	 -47.1148	  171.9235
1.219	 2.36	 1	 -42.4565	  173.1199
1.224	 3.97	 1	 -42.2588	  173.4263
1.224	 3.18	 1	 -42.8053	  175.4657
1.228	 2.24	 1	 -41.8656	  174.1498
1.232	 2.06	 1	 -42.8109	  173.7794
1.237	 2.01	 2	 -42.4347	  173.3553
1.243	 2.64	 1	 -41.7675	  174.2430
1.247	 2.64	 1	 -43.1872	  172.4788
1.250	 2.00	 1	 -42.2132	  173.5637
1.250	 2.01	 2	 -42.3779	  174.0250
1.251	 2.08	 1	 -42.2367	  173.6101
1.251	 2.99	 1	 -42.4707	  173.7952
1.259	 3.41	 1	 -42.4572	  173.7721
1.260	 2.98	 1	 -42.9007	  172.8789
1.261	 2.33	 1	 -42.3477	  173.8291
1.262	 2.75	 1	 -42.7952	  173.1505
1.262	 2.37	 1	 -45.3550	  173.7543
1.263	 2.72	 1	 -42.1641	  173.5853
1.263	 2.18	 2	 -42.3750	  173.9591
1.264	 2.05	 1	 -42.2703	  173.7978
1.267	 2.34	 1	 -42.6706	  171.5842
1.271	 3.09	 1	 -42.5556	  172.5352
1.276	 2.10	 1	 -41.8180	  174.1976
1.277	 2.29	 1	 -42.7318	  173.0289
1.277	 2.65	 1	 -41.8023	  172.4266
1.279	 3.14	 1	 -42.5221	  172.8359
1.280	 2.30	 1	 -42.2556	  173.6876
1.284	 2.09	 1	 -42.6937	  172.8773
1.288	 2.26	 1	 -42.4594	  172.7240
1.291	 2.27	 1	 -45.9295	  175.7027
1.293	 2.66	 1	 -42.3345	  173.9697
1.296	 2.15	 2	 -47.0988	  171.9336
1.304	 2.50	 1	 -42.5888	  173.2455
1.307	 2.45	 1	 -42.2826	  173.5957
1.308	 2.73	 2	 -42.7060	  172.9807
1.313	 2.20	 1	 -42.5314	  173.3387
1.313	 2.09	 1	 -42.6269	  173.0410
1.313	 2.00	 1	 -42.0522	  173.4973
1.317	 2.10	 1	 -42.2642	  173.7248
1.318	 2.17	 1	 -42.0483	  173.7907
1.320	 2.36	 1	 -41.8983	  172.6920
1.323	 2.03	 1	 -42.5648	  173.0284
1.324	 2.13	 1	 -40.9591	  174.3586
1.327	 2.05	 1	 -41.9637	  174.3115
1.329	 2.46	 2	 -42.4506	  173.7765
1.333	 2.33	 1	 -42.3119	  173.2461
1.333	 2.89	 1	 -44.2935	  167.3052
1.335	 2.24	 1	 -42.5109	  173.9254
1.339	 2.72	 2	 -44.5597	  174.0432
1.341	 2.06	 3	 -44.5659	  174.0467
1.342	 2.45	 2	 -42.9286	  174.8459
1.346	 2.36	 2	 -41.9164	  173.7491
1.355	 2.56	 1	 -42.6715	  173.0990
1.359	 2.19	 1	 -42.5318	  173.0185
1.359	 2.02	 3	 -42.7185	  172.9623
1.360	 2.32	 1	 -42.4915	  173.0882
1.360	 2.09	 2	 -42.3012	  173.8661
1.362	 2.06	 1	 -46.8581	  172.5693
1.365	 2.08	 1	 -42.6260	  172.9516
1.367	 2.72	 1	 -42.2037	  173.3627
1.369	 2.16	 1	 -42.2485	  173.7490
1.374	 2.19	 1	 -42.4718	  173.7216
1.378	 2.10	 2	 -42.3114	  173.9601
1.378	 2.90	 1	 -41.8449	  174.1756
1.382	 2.27	 1	 -44.2385	  173.3965
1.387	 2.06	 1	 -39.3224	  177.9360
1.388	 2.22	 1	 -41.9033	  174.9485
1.388	 2.60	 1	 -44.8649	  174.8442
1.389	 2.38	 2	 -42.5476	  173.1578
1.392	 2.55	 1	 -41.5171	  174.2693
1.398	 2.03	 1	 -43.0481	  172.8354
1.404	 2.03	 1	 -42.3340	  172.8873
1.406	 2.11	 1	 -42.5566	  173.7488
1.406	 2.16	 1	 -42.8315	  173.2352
1.411	 2.22	 1	 -42.8555	  172.8549
1.411	 2.21	 1	 -43.0199	  173.1210
1.412	 3.27	 1	 -42.7665	  172.6975
1.414	 2.29	 1	 -42.4515	  172.8010
1.416	 3.09	 1	 -42.6858	  172.9398
1.416	 2.16	 1	 -42.1451	  174.0824
1.422	 2.86	 1	 -41.7443	  174.1970
1.422	 2.08	 1	 -42.0758	  173.5664
1.427	 2.55	 1	 -42.6744	  173.1578
1.430	 3.82	 1	 -41.4673	  175.3582
1.431	 2.14	 1	 -42.7639	  172.9988
1.432	 2.04	 1	 -42.0392	  173.7354
1.434	 2.87	 1	 -42.7188	  172.3107
1.434	 2.59	 2	 -42.5892	  172.7154
1.442	 3.31	 2	 -42.2478	  173.7424
1.443	 3.43	 1	 -42.2610	  174.0168
1.447	 2.00	 1	 -42.8902	  173.1371
1.449	 2.18	 1	 -41.6933	  174.1935
1.449	 2.12	 1	 -42.5092	  172.8466
1.452	 2.05	 1	 -43.7627	  168.2894
1.453	 2.36	 1	 -42.4882	  173.8571
1.454	 2.06	 1	 -42.8569	  172.9795
1.455	 2.63	 1	 -42.7309	  173.2736
1.456	 2.23	 2	 -42.4837	  172.9032
1.457	 2.39	 2	 -42.8837	  171.4312
1.457	 3.37	 1	 -42.4810	  173.6434
1.460	 2.32	 2	 -42.4752	  173.6343
1.462	 2.02	 2	 -42.7590	  172.7250
1.463	 3.12	 1	 -42.2713	  173.6159
1.473	 2.07	 1	 -41.7874	  174.4018
1.477	 2.16	 2	 -41.9477	  173.7405
1.478	 2.19	 1	 -42.2067	  173.8264
1.481	 2.21	 2	 -41.4604	  175.3757
1.484	 3.30	 1	 -42.1357	  173.6556
1.486	 2.76	 1	 -41.7338	  174.1712
1.488	 2.60	 1	 -41.8063	  174.1617
1.496	 2.81	 1	 -41.8652	  173.9714
1.497	 2.52	 1	 -42.3737	  173.4045
1.500	 2.28	 1	 -42.0148	  173.6880
1.503	 2.34	 2	 -41.2743	  175.1966
1.509	 3.59	 1	 -41.8101	  174.1516
1.509	 2.44	 1	 -41.7823	  174.2527
1.510	 2.18	 1	 -42.6132	  172.9645
1.517	 2.00	 1	 -42.5017	  173.1356
1.520	 2.20	 1	 -42.8309	  173.1724
1.525	 2.13	 2	 -42.2011	  173.6370
1.530	 2.60	 1	 -41.7835	  174.3713
1.535	 2.38	 1	 -42.6691	  172.9568
1.536	 2.38	 1	 -42.9066	  172.9787
1.540	 2.22	 1	 -41.9319	  173.6037
1.546	 2.08	 1	 -42.2966	  173.1709
1.550	 2.04	 1	 -43.2703	  172.1169
1.550	 3.86	 1	 -43.1734	  172.7549
1.553	 2.01	 1	 -42.6033	  173.8825
1.555	 2.17	 2	 -42.9254	  172.7375
1.567	 2.14	 1	 -42.5935	  173.1639
1.571	 2.43	 1	 -41.9454	  173.7571
1.585	 2.59	 1	 -42.9335	  173.0226
1.591	 2.25	 1	 -42.6739	  173.0886
1.601	 2.14	 1	 -42.1935	  173.5617
1.608	 2.27	 1	 -41.5801	  174.0458
1.609	 2.23	 1	 -40.3536	  173.9219
1.609	 2.38	 1	 -42.0467	  173.7042
1.610	 2.14	 1	 -42.5502	  173.0414
1.611	 2.47	 1	 -42.4618	  173.7800
1.615	 2.10	 1	 -42.4088	  173.6563
1.617	 2.18	 1	 -42.4453	  173.5412
1.618	 2.40	 2	 -42.9626	  172.9803
1.620	 3.99	 2	 -42.3104	  173.9588
1.627	 2.12	 1	 -42.6079	  173.0059
1.627	 2.12	 1	 -42.5653	  173.2662
1.628	 2.27	 1	 -42.4161	  173.7772
1.630	 2.21	 1	 -43.4362	  172.8141
1.630	 2.08	 1	 -41.9794	  174.0639
1.631	 2.57	 1	 -42.1092	  173.6430
1.634	 2.54	 1	 -41.3103	  170.5426
1.638	 2.01	 1	 -43.0191	  173.0456
1.641	 2.46	 1	 -41.8257	  174.3780
1.641	 2.76	 1	 -42.4109	  173.1369
1.642	 2.97	 1	 -43.0095	  173.0585
1.644	 2.77	 1	 -45.7331	  171.5111
1.645	 2.36	 2	 -42.7719	  173.4389
1.649	 2.12	 1	 -42.5644	  172.9810
1.652	 2.28	 2	 -42.3437	  173.9428
1.659	 3.31	 2	 -41.9685	  173.8030
1.664	 2.67	 1	 -42.6375	  173.2332
1.667	 2.87	 1	 -42.5373	  173.0755
1.668	 2.16	 1	 -40.8294	  175.3438
1.669	 2.27	 1	 -42.6471	  172.9147
1.678	 2.24	 1	 -41.9142	  174.1988
1.685	 2.30	 1	 -42.7080	  172.8887
1.686	 2.68	 1	 -42.2894	  173.5916
1.687	 2.27	 1	 -42.5929	  173.0294
1.704	 2.18	 1	 -42.5395	  173.7138
1.708	 2.06	 1	 -44.4823	  171.3561
1.709	 2.46	 2	 -42.6117	  173.1831
1.712	 2.19	 2	 -43.0082	  173.0567
1.713	 2.04	 1	 -42.1682	  173.5857
1.714	 4.83	 1	 -42.4068	  173.1111
1.714	 2.04	 2	 -42.4460	  173.7759
1.723	 2.03	 2	 -42.2069	  172.9410
1.730	 2.85	 1	 -42.1232	  173.9822
1.739	 2.65	 1	 -41.8215	  174.1979
1.740	 2.24	 2	 -42.3448	  173.2152
1.740	 2.64	 1	 -42.6464	  173.9122
1.741	 2.09	 1	 -42.6329	  172.7426
1.741	 2.82	 1	 -42.6304	  173.0106
1.747	 2.29	 1	 -42.4393	  173.8106
1.754	 2.86	 2	 -42.4199	  173.1152
1.754	 3.34	 1	 -42.4998	  173.2043
1.754	 2.07	 1	 -43.1305	  172.5367
1.755	 2.68	 2	 -41.8099	  174.1438
1.757	 2.25	 1	 -42.0790	  173.3928
1.759	 2.39	 1	 -42.5838	  173.2558
1.764	 2.71	 1	 -46.6529	  170.1908
1.766	 3.02	 1	 -42.6064	  172.0378
1.767	 3.12	 2	 -42.2711	  173.6164
1.768	 2.36	 2	 -42.4348	  173.0960
1.771	 2.08	 1	 -42.2005	  173.7291
1.771	 2.73	 1	 -41.9870	  174.2695
1.781	 2.04	 1	 -42.0583	  173.6343
1.785	 2.60	 1	 -42.3695	  173.8536
1.790	 2.80	 1	 -42.2012	  173.7419
1.800	 2.64	 1	 -41.6814	  171.6142
1.803	 2.77	 2	 -42.2337	  173.5586
1.804	 2.12	 1	 -41.8937	  173.9308
1.806	 2.50	 1	 -42.1547	  173.6745
1.807	 2.39	 1	 -42.4464	  173.6176
1.807	 2.48	 1	 -42.2823	  173.6805
1.807	 4.06	 1	 -42.6686	  173.2389
1.814	 3.08	 1	 -41.8025	  174.2909
1.823	 2.05	 1	 -41.9875	  173.5953
1.823	 2.02	 1	 -42.7646	  172.4745
1.823	 2.48	 1	 -43.1363	  173.0801
1.829	 2.53	 1	 -42.6812	  172.2022
1.836	 2.06	 1	 -42.5774	  173.1163
1.837	 2.21	 1	 -38.6025	  170.4802
1.849	 2.07	 1	 -41.7038	  174.2525
1.851	 2.85	 1	 -41.8517	  173.5854
1.860	 2.11	 1	 -42.0047	  173.6857
1.861	 3.27	 1	 -42.0258	  173.7217
1.866	 2.59	 1	 -42.0933	  173.7692
1.870	 2.66	 3	 -41.9695	  173.8093
1.877	 2.08	 1	 -42.0640	  173.6518
1.878	 2.28	 1	 -42.1844	  173.6641
1.878	 2.87	 1	 -41.8222	  174.2170
1.888	 2.20	 1	 -42.1879	  173.5805
1.894	 2.59	 1	 -42.2492	  173.6625
1.896	 2.27	 1	 -42.0204	  173.8081
1.900	 2.22	 1	 -41.9389	  174.1731
1.901	 2.04	 1	 -42.1558	  173.4417
1.902	 2.07	 1	 -41.9273	  173.8397
1.907	 3.06	 1	 -42.1570	  173.5698
1.909	 2.01	 1	 -42.7615	  173.0196
1.909	 2.67	 1	 -42.2160	  173.6843
1.915	 2.19	 1	 -42.0302	  173.7237
1.915	 2.03	 2	 -41.8440	  174.0861
1.917	 2.81	 1	 -42.1554	  173.6022
1.918	 3.30	 1	 -41.8073	  174.3380
1.921	 2.09	 1	 -43.0580	  172.5844
1.925	 2.04	 1	 -42.1949	  173.6395
1.936	 2.11	 1	 -42.8687	  173.2090
1.936	 2.87	 1	 -42.1944	  173.5875
1.941	 2.08	 1	 -42.7578	  172.1738
1.947	 2.27	 1	 -42.4703	  172.8757
1.948	 3.09	 1	 -42.3630	  173.3236
1.954	 2.05	 1	 -47.0503	  174.5308
1.955	 2.58	 1	 -38.8212	  169.9101
1.957	 2.38	 1	 -42.3784	  173.8304
1.958	 2.26	 1	 -43.0498	  172.2258
1.959	 2.04	 1	 -42.5055	  172.8949
1.961	 2.04	 1	 -42.6010	  172.4837
1.963	 3.02	 1	 -42.4205	  173.8156
1.965	 2.04	 1	 -43.0478	  173.9820
1.966	 2.54	 1	 -42.7091	  173.7977
1.977	 2.30	 1	 -43.0299	  173.6213
1.979	 2.33	 2	 -42.7079	  173.7959
1.980	 2.15	 2	 -42.5985	  172.9402
1.986	 2.35	 2	 -42.6724	  173.2353
1.989	 2.53	 1	 -41.7366	  174.2401
1.998	 2.07	 1	 -41.4905	  173.3631
1.999	 2.31	 2	 -42.3396	  173.8372
2.000	 2.17	 1	 -41.9136	  173.9757
2.003	 2.19	 1	 -45.2584	  173.3639
2.003	 2.64	 1	 -42.7878	  172.8527
2.014	 2.01	 2	 -42.4626	  173.7697
2.016	 2.08	 1	 -42.5936	  172.9821
2.022	 2.03	 1	 -42.1313	  173.4745
2.036	 2.07	 1	 -43.7399	  173.4868
2.040	 2.23	 1	 -42.7034	  172.3985
2.040	 2.33	 1	 -42.0219	  173.7641
2.041	 2.77	 1	 -42.9375	  173.7997
2.044	 2.27	 1	 -41.7394	  174.1908
2.044	 2.44	 1	 -42.2808	  173.4779
2.047	 2.37	 1	 -42.8339	  172.8239
2.048	 2.61	 1	 -43.0312	  175.9623
2.049	 2.49	 2	 -42.9351	  174.0168
2.064	 2.67	 1	 -41.9238	  173.9982
2.064	 2.08	 1	 -42.5408	  173.0287
2.067	 2.76	 1	 -42.2508	  173.4000
2.069	 2.27	 1	 -42.4462	  172.9616
2.077	 2.18	 1	 -41.7936	  174.1926
2.078	 2.13	 2	 -42.3479	  173.9791
2.079	 2.01	 1	 -42.6540	  173.0221
2.080	 2.18	 1	 -41.6486	  173.1639
2.082	 2.07	 1	 -41.9204	  173.7333
2.083	 2.33	 1	 -41.6011	  174.1464
2.084	 3.38	 1	 -42.7800	  172.6943
2.094	 2.53	 1	 -41.7727	  174.6843
2.096	 2.15	 1	 -42.5730	  173.1977
2.097	 2.54	 1	 -42.0698	  173.8055
2.098	 2.03	 2	 -42.3034	  173.9702
2.099	 2.84	 1	 -42.3015	  173.7090
2.110	 2.55	 1	 -42.4863	  172.8904
2.114	 2.45	 1	 -44.9386	  173.9264
2.118	 2.85	 1	 -41.6541	  174.4186
2.120	 2.14	 1	 -45.4103	  177.1930
2.125	 2.62	 1	 -42.5072	  173.0267
2.138	 2.55	 1	 -42.1059	  173.9079
2.139	 2.60	 1	 -42.6816	  173.1644
2.141	 2.91	 1	 -41.6946	  174.1988
2.149	 2.59	 1	 -41.8195	  174.7647
2.154	 3.05	 1	 -42.1997	  173.5927
2.158	 2.02	 1	 -42.5532	  172.5725
2.160	 2.18	 1	 -42.4957	  173.8054
2.163	 2.16	 1	 -42.9186	  171.8038
2.170	 2.22	 1	 -42.5936	  172.5704
2.173	 2.42	 1	 -42.2189	  173.7345
2.178	 2.16	 1	 -42.5208	  173.6844
2.188	 2.35	 1	 -42.9768	  173.0249
2.198	 2.21	 1	 -42.8039	  173.3387
2.198	 2.20	 1	 -42.1398	  174.2009
2.202	 2.82	 1	 -42.0951	  173.7905
2.203	 2.05	 1	 -42.7747	  173.3618
2.204	 2.07	 1	 -42.2217	  173.6216
2.207	 2.34	 1	 -41.8028	  174.2667
2.222	 2.69	 2	 -42.3952	  173.1415
2.226	 2.00	 1	 -42.7540	  173.0526
2.230	 2.37	 1	 -41.8188	  174.2491
2.232	 2.27	 1	 -41.8245	  174.0319
2.234	 2.75	 1	 -42.5755	  172.9997
2.238	 2.02	 1	 -41.7944	  173.9176
2.240	 2.02	 1	 -42.7584	  172.9400
2.243	 2.27	 2	 -42.3545	  174.0159
2.247	 2.45	 2	 -41.7299	  174.2897
2.254	 2.95	 1	 -42.1403	  173.5818
2.259	 2.17	 1	 -41.8119	  174.3728
2.259	 2.76	 1	 -41.5844	  173.3544
2.264	 2.37	 1	 -42.7881	  173.1023
2.266	 2.29	 1	 -42.5081	  173.2475
2.268	 2.11	 1	 -42.1480	  173.8575
2.276	 2.00	 1	 -42.7086	  173.1595
2.284	 2.82	 1	 -41.8039	  174.2502
2.286	 2.17	 2	 -42.3339	  173.4803
2.298	 2.11	 1	 -43.0629	  173.6572
2.298	 2.04	 1	 -42.2027	  173.8080
2.301	 2.42	 1	 -42.0454	  173.7086
2.311	 2.06	 1	 -42.0295	  173.5476
2.313	 2.42	 1	 -42.5226	  173.1657
2.314	 3.02	 1	 -42.6663	  172.9937
2.315	 2.42	 2	 -42.7606	  173.3598
2.332	 3.25	 1	 -42.5153	  172.6029
2.336	 2.65	 1	 -42.3930	  173.4800
2.338	 3.13	 1	 -42.0711	  174.2493
2.353	 2.66	 2	 -42.3941	  173.1179
2.354	 2.10	 1	 -42.3446	  174.0852
2.355	 2.61	 2	 -41.5996	  174.1576
2.359	 2.61	 1	 -42.7665	  173.3620
2.377	 2.54	 1	 -41.9952	  173.6896
2.377	 2.24	 1	 -43.5761	  173.9674
2.382	 2.01	 1	 -43.5794	  167.0245
2.400	 2.18	 1	 -41.6901	  174.3069
2.405	 2.75	 1	 -42.6155	  172.9806
2.421	 2.58	 1	 -41.9961	  173.7107
2.423	 2.41	 1	 -42.6319	  172.9727
2.424	 2.69	 1	 -42.0141	  173.6928
2.436	 2.50	 1	 -42.6170	  172.9178
2.437	 2.73	 1	 -42.9160	  173.3411
2.447	 2.04	 1	 -42.2808	  169.4815
2.455	 2.26	 1	 -44.4182	  173.2307
2.461	 2.74	 1	 -41.9823	  173.9256
2.461	 2.21	 1	 -42.3104	  173.7151
2.465	 2.08	 1	 -43.9828	  170.6603
2.466	 2.48	 1	 -42.4389	  173.5159
2.471	 2.45	 1	 -43.7151	  168.6024
2.472	 2.47	 1	 -41.7447	  174.2228
2.476	 2.68	 1	 -42.7835	  172.5359
2.483	 2.05	 1	 -42.0067	  167.7072
2.484	 2.16	 2	 -41.9795	  173.7991
2.492	 2.57	 1	 -42.1811	  173.3755
2.494	 2.54	 1	 -43.1107	  172.6288
2.500	 2.63	 1	 -42.5036	  173.1446
2.510	 2.08	 1	 -42.1500	  173.4811
2.513	 2.26	 1	 -42.7042	  172.8240
2.517	 2.20	 1	 -42.4628	  173.4493
2.524	 2.37	 1	 -42.1112	  173.5109
2.525	 2.73	 1	 -42.0191	  173.6700
2.526	 2.69	 1	 -41.7029	  174.5138
2.541	 3.41	 1	 -42.4173	  174.2500
2.547	 2.39	 1	 -42.6368	  173.0253
2.554	 2.05	 1	 -41.7878	  174.2423
2.554	 2.06	 1	 -42.7027	  173.0462
2.558	 2.18	 1	 -42.9433	  172.7526
2.569	 2.07	 1	 -40.9527	  172.6917
2.580	 2.10	 1	 -41.6808	  174.2637
2.590	 4.12	 1	 -42.7397	  172.8750
2.598	 2.20	 1	 -42.7081	  172.2552
2.604	 2.76	 1	 -39.1968	  178.1578
2.606	 2.06	 1	 -42.2468	  173.5997
2.607	 2.54	 1	 -42.2712	  173.9691
2.611	 2.80	 1	 -41.8721	  174.1266
2.617	 2.27	 1	 -42.1827	  173.8375
2.627	 2.28	 1	 -42.0296	  173.7664
2.630	 2.54	 1	 -41.7581	  174.2703
2.631	 2.39	 1	 -42.0405	  173.7705
2.633	 2.01	 1	 -42.1079	  173.7888
2.633	 4.66	 1	 -42.3688	  173.8087
2.636	 2.04	 1	 -41.7488	  174.2725
2.637	 3.22	 1	 -41.8609	  173.9623
2.639	 2.60	 2	 -41.9746	  173.7715
2.640	 2.10	 1	 -42.3873	  173.8009
2.649	 2.96	 1	 -41.9302	  173.6938
2.650	 2.39	 2	 -42.3123	  173.8926
2.651	 2.04	 1	 -43.8717	  173.8096
2.666	 2.56	 1	 -42.5999	  171.5941
2.670	 2.07	 1	 -42.3060	  173.8215
2.675	 2.55	 2	 -42.3622	  173.8110
2.678	 2.23	 1	 -42.2194	  172.7552
2.687	 2.80	 2	 -42.2766	  174.0678
2.691	 2.23	 3	 -42.3094	  173.9445
2.695	 2.08	 2	 -42.4399	  173.8640
2.700	 3.15	 2	 -42.3363	  173.8552
2.706	 2.01	 1	 -41.3951	  173.4835
2.715	 2.00	 1	 -41.9101	  174.1344
2.721	 2.12	 1	 -42.5090	  173.0670
2.731	 2.90	 1	 -42.1494	  173.4808
2.732	 2.28	 1	 -42.0772	  173.7738
2.737	 2.12	 1	 -42.4217	  173.7884
2.742	 2.59	 1	 -41.7908	  174.2685
2.744	 2.99	 1	 -41.3407	  170.4899
2.745	 3.84	 1	 -42.7173	  172.5963
2.749	 2.15	 1	 -42.0324	  173.6902
2.757	 2.44	 1	 -41.9457	  173.6716
2.768	 2.39	 1	 -42.7502	  172.8453
2.777	 2.52	 1	 -42.8498	  173.7679
2.787	 2.14	 1	 -41.6987	  174.2850
2.790	 2.10	 1	 -42.4486	  173.8623
2.801	 2.18	 1	 -43.0432	  172.6926
2.806	 2.00	 1	 -41.7882	  173.6220
2.807	 2.04	 1	 -41.9232	  174.0777
2.808	 2.07	 2	 -42.3778	  173.8147
2.809	 3.53	 1	 -42.5772	  172.9886
2.810	 2.46	 1	 -42.4979	  172.7693
2.818	 2.99	 2	 -42.9815	  172.5467
2.822	 2.33	 1	 -42.0223	  174.2131
2.829	 2.17	 2	 -42.3215	  174.0501
2.837	 2.87	 1	 -41.7733	  173.9791
2.838	 3.61	 1	 -42.4840	  173.1362
2.843	 2.70	 1	 -45.5813	  169.4333
2.846	 2.09	 1	 -42.6619	  172.7640
2.849	 2.58	 1	 -42.6757	  171.1045
2.854	 2.13	 1	 -42.2253	  173.8326
2.857	 2.05	 1	 -42.4842	  172.6317
2.858	 2.36	 1	 -42.0288	  173.8224
2.864	 2.59	 1	 -42.7384	  173.0725
2.870	 2.95	 1	 -42.7422	  172.9827
2.875	 2.25	 1	 -41.8544	  171.5686
2.883	 2.11	 3	 -41.9792	  173.7996
2.888	 2.11	 1	 -42.1641	  173.5806
2.888	 2.28	 1	 -42.1934	  173.5489
2.897	 2.10	 1	 -42.5352	  172.4427
2.900	 2.52	 1	 -42.3354	  173.8076
2.902	 2.72	 1	 -43.8075	  173.4494
2.904	 2.06	 1	 -42.6677	  172.5685
2.918	 2.18	 1	 -41.9985	  173.6043
2.923	 2.04	 1	 -41.7647	  174.2514
2.929	 2.08	 1	 -41.9217	  173.7589
2.934	 4.15	 1	 -42.1361	  173.0413
2.936	 2.76	 1	 -41.7039	  174.3179
2.936	 2.30	 1	 -42.4875	  174.0849
2.938	 2.02	 1	 -42.7170	  173.3469
2.949	 2.18	 1	 -43.0477	  172.8997
2.958	 2.18	 1	 -41.9347	  170.6546
2.961	 2.31	 2	 -42.4712	  173.1346
2.968	 2.23	 1	 -42.5198	  172.8504
2.975	 2.40	 2	 -42.3107	  173.9549
2.975	 2.25	 2	 -42.8411	  172.9579
2.976	 2.14	 1	 -42.1653	  173.8206
2.977	 2.40	 1	 -42.4816	  173.2178
2.987	 2.09	 2	 -42.3499	  173.7820
2.995	 2.60	 2	 -42.4267	  173.8449
3.012	 2.96	 1	 -41.7568	  174.2814
3.025	 2.11	 1	 -43.5329	  173.9128
3.037	 2.18	 1	 -42.0000	  173.6485
3.059	 2.32	 1	 -42.4182	  174.2624
3.064	 2.35	 1	 -42.5512	  172.7390
3.071	 2.45	 2	 -42.2922	  174.0150
3.074	 2.13	 1	 -42.8229	  173.9034
3.074	 2.38	 1	 -42.2676	  173.4539
3.086	 3.00	 1	 -42.7154	  172.8419
3.087	 2.04	 1	 -42.0094	  173.6426
3.097	 2.70	 1	 -42.8289	  172.9193
3.097	 2.59	 1	 -40.8661	  173.3985
3.103	 2.96	 1	 -43.0285	  172.8161
3.108	 2.34	 2	 -42.4039	  173.1188
3.113	 2.95	 1	 -42.7232	  173.0207
3.113	 2.17	 1	 -41.9949	  173.7151
3.114	 2.02	 1	 -41.9374	  173.7798
3.116	 2.85	 2	 -43.5298	  173.9172
3.124	 2.24	 1	 -42.2285	  173.4336
3.125	 2.19	 1	 -42.6544	  172.9934
3.133	 3.30	 1	 -42.5971	  174.4316
3.136	 2.99	 1	 -41.8412	  174.2587
3.140	 2.58	 1	 -42.0080	  174.9776
3.141	 2.04	 1	 -41.8127	  174.0120
3.145	 2.92	 1	 -42.4337	  172.3715
3.165	 2.53	 2	 -42.4164	  174.2412
3.167	 2.53	 1	 -42.4539	  173.3332
3.175	 2.27	 1	 -42.4975	  173.6883
3.189	 2.30	 1	 -42.1478	  173.5768
3.192	 2.20	 1	 -42.6409	  173.2797
3.197	 2.08	 1	 -42.2915	  173.9486
3.200	 2.07	 1	 -42.8774	  172.4695
3.237	 2.24	 1	 -41.7429	  174.2463
3.237	 2.74	 1	 -42.6345	  173.0563
3.248	 2.52	 2	 -42.4382	  172.9518
3.251	 2.37	 1	 -41.8287	  174.2083
3.253	 2.34	 1	 -41.6903	  174.3645
3.255	 2.19	 1	 -41.5436	  174.0555
3.265	 2.11	 2	 -42.6779	  172.5847
3.265	 3.62	 1	 -42.2794	  173.0240
3.271	 2.05	 1	 -41.7742	  174.3818
3.277	 2.03	 1	 -42.5026	  173.7162
3.280	 3.11	 1	 -42.7222	  172.7447
3.283	 2.66	 1	 -41.8158	  174.2681
3.289	 2.02	 1	 -42.7747	  172.8660
3.293	 2.34	 1	 -42.6373	  176.1120
3.294	 2.28	 1	 -41.8445	  173.6000
3.310	 2.08	 1	 -42.9761	  173.1478
3.314	 2.25	 2	 -42.7044	  172.9695
3.318	 2.12	 1	 -42.5827	  172.1292
3.344	 2.07	 2	 -42.1675	  173.0895
3.356	 2.62	 1	 -42.9076	  172.9436
3.385	 2.20	 1	 -42.7093	  172.9064
3.386	 4.35	 1	 -42.9662	  172.9073
3.394	 2.00	 1	 -42.1367	  173.4639
3.429	 2.49	 1	 -41.9110	  174.1362
3.436	 2.02	 1	 -43.1421	  172.7140
3.467	 2.00	 3	 -43.1244	  174.1985
3.470	 2.48	 1	 -42.2490	  173.5654
3.474	 2.65	 1	 -43.0789	  173.0460
3.488	 2.11	 1	 -41.7070	  174.2745
3.506	 2.50	 2	 -42.3112	  173.9515
3.511	 2.07	 1	 -42.5841	  173.1278
3.519	 3.01	 1	 -42.5786	  172.8326
3.520	 3.60	 1	 -41.9789	  173.6914
3.537	 2.44	 1	 -42.5793	  173.1960
3.546	 4.17	 1	 -41.7069	  174.1813
3.559	 2.34	 1	 -42.5436	  172.8809
3.561	 2.01	 1	 -42.6615	  172.9505
3.564	 2.24	 1	 -41.6574	  174.2495
3.566	 3.11	 1	 -42.2230	  173.6349
3.569	 3.08	 1	 -41.9954	  173.1637
3.570	 2.31	 1	 -42.1915	  173.5781
3.571	 2.23	 1	 -42.5671	  173.8416
3.581	 2.22	 1	 -42.6185	  173.1769
3.582	 2.03	 2	 -42.2523	  173.6323
3.586	 2.04	 1	 -42.5119	  173.9108
3.590	 3.51	 1	 -41.9911	  173.7141
3.591	 2.42	 2	 -42.3939	  173.7826
3.605	 2.90	 1	 -42.6269	  173.0867
3.613	 2.05	 1	 -41.3682	  171.7409
3.622	 2.41	 1	 -42.1414	  172.1971
3.622	 2.06	 1	 -43.1172	  173.0168
3.628	 2.02	 1	 -42.1560	  173.7013
3.630	 3.27	 1	 -42.7461	  172.9213
3.639	 3.23	 1	 -42.6094	  173.4503
3.642	 3.12	 2	 -42.1600	  173.8590
3.642	 2.71	 1	 -41.5315	  175.0230
3.643	 2.35	 1	 -42.6877	  173.7742
3.644	 2.48	 2	 -42.6635	  172.9518
3.649	 2.23	 1	 -42.7128	  172.6835
3.656	 2.04	 1	 -42.7685	  173.3676
3.675	 2.57	 1	 -41.8615	  173.9548
3.683	 3.41	 1	 -41.9248	  173.8138
3.699	 2.47	 1	 -42.3685	  173.2897
3.713	 2.22	 2	 -42.2234	  173.6335
3.716	 2.72	 2	 -41.9925	  173.1648
3.726	 2.15	 2	 -42.5745	  172.9158
3.769	 2.22	 1	 -42.7120	  172.7088
3.777	 2.06	 1	 -42.1429	  173.5602
3.780	 2.99	 1	 -42.6678	  172.7494
3.781	 2.13	 1	 -41.7717	  174.2632
3.787	 2.12	 1	 -42.5091	  173.5062
3.790	 2.79	 2	 -42.4605	  173.0856
3.796	 2.34	 1	 -41.6043	  173.8383
3.822	 2.01	 1	 -42.3140	  173.9969
3.822	 2.90	 1	 -42.1420	  173.5536
3.829	 2.02	 1	 -42.5197	  173.1068
3.841	 2.20	 2	 -42.5615	  173.0300
3.842	 2.45	 1	 -43.0990	  173.8537
3.857	 2.00	 1	 -42.8780	  173.0479
3.868	 2.44	 1	 -42.5637	  173.2266
3.870	 2.22	 1	 -42.7170	  172.2804
3.877	 2.69	 1	 -41.7030	  172.9910
3.883	 2.88	 1	 -42.2360	  173.4142
3.886	 2.50	 1	 -42.1089	  173.8763
3.901	 2.04	 1	 -42.0740	  173.7406
3.907	 2.88	 1	 -42.8391	  172.8080
3.907	 2.19	 2	 -42.3518	  173.1005
3.908	 2.21	 1	 -42.5744	  173.2456
3.910	 2.51	 1	 -42.3316	  173.8822
3.914	 2.18	 1	 -42.1590	  173.8805
3.918	 2.21	 1	 -42.6210	  173.0143
3.939	 2.29	 1	 -42.7280	  172.8933
3.948	 2.46	 2	 -42.2034	  173.4871
3.951	 2.98	 1	 -42.0115	  173.6960
3.962	 2.31	 2	 -42.6133	  173.4450
3.965	 2.20	 2	 -42.9841	  172.9228
3.972	 3.12	 1	 -41.8248	  174.3029
3.976	 2.39	 1	 -41.9040	  173.9732
4.007	 2.27	 1	 -42.2494	  173.4689
4.027	 2.27	 1	 -42.9718	  172.9803
4.029	 2.11	 1	 -46.3437	  176.5929
4.046	 2.36	 1	 -42.4566	  173.7634
4.069	 2.39	 1	 -42.8607	  173.4253
4.072	 2.08	 1	 -42.1201	  173.6079
4.088	 2.54	 1	 -42.4661	  173.7886
4.098	 2.36	 1	 -42.5929	  173.2041
4.132	 2.04	 2	 -42.4013	  173.1078
4.133	 2.74	 1	 -42.1219	  173.6310
4.144	 2.10	 1	 -41.6259	  171.2993
4.153	 2.01	 1	 -43.2631	  173.0480
4.164	 2.15	 1	 -42.0439	  173.7393
4.174	 2.37	 1	 -42.8356	  173.1351
4.184	 2.03	 1	 -43.0695	  173.9812
4.186	 2.90	 1	 -42.1337	  173.4215
4.191	 4.03	 1	 -42.5805	  172.8779
4.202	 2.20	 1	 -41.0961	  174.8851
4.215	 2.06	 1	 -42.2911	  173.9736
4.216	 2.07	 1	 -42.3138	  173.8033
4.232	 2.03	 2	 -43.1192	  171.6879
4.235	 2.01	 1	 -43.1326	  172.4949
4.242	 2.54	 1	 -41.8448	  173.8793
4.247	 2.05	 1	 -42.7391	  173.1053
4.253	 2.40	 1	 -43.1427	  173.9242
4.286	 2.58	 2	 -42.6110	  172.8053
4.308	 2.26	 1	 -42.9329	  173.2764
4.313	 2.14	 1	 -42.1894	  174.0610
4.313	 2.03	 1	 -42.0448	  174.1645
4.323	 2.15	 1	 -42.6807	  173.4353
4.324	 2.61	 1	 -42.5402	  172.6413
4.330	 2.91	 1	 -42.1755	  173.0392
4.346	 2.70	 1	 -42.4483	  172.8466
4.371	 2.82	 2	 -42.1313	  173.6507
4.380	 2.04	 1	 -42.4240	  172.4271
4.396	 2.71	 1	 -42.6645	  172.4582
4.400	 2.28	 1	 -42.4736	  175.2235
4.413	 2.07	 1	 -42.5295	  173.0343
4.422	 2.54	 2	 -41.6012	  173.8276
4.431	 2.32	 2	 -42.2928	  173.9943
4.438	 2.67	 1	 -42.4514	  173.6229
4.447	 2.10	 1	 -42.6826	  173.3197
4.455	 3.01	 1	 -41.8576	  167.0107
4.466	 2.40	 1	 -42.3711	  173.2769
4.471	 2.05	 1	 -42.1773	  173.6329
4.479	 2.06	 1	 -42.6838	  173.0770
4.484	 2.31	 2	 -41.9712	  172.8869
4.492	 2.59	 1	 -41.7832	  174.1889
4.500	 3.50	 1	 -38.4304	  171.0723
4.502	 2.98	 2	 -42.3678	  173.2780
4.505	 2.78	 1	 -41.8912	  173.9337
4.524	 2.14	 1	 -42.8525	  173.1102
4.550	 2.40	 1	 -42.0294	  173.6689
4.554	 3.22	 1	 -42.3400	  173.2506
4.559	 2.02	 1	 -42.3138	  173.7671
4.560	 2.98	 1	 -42.7047	  172.5544
4.599	 2.89	 1	 -44.1070	  175.5004
4.608	 3.16	 1	 -43.0970	  172.8486
4.621	 2.04	 1	 -42.5657	  173.0019
4.631	 3.21	 2	 -41.8692	  167.0100
4.669	 2.28	 1	 -43.1253	  173.1458
4.669	 2.09	 1	 -42.3509	  173.4785
4.669	 2.80	 2	 -42.7434	  172.8838
4.672	 2.22	 1	 -42.5691	  172.8571
4.683	 2.13	 1	 -41.9203	  174.1570
4.684	 2.04	 2	 -42.2480	  174.0311
4.703	 2.15	 1	 -41.7963	  174.4861
4.708	 2.23	 1	 -43.6264	  173.2571
4.717	 2.02	 1	 -41.3060	  173.4839
4.739	 2.60	 1	 -42.4676	  176.8722
4.770	 2.14	 1	 -42.4663	  173.7451
4.791	 2.02	 1	 -42.4012	  172.8067
4.792	 2.41	 2	 -42.6154	  173.0970
4.806	 2.56	 1	 -42.4217	  173.7446
4.826	 2.09	 1	 -42.5029	  173.0707
4.869	 2.15	 1	 -42.9290	  172.7036
4.879	 2.03	 1	 -42.6509	  175.3280
4.898	 2.79	 1	 -42.0788	  173.8607
4.901	 2.26	 1	 -42.6881	  172.6563
4.901	 2.09	 2	 -41.8204	  174.2295
4.909	 2.22	 1	 -42.3505	  173.3118
4.935	 2.81	 1	 -38.9758	  169.5788
4.938	 2.68	 2	 -43.0320	  173.0542
4.941	 2.10	 1	 -43.2587	  173.2673
4.969	 2.01	 2	 -42.4530	  173.1083
4.971	 3.22	 1	 -42.0223	  173.7748
4.975	 2.05	 1	 -42.5247	  173.7749
4.992	 2.79	 1	 -42.7190	  172.9492
5.004	 2.01	 2	 -42.8159	  172.8356
5.031	 2.01	 1	 -41.8062	  174.4188
5.033	 2.51	 1	 -42.9687	  172.4492
5.034	 2.10	 1	 -42.3895	  173.1744
5.035	 2.01	 1	 -42.1120	  173.5748
5.045	 3.07	 2	 -42.7810	  172.6895
5.068	 2.17	 3	 -41.6008	  173.8262
5.071	 2.08	 1	 -42.7009	  172.9114
5.076	 2.07	 1	 -42.1962	  174.5329
5.134	 2.15	 1	 -41.8465	  172.3702
5.139	 2.87	 1	 -42.3978	  173.7540
5.144	 2.09	 1	 -41.7842	  174.2638
5.148	 2.28	 1	 -42.7099	  173.2895
5.156	 2.50	 1	 -42.1648	  173.6211
5.170	 2.24	 1	 -46.7934	  172.9577
5.175	 2.36	 1	 -42.7161	  172.9901
5.178	 2.03	 1	 -43.0844	  174.8438
5.184	 4.70	 1	 -43.7371	  177.0668
5.207	 2.96	 2	 -43.7385	  177.1041
5.210	 2.14	 1	 -42.6192	  173.0123
5.231	 2.19	 1	 -41.7615	  174.2835
5.249	 2.19	 2	 -42.3661	  173.1447
5.267	 2.32	 1	 -42.6365	  173.0550
5.269	 2.51	 1	 -41.8228	  174.2643
5.271	 2.29	 1	 -41.7793	  173.1032
5.306	 2.12	 1	 -42.2781	  173.7227
5.318	 2.12	 1	 -41.9816	  173.6647
5.319	 2.07	 1	 -42.6793	  172.8808
5.319	 2.10	 1	 -42.8224	  172.7559
5.339	 2.97	 2	 -41.5602	  175.5625
5.341	 2.81	 1	 -42.0475	  173.5233
5.346	 2.09	 1	 -42.0720	  173.2946
5.361	 2.32	 1	 -42.5495	  173.1424
5.363	 2.02	 1	 -42.1588	  173.5724
5.370	 2.03	 1	 -41.7819	  174.1402
5.371	 2.01	 1	 -41.8215	  174.2482
5.372	 2.14	 1	 -41.9518	  173.6786
5.377	 2.25	 2	 -43.7647	  177.0820
5.382	 2.36	 1	 -41.9204	  173.4500
5.407	 2.41	 2	 -43.7463	  177.0883
5.409	 3.77	 1	 -42.8010	  173.4772
5.425	 2.36	 1	 -41.8988	  174.1064
5.429	 2.47	 1	 -42.1760	  173.6719
5.466	 2.85	 1	 -42.5232	  172.8277
5.483	 2.51	 1	 -42.1805	  173.6484
5.492	 2.85	 1	 -41.9541	  173.9896
5.493	 2.29	 1	 -43.7628	  171.3523
5.517	 2.76	 1	 -43.2782	  173.2562
5.527	 2.40	 1	 -42.6415	  173.2591
5.546	 3.14	 1	 -41.9925	  173.8371
5.564	 2.49	 1	 -42.0379	  173.7156
5.566	 2.04	 1	 -42.5837	  172.8963
5.567	 2.19	 1	 -42.1901	  173.6377
5.569	 2.07	 1	 -42.9226	  179.6112
5.571	 2.10	 1	 -42.4188	  172.8664
5.577	 3.23	 1	 -42.6964	  173.1718
5.583	 2.05	 1	 -41.6606	  174.1869
5.597	 2.10	 1	 -42.9107	  173.2187
5.598	 2.65	 1	 -42.2700	  173.8602
5.610	 2.82	 1	 -42.2725	  173.4780
5.614	 2.30	 1	 -42.7491	  173.0598
5.639	 2.03	 1	 -45.2709	  169.7336
5.654	 2.19	 1	 -41.0883	  174.2826
5.673	 2.05	 1	 -41.6396	  172.1949
5.679	 2.26	 1	 -42.4751	  173.7302
5.702	 2.42	 1	 -42.3881	  173.7808
5.707	 2.94	 2	 -42.2051	  173.6364
5.710	 2.23	 1	 -41.9802	  173.6981
5.721	 4.23	 1	 -41.7618	  174.2936
5.727	 2.12	 1	 -43.2339	  173.5833
5.730	 2.60	 2	 -41.7676	  174.2824
5.761	 2.91	 1	 -42.0632	  174.2723
5.781	 2.76	 1	 -42.2627	  173.7011
5.783	 2.02	 1	 -42.7597	  173.7958
5.786	 2.43	 1	 -41.8024	  174.2794
5.798	 3.12	 2	 -41.8060	  174.2676
5.809	 2.00	 1	 -41.7563	  174.0283
5.825	 3.13	 2	 -43.1673	  172.7668
5.827	 2.17	 1	 -42.7197	  175.1203
5.881	 2.04	 1	 -42.8655	  172.8986
5.899	 2.44	 2	 -41.8064	  174.2062
5.936	 2.02	 1	 -42.1567	  173.7283
5.975	 2.01	 1	 -42.5089	  172.8164
5.978	 2.05	 1	 -42.4632	  173.4765
5.993	 2.10	 2	 -43.7140	  168.6040
5.993	 2.90	 1	 -42.8237	  172.8761
6.007	 2.03	 1	 -42.5109	  173.3465
6.018	 2.10	 1	 -42.8100	  173.3970
6.024	 2.41	 1	 -41.9169	  173.6883
6.029	 2.04	 1	 -42.5411	  172.5802
6.063	 2.18	 2	 -42.6170	  173.6951
6.066	 3.12	 1	 -42.0122	  172.4664
6.076	 3.61	 1	 -42.7361	  172.9151
6.077	 2.08	 1	 -42.1038	  173.8643
6.087	 2.38	 1	 -42.1447	  173.8755
6.100	 2.88	 2	 -42.0156	  172.4670
6.139	 2.26	 2	 -43.7389	  176.9788
6.158	 2.15	 1	 -41.8445	  174.1140
6.165	 2.19	 1	 -42.8757	  173.0486
6.174	 2.21	 2	 -42.1428	  173.8988
6.174	 2.36	 1	 -43.0621	  173.7738
6.193	 2.55	 1	 -42.2304	  173.6036
6.196	 2.04	 1	 -41.9628	  173.5307
6.219	 2.06	 1	 -42.6026	  172.7753
6.225	 2.06	 1	 -42.4349	  173.1080
6.230	 2.90	 2	 -42.2268	  173.5889
6.256	 2.38	 1	 -39.8047	  172.1329
6.309	 2.65	 1	 -42.4534	  173.3618
6.315	 2.70	 1	 -42.9360	  173.7782
6.326	 2.06	 1	 -42.6624	  175.0624
6.340	 2.43	 2	 -41.8168	  172.6736
6.385	 2.59	 2	 -41.7463	  174.2967
6.390	 2.30	 1	 -42.8083	  173.3409
6.398	 2.05	 1	 -42.0186	  174.0325
6.404	 2.89	 1	 -41.6653	  174.1771
6.408	 2.05	 3	 -42.3576	  173.6234
6.418	 2.96	 1	 -42.6895	  173.3896
6.425	 2.05	 2	 -42.7574	  172.8570
6.444	 2.04	 1	 -43.6436	  174.4182
6.455	 2.99	 1	 -42.6615	  173.1009
6.462	 2.55	 1	 -41.7775	  174.3426
6.480	 2.45	 1	 -42.4347	  173.3541
6.496	 3.55	 3	 -42.4029	  173.1220
6.500	 2.04	 1	 -42.3645	  173.2723
6.501	 2.59	 1	 -42.7098	  172.9261
6.507	 2.01	 1	 -42.3699	  173.7366
6.548	 2.32	 1	 -42.7197	  172.9591
6.569	 2.32	 1	 -41.7061	  174.2613
6.585	 2.88	 1	 -41.9287	  173.8238
6.695	 2.01	 1	 -42.4419	  173.6285
6.771	 2.09	 2	 -41.7579	  174.2404
6.773	 2.10	 1	 -42.5729	  172.1638
6.796	 2.80	 1	 -41.7354	  173.8950
6.810	 3.72	 1	 -43.4858	  172.9545
6.822	 2.34	 1	 -42.4488	  173.8215
6.823	 2.04	 2	 -43.4624	  172.9336
6.825	 2.73	 1	 -41.9649	  173.6872
6.835	 2.19	 1	 -42.3003	  173.6597
6.854	 2.00	 2	 -43.4881	  172.9524
6.873	 2.20	 2	 -42.3040	  174.0272
6.885	 2.44	 2	 -43.7234	  177.0235
6.980	 2.48	 1	 -42.8336	  173.3198
7.008	 2.49	 1	 -42.8252	  173.3505
7.017	 2.22	 1	 -42.3663	  173.6233
7.034	 2.05	 1	 -44.2850	  173.2273
7.069	 2.90	 2	 -41.7563	  174.2769
7.125	 3.11	 1	 -41.8511	  173.8938
7.125	 2.02	 1	 -42.3628	  173.7981
7.141	 2.13	 1	 -41.2599	  173.4045
7.153	 2.57	 1	 -42.6822	  172.9422
7.161	 2.32	 1	 -39.5647	  168.9352
7.174	 2.53	 1	 -40.7945	  177.8573
7.208	 2.56	 1	 -42.5975	  173.0555
7.211	 2.89	 1	 -42.0831	  173.7487
7.218	 2.34	 1	 -42.1454	  173.7660
7.231	 2.11	 1	 -42.2683	  173.7862
7.239	 2.64	 1	 -42.2906	  173.6326
7.242	 2.08	 1	 -42.3635	  173.6739
7.253	 2.03	 1	 -42.1782	  173.3670
7.256	 2.17	 1	 -42.1035	  173.8224
7.270	 2.70	 2	 -42.5055	  174.2132
7.306	 2.32	 1	 -41.9497	  173.5981
7.424	 2.07	 1	 -42.7178	  172.9486
7.429	 2.48	 1	 -41.7635	  173.8739
7.431	 2.27	 2	 -40.8163	  173.8165
7.450	 2.55	 2	 -43.7226	  177.0392
7.501	 2.01	 2	 -42.4926	  173.6374
7.515	 2.63	 1	 -42.2029	  173.5598
7.515	 2.33	 2	 -42.7191	  175.1203
7.529	 2.14	 1	 -41.8634	  173.6395
7.536	 2.83	 1	 -42.2889	  173.7186
7.576	 2.98	 1	 -46.3780	  169.5170
7.621	 2.59	 1	 -42.6201	  173.0098
7.630	 2.24	 1	 -44.1740	  167.7901
7.641	 2.05	 1	 -41.6644	  174.3982
7.663	 2.29	 2	 -42.6056	  173.1976
7.664	 2.16	 1	 -41.9820	  174.1174
7.700	 2.25	 1	 -41.5518	  173.4622
7.703	 2.74	 1	 -42.4361	  173.8516
7.716	 2.24	 1	 -42.5142	  173.0205
7.725	 2.61	 1	 -41.7911	  174.2691
7.755	 2.38	 1	 -42.4785	  173.5389
7.790	 2.01	 1	 -41.8705	  173.6889
7.798	 3.56	 2	 -42.3091	  173.8988
7.823	 2.01	 2	 -42.2768	  173.4626
7.830	 2.33	 3	 -42.3130	  173.8982
7.840	 2.10	 1	 -41.8913	  171.2840
7.891	 3.03	 1	 -42.8830	  173.4436
7.898	 2.11	 1	 -42.2372	  173.9711
7.912	 2.93	 1	 -41.8712	  173.5152
7.921	 2.06	 1	 -42.2735	  173.6414
7.937	 2.46	 1	 -41.7555	  174.2603
7.964	 2.42	 1	 -41.9971	  173.8351
7.977	 2.15	 1	 -43.0117	  173.2859
7.985	 2.30	 2	 -42.7182	  172.9888
7.998	 2.35	 1	 -41.7215	  174.2639
8.030	 2.46	 1	 -42.7123	  173.1251
8.077	 2.30	 1	 -41.6697	  174.2773
8.116	 2.49	 1	 -42.2716	  173.6649
8.118	 2.01	 1	 -42.5629	  173.3949
8.131	 2.03	 1	 -41.9188	  174.2612
8.154	 2.04	 2	 -42.3022	  173.9850
8.157	 2.35	 1	 -42.5997	  173.7386
8.165	 2.96	 1	 -40.0473	  168.6626
8.180	 2.08	 2	 -42.4009	  173.5730
8.191	 2.42	 1	 -42.0971	  173.6996
8.252	 2.15	 1	 -42.7579	  173.1991
8.275	 2.25	 1	 -42.2455	  173.6453
8.282	 2.20	 1	 -42.7580	  172.4653
8.306	 3.81	 1	 -41.7985	  174.3912
8.315	 3.02	 1	 -42.1688	  173.6509
8.322	 2.06	 1	 -42.3153	  173.9936
8.324	 2.44	 1	 -38.2286	  173.7583
8.355	 2.03	 1	 -41.9708	  173.6680
8.385	 2.12	 1	 -42.5923	  173.0744
8.404	 3.02	 2	 -41.7908	  174.4090
8.412	 2.54	 1	 -42.2654	  173.8298
8.439	 2.50	 1	 -41.7253	  174.1439
8.454	 2.37	 1	 -42.9851	  172.9345
8.517	 3.46	 1	 -41.7064	  174.3100
8.523	 2.19	 1	 -42.2685	  173.6877
8.540	 2.56	 1	 -42.3616	  173.8330
8.552	 2.09	 1	 -41.5930	  175.5912
8.588	 2.09	 2	 -41.9182	  174.2649
8.593	 2.19	 1	 -42.9071	  173.0775
8.631	 2.77	 1	 -42.5854	  172.7899
8.651	 2.29	 1	 -42.4616	  173.7532
8.694	 2.91	 1	 -42.3978	  173.2094
8.701	 2.32	 1	 -42.1441	  173.7005
8.787	 2.10	 1	 -41.9876	  173.5686
8.804	 2.25	 1	 -41.7256	  174.2638
8.822	 2.60	 1	 -42.8357	  173.3940
8.827	 2.99	 1	 -42.9274	  173.1624
8.833	 2.34	 1	 -43.3009	  173.2374
8.872	 2.01	 1	 -42.6081	  172.9453
8.879	 2.50	 2	 -41.5759	  173.3731
8.894	 2.92	 1	 -41.7076	  174.2524
8.934	 2.30	 1	 -41.9965	  173.8001
8.949	 2.64	 1	 -42.1511	  173.4989
8.976	 2.01	 1	 -41.6219	  174.6569
8.983	 2.01	 1	 -42.4108	  173.7963
8.997	 3.06	 1	 -43.1037	  169.9869
9.050	 2.31	 1	 -42.8237	  172.7078
9.070	 2.40	 2	 -42.5483	  172.8657
9.075	 2.27	 2	 -44.0890	  171.5924
9.081	 2.33	 1	 -42.5379	  173.1347
9.094	 2.13	 1	 -42.1027	  173.5553
9.111	 2.03	 2	 -42.5214	  173.4569
9.255	 2.53	 2	 -42.1220	  173.0363
9.265	 2.11	 1	 -42.2486	  173.7048
9.286	 2.73	 1	 -42.4146	  173.1357
9.307	 3.30	 1	 -42.3727	  173.9581
9.314	 2.12	 1	 -42.0333	  173.6288
9.366	 2.13	 1	 -42.4283	  173.3291
9.367	 2.56	 1	 -41.8169	  174.1975
9.367	 2.65	 1	 -42.1609	  173.7000
9.392	 2.32	 1	 -42.2580	  173.5953
9.400	 2.90	 1	 -41.6844	  174.2558
9.418	 2.70	 1	 -42.5992	  172.8262
9.419	 2.12	 1	 -41.9285	  173.7326
9.423	 2.03	 1	 -42.4677	  172.9903
9.436	 2.15	 1	 -42.4640	  172.8678
9.454	 2.43	 1	 -42.2513	  173.9462
9.493	 2.00	 1	 -42.8214	  172.8979
9.502	 2.05	 1	 -42.0722	  173.6915
9.508	 2.09	 1	 -42.8366	  173.3917
9.548	 2.04	 2	 -42.4466	  172.8413
9.601	 2.17	 1	 -41.7301	  174.3529
9.612	 3.06	 1	 -42.0097	  173.7962
9.613	 3.16	 1	 -42.5579	  173.0769
9.684	 2.09	 2	 -42.2655	  173.4496
9.703	 4.27	 1	 -42.8012	  173.0629
9.723	 2.15	 1	 -40.2188	  167.9133
9.736	 2.51	 1	 -42.5335	  173.3267
9.741	 2.33	 1	 -42.7142	  172.7915
9.753	 2.20	 1	 -43.2300	  171.5242
9.758	 2.34	 2	 -41.7103	  174.5443
9.765	 2.16	 1	 -42.7085	  173.2132
9.766	 2.41	 1	 -43.0372	  171.9378
9.779	 2.24	 1	 -42.6229	  173.0648
9.787	 2.91	 1	 -42.6370	  172.7918
9.795	 2.60	 1	 -42.2578	  173.7569
9.818	 2.01	 1	 -42.7668	  173.4155
9.852	 2.03	 1	 -41.5803	  174.8622
9.881	 2.24	 1	 -41.0549	  173.4154
9.887	 2.47	 1	 -42.6506	  172.9668
9.905	 3.77	 1	 -42.1855	  173.4179
9.906	 2.02	 1	 -42.4679	  173.8011
9.911	 2.90	 1	 -41.7362	  173.4154
9.924	 2.28	 2	 -42.1849	  173.4136
9.933	 3.69	 1	 -42.1439	  173.7949
9.940	 2.18	 1	 -41.8495	  174.1257
9.962	 2.42	 2	 -42.8790	  173.3975
9.967	 2.91	 1	 -42.1813	  173.7864
9.999	 2.11	 1	 -41.8568	  172.1810
10.021	 2.06	 1	 -41.8024	  174.2604
10.043	 2.35	 1	 -42.4431	  173.2915
10.079	 2.04	 1	 -42.4881	  173.8563
10.094	 2.08	 1	 -42.9993	  173.3291
10.129	 2.67	 1	 -42.3404	  173.5828
10.160	 3.02	 1	 -42.7664	  172.8769
10.174	 2.24	 2	 -42.3123	  173.9398
10.217	 2.19	 1	 -41.9547	  173.9973
10.285	 2.46	 1	 -41.9149	  173.7905
10.320	 2.34	 1	 -42.1501	  173.6060
10.321	 2.60	 1	 -41.9999	  173.6610
10.328	 2.85	 2	 -42.1718	  173.6353
10.332	 2.07	 1	 -41.7976	  174.1452
10.353	 2.23	 2	 -41.7132	  174.3190
10.357	 2.27	 1	 -42.0187	  173.2642
10.371	 2.09	 1	 -42.2953	  173.1573
10.385	 2.35	 2	 -42.0638	  174.3400
10.392	 2.64	 1	 -42.5890	  172.9684
10.519	 2.14	 1	 -42.7859	  172.8119
10.535	 2.05	 1	 -42.9452	  172.7712
10.610	 2.24	 1	 -42.1691	  173.4544
10.706	 2.42	 1	 -42.4427	  173.8613
10.709	 2.30	 1	 -42.0930	  173.6958
10.714	 2.03	 1	 -40.9336	  179.5224
10.733	 2.54	 1	 -42.5830	  172.8428
10.760	 2.00	 1	 -42.0459	  173.6887
10.819	 2.46	 1	 -42.8231	  173.1831
10.851	 2.02	 1	 -42.2162	  173.6397
10.888	 2.70	 1	 -42.1293	  173.5155
10.913	 2.51	 1	 -42.3245	  173.3905
10.974	 2.97	 1	 -42.1891	  173.8258
10.978	 2.06	 1	 -42.2814	  172.8369
10.990	 2.39	 1	 -42.7093	  172.9584
11.008	 2.52	 2	 -42.1975	  173.4324
11.027	 2.66	 1	 -41.9793	  173.7464
11.057	 2.86	 1	 -41.7338	  174.3202
11.072	 2.64	 1	 -42.7575	  173.0896
11.082	 3.27	 1	 -41.9356	  174.2466
11.106	 2.61	 1	 -45.9872	  170.5951
11.120	 2.36	 1	 -42.3900	  173.8378
11.153	 2.01	 1	 -42.2105	  173.9130
11.256	 2.01	 1	 -41.7408	  174.1937
11.349	 3.15	 1	 -42.6952	  173.0056
11.352	 2.13	 1	 -41.6687	  171.9626
11.353	 2.70	 2	 -42.6964	  173.0016
11.358	 2.42	 1	 -41.7443	  174.3067
11.380	 2.15	 2	 -42.2346	  173.6634
11.403	 2.72	 2	 -42.3870	  173.8372
11.410	 2.14	 1	 -41.8052	  174.2471
11.438	 2.56	 1	 -42.0037	  173.7593
11.448	 3.36	 1	 -42.6046	  173.0277
11.524	 2.27	 1	 -42.9391	  172.6693
11.550	 2.57	 1	 -42.6495	  173.0168
11.560	 3.18	 1	 -37.5206	  172.8160
11.582	 2.15	 2	 -41.9496	  173.7309
11.584	 2.82	 1	 -42.5039	  172.7732
11.622	 2.52	 1	 -41.9107	  173.6645
11.641	 2.18	 1	 -42.8898	  173.2154
11.664	 3.03	 1	 -43.3279	  173.7651
11.679	 2.64	 1	 -42.0684	  173.0570
11.686	 2.04	 1	 -42.2910	  170.9050
11.770	 2.15	 1	 -42.7702	  172.8434
11.775	 2.11	 1	 -41.7604	  174.2172
11.849	 4.16	 1	 -42.5935	  173.0835
11.861	 3.29	 2	 -42.6111	  173.2122
11.872	 2.54	 1	 -39.1624	  169.2326
11.887	 2.15	 1	 -42.6996	  173.1516
11.910	 2.13	 1	 -43.4852	  173.4014
11.948	 2.12	 1	 -43.3634	  174.2687
11.984	 2.55	 1	 -42.7384	  172.6980
12.005	 2.08	 2	 -42.3654	  173.9200
12.015	 2.08	 1	 -47.1890	  172.9661
12.023	 2.61	 1	 -42.2217	  173.5990
12.026	 2.14	 1	 -42.7274	  173.2795
12.033	 2.06	 3	 -42.5862	  173.1974
12.161	 2.02	 1	 -42.6125	  173.0211
12.162	 2.33	 2	 -47.0520	  171.9987
12.242	 2.13	 1	 -42.3247	  173.8270
12.373	 2.18	 1	 -42.0137	  173.6228
12.395	 2.75	 2	 -42.2529	  173.7296
12.441	 2.25	 2	 -42.3766	  173.1779
12.462	 2.32	 1	 -42.8761	  173.1162
12.463	 2.30	 1	 -41.9238	  173.6569
12.466	 2.04	 1	 -42.5906	  173.0280
12.495	 2.53	 1	 -42.4750	  173.2472
12.532	 2.33	 1	 -42.4674	  172.7314
12.579	 2.25	 1	 -41.6575	  174.3974
12.583	 2.18	 1	 -42.3511	  173.4918
12.618	 2.75	 1	 -42.2200	  173.6546
12.643	 2.42	 1	 -42.3844	  172.8931
12.681	 2.53	 1	 -39.7509	  177.6493
12.708	 2.06	 2	 -41.4641	  174.3118
12.765	 2.53	 2	 -42.0149	  173.8155
12.765	 2.09	 1	 -42.6827	  172.7667
12.818	 2.31	 1	 -42.6562	  173.2280
12.837	 2.13	 1	 -42.1346	  173.8713
12.883	 2.50	 1	 -41.7240	  174.2385
12.920	 2.87	 2	 -42.2789	  173.0121
12.953	 2.04	 1	 -41.7049	  174.1253
12.965	 2.40	 1	 -43.3398	  172.8132
12.989	 2.99	 1	 -42.4126	  173.8179
13.190	 2.24	 2	 -41.9182	  173.7459
13.194	 2.81	 1	 -41.9000	  173.8071
13.202	 2.39	 1	 -42.0709	  173.5604
13.211	 2.96	 1	 -42.6400	  173.6424
13.234	 2.35	 1	 -42.6663	  173.3858
13.260	 2.13	 1	 -41.7794	  174.2307
13.268	 2.34	 2	 -41.7786	  174.2304
13.288	 2.17	 2	 -42.3396	  173.9247
13.388	 2.40	 1	 -42.2109	  173.5378
13.453	 2.45	 1	 -41.2358	  172.6770
13.454	 2.51	 1	 -42.6056	  172.8476
13.480	 2.10	 1	 -45.7981	  173.7359
13.534	 2.07	 1	 -42.8655	  173.0111
13.570	 2.75	 1	 -42.3827	  172.6607
13.571	 2.90	 1	 -42.6184	  172.9560
13.578	 2.79	 1	 -42.9987	  173.2067
13.643	 2.03	 1	 -41.6188	  174.4397
13.667	 2.28	 1	 -42.8666	  173.0451
13.694	 2.74	 1	 -42.6723	  173.1142
13.698	 2.51	 2	 -42.3575	  173.2460
13.704	 2.03	 1	 -44.1442	  172.0084
13.823	 2.19	 1	 -41.7895	  174.2974
13.863	 2.34	 1	 -42.7880	  172.7990
13.873	 2.01	 1	 -42.5390	  173.0381
13.922	 2.98	 1	 -41.8690	  174.0070
13.973	 3.02	 1	 -42.7004	  172.9751
13.974	 3.00	 1	 -38.8175	  169.9187
13.983	 2.04	 1	 -42.2149	  173.6483
14.075	 2.44	 1	 -42.3789	  173.8825
14.116	 2.27	 1	 -42.3464	  173.7702
14.117	 2.24	 1	 -42.5760	  172.8303
14.239	 2.46	 1	 -41.8842	  174.1635
14.262	 2.16	 1	 -41.4914	  174.6972
14.316	 2.89	 2	 -38.8191	  169.9198
14.374	 3.11	 1	 -42.5871	  172.7713
14.394	 2.62	 1	 -44.2640	  174.8905
14.408	 2.14	 1	 -42.0584	  173.9807
14.439	 2.10	 1	 -42.3406	  173.4904
14.456	 2.21	 1	 -42.1938	  173.6878
14.484	 2.96	 1	 -42.6572	  174.2606
14.492	 2.09	 3	 -38.8183	  169.9188
