# Simulation 155
# RelativeTime(days) Magnitude Generation Latitude Longitude
Time Mag Gen Lat Lon
7.000	 3.02	 1	 -39.6314	  168.5408
7.010	 2.08	 1	 -44.1980	  170.4383
7.012	 2.24	 1	 -42.2876	  173.8980
7.026	 2.05	 1	 -43.6991	  178.9847
7.036	 2.13	 1	 -42.3855	  174.6617
7.047	 2.13	 1	 -38.2410	  172.1581
7.053	 2.70	 1	 -42.9785	  172.3601
7.057	 2.35	 1	 -39.4511	  168.7820
7.061	 2.17	 1	 -41.8788	  173.3709
7.088	 2.25	 1	 -43.4549	  171.0799
7.090	 2.57	 1	 -42.1135	  173.5271
7.093	 2.18	 1	 -41.4846	  171.0596
7.093	 2.44	 1	 -38.2505	  173.9725
7.101	 2.37	 1	 -38.7904	  176.0623
7.110	 3.51	 1	 -42.6651	  175.4801
7.118	 2.08	 1	 -45.2360	  167.9771
7.124	 2.20	 1	 -42.0520	  173.5603
7.127	 2.16	 1	 -41.7721	  174.2962
7.129	 2.04	 1	 -43.3903	  173.6070
7.157	 2.84	 1	 -39.3016	  173.0647
7.159	 2.93	 1	 -41.7205	  174.2298
7.183	 2.92	 1	 -45.0820	  171.9007
7.188	 2.13	 1	 -44.4882	  167.9346
7.188	 2.48	 1	 -44.4733	  167.4045
7.189	 2.13	 1	 -43.7936	  167.0906
7.189	 3.59	 1	 -41.8326	  173.1126
7.192	 3.05	 1	 -41.7422	  174.3832
7.193	 2.13	 1	 -41.5383	  170.7033
7.199	 2.39	 1	 -41.8209	  174.3056
7.204	 2.06	 1	 -41.9557	  173.6680
7.204	 2.61	 1	 -44.3770	  174.8578
7.215	 2.17	 1	 -38.9515	  176.4165
7.218	 2.74	 1	 -39.8768	  170.8971
7.226	 2.15	 1	 -40.3950	  178.2810
7.232	 2.95	 1	 -42.4864	  173.7327
7.241	 2.58	 1	 -42.9397	  172.8937
7.244	 2.06	 1	 -42.9092	  173.2847
7.256	 2.03	 1	 -39.2943	  177.0285
7.260	 2.00	 1	 -39.7460	  171.9236
7.265	 2.20	 1	 -44.6695	  174.5186
7.301	 2.34	 1	 -43.5788	  172.7760
7.324	 2.31	 1	 -42.1895	  172.8220
7.334	 2.05	 1	 -42.5904	  172.1229
7.355	 2.39	 1	 -42.6993	  172.8840
7.362	 2.00	 1	 -41.8875	  173.9528
7.380	 2.39	 1	 -40.4100	  167.7511
7.387	 2.01	 1	 -42.1142	  172.8403
7.395	 2.68	 1	 -44.2862	  173.1922
7.397	 2.13	 1	 -39.9132	  174.2941
7.399	 2.07	 1	 -38.2059	  172.6150
7.401	 2.01	 1	 -42.1271	  172.6876
7.409	 2.54	 1	 -44.7030	  175.3289
7.412	 2.53	 1	 -42.8739	  173.2113
7.424	 2.81	 1	 -42.4306	  173.9214
7.426	 2.44	 1	 -42.2873	  173.8142
7.433	 2.79	 1	 -40.2653	  169.5067
7.433	 2.02	 1	 -42.1705	  173.7045
7.433	 2.11	 1	 -46.2505	  174.7390
7.436	 2.25	 1	 -43.5037	  172.8394
7.436	 2.18	 1	 -45.6604	  172.4523
7.437	 2.03	 1	 -42.4180	  173.3421
7.439	 3.22	 1	 -40.0865	  171.3809
7.443	 2.55	 1	 -41.9989	  173.7632
7.444	 2.21	 1	 -44.2399	  171.3618
7.445	 3.03	 1	 -46.1782	  176.8870
7.449	 2.56	 1	 -42.8844	  172.0361
7.460	 2.24	 1	 -43.1267	  173.6976
7.463	 2.82	 1	 -40.8435	  172.2323
7.472	 2.31	 1	 -40.8390	  169.0623
7.478	 2.57	 1	 -42.3426	  173.9095
7.481	 2.75	 1	 -40.2270	  170.4003
7.482	 3.43	 1	 -41.3985	  172.3597
7.483	 2.41	 1	 -45.0909	  173.0018
7.489	 2.06	 1	 -40.1384	  167.9871
7.498	 2.05	 1	 -42.7267	  169.2027
7.506	 2.23	 1	 -43.3606	  174.6250
7.508	 2.14	 1	 -42.5153	  173.0478
7.522	 2.19	 1	 -38.7172	  171.4795
7.525	 2.41	 1	 -44.0240	  171.1751
7.531	 2.71	 1	 -42.2146	  179.1053
7.532	 2.14	 1	 -42.0381	  173.5113
7.538	 2.73	 1	 -41.4353	  174.9249
7.550	 2.32	 1	 -43.6007	  174.6717
7.551	 2.14	 1	 -43.6653	  173.8661
7.552	 2.11	 1	 -43.4277	  170.8525
7.566	 2.70	 1	 -41.9789	  169.6832
7.570	 2.21	 1	 -40.3677	  178.2588
7.572	 3.18	 1	 -40.6243	  171.3681
7.584	 2.13	 1	 -42.2399	  173.5954
7.589	 2.63	 1	 -46.3415	  176.1453
7.602	 2.62	 1	 -42.6306	  178.2249
7.603	 3.24	 1	 -44.9216	  170.6515
7.604	 2.82	 1	 -38.2067	  173.4458
7.610	 2.07	 1	 -42.9209	  179.1320
7.613	 2.18	 1	 -45.0295	  172.4168
7.617	 2.14	 1	 -42.1415	  171.2102
7.619	 2.08	 1	 -41.5797	  170.9013
7.620	 2.12	 1	 -46.2598	  170.3347
7.622	 2.07	 1	 -40.6270	  168.9370
7.623	 2.25	 1	 -40.6611	  178.4801
7.630	 3.00	 1	 -44.3142	  168.2224
7.631	 3.00	 1	 -42.6471	  173.0423
7.632	 2.16	 1	 -42.2076	  173.5445
7.638	 3.19	 1	 -41.9038	  171.4882
7.639	 2.57	 1	 -43.4190	  172.2148
7.641	 2.04	 1	 -41.7974	  173.2990
7.652	 2.61	 1	 -43.2377	  173.6128
7.653	 2.39	 1	 -45.2054	  168.6601
7.660	 2.12	 1	 -42.5293	  171.9015
7.664	 2.19	 1	 -38.8440	  176.1861
7.671	 2.11	 1	 -40.7209	  168.4617
7.675	 2.46	 1	 -44.9601	  172.8376
7.687	 2.07	 1	 -41.6709	  173.2190
7.689	 2.44	 1	 -42.3227	  173.6757
7.689	 2.94	 1	 -44.0560	  170.2707
7.695	 2.32	 1	 -44.5721	  178.5798
7.703	 3.07	 1	 -42.3934	  173.6535
7.703	 2.03	 1	 -43.1173	  172.2963
7.743	 2.02	 1	 -40.3057	  173.9177
7.746	 2.03	 1	 -40.5487	  178.0421
7.748	 2.52	 1	 -43.5702	  173.4765
7.754	 2.23	 1	 -44.5533	  167.4527
7.754	 2.13	 1	 -38.9929	  174.3379
7.761	 2.07	 1	 -42.1346	  173.0638
7.786	 2.02	 1	 -40.1565	  176.8751
7.792	 2.02	 1	 -39.6451	  168.9969
7.796	 2.13	 1	 -44.1741	  167.2460
7.803	 2.23	 1	 -42.0470	  173.5545
7.804	 2.45	 1	 -43.4401	  174.7402
7.809	 2.03	 1	 -41.1998	  173.7728
7.816	 2.73	 1	 -43.7240	  174.8897
7.862	 2.01	 1	 -43.7955	  172.2874
7.871	 2.22	 1	 -42.9129	  175.7592
7.878	 2.55	 1	 -42.3942	  173.4914
7.890	 2.78	 1	 -42.9211	  175.6370
7.894	 2.45	 1	 -38.2939	  171.7520
7.894	 2.80	 1	 -39.6352	  171.1938
7.901	 2.47	 1	 -42.0780	  173.6987
7.911	 2.04	 1	 -41.8778	  175.2504
7.919	 2.43	 1	 -43.0120	  172.2209
7.922	 2.01	 1	 -39.6482	  174.3741
7.923	 2.51	 1	 -42.1083	  172.8601
7.949	 2.62	 1	 -42.6060	  174.0302
7.956	 2.56	 1	 -42.8653	  167.0624
7.971	 2.22	 1	 -42.6250	  172.7237
7.975	 2.45	 1	 -46.8070	  175.4901
7.982	 2.50	 1	 -42.3364	  173.8937
7.984	 3.21	 1	 -38.9270	  169.6784
7.987	 3.05	 1	 -42.6426	  173.1805
7.989	 2.07	 1	 -39.4791	  174.0669
8.000	 2.45	 1	 -40.7821	  176.1544
8.007	 2.07	 1	 -41.8259	  174.3168
8.010	 2.02	 1	 -45.2382	  173.0538
8.011	 2.14	 1	 -42.3058	  179.1173
8.014	 2.40	 1	 -42.6494	  169.1898
8.021	 2.25	 1	 -42.4285	  170.6501
8.035	 2.38	 1	 -42.6157	  170.8657
8.035	 2.16	 1	 -40.5212	  171.9566
8.039	 2.30	 1	 -42.1378	  172.3061
8.060	 2.12	 1	 -45.4869	  177.8152
8.069	 2.40	 1	 -42.8277	  173.6419
8.077	 2.00	 1	 -42.1611	  179.0971
8.078	 2.61	 1	 -42.7860	  174.5616
8.082	 2.38	 1	 -42.4970	  170.7759
8.082	 2.17	 1	 -40.6632	  172.0022
8.086	 2.31	 1	 -43.1774	  173.7543
8.107	 2.67	 1	 -43.3889	  178.1437
8.108	 4.24	 1	 -39.5754	  168.6129
8.111	 2.20	 1	 -39.9934	  168.1291
8.119	 2.56	 1	 -46.1099	  169.8476
8.121	 2.20	 1	 -44.7199	  178.4828
8.122	 2.17	 1	 -42.2807	  173.1096
8.129	 2.37	 1	 -41.8069	  174.2122
8.130	 2.13	 1	 -41.4622	  174.7206
8.131	 2.08	 1	 -41.5653	  175.9255
8.132	 2.03	 1	 -39.8702	  172.5656
8.135	 2.36	 1	 -42.4790	  173.2461
8.152	 2.66	 1	 -46.7460	  170.3737
8.156	 3.37	 1	 -43.2188	  172.3453
8.157	 2.54	 1	 -40.7571	  172.6777
8.165	 3.10	 1	 -45.9879	  173.4450
8.168	 2.03	 1	 -42.1857	  172.8448
8.189	 2.08	 1	 -42.6464	  172.9035
8.198	 2.44	 1	 -42.0276	  173.7067
8.201	 2.41	 1	 -42.6849	  172.4742
8.214	 2.45	 1	 -45.2352	  167.9763
8.215	 3.16	 1	 -42.6101	  173.0605
8.217	 2.56	 1	 -42.0570	  172.5214
8.219	 2.80	 1	 -40.7060	  177.2048
8.227	 2.44	 1	 -43.1554	  171.0492
8.236	 2.26	 1	 -42.6887	  166.9043
8.237	 2.49	 1	 -41.4277	  174.7762
8.238	 2.33	 1	 -40.2682	  172.7582
8.252	 2.00	 1	 -41.3554	  169.5521
8.261	 2.00	 1	 -43.0747	  171.3651
8.265	 2.40	 1	 -43.2200	  173.5727
8.279	 2.42	 1	 -45.6566	  170.2152
8.290	 2.20	 1	 -41.7484	  173.2030
8.298	 2.13	 1	 -42.1671	  174.8504
8.303	 2.77	 1	 -38.3691	  171.3407
8.303	 2.03	 1	 -43.9222	  167.1375
8.308	 3.28	 1	 -40.3758	  168.8009
8.340	 2.20	 1	 -42.2465	  172.6578
8.341	 2.04	 1	 -43.6215	  170.7119
8.348	 2.54	 1	 -42.4520	  173.6331
8.351	 2.08	 1	 -43.3768	  173.6145
8.359	 2.55	 1	 -44.2977	  178.7369
8.360	 2.19	 1	 -41.6471	  177.1987
8.363	 2.04	 1	 -43.2669	  169.9866
8.371	 2.16	 1	 -43.0364	  173.5475
8.389	 2.07	 1	 -43.4486	  166.9914
8.393	 2.12	 1	 -42.4375	  173.7082
8.398	 2.24	 1	 -42.5078	  177.7727
8.401	 2.29	 1	 -41.8703	  171.5009
8.401	 2.02	 1	 -41.6156	  172.0544
8.411	 2.06	 1	 -42.9028	  175.2884
8.422	 2.39	 1	 -42.9550	  171.8131
8.428	 2.58	 1	 -42.5658	  175.1247
8.436	 2.75	 1	 -43.6117	  172.5951
8.436	 2.98	 1	 -44.0217	  167.1777
8.440	 2.05	 1	 -44.8930	  178.3574
8.458	 2.04	 1	 -42.2261	  172.7558
8.468	 2.24	 1	 -44.9143	  172.3329
8.471	 2.19	 1	 -43.2747	  172.4922
8.473	 2.19	 1	 -41.7801	  175.5925
8.474	 2.82	 1	 -41.7266	  174.1591
8.475	 2.13	 1	 -44.8377	  171.1004
8.479	 4.22	 1	 -43.6731	  172.8884
8.487	 3.13	 1	 -42.8750	  172.6279
8.488	 2.40	 1	 -43.6025	  169.2011
8.489	 2.43	 1	 -42.9811	  177.4091
8.494	 2.53	 1	 -41.5178	  172.2153
8.497	 2.27	 1	 -43.7945	  173.4787
8.501	 2.31	 1	 -43.4862	  173.1062
8.509	 2.07	 1	 -42.4454	  173.2461
8.517	 2.26	 1	 -38.2021	  173.3430
8.520	 2.23	 1	 -41.5667	  170.1848
8.525	 2.02	 1	 -42.5346	  174.3294
8.536	 2.09	 1	 -41.8167	  179.0228
8.538	 2.41	 1	 -46.6443	  170.1032
8.538	 2.35	 1	 -42.3630	  173.7027
8.552	 3.46	 1	 -41.7346	  174.2076
8.554	 2.42	 1	 -44.9997	  175.6814
8.567	 2.77	 1	 -42.0942	  172.6027
8.580	 2.13	 1	 -46.2354	  176.7896
8.595	 2.60	 1	 -40.8914	  167.4165
8.598	 2.29	 1	 -38.4815	  170.8766
8.598	 2.08	 1	 -42.6208	  173.1113
8.606	 2.90	 1	 -42.7907	  174.0291
8.610	 2.41	 1	 -43.8300	  172.9348
8.610	 3.12	 1	 -38.1967	  172.9063
8.612	 2.03	 1	 -38.2172	  172.4283
8.617	 2.11	 1	 -42.9941	  170.4519
8.618	 2.20	 1	 -42.1552	  172.8130
8.620	 2.02	 1	 -42.1366	  173.4850
8.629	 2.18	 1	 -46.4767	  172.4914
8.636	 3.38	 1	 -39.4804	  168.7410
8.640	 2.30	 1	 -42.7485	  176.1181
8.641	 2.19	 1	 -39.1173	  176.7325
8.649	 2.07	 1	 -46.9345	  170.9925
8.649	 3.20	 1	 -45.4678	  177.8357
8.665	 2.34	 1	 -40.6233	  170.9388
8.675	 2.09	 1	 -44.1711	  170.6704
8.678	 2.73	 1	 -42.7644	  172.1016
8.682	 2.10	 1	 -44.8859	  168.7200
8.684	 2.57	 1	 -39.1373	  176.7679
8.688	 2.02	 1	 -45.0123	  172.4769
8.694	 2.33	 1	 -42.6020	  173.8033
8.700	 2.27	 1	 -41.7527	  173.5275
8.705	 2.01	 1	 -43.8997	  173.0257
8.715	 2.08	 1	 -43.1226	  173.8933
8.718	 2.19	 1	 -42.0180	  173.6702
8.721	 2.16	 1	 -40.7403	  178.5333
8.742	 2.46	 1	 -44.2509	  173.6482
8.758	 2.87	 1	 -42.9281	  170.5508
8.771	 2.43	 1	 -41.7822	  172.4628
8.772	 3.73	 1	 -42.5219	  175.2165
8.773	 3.73	 1	 -38.1959	  173.0215
8.774	 2.02	 1	 -42.0457	  169.0262
8.780	 2.97	 1	 -43.7358	  173.9931
8.805	 2.10	 1	 -44.7287	  171.0301
8.809	 2.28	 1	 -44.1990	  178.7864
8.810	 2.02	 1	 -41.1334	  172.2684
8.835	 2.03	 1	 -45.2052	  175.8771
8.836	 2.45	 1	 -46.2023	  174.9494
8.840	 2.27	 1	 -43.8480	  178.0189
8.846	 2.12	 1	 -44.6583	  174.8195
8.857	 3.42	 1	 -46.0263	  173.2765
8.868	 2.67	 1	 -46.7109	  174.0788
8.869	 2.07	 1	 -43.4097	  169.7911
8.869	 2.64	 1	 -42.0098	  173.4982
8.872	 2.78	 1	 -44.1047	  178.8304
8.898	 3.31	 1	 -39.7380	  169.2230
8.903	 2.98	 1	 -43.6940	  168.3530
8.913	 2.03	 1	 -41.4608	  175.2831
8.915	 2.20	 1	 -47.1890	  173.0764
8.926	 2.43	 1	 -43.3297	  175.4215
8.948	 2.30	 1	 -41.8909	  173.6657
8.957	 2.66	 1	 -41.3398	  167.9896
8.972	 3.15	 1	 -42.4506	  171.0204
8.994	 2.15	 1	 -42.2742	  172.6251
8.996	 2.89	 1	 -41.8091	  173.1218
9.004	 2.81	 1	 -41.3108	  176.0385
9.004	 2.10	 1	 -41.3243	  175.4420
9.005	 2.49	 1	 -41.6470	  173.7426
9.020	 2.27	 1	 -43.7652	  172.2160
9.028	 2.14	 1	 -43.7740	  170.3305
9.042	 2.25	 1	 -39.3976	  177.1853
9.044	 2.06	 1	 -42.3842	  172.1650
9.048	 3.16	 1	 -42.4015	  173.0127
9.054	 3.58	 1	 -43.2104	  174.4118
9.062	 2.47	 1	 -40.5462	  174.8968
9.087	 2.01	 1	 -42.8959	  171.4458
9.089	 2.79	 1	 -42.5805	  173.0407
9.115	 2.56	 1	 -43.0827	  173.7957
9.116	 3.05	 1	 -43.7663	  172.5876
9.118	 2.17	 1	 -45.7833	  172.8415
9.119	 2.66	 1	 -44.8573	  167.6600
9.121	 2.26	 1	 -40.0562	  177.9782
9.128	 2.09	 1	 -42.7998	  174.7014
9.143	 2.38	 1	 -42.4419	  173.8821
9.143	 2.29	 1	 -43.0897	  173.2143
9.143	 2.47	 1	 -41.8650	  173.0630
9.145	 2.37	 1	 -45.2253	  178.0771
9.146	 2.72	 1	 -43.5434	  176.1379
9.149	 2.64	 1	 -40.7025	  167.5361
9.151	 2.25	 1	 -43.3311	  170.4394
9.154	 2.22	 1	 -43.8251	  173.4719
9.165	 2.10	 1	 -41.7638	  175.2031
9.186	 2.50	 1	 -41.9073	  172.6880
9.186	 2.25	 1	 -44.5997	  167.6649
9.218	 2.24	 1	 -41.8689	  170.9406
9.222	 3.25	 1	 -45.3794	  173.6766
9.224	 2.02	 1	 -43.1625	  173.2720
9.230	 2.20	 1	 -46.8038	  172.1686
9.235	 2.13	 1	 -43.3443	  173.8916
9.240	 2.56	 1	 -38.5645	  170.5965
9.241	 2.89	 1	 -46.0702	  172.1706
9.242	 2.75	 1	 -45.4300	  169.6640
9.246	 2.30	 1	 -38.4037	  174.8602
9.249	 2.83	 1	 -42.2414	  174.6744
9.256	 2.04	 1	 -41.8688	  174.3735
9.274	 2.03	 1	 -41.8707	  179.0369
9.292	 2.36	 1	 -41.1838	  172.7085
9.295	 2.54	 1	 -41.6065	  176.8690
9.295	 2.19	 1	 -42.4427	  171.4193
9.305	 2.49	 1	 -39.3971	  170.7550
9.310	 2.61	 1	 -39.0018	  169.5273
9.314	 2.08	 1	 -45.0600	  172.2438
9.321	 2.82	 1	 -42.7666	  174.1070
9.323	 2.07	 1	 -43.1027	  173.8933
9.345	 2.20	 1	 -46.6665	  175.8847
9.351	 2.03	 1	 -42.3532	  168.7807
9.356	 3.19	 1	 -42.2500	  174.1647
9.360	 2.17	 1	 -46.4447	  174.9576
9.361	 2.14	 1	 -41.7655	  168.8828
9.366	 2.39	 1	 -41.5458	  175.9452
9.388	 2.16	 1	 -43.5958	  174.5481
9.392	 2.01	 1	 -42.2632	  174.2566
9.393	 2.42	 1	 -42.8979	  174.0012
9.394	 2.40	 1	 -43.0907	  175.1238
9.401	 2.15	 1	 -40.6545	  178.4755
9.401	 2.65	 1	 -41.4844	  168.4274
9.414	 3.50	 1	 -43.5153	  175.9153
9.415	 2.09	 1	 -40.2760	  167.8629
9.423	 2.04	 1	 -41.7218	  174.1669
9.431	 2.10	 1	 -47.1634	  172.3691
9.435	 2.15	 1	 -40.6206	  175.5993
9.467	 2.55	 1	 -45.6236	  170.5016
9.472	 2.30	 1	 -41.9137	  173.4108
9.473	 2.55	 1	 -40.8547	  176.4304
9.475	 2.23	 1	 -43.4385	  172.3561
9.479	 2.21	 1	 -46.6988	  170.2440
9.492	 2.57	 1	 -40.4811	  169.8306
9.499	 2.05	 1	 -43.3838	  171.8314
9.511	 2.03	 1	 -43.0640	  169.9802
9.512	 2.31	 1	 -45.3209	  168.0583
9.518	 2.02	 1	 -46.6703	  173.1300
9.518	 2.41	 1	 -43.8987	  171.7365
9.518	 2.73	 1	 -41.9725	  173.0304
9.519	 3.84	 1	 -41.7002	  173.3290
9.528	 2.08	 1	 -42.6918	  174.3857
9.538	 2.29	 1	 -43.3122	  170.8324
9.561	 3.15	 1	 -42.5445	  172.1104
9.577	 2.17	 1	 -43.8443	  172.8121
9.580	 2.61	 1	 -43.7669	  175.1426
9.584	 2.07	 1	 -40.9576	  167.3781
9.592	 2.08	 1	 -41.7792	  173.2595
9.595	 2.97	 1	 -42.4650	  173.1791
9.606	 2.15	 1	 -44.1331	  175.0696
9.620	 2.16	 1	 -42.9660	  175.4837
9.646	 2.04	 1	 -42.9160	  172.0332
9.660	 2.19	 1	 -43.1002	  173.6835
9.672	 2.83	 1	 -44.3023	  174.4999
9.673	 2.12	 1	 -42.0210	  172.7242
9.675	 2.18	 1	 -38.2948	  171.7462
9.684	 2.37	 1	 -45.0854	  171.3160
9.685	 2.92	 1	 -44.8105	  177.5233
9.693	 2.50	 1	 -40.3425	  170.9753
9.694	 2.60	 1	 -40.4608	  172.2855
9.696	 2.29	 1	 -41.8054	  167.0246
9.702	 2.49	 1	 -43.3720	  175.4844
9.707	 2.13	 1	 -44.1896	  172.3325
9.733	 2.26	 1	 -38.2942	  174.2940
9.745	 2.92	 1	 -42.6353	  170.9966
9.789	 2.53	 1	 -43.3247	  176.1389
9.799	 2.12	 1	 -38.2899	  171.7781
9.800	 2.03	 1	 -41.5454	  173.8091
9.804	 2.73	 1	 -42.3139	  172.6697
9.824	 2.11	 1	 -40.8158	  174.5099
9.845	 2.01	 1	 -41.3182	  173.5316
9.848	 2.53	 1	 -42.4581	  172.1331
9.852	 2.45	 1	 -38.7634	  175.9970
9.854	 3.36	 1	 -43.1096	  174.1394
9.857	 2.31	 1	 -42.5493	  170.2163
9.857	 2.18	 1	 -43.4618	  167.2660
9.858	 2.91	 1	 -43.3195	  173.9846
9.858	 2.29	 1	 -42.4923	  173.7703
9.868	 2.91	 1	 -42.7901	  178.1184
9.878	 2.33	 1	 -41.9856	  173.6950
9.888	 2.11	 1	 -41.5853	  176.0058
9.900	 2.26	 1	 -47.1049	  174.2009
9.910	 2.81	 1	 -42.5006	  172.6695
9.939	 2.25	 1	 -45.0660	  176.8610
9.943	 2.05	 1	 -38.9028	  169.7294
9.950	 2.00	 1	 -42.5762	  173.1003
9.962	 3.47	 1	 -39.6487	  174.0020
9.969	 2.77	 1	 -44.5904	  175.3929
9.970	 2.31	 1	 -38.2073	  172.5879
9.973	 2.13	 1	 -40.4336	  167.7323
9.999	 2.79	 1	 -42.0393	  173.6845
10.001	 2.00	 1	 -45.6077	  177.6801
10.006	 2.77	 1	 -47.1456	  173.8715
10.007	 2.73	 1	 -38.3985	  171.2065
10.018	 2.30	 1	 -41.6775	  170.8734
10.019	 2.23	 1	 -41.9149	  174.0126
10.035	 3.14	 1	 -45.8827	  177.3337
10.061	 2.62	 1	 -42.2175	  173.7383
10.081	 2.36	 1	 -41.0965	  171.4143
10.085	 2.27	 1	 -42.7079	  171.7008
10.086	 2.09	 1	 -43.5009	  168.3784
10.087	 2.14	 1	 -42.8715	  175.4476
10.092	 3.11	 1	 -42.7700	  173.1247
10.093	 2.25	 1	 -43.6433	  179.0016
10.107	 2.79	 1	 -42.6719	  175.4889
10.111	 2.28	 1	 -41.4033	  177.8307
10.116	 2.20	 1	 -42.4245	  173.8554
10.147	 2.34	 1	 -42.3097	  173.8013
10.153	 2.19	 1	 -43.8478	  173.2329
10.181	 2.19	 1	 -42.4938	  179.1340
10.186	 2.37	 1	 -42.9128	  170.3854
10.202	 2.21	 1	 -38.2640	  174.0829
10.207	 3.00	 1	 -42.0116	  173.7296
10.230	 2.40	 1	 -42.6230	  176.3240
10.241	 3.04	 1	 -43.6735	  173.7461
10.242	 2.06	 1	 -44.1313	  170.9279
10.262	 2.52	 1	 -45.0212	  171.2141
10.264	 2.07	 1	 -41.5728	  174.1255
10.287	 2.07	 1	 -44.3204	  173.2347
10.290	 2.57	 1	 -42.7377	  173.6142
10.291	 2.03	 1	 -39.1158	  176.7297
10.297	 2.77	 1	 -44.0387	  171.0961
10.298	 2.12	 1	 -39.0279	  176.5673
10.298	 2.11	 1	 -39.9802	  168.7282
10.303	 2.26	 1	 -44.3649	  174.1370
10.315	 2.17	 1	 -41.8587	  174.3240
10.318	 3.45	 1	 -41.3209	  178.3822
10.338	 2.68	 1	 -40.7570	  178.5442
10.341	 2.77	 1	 -38.5686	  175.4608
10.354	 2.31	 1	 -45.3354	  174.1665
10.357	 2.46	 1	 -41.4854	  174.3945
10.358	 2.24	 1	 -42.0496	  173.9170
10.364	 2.19	 1	 -40.3762	  169.4034
10.364	 2.25	 1	 -46.0437	  171.7928
10.368	 2.41	 1	 -42.5743	  177.0191
10.382	 2.60	 1	 -43.6867	  174.0702
10.389	 2.62	 1	 -42.8053	  172.5467
10.400	 3.67	 1	 -43.0907	  166.9284
10.403	 2.37	 1	 -45.1183	  170.5370
10.413	 2.10	 1	 -38.6578	  175.7230
10.454	 2.08	 1	 -40.6188	  178.4505
10.455	 2.58	 1	 -43.7005	  171.7409
10.462	 3.01	 1	 -44.0161	  171.8812
10.473	 2.75	 1	 -42.0088	  174.3384
10.473	 2.33	 1	 -41.0598	  174.2200
10.474	 2.26	 1	 -44.4525	  173.4944
10.493	 2.02	 1	 -43.4309	  169.7798
10.494	 2.75	 1	 -41.5708	  178.9465
10.513	 2.13	 1	 -43.6623	  173.4291
10.515	 2.15	 1	 -43.8561	  171.9545
10.530	 2.01	 1	 -42.8238	  170.2536
10.540	 2.50	 1	 -43.2119	  173.6778
10.543	 2.36	 1	 -40.7178	  167.5258
10.560	 2.93	 1	 -45.5443	  168.5182
10.576	 2.01	 1	 -38.7671	  176.0063
10.581	 2.06	 1	 -42.5558	  171.2455
10.597	 3.49	 1	 -43.4130	  171.9901
10.602	 2.51	 1	 -41.9722	  168.7230
10.628	 2.46	 1	 -40.0792	  176.4015
10.631	 2.01	 1	 -39.1424	  176.7769
10.631	 2.20	 1	 -43.8296	  173.9248
10.653	 2.19	 1	 -43.1930	  172.2308
10.653	 2.30	 1	 -44.2143	  175.3330
10.665	 2.01	 1	 -41.8783	  172.1942
10.667	 2.34	 1	 -44.0476	  178.8556
10.673	 2.20	 1	 -47.1841	  173.3114
10.675	 2.73	 1	 -42.5586	  173.0263
10.711	 2.05	 1	 -40.9419	  167.3870
10.711	 2.33	 1	 -44.2011	  171.1358
10.713	 2.58	 1	 -42.1957	  166.9418
10.717	 2.15	 1	 -46.7314	  170.3328
10.728	 2.08	 1	 -42.2336	  171.3279
10.740	 2.24	 1	 -42.8103	  173.7343
10.742	 2.30	 1	 -46.8095	  175.4825
10.744	 2.20	 1	 -43.8420	  171.1865
10.749	 2.06	 1	 -42.2838	  172.1098
10.762	 2.34	 1	 -39.5705	  172.7151
10.772	 2.59	 1	 -42.3870	  170.1352
10.780	 2.03	 1	 -42.2176	  173.2127
10.783	 2.03	 1	 -46.9021	  170.8712
10.817	 2.85	 1	 -44.3061	  173.8792
10.827	 2.18	 1	 -43.8308	  174.8459
10.830	 2.30	 1	 -41.6008	  172.6634
10.830	 2.29	 1	 -40.9250	  178.6475
10.863	 2.04	 1	 -41.5992	  174.0031
10.869	 2.89	 1	 -42.9189	  179.1322
10.870	 2.65	 1	 -41.4980	  174.6761
10.876	 2.11	 1	 -42.4916	  173.0555
10.892	 2.33	 1	 -42.7189	  175.5130
10.900	 2.18	 1	 -44.0891	  167.2069
10.915	 2.34	 1	 -40.3445	  169.1951
10.922	 3.53	 1	 -38.2132	  173.5580
10.924	 2.33	 1	 -45.1435	  171.2448
10.925	 2.85	 1	 -42.2542	  170.4261
10.938	 2.38	 1	 -40.0533	  173.1232
10.950	 2.99	 1	 -42.5779	  172.3268
10.968	 2.55	 1	 -41.6625	  174.0479
10.968	 2.95	 1	 -44.2486	  167.2823
10.974	 2.02	 1	 -42.0160	  173.6128
11.009	 2.27	 1	 -42.5961	  172.8396
11.012	 2.16	 1	 -46.0592	  169.9826
11.012	 2.60	 1	 -43.1138	  173.2960
11.014	 2.39	 1	 -43.7937	  174.7873
11.027	 2.07	 1	 -43.2048	  173.9404
11.044	 2.59	 1	 -41.9876	  171.6026
11.056	 2.41	 1	 -41.6705	  174.0253
11.062	 2.18	 1	 -42.3179	  173.7907
11.074	 2.64	 1	 -42.6493	  173.6689
11.075	 2.26	 1	 -46.6377	  175.9576
11.105	 2.01	 1	 -44.4486	  167.3902
11.111	 2.10	 1	 -39.8593	  177.7728
11.121	 2.02	 1	 -41.9596	  174.5434
11.127	 2.27	 1	 -46.0564	  177.0820
11.132	 2.04	 1	 -42.2457	  168.9570
11.140	 2.28	 1	 -42.1210	  172.1448
11.140	 2.01	 1	 -41.1308	  172.4716
11.141	 2.36	 1	 -46.8360	  175.3987
11.175	 3.50	 1	 -40.2590	  168.0047
11.183	 2.13	 1	 -42.6646	  171.9622
11.187	 2.12	 1	 -45.1698	  167.9165
11.194	 2.97	 1	 -42.5738	  171.2308
11.213	 2.11	 1	 -43.3362	  172.1098
11.226	 2.18	 1	 -42.5659	  172.7649
11.233	 3.13	 1	 -42.2753	  172.4843
11.244	 2.34	 1	 -42.0962	  173.2648
11.245	 2.50	 1	 -40.2962	  172.7367
11.246	 4.04	 1	 -42.3424	  172.3286
11.259	 2.86	 1	 -43.5519	  171.8436
11.291	 3.27	 1	 -45.5532	  173.3759
11.302	 2.92	 1	 -41.1495	  176.6778
11.311	 2.40	 1	 -42.5191	  173.1883
11.327	 2.53	 1	 -41.5524	  174.5802
11.349	 2.39	 1	 -44.7738	  172.0303
11.354	 2.37	 1	 -46.7673	  170.4350
11.358	 2.42	 1	 -47.1163	  174.1186
11.368	 2.46	 1	 -39.2500	  176.9580
11.374	 2.17	 1	 -41.7028	  175.7747
11.393	 2.27	 1	 -42.8063	  173.3665
11.398	 2.02	 1	 -42.8291	  175.9175
11.414	 2.24	 1	 -42.0500	  173.6959
11.414	 2.37	 1	 -42.1215	  173.7396
11.430	 3.06	 1	 -46.3025	  176.6697
11.452	 2.30	 1	 -42.8610	  172.2566
11.453	 2.09	 1	 -46.9660	  174.9256
11.461	 2.09	 1	 -42.0007	  174.6199
11.482	 2.07	 1	 -43.8719	  178.9258
11.493	 2.48	 1	 -43.7012	  177.6184
11.501	 2.07	 1	 -40.0730	  172.6335
11.508	 2.18	 1	 -40.5662	  172.1138
11.510	 2.04	 1	 -39.4716	  168.7532
11.512	 2.28	 1	 -42.2873	  173.0384
11.543	 3.86	 1	 -45.8458	  177.3836
11.560	 2.47	 1	 -47.1725	  172.4957
11.586	 2.23	 1	 -41.6978	  174.2770
11.597	 2.15	 1	 -42.0238	  173.7131
11.617	 2.15	 1	 -43.0413	  170.7122
11.625	 2.50	 1	 -45.2364	  175.9430
11.632	 2.78	 1	 -45.2265	  178.0760
11.641	 2.50	 1	 -39.1243	  176.7450
11.643	 2.81	 1	 -43.4626	  172.8513
11.663	 3.39	 1	 -42.4502	  171.9450
11.664	 2.10	 1	 -46.4523	  169.6664
11.693	 2.13	 1	 -43.1452	  172.8857
11.702	 2.01	 1	 -44.5869	  174.2260
11.709	 2.46	 1	 -41.2384	  178.8112
11.714	 2.21	 1	 -41.3965	  172.2236
11.716	 2.77	 1	 -43.1001	  171.1325
11.719	 2.27	 1	 -43.6309	  171.1064
11.720	 2.18	 1	 -45.8770	  168.7029
11.722	 2.02	 1	 -39.5254	  168.6794
11.723	 2.40	 1	 -41.2077	  171.7064
11.725	 2.62	 1	 -39.8277	  172.6216
11.737	 2.15	 1	 -43.2065	  172.6742
11.750	 2.40	 1	 -38.5205	  175.3043
11.759	 3.39	 1	 -44.7299	  167.5683
11.759	 2.48	 1	 -46.6880	  170.2154
11.759	 2.14	 1	 -47.0450	  171.4857
11.778	 2.09	 1	 -42.8838	  170.0789
11.782	 2.08	 1	 -42.2250	  169.9561
11.783	 2.20	 1	 -44.2915	  167.3042
11.796	 2.34	 1	 -42.7007	  174.6961
11.800	 3.18	 1	 -38.7215	  175.8923
11.803	 2.22	 1	 -42.2533	  170.0565
11.810	 3.17	 1	 -42.1296	  170.7124
11.813	 2.16	 1	 -44.4358	  171.2359
11.814	 2.56	 1	 -40.5582	  172.5215
11.823	 2.69	 1	 -44.9954	  178.2768
11.826	 2.07	 1	 -41.9876	  176.1398
11.830	 2.03	 1	 -41.8984	  173.5577
11.832	 2.02	 1	 -41.9241	  173.5627
11.843	 3.52	 1	 -41.6675	  173.4968
11.851	 2.87	 1	 -38.3326	  171.5251
11.852	 3.30	 1	 -42.5323	  174.9303
11.853	 2.43	 1	 -38.1998	  172.7679
11.854	 2.07	 1	 -44.4036	  174.8913
11.856	 2.53	 1	 -42.1858	  173.5625
11.865	 2.19	 1	 -44.4379	  178.6603
11.874	 2.05	 1	 -43.8942	  175.4044
11.891	 2.02	 1	 -43.0304	  168.8428
11.891	 2.34	 1	 -38.2257	  173.7250
11.905	 2.52	 1	 -38.4840	  170.8676
11.923	 2.70	 1	 -43.5649	  167.2708
11.929	 2.60	 1	 -44.7146	  178.1805
11.941	 2.24	 1	 -42.2080	  172.5039
11.942	 2.22	 1	 -38.4856	  170.8618
11.944	 2.39	 1	 -44.2454	  173.8695
11.958	 2.44	 1	 -41.8253	  174.5294
11.968	 2.69	 1	 -42.1058	  169.4339
12.003	 2.13	 1	 -40.4239	  173.9937
12.006	 2.21	 1	 -41.7183	  171.3263
12.008	 2.03	 1	 -42.2791	  179.1140
12.011	 2.04	 1	 -41.9311	  173.7492
12.028	 2.21	 1	 -47.0845	  171.7098
12.036	 2.06	 1	 -46.9220	  170.9449
12.041	 2.58	 1	 -43.8817	  176.8430
12.048	 2.68	 1	 -43.6228	  175.9151
12.051	 2.37	 1	 -46.7594	  175.6320
12.060	 2.05	 1	 -43.1546	  172.5123
12.090	 2.56	 1	 -42.4042	  173.7840
12.099	 2.14	 1	 -42.7551	  170.0634
12.114	 2.17	 1	 -43.1603	  172.4822
12.121	 2.05	 1	 -47.0008	  173.2896
12.126	 2.35	 1	 -41.8301	  173.8653
12.130	 2.01	 1	 -38.3169	  171.6127
12.150	 2.36	 1	 -43.8136	  173.2524
12.155	 2.32	 1	 -43.6076	  169.1258
12.170	 2.10	 1	 -42.6129	  173.2285
12.178	 2.06	 1	 -42.0851	  173.5160
12.181	 2.08	 1	 -39.0782	  170.4488
12.192	 2.23	 1	 -43.5854	  173.3873
12.194	 2.05	 1	 -38.1975	  172.8620
12.200	 2.63	 1	 -42.4089	  173.3073
12.212	 2.45	 1	 -44.0730	  173.2574
12.217	 2.45	 1	 -42.3130	  173.9546
12.223	 2.35	 1	 -47.1512	  173.8154
12.224	 2.05	 1	 -42.0641	  168.4556
12.226	 2.06	 1	 -41.9496	  171.0770
12.241	 2.47	 1	 -43.4095	  174.4015
12.242	 2.98	 1	 -42.8446	  173.2633
12.242	 2.03	 1	 -44.1777	  171.1224
12.252	 2.11	 1	 -41.7963	  172.4253
12.263	 2.32	 1	 -42.4427	  171.8535
12.274	 2.29	 1	 -44.8723	  176.4792
12.293	 3.03	 1	 -40.3877	  178.2751
12.293	 3.13	 1	 -44.5794	  167.4690
12.300	 2.11	 1	 -43.2497	  171.3451
12.301	 2.17	 1	 -41.5197	  172.0277
12.302	 2.09	 1	 -42.9543	  169.8012
12.303	 2.94	 1	 -42.5060	  173.1520
12.312	 2.05	 1	 -42.9753	  172.2182
12.316	 2.50	 1	 -43.0556	  179.1200
12.337	 2.30	 1	 -40.4480	  178.3233
12.373	 2.14	 1	 -44.1090	  173.8683
12.385	 3.26	 1	 -42.9079	  173.0865
12.386	 2.10	 1	 -42.6645	  172.8359
12.389	 2.42	 1	 -43.2601	  171.4726
12.398	 2.03	 1	 -42.8398	  175.0235
12.403	 2.04	 1	 -44.4556	  172.2156
12.403	 2.09	 1	 -43.3081	  178.1760
12.406	 2.34	 1	 -42.5832	  172.8274
12.408	 2.56	 1	 -43.6419	  175.1143
12.475	 2.56	 1	 -42.7871	  166.9057
12.475	 2.23	 1	 -38.8678	  173.4636
12.505	 2.98	 1	 -40.5846	  174.0204
12.507	 2.19	 1	 -44.0090	  172.1067
12.511	 2.54	 1	 -47.1777	  173.4575
12.516	 2.73	 1	 -42.3476	  172.8792
12.527	 2.34	 1	 -43.9807	  173.9319
12.541	 2.51	 1	 -42.8890	  179.1341
12.545	 2.02	 1	 -40.5909	  175.2245
12.551	 2.08	 1	 -41.7629	  171.2403
12.556	 2.17	 1	 -41.0888	  173.3317
12.585	 2.68	 1	 -42.1359	  174.1674
12.602	 2.33	 1	 -40.9956	  174.0116
12.620	 2.03	 1	 -41.9774	  170.8366
12.643	 2.13	 1	 -42.3028	  173.8230
12.656	 2.50	 1	 -46.8852	  175.2333
12.669	 2.09	 1	 -44.0037	  173.0773
12.679	 2.11	 1	 -44.0939	  168.6420
12.680	 2.83	 1	 -40.3049	  178.2063
12.702	 2.08	 1	 -47.0226	  174.6716
12.717	 2.15	 1	 -42.3438	  174.7225
12.748	 2.99	 1	 -47.1424	  172.1428
12.749	 2.08	 1	 -41.8121	  174.3590
12.755	 2.38	 1	 -42.4477	  173.7194
12.772	 2.99	 1	 -42.1752	  171.5443
12.782	 2.46	 1	 -38.2092	  173.4922
12.785	 2.35	 1	 -38.3078	  173.7681
12.788	 2.13	 1	 -39.2281	  169.1222
12.796	 2.30	 1	 -45.0470	  177.3882
12.811	 2.00	 1	 -42.3281	  179.1198
12.817	 2.30	 1	 -41.8874	  173.5786
12.851	 2.02	 1	 -43.3183	  172.0418
12.854	 2.56	 1	 -45.0771	  172.9238
12.867	 2.27	 1	 -47.0274	  171.3961
12.873	 2.48	 1	 -46.6486	  170.1140
12.883	 2.58	 1	 -40.7096	  178.5129
12.916	 2.24	 1	 -41.4543	  167.1409
12.919	 3.67	 1	 -40.5904	  174.9593
12.931	 2.23	 1	 -43.7040	  173.2340
12.941	 2.50	 1	 -38.7086	  175.8590
12.947	 2.72	 1	 -42.5872	  178.3442
12.971	 2.84	 1	 -43.4802	  172.1330
12.974	 2.19	 1	 -40.9450	  177.6171
13.017	 2.07	 1	 -42.1492	  173.5777
13.022	 2.16	 1	 -46.6685	  173.7992
13.028	 2.29	 1	 -41.1573	  173.3361
13.030	 2.09	 1	 -41.3989	  174.6718
13.047	 2.76	 1	 -44.5166	  175.7352
13.073	 2.09	 1	 -46.1836	  172.1669
13.087	 2.12	 1	 -43.2083	  166.9447
13.090	 2.63	 1	 -44.2112	  177.6047
13.093	 2.30	 1	 -41.2155	  173.0627
13.099	 2.36	 1	 -42.6148	  173.0173
13.116	 2.72	 1	 -38.5233	  175.3138
13.117	 2.50	 1	 -41.8716	  176.7608
13.119	 2.53	 1	 -44.3887	  171.4753
13.125	 2.46	 1	 -43.9442	  178.8982
13.144	 2.45	 1	 -43.0157	  173.1424
13.147	 2.82	 1	 -43.6729	  173.5889
13.155	 3.05	 1	 -41.5991	  172.5013
13.166	 2.27	 1	 -44.3071	  174.3004
13.186	 2.68	 1	 -42.6986	  173.9566
13.191	 2.18	 1	 -43.9807	  178.8835
13.194	 3.19	 1	 -42.2810	  171.9284
13.195	 2.39	 1	 -41.0386	  172.7123
13.215	 3.13	 1	 -42.5052	  173.1685
13.237	 2.69	 1	 -42.5898	  172.9668
13.248	 3.28	 1	 -46.6976	  175.8033
13.268	 2.32	 1	 -44.8530	  169.6119
13.272	 2.30	 1	 -42.2138	  173.6396
13.291	 2.57	 1	 -43.8475	  171.8872
13.295	 3.14	 1	 -39.8192	  171.5835
13.319	 2.28	 1	 -42.2678	  171.8880
13.336	 2.07	 1	 -46.2718	  171.3235
13.338	 2.70	 1	 -42.6208	  173.3426
13.378	 3.05	 1	 -45.6160	  174.0032
13.393	 2.37	 1	 -41.8784	  175.9175
13.394	 2.32	 1	 -42.3937	  170.5489
13.403	 2.01	 1	 -43.7037	  172.9403
13.408	 2.30	 1	 -43.7424	  174.8688
13.408	 2.21	 1	 -44.2747	  178.7487
13.409	 2.50	 1	 -42.9384	  172.6365
13.418	 2.04	 1	 -38.5414	  175.3738
13.422	 2.43	 1	 -43.9199	  170.6290
13.429	 2.13	 1	 -45.0911	  178.1969
13.462	 2.41	 1	 -46.9106	  175.1418
13.466	 2.03	 1	 -42.5762	  173.0843
13.472	 2.73	 1	 -39.3509	  174.7850
13.476	 2.59	 1	 -39.8264	  172.9893
13.508	 2.88	 1	 -44.7867	  167.6083
13.524	 2.07	 1	 -41.9648	  173.7901
13.526	 2.57	 1	 -42.3267	  177.3524
13.526	 2.01	 1	 -41.8209	  172.9171
13.534	 2.34	 1	 -40.0434	  173.1582
13.556	 2.68	 1	 -46.9114	  170.9053
13.561	 2.32	 1	 -42.9135	  167.4154
13.566	 2.35	 1	 -43.6370	  171.4964
13.600	 2.70	 1	 -43.6570	  172.9598
13.613	 2.04	 1	 -42.0034	  172.9269
13.618	 3.27	 1	 -42.1209	  171.4473
13.634	 3.48	 1	 -42.8900	  169.2898
13.643	 4.25	 1	 -41.5216	  173.0188
13.652	 2.94	 1	 -41.5626	  169.1366
13.660	 2.05	 1	 -41.3888	  176.6971
13.695	 2.85	 1	 -42.6057	  172.9523
13.697	 2.07	 1	 -42.3655	  173.9087
13.700	 2.47	 1	 -42.7609	  175.7850
13.725	 2.79	 1	 -42.0190	  174.6366
13.756	 2.39	 1	 -42.8669	  172.0141
13.767	 2.44	 1	 -40.2743	  167.8644
13.785	 2.21	 1	 -42.6889	  173.4955
13.787	 2.46	 1	 -42.1908	  173.3800
13.790	 2.34	 1	 -43.5442	  169.7414
13.804	 2.44	 1	 -40.8334	  167.4517
13.815	 2.48	 1	 -41.7806	  174.4468
13.815	 2.04	 1	 -46.1773	  169.1557
13.819	 2.01	 1	 -43.5705	  176.4303
13.830	 2.00	 1	 -41.8877	  172.5217
13.838	 2.07	 1	 -41.8323	  175.5413
13.845	 2.46	 1	 -42.2754	  173.4457
13.846	 2.18	 1	 -42.1674	  174.6284
13.850	 2.29	 1	 -42.1575	  174.0837
13.856	 2.05	 1	 -42.3268	  173.5151
13.865	 2.25	 1	 -42.4928	  175.1228
13.873	 2.14	 1	 -43.9544	  173.2227
13.882	 2.17	 1	 -42.6690	  172.8332
13.882	 2.72	 1	 -42.4407	  173.9137
13.886	 3.19	 1	 -43.2928	  171.1176
13.887	 2.51	 1	 -38.1992	  172.7896
13.909	 2.03	 1	 -41.5263	  172.9880
13.910	 2.44	 1	 -43.6601	  173.7775
13.911	 2.80	 1	 -42.3275	  170.0194
13.913	 2.52	 1	 -47.0370	  171.4441
13.925	 3.12	 1	 -40.7212	  173.7870
13.936	 2.14	 1	 -42.2844	  173.0675
13.947	 2.64	 1	 -43.9311	  178.9033
13.960	 2.11	 1	 -43.5361	  173.2937
