# Simulation 984
# RelativeTime(days) Magnitude Generation Latitude Longitude
Time Mag Gen Lat Lon
0.084	 2.29	 1	 -42.2361	  173.6544
0.085	 2.08	 1	 -42.4449	  172.6987
0.085	 2.27	 1	 -42.1907	  173.5838
0.086	 2.21	 1	 -42.2953	  173.7336
0.086	 2.24	 1	 -41.8630	  174.1236
0.087	 2.06	 1	 -41.8390	  173.9278
0.087	 2.55	 1	 -41.5724	  173.6544
0.087	 2.48	 1	 -43.3930	  172.1437
0.088	 2.30	 1	 -42.1467	  172.5759
0.088	 3.32	 1	 -41.7452	  174.2956
0.088	 2.81	 1	 -43.2934	  171.7376
0.089	 2.03	 1	 -42.4755	  172.8951
0.089	 2.21	 1	 -42.6075	  172.8597
0.089	 2.08	 1	 -41.8598	  173.8864
0.089	 2.04	 1	 -42.2611	  172.7361
0.090	 2.28	 1	 -42.9623	  173.6183
0.090	 2.12	 1	 -42.5034	  172.1078
0.091	 2.16	 1	 -46.0886	  172.3183
0.091	 2.32	 1	 -42.4902	  171.7987
0.093	 2.23	 1	 -42.5379	  173.3478
0.093	 2.10	 1	 -42.7382	  172.9653
0.093	 2.00	 1	 -42.1859	  173.5607
0.093	 2.13	 1	 -43.2171	  172.9785
0.094	 2.47	 1	 -38.5616	  173.4896
0.097	 2.05	 1	 -42.3584	  173.6900
0.099	 2.28	 1	 -42.9730	  173.0980
0.099	 3.58	 1	 -42.7630	  172.9025
0.099	 2.53	 1	 -41.8780	  173.9722
0.100	 2.17	 1	 -41.8635	  174.0110
0.100	 2.06	 1	 -38.6354	  170.3843
0.100	 2.08	 1	 -42.4239	  173.3145
0.101	 2.48	 1	 -43.1013	  173.0466
0.101	 2.54	 1	 -41.5084	  167.1203
0.102	 2.03	 1	 -42.1967	  174.3947
0.102	 2.01	 1	 -45.3843	  172.5791
0.104	 2.25	 1	 -41.8302	  174.1951
0.106	 2.03	 1	 -43.8047	  173.4684
0.107	 2.12	 1	 -42.5503	  173.0800
0.107	 2.11	 1	 -44.6053	  172.9761
0.111	 2.75	 1	 -41.2842	  174.3557
0.111	 2.13	 1	 -42.2909	  173.6655
0.112	 2.28	 1	 -43.2512	  173.5580
0.112	 2.33	 1	 -43.5332	  171.5105
0.114	 2.86	 1	 -41.8317	  173.7339
0.114	 2.62	 1	 -44.6288	  172.9741
0.115	 2.22	 1	 -42.5243	  173.2797
0.118	 2.17	 1	 -43.2705	  173.9935
0.118	 2.57	 1	 -42.8969	  173.3740
0.118	 2.02	 1	 -41.9722	  173.7056
0.119	 2.06	 1	 -40.7540	  168.7281
0.119	 2.36	 1	 -42.7311	  173.3513
0.121	 2.13	 1	 -41.1320	  171.0929
0.121	 2.39	 1	 -41.9455	  173.7108
0.121	 2.47	 1	 -42.6646	  173.3253
0.121	 2.08	 1	 -41.8450	  174.7751
0.122	 2.10	 1	 -42.5504	  172.9806
0.124	 2.12	 1	 -42.4115	  173.7764
0.124	 2.39	 1	 -42.7982	  172.7639
0.126	 2.02	 1	 -42.6966	  173.2510
0.126	 2.09	 1	 -42.2974	  172.9413
0.127	 2.29	 1	 -42.5266	  173.4984
0.128	 2.66	 1	 -42.6532	  172.6178
0.128	 2.41	 1	 -42.9723	  170.9549
0.128	 2.64	 1	 -42.6126	  173.0843
0.129	 2.22	 1	 -41.5360	  171.4072
0.131	 2.32	 1	 -43.5983	  173.3910
0.132	 2.39	 1	 -42.8718	  171.9309
0.136	 2.45	 1	 -42.8139	  173.7697
0.137	 2.13	 1	 -43.3948	  172.2133
0.137	 2.06	 1	 -42.7079	  173.1090
0.138	 2.40	 1	 -42.7763	  172.7234
0.139	 2.93	 1	 -42.4294	  173.7742
0.139	 2.37	 1	 -42.1734	  173.5310
0.141	 2.56	 1	 -42.3750	  172.9604
0.141	 2.35	 1	 -42.5496	  172.8927
0.141	 2.48	 1	 -42.9605	  171.7661
0.143	 2.17	 1	 -42.5326	  172.1494
0.143	 2.23	 1	 -42.4596	  173.6801
0.144	 2.14	 1	 -43.1772	  172.3224
0.145	 2.37	 1	 -42.1397	  174.1789
0.146	 2.32	 1	 -40.9772	  174.2095
0.146	 3.46	 1	 -43.4334	  173.6823
0.147	 3.54	 1	 -46.9656	  174.4968
0.147	 2.48	 1	 -42.6131	  172.9572
0.147	 2.03	 1	 -42.2120	  173.6219
0.148	 3.41	 1	 -42.2242	  173.7014
0.148	 2.02	 1	 -43.9279	  172.9106
0.148	 2.17	 1	 -42.0626	  173.7527
0.148	 2.92	 1	 -42.4415	  173.6375
0.148	 3.36	 1	 -41.6062	  174.1913
0.148	 2.17	 1	 -41.4818	  173.9526
0.150	 2.01	 1	 -42.4298	  170.9440
0.150	 2.05	 1	 -42.5614	  173.1837
0.151	 2.47	 1	 -43.1986	  173.8714
0.151	 2.21	 1	 -42.6737	  173.6697
0.151	 2.91	 1	 -43.2425	  172.5213
0.151	 4.48	 1	 -42.3971	  173.3418
0.153	 2.05	 1	 -40.3474	  178.2421
0.156	 2.41	 1	 -40.1079	  174.9352
0.156	 2.22	 1	 -42.9517	  173.5436
0.157	 3.40	 1	 -39.8803	  170.9631
0.157	 2.95	 1	 -41.6619	  172.8345
0.157	 2.00	 1	 -42.9203	  172.5274
0.158	 2.04	 1	 -42.8984	  172.4678
0.161	 2.23	 1	 -41.9276	  173.8714
0.161	 2.04	 1	 -42.3391	  173.6369
0.161	 2.42	 1	 -42.3802	  172.6590
0.163	 2.86	 1	 -42.3612	  174.4064
0.164	 2.36	 1	 -42.8987	  173.1492
0.165	 2.36	 2	 -42.4027	  173.3410
0.165	 2.12	 1	 -41.0592	  173.6366
0.165	 2.22	 1	 -42.5914	  171.8215
0.165	 2.08	 1	 -41.6792	  174.2518
0.167	 2.03	 1	 -43.3927	  172.3293
0.168	 3.33	 1	 -41.7957	  174.2310
0.168	 2.49	 1	 -42.2653	  173.6624
0.168	 2.13	 1	 -40.7091	  175.3664
0.170	 2.25	 1	 -42.2162	  172.1538
0.171	 2.80	 1	 -42.1387	  173.6167
0.171	 2.01	 1	 -42.5031	  173.5718
0.171	 2.01	 1	 -41.9533	  172.4742
0.172	 2.04	 1	 -43.1716	  172.1646
0.174	 2.85	 1	 -46.4638	  169.6903
0.174	 2.40	 1	 -38.6159	  170.4405
0.175	 2.76	 1	 -43.5791	  167.0244
0.175	 2.05	 1	 -45.7246	  175.2968
0.175	 2.69	 1	 -42.2597	  173.9960
0.180	 2.32	 1	 -44.2660	  171.7929
0.181	 2.97	 1	 -39.2076	  169.1560
0.181	 2.32	 1	 -41.8394	  174.2175
0.184	 2.07	 1	 -44.6845	  171.1912
0.184	 2.75	 1	 -43.1731	  173.9526
0.184	 2.22	 1	 -43.1537	  173.0608
0.184	 2.17	 1	 -45.0166	  173.1471
0.184	 2.97	 1	 -41.6737	  173.4648
0.186	 2.31	 1	 -41.6039	  174.1727
0.189	 2.46	 1	 -42.7394	  172.9096
0.190	 2.71	 1	 -46.2363	  176.7880
0.190	 2.02	 1	 -39.0861	  169.3682
0.190	 2.22	 1	 -44.1045	  174.8973
0.191	 2.10	 1	 -42.4085	  174.1070
0.193	 2.01	 1	 -43.6499	  172.4976
0.193	 2.84	 1	 -40.6846	  173.5505
0.194	 2.29	 1	 -42.5766	  172.6971
0.194	 2.54	 1	 -42.5098	  173.1588
0.195	 2.82	 1	 -42.5392	  173.1867
0.198	 2.60	 1	 -42.0040	  173.6679
0.200	 2.18	 1	 -42.1842	  172.8004
0.201	 2.09	 1	 -42.8378	  173.1729
0.201	 2.92	 1	 -42.7882	  173.1651
0.202	 2.36	 1	 -42.4236	  173.6589
0.203	 2.20	 1	 -42.8961	  172.3891
0.203	 2.55	 1	 -45.2110	  170.4362
0.203	 2.26	 1	 -44.3108	  173.7109
0.203	 2.53	 1	 -42.2753	  172.9140
0.204	 2.01	 1	 -43.2353	  172.7004
0.204	 3.47	 1	 -42.2011	  173.4923
0.206	 2.06	 1	 -42.9033	  172.6881
0.206	 3.07	 1	 -42.4285	  174.1240
0.209	 3.29	 1	 -44.1429	  172.6120
0.209	 2.32	 1	 -43.7992	  173.9167
0.212	 2.60	 1	 -42.0122	  173.7472
0.213	 2.20	 1	 -42.8291	  172.6425
0.214	 2.37	 1	 -42.5922	  168.3000
0.215	 2.26	 1	 -42.4966	  173.1307
0.216	 2.02	 1	 -42.6190	  173.1584
0.217	 2.05	 1	 -42.6768	  174.7507
0.218	 2.04	 1	 -42.1909	  173.7725
0.218	 3.48	 1	 -41.6989	  174.2192
0.218	 2.09	 1	 -43.8423	  173.2124
0.218	 2.50	 1	 -41.7663	  174.2687
0.219	 2.52	 1	 -42.6313	  172.7614
0.219	 3.87	 1	 -42.2664	  172.9330
0.220	 2.12	 1	 -40.9834	  169.5810
0.221	 2.01	 1	 -42.5222	  173.1667
0.221	 2.45	 1	 -43.4654	  172.5060
0.225	 2.15	 1	 -41.8874	  172.1603
0.225	 2.11	 1	 -42.7455	  172.4798
0.228	 2.65	 1	 -42.2446	  172.9625
0.229	 2.46	 1	 -40.1268	  167.9980
0.230	 2.04	 1	 -42.1607	  173.6594
0.235	 2.21	 1	 -44.2681	  176.1850
0.235	 2.03	 1	 -40.3832	  169.7514
0.236	 2.38	 1	 -42.2651	  173.6329
0.237	 2.25	 1	 -42.6789	  174.3475
0.238	 2.52	 1	 -40.6574	  172.1737
0.240	 2.30	 1	 -42.4215	  173.7325
0.240	 2.60	 1	 -42.3518	  173.0566
0.241	 2.37	 1	 -42.9338	  173.7899
0.241	 2.02	 1	 -42.3347	  173.7303
0.242	 2.31	 1	 -43.5114	  174.4493
0.242	 2.69	 1	 -41.7675	  174.1350
0.245	 2.01	 1	 -41.9350	  173.9424
0.248	 3.63	 1	 -42.9265	  172.4043
0.250	 2.02	 1	 -44.7653	  170.6093
0.254	 2.92	 1	 -43.0022	  175.9298
0.254	 2.17	 1	 -41.7459	  173.8027
0.254	 2.45	 1	 -41.1015	  173.1789
0.254	 2.50	 1	 -43.0031	  174.9539
0.254	 2.79	 1	 -42.4479	  173.1558
0.257	 2.01	 1	 -44.4806	  175.4097
0.262	 2.04	 1	 -46.2107	  169.2121
0.262	 2.04	 1	 -41.5664	  169.9518
0.264	 2.43	 1	 -42.3864	  172.5148
0.267	 2.42	 1	 -42.8890	  173.2594
0.267	 2.12	 1	 -41.5963	  172.3360
0.269	 2.19	 1	 -42.9719	  174.7380
0.270	 2.54	 1	 -42.0075	  173.6749
0.274	 2.01	 1	 -46.7937	  170.5135
0.275	 3.15	 1	 -44.3613	  169.1104
0.275	 3.24	 1	 -44.2908	  169.2675
0.278	 2.02	 1	 -42.0885	  173.3062
0.279	 2.20	 1	 -41.9994	  173.7578
0.280	 2.19	 1	 -41.7566	  174.2685
0.284	 2.51	 1	 -41.8009	  173.4880
0.286	 2.15	 1	 -42.4964	  172.9409
0.286	 3.88	 1	 -42.2798	  173.8042
0.290	 2.51	 1	 -44.0500	  178.8545
0.291	 2.02	 1	 -42.1893	  173.5356
0.292	 2.24	 1	 -42.4543	  173.1214
0.293	 2.06	 1	 -41.7306	  170.8690
0.293	 2.05	 1	 -42.6320	  172.8928
0.295	 2.85	 1	 -42.1860	  173.6927
0.296	 2.29	 1	 -42.2151	  171.7196
0.296	 2.46	 1	 -43.0191	  174.7457
0.298	 2.09	 1	 -42.3876	  173.4928
0.303	 2.05	 1	 -44.3209	  173.2590
0.303	 2.22	 1	 -44.4705	  177.7995
0.305	 2.58	 1	 -44.0401	  172.7972
0.306	 2.43	 1	 -42.5207	  172.9194
0.309	 2.33	 1	 -43.0803	  173.4749
0.310	 2.21	 1	 -42.1122	  171.1049
0.310	 2.28	 1	 -42.8623	  173.1740
0.311	 2.20	 1	 -41.7032	  174.2291
0.311	 2.07	 1	 -40.9935	  174.6227
0.312	 2.24	 1	 -43.1940	  174.9107
0.314	 2.15	 1	 -41.9614	  173.7439
0.315	 2.69	 1	 -42.3340	  173.1923
0.316	 2.15	 1	 -42.7728	  173.8392
0.318	 2.06	 1	 -42.2025	  173.6160
0.322	 2.30	 1	 -44.0324	  178.8620
0.327	 2.21	 1	 -41.7356	  174.2359
0.331	 2.36	 1	 -41.9866	  173.6644
0.331	 2.07	 1	 -42.3050	  172.5145
0.336	 2.27	 1	 -42.6683	  173.5845
0.337	 2.32	 1	 -41.8019	  175.9178
0.343	 2.42	 1	 -41.4808	  175.1786
0.343	 2.13	 1	 -43.5941	  171.0935
0.343	 2.48	 1	 -42.1631	  173.4134
0.345	 2.08	 1	 -42.7640	  172.3967
0.346	 2.84	 1	 -44.5791	  174.3593
0.351	 2.00	 1	 -39.8605	  174.4816
0.351	 2.93	 1	 -43.0811	  172.3160
0.351	 2.72	 1	 -43.0576	  179.1198
0.353	 2.02	 1	 -42.7593	  172.7080
0.355	 2.37	 1	 -42.8710	  173.1039
0.356	 2.70	 1	 -41.8396	  174.0170
0.357	 3.06	 1	 -44.2629	  175.4927
0.360	 2.16	 1	 -42.0250	  173.6730
0.362	 2.13	 1	 -42.8837	  173.7349
0.363	 2.26	 1	 -42.7227	  172.2130
0.365	 2.17	 1	 -42.1860	  173.6215
0.370	 2.70	 1	 -42.9953	  173.5340
0.371	 3.01	 1	 -42.1944	  173.7512
0.372	 2.20	 1	 -42.2737	  172.4896
0.376	 2.12	 1	 -41.8379	  174.0163
0.378	 2.07	 1	 -43.9243	  170.6291
0.378	 3.15	 1	 -45.1364	  178.1575
0.380	 2.14	 1	 -41.1066	  178.7468
0.382	 2.05	 1	 -44.0773	  178.8426
0.383	 2.45	 1	 -42.0390	  173.9384
0.386	 2.48	 1	 -42.2004	  173.5551
0.393	 2.45	 1	 -43.8707	  177.5449
0.394	 2.27	 1	 -42.5624	  172.7623
0.394	 2.03	 1	 -41.4239	  172.5185
0.395	 3.57	 1	 -42.9893	  173.0367
0.395	 2.17	 1	 -42.2187	  173.4621
0.395	 2.63	 1	 -42.2748	  175.1010
0.396	 2.12	 1	 -41.9955	  173.8239
0.397	 2.07	 1	 -43.3868	  172.6171
0.401	 2.02	 1	 -43.7622	  174.0957
0.405	 2.27	 1	 -45.1182	  175.8253
0.406	 2.46	 1	 -42.5434	  172.8580
0.406	 2.89	 1	 -42.7950	  172.6701
0.406	 2.19	 2	 -44.3503	  169.1573
0.407	 2.03	 1	 -42.5183	  172.6614
0.409	 2.06	 1	 -41.8565	  174.1708
0.409	 2.13	 1	 -42.0447	  174.0692
0.411	 2.24	 1	 -42.6039	  173.2334
0.411	 2.02	 1	 -42.5023	  173.1147
0.412	 2.25	 1	 -42.6451	  172.9026
0.413	 2.30	 1	 -42.4114	  172.2939
0.414	 2.19	 1	 -44.9771	  171.7105
0.416	 2.24	 1	 -41.4177	  171.8331
0.420	 2.42	 1	 -43.2348	  172.6768
0.420	 2.31	 1	 -43.3658	  172.6277
0.423	 3.37	 1	 -39.6373	  168.5334
0.427	 3.39	 1	 -42.9494	  173.0470
0.428	 2.64	 1	 -42.4199	  173.3367
0.434	 2.38	 1	 -42.3209	  173.1376
0.434	 2.15	 1	 -42.7925	  172.8088
0.438	 2.54	 1	 -45.5685	  177.7250
0.439	 2.53	 1	 -42.0868	  173.0244
0.441	 2.14	 1	 -42.4141	  171.9397
0.442	 2.22	 1	 -41.5907	  173.0210
0.442	 2.15	 1	 -42.1804	  173.6086
0.443	 2.38	 1	 -41.7560	  174.2015
0.446	 3.31	 1	 -42.0521	  172.7364
0.446	 2.96	 1	 -42.4582	  172.0732
0.447	 2.01	 1	 -40.8792	  173.5794
0.448	 2.20	 1	 -43.9378	  170.4032
0.450	 2.21	 1	 -41.8460	  171.4661
0.452	 2.10	 1	 -41.8432	  174.4442
0.452	 2.67	 1	 -41.7490	  174.4227
0.454	 2.33	 1	 -43.0190	  171.7189
0.456	 2.67	 1	 -42.8480	  173.3893
0.459	 2.79	 1	 -42.3521	  173.7619
0.465	 2.04	 1	 -43.2942	  173.9265
0.466	 2.09	 1	 -45.4074	  177.0577
0.466	 2.10	 1	 -43.1916	  172.8347
0.468	 2.08	 1	 -42.6453	  172.9601
0.470	 2.54	 1	 -40.8161	  171.3782
0.471	 2.17	 1	 -42.7566	  172.0539
0.471	 3.23	 1	 -41.7949	  174.4312
0.472	 2.23	 1	 -42.1601	  173.5737
0.474	 2.35	 1	 -47.0828	  174.3447
0.475	 2.17	 1	 -42.3016	  172.9542
0.477	 2.60	 1	 -42.1187	  173.0117
0.477	 2.28	 1	 -41.7045	  174.2691
0.478	 2.17	 1	 -43.7224	  173.6162
0.480	 2.46	 1	 -42.3758	  172.9887
0.481	 2.29	 1	 -41.1173	  170.0172
0.487	 2.70	 1	 -41.9472	  173.6747
0.490	 2.66	 1	 -42.5589	  172.4850
0.490	 2.10	 1	 -42.1904	  172.2851
0.492	 2.24	 1	 -42.2534	  173.3344
0.495	 2.49	 1	 -40.8642	  173.8244
0.496	 2.07	 1	 -41.9693	  173.5390
0.498	 2.14	 1	 -42.6747	  172.7084
0.499	 2.38	 1	 -42.6631	  173.5012
0.503	 2.27	 1	 -44.2481	  178.7622
0.504	 2.20	 1	 -43.0916	  173.2993
0.505	 2.48	 1	 -42.6299	  173.4697
0.508	 4.09	 1	 -40.9801	  176.4906
0.508	 2.11	 1	 -42.8169	  173.2631
0.508	 2.01	 1	 -42.3312	  172.9155
0.512	 2.46	 1	 -42.3790	  172.7983
0.514	 2.03	 1	 -42.8992	  172.6757
0.514	 2.00	 1	 -41.5575	  173.8654
0.516	 2.03	 1	 -42.7880	  174.1125
0.516	 2.76	 1	 -40.5482	  169.4971
0.517	 3.12	 1	 -42.9625	  177.9099
0.518	 4.08	 1	 -42.8505	  172.9322
0.518	 2.10	 1	 -40.6938	  167.5419
0.521	 2.38	 1	 -41.4327	  167.1494
0.523	 2.29	 1	 -42.4453	  173.2264
0.523	 2.18	 1	 -42.5754	  173.7369
0.526	 3.68	 1	 -42.2737	  173.8363
0.527	 2.35	 1	 -42.4446	  173.7527
0.528	 2.10	 1	 -43.3526	  172.5811
0.530	 2.16	 1	 -42.2595	  174.0093
0.534	 2.38	 1	 -40.8729	  167.4276
0.534	 2.28	 1	 -42.6109	  173.6332
0.539	 2.13	 1	 -43.4703	  173.1254
0.540	 2.21	 1	 -43.4883	  172.9460
0.545	 2.04	 1	 -43.2187	  172.5227
0.547	 2.99	 1	 -41.9932	  174.0217
0.550	 2.10	 1	 -42.4504	  173.8134
0.550	 3.03	 1	 -41.9893	  174.7687
0.553	 2.05	 1	 -42.9500	  173.5727
0.554	 2.21	 1	 -42.9425	  173.4817
0.556	 2.55	 1	 -42.9979	  179.1258
0.561	 2.33	 1	 -43.8533	  174.2339
0.564	 2.25	 1	 -47.0474	  174.5459
0.564	 2.07	 1	 -42.9394	  173.1144
0.564	 2.17	 1	 -42.6328	  172.9899
0.568	 3.94	 1	 -42.1216	  172.7523
0.568	 2.83	 1	 -42.1207	  173.8594
0.568	 2.21	 1	 -42.1265	  174.2635
0.570	 2.02	 1	 -42.8211	  172.6606
0.570	 2.25	 1	 -42.7619	  172.6918
0.574	 2.20	 1	 -43.6506	  174.0565
0.576	 2.65	 1	 -43.8882	  172.0225
0.578	 2.12	 1	 -42.1256	  173.8121
0.583	 3.35	 1	 -42.5677	  171.4489
0.586	 2.41	 1	 -42.1993	  173.6705
0.589	 2.09	 1	 -42.8506	  174.8820
0.589	 2.25	 1	 -41.8607	  169.6587
0.593	 2.04	 1	 -42.2904	  173.9826
0.595	 2.12	 1	 -44.9010	  173.0854
0.598	 2.07	 1	 -42.4253	  172.9912
0.599	 2.26	 1	 -41.6275	  174.3801
0.601	 2.28	 1	 -38.3796	  174.7528
0.606	 2.44	 1	 -42.1655	  173.5494
0.607	 2.02	 1	 -43.6249	  172.2829
0.625	 3.31	 1	 -43.5933	  174.1427
0.625	 2.06	 1	 -42.2239	  172.6233
0.627	 2.01	 1	 -40.2667	  174.2744
0.635	 3.29	 1	 -43.1782	  173.4292
0.635	 2.50	 1	 -42.2058	  173.7489
0.636	 2.32	 1	 -41.8890	  174.2895
0.646	 2.00	 1	 -44.9663	  168.8356
0.649	 2.31	 1	 -42.0578	  173.4764
0.650	 2.72	 1	 -42.0269	  173.6770
0.653	 2.82	 1	 -42.0158	  172.5860
0.657	 2.01	 1	 -43.0340	  176.0838
0.658	 2.09	 1	 -42.0634	  179.0798
0.661	 2.69	 1	 -42.6183	  173.8280
0.666	 2.21	 1	 -42.1900	  173.2538
0.668	 2.48	 1	 -42.9724	  171.8128
0.671	 2.12	 1	 -42.2621	  173.6756
0.672	 2.04	 1	 -42.7574	  171.9495
0.673	 2.67	 1	 -42.4804	  173.1223
0.674	 2.18	 1	 -43.0272	  171.2381
0.681	 3.18	 1	 -41.9517	  173.6278
0.682	 2.11	 1	 -41.8777	  174.9591
0.683	 2.01	 1	 -41.7548	  174.2503
0.687	 2.06	 1	 -43.5600	  170.1729
0.688	 2.71	 1	 -42.9713	  173.4888
0.692	 2.12	 1	 -42.9770	  172.3286
0.693	 2.47	 1	 -42.7187	  172.8224
0.695	 2.34	 1	 -42.7341	  173.0831
0.700	 2.19	 1	 -40.0644	  174.2984
0.701	 2.32	 1	 -42.7317	  170.9172
0.708	 2.32	 1	 -40.0484	  172.0166
0.711	 2.72	 1	 -41.9674	  173.4402
0.716	 2.26	 1	 -43.1901	  173.5308
0.718	 2.11	 1	 -42.3566	  172.7433
0.720	 2.12	 1	 -42.3372	  173.3555
0.720	 2.43	 1	 -42.3958	  173.6879
0.721	 2.14	 1	 -42.5485	  173.4900
0.724	 2.44	 1	 -42.2009	  173.6888
0.727	 2.12	 1	 -42.0233	  173.6520
0.727	 2.81	 1	 -43.0771	  172.1656
0.729	 2.55	 1	 -42.6232	  172.3966
0.729	 2.10	 1	 -42.8802	  173.3531
0.733	 2.60	 1	 -41.4326	  172.7436
0.735	 2.05	 1	 -41.8032	  173.3013
0.736	 2.25	 1	 -42.5936	  173.3246
0.736	 2.05	 1	 -43.0398	  174.0297
0.736	 3.01	 1	 -41.5401	  173.4556
0.741	 2.32	 1	 -42.2262	  173.7762
0.742	 2.60	 1	 -42.3488	  173.5820
0.743	 2.89	 1	 -41.9768	  171.1025
0.744	 2.32	 1	 -40.3427	  175.9810
0.746	 3.08	 1	 -42.1940	  173.5399
0.748	 2.11	 1	 -41.9695	  173.5660
0.748	 2.33	 1	 -41.7515	  174.4208
0.749	 2.42	 1	 -42.5893	  172.9379
0.755	 2.96	 1	 -43.1359	  175.4415
0.755	 2.74	 1	 -42.5541	  172.3284
0.757	 2.25	 1	 -41.6632	  173.5725
0.758	 2.08	 1	 -43.2397	  173.5873
0.758	 2.37	 1	 -42.6794	  173.4850
0.765	 2.08	 1	 -42.2765	  173.6206
0.765	 2.22	 1	 -42.3686	  172.1308
0.771	 2.84	 1	 -42.1020	  172.9762
0.772	 2.43	 1	 -42.5654	  172.3878
0.773	 2.16	 1	 -41.5094	  174.8917
0.776	 2.17	 1	 -42.5716	  173.1078
0.785	 2.66	 1	 -42.3186	  174.5283
0.787	 2.05	 1	 -42.5070	  172.8953
0.787	 2.38	 1	 -42.4472	  173.0109
0.789	 2.05	 1	 -42.7739	  172.3757
0.794	 2.22	 1	 -43.2539	  173.8255
0.794	 3.54	 1	 -41.1543	  173.0251
0.796	 2.45	 1	 -43.0732	  172.7132
0.805	 3.42	 1	 -42.6075	  172.6749
0.814	 2.55	 1	 -42.1647	  171.6618
0.818	 2.15	 1	 -43.2468	  173.0849
0.820	 3.42	 1	 -42.2704	  173.9174
0.827	 2.30	 1	 -43.1635	  173.2561
0.831	 2.16	 1	 -40.6959	  171.9039
0.836	 2.11	 1	 -42.6380	  174.1525
0.836	 2.11	 1	 -43.2890	  174.0781
0.836	 2.32	 1	 -42.7971	  176.7928
0.843	 2.44	 1	 -42.2503	  174.1691
0.850	 2.30	 1	 -42.4797	  172.5203
0.851	 2.07	 1	 -42.4160	  173.7400
0.852	 2.41	 1	 -41.8447	  174.2005
0.854	 2.13	 1	 -42.2781	  173.7941
0.856	 2.82	 1	 -44.6812	  170.4846
0.857	 2.08	 1	 -42.2187	  175.2097
0.859	 2.32	 1	 -41.6672	  173.4177
0.863	 2.77	 1	 -42.3448	  173.6698
0.864	 2.82	 1	 -43.3817	  172.7918
0.867	 2.29	 1	 -41.9802	  173.8275
0.871	 2.04	 1	 -43.1997	  174.4620
0.883	 2.42	 1	 -42.9120	  172.5217
0.883	 2.01	 1	 -41.9083	  173.5037
0.883	 2.31	 1	 -42.7668	  172.4698
0.884	 3.34	 1	 -43.2867	  179.0863
0.887	 2.03	 1	 -42.8328	  172.7374
0.900	 2.04	 1	 -42.2963	  173.4868
0.904	 2.85	 1	 -42.5919	  173.1915
0.919	 2.05	 1	 -41.7815	  174.2796
0.923	 2.31	 1	 -42.9019	  172.7223
0.925	 2.85	 1	 -42.6793	  173.6236
0.926	 2.07	 1	 -42.7433	  173.0308
0.927	 2.09	 1	 -43.8497	  170.1744
0.934	 2.25	 1	 -42.8508	  172.9181
0.935	 3.04	 1	 -42.8162	  175.8856
0.936	 2.34	 1	 -42.4736	  173.3258
0.936	 2.60	 1	 -41.3073	  174.7387
0.938	 2.18	 1	 -42.2100	  173.3618
0.938	 2.43	 1	 -42.7853	  172.8527
0.939	 4.14	 1	 -43.0997	  173.0346
0.958	 2.03	 1	 -42.6184	  173.3244
0.965	 2.03	 1	 -42.4252	  175.4180
0.967	 2.65	 1	 -45.4666	  169.5194
0.971	 2.02	 1	 -43.0913	  172.4367
0.971	 2.06	 1	 -42.5366	  173.0158
0.975	 4.16	 1	 -40.2433	  167.8915
0.979	 2.23	 1	 -41.4330	  173.4023
0.983	 2.16	 1	 -47.0386	  174.5920
0.993	 2.85	 1	 -42.4089	  173.3026
0.993	 2.60	 1	 -42.6195	  173.0816
0.994	 2.92	 1	 -43.1682	  175.2319
0.999	 2.04	 1	 -42.5022	  173.8539
1.001	 2.26	 1	 -43.1245	  172.0835
1.002	 2.53	 1	 -43.2991	  179.0840
1.003	 2.03	 1	 -43.0191	  173.0171
1.023	 2.41	 2	 -42.5636	  172.3909
1.033	 2.78	 1	 -42.3089	  174.5126
1.036	 2.31	 1	 -42.4085	  173.7224
1.039	 2.08	 1	 -40.2958	  173.3623
1.040	 2.02	 1	 -44.4588	  177.3630
1.041	 3.27	 1	 -42.1676	  174.4485
1.059	 2.06	 1	 -43.2969	  177.0267
1.062	 2.23	 1	 -41.7475	  174.2774
1.073	 2.12	 1	 -42.3028	  173.6560
1.079	 2.55	 1	 -41.7993	  174.2157
1.082	 2.22	 1	 -42.1233	  173.3439
1.089	 2.00	 1	 -42.1259	  173.5246
1.090	 2.35	 1	 -41.8215	  173.5738
1.093	 3.23	 1	 -43.5799	  172.2435
1.097	 2.08	 1	 -43.4086	  172.4081
1.100	 2.48	 1	 -42.4924	  172.5490
1.101	 2.03	 1	 -42.0521	  173.5199
1.107	 2.00	 1	 -42.4166	  173.2862
1.110	 2.01	 1	 -41.4209	  176.7010
1.111	 2.08	 1	 -42.3357	  173.9741
1.113	 2.29	 1	 -42.0241	  173.6355
1.121	 2.26	 1	 -42.0246	  173.7102
1.128	 2.07	 1	 -41.5024	  174.0232
1.129	 2.43	 1	 -41.6316	  172.9794
1.138	 2.05	 1	 -42.2471	  174.0976
1.140	 2.16	 1	 -42.6338	  171.7609
1.157	 2.07	 1	 -42.2735	  173.6320
1.163	 2.55	 1	 -43.0387	  172.3869
1.163	 2.01	 1	 -43.1146	  171.4540
1.174	 2.80	 1	 -41.6848	  174.2504
1.182	 2.03	 1	 -43.0167	  173.0717
1.188	 2.10	 1	 -42.0901	  177.3469
1.189	 2.55	 1	 -42.1844	  173.5742
1.190	 2.14	 1	 -39.9357	  168.1890
1.199	 2.17	 1	 -42.0932	  173.3427
1.203	 2.86	 1	 -43.1131	  172.6118
1.203	 2.28	 1	 -42.5813	  172.9824
1.205	 2.10	 1	 -42.3105	  173.7479
1.220	 2.05	 1	 -43.2565	  176.3313
1.220	 3.33	 1	 -44.1123	  172.6047
1.222	 2.55	 1	 -42.9938	  173.1247
1.226	 2.50	 2	 -40.9826	  176.4907
1.228	 2.64	 1	 -38.4576	  173.3228
1.234	 2.17	 1	 -41.9084	  173.2740
1.268	 2.51	 1	 -42.0006	  173.7621
1.272	 2.12	 1	 -42.2435	  173.6771
1.274	 2.04	 1	 -43.1692	  173.6567
1.280	 4.06	 1	 -42.6754	  173.3289
1.285	 2.07	 1	 -38.8857	  173.5349
1.292	 2.21	 1	 -39.2768	  169.0433
1.293	 3.30	 2	 -41.9717	  171.0982
1.296	 2.37	 1	 -42.0107	  173.3500
1.308	 2.71	 1	 -41.9944	  172.0974
1.309	 2.12	 1	 -43.0590	  173.7083
1.314	 3.43	 1	 -42.8201	  172.6492
1.318	 2.59	 1	 -41.7815	  174.1007
1.325	 2.32	 1	 -42.2274	  173.8203
1.334	 2.56	 1	 -41.9620	  172.6721
1.339	 2.22	 1	 -40.9767	  171.9866
1.352	 2.07	 1	 -43.6524	  177.7699
1.357	 2.02	 1	 -42.5772	  173.6540
1.371	 2.63	 1	 -41.6415	  173.6301
1.376	 2.36	 1	 -42.1464	  173.6636
1.381	 2.17	 1	 -42.2059	  174.1048
1.382	 4.08	 1	 -42.2007	  172.6471
1.393	 2.62	 1	 -42.5971	  172.2004
1.398	 2.03	 1	 -41.9851	  173.7307
1.399	 2.96	 1	 -42.6587	  172.9049
1.423	 2.61	 1	 -46.9092	  170.8973
1.436	 2.12	 1	 -42.9844	  172.0693
1.439	 3.10	 1	 -41.9419	  174.0742
1.445	 2.14	 1	 -42.9484	  172.4220
1.446	 2.00	 1	 -43.0528	  173.6554
1.450	 2.15	 1	 -42.5256	  173.2859
1.451	 2.05	 1	 -42.3166	  172.9993
1.452	 2.57	 1	 -42.2902	  172.4321
1.458	 2.22	 1	 -44.5609	  178.5868
1.463	 2.18	 1	 -41.4727	  171.0230
1.470	 2.32	 1	 -42.8175	  171.2842
1.484	 2.18	 1	 -42.3681	  173.4741
1.488	 2.05	 1	 -41.6873	  174.4224
1.499	 2.24	 1	 -42.6824	  173.0360
1.503	 2.59	 1	 -41.9642	  173.6649
1.503	 2.05	 1	 -42.4063	  173.3563
1.506	 2.22	 1	 -45.3858	  168.1231
1.508	 2.12	 1	 -43.0011	  172.7796
1.516	 2.88	 1	 -42.7429	  173.2306
1.516	 2.03	 1	 -42.2096	  173.9330
1.521	 2.15	 1	 -42.7369	  173.1587
1.522	 2.02	 1	 -45.0257	  170.2887
1.523	 2.09	 1	 -42.4331	  173.3301
1.531	 2.38	 1	 -41.8958	  173.4358
1.533	 2.57	 1	 -42.2821	  172.2030
1.534	 2.37	 1	 -42.0459	  172.3904
1.535	 2.21	 1	 -44.3661	  173.6467
1.536	 2.30	 1	 -42.7446	  172.1619
1.537	 2.55	 1	 -42.7783	  166.9054
1.554	 2.01	 1	 -41.8267	  176.0408
1.563	 2.76	 1	 -42.6143	  172.9565
1.573	 2.19	 1	 -42.2713	  173.1750
1.591	 2.70	 1	 -41.5594	  172.1010
1.608	 2.16	 2	 -41.9396	  174.0675
1.609	 2.10	 1	 -42.6185	  173.1996
1.613	 2.97	 1	 -42.5574	  173.6227
1.616	 2.46	 1	 -43.0342	  173.7436
1.618	 2.46	 1	 -43.5196	  173.6915
1.639	 2.40	 1	 -41.7147	  172.1251
1.642	 2.07	 1	 -43.1849	  173.0156
1.647	 2.00	 1	 -42.4433	  172.8825
1.672	 3.13	 1	 -42.0913	  173.5492
1.681	 2.23	 1	 -43.6403	  172.4050
1.686	 3.07	 1	 -42.4115	  173.3417
1.687	 2.18	 1	 -42.6483	  173.1584
1.689	 2.67	 1	 -42.6704	  172.2020
1.691	 2.20	 1	 -42.2381	  174.6645
1.692	 2.16	 1	 -42.1869	  173.6843
1.694	 2.16	 1	 -42.6260	  173.5246
1.699	 3.37	 1	 -42.4196	  173.3522
1.702	 2.24	 1	 -41.8500	  174.1717
1.710	 2.18	 1	 -42.7547	  172.1634
1.713	 3.23	 1	 -43.1415	  172.5952
1.721	 2.45	 1	 -41.7455	  174.2121
1.729	 3.14	 1	 -42.0122	  170.9192
1.730	 3.18	 1	 -42.6448	  172.7282
1.731	 2.33	 1	 -42.1517	  173.8080
1.747	 4.06	 1	 -43.2174	  172.9208
1.751	 2.50	 1	 -42.3302	  172.6870
1.758	 2.11	 1	 -42.1388	  173.9329
1.778	 2.29	 1	 -41.9433	  173.7214
1.781	 2.68	 1	 -42.3887	  172.9538
1.786	 2.45	 1	 -42.6342	  173.6533
1.792	 2.79	 1	 -42.8804	  179.1346
1.805	 2.52	 1	 -43.5720	  172.7000
1.805	 2.59	 1	 -42.8038	  172.9059
1.824	 2.28	 1	 -41.6096	  174.2392
1.827	 2.63	 1	 -44.3284	  178.7207
1.831	 2.32	 1	 -42.2843	  173.3833
1.844	 2.53	 1	 -42.7057	  171.7838
1.844	 2.06	 1	 -41.6989	  174.2825
1.858	 2.25	 1	 -42.7568	  173.1520
1.861	 2.76	 1	 -42.4664	  173.3397
1.873	 2.52	 1	 -43.0733	  173.5200
1.879	 2.10	 1	 -42.2334	  173.4783
1.883	 2.20	 1	 -44.3799	  172.3920
1.904	 2.07	 1	 -41.7377	  174.2940
1.908	 2.09	 1	 -42.8401	  172.8497
1.928	 2.11	 1	 -43.0233	  166.9209
1.934	 2.52	 1	 -42.9983	  173.0931
1.949	 2.23	 1	 -42.2392	  173.7232
1.964	 2.28	 1	 -41.5291	  173.0869
1.967	 2.04	 1	 -42.5657	  172.8545
1.974	 2.00	 1	 -42.5348	  172.0069
1.981	 2.62	 1	 -40.6209	  178.4520
1.987	 2.06	 1	 -42.1314	  170.9484
1.990	 2.75	 1	 -41.9375	  173.6562
1.992	 2.63	 1	 -41.7026	  174.0596
2.004	 2.28	 1	 -41.8666	  173.9938
2.013	 2.07	 1	 -42.4565	  173.4304
2.016	 2.04	 1	 -46.1474	  169.1064
2.032	 2.32	 1	 -42.4137	  172.9101
2.045	 2.54	 1	 -41.6606	  174.2039
2.063	 2.61	 1	 -43.0739	  173.5956
2.067	 2.85	 1	 -46.1639	  171.8964
2.072	 2.78	 1	 -41.3893	  172.5536
2.099	 2.08	 1	 -43.6358	  173.7614
2.100	 2.11	 1	 -40.4139	  173.7614
2.126	 2.25	 1	 -42.5548	  173.3243
2.135	 2.03	 1	 -42.6133	  173.8281
2.135	 2.25	 1	 -42.9444	  172.8221
2.147	 2.10	 1	 -41.0840	  169.4462
2.150	 2.20	 1	 -42.4315	  173.6961
2.185	 2.02	 1	 -42.9182	  173.2050
2.190	 2.03	 1	 -42.9657	  172.1742
2.216	 2.29	 1	 -42.1285	  173.7923
2.220	 2.17	 1	 -43.0191	  173.3550
2.227	 2.15	 1	 -42.4534	  171.2818
2.252	 2.47	 1	 -42.0878	  173.2903
2.279	 2.01	 1	 -42.4413	  173.1393
2.323	 2.05	 1	 -45.6487	  171.6977
2.330	 2.99	 1	 -42.2130	  173.5646
2.337	 2.69	 1	 -42.0816	  172.7418
2.340	 2.40	 1	 -42.3575	  174.0762
2.341	 2.56	 1	 -42.6985	  173.1916
2.355	 2.12	 1	 -41.7772	  173.8266
2.355	 2.18	 2	 -42.8901	  172.3791
2.363	 2.99	 1	 -42.2653	  173.7139
2.367	 2.62	 1	 -42.1230	  175.9541
2.373	 2.84	 1	 -42.7797	  172.9770
2.386	 2.15	 1	 -41.8133	  174.2345
2.393	 2.62	 1	 -42.1689	  172.4750
2.397	 2.46	 1	 -43.3154	  175.5037
2.408	 2.40	 1	 -43.3642	  173.1315
2.426	 2.27	 1	 -42.2622	  173.9593
2.428	 2.10	 1	 -42.6415	  172.9438
2.429	 2.31	 1	 -42.2145	  173.6244
2.429	 2.18	 1	 -42.4824	  173.6045
2.446	 2.31	 1	 -42.2053	  173.4636
2.485	 2.56	 1	 -41.9740	  173.7934
2.497	 2.25	 1	 -40.9532	  173.5849
2.512	 2.63	 2	 -43.1916	  172.8295
2.516	 2.48	 1	 -43.2240	  171.7975
2.523	 2.26	 1	 -42.9438	  173.9964
2.530	 3.20	 1	 -41.9884	  172.9081
2.538	 2.02	 1	 -39.6117	  174.2760
2.576	 2.00	 1	 -43.0502	  171.8569
2.585	 2.86	 1	 -42.4836	  173.6791
2.587	 2.34	 1	 -42.1309	  173.6616
2.604	 2.62	 1	 -43.0806	  173.3189
2.615	 2.17	 1	 -42.1146	  173.7793
2.616	 2.10	 1	 -43.4986	  175.4866
2.618	 2.05	 1	 -39.8630	  168.2674
2.627	 3.45	 1	 -42.8594	  173.5992
2.631	 2.25	 1	 -41.9723	  173.7051
2.639	 2.01	 1	 -42.9935	  177.3124
2.663	 2.64	 1	 -41.6447	  174.2964
2.671	 3.46	 1	 -42.3125	  173.8155
2.677	 2.49	 1	 -43.7978	  171.4532
2.693	 2.54	 1	 -43.2973	  172.2432
2.696	 2.18	 1	 -42.0801	  173.2651
2.701	 2.44	 1	 -42.0655	  172.4626
2.710	 2.29	 1	 -42.7518	  172.5732
2.722	 2.08	 1	 -41.7283	  174.1724
2.732	 2.97	 1	 -42.5107	  173.1237
2.733	 2.01	 1	 -43.2334	  171.8346
2.754	 2.54	 1	 -42.3739	  173.8424
2.761	 2.41	 1	 -42.7352	  172.6977
2.772	 2.09	 1	 -42.5520	  173.1071
2.814	 2.24	 1	 -41.7877	  174.3343
2.819	 2.27	 1	 -46.8620	  175.3128
2.821	 2.14	 1	 -43.8786	  171.9585
2.843	 2.17	 1	 -41.7663	  174.1508
2.853	 3.42	 1	 -42.1758	  173.6391
2.855	 2.24	 1	 -43.5548	  172.3347
2.856	 3.56	 1	 -43.2423	  175.2923
2.881	 2.10	 1	 -41.9997	  173.7974
2.915	 2.11	 1	 -42.5463	  170.3563
2.920	 2.34	 1	 -42.1024	  172.8856
2.941	 2.96	 1	 -41.8557	  174.2054
2.942	 2.56	 1	 -41.0379	  175.7755
2.943	 2.66	 1	 -42.1322	  173.4249
3.016	 2.10	 1	 -42.1657	  171.7489
3.020	 2.01	 1	 -41.3684	  172.3396
3.021	 3.09	 1	 -43.3345	  173.5114
3.045	 2.11	 1	 -45.1969	  172.5487
3.049	 2.62	 1	 -39.5524	  168.6431
3.053	 2.10	 1	 -42.2057	  172.2863
3.060	 2.04	 1	 -42.1415	  173.0583
3.102	 2.94	 1	 -43.5903	  173.9432
3.111	 2.12	 1	 -42.4306	  173.9842
3.140	 3.61	 1	 -42.5089	  173.6194
3.154	 2.01	 1	 -43.2989	  173.3107
3.155	 2.23	 1	 -41.7349	  173.7481
3.160	 2.09	 1	 -40.8114	  172.9830
3.170	 2.11	 1	 -42.2103	  173.7071
3.182	 2.42	 1	 -45.6737	  177.6022
3.188	 2.02	 1	 -41.4806	  178.9135
3.194	 2.09	 1	 -41.8987	  173.7420
3.201	 2.51	 1	 -42.6430	  173.5342
3.218	 2.11	 1	 -42.8261	  172.2823
3.228	 2.32	 1	 -42.5624	  172.8437
3.234	 2.05	 1	 -41.0257	  174.3053
3.238	 2.65	 1	 -42.6078	  173.0229
3.241	 2.47	 1	 -43.6263	  172.5469
3.292	 4.27	 1	 -41.0356	  178.7095
3.305	 2.12	 1	 -42.4407	  175.8822
3.328	 2.05	 1	 -42.5972	  172.6643
3.330	 2.25	 1	 -40.5717	  174.2417
3.366	 2.13	 1	 -41.6797	  173.1011
3.375	 2.10	 1	 -41.7740	  174.3041
3.420	 2.13	 1	 -43.1448	  167.7627
3.426	 2.00	 1	 -43.1678	  170.1040
3.432	 2.15	 1	 -41.9466	  175.2763
3.435	 2.69	 1	 -42.6031	  170.9135
3.440	 2.04	 1	 -43.8031	  168.8732
3.447	 2.41	 1	 -41.7081	  174.2603
3.479	 2.86	 1	 -45.3045	  174.6353
3.486	 2.02	 1	 -42.7137	  172.7344
3.551	 2.63	 1	 -43.5085	  175.0733
3.574	 2.92	 1	 -42.0145	  173.7520
3.610	 2.24	 1	 -41.8570	  173.9565
3.625	 2.17	 1	 -42.5442	  173.3711
3.635	 2.48	 2	 -42.8137	  172.5746
3.664	 2.67	 1	 -42.2593	  173.7063
3.674	 2.49	 1	 -42.0195	  173.6655
3.681	 3.11	 1	 -42.6324	  167.8067
3.682	 2.73	 1	 -43.4826	  172.8477
3.702	 2.32	 1	 -42.2274	  173.8321
3.707	 2.11	 1	 -41.7496	  179.0039
3.712	 2.06	 1	 -42.3607	  172.8094
3.722	 2.02	 1	 -42.3662	  179.1238
3.734	 2.09	 1	 -42.5342	  172.1965
3.739	 2.08	 1	 -38.5209	  170.7388
3.743	 2.46	 1	 -41.9892	  173.9913
3.777	 2.62	 1	 -42.5013	  172.8014
3.783	 2.10	 1	 -45.0586	  173.7229
3.811	 2.52	 1	 -42.3477	  172.9660
3.812	 2.97	 1	 -41.8715	  171.5963
3.831	 2.01	 1	 -39.9587	  175.7733
3.864	 2.21	 1	 -45.4017	  177.9050
3.877	 2.08	 1	 -43.0925	  172.7980
3.949	 2.16	 1	 -42.9677	  172.3843
3.977	 2.37	 1	 -42.4075	  173.1727
3.979	 2.22	 1	 -47.0265	  171.3918
3.979	 2.91	 1	 -42.8752	  174.8276
4.004	 2.14	 1	 -42.2253	  173.7099
4.043	 2.32	 2	 -41.9434	  174.0602
4.045	 2.38	 1	 -40.7895	  171.6032
4.052	 2.14	 1	 -40.4931	  169.1603
4.054	 2.80	 1	 -40.6301	  169.5898
4.074	 3.46	 1	 -42.2676	  173.9702
4.086	 2.00	 1	 -42.0421	  173.9877
4.145	 2.67	 1	 -41.7575	  174.2173
4.157	 2.34	 1	 -38.4948	  175.2154
4.159	 2.03	 1	 -42.0105	  174.0575
4.170	 2.17	 1	 -42.9062	  171.8756
4.200	 2.63	 1	 -42.1812	  173.6321
4.201	 2.20	 1	 -42.4458	  173.8428
4.201	 2.91	 1	 -40.4658	  170.2992
4.223	 2.11	 1	 -44.8430	  172.1448
4.223	 2.09	 1	 -40.0215	  174.1050
4.232	 2.42	 1	 -42.5477	  173.0774
4.256	 2.03	 1	 -42.0169	  172.4558
4.275	 2.49	 1	 -42.4249	  173.3745
4.315	 2.16	 1	 -41.5680	  173.1393
4.382	 2.09	 2	 -42.9191	  172.5178
4.382	 2.03	 1	 -41.0022	  170.9616
4.388	 2.55	 1	 -42.6427	  171.6864
4.411	 2.65	 1	 -41.7683	  174.2555
4.481	 2.11	 1	 -45.2566	  170.8849
4.494	 2.41	 1	 -43.5332	  173.8430
4.548	 2.60	 1	 -42.9286	  173.1011
4.620	 2.75	 1	 -42.2503	  173.2567
4.624	 2.10	 1	 -42.1404	  173.4069
4.660	 2.52	 1	 -42.6110	  172.9977
4.686	 2.05	 1	 -41.7684	  173.7439
4.695	 2.63	 1	 -41.7240	  174.2404
4.743	 2.49	 1	 -46.8326	  174.7524
4.743	 2.00	 1	 -42.8551	  173.4448
4.751	 2.03	 1	 -42.7509	  173.4079
4.757	 2.59	 1	 -43.0328	  172.9908
4.774	 2.17	 1	 -46.5920	  169.9759
4.808	 2.20	 1	 -42.4193	  173.7637
4.824	 2.36	 1	 -40.6689	  170.3299
4.845	 2.32	 1	 -47.1128	  174.1444
4.853	 2.09	 1	 -42.3301	  173.7237
4.864	 2.07	 1	 -42.6946	  172.7636
4.888	 2.13	 1	 -42.6248	  173.1677
4.904	 2.21	 1	 -41.5309	  173.4389
4.937	 2.47	 1	 -39.1792	  171.1834
4.983	 2.70	 1	 -41.9134	  173.9904
5.009	 2.15	 1	 -43.0009	  173.2955
5.036	 2.80	 1	 -43.4479	  172.4445
5.069	 2.03	 1	 -43.9944	  173.9150
5.080	 2.05	 1	 -43.0410	  173.0469
5.096	 2.70	 1	 -42.2492	  173.4321
5.108	 2.17	 1	 -43.3999	  172.5053
5.140	 2.43	 1	 -42.6027	  173.0973
5.186	 2.65	 1	 -42.6701	  172.5057
5.188	 2.49	 1	 -44.2210	  170.1583
5.201	 2.41	 1	 -42.3181	  173.4615
5.202	 2.65	 1	 -41.9708	  173.7274
5.219	 2.60	 1	 -45.3817	  172.4421
5.239	 2.02	 1	 -43.0490	  171.4456
5.245	 2.99	 1	 -41.8869	  174.2202
5.267	 2.50	 1	 -42.9673	  173.8056
5.285	 2.20	 1	 -42.9061	  172.3184
5.285	 2.68	 1	 -44.0562	  169.3535
5.290	 2.00	 1	 -41.9292	  173.6922
5.293	 2.19	 1	 -41.8734	  173.0709
5.296	 2.15	 1	 -43.1756	  172.5316
5.305	 2.17	 1	 -42.7513	  173.1366
5.352	 2.53	 1	 -42.5605	  172.8604
5.418	 3.03	 1	 -42.2330	  173.5866
5.427	 3.31	 1	 -42.0081	  171.0508
5.465	 2.12	 1	 -41.3906	  172.0865
5.471	 2.02	 1	 -39.8923	  174.4383
5.516	 3.22	 1	 -42.8818	  173.0052
5.568	 2.39	 1	 -42.2428	  173.6250
5.651	 2.91	 1	 -41.7774	  174.4628
5.660	 2.19	 1	 -41.5344	  172.5252
5.667	 2.88	 1	 -44.5374	  172.0476
5.690	 3.22	 1	 -42.8453	  172.4229
5.717	 2.05	 1	 -41.6025	  174.2453
5.729	 3.86	 1	 -42.9612	  173.1682
5.744	 2.12	 1	 -42.5482	  173.0821
5.747	 2.20	 1	 -42.3764	  172.9725
5.774	 2.57	 1	 -42.2476	  173.5341
5.789	 2.37	 1	 -42.2836	  173.2476
5.866	 2.22	 1	 -40.1385	  170.6020
5.874	 2.59	 1	 -41.8974	  174.2511
5.877	 2.16	 1	 -43.0935	  173.5643
5.932	 3.00	 1	 -43.1442	  171.5938
5.970	 2.69	 1	 -42.0849	  167.2231
6.000	 2.52	 1	 -42.2715	  171.8554
6.005	 2.26	 1	 -42.2718	  173.6304
6.012	 2.06	 2	 -42.8722	  173.1460
6.064	 2.13	 2	 -41.7993	  174.4210
6.072	 3.26	 1	 -42.0110	  174.0986
6.169	 2.12	 1	 -42.6768	  173.1481
6.175	 2.11	 1	 -42.7169	  173.0536
6.185	 2.27	 1	 -40.1265	  172.1069
6.190	 2.08	 1	 -41.6948	  174.2750
6.274	 2.16	 1	 -41.6784	  173.8246
6.314	 2.15	 1	 -41.3975	  171.7930
6.335	 2.31	 1	 -42.7474	  173.5511
6.373	 2.16	 1	 -37.8223	  174.9834
6.399	 3.39	 1	 -42.7647	  172.9250
6.407	 2.29	 1	 -41.8096	  174.2683
6.417	 2.11	 1	 -42.0842	  178.0016
6.465	 2.53	 1	 -45.0004	  172.6121
6.483	 2.50	 1	 -43.5001	  168.5271
6.619	 2.65	 1	 -42.2490	  172.3237
6.637	 2.53	 1	 -41.8805	  173.6585
6.666	 2.78	 1	 -42.1615	  173.4764
6.694	 2.61	 1	 -42.6263	  174.8733
6.714	 2.46	 1	 -44.8054	  173.6946
6.784	 2.14	 1	 -42.6205	  172.9869
6.803	 2.54	 1	 -42.4010	  173.6108
6.870	 2.25	 1	 -44.2668	  173.1272
6.947	 2.41	 1	 -44.0508	  172.7564
6.964	 2.11	 1	 -42.4999	  172.7124
7.071	 3.56	 2	 -41.0148	  176.4646
7.097	 2.42	 1	 -42.6704	  172.7730
7.155	 2.49	 1	 -42.3645	  172.6812
7.218	 2.33	 1	 -42.6255	  172.9099
7.270	 3.40	 1	 -41.9319	  173.7499
7.283	 2.48	 1	 -43.0873	  174.0609
7.337	 3.01	 1	 -43.5092	  176.6775
7.351	 2.12	 1	 -44.3909	  175.6244
7.382	 2.19	 1	 -39.6640	  168.5000
7.384	 2.10	 1	 -39.8901	  169.8990
7.415	 2.35	 1	 -45.5889	  168.3425
7.422	 2.12	 1	 -42.8230	  172.3066
7.427	 2.23	 1	 -41.1511	  167.2750
7.428	 2.74	 1	 -42.6219	  172.9411
7.456	 2.02	 1	 -44.2944	  167.3057
7.498	 2.41	 1	 -41.9930	  173.8062
7.520	 2.00	 1	 -46.3308	  176.6173
7.538	 2.08	 2	 -40.1627	  168.0790
7.604	 2.18	 1	 -43.8668	  175.1204
7.618	 2.01	 1	 -42.7187	  173.8628
7.622	 3.07	 2	 -42.2268	  173.4877
7.632	 3.10	 1	 -42.5365	  172.8569
7.679	 2.10	 1	 -41.7716	  174.2553
7.724	 2.38	 1	 -42.9988	  172.5726
7.729	 2.29	 1	 -42.7719	  166.9053
7.744	 2.41	 1	 -43.6676	  172.7761
7.807	 2.32	 1	 -43.0728	  173.3949
7.814	 4.37	 1	 -41.9615	  174.4052
7.868	 4.88	 1	 -44.0917	  169.1669
7.871	 2.24	 1	 -42.0417	  174.3132
7.913	 2.60	 1	 -42.9152	  174.0589
7.976	 2.43	 1	 -41.9584	  173.9836
8.026	 2.34	 1	 -42.6022	  175.4257
8.206	 3.13	 1	 -42.8944	  173.3475
8.350	 2.43	 1	 -41.9216	  173.7117
8.375	 2.09	 1	 -44.0536	  174.2900
8.409	 2.63	 1	 -42.3603	  174.0592
8.548	 2.37	 1	 -41.0224	  167.3420
8.585	 2.37	 1	 -42.3817	  176.6507
8.602	 2.08	 1	 -41.8442	  175.1496
8.604	 2.12	 1	 -42.5161	  173.1730
8.633	 2.05	 1	 -41.7225	  174.3042
8.646	 2.22	 1	 -41.4107	  171.8093
8.677	 2.32	 2	 -41.9693	  174.4137
8.712	 2.07	 1	 -41.4218	  172.4397
8.759	 2.87	 1	 -42.5431	  173.7318
8.768	 2.12	 1	 -43.4572	  172.1143
8.777	 2.17	 1	 -44.0159	  172.5902
8.827	 2.47	 1	 -43.0868	  172.5083
8.853	 2.15	 1	 -42.5067	  171.8709
8.863	 2.30	 1	 -38.1959	  173.0086
8.865	 2.05	 1	 -44.4956	  178.6266
8.879	 3.36	 1	 -42.5174	  171.2034
8.887	 2.36	 1	 -38.2432	  173.9072
8.896	 2.24	 1	 -43.2193	  172.9762
8.918	 2.85	 1	 -42.1204	  172.1399
8.938	 2.59	 1	 -42.5391	  172.1946
9.014	 2.15	 1	 -43.3255	  172.6486
9.027	 2.05	 1	 -40.3069	  178.2079
9.115	 2.09	 1	 -42.1826	  173.8244
9.159	 2.44	 1	 -41.7853	  174.1897
9.161	 2.84	 1	 -42.9658	  174.8611
9.207	 2.16	 1	 -42.5892	  173.9309
9.358	 2.52	 1	 -42.4103	  173.2023
9.363	 2.04	 1	 -42.6658	  172.8478
9.479	 2.16	 1	 -42.8146	  172.7359
9.480	 2.54	 1	 -42.1530	  172.8396
9.509	 2.15	 1	 -42.5193	  173.1432
9.524	 2.03	 1	 -42.4877	  173.5898
9.590	 2.18	 1	 -42.4024	  173.8190
9.696	 2.07	 1	 -42.0771	  173.7464
9.712	 2.11	 1	 -42.0071	  173.4689
9.726	 2.63	 1	 -41.9882	  173.7142
9.743	 2.59	 1	 -41.9971	  173.6192
9.744	 2.81	 1	 -42.2779	  172.9060
9.774	 2.57	 1	 -42.5072	  172.9846
9.788	 2.85	 1	 -42.2863	  173.8246
9.804	 2.06	 1	 -42.3424	  173.5135
9.846	 2.18	 1	 -43.8187	  172.0117
9.882	 2.20	 1	 -43.7711	  167.0829
9.941	 2.66	 1	 -42.2986	  173.6963
9.944	 2.50	 1	 -43.1614	  172.9994
10.040	 2.54	 1	 -43.3020	  170.8929
10.042	 2.32	 1	 -45.9496	  174.4242
10.189	 2.10	 1	 -40.3713	  173.0136
10.211	 2.33	 1	 -42.8246	  173.1470
10.266	 2.07	 1	 -41.6985	  174.0069
10.313	 2.05	 1	 -42.6385	  172.9139
10.337	 2.19	 2	 -44.0810	  169.1593
10.338	 2.57	 1	 -42.7489	  173.6614
10.356	 3.72	 1	 -45.6779	  168.4471
10.357	 2.35	 1	 -42.3120	  173.5573
10.466	 2.04	 1	 -40.2355	  178.1458
10.469	 2.15	 1	 -41.8065	  173.1315
10.477	 4.01	 1	 -42.5191	  173.1930
10.484	 2.51	 1	 -42.2285	  173.4252
10.533	 2.16	 1	 -42.3441	  173.6664
10.630	 2.07	 1	 -42.2559	  173.5714
10.722	 2.43	 1	 -43.8457	  172.5668
10.743	 2.10	 1	 -42.3858	  173.3127
10.796	 2.21	 1	 -42.1238	  173.2984
10.835	 2.30	 1	 -42.1108	  173.0688
10.883	 2.60	 1	 -42.7783	  170.2665
10.915	 2.10	 1	 -42.4167	  173.3356
11.019	 2.78	 1	 -41.8290	  172.4281
11.073	 2.28	 1	 -42.3163	  173.6726
11.132	 2.14	 1	 -42.9939	  172.9626
11.234	 2.60	 1	 -42.8109	  174.2358
11.335	 2.20	 1	 -41.7260	  174.2850
11.342	 2.76	 1	 -42.7492	  172.4078
11.448	 3.24	 1	 -42.2945	  173.7124
11.462	 2.00	 1	 -42.5856	  172.8817
11.503	 3.96	 1	 -41.3784	  169.5826
11.520	 2.07	 1	 -42.4188	  172.7242
11.633	 2.16	 1	 -43.1465	  172.8350
11.637	 2.14	 1	 -41.9722	  173.0729
11.650	 2.26	 1	 -41.8911	  167.0023
11.652	 2.89	 1	 -42.2174	  173.6117
11.664	 2.06	 1	 -42.4769	  173.1264
11.664	 2.45	 1	 -41.8174	  172.8422
11.678	 2.17	 1	 -42.8522	  174.1538
11.685	 2.79	 1	 -44.3336	  172.5133
11.719	 2.19	 1	 -40.0884	  168.0347
11.761	 2.23	 1	 -41.7407	  174.1407
11.917	 2.12	 1	 -42.6290	  172.8839
11.925	 2.16	 2	 -45.9483	  174.3874
11.927	 2.32	 1	 -43.1728	  172.4929
12.040	 2.17	 1	 -42.7774	  172.7515
12.123	 2.48	 1	 -42.4347	  173.6833
12.129	 2.50	 1	 -42.7175	  173.1723
12.206	 2.83	 1	 -41.9389	  173.6908
12.273	 2.02	 1	 -41.6355	  174.3313
12.364	 2.07	 1	 -41.5510	  173.1076
12.367	 2.17	 1	 -42.5373	  172.6230
12.368	 2.07	 1	 -42.5409	  173.7167
12.475	 2.54	 1	 -42.3756	  173.2443
12.617	 2.27	 1	 -41.9323	  171.8561
12.642	 2.07	 1	 -41.5628	  173.9530
12.667	 3.06	 1	 -43.0664	  173.8458
12.676	 2.67	 1	 -41.6726	  173.1965
12.679	 2.16	 1	 -42.5104	  173.7620
12.728	 2.05	 1	 -43.7311	  173.6727
12.859	 2.52	 1	 -41.8876	  173.6588
12.980	 2.60	 1	 -42.1853	  173.6161
13.033	 2.08	 1	 -41.7158	  174.3114
13.094	 2.17	 1	 -42.3514	  173.8714
13.095	 2.20	 1	 -43.0480	  173.0285
13.159	 2.05	 1	 -42.6665	  172.2592
13.194	 2.08	 1	 -42.4980	  172.8301
13.194	 2.06	 1	 -43.3153	  173.5779
13.216	 2.33	 1	 -42.8443	  174.2007
13.355	 2.38	 1	 -41.7422	  174.3102
13.395	 2.40	 1	 -39.5513	  170.8609
13.484	 2.32	 1	 -42.0524	  173.8111
13.504	 3.70	 1	 -41.2122	  173.3312
13.524	 2.14	 1	 -41.7119	  174.2266
13.526	 2.39	 1	 -42.0325	  173.6731
13.540	 2.04	 1	 -42.8980	  172.5805
13.557	 2.23	 1	 -43.4893	  172.7075
13.588	 2.91	 1	 -41.8389	  174.3283
13.653	 2.54	 1	 -42.5116	  172.9775
13.837	 2.07	 1	 -42.5250	  173.0118
13.848	 2.15	 1	 -42.8221	  173.3632
14.079	 2.35	 1	 -42.1832	  173.7654
14.092	 3.46	 1	 -41.6679	  173.3405
14.133	 2.95	 1	 -41.6581	  174.3195
14.148	 2.37	 1	 -42.5955	  173.1192
14.202	 2.08	 1	 -42.4634	  173.9646
14.349	 2.11	 1	 -41.9974	  173.6690
14.376	 2.12	 1	 -41.8923	  173.9300
14.422	 2.16	 1	 -42.5195	  173.2635
