# Simulation 304
# RelativeTime(days) Magnitude Generation Latitude Longitude
Time Mag Gen Lat Lon
0.502	 2.29	 1	 -44.9426	  174.0388
0.503	 2.08	 1	 -42.1587	  173.2474
0.511	 2.13	 1	 -42.0665	  174.5301
0.514	 2.26	 1	 -42.9169	  173.7563
0.519	 2.49	 1	 -41.9833	  173.8027
0.521	 2.03	 1	 -41.9153	  172.8102
0.522	 2.46	 1	 -40.6889	  172.1652
0.528	 2.57	 1	 -43.2055	  175.2286
0.529	 2.18	 1	 -38.6391	  170.3739
0.540	 2.04	 1	 -42.5298	  173.3794
0.540	 2.51	 1	 -43.1342	  166.9339
0.552	 3.50	 1	 -43.1297	  166.9333
0.554	 2.15	 1	 -39.7357	  168.4131
0.554	 2.11	 1	 -43.0102	  172.9968
0.554	 2.04	 1	 -44.2579	  172.1628
0.555	 2.66	 2	 -43.1274	  166.9247
0.557	 2.39	 1	 -41.2947	  170.4050
0.558	 2.33	 1	 -44.2353	  173.3185
0.563	 2.08	 1	 -45.7989	  173.1973
0.565	 2.06	 1	 -44.5610	  171.3674
0.567	 2.00	 1	 -42.5132	  173.0430
0.572	 2.27	 1	 -43.0344	  172.9053
0.572	 2.15	 1	 -43.0755	  175.4470
0.572	 2.01	 1	 -45.3996	  171.5459
0.573	 2.25	 1	 -41.8843	  173.9017
0.578	 2.48	 1	 -42.9789	  173.2202
0.579	 2.06	 1	 -42.4930	  173.4717
0.579	 2.00	 1	 -41.6169	  170.6403
0.580	 2.17	 1	 -45.8147	  177.4249
0.581	 2.14	 1	 -44.3875	  173.3180
0.582	 2.29	 1	 -45.3974	  177.9093
0.584	 3.93	 1	 -40.5893	  175.0054
0.591	 2.39	 1	 -42.6762	  172.5760
0.591	 2.30	 1	 -43.3460	  174.0461
0.592	 2.47	 1	 -46.5574	  173.6335
0.593	 2.63	 1	 -43.1663	  174.7340
0.595	 2.05	 1	 -46.2014	  169.1963
0.595	 2.02	 1	 -42.6379	  173.1060
0.604	 2.23	 1	 -42.1655	  172.2496
0.607	 2.36	 1	 -44.4605	  172.7696
0.613	 2.39	 1	 -43.0080	  172.7193
0.617	 2.21	 1	 -39.4121	  168.8379
0.618	 2.19	 1	 -43.7765	  173.1929
0.618	 2.49	 1	 -43.0209	  173.7861
0.619	 2.39	 1	 -43.6434	  172.5653
0.620	 2.06	 1	 -43.4356	  173.3799
0.621	 2.16	 1	 -43.2337	  179.0955
0.624	 2.14	 1	 -41.6193	  176.3634
0.624	 2.10	 1	 -43.2146	  172.9253
0.627	 2.91	 1	 -43.2407	  173.1580
0.628	 2.13	 1	 -43.9381	  173.1068
0.633	 2.34	 1	 -42.7338	  173.7313
0.633	 2.25	 1	 -42.3088	  173.3284
0.634	 2.13	 1	 -42.1305	  174.9452
0.634	 2.45	 1	 -42.3956	  173.2238
0.634	 2.24	 1	 -42.8278	  173.3311
0.635	 3.25	 1	 -44.2545	  175.2574
0.636	 2.01	 1	 -44.1605	  173.5034
0.637	 2.22	 1	 -42.1355	  171.9278
0.639	 2.26	 1	 -43.2390	  173.3828
0.639	 2.54	 1	 -43.1356	  174.0308
0.641	 2.51	 1	 -41.2531	  171.2607
0.644	 2.56	 2	 -42.1400	  171.9314
0.645	 3.17	 1	 -42.2740	  172.3685
0.646	 2.95	 1	 -43.7088	  172.0715
0.649	 2.18	 1	 -41.9175	  172.4615
0.656	 2.12	 1	 -43.0180	  171.7628
0.658	 2.24	 1	 -43.4939	  175.8573
0.659	 2.55	 1	 -42.7355	  173.0584
0.661	 2.15	 1	 -42.0554	  171.2084
0.662	 2.28	 1	 -43.1153	  169.3136
0.662	 2.08	 1	 -41.2417	  167.2315
0.669	 2.85	 1	 -43.4357	  170.9946
0.672	 2.12	 1	 -41.6573	  174.0750
0.674	 2.03	 2	 -43.4366	  170.9927
0.679	 2.54	 1	 -41.9918	  174.2556
0.686	 2.14	 1	 -38.5090	  175.2651
0.686	 2.72	 1	 -42.5931	  171.4855
0.694	 2.38	 1	 -43.3155	  174.7121
0.695	 3.13	 1	 -42.1208	  172.7657
0.701	 2.21	 1	 -42.1170	  173.2908
0.703	 2.03	 1	 -42.7381	  172.7468
0.703	 2.01	 1	 -46.5333	  169.8407
0.704	 2.23	 1	 -43.2482	  173.4442
0.708	 2.29	 1	 -42.5171	  172.6792
0.709	 3.39	 1	 -42.4923	  173.0048
0.709	 2.90	 2	 -40.6123	  175.0759
0.714	 2.49	 1	 -42.7172	  173.5051
0.716	 2.62	 1	 -44.0433	  174.0990
0.716	 2.23	 1	 -41.4612	  178.9061
0.719	 2.02	 2	 -43.7797	  172.1256
0.723	 2.63	 1	 -43.3344	  173.3673
0.723	 2.25	 1	 -43.6474	  173.1088
0.726	 3.00	 1	 -42.1773	  172.3152
0.727	 2.64	 1	 -43.0209	  173.7616
0.731	 2.04	 1	 -42.6103	  172.6774
0.737	 2.20	 1	 -42.2960	  173.2502
0.737	 2.36	 1	 -43.3608	  173.3851
0.738	 2.44	 1	 -40.9907	  173.2698
0.738	 2.12	 1	 -41.9173	  173.4358
0.741	 2.27	 1	 -42.6711	  169.9028
0.743	 2.24	 1	 -41.8185	  173.8235
0.743	 2.10	 1	 -39.5866	  177.4460
0.749	 2.31	 1	 -42.7946	  172.8774
0.753	 2.86	 1	 -45.1130	  167.8663
0.758	 2.45	 1	 -43.3707	  174.6619
0.760	 3.44	 1	 -43.2426	  172.5314
0.764	 2.67	 1	 -47.1627	  172.3601
0.764	 2.24	 1	 -43.5183	  179.0359
0.769	 2.43	 1	 -42.7447	  173.8250
0.773	 2.22	 1	 -42.5319	  172.8845
0.774	 2.39	 2	 -43.4254	  174.6135
0.779	 2.42	 1	 -41.3654	  170.8893
0.779	 2.13	 1	 -43.1121	  173.5194
0.780	 2.59	 1	 -42.1086	  173.3996
0.782	 2.52	 2	 -43.2342	  172.5562
0.787	 2.28	 1	 -42.7143	  173.0897
0.793	 2.95	 1	 -41.8472	  175.1920
0.797	 2.14	 1	 -42.5468	  172.5181
0.799	 2.11	 1	 -42.8922	  179.1339
0.801	 2.02	 1	 -41.2698	  172.5210
0.802	 2.23	 1	 -42.5572	  172.9756
0.807	 2.15	 1	 -42.9123	  174.0586
0.812	 2.52	 1	 -42.8236	  169.5010
0.816	 2.03	 1	 -41.6236	  171.9780
0.819	 2.21	 1	 -41.3976	  174.1158
0.825	 2.39	 1	 -40.8606	  168.9263
0.828	 2.36	 1	 -40.0022	  171.8493
0.829	 2.51	 1	 -39.2552	  176.9663
0.829	 2.02	 1	 -43.5496	  173.2528
0.837	 2.41	 1	 -44.7258	  172.0730
0.838	 2.05	 1	 -42.1534	  166.9485
0.841	 2.33	 1	 -42.9391	  173.0941
0.844	 2.47	 1	 -42.2729	  172.3008
0.847	 2.14	 1	 -42.8083	  173.2920
0.849	 2.18	 1	 -43.1407	  171.2450
0.850	 2.10	 1	 -43.3089	  179.0822
0.853	 2.13	 1	 -42.0615	  174.3435
0.853	 2.14	 1	 -43.0411	  175.2053
0.855	 2.31	 1	 -42.6578	  177.9635
0.857	 2.01	 1	 -42.9203	  172.9851
0.859	 2.19	 1	 -42.9308	  173.8529
0.859	 3.56	 1	 -42.1212	  172.9155
0.860	 2.34	 1	 -42.4123	  172.5214
0.864	 2.14	 1	 -42.8811	  173.2184
0.868	 2.19	 1	 -42.5079	  173.7588
0.871	 2.48	 1	 -42.3933	  172.3525
0.873	 2.25	 1	 -42.5466	  171.0611
0.876	 2.91	 1	 -42.1708	  172.1907
0.877	 2.31	 1	 -42.2862	  172.6747
0.878	 2.20	 1	 -45.6675	  170.0701
0.881	 2.64	 1	 -44.7677	  170.2833
0.888	 2.25	 1	 -44.1667	  170.3797
0.888	 2.57	 1	 -41.3405	  172.8543
0.895	 2.03	 1	 -42.6399	  172.8338
0.898	 2.24	 1	 -43.3650	  172.1030
0.903	 2.73	 1	 -42.0905	  175.0019
0.918	 2.89	 2	 -44.1723	  170.3801
0.922	 2.12	 1	 -40.5990	  168.0004
0.926	 2.25	 1	 -42.7248	  173.8278
0.928	 2.42	 1	 -42.2365	  171.5827
0.935	 3.05	 1	 -42.8926	  172.8763
0.936	 2.16	 1	 -43.2866	  173.2416
0.939	 2.16	 1	 -42.5861	  172.7506
0.940	 2.31	 1	 -43.2093	  173.4151
0.942	 2.11	 1	 -46.4573	  169.6767
0.942	 2.47	 1	 -44.9548	  173.2729
0.942	 2.36	 1	 -41.7605	  168.4981
0.943	 3.30	 1	 -42.3315	  173.8868
0.944	 2.06	 2	 -42.3310	  173.8817
0.951	 2.45	 1	 -42.5207	  173.2198
0.953	 3.93	 1	 -41.9037	  173.6725
0.955	 2.13	 1	 -41.9599	  172.9788
0.958	 2.17	 1	 -38.2193	  172.3996
0.964	 2.19	 1	 -42.3524	  166.9219
0.970	 2.24	 1	 -42.5375	  173.1275
0.971	 2.35	 1	 -41.5726	  172.8045
0.981	 4.38	 1	 -42.0772	  172.3592
0.984	 2.67	 2	 -42.0279	  172.3618
0.988	 2.78	 1	 -42.3885	  174.5760
0.988	 2.06	 2	 -42.0750	  172.3585
0.989	 2.35	 2	 -42.0707	  172.3729
0.990	 2.58	 1	 -42.4478	  174.1487
0.994	 2.08	 1	 -42.7032	  171.6924
0.997	 2.07	 1	 -43.5874	  172.8383
1.000	 2.13	 1	 -43.0875	  171.7948
1.003	 2.22	 1	 -42.8110	  172.1855
1.004	 2.21	 1	 -42.6200	  172.7443
1.008	 2.45	 1	 -42.1319	  172.5460
1.013	 2.31	 1	 -42.2558	  173.9178
1.020	 2.37	 1	 -43.7530	  172.1103
1.025	 2.53	 1	 -42.8714	  172.6024
1.028	 2.00	 1	 -38.3924	  174.8107
1.034	 2.39	 1	 -42.2878	  172.4332
1.039	 2.24	 1	 -42.8872	  173.0722
1.040	 2.63	 1	 -41.6473	  171.7045
1.041	 2.17	 1	 -42.1590	  173.3901
1.042	 3.06	 1	 -44.6478	  170.4792
1.043	 2.21	 1	 -39.5465	  168.6510
1.063	 2.46	 1	 -42.8657	  173.5296
1.072	 2.26	 2	 -41.9087	  172.2333
1.075	 2.31	 1	 -38.4063	  173.4468
1.076	 2.35	 1	 -42.6403	  173.1579
1.078	 2.52	 1	 -42.0437	  172.7515
1.082	 2.73	 1	 -41.9626	  173.6112
1.083	 2.91	 1	 -42.5587	  172.7765
1.086	 2.84	 1	 -43.8126	  176.3639
1.090	 2.35	 2	 -42.1228	  172.9160
1.091	 2.03	 1	 -42.4985	  172.4680
1.099	 2.27	 1	 -43.3286	  172.6451
1.101	 2.36	 1	 -42.9320	  175.5159
1.102	 2.27	 1	 -41.9594	  174.4077
1.106	 2.24	 1	 -43.4495	  175.0631
1.109	 2.07	 1	 -42.9565	  172.9805
1.111	 2.12	 1	 -42.5054	  172.6986
1.115	 2.35	 2	 -43.4137	  175.1014
1.117	 3.23	 1	 -43.0479	  173.1012
1.127	 3.42	 1	 -42.2518	  171.7880
1.127	 2.14	 1	 -43.1425	  172.5834
1.129	 2.39	 1	 -42.2779	  175.2394
1.131	 2.14	 1	 -43.3027	  172.5226
1.132	 2.74	 1	 -44.9514	  170.5594
1.137	 2.98	 1	 -42.9052	  172.8182
1.142	 2.47	 2	 -41.9640	  173.6118
1.143	 2.25	 1	 -41.6724	  173.4105
1.145	 2.60	 2	 -43.4945	  175.0589
1.145	 2.09	 1	 -41.0502	  176.1606
1.147	 2.54	 1	 -42.2459	  174.0453
1.148	 2.11	 1	 -43.3408	  173.4733
1.155	 2.09	 1	 -43.0037	  171.8156
1.159	 2.12	 1	 -42.3738	  174.3011
1.162	 2.82	 1	 -44.0797	  175.2925
1.163	 2.12	 1	 -42.5653	  172.4172
1.166	 2.00	 2	 -41.8719	  173.6635
1.167	 2.87	 1	 -42.3476	  172.7144
1.167	 2.13	 1	 -42.4452	  173.7466
1.169	 2.41	 1	 -42.4497	  172.7613
1.169	 3.13	 1	 -43.1305	  173.3102
1.175	 2.15	 1	 -41.7882	  172.0026
1.175	 2.05	 1	 -42.7316	  171.4123
1.177	 2.02	 2	 -42.7230	  173.0405
1.177	 2.26	 2	 -43.1497	  173.2894
1.182	 2.46	 1	 -43.0350	  172.6895
1.190	 2.23	 1	 -43.7660	  173.3810
1.191	 2.17	 1	 -42.6599	  173.5647
1.195	 2.40	 1	 -43.9668	  171.8125
1.196	 2.95	 1	 -43.0418	  173.4215
1.198	 2.54	 1	 -43.4778	  172.9688
1.203	 2.06	 1	 -42.6605	  173.7631
1.209	 2.15	 1	 -44.9317	  178.3275
1.210	 2.27	 1	 -43.0660	  175.0664
1.220	 2.77	 1	 -44.0019	  172.5634
1.247	 2.03	 1	 -41.7062	  173.2357
1.258	 2.52	 2	 -43.4720	  172.9717
1.273	 2.56	 1	 -42.8261	  173.5851
1.281	 2.09	 1	 -42.9050	  173.7118
1.283	 2.08	 2	 -42.2013	  172.3392
1.294	 2.05	 1	 -43.2003	  172.8475
1.296	 2.67	 1	 -43.0065	  171.3395
1.297	 2.45	 1	 -42.8596	  172.4233
1.323	 2.63	 1	 -42.7062	  172.9872
1.324	 2.16	 1	 -42.0746	  172.7157
1.326	 2.70	 1	 -42.8150	  172.2868
1.328	 2.20	 2	 -42.8158	  172.2847
1.330	 2.25	 1	 -42.2367	  172.9405
1.349	 3.45	 1	 -43.9983	  174.9940
1.356	 2.08	 1	 -42.3984	  173.4914
1.359	 2.75	 1	 -43.5194	  173.1170
1.365	 2.12	 1	 -42.2227	  171.1449
1.365	 2.38	 2	 -42.2258	  171.1542
1.370	 2.09	 1	 -42.4994	  173.1607
1.371	 3.12	 1	 -42.4273	  174.2090
1.371	 2.45	 2	 -42.7488	  173.8589
1.372	 2.78	 1	 -43.3055	  175.4726
1.378	 5.01	 1	 -47.1390	  173.9336
1.379	 3.06	 2	 -47.1397	  174.1719
1.379	 2.92	 2	 -47.5476	  170.2675
1.382	 2.02	 2	 -47.1472	  173.9407
1.382	 2.05	 2	 -47.2044	  174.0006
1.386	 2.34	 1	 -45.3133	  171.4365
1.387	 2.28	 1	 -42.9360	  173.3168
1.388	 2.19	 2	 -47.1417	  173.9517
1.393	 2.42	 2	 -47.2272	  173.8345
1.396	 3.27	 1	 -45.8817	  168.7093
1.403	 4.13	 2	 -48.0388	  173.5583
1.404	 2.55	 1	 -42.7668	  172.5446
1.406	 2.11	 1	 -42.5247	  173.0814
1.409	 2.27	 1	 -44.6019	  176.3210
1.410	 2.22	 1	 -42.8561	  171.9157
1.418	 2.44	 1	 -47.1690	  173.6002
1.420	 2.48	 1	 -42.3167	  171.0690
1.423	 2.13	 1	 -43.1930	  174.7458
1.426	 2.36	 2	 -47.1536	  173.9500
1.430	 2.67	 1	 -45.1455	  174.7315
1.446	 2.49	 1	 -45.0133	  178.2621
1.455	 2.18	 1	 -41.3625	  173.5882
1.460	 2.12	 1	 -43.1737	  172.7597
1.462	 2.91	 2	 -45.8312	  168.5531
1.462	 2.72	 1	 -41.9471	  172.8754
1.466	 2.20	 1	 -42.6801	  169.1321
1.471	 2.27	 1	 -43.3231	  172.0022
1.481	 2.17	 1	 -43.4286	  171.2947
1.489	 2.77	 1	 -38.2003	  173.2923
1.489	 2.48	 1	 -41.5834	  174.3811
1.492	 2.30	 1	 -43.8909	  176.0390
1.496	 2.32	 1	 -42.9126	  171.5603
1.511	 3.10	 1	 -43.0428	  171.1752
1.520	 2.41	 1	 -42.8383	  173.8059
1.527	 2.37	 1	 -42.4079	  172.9232
1.532	 2.04	 1	 -42.7256	  172.9093
1.535	 2.10	 1	 -43.0429	  173.5285
1.536	 3.57	 1	 -43.1613	  171.8513
1.539	 2.49	 1	 -41.7801	  174.6817
1.565	 2.04	 1	 -47.1595	  173.7240
1.567	 2.06	 1	 -42.6044	  172.4948
1.578	 3.81	 1	 -42.3097	  173.6953
1.580	 3.79	 1	 -42.2188	  167.9605
1.582	 2.47	 1	 -43.9700	  178.8879
1.584	 2.62	 1	 -43.0778	  171.9441
1.596	 2.23	 1	 -43.8777	  173.4481
1.596	 3.13	 1	 -42.3837	  172.5702
1.624	 2.94	 1	 -44.4544	  174.1621
1.624	 2.10	 1	 -43.3739	  174.3483
1.626	 2.06	 1	 -44.7734	  173.4806
1.627	 2.13	 1	 -42.2033	  171.8559
1.630	 2.26	 1	 -45.1867	  174.4701
1.636	 2.41	 1	 -42.8251	  172.6223
1.640	 2.07	 1	 -43.4817	  173.6182
1.642	 2.27	 1	 -43.4452	  172.3662
1.645	 2.01	 1	 -40.3905	  167.7668
1.647	 2.29	 1	 -43.1189	  172.8803
1.649	 2.29	 1	 -42.6407	  175.3555
1.655	 2.64	 1	 -43.5542	  172.8488
1.655	 2.83	 1	 -42.6782	  173.7083
1.661	 2.16	 1	 -43.8679	  167.5690
1.665	 2.55	 1	 -38.3705	  174.7101
1.666	 2.88	 1	 -42.2737	  173.7286
1.680	 2.13	 3	 -47.1442	  174.1666
1.686	 2.01	 3	 -48.0393	  173.5435
1.686	 2.50	 1	 -43.0740	  172.7804
1.699	 2.04	 1	 -43.6829	  178.9897
1.702	 2.40	 1	 -43.4763	  174.0756
1.703	 2.02	 2	 -46.2587	  173.3457
1.720	 2.36	 1	 -41.3843	  174.6848
1.730	 2.19	 1	 -42.5602	  172.0088
1.734	 2.23	 1	 -41.7449	  170.6313
1.741	 2.83	 1	 -42.3392	  174.9564
1.749	 2.63	 1	 -41.7951	  179.0169
1.750	 2.81	 1	 -43.0215	  172.5399
1.757	 2.33	 1	 -38.3186	  174.4411
1.764	 2.80	 1	 -42.7619	  175.8592
1.764	 2.55	 1	 -43.1695	  173.8715
1.769	 3.10	 1	 -42.2308	  173.3501
1.777	 2.40	 1	 -40.3325	  167.8147
1.782	 2.19	 1	 -41.8216	  173.6836
1.793	 2.28	 1	 -41.9925	  171.5838
1.799	 2.08	 1	 -42.1874	  173.8672
1.810	 2.40	 1	 -43.3963	  173.9840
1.828	 2.38	 1	 -40.1690	  172.6883
1.829	 2.22	 1	 -42.8645	  172.8380
1.835	 2.22	 1	 -44.4970	  173.2881
1.847	 2.41	 1	 -43.0388	  173.0918
1.851	 2.11	 1	 -41.6445	  171.1243
1.857	 2.44	 1	 -42.9632	  174.2911
1.859	 2.57	 1	 -43.6611	  173.4719
1.876	 2.31	 1	 -42.8272	  172.8466
1.879	 4.00	 1	 -41.7888	  174.2439
1.881	 2.54	 2	 -41.8318	  173.8792
1.889	 2.13	 1	 -44.1139	  173.7495
1.901	 2.24	 1	 -41.8529	  171.9205
1.905	 2.04	 1	 -42.6002	  173.9994
1.905	 2.23	 2	 -41.7888	  174.2432
1.910	 2.33	 1	 -42.3183	  171.9990
1.918	 2.10	 1	 -42.5023	  172.3833
1.931	 2.14	 2	 -42.8593	  172.8209
1.942	 2.08	 1	 -44.7132	  178.4874
1.942	 2.56	 1	 -41.4903	  176.5154
1.943	 2.95	 1	 -42.5579	  172.9752
1.943	 2.04	 1	 -42.1799	  175.7201
1.944	 2.09	 1	 -44.7307	  178.4754
1.949	 2.13	 2	 -47.0940	  173.9282
1.949	 2.64	 1	 -44.7970	  171.2723
1.949	 2.34	 1	 -38.7704	  170.0302
1.951	 2.23	 1	 -42.7826	  173.5212
1.965	 2.42	 1	 -42.5792	  173.3757
1.993	 2.02	 1	 -41.8063	  172.7019
1.996	 2.35	 1	 -41.2282	  170.3051
2.009	 3.06	 1	 -43.1843	  166.9410
2.017	 2.36	 1	 -43.1052	  173.4358
2.018	 2.26	 1	 -40.0751	  174.3367
2.025	 2.54	 1	 -42.5356	  173.3325
2.032	 2.02	 1	 -44.8897	  167.6844
2.050	 3.07	 2	 -41.9560	  172.8783
2.051	 2.63	 1	 -42.4914	  173.5477
2.056	 2.17	 1	 -42.2388	  173.5797
2.071	 2.20	 1	 -44.8887	  176.7048
2.105	 2.03	 1	 -44.3922	  171.5007
2.116	 2.15	 1	 -42.6942	  172.0800
2.118	 2.25	 1	 -42.2274	  172.9835
2.125	 2.04	 1	 -42.6620	  172.9465
2.125	 2.19	 1	 -43.5996	  170.8642
2.145	 2.36	 1	 -42.8934	  171.4488
2.146	 2.54	 1	 -42.8937	  173.0271
2.146	 2.31	 1	 -42.5092	  173.0117
2.147	 2.93	 1	 -43.2438	  172.9732
2.155	 2.16	 1	 -44.2702	  178.4132
2.156	 2.18	 1	 -43.1874	  171.5784
2.168	 2.46	 1	 -42.5754	  172.7435
2.192	 2.07	 1	 -42.5968	  168.6512
2.199	 2.09	 1	 -42.2341	  174.4700
2.211	 2.42	 1	 -41.3960	  175.1672
2.218	 2.38	 1	 -43.1210	  172.2424
2.235	 2.28	 1	 -42.2229	  172.6433
2.235	 2.25	 1	 -43.2232	  170.4107
2.243	 2.93	 1	 -42.4939	  173.1546
2.251	 2.68	 1	 -42.8710	  173.1860
2.267	 2.43	 1	 -40.0638	  172.6425
2.290	 2.56	 1	 -39.5369	  169.5492
2.290	 2.51	 1	 -43.9730	  172.1400
2.326	 2.11	 1	 -42.3690	  172.7965
2.343	 2.17	 1	 -43.1644	  173.2647
2.349	 2.25	 1	 -43.8026	  172.5452
2.356	 2.05	 1	 -43.2607	  172.8233
2.369	 2.10	 1	 -42.1474	  172.3710
2.382	 2.01	 1	 -42.5951	  172.3678
2.393	 3.63	 1	 -42.8732	  173.4526
2.396	 2.85	 1	 -46.8175	  172.9067
2.421	 2.57	 1	 -42.5933	  166.9058
2.430	 2.67	 1	 -42.7834	  172.7283
2.445	 2.58	 1	 -45.4402	  172.6053
2.457	 2.22	 1	 -42.2060	  176.6311
2.464	 2.22	 1	 -42.5769	  173.9630
2.467	 2.00	 1	 -42.5023	  172.9239
2.476	 2.18	 1	 -41.8345	  173.5487
2.524	 2.23	 1	 -46.8891	  175.2196
2.533	 2.14	 2	 -44.0025	  175.0005
2.538	 2.43	 1	 -42.3037	  173.1589
2.547	 2.58	 1	 -43.0809	  173.3829
2.570	 3.14	 1	 -42.5610	  172.4243
2.572	 2.09	 1	 -40.1156	  177.5908
2.581	 2.02	 1	 -42.0919	  172.0846
2.599	 2.13	 1	 -46.6452	  172.0781
2.611	 2.66	 1	 -42.3492	  174.0549
2.656	 2.08	 1	 -42.7830	  173.1475
2.676	 2.44	 1	 -45.6743	  177.6014
2.678	 2.06	 1	 -44.3100	  171.7822
2.709	 2.23	 1	 -43.2468	  173.9271
2.717	 2.34	 1	 -43.4807	  173.9090
2.734	 2.81	 1	 -42.6162	  171.3616
2.761	 2.49	 1	 -38.9716	  176.4571
2.772	 2.30	 1	 -45.0186	  169.8217
2.778	 2.03	 1	 -42.3361	  173.8109
2.821	 2.39	 1	 -43.9415	  168.4339
2.827	 2.42	 1	 -44.1210	  171.1618
2.835	 2.56	 1	 -42.5657	  172.6906
2.839	 2.06	 1	 -43.1667	  173.0361
2.847	 2.09	 1	 -42.7409	  172.8559
2.854	 4.21	 1	 -42.5276	  172.5303
2.856	 2.39	 1	 -43.3242	  172.8829
2.862	 2.32	 2	 -42.1489	  172.5355
2.887	 2.11	 1	 -46.5928	  169.9776
2.904	 2.31	 1	 -43.1703	  173.4908
2.914	 2.31	 1	 -41.0058	  171.5622
2.928	 2.22	 2	 -42.7407	  172.8561
2.942	 2.17	 1	 -38.5192	  175.2999
2.958	 2.16	 1	 -43.4383	  171.2986
2.965	 2.04	 1	 -42.5391	  172.8224
2.982	 2.23	 1	 -42.1831	  171.2755
2.989	 2.33	 1	 -42.7068	  172.8121
2.997	 2.28	 1	 -41.6849	  173.2888
2.999	 2.29	 1	 -43.4590	  173.0443
3.008	 2.19	 1	 -42.5258	  173.1317
3.011	 2.02	 1	 -42.0483	  171.8160
3.025	 2.82	 1	 -38.5009	  175.2368
3.028	 2.04	 1	 -42.8048	  172.6055
3.044	 2.30	 1	 -43.5047	  179.0393
3.052	 2.54	 1	 -43.3184	  173.1130
3.077	 2.21	 1	 -43.3604	  171.0664
3.078	 4.03	 2	 -43.4400	  171.2967
3.081	 2.51	 1	 -42.5573	  172.0748
3.087	 2.12	 2	 -42.1886	  168.1996
3.097	 2.39	 1	 -42.6127	  173.2729
3.100	 2.72	 1	 -40.1640	  171.4688
3.105	 2.21	 1	 -42.6494	  173.4242
3.111	 2.18	 1	 -43.4362	  175.0682
3.132	 2.19	 1	 -42.2041	  171.5170
3.143	 2.08	 1	 -44.1202	  172.0106
3.143	 2.31	 1	 -40.2181	  167.9139
3.164	 2.28	 1	 -42.0864	  172.8993
3.177	 2.04	 1	 -43.4933	  172.9125
3.190	 2.24	 1	 -43.4654	  172.7655
3.199	 2.75	 1	 -46.9512	  174.9859
3.206	 2.25	 1	 -41.8414	  172.7555
3.225	 2.32	 1	 -47.1687	  172.4396
3.225	 2.32	 1	 -45.9186	  175.9732
3.259	 2.97	 2	 -47.1801	  172.4448
3.268	 2.28	 1	 -43.5203	  172.7507
3.300	 2.93	 1	 -44.3749	  169.8740
3.310	 2.07	 1	 -41.0924	  174.2067
3.327	 2.64	 1	 -40.7426	  173.9361
3.381	 5.06	 1	 -44.5947	  173.9716
3.381	 2.06	 2	 -44.5922	  174.0129
3.382	 2.60	 2	 -44.5707	  174.0619
3.384	 2.35	 1	 -38.4317	  171.0671
3.390	 2.13	 2	 -44.6160	  173.9628
3.393	 2.08	 1	 -43.3052	  172.3430
3.397	 2.10	 2	 -44.5408	  173.9280
3.397	 2.29	 2	 -44.6907	  175.1118
3.402	 2.35	 2	 -44.5997	  173.9930
3.412	 2.20	 1	 -42.5897	  173.6558
3.434	 2.04	 2	 -44.6549	  173.8548
3.436	 2.18	 1	 -41.4213	  168.8578
3.437	 2.26	 1	 -43.3507	  173.1606
3.442	 2.60	 2	 -44.5610	  173.9550
3.444	 2.69	 2	 -44.5134	  174.0234
3.462	 2.35	 1	 -46.3095	  171.7547
3.465	 2.14	 1	 -43.2395	  167.8796
3.471	 2.21	 2	 -44.5922	  173.9921
3.474	 2.03	 1	 -43.0748	  172.8271
3.485	 2.54	 1	 -43.0687	  172.3453
3.491	 2.33	 1	 -43.1276	  173.3412
3.499	 2.01	 2	 -48.6904	  171.3654
3.502	 2.28	 1	 -43.0595	  172.8144
3.508	 2.45	 1	 -42.9890	  173.6120
3.515	 2.87	 1	 -42.5735	  173.4919
3.515	 2.27	 1	 -42.4437	  173.2069
3.520	 2.07	 1	 -43.0630	  174.4289
3.536	 2.50	 1	 -40.8116	  173.3104
3.537	 2.03	 1	 -41.9223	  170.8501
3.541	 2.51	 1	 -42.5692	  174.2007
3.547	 2.70	 1	 -38.8464	  169.8527
3.553	 2.01	 1	 -42.2284	  172.8398
3.560	 2.31	 2	 -44.5224	  174.2175
3.576	 2.30	 1	 -41.8346	  174.1064
3.584	 2.22	 1	 -42.8172	  173.4641
3.589	 3.69	 1	 -41.9990	  169.9989
3.590	 3.06	 2	 -41.9846	  170.0009
3.591	 2.17	 1	 -43.2564	  170.3267
3.596	 2.20	 1	 -43.0766	  174.0336
3.599	 2.73	 2	 -41.3757	  169.9199
3.650	 2.09	 1	 -41.5725	  175.0566
3.660	 2.03	 1	 -42.6306	  173.1579
3.661	 2.61	 1	 -42.9903	  172.6147
3.668	 2.20	 1	 -43.8875	  169.8295
3.675	 2.36	 1	 -42.5827	  172.9904
3.685	 2.43	 2	 -42.2942	  173.1345
3.712	 2.57	 1	 -47.0940	  171.7706
3.720	 2.03	 1	 -42.9738	  173.0867
3.721	 2.45	 1	 -46.7939	  175.5301
3.729	 2.04	 1	 -42.8779	  174.0003
3.736	 2.18	 1	 -42.3469	  172.5570
3.743	 2.29	 1	 -41.1153	  167.2930
3.751	 2.53	 1	 -42.9555	  173.2044
3.772	 2.12	 1	 -44.3094	  170.9750
3.775	 2.29	 1	 -43.3879	  172.6377
3.782	 2.90	 2	 -42.9405	  173.1982
3.790	 2.12	 3	 -42.9312	  173.1909
3.819	 2.66	 1	 -43.7642	  174.1800
3.837	 2.65	 1	 -43.5425	  172.8023
3.837	 2.32	 1	 -41.5528	  173.4507
3.854	 2.40	 1	 -39.9617	  168.9362
3.865	 2.52	 1	 -42.6921	  172.4108
3.908	 2.33	 1	 -43.1989	  175.4255
3.924	 2.69	 1	 -41.9383	  173.3029
3.925	 2.00	 1	 -42.7396	  173.5219
3.955	 2.41	 1	 -42.6392	  172.1951
3.956	 2.56	 1	 -42.3344	  172.6826
3.999	 2.02	 1	 -42.0079	  171.6784
4.005	 2.15	 1	 -42.3813	  171.3999
4.008	 2.13	 2	 -42.3783	  171.4111
4.022	 2.34	 1	 -43.5130	  173.5788
4.063	 2.04	 1	 -44.9724	  174.0706
4.103	 2.11	 1	 -42.7813	  173.1846
4.128	 2.59	 1	 -44.7098	  175.8176
4.129	 2.31	 2	 -44.7110	  175.7677
4.136	 2.19	 1	 -38.3062	  171.6757
4.141	 2.21	 1	 -46.5647	  176.1324
4.164	 2.18	 1	 -42.8865	  172.4732
4.165	 2.47	 1	 -42.6648	  172.5879
4.203	 2.01	 1	 -43.2508	  172.3497
4.209	 2.36	 1	 -43.4348	  171.2695
4.215	 2.22	 1	 -43.0542	  176.1695
4.250	 2.23	 1	 -42.2208	  173.8557
4.261	 2.23	 1	 -38.3853	  171.2653
4.305	 2.29	 1	 -43.6718	  174.3636
4.308	 2.06	 1	 -42.0565	  174.0678
4.330	 2.26	 1	 -44.1856	  174.2960
4.339	 2.12	 1	 -42.6258	  172.6167
4.353	 2.09	 1	 -39.7518	  174.2764
4.368	 3.08	 2	 -44.5935	  173.9880
4.371	 2.16	 1	 -43.1188	  172.3340
4.372	 2.02	 1	 -43.7999	  172.6293
4.390	 2.70	 1	 -39.6426	  171.3097
4.396	 2.11	 1	 -42.8648	  173.5065
4.419	 2.58	 1	 -43.1445	  166.9353
4.419	 2.57	 1	 -45.8265	  168.6351
4.426	 4.47	 1	 -42.8503	  173.3400
4.428	 2.26	 2	 -42.8401	  173.3283
4.451	 2.72	 1	 -43.1404	  173.2537
4.460	 2.39	 2	 -42.8852	  173.3858
4.473	 2.42	 1	 -41.8761	  173.2605
4.495	 2.27	 1	 -42.4271	  173.1704
4.497	 3.13	 1	 -42.5021	  171.9648
4.517	 2.04	 2	 -42.8457	  173.3261
4.543	 2.05	 1	 -46.9202	  175.1060
4.605	 3.41	 1	 -43.0279	  170.1232
4.606	 2.08	 2	 -44.6176	  173.9425
4.619	 2.14	 1	 -43.6744	  173.4904
4.620	 2.40	 1	 -42.3985	  173.0270
4.660	 2.40	 1	 -42.7642	  172.9874
4.673	 2.64	 1	 -42.9718	  172.9843
4.692	 2.51	 1	 -42.6535	  172.9731
4.710	 2.25	 1	 -43.4681	  174.4242
4.737	 2.10	 1	 -42.6357	  173.2727
4.739	 2.81	 2	 -42.6671	  172.8987
4.739	 2.07	 2	 -42.8740	  173.3655
4.752	 2.83	 1	 -43.7908	  173.6819
4.800	 3.17	 1	 -42.4599	  172.7270
4.820	 2.02	 1	 -38.9650	  175.4295
4.828	 2.40	 1	 -42.6641	  173.3420
4.834	 2.61	 1	 -43.2765	  173.9979
4.839	 2.54	 1	 -42.3297	  172.1025
4.866	 2.54	 1	 -41.0416	  173.5265
4.882	 2.37	 1	 -42.9784	  173.4445
4.900	 2.39	 1	 -41.9872	  169.1173
4.902	 2.16	 1	 -43.1492	  173.3573
4.932	 2.65	 1	 -44.0472	  172.4858
4.956	 2.92	 1	 -42.3829	  174.3567
5.050	 2.13	 1	 -43.3039	  173.0041
5.064	 3.70	 1	 -41.3724	  171.7175
5.065	 2.20	 2	 -41.3853	  171.7184
5.088	 2.28	 1	 -43.2459	  172.8725
5.097	 2.39	 1	 -41.2722	  174.3911
5.099	 2.28	 1	 -47.1800	  172.6314
5.118	 2.28	 1	 -43.5247	  172.8739
5.119	 2.30	 1	 -38.2396	  172.1720
5.160	 2.55	 1	 -43.0522	  173.5968
5.178	 2.20	 1	 -41.9731	  174.0029
5.263	 2.74	 1	 -42.8532	  172.9656
5.308	 2.29	 1	 -42.4079	  172.8795
5.401	 2.71	 1	 -46.1130	  172.0643
5.403	 2.81	 1	 -44.1293	  173.3369
5.404	 2.24	 1	 -42.3672	  173.7954
5.423	 2.14	 1	 -43.5507	  178.3609
5.428	 2.13	 2	 -42.6786	  172.6013
5.428	 2.11	 1	 -43.3150	  172.8176
5.435	 3.28	 1	 -41.5294	  172.1140
5.440	 2.03	 1	 -42.7162	  175.2583
5.485	 2.73	 1	 -42.6694	  172.9766
5.513	 2.13	 1	 -42.6880	  172.3934
5.557	 2.03	 1	 -41.8427	  173.9801
5.587	 2.53	 1	 -42.9628	  173.1293
5.590	 2.18	 1	 -42.3421	  172.2110
5.594	 2.02	 1	 -43.1634	  172.7368
5.602	 2.62	 1	 -42.0697	  173.8432
5.628	 2.59	 1	 -42.1821	  172.5059
5.673	 2.07	 1	 -46.3526	  169.4682
5.745	 2.08	 1	 -38.8620	  170.0872
5.811	 2.25	 1	 -40.5454	  169.7380
5.821	 2.10	 1	 -42.8819	  170.9646
5.854	 3.44	 1	 -42.7201	  173.2785
5.854	 2.06	 2	 -42.7122	  173.3020
5.882	 3.82	 1	 -45.7649	  176.1071
5.884	 3.06	 1	 -45.8490	  177.3793
5.891	 2.00	 1	 -43.6814	  171.2062
5.914	 2.55	 2	 -45.7741	  176.1063
6.031	 2.66	 1	 -42.7443	  173.2510
6.063	 3.76	 2	 -43.1390	  173.2548
6.080	 2.15	 1	 -40.0683	  174.6873
6.085	 2.70	 1	 -44.7708	  167.5970
6.091	 3.22	 1	 -42.9141	  167.9462
6.112	 2.02	 1	 -44.1163	  171.8107
6.124	 2.80	 1	 -45.0932	  178.1951
6.154	 2.46	 1	 -41.6315	  172.0910
6.160	 2.22	 1	 -42.9210	  173.4114
6.191	 2.18	 1	 -42.3257	  173.7648
6.207	 2.44	 1	 -46.8213	  175.4454
6.209	 2.35	 1	 -43.1349	  171.9741
6.246	 2.14	 1	 -42.4437	  173.3835
6.284	 2.29	 1	 -41.8570	  172.0608
6.333	 2.54	 1	 -41.2542	  171.8157
6.363	 2.09	 1	 -43.3370	  172.8850
6.456	 3.64	 1	 -42.6676	  178.2661
6.487	 2.38	 1	 -42.6944	  171.0610
6.490	 2.22	 1	 -42.4975	  173.0800
6.547	 2.76	 1	 -41.9311	  173.5323
6.551	 2.55	 1	 -42.5076	  173.0809
6.567	 2.37	 1	 -42.6925	  172.5857
6.574	 2.59	 1	 -43.0115	  172.2057
6.668	 2.24	 1	 -42.8634	  172.0013
6.727	 2.15	 1	 -43.2190	  169.8184
6.745	 2.37	 1	 -42.3382	  173.2466
6.753	 2.69	 1	 -43.5722	  172.2367
6.822	 2.00	 2	 -44.2074	  167.7763
6.827	 2.85	 2	 -41.9347	  173.5377
6.901	 2.10	 1	 -43.0807	  174.0396
6.967	 2.06	 1	 -42.7263	  172.0930
6.980	 2.06	 1	 -45.8241	  174.7027
7.002	 2.04	 1	 -42.9377	  172.9530
7.008	 2.48	 1	 -42.9418	  173.3179
7.013	 2.02	 1	 -43.5225	  172.9559
7.014	 2.98	 1	 -42.2287	  173.3619
7.024	 3.70	 3	 -43.4438	  171.3014
7.029	 2.32	 1	 -46.1355	  175.4263
7.040	 2.18	 1	 -42.8502	  173.3239
7.118	 2.09	 1	 -42.0907	  173.6301
7.139	 2.08	 1	 -42.3975	  172.4452
7.192	 2.49	 1	 -42.9421	  173.3734
7.203	 2.33	 1	 -42.5683	  173.5913
7.219	 2.42	 1	 -46.3061	  169.3812
7.237	 2.10	 1	 -42.5803	  173.3518
7.245	 2.42	 1	 -43.5950	  173.2876
7.252	 2.90	 1	 -43.0783	  171.1610
7.255	 3.12	 1	 -43.0933	  175.4770
7.292	 2.01	 3	 -41.9394	  173.5418
7.307	 2.30	 1	 -42.9964	  172.6510
7.379	 2.04	 1	 -41.3698	  169.8024
7.384	 2.98	 1	 -42.5470	  171.0342
7.397	 3.30	 1	 -42.4096	  173.2948
7.403	 2.59	 2	 -47.2133	  173.9820
7.442	 2.05	 1	 -43.5474	  173.0906
7.450	 2.03	 1	 -40.2383	  168.9330
7.462	 2.43	 1	 -42.5166	  173.1563
7.492	 2.79	 2	 -47.1286	  173.9174
7.509	 2.98	 1	 -42.6246	  172.8605
7.525	 2.34	 1	 -42.8552	  172.4593
7.557	 2.54	 2	 -41.8555	  174.0505
7.620	 2.31	 1	 -41.7213	  171.5129
7.635	 2.21	 2	 -41.7233	  171.5152
7.640	 2.18	 2	 -47.1153	  173.9346
7.644	 2.04	 1	 -42.6483	  173.2083
7.649	 2.08	 2	 -42.6488	  173.2101
7.710	 2.14	 1	 -42.1800	  172.7033
7.719	 2.36	 1	 -41.4523	  174.1564
7.821	 2.09	 1	 -42.8078	  174.0935
7.821	 2.23	 1	 -42.9955	  169.9058
7.828	 2.78	 1	 -43.1078	  173.1964
7.885	 2.87	 1	 -43.3046	  172.7034
7.913	 2.10	 1	 -43.0678	  172.6750
7.979	 2.34	 1	 -42.8185	  173.0547
8.102	 2.08	 1	 -43.8101	  170.9392
8.157	 2.33	 1	 -42.0342	  171.9000
8.184	 2.67	 1	 -47.1349	  172.0747
8.213	 3.72	 1	 -42.2234	  173.6641
8.218	 2.46	 2	 -42.5184	  173.4715
8.228	 2.03	 2	 -42.2237	  173.6693
8.262	 3.14	 1	 -44.4859	  172.9792
8.311	 2.21	 1	 -42.5830	  171.5871
8.322	 2.06	 1	 -42.9072	  179.1330
8.400	 2.61	 1	 -41.1015	  172.0519
8.436	 2.17	 1	 -46.1667	  169.1381
8.441	 2.16	 1	 -42.6862	  170.4863
8.464	 2.04	 1	 -42.5354	  173.0745
8.484	 3.06	 1	 -43.3876	  173.4752
8.551	 2.77	 1	 -42.7905	  172.5471
8.573	 2.38	 1	 -42.1461	  172.7610
8.606	 2.16	 1	 -41.8914	  174.2966
8.630	 2.85	 1	 -43.5209	  172.0236
8.701	 2.87	 1	 -42.7090	  170.1344
8.731	 2.47	 1	 -38.6738	  170.2776
8.793	 2.28	 2	 -42.5709	  171.0562
8.810	 2.15	 1	 -42.3445	  172.2878
8.819	 3.05	 1	 -44.5133	  172.1620
8.819	 2.20	 2	 -44.5059	  172.1262
8.959	 2.32	 1	 -39.1298	  169.4683
9.042	 2.30	 1	 -42.2464	  173.8475
9.072	 2.26	 2	 -42.2425	  173.7321
9.078	 2.02	 1	 -43.3190	  170.0593
9.082	 2.06	 1	 -43.1590	  172.5455
9.138	 3.31	 1	 -43.8090	  177.2335
9.145	 2.87	 2	 -43.8004	  177.2399
9.145	 2.10	 1	 -43.7773	  173.4176
9.198	 2.15	 1	 -41.6673	  174.1849
9.271	 2.03	 1	 -42.7499	  174.2814
9.278	 2.87	 1	 -44.9973	  178.2752
9.282	 2.52	 1	 -41.5332	  173.2030
9.309	 2.29	 1	 -39.0498	  173.3439
9.360	 2.10	 1	 -40.8604	  170.0095
9.377	 2.27	 1	 -43.0691	  171.6162
9.471	 2.12	 1	 -42.2882	  172.7309
9.485	 2.07	 1	 -42.9859	  174.6143
9.507	 2.25	 1	 -43.0213	  174.8196
9.639	 2.36	 1	 -42.3535	  172.6123
9.663	 2.50	 1	 -41.6532	  171.9887
9.697	 2.25	 1	 -41.8759	  175.4717
9.699	 2.04	 1	 -39.8950	  171.0465
9.717	 3.45	 1	 -42.1742	  171.9343
9.719	 2.48	 2	 -42.1812	  171.9396
9.744	 2.23	 1	 -43.4739	  172.9417
9.745	 3.52	 1	 -44.5401	  173.3879
9.792	 2.31	 1	 -42.4713	  174.3580
9.833	 2.55	 1	 -44.8599	  171.7601
9.950	 2.29	 2	 -42.8787	  174.0000
10.012	 2.12	 1	 -38.4404	  175.0120
10.039	 2.30	 1	 -41.0417	  175.0159
10.046	 2.36	 1	 -44.6457	  174.1674
10.068	 2.50	 1	 -42.1131	  173.2254
10.070	 2.04	 1	 -42.6056	  173.3073
10.098	 2.21	 1	 -40.9689	  173.4909
10.110	 2.19	 1	 -42.4619	  173.0432
10.115	 2.27	 1	 -42.9474	  174.4320
10.145	 2.42	 1	 -43.6260	  173.2642
10.353	 2.22	 1	 -43.5797	  171.6935
10.357	 2.00	 1	 -41.5244	  173.1783
10.471	 3.61	 1	 -38.6999	  170.2080
10.474	 2.60	 2	 -41.3769	  171.7149
10.494	 2.29	 1	 -40.0702	  168.0523
10.629	 2.08	 1	 -38.4577	  175.0791
10.687	 2.15	 1	 -42.4425	  171.8640
10.721	 2.24	 1	 -42.9520	  173.4465
10.745	 2.42	 1	 -42.6345	  172.9938
10.760	 2.18	 1	 -43.0052	  173.0173
10.765	 2.02	 2	 -43.7861	  173.0299
10.848	 2.81	 1	 -40.3137	  178.2138
10.855	 2.64	 1	 -42.5942	  172.7478
10.869	 2.16	 1	 -43.5713	  174.1406
10.910	 2.04	 1	 -45.7289	  177.5345
10.958	 2.04	 1	 -46.9653	  174.9281
10.990	 2.10	 2	 -40.0636	  168.0566
11.093	 3.51	 1	 -42.7520	  172.1573
11.161	 2.18	 1	 -42.6604	  172.9428
11.307	 2.39	 1	 -42.1245	  172.5648
11.388	 2.48	 2	 -42.0705	  172.3590
11.402	 2.70	 1	 -47.1342	  172.0685
11.575	 3.67	 1	 -42.3558	  173.0511
11.592	 2.11	 1	 -42.5828	  173.3706
11.633	 2.09	 2	 -41.8595	  172.0635
11.645	 2.86	 1	 -40.7100	  175.0621
11.744	 2.17	 1	 -38.1960	  172.9881
11.769	 2.24	 1	 -42.5554	  172.8313
11.786	 3.34	 1	 -42.6717	  172.1398
11.845	 2.05	 1	 -42.8409	  172.9410
11.880	 2.12	 1	 -43.5878	  172.7817
11.890	 2.05	 1	 -42.0806	  172.4841
11.903	 2.55	 1	 -39.3173	  171.2714
11.947	 2.83	 1	 -42.0219	  173.5229
11.952	 3.50	 1	 -40.3513	  172.7492
11.977	 2.07	 1	 -42.1043	  172.8955
12.197	 2.08	 1	 -42.2930	  172.3761
12.255	 2.38	 1	 -42.0895	  172.4459
12.259	 2.19	 1	 -43.0295	  173.3417
12.351	 2.70	 1	 -43.4739	  173.2056
12.379	 2.76	 1	 -42.1642	  172.7704
12.405	 2.65	 1	 -43.5082	  167.4032
12.409	 2.64	 1	 -39.8593	  175.1313
12.411	 2.38	 1	 -45.1415	  167.8912
12.427	 2.21	 1	 -40.6346	  172.7499
12.445	 2.41	 1	 -42.5896	  173.7719
12.593	 2.04	 1	 -42.8665	  172.8563
12.653	 2.05	 1	 -42.6880	  173.3744
12.714	 2.54	 2	 -44.6069	  173.9745
12.733	 2.05	 1	 -41.1104	  172.0941
12.815	 3.20	 1	 -43.0726	  172.6789
12.942	 2.27	 1	 -42.6213	  173.0919
12.967	 2.71	 1	 -43.4131	  175.1356
13.067	 2.10	 1	 -42.8674	  172.9934
13.236	 2.13	 1	 -42.0228	  171.5547
13.285	 2.06	 1	 -41.9082	  179.0462
13.305	 2.21	 1	 -42.2410	  172.7536
13.402	 2.09	 1	 -43.2047	  172.3509
13.485	 3.66	 1	 -47.0759	  171.6576
13.495	 2.16	 2	 -47.0791	  171.6584
13.546	 3.50	 1	 -43.2095	  173.3973
13.637	 2.18	 1	 -44.0780	  173.8305
13.672	 2.57	 1	 -42.0512	  172.3154
13.682	 2.61	 2	 -42.0404	  172.3183
13.689	 2.05	 1	 -42.7409	  172.4516
13.759	 2.77	 1	 -43.1678	  172.8609
13.762	 2.21	 2	 -43.2014	  173.4075
13.836	 2.04	 1	 -40.3325	  173.2180
13.893	 2.30	 1	 -41.8286	  169.6400
13.955	 2.81	 1	 -45.2901	  173.4581
13.974	 2.62	 1	 -42.7754	  172.3370
14.046	 2.37	 1	 -42.2556	  173.6500
14.048	 2.83	 1	 -43.1138	  172.4720
14.106	 2.03	 1	 -41.8188	  173.3197
14.231	 2.01	 1	 -42.8656	  173.0906
14.336	 2.56	 1	 -41.9242	  173.0401
