# Simulation 849
# RelativeTime(days) Magnitude Generation Latitude Longitude
Time Mag Gen Lat Lon
7.010	 2.10	 1	 -41.7449	  171.3961
7.016	 2.14	 1	 -42.7452	  179.1395
7.025	 2.05	 1	 -42.1384	  173.6058
7.050	 2.14	 1	 -42.4746	  173.2427
7.054	 2.04	 1	 -42.6158	  172.8553
7.056	 2.90	 1	 -43.4126	  172.4892
7.069	 2.42	 1	 -42.5607	  173.0936
7.070	 2.11	 1	 -42.4557	  172.5212
7.070	 2.11	 1	 -41.9167	  173.0199
7.080	 2.14	 1	 -42.8898	  172.2420
7.095	 2.07	 1	 -42.4907	  172.8909
7.095	 2.01	 1	 -42.3251	  172.8481
7.098	 2.72	 1	 -42.2719	  174.0426
7.107	 2.04	 1	 -43.7709	  172.6549
7.108	 3.40	 1	 -43.0477	  173.4238
7.111	 2.11	 1	 -39.5772	  168.6105
7.119	 2.16	 1	 -43.1244	  172.5372
7.122	 2.21	 1	 -42.7552	  172.7655
7.126	 2.45	 1	 -41.4255	  168.0401
7.127	 2.54	 2	 -42.5752	  173.2121
7.137	 2.03	 1	 -40.8053	  173.3189
7.137	 2.03	 1	 -42.5103	  172.4972
7.147	 2.06	 1	 -42.8084	  173.1600
7.148	 2.40	 1	 -43.0415	  172.5021
7.148	 2.08	 1	 -42.3518	  173.7497
7.153	 2.24	 1	 -41.2949	  173.6630
7.165	 2.26	 1	 -43.4787	  172.4545
7.172	 2.75	 1	 -40.2681	  172.6111
7.173	 2.21	 1	 -42.4168	  172.1256
7.179	 2.11	 1	 -42.5484	  172.4713
7.186	 2.64	 1	 -42.5832	  172.9649
7.189	 2.51	 1	 -41.7812	  169.4905
7.192	 2.00	 2	 -43.0442	  173.4218
7.198	 2.20	 1	 -42.6865	  173.3295
7.200	 2.28	 1	 -43.6658	  173.6529
7.201	 2.14	 1	 -42.7861	  172.5828
7.204	 3.07	 1	 -42.3277	  173.7058
7.207	 2.41	 1	 -42.4807	  174.1601
7.217	 2.25	 1	 -43.4525	  174.1078
7.219	 3.78	 1	 -41.7531	  174.2446
7.220	 3.39	 1	 -42.7800	  172.7025
7.222	 2.03	 1	 -46.0128	  174.7853
7.227	 4.37	 1	 -42.7574	  173.4537
7.227	 2.15	 1	 -46.3490	  176.5830
7.230	 2.17	 1	 -42.2677	  173.6344
7.230	 3.13	 2	 -42.7892	  172.7713
7.231	 3.76	 2	 -41.7561	  174.2500
7.232	 2.06	 1	 -47.1761	  172.5566
7.235	 2.15	 1	 -42.5063	  171.9086
7.245	 2.10	 1	 -42.5501	  174.5965
7.246	 2.52	 1	 -43.4265	  171.8208
7.246	 2.39	 1	 -39.1017	  174.9596
7.249	 2.01	 1	 -42.5118	  173.6818
7.258	 2.74	 1	 -46.4091	  169.5785
7.263	 2.11	 1	 -38.2706	  174.1327
7.265	 2.74	 1	 -42.3367	  179.1208
7.268	 2.02	 1	 -42.5293	  173.0465
7.277	 2.23	 1	 -41.3782	  174.6035
7.278	 2.15	 2	 -42.7854	  172.6942
7.283	 2.27	 1	 -43.8933	  172.0188
7.291	 2.74	 1	 -42.3314	  173.8101
7.300	 2.96	 2	 -42.4341	  173.5502
7.306	 2.28	 1	 -41.7742	  174.3138
7.307	 2.21	 1	 -42.0673	  173.0134
7.313	 2.77	 1	 -42.7116	  172.7537
7.317	 2.48	 1	 -42.7999	  173.1123
7.325	 2.65	 1	 -41.9936	  173.6583
7.329	 2.79	 1	 -47.1093	  174.1699
7.330	 2.06	 1	 -41.4414	  174.9651
7.331	 2.07	 1	 -42.4203	  173.2712
7.334	 2.44	 1	 -42.4718	  172.3411
7.336	 3.46	 1	 -42.9319	  172.9344
7.338	 2.49	 1	 -42.3125	  173.7636
7.346	 2.58	 1	 -42.0692	  172.8690
7.352	 2.45	 1	 -41.9793	  174.0316
7.372	 2.49	 1	 -41.6432	  172.4747
7.375	 2.39	 2	 -41.7571	  174.2554
7.376	 2.46	 1	 -41.7716	  174.0931
7.377	 2.45	 1	 -42.9581	  172.4541
7.385	 2.08	 1	 -41.1048	  172.0687
7.389	 2.19	 1	 -41.3118	  173.1249
7.390	 2.51	 1	 -42.6368	  173.1335
7.394	 2.38	 1	 -42.8733	  173.8853
7.394	 2.05	 1	 -41.4996	  171.5613
7.396	 2.23	 1	 -44.3590	  172.8820
7.397	 2.14	 1	 -41.8695	  176.8294
7.398	 2.06	 1	 -44.0948	  174.1957
7.411	 3.27	 1	 -42.2320	  173.6402
7.416	 3.49	 1	 -44.7786	  173.8968
7.442	 2.77	 1	 -41.6380	  174.2349
7.453	 2.17	 1	 -42.4849	  173.3669
7.454	 2.59	 1	 -41.7866	  174.2445
7.459	 2.15	 1	 -41.7574	  172.9678
7.464	 2.73	 1	 -42.8147	  172.0760
7.465	 2.23	 1	 -42.8307	  174.0675
7.469	 2.37	 2	 -47.1088	  174.1664
7.471	 4.09	 1	 -42.5955	  172.9608
7.476	 2.03	 1	 -42.9583	  173.2408
7.482	 2.44	 1	 -42.3740	  179.1246
7.506	 2.62	 1	 -41.8817	  173.9632
7.509	 2.50	 2	 -41.7524	  174.2580
7.510	 2.24	 1	 -43.6655	  176.0324
7.513	 2.06	 1	 -39.3311	  172.5055
7.515	 2.23	 1	 -42.5973	  173.3177
7.534	 2.50	 1	 -46.1026	  169.0343
7.538	 2.24	 1	 -41.9257	  173.8071
7.541	 2.44	 1	 -42.5767	  173.2911
7.543	 2.09	 1	 -43.7222	  171.7318
7.543	 2.71	 1	 -44.0857	  171.2677
7.550	 2.59	 1	 -43.1060	  173.5036
7.550	 2.70	 1	 -42.4101	  172.9911
7.552	 2.19	 1	 -40.5916	  174.1846
7.570	 3.10	 2	 -41.6384	  172.4965
7.572	 3.09	 1	 -45.8961	  177.3152
7.583	 2.24	 1	 -42.2150	  173.3882
7.587	 3.05	 1	 -38.1989	  173.2459
7.587	 2.02	 1	 -43.8928	  173.4785
7.591	 2.34	 1	 -43.6170	  171.7510
7.600	 3.09	 2	 -45.8916	  177.3190
7.606	 2.02	 1	 -42.3332	  173.0367
7.622	 2.72	 1	 -42.4352	  172.5989
7.622	 2.25	 1	 -42.3713	  173.0057
7.636	 2.54	 1	 -42.8755	  167.8402
7.650	 2.51	 1	 -42.8318	  170.2958
7.650	 2.20	 1	 -42.4437	  173.1675
7.653	 2.10	 1	 -42.9887	  171.8785
7.667	 2.87	 1	 -41.6231	  172.9036
7.673	 2.40	 1	 -43.0608	  172.0781
7.675	 2.18	 1	 -42.5916	  172.9767
7.685	 2.37	 1	 -42.5873	  173.1501
7.686	 3.31	 1	 -41.7919	  174.0634
7.688	 2.09	 1	 -42.1655	  171.1813
7.694	 2.61	 1	 -42.3180	  173.4455
7.698	 2.04	 1	 -42.3255	  173.1547
7.703	 2.62	 1	 -42.2306	  173.8978
7.705	 2.32	 1	 -43.1791	  172.9242
7.713	 2.95	 1	 -42.2890	  173.8081
7.715	 2.93	 1	 -42.5664	  173.2052
7.715	 2.10	 1	 -42.2902	  173.7605
7.730	 2.06	 1	 -41.9187	  172.2939
7.740	 2.30	 1	 -42.8451	  173.6947
7.743	 2.97	 1	 -42.2111	  173.5034
7.749	 2.43	 1	 -39.4395	  177.2458
7.750	 2.00	 1	 -42.7622	  173.3705
7.757	 2.99	 1	 -41.8254	  174.1995
7.761	 2.29	 1	 -47.0434	  174.5673
7.766	 2.49	 1	 -42.5210	  173.0755
7.778	 2.05	 1	 -42.2792	  172.9576
7.779	 2.09	 1	 -42.4966	  173.2426
7.784	 2.01	 1	 -41.7328	  175.3156
7.786	 3.01	 1	 -42.3904	  173.2750
7.798	 2.02	 1	 -42.6252	  172.8639
7.801	 2.00	 1	 -41.8354	  174.3041
7.806	 2.32	 1	 -42.8801	  172.1671
7.814	 2.51	 1	 -41.8466	  174.1716
7.816	 2.59	 1	 -42.0711	  172.3191
7.831	 2.09	 1	 -42.8416	  173.2927
7.836	 2.08	 1	 -42.3325	  173.4566
7.838	 2.12	 1	 -43.2270	  178.3600
7.842	 2.27	 1	 -42.4149	  174.0332
7.855	 2.22	 1	 -41.6942	  169.2608
7.865	 2.29	 1	 -42.0342	  173.2198
7.870	 2.13	 1	 -43.0258	  172.0873
7.880	 2.19	 1	 -42.2099	  173.4358
7.889	 2.33	 1	 -42.3461	  173.8626
7.893	 2.19	 1	 -42.4668	  172.7592
7.896	 2.37	 1	 -43.4033	  172.6814
7.897	 2.38	 1	 -42.6233	  169.7112
7.899	 2.11	 1	 -41.3219	  174.1439
7.947	 2.02	 1	 -42.9559	  174.4402
7.948	 2.45	 1	 -43.3893	  172.9873
7.953	 2.44	 1	 -41.7999	  173.9754
7.954	 2.24	 1	 -41.7772	  174.4616
7.957	 2.62	 1	 -42.0701	  173.0391
7.959	 2.15	 1	 -41.6185	  171.3572
7.963	 2.22	 1	 -42.7689	  172.4059
7.964	 3.11	 1	 -42.8795	  172.5792
7.975	 2.75	 1	 -42.0847	  174.0086
7.983	 2.68	 1	 -39.8482	  177.7605
7.986	 2.16	 1	 -41.7370	  174.3050
7.986	 2.71	 1	 -42.2749	  173.4145
7.986	 3.36	 1	 -41.0433	  172.1849
7.991	 2.01	 1	 -44.6945	  170.7428
7.993	 2.07	 1	 -43.4027	  173.0214
7.994	 2.17	 1	 -42.7582	  173.3397
8.001	 2.54	 1	 -42.2241	  174.0966
8.003	 2.26	 1	 -42.9112	  172.5425
8.006	 2.40	 1	 -38.5171	  175.2928
8.019	 2.03	 1	 -41.8466	  173.9486
8.023	 2.53	 1	 -41.7924	  174.2173
8.025	 2.34	 1	 -42.5757	  173.0231
8.026	 2.01	 1	 -41.7531	  174.2994
8.030	 2.34	 1	 -43.3865	  173.1813
8.031	 2.84	 1	 -44.3187	  172.5655
8.057	 2.26	 1	 -40.2579	  176.6830
8.067	 2.21	 1	 -41.5302	  173.2746
8.067	 2.21	 1	 -42.7478	  173.1486
8.068	 2.74	 1	 -41.6824	  174.3163
8.072	 2.08	 1	 -42.2960	  173.7316
8.072	 2.01	 1	 -42.8278	  172.3054
8.080	 2.26	 1	 -42.3523	  173.8562
8.088	 2.74	 2	 -41.8575	  173.8522
8.094	 2.46	 2	 -42.9360	  172.9394
8.095	 2.12	 1	 -41.8967	  173.0249
8.128	 2.06	 1	 -41.7619	  174.1786
8.130	 2.80	 1	 -42.0279	  173.6358
8.142	 2.31	 1	 -39.6934	  173.8289
8.143	 2.49	 1	 -42.3706	  172.9038
8.148	 2.18	 1	 -42.7287	  172.8119
8.149	 2.20	 1	 -41.3680	  172.4394
8.150	 2.07	 1	 -42.4871	  171.2874
8.151	 2.04	 1	 -40.3051	  167.8378
8.153	 2.06	 1	 -43.2052	  173.7252
8.163	 2.46	 1	 -42.4169	  172.2280
8.164	 3.38	 1	 -42.2344	  173.6058
8.170	 2.10	 1	 -46.4353	  169.6315
8.184	 2.24	 1	 -42.6133	  172.8723
8.202	 2.08	 1	 -43.1890	  173.5277
8.204	 2.09	 1	 -43.8419	  172.8143
8.205	 2.24	 1	 -42.4782	  174.3998
8.206	 2.21	 1	 -42.9306	  174.0116
8.209	 2.21	 1	 -42.7605	  172.3754
8.234	 2.16	 1	 -42.9384	  166.9135
8.241	 2.27	 1	 -41.9761	  173.6586
8.244	 2.02	 1	 -42.2229	  174.1336
8.248	 2.82	 1	 -42.6174	  173.5307
8.254	 2.41	 1	 -42.6545	  172.7437
8.262	 3.26	 1	 -41.7710	  174.2696
8.265	 2.08	 1	 -42.8006	  174.6997
8.267	 2.15	 1	 -42.1051	  172.8819
8.271	 2.37	 1	 -42.4279	  172.6060
8.275	 2.61	 1	 -42.5335	  173.0597
8.278	 2.11	 1	 -43.6392	  172.5679
8.281	 2.65	 1	 -42.4083	  172.9293
8.300	 2.36	 1	 -44.1387	  178.8149
8.304	 2.23	 1	 -41.9747	  169.3573
8.305	 2.17	 1	 -42.2774	  174.0143
8.306	 2.11	 1	 -42.9549	  174.0968
8.310	 2.18	 1	 -43.4444	  173.7134
8.312	 2.17	 1	 -42.1004	  172.4855
8.329	 2.30	 1	 -43.5951	  175.2672
8.334	 2.28	 1	 -42.8571	  173.0169
8.337	 2.65	 1	 -43.0123	  172.8008
8.343	 2.04	 1	 -41.7162	  174.3321
8.345	 2.01	 1	 -42.4573	  171.9604
8.352	 3.07	 1	 -42.8688	  174.0606
8.356	 2.03	 1	 -42.5577	  173.5160
8.363	 2.33	 1	 -41.7816	  173.6299
8.365	 3.36	 1	 -42.9115	  172.7952
8.370	 2.54	 1	 -42.0713	  173.6959
8.372	 3.33	 1	 -43.2181	  171.0815
8.374	 2.16	 1	 -42.6829	  173.2860
8.394	 2.49	 1	 -44.1053	  171.1266
8.403	 2.06	 1	 -40.6897	  168.8380
8.412	 3.31	 1	 -42.6363	  171.9065
8.414	 2.11	 1	 -41.6836	  178.9840
8.417	 2.76	 1	 -42.0102	  173.7584
8.429	 2.34	 1	 -42.3765	  173.7231
8.449	 3.06	 1	 -41.9442	  176.0381
8.452	 2.53	 1	 -39.9709	  176.9696
8.456	 2.36	 1	 -42.0075	  173.9008
8.459	 2.30	 1	 -42.9819	  173.7567
8.463	 2.08	 1	 -42.6756	  172.2933
8.469	 2.16	 1	 -43.2454	  173.6790
8.475	 2.51	 1	 -40.6601	  168.0118
8.479	 2.03	 1	 -42.2936	  173.3793
8.487	 2.43	 1	 -42.7381	  172.8825
8.488	 2.03	 1	 -42.1661	  171.5436
8.489	 2.54	 1	 -42.1458	  173.6008
8.496	 2.63	 1	 -43.1301	  173.3498
8.499	 2.17	 1	 -43.1046	  168.7548
8.500	 2.52	 1	 -42.4269	  173.8471
8.502	 2.39	 1	 -43.7273	  171.4035
8.503	 2.59	 1	 -42.9126	  173.0152
8.517	 2.60	 1	 -42.1548	  172.7454
8.519	 3.86	 1	 -42.5908	  173.0826
8.526	 2.22	 1	 -41.7688	  174.2224
8.537	 2.28	 1	 -42.1042	  172.4484
8.537	 2.91	 1	 -46.1303	  176.9657
8.542	 2.42	 1	 -40.9877	  174.7948
8.542	 2.29	 1	 -39.8397	  177.7510
8.544	 2.78	 1	 -43.0093	  172.5384
8.572	 2.15	 1	 -42.4163	  172.8110
8.574	 3.45	 1	 -39.4260	  174.5066
8.588	 2.04	 1	 -42.5557	  172.9116
8.594	 2.46	 1	 -43.1169	  173.9835
8.598	 2.28	 1	 -41.7786	  174.2383
8.623	 2.04	 1	 -43.0042	  173.0630
8.627	 2.09	 1	 -42.6084	  172.6625
8.642	 2.90	 1	 -44.0187	  170.4270
8.652	 2.47	 1	 -42.3491	  173.3910
8.661	 2.18	 1	 -47.1766	  172.5656
8.662	 2.16	 1	 -42.8080	  173.2984
8.663	 2.17	 1	 -41.4977	  172.1589
8.664	 2.47	 1	 -42.9548	  173.7956
8.666	 2.24	 1	 -44.9677	  172.9370
8.670	 2.09	 1	 -42.7877	  173.2706
8.671	 2.04	 1	 -44.1781	  175.5671
8.678	 2.07	 1	 -45.2950	  168.0331
8.680	 2.35	 1	 -43.7169	  170.6733
8.683	 2.74	 1	 -40.0404	  175.5405
8.684	 2.42	 1	 -41.0837	  168.3247
8.691	 2.46	 1	 -42.0446	  173.9576
8.699	 2.36	 1	 -41.6568	  174.3048
8.702	 2.32	 1	 -43.3109	  171.7460
8.714	 2.56	 1	 -40.8889	  172.5738
8.717	 2.21	 1	 -41.6137	  173.0609
8.717	 2.47	 1	 -42.9702	  172.3117
8.724	 2.03	 1	 -42.0311	  173.0405
8.726	 2.70	 1	 -41.7984	  174.2167
8.730	 2.20	 1	 -42.6184	  174.0853
8.740	 2.32	 1	 -42.6957	  173.4198
8.749	 2.58	 1	 -43.5981	  167.0297
8.750	 2.84	 2	 -41.2287	  172.9410
8.757	 2.40	 1	 -41.9454	  173.2331
8.759	 2.06	 1	 -45.8000	  175.5089
8.761	 2.34	 1	 -43.6313	  173.5818
8.773	 2.11	 1	 -43.4720	  173.8175
8.778	 2.03	 1	 -43.5010	  174.7593
8.779	 2.12	 1	 -40.8878	  174.5532
8.788	 2.27	 1	 -43.0650	  170.9150
8.789	 2.33	 1	 -42.7434	  172.4464
8.791	 2.20	 1	 -41.7660	  174.3571
8.793	 2.89	 1	 -41.6165	  174.2215
8.803	 2.14	 1	 -44.4378	  174.6990
8.804	 2.59	 1	 -41.4983	  173.6139
8.809	 2.13	 1	 -41.7523	  174.2827
8.821	 2.05	 1	 -41.9174	  174.2238
8.829	 2.34	 1	 -41.7930	  172.6835
8.838	 2.11	 1	 -42.5838	  172.7896
8.840	 2.44	 1	 -42.2135	  173.6951
8.840	 2.18	 1	 -42.9170	  173.2215
8.846	 2.08	 1	 -42.7160	  170.7241
8.853	 2.12	 1	 -43.1028	  172.6206
8.860	 2.02	 1	 -42.8022	  173.8478
8.863	 2.97	 1	 -42.4516	  172.3975
8.871	 2.32	 1	 -41.4205	  171.2399
8.872	 2.35	 1	 -42.6453	  175.3935
8.874	 2.54	 1	 -42.6494	  171.5200
8.878	 2.30	 1	 -42.3506	  173.5970
8.880	 2.57	 1	 -42.9229	  172.8938
8.889	 2.85	 1	 -43.1206	  172.9919
8.903	 2.29	 1	 -43.1156	  172.8910
8.904	 2.25	 1	 -44.3324	  174.9123
8.911	 2.27	 1	 -41.4080	  171.6746
8.911	 2.62	 1	 -40.4209	  172.8807
8.914	 3.38	 1	 -42.7297	  172.5166
8.924	 2.02	 2	 -43.2974	  171.7543
8.946	 2.12	 1	 -40.5406	  178.3938
8.957	 2.61	 1	 -42.5786	  171.8893
8.963	 2.66	 1	 -42.5131	  174.0366
8.965	 2.66	 1	 -42.2428	  173.7219
8.974	 3.29	 1	 -37.7544	  177.1569
8.992	 2.43	 1	 -42.8686	  172.4580
9.001	 2.52	 2	 -42.6198	  172.4421
9.008	 2.11	 1	 -44.1732	  173.5155
9.019	 2.31	 1	 -42.3264	  173.8940
9.019	 3.55	 1	 -42.3019	  173.7687
9.031	 2.04	 1	 -42.0529	  173.4079
9.038	 3.38	 2	 -43.1210	  172.9936
9.040	 2.11	 1	 -42.9390	  173.6197
9.041	 2.10	 1	 -42.8095	  172.8690
9.048	 2.06	 1	 -42.1892	  174.1134
9.055	 2.09	 1	 -43.0877	  172.6107
9.060	 3.30	 1	 -43.5043	  174.7306
9.062	 2.29	 1	 -42.5816	  171.4850
9.065	 2.43	 1	 -43.8471	  173.3204
9.066	 2.58	 1	 -42.8728	  173.2839
9.067	 2.45	 1	 -42.4437	  174.3698
9.082	 2.89	 1	 -42.5665	  173.0708
9.099	 2.00	 1	 -43.5284	  170.3288
9.100	 2.08	 1	 -42.3156	  173.7071
9.111	 2.08	 1	 -38.7757	  170.0172
9.116	 3.22	 1	 -43.4135	  173.6893
9.119	 2.21	 1	 -43.8513	  178.9333
9.125	 2.32	 1	 -43.5803	  172.3886
9.128	 2.27	 1	 -43.1784	  172.6460
9.129	 2.49	 1	 -43.5131	  172.7375
9.130	 3.08	 1	 -38.9029	  175.2682
9.145	 2.15	 1	 -42.2840	  173.1232
9.151	 2.12	 1	 -43.6078	  171.3629
9.158	 2.63	 1	 -42.1804	  172.6813
9.162	 2.05	 1	 -42.7299	  172.4176
9.162	 2.19	 1	 -42.5321	  174.2510
9.176	 2.38	 1	 -42.0616	  171.7343
9.177	 2.47	 1	 -43.7746	  170.5139
9.182	 2.34	 1	 -43.3305	  168.8052
9.185	 2.02	 1	 -41.7774	  171.1028
9.206	 2.81	 1	 -42.1433	  173.8027
9.209	 2.61	 1	 -42.6064	  173.1721
9.212	 2.11	 1	 -42.7716	  172.8434
9.215	 2.05	 1	 -43.0979	  174.2098
9.236	 2.38	 1	 -42.9081	  172.8767
9.255	 2.09	 1	 -42.4813	  172.7825
9.261	 2.86	 1	 -42.7928	  173.1558
9.265	 2.29	 1	 -42.3439	  172.3734
9.279	 2.60	 1	 -42.6704	  172.9548
9.284	 2.26	 1	 -41.8468	  174.1859
9.286	 3.17	 1	 -41.7698	  175.3557
9.289	 2.64	 1	 -41.7472	  173.2075
9.292	 2.07	 1	 -39.4559	  176.1603
9.293	 3.16	 1	 -42.8528	  171.2078
9.295	 2.72	 1	 -43.5706	  172.9406
9.311	 3.25	 1	 -42.5196	  173.3688
9.325	 2.40	 1	 -44.8117	  168.6872
9.328	 3.29	 1	 -44.3625	  170.6423
9.348	 2.39	 1	 -42.3982	  171.9972
9.350	 3.14	 1	 -43.1606	  174.7754
9.354	 2.76	 1	 -43.4538	  174.5493
9.354	 2.54	 1	 -42.3361	  173.0965
9.358	 2.03	 1	 -42.8748	  171.8941
9.359	 2.35	 2	 -43.5031	  174.7290
9.370	 2.69	 1	 -39.1072	  176.7144
9.375	 2.48	 1	 -42.3323	  172.9541
9.380	 2.60	 1	 -42.8775	  173.6655
9.381	 2.29	 1	 -42.8782	  176.2331
9.395	 2.91	 2	 -43.4967	  174.7374
9.402	 2.31	 1	 -42.2672	  173.7844
9.414	 2.39	 1	 -42.5586	  172.5960
9.414	 3.49	 1	 -42.3347	  173.4136
9.417	 3.16	 2	 -41.9225	  171.9664
9.419	 2.08	 2	 -42.6080	  172.9313
9.447	 2.06	 1	 -43.8392	  170.9629
9.449	 2.32	 1	 -43.2830	  173.4276
9.452	 2.51	 1	 -42.7841	  172.8269
9.460	 2.23	 1	 -42.5669	  172.8689
9.463	 2.40	 1	 -41.9100	  172.9633
9.471	 2.11	 1	 -44.0497	  171.6463
9.475	 2.79	 1	 -42.1929	  173.1921
9.485	 2.13	 1	 -43.3806	  174.1821
9.490	 2.08	 1	 -42.7352	  175.6060
9.497	 2.18	 1	 -42.5033	  173.4146
9.498	 2.44	 1	 -38.5328	  170.6987
9.499	 2.80	 1	 -43.1411	  179.1094
9.502	 2.59	 1	 -42.7626	  172.9489
9.502	 2.03	 1	 -44.1920	  175.1105
9.503	 2.26	 1	 -44.1621	  178.8040
9.530	 2.50	 1	 -41.1298	  177.7477
9.536	 2.34	 1	 -41.6699	  169.2371
9.537	 2.15	 2	 -44.3440	  170.6656
9.539	 2.73	 2	 -39.9335	  176.9900
9.548	 2.93	 1	 -43.7502	  172.7456
9.554	 2.47	 1	 -42.6150	  173.1729
9.556	 2.39	 1	 -43.0331	  173.2884
9.581	 2.51	 1	 -42.3883	  173.4082
9.591	 2.79	 1	 -42.5900	  173.7607
9.595	 2.95	 1	 -42.5880	  173.1873
9.596	 2.43	 2	 -42.5843	  173.1897
9.601	 4.21	 1	 -42.3839	  173.5892
9.604	 2.26	 1	 -45.8672	  177.3548
9.606	 2.83	 1	 -42.9427	  173.1880
9.606	 2.45	 2	 -42.4218	  173.5599
9.615	 2.15	 1	 -42.5161	  177.3662
9.615	 2.21	 1	 -42.0012	  173.5305
9.633	 3.42	 1	 -42.3655	  173.7485
9.633	 3.27	 1	 -41.3907	  173.4361
9.633	 2.39	 1	 -43.2004	  172.9465
9.640	 2.49	 1	 -41.4555	  172.8986
9.641	 2.90	 1	 -42.7560	  172.6077
9.651	 2.04	 1	 -44.3281	  173.1314
9.655	 2.11	 1	 -41.8809	  172.2442
9.659	 2.00	 1	 -42.9579	  172.6801
9.662	 2.56	 1	 -41.3684	  178.8687
9.670	 2.58	 1	 -45.0674	  174.1272
9.691	 2.79	 1	 -42.4203	  172.1978
9.694	 2.32	 1	 -41.9589	  172.7251
9.695	 2.44	 1	 -40.8346	  172.1026
9.699	 2.11	 1	 -38.9659	  169.5987
9.702	 2.13	 1	 -42.0714	  173.0106
9.704	 3.07	 1	 -42.5480	  171.4682
9.708	 2.69	 1	 -45.3489	  177.9583
9.718	 2.21	 1	 -42.4497	  173.2492
9.719	 2.13	 1	 -43.7360	  167.0713
9.737	 2.60	 1	 -41.8145	  174.2181
9.740	 2.04	 1	 -46.6599	  170.1425
9.754	 2.08	 1	 -42.8378	  173.7473
9.758	 2.01	 1	 -43.4125	  176.4572
9.763	 2.09	 1	 -41.3518	  173.3329
9.775	 2.06	 1	 -40.6631	  174.3783
9.790	 2.10	 1	 -41.0967	  173.4738
9.803	 2.41	 1	 -41.6479	  174.3918
9.813	 2.51	 1	 -41.2873	  170.1553
9.821	 2.64	 1	 -42.8711	  172.6932
9.838	 2.20	 1	 -40.5019	  172.1709
9.843	 2.74	 2	 -42.2619	  173.1334
9.850	 2.29	 1	 -40.6499	  169.3800
9.852	 2.73	 1	 -42.6587	  175.0271
9.856	 2.13	 1	 -42.5019	  172.8359
9.862	 2.18	 1	 -42.8414	  172.8769
9.864	 2.01	 1	 -43.9555	  168.8687
9.864	 2.18	 1	 -42.7252	  172.6652
9.868	 2.25	 1	 -41.8351	  172.4831
9.873	 2.51	 1	 -42.6121	  172.5832
9.887	 3.58	 1	 -42.1353	  173.5480
9.892	 2.37	 1	 -41.9679	  174.0214
9.898	 2.16	 1	 -43.3380	  171.0146
9.905	 2.15	 2	 -42.4037	  173.5926
9.906	 2.06	 1	 -42.3124	  172.8434
9.912	 2.82	 1	 -43.9161	  171.0824
9.918	 2.65	 1	 -44.9683	  170.2082
9.928	 2.05	 1	 -42.3985	  172.0966
9.929	 2.31	 1	 -42.4794	  173.0740
9.942	 3.18	 1	 -38.7206	  170.1542
9.945	 4.33	 1	 -42.3939	  173.6533
9.947	 2.37	 2	 -42.3909	  173.6409
9.958	 2.59	 1	 -42.1075	  172.7520
9.964	 2.24	 1	 -42.6736	  173.0737
9.967	 2.04	 1	 -43.5712	  171.8686
9.972	 2.69	 1	 -41.7058	  174.3066
9.976	 2.14	 1	 -38.8972	  169.7413
9.976	 3.38	 1	 -43.1848	  173.8768
9.980	 2.61	 2	 -42.3603	  173.3581
9.982	 2.36	 1	 -43.5208	  173.7802
9.990	 2.42	 1	 -42.9264	  173.5844
10.004	 2.12	 1	 -42.2816	  173.2208
10.020	 2.41	 1	 -41.8538	  174.1120
10.026	 2.03	 1	 -41.8982	  172.0174
10.031	 2.46	 2	 -42.5589	  173.6659
10.036	 2.97	 1	 -41.0519	  174.7050
10.037	 2.18	 1	 -43.0110	  172.3577
10.044	 2.14	 1	 -47.1836	  173.3246
10.081	 2.63	 1	 -44.0701	  171.8187
10.082	 3.18	 1	 -41.7212	  174.2974
10.084	 2.22	 1	 -39.1993	  176.8744
10.087	 2.29	 1	 -42.4977	  172.3454
10.106	 2.02	 1	 -42.9433	  172.1422
10.117	 2.99	 1	 -42.0990	  173.7721
10.120	 2.34	 1	 -41.4322	  172.3763
10.165	 2.31	 1	 -43.4275	  171.3867
10.172	 2.06	 1	 -44.2588	  170.2997
10.178	 2.45	 1	 -42.8797	  172.7918
10.178	 2.87	 1	 -41.4963	  173.1976
10.191	 2.66	 1	 -42.6071	  172.7261
10.196	 3.08	 1	 -43.5294	  173.1891
10.196	 2.47	 1	 -46.6331	  170.0751
10.203	 2.48	 1	 -42.7241	  173.1479
10.213	 2.34	 1	 -42.5056	  172.6581
10.220	 2.08	 1	 -43.6232	  174.8362
10.231	 2.03	 1	 -41.5131	  175.6248
10.237	 2.04	 1	 -43.0046	  172.7032
10.240	 2.28	 1	 -42.3190	  172.9294
10.245	 3.02	 1	 -41.1268	  175.2184
10.245	 2.61	 1	 -39.1759	  169.2096
10.259	 2.12	 1	 -42.9210	  173.8359
10.260	 2.10	 1	 -39.6503	  174.4108
10.269	 3.00	 1	 -46.9726	  174.8978
10.270	 3.13	 1	 -41.8672	  172.7092
10.270	 2.12	 1	 -41.7403	  174.2077
10.271	 2.54	 1	 -42.5890	  174.2236
10.282	 2.47	 1	 -41.3545	  173.4135
10.285	 2.41	 1	 -41.8569	  173.9500
10.290	 2.17	 1	 -42.3408	  172.3142
10.296	 2.54	 1	 -44.9720	  178.2957
10.308	 2.46	 1	 -46.3865	  169.5337
10.313	 2.28	 1	 -42.1290	  173.3076
10.319	 2.15	 1	 -46.4837	  169.7324
10.322	 2.34	 1	 -42.7616	  173.3635
10.322	 2.26	 1	 -43.5967	  173.8305
10.325	 2.87	 1	 -42.2232	  172.5163
10.330	 3.14	 1	 -42.0182	  173.7345
10.334	 2.10	 1	 -42.9843	  172.9964
10.362	 2.10	 1	 -41.9966	  172.3201
10.363	 2.10	 1	 -42.2296	  172.7476
10.371	 2.46	 1	 -41.8059	  170.2580
10.375	 2.31	 1	 -41.6695	  174.0728
10.381	 2.29	 1	 -42.5735	  172.9379
10.386	 2.04	 1	 -43.4345	  173.4529
10.386	 2.08	 1	 -41.9445	  170.5418
10.392	 2.32	 1	 -42.3757	  174.1132
10.399	 2.09	 1	 -47.0948	  171.7757
10.401	 2.06	 1	 -42.3434	  174.1366
10.406	 2.10	 1	 -46.9338	  170.9899
10.407	 2.38	 1	 -42.5586	  173.4481
10.410	 2.32	 1	 -42.7529	  172.4858
10.413	 2.70	 1	 -42.9098	  172.4489
10.417	 2.36	 1	 -42.0080	  173.5374
10.437	 2.43	 1	 -42.8898	  173.3597
10.444	 2.01	 1	 -42.8541	  173.0987
10.450	 2.85	 1	 -42.8280	  172.6390
10.465	 2.01	 1	 -45.0381	  175.2015
10.466	 2.17	 1	 -42.1442	  172.6780
10.474	 3.25	 1	 -42.4058	  173.2819
10.483	 2.15	 2	 -42.5888	  173.1868
10.494	 2.15	 1	 -41.5999	  178.9566
10.500	 2.23	 1	 -42.0685	  174.1515
10.524	 2.11	 1	 -42.1894	  173.7140
10.527	 2.08	 1	 -42.5764	  173.1493
10.536	 2.25	 1	 -42.8184	  173.1260
10.542	 2.62	 1	 -42.2560	  170.4436
10.546	 2.48	 1	 -42.9533	  172.6711
10.563	 3.99	 1	 -42.3076	  173.6219
10.571	 3.32	 1	 -42.5181	  173.1023
10.571	 2.13	 1	 -43.5762	  172.1283
10.582	 2.52	 1	 -43.0064	  172.7347
10.607	 2.37	 1	 -39.6634	  176.9773
10.626	 2.31	 1	 -43.1062	  173.8658
10.626	 2.02	 1	 -41.9921	  173.7749
10.634	 2.09	 2	 -42.6506	  171.9070
10.641	 3.18	 1	 -42.2718	  173.5259
10.642	 2.57	 1	 -42.3393	  173.9419
10.645	 3.04	 1	 -42.3997	  173.4404
10.655	 2.11	 1	 -38.8431	  176.1841
10.661	 2.07	 1	 -43.3081	  173.2463
10.664	 2.33	 1	 -42.3801	  173.2767
10.668	 2.30	 1	 -44.6448	  178.5332
10.672	 3.66	 1	 -38.8743	  176.2535
10.676	 2.13	 2	 -38.8401	  176.1725
10.684	 2.51	 1	 -42.3680	  173.4506
10.727	 2.15	 1	 -41.3140	  174.7672
10.732	 2.36	 1	 -42.3975	  172.2272
10.747	 2.79	 1	 -42.6427	  173.1388
10.760	 2.25	 1	 -41.8599	  173.7371
10.771	 2.12	 1	 -42.1014	  173.7291
10.781	 2.17	 1	 -40.1853	  167.9436
10.805	 2.11	 1	 -42.0636	  173.5590
10.813	 2.61	 1	 -42.4171	  174.6287
10.814	 2.21	 1	 -41.6407	  169.1308
10.817	 2.23	 1	 -42.5005	  173.6833
10.837	 2.43	 1	 -42.4960	  173.2902
10.849	 2.52	 1	 -42.6728	  172.8819
10.864	 2.01	 1	 -43.3073	  173.2972
10.872	 2.11	 1	 -46.9520	  171.0616
10.875	 2.96	 2	 -42.4705	  173.4908
10.876	 2.11	 1	 -43.7325	  169.1503
10.877	 2.77	 1	 -42.9013	  172.5914
10.877	 2.10	 1	 -43.8477	  169.7756
10.886	 2.96	 1	 -42.4478	  174.9825
10.887	 2.33	 1	 -42.5939	  173.9247
10.890	 2.33	 1	 -42.4259	  173.2828
10.902	 2.52	 1	 -42.1355	  173.7527
10.909	 2.09	 1	 -42.2613	  173.9736
10.928	 2.22	 1	 -43.3021	  172.7789
10.937	 2.07	 1	 -41.8212	  174.1635
10.941	 2.66	 1	 -43.2913	  173.0250
10.969	 2.14	 1	 -42.2822	  172.4967
10.970	 2.23	 1	 -43.9046	  173.2407
10.972	 3.07	 1	 -44.1624	  173.3605
10.978	 2.46	 1	 -42.0130	  173.7101
10.988	 2.22	 1	 -44.6997	  173.1750
10.990	 3.20	 1	 -42.2322	  174.7773
10.993	 2.08	 1	 -38.2033	  172.6712
10.997	 2.26	 1	 -42.8079	  173.5665
11.017	 2.04	 1	 -43.0933	  174.8503
11.022	 2.28	 1	 -43.1048	  174.6541
11.034	 2.57	 1	 -42.3360	  173.7494
11.046	 2.67	 1	 -43.2430	  171.8814
11.057	 2.74	 1	 -42.5478	  173.0433
11.058	 2.20	 1	 -43.1742	  174.8427
11.071	 2.19	 1	 -41.7252	  174.2717
11.073	 2.05	 1	 -42.8336	  174.0616
11.086	 2.23	 1	 -42.7140	  173.4146
11.089	 3.01	 1	 -38.1968	  172.9050
11.094	 2.27	 1	 -41.9753	  173.7747
11.101	 2.10	 1	 -42.6062	  172.9495
11.102	 3.44	 1	 -46.4076	  172.3707
11.106	 3.08	 1	 -43.0156	  174.3497
11.110	 2.52	 2	 -46.4221	  172.3752
11.116	 2.28	 1	 -42.4564	  173.1443
11.119	 2.13	 1	 -43.5330	  174.9232
11.119	 2.17	 1	 -44.3743	  172.7314
11.129	 2.65	 1	 -42.4028	  173.0772
11.132	 2.32	 1	 -42.0545	  172.7381
11.139	 2.14	 1	 -41.9562	  173.5157
11.147	 2.16	 1	 -42.6620	  172.7773
11.149	 2.46	 1	 -41.7239	  173.5664
11.153	 3.33	 1	 -42.9382	  173.1558
11.159	 2.30	 1	 -41.8071	  174.0833
11.169	 2.55	 2	 -42.3916	  173.5257
11.191	 2.98	 1	 -41.0020	  174.7570
11.193	 2.13	 2	 -42.9323	  173.1487
11.195	 2.33	 1	 -42.5805	  172.7829
11.198	 2.14	 1	 -41.7967	  174.2146
11.206	 2.15	 1	 -41.8201	  174.0043
11.211	 2.08	 1	 -43.5462	  170.5591
11.226	 2.10	 1	 -41.7402	  174.2756
11.235	 2.79	 1	 -42.2481	  172.7673
11.238	 2.85	 1	 -42.3411	  173.7117
11.241	 2.04	 1	 -42.8481	  173.0291
11.266	 2.37	 1	 -42.5620	  171.1342
11.278	 2.14	 1	 -42.5815	  173.9941
11.295	 2.66	 1	 -42.4632	  172.7045
11.341	 2.29	 1	 -45.2352	  178.0680
11.342	 2.21	 1	 -42.7089	  173.0404
11.351	 2.00	 1	 -41.9811	  179.0629
11.355	 2.31	 1	 -38.5509	  175.4044
11.356	 2.32	 1	 -43.4257	  173.1098
11.357	 2.18	 1	 -42.2166	  173.6850
11.369	 2.18	 1	 -44.5171	  169.4653
11.379	 2.30	 1	 -43.3084	  172.4655
11.386	 2.84	 1	 -42.2161	  174.5708
11.393	 2.30	 1	 -42.2452	  172.2401
11.395	 2.09	 1	 -42.7646	  172.7979
11.409	 2.56	 1	 -42.8459	  173.2924
11.443	 2.79	 1	 -44.4287	  176.6852
11.449	 2.06	 1	 -43.3596	  173.2333
11.460	 2.14	 1	 -40.9935	  174.8324
11.487	 2.17	 1	 -38.2074	  172.5853
11.488	 2.07	 1	 -43.1360	  173.1389
11.490	 2.09	 1	 -42.5779	  172.0691
11.502	 2.19	 1	 -42.3291	  173.8671
11.509	 2.26	 1	 -41.4257	  171.9565
11.525	 3.80	 2	 -43.1378	  173.9629
11.530	 2.00	 1	 -42.1053	  172.6926
11.534	 2.12	 1	 -42.9814	  173.3735
11.546	 2.03	 3	 -43.3288	  173.9617
11.552	 2.52	 1	 -41.9622	  170.3482
11.559	 2.77	 1	 -43.8553	  168.9628
11.560	 3.17	 1	 -41.5715	  174.0201
11.560	 2.13	 1	 -40.4933	  173.3132
11.563	 2.30	 1	 -41.3161	  170.9460
11.565	 2.14	 1	 -42.3733	  169.9212
11.576	 2.04	 1	 -38.3574	  174.6468
11.601	 2.51	 1	 -41.9544	  172.3409
11.612	 2.01	 1	 -42.1991	  173.6082
11.613	 2.19	 1	 -42.6146	  173.5290
11.616	 2.28	 1	 -47.1151	  174.1275
11.619	 2.02	 1	 -42.0788	  172.8887
11.630	 2.02	 1	 -42.7706	  172.3236
11.648	 2.80	 1	 -43.2710	  173.4248
11.658	 3.53	 1	 -41.5304	  174.4079
11.664	 2.06	 1	 -42.4248	  173.3497
11.667	 2.13	 1	 -41.6367	  175.2267
11.667	 2.36	 1	 -43.1104	  171.3580
11.678	 2.40	 1	 -42.5272	  173.8812
11.683	 2.37	 1	 -42.1300	  170.6156
11.685	 2.03	 1	 -42.9001	  172.5952
11.690	 2.72	 1	 -42.2901	  172.8780
11.707	 2.18	 1	 -43.1540	  171.3417
11.714	 2.11	 1	 -46.7637	  175.6198
11.723	 2.17	 1	 -44.0640	  170.4035
11.735	 2.53	 1	 -42.2638	  173.9487
11.760	 2.05	 1	 -38.3815	  171.2828
11.762	 3.31	 1	 -42.6086	  172.3551
11.769	 2.93	 1	 -43.1154	  171.7551
11.775	 2.62	 1	 -42.9087	  172.9517
11.792	 2.04	 1	 -42.5198	  173.8979
11.795	 2.38	 1	 -43.1333	  172.5352
11.796	 2.24	 1	 -42.2253	  173.6483
11.799	 2.25	 1	 -42.6043	  171.6282
11.807	 2.15	 1	 -42.7409	  173.0474
11.810	 2.34	 1	 -42.2335	  173.5387
11.821	 3.12	 1	 -43.1601	  173.3118
11.821	 2.33	 1	 -42.6439	  172.3980
11.831	 2.02	 1	 -41.9485	  173.6531
11.832	 2.78	 1	 -44.6333	  173.8461
11.837	 2.48	 1	 -42.3455	  174.0201
11.866	 2.36	 1	 -44.0780	  167.2020
11.872	 2.64	 1	 -42.3980	  173.3201
11.875	 2.09	 1	 -46.4353	  169.6314
11.894	 2.31	 1	 -43.9049	  172.7045
11.902	 2.46	 1	 -42.0666	  172.4083
11.906	 3.91	 1	 -42.9784	  173.3110
11.909	 2.33	 1	 -42.1770	  173.7442
11.911	 2.07	 1	 -39.3884	  174.7090
11.923	 2.34	 1	 -42.9043	  173.7866
11.933	 2.17	 1	 -43.3103	  179.0819
11.940	 2.32	 1	 -42.5157	  172.2628
11.946	 2.14	 2	 -42.2029	  173.4229
11.954	 2.46	 1	 -42.3576	  173.0123
11.966	 2.79	 2	 -42.9797	  173.3207
11.967	 2.25	 1	 -42.9233	  172.0558
11.974	 2.70	 1	 -42.1824	  173.7484
11.977	 2.73	 1	 -43.6065	  173.6351
11.979	 2.32	 1	 -43.3750	  171.4116
11.989	 2.98	 1	 -42.0048	  173.7411
11.996	 2.65	 1	 -44.4002	  169.5090
12.011	 2.08	 1	 -42.8701	  170.0554
12.033	 2.16	 1	 -42.5012	  173.2155
12.039	 3.32	 1	 -41.7999	  174.1607
12.054	 2.02	 1	 -42.3541	  173.5948
12.056	 2.60	 1	 -41.7993	  174.2249
12.064	 2.11	 1	 -43.1042	  169.5205
12.072	 2.46	 1	 -41.7174	  174.3983
12.075	 2.92	 1	 -42.7645	  173.4670
12.089	 2.06	 1	 -41.7586	  173.9530
12.091	 2.18	 1	 -42.3525	  174.0525
12.093	 2.22	 1	 -43.3718	  166.9745
12.094	 3.66	 1	 -43.0812	  172.3761
12.094	 2.25	 1	 -41.7248	  172.3323
12.095	 2.05	 2	 -41.7408	  174.0109
12.098	 2.80	 1	 -43.0209	  172.6014
12.103	 2.38	 2	 -41.7237	  172.3314
12.124	 2.46	 1	 -46.1368	  176.9552
12.144	 2.63	 1	 -42.6987	  171.8609
12.148	 4.28	 1	 -42.7542	  174.0978
12.148	 2.19	 2	 -42.7412	  174.1091
12.148	 2.02	 1	 -42.8286	  172.1201
12.154	 2.21	 1	 -41.5978	  175.2286
12.160	 2.11	 1	 -43.7187	  174.3674
12.162	 2.14	 1	 -41.7276	  174.3016
12.164	 2.12	 1	 -38.9450	  170.9915
12.164	 2.06	 1	 -42.2156	  173.7115
12.168	 3.22	 1	 -42.3757	  173.5222
12.169	 2.01	 2	 -42.7931	  174.1605
12.170	 2.61	 1	 -41.6928	  174.2833
12.187	 2.47	 1	 -42.9037	  172.9387
12.200	 2.27	 1	 -41.6974	  174.3016
12.210	 2.11	 1	 -41.7228	  174.1765
12.212	 2.54	 2	 -41.7218	  174.1775
12.214	 2.92	 1	 -42.6374	  172.6597
12.217	 2.04	 1	 -43.4041	  171.7583
12.237	 2.44	 1	 -41.9039	  172.6691
12.237	 2.10	 1	 -42.3922	  173.7318
12.240	 2.28	 1	 -45.4572	  168.1973
12.252	 2.40	 1	 -42.3455	  173.1293
12.257	 2.80	 1	 -42.2474	  173.9914
12.267	 2.26	 2	 -42.9050	  172.9377
12.269	 3.32	 2	 -42.2448	  173.9891
12.271	 2.11	 1	 -42.6383	  173.4561
12.273	 2.11	 1	 -43.3104	  174.4223
12.276	 3.60	 1	 -42.7259	  174.2321
12.283	 2.32	 1	 -42.5513	  174.2646
12.288	 2.06	 1	 -41.8808	  172.9473
12.306	 2.95	 1	 -43.1367	  172.2905
12.338	 2.11	 1	 -42.1050	  173.4156
12.348	 2.47	 1	 -41.9796	  173.5439
12.349	 2.04	 1	 -42.4339	  173.1765
12.353	 2.57	 1	 -42.2448	  173.6484
12.369	 2.20	 1	 -41.3484	  178.8602
12.396	 2.76	 1	 -43.1248	  174.0556
12.412	 2.37	 1	 -43.0711	  172.0414
12.414	 2.00	 1	 -43.2853	  172.8754
12.416	 2.10	 1	 -42.9533	  172.8001
12.428	 2.55	 1	 -42.2799	  173.3838
12.430	 2.24	 1	 -43.0781	  171.8654
12.434	 2.39	 1	 -42.3718	  173.8173
12.444	 2.30	 1	 -41.4820	  169.8073
12.451	 2.46	 1	 -42.4807	  173.5937
12.451	 2.02	 1	 -43.2846	  172.4959
12.457	 2.24	 1	 -46.1632	  169.1324
12.458	 2.15	 1	 -40.4636	  174.9928
12.459	 2.84	 1	 -42.4095	  173.4521
12.472	 2.34	 1	 -41.9250	  172.2332
12.483	 2.10	 1	 -42.4381	  173.3428
12.492	 2.33	 2	 -42.3841	  172.7457
12.498	 2.69	 1	 -44.9250	  172.1076
12.518	 2.08	 1	 -45.8800	  177.3373
12.549	 2.90	 1	 -42.7929	  172.3448
12.553	 2.19	 1	 -41.7785	  174.4559
12.566	 2.18	 1	 -43.8248	  172.5212
12.568	 3.07	 1	 -40.1057	  178.0262
12.573	 2.01	 1	 -43.4416	  166.9898
12.580	 2.16	 1	 -44.9403	  175.5822
12.596	 2.56	 3	 -43.1403	  173.9565
12.600	 2.29	 1	 -43.0475	  173.3455
12.608	 3.32	 1	 -42.2791	  173.8028
12.621	 2.03	 1	 -42.9296	  171.7277
12.628	 2.23	 1	 -42.0085	  173.7710
12.638	 2.13	 1	 -42.5682	  173.1904
12.641	 2.92	 1	 -41.5168	  172.8127
12.643	 2.14	 1	 -42.1602	  173.5536
12.652	 2.86	 1	 -43.1767	  173.5097
12.661	 2.28	 1	 -42.6074	  172.6264
12.664	 2.47	 1	 -41.9713	  174.1644
12.676	 2.23	 1	 -43.7758	  173.7724
12.678	 2.49	 1	 -42.1915	  172.8103
12.680	 2.12	 1	 -42.6569	  173.0711
12.691	 2.03	 1	 -46.2950	  176.3162
12.692	 2.16	 1	 -43.3398	  173.3766
12.692	 2.87	 1	 -42.0887	  173.1687
12.703	 3.24	 1	 -42.5652	  173.2948
12.715	 2.73	 1	 -40.4869	  170.6805
12.721	 2.51	 1	 -42.2203	  172.3666
12.732	 2.04	 1	 -42.0900	  173.0918
12.735	 2.18	 1	 -42.5404	  172.8813
12.738	 2.00	 2	 -42.5603	  173.2803
12.739	 2.35	 1	 -42.5317	  172.0484
12.748	 2.07	 1	 -39.5037	  177.3355
12.754	 2.12	 1	 -42.8132	  172.3171
12.774	 2.48	 1	 -41.7540	  174.3435
12.780	 2.43	 1	 -44.1789	  168.9627
12.801	 2.23	 1	 -41.8600	  173.9141
12.803	 2.13	 1	 -42.3357	  173.5193
12.828	 2.11	 1	 -42.5567	  171.2740
12.829	 2.12	 1	 -43.5153	  170.7991
12.833	 2.60	 1	 -42.1405	  173.6488
12.865	 2.15	 1	 -42.4424	  172.5173
12.867	 2.12	 1	 -40.0457	  168.0765
12.881	 2.50	 1	 -40.6591	  173.1703
12.886	 2.14	 1	 -42.9772	  166.9166
12.902	 2.17	 1	 -42.3753	  173.9564
12.956	 2.13	 1	 -42.3095	  173.7060
12.956	 2.10	 1	 -43.1923	  171.8810
12.995	 2.84	 1	 -41.9322	  174.1394
13.023	 2.97	 1	 -43.4608	  174.5084
13.026	 2.40	 1	 -42.7263	  171.9769
13.029	 2.04	 1	 -43.3546	  173.0947
13.058	 2.02	 1	 -42.2842	  173.4377
13.078	 3.58	 1	 -42.9398	  172.7132
13.080	 2.11	 1	 -43.1693	  173.4383
13.090	 2.40	 1	 -38.2478	  172.0956
13.090	 2.31	 2	 -42.7235	  174.2305
13.091	 2.29	 1	 -41.8174	  174.2042
13.097	 2.01	 1	 -45.0129	  178.2625
13.108	 2.35	 1	 -40.8045	  172.6004
13.114	 2.55	 2	 -42.9434	  172.7068
13.121	 2.25	 1	 -42.3079	  172.0954
13.122	 2.30	 1	 -43.0956	  173.3295
13.142	 2.20	 1	 -42.9431	  172.5071
13.174	 2.05	 1	 -43.1974	  171.7833
13.219	 2.44	 1	 -42.6057	  171.1883
13.246	 2.30	 1	 -41.7250	  174.3104
13.249	 2.00	 1	 -42.0962	  172.9147
13.252	 2.17	 1	 -43.3604	  173.2614
13.258	 2.09	 1	 -41.8781	  176.4747
13.277	 2.07	 1	 -41.5967	  173.3250
13.279	 2.06	 1	 -42.0998	  172.8562
13.287	 2.22	 1	 -41.9022	  173.5539
13.297	 2.39	 1	 -42.0061	  175.1395
13.297	 2.28	 1	 -43.5820	  172.8328
13.309	 2.67	 1	 -42.7278	  173.5051
13.313	 2.74	 1	 -42.5381	  172.6648
13.313	 2.19	 1	 -41.6762	  171.5490
13.315	 2.69	 1	 -40.9620	  169.2488
13.321	 2.10	 2	 -42.9356	  172.7283
13.325	 2.11	 1	 -42.7004	  173.1467
13.325	 2.36	 1	 -41.9711	  174.0483
13.331	 2.08	 1	 -42.5671	  172.9606
13.340	 2.63	 1	 -43.0494	  171.9353
13.344	 2.27	 1	 -42.5004	  171.6775
13.348	 2.31	 1	 -43.3042	  172.4116
13.348	 2.46	 1	 -43.1133	  169.0887
13.361	 2.38	 1	 -41.9852	  173.0120
13.361	 2.47	 1	 -42.6716	  172.9167
13.369	 3.13	 1	 -42.9999	  172.7173
13.370	 2.09	 1	 -42.8393	  172.9265
13.391	 2.93	 1	 -42.6700	  172.7203
13.398	 2.61	 1	 -42.1225	  173.6634
13.407	 3.52	 1	 -42.5949	  173.2605
13.408	 2.88	 1	 -43.3474	  172.8697
13.423	 2.00	 1	 -42.2272	  170.5594
13.426	 2.34	 1	 -44.8356	  174.7258
13.430	 2.38	 1	 -42.7348	  173.8855
13.431	 2.73	 1	 -42.4002	  173.7444
13.435	 2.67	 1	 -42.2938	  174.0208
13.439	 3.10	 1	 -43.2316	  173.7066
13.440	 5.03	 1	 -42.8438	  172.8529
13.444	 2.75	 1	 -42.2164	  172.5513
13.451	 2.16	 1	 -43.9726	  171.8049
13.454	 2.02	 1	 -42.8433	  172.9814
13.455	 2.03	 2	 -43.2418	  173.6954
13.459	 3.22	 2	 -43.3403	  166.7577
13.464	 2.28	 2	 -42.8123	  172.8065
13.466	 2.03	 1	 -47.1781	  173.4509
13.474	 2.44	 2	 -42.8106	  172.8534
13.474	 2.78	 1	 -38.2165	  172.4378
13.478	 2.38	 2	 -42.8652	  172.8130
13.481	 2.35	 2	 -42.7843	  172.8430
13.484	 2.18	 1	 -44.9087	  176.3751
13.494	 2.33	 1	 -39.5971	  171.7791
13.495	 2.01	 2	 -42.9002	  172.8769
13.503	 2.12	 1	 -43.5950	  175.1599
13.519	 2.14	 1	 -39.7672	  177.6683
13.523	 4.21	 1	 -43.2356	  173.9967
13.525	 2.05	 1	 -42.4587	  171.0233
13.527	 2.04	 1	 -43.0051	  173.1852
13.530	 2.19	 1	 -42.8108	  173.2937
13.536	 2.07	 1	 -42.0622	  173.5136
13.538	 2.58	 1	 -42.7253	  174.4339
13.539	 2.06	 1	 -42.2993	  179.1165
13.542	 3.42	 1	 -43.0073	  173.5182
13.545	 2.06	 1	 -43.6647	  170.4022
13.545	 2.45	 1	 -43.1292	  172.3460
13.546	 2.62	 1	 -42.2431	  172.4663
13.563	 2.20	 2	 -43.2663	  174.0284
13.569	 2.05	 2	 -42.8557	  172.8185
13.586	 2.37	 1	 -42.3949	  172.6759
13.590	 2.01	 1	 -42.0622	  173.0745
13.608	 3.90	 3	 -43.2433	  173.7029
13.614	 2.13	 1	 -41.6569	  174.7146
13.615	 2.39	 1	 -42.6272	  168.7545
13.616	 2.49	 2	 -43.2334	  174.0006
13.630	 2.44	 2	 -43.2321	  173.9603
13.644	 2.27	 1	 -42.1311	  173.0955
13.656	 2.06	 2	 -42.8185	  172.8279
13.657	 2.64	 1	 -42.5594	  173.4839
13.660	 3.46	 1	 -43.1663	  175.2754
13.669	 2.78	 2	 -42.8418	  172.8636
13.693	 2.53	 3	 -42.8265	  172.8198
13.694	 2.01	 1	 -42.4084	  173.2096
13.699	 2.23	 1	 -42.7401	  170.3060
13.701	 2.22	 1	 -41.0256	  173.3073
13.710	 2.12	 1	 -42.2536	  174.6513
13.715	 2.17	 1	 -42.1833	  173.5991
13.726	 2.23	 1	 -41.8605	  167.0100
13.740	 2.04	 1	 -42.1244	  177.0189
13.751	 2.86	 2	 -42.3310	  173.8107
13.756	 2.57	 2	 -43.0101	  172.7465
13.759	 2.42	 1	 -42.4570	  173.1260
13.764	 2.31	 2	 -43.1669	  173.7457
13.769	 2.13	 2	 -42.8440	  172.8227
13.771	 2.25	 1	 -42.5245	  172.5692
13.774	 2.30	 1	 -40.0066	  168.1157
13.777	 2.32	 1	 -41.6957	  173.0093
13.782	 3.12	 1	 -41.9211	  174.0442
13.801	 3.45	 1	 -42.3168	  169.8952
13.801	 2.26	 1	 -42.6430	  172.9836
13.803	 2.30	 1	 -43.0018	  172.8737
13.805	 2.05	 1	 -43.5597	  174.0127
13.805	 2.16	 1	 -44.3096	  173.1699
13.816	 2.64	 1	 -44.3278	  171.0601
13.820	 2.55	 1	 -43.2658	  172.6908
13.823	 2.90	 1	 -42.9367	  172.8708
13.838	 3.24	 2	 -42.6848	  173.0646
13.843	 2.71	 1	 -41.9400	  173.3394
13.846	 2.69	 1	 -42.2797	  174.3090
13.848	 2.01	 1	 -42.1325	  172.9217
13.860	 2.12	 1	 -42.9622	  173.9411
13.885	 2.80	 1	 -42.9072	  173.8678
13.886	 2.19	 1	 -42.3912	  172.6956
13.888	 2.08	 1	 -42.0662	  173.9512
13.889	 2.01	 1	 -42.2936	  173.9512
13.894	 2.05	 1	 -41.6492	  174.2778
13.896	 2.81	 1	 -42.6544	  173.1929
13.898	 2.97	 1	 -42.3725	  173.7685
13.909	 2.08	 1	 -42.0375	  173.6327
13.918	 2.88	 1	 -43.7300	  171.6349
13.919	 2.05	 1	 -42.8505	  173.6128
13.928	 2.00	 1	 -41.5528	  174.6003
13.941	 2.24	 1	 -42.4612	  175.3163
13.949	 2.27	 2	 -43.7717	  171.6360
13.961	 2.29	 1	 -38.2340	  173.8161
13.961	 2.08	 2	 -42.6973	  171.8626
13.973	 2.22	 1	 -42.4897	  174.4503
13.983	 2.09	 1	 -42.9394	  172.5256
14.000	 2.17	 1	 -40.3575	  176.9215
