# Simulation 334
# RelativeTime(days) Magnitude Generation Latitude Longitude
Time Mag Gen Lat Lon
0.501	 2.27	 1	 -41.8498	  173.5993
0.502	 2.69	 1	 -43.2806	  171.6298
0.509	 2.54	 1	 -42.7617	  172.8156
0.521	 2.88	 1	 -42.9770	  174.1249
0.527	 2.31	 1	 -43.1413	  173.4629
0.528	 2.39	 1	 -42.6018	  173.4913
0.531	 3.03	 1	 -42.7690	  171.3683
0.532	 2.07	 1	 -42.6353	  173.1543
0.534	 2.05	 1	 -43.1730	  173.9341
0.540	 3.34	 1	 -42.8208	  173.1817
0.550	 3.58	 1	 -42.2580	  173.2100
0.553	 2.07	 1	 -42.4543	  173.1643
0.555	 2.04	 1	 -42.5435	  173.2764
0.556	 2.10	 1	 -45.5154	  176.6727
0.557	 3.25	 1	 -40.6270	  170.2935
0.569	 3.09	 1	 -42.3373	  172.9647
0.577	 3.01	 1	 -42.6686	  174.7514
0.578	 2.57	 1	 -42.6425	  173.1553
0.581	 2.83	 1	 -40.5067	  178.3685
0.582	 2.42	 1	 -42.5761	  172.3258
0.582	 2.24	 1	 -42.2155	  171.9845
0.583	 2.80	 1	 -42.5853	  173.4201
0.584	 2.11	 1	 -40.6977	  172.8651
0.587	 2.24	 1	 -42.1214	  172.4788
0.588	 2.44	 1	 -42.3499	  174.4261
0.589	 2.36	 1	 -42.3458	  172.3474
0.590	 2.27	 1	 -42.3418	  172.6774
0.592	 2.07	 1	 -42.8209	  171.7122
0.593	 2.40	 1	 -43.1828	  173.0362
0.600	 2.14	 1	 -42.8408	  172.8155
0.604	 2.12	 2	 -43.1299	  173.4439
0.606	 2.49	 1	 -42.6204	  173.8493
0.618	 4.13	 1	 -42.7602	  172.8081
0.620	 2.56	 1	 -42.5529	  174.9144
0.623	 2.10	 1	 -42.8284	  172.0264
0.625	 3.33	 1	 -42.2348	  173.2526
0.625	 2.05	 1	 -42.6175	  173.0370
0.626	 2.62	 1	 -42.5815	  173.3945
0.632	 2.44	 1	 -42.4901	  173.4464
0.637	 2.20	 1	 -42.1340	  173.7831
0.637	 2.01	 1	 -42.8883	  172.5204
0.638	 2.28	 1	 -42.8571	  172.9345
0.642	 2.59	 1	 -42.6720	  172.8758
0.645	 2.29	 1	 -42.7059	  173.1502
0.648	 2.03	 1	 -39.3516	  168.9275
0.650	 2.13	 1	 -42.4425	  172.9323
0.654	 2.59	 1	 -42.4253	  173.6049
0.667	 2.11	 1	 -42.9378	  173.4360
0.671	 2.71	 1	 -43.1228	  174.9891
0.679	 3.23	 1	 -43.4970	  169.0355
0.683	 2.22	 1	 -42.7915	  173.3316
0.688	 3.52	 1	 -42.4532	  172.5368
0.690	 3.26	 1	 -43.8661	  173.1988
0.694	 2.48	 1	 -43.8454	  173.3083
0.697	 2.44	 1	 -42.2096	  173.1199
0.698	 2.26	 1	 -41.7831	  171.3230
0.702	 2.36	 1	 -42.8727	  173.2929
0.712	 2.06	 1	 -43.2487	  173.5503
0.718	 2.45	 1	 -42.5950	  173.2134
0.726	 2.25	 1	 -42.0517	  174.0370
0.727	 2.37	 1	 -43.3714	  169.5783
0.728	 3.99	 1	 -42.7948	  172.9194
0.729	 2.08	 1	 -43.2718	  173.2623
0.730	 2.54	 1	 -42.2009	  173.3676
0.732	 2.07	 1	 -42.7137	  173.2392
0.734	 2.47	 1	 -43.1574	  173.4294
0.739	 2.86	 1	 -42.8435	  173.3401
0.750	 2.19	 1	 -42.8483	  172.8591
0.751	 3.09	 1	 -42.7908	  174.3599
0.760	 3.31	 1	 -43.0559	  172.2119
0.762	 2.36	 1	 -42.6370	  173.0173
0.763	 3.95	 1	 -43.3537	  172.5795
0.763	 2.88	 1	 -42.5142	  174.1121
0.768	 2.03	 1	 -43.4441	  173.2332
0.771	 2.57	 2	 -43.3503	  172.5655
0.774	 2.65	 1	 -42.3734	  172.6871
0.778	 2.03	 1	 -42.2631	  172.9258
0.785	 2.28	 1	 -46.3785	  171.5194
0.785	 2.19	 1	 -42.2374	  173.2152
0.786	 2.06	 1	 -42.7560	  172.0744
0.789	 2.15	 1	 -43.1005	  172.9048
0.789	 2.15	 1	 -42.6587	  173.1280
0.797	 3.99	 1	 -42.4517	  171.4804
0.797	 2.17	 1	 -41.7833	  173.5198
0.799	 2.30	 1	 -43.2843	  172.7511
0.809	 2.43	 1	 -43.1156	  173.0259
0.818	 2.00	 1	 -42.7827	  173.1176
0.819	 2.05	 1	 -42.5111	  173.3979
0.823	 2.47	 1	 -42.9048	  174.1692
0.835	 2.50	 1	 -41.9229	  173.1859
0.837	 2.09	 1	 -43.3891	  172.9221
0.840	 2.14	 1	 -42.3099	  172.7208
0.842	 2.14	 1	 -42.1121	  172.8199
0.859	 2.58	 1	 -42.9570	  172.0547
0.860	 2.26	 1	 -42.7463	  172.6550
0.867	 2.01	 1	 -42.9945	  174.1085
0.871	 2.91	 1	 -42.6751	  173.3010
0.873	 2.04	 1	 -42.4091	  172.4464
0.876	 2.42	 1	 -41.8134	  174.7075
0.878	 2.32	 1	 -41.1589	  173.1650
0.888	 2.60	 1	 -42.7857	  173.2837
0.889	 2.41	 1	 -43.0459	  172.8719
0.890	 2.94	 1	 -46.6255	  170.0566
0.895	 3.30	 2	 -42.8708	  172.7717
0.907	 2.00	 1	 -43.7592	  171.1075
0.910	 2.35	 2	 -42.8712	  173.2770
0.920	 2.27	 1	 -42.6212	  173.4928
0.930	 2.35	 1	 -42.0218	  171.7013
0.937	 2.43	 1	 -43.1754	  173.5414
0.939	 2.51	 1	 -42.9678	  174.3628
0.939	 2.66	 2	 -42.7919	  173.3281
0.939	 2.03	 1	 -41.7409	  171.4048
0.941	 2.04	 2	 -43.3170	  172.1314
0.943	 2.09	 1	 -45.2924	  172.4338
0.945	 2.53	 1	 -41.6187	  170.2022
0.950	 2.06	 1	 -42.4888	  172.8066
0.955	 2.00	 1	 -42.5804	  173.4732
0.957	 2.10	 1	 -42.1603	  172.3772
0.965	 3.09	 1	 -42.9771	  175.3867
0.966	 2.38	 1	 -43.0069	  172.9667
0.968	 2.63	 1	 -43.1291	  173.3339
0.972	 2.73	 1	 -42.5808	  173.0646
0.977	 2.80	 1	 -43.2716	  173.6347
0.982	 2.09	 1	 -42.9696	  172.8068
0.987	 2.88	 1	 -42.2676	  172.7520
0.988	 2.77	 1	 -43.0995	  173.6516
1.001	 2.06	 1	 -41.3850	  171.9859
1.011	 2.78	 1	 -42.7388	  172.8919
1.015	 2.04	 1	 -43.7388	  171.7334
1.016	 2.26	 1	 -42.3035	  173.7147
1.017	 2.15	 2	 -43.4788	  172.3700
1.025	 2.05	 1	 -42.2441	  172.6054
1.031	 2.14	 1	 -42.6934	  172.4804
1.040	 2.12	 1	 -42.7672	  172.7323
1.042	 2.10	 1	 -43.2959	  172.6400
1.043	 2.33	 1	 -41.0379	  173.0490
1.044	 2.04	 1	 -42.7528	  172.9532
1.046	 2.05	 1	 -38.1970	  173.1543
1.066	 2.01	 2	 -42.7578	  172.9491
1.084	 2.40	 1	 -41.6731	  169.7297
1.099	 2.25	 1	 -42.5795	  172.8210
1.104	 2.52	 2	 -41.6814	  169.8019
1.104	 2.05	 1	 -42.5870	  172.9659
1.111	 2.13	 1	 -42.7996	  172.7991
1.115	 2.04	 1	 -43.5180	  173.2549
1.119	 2.25	 1	 -43.3854	  166.9774
1.125	 2.54	 1	 -41.6488	  172.1475
1.132	 3.02	 2	 -42.4458	  171.4901
1.134	 2.46	 1	 -43.2961	  171.3304
1.145	 3.11	 1	 -42.7885	  172.8987
1.146	 2.66	 1	 -41.4102	  172.2710
1.148	 3.26	 1	 -42.7538	  172.9447
1.154	 2.04	 1	 -42.6602	  173.0053
1.162	 2.13	 1	 -40.8797	  167.4235
1.163	 2.53	 1	 -42.6685	  173.6441
1.169	 2.06	 1	 -43.0492	  172.1953
1.171	 2.37	 1	 -46.6992	  171.1241
1.179	 2.25	 1	 -42.8290	  173.1075
1.182	 2.29	 1	 -43.0981	  172.7144
1.184	 2.01	 1	 -44.2406	  174.1495
1.214	 2.04	 1	 -40.5188	  176.0835
1.215	 3.01	 1	 -44.1340	  175.1778
1.219	 2.39	 1	 -46.1087	  169.2271
1.230	 2.45	 1	 -42.5293	  172.2751
1.231	 2.60	 1	 -41.3016	  170.7206
1.237	 2.01	 1	 -42.3649	  172.8795
1.238	 2.16	 1	 -41.1585	  172.5480
1.241	 2.02	 1	 -42.5496	  173.1040
1.245	 2.47	 1	 -43.9825	  172.6379
1.251	 2.70	 1	 -42.7392	  172.7556
1.251	 2.73	 1	 -45.0092	  171.3412
1.257	 2.30	 1	 -43.3215	  170.6890
1.263	 2.11	 1	 -46.8786	  170.7879
1.268	 3.63	 1	 -44.4509	  178.6528
1.270	 2.55	 1	 -42.5602	  172.7500
1.275	 2.32	 1	 -43.3099	  170.8515
1.277	 2.06	 1	 -43.3787	  172.1416
1.295	 2.31	 1	 -42.1896	  171.9823
1.298	 2.02	 1	 -42.7620	  172.9390
1.298	 2.80	 1	 -42.4705	  172.0634
1.302	 2.25	 2	 -42.7607	  172.8265
1.302	 2.22	 1	 -42.3843	  172.9331
1.306	 2.87	 1	 -42.9392	  173.5436
1.308	 2.13	 2	 -40.5055	  178.3644
1.319	 2.43	 1	 -43.1014	  172.5705
1.325	 2.57	 1	 -42.3822	  172.6716
1.348	 3.16	 1	 -42.8781	  172.5872
1.353	 2.46	 1	 -42.7583	  173.2131
1.367	 3.22	 1	 -42.3811	  172.9707
1.376	 2.17	 1	 -42.5214	  173.1559
1.379	 2.19	 1	 -43.1993	  172.6273
1.387	 2.25	 1	 -42.7114	  173.0969
1.403	 4.26	 1	 -42.7271	  173.1936
1.406	 2.35	 2	 -42.7305	  173.1858
1.407	 2.58	 1	 -41.7293	  172.8429
1.407	 2.07	 1	 -42.7424	  173.2204
1.408	 2.07	 1	 -42.5258	  173.7547
1.413	 3.07	 1	 -42.6729	  172.7964
1.422	 2.36	 1	 -43.4977	  173.2332
1.424	 2.28	 1	 -43.3811	  173.1369
1.432	 2.01	 1	 -42.5453	  172.8448
1.439	 2.04	 1	 -42.7531	  172.7353
1.447	 2.37	 2	 -43.3092	  171.5503
1.449	 2.70	 1	 -45.9266	  177.2727
1.463	 2.20	 2	 -42.7251	  173.2094
1.464	 2.64	 1	 -43.2528	  173.0524
1.474	 2.38	 1	 -42.7919	  172.9731
1.475	 2.17	 1	 -46.9672	  172.1221
1.485	 2.74	 1	 -41.0306	  171.1919
1.489	 2.35	 1	 -42.6710	  172.5226
1.489	 2.16	 1	 -42.9388	  166.9135
1.489	 2.02	 1	 -41.4828	  172.9570
1.498	 2.49	 1	 -42.2552	  172.4590
1.499	 2.59	 1	 -39.5402	  170.9584
1.501	 2.21	 1	 -42.9865	  172.9424
1.503	 2.98	 1	 -43.7514	  173.8413
1.508	 3.19	 1	 -42.0811	  173.0715
1.514	 2.03	 1	 -43.1032	  172.6607
1.523	 2.45	 1	 -42.9114	  173.4068
1.532	 2.15	 1	 -42.7843	  173.7621
1.540	 3.22	 1	 -42.5213	  171.0966
1.553	 3.04	 1	 -42.9294	  173.4064
1.553	 3.89	 1	 -42.5503	  173.2691
1.561	 2.10	 1	 -42.6388	  172.7923
1.562	 2.77	 1	 -42.7644	  172.8131
1.563	 2.02	 1	 -42.6781	  172.7647
1.584	 2.49	 2	 -42.5476	  173.2746
1.591	 2.70	 1	 -40.3111	  178.2116
1.597	 2.20	 1	 -43.3043	  174.6613
1.609	 2.02	 1	 -42.1367	  173.2823
1.629	 2.61	 1	 -42.6419	  170.8595
1.633	 2.91	 1	 -42.9106	  172.8377
1.643	 2.53	 1	 -42.3990	  173.7007
1.658	 3.70	 1	 -41.9107	  172.5167
1.667	 2.46	 1	 -42.5061	  172.9087
1.667	 2.10	 1	 -42.9394	  173.0998
1.668	 2.02	 1	 -38.3893	  174.7969
1.676	 2.49	 1	 -42.8678	  172.7206
1.677	 2.08	 1	 -43.7319	  177.4880
1.680	 3.20	 1	 -42.0375	  172.5453
1.680	 2.06	 1	 -42.8101	  172.9778
1.689	 2.83	 1	 -42.6474	  173.0937
1.692	 2.07	 1	 -42.6550	  173.3096
1.694	 2.11	 1	 -44.6545	  172.7992
1.695	 3.09	 1	 -43.2113	  172.9873
1.712	 2.13	 1	 -42.4783	  173.3607
1.713	 2.31	 1	 -42.3402	  173.1419
1.722	 2.16	 1	 -42.8118	  173.4844
1.728	 2.04	 1	 -42.5499	  174.0070
1.729	 2.04	 1	 -42.7100	  172.7867
1.735	 2.07	 1	 -42.4932	  173.4892
1.738	 2.51	 1	 -42.7782	  173.1380
1.746	 2.48	 1	 -42.5752	  172.7836
1.747	 2.32	 2	 -42.7342	  173.1709
1.748	 2.21	 1	 -43.0018	  172.5990
1.754	 2.68	 2	 -42.8114	  173.4813
1.777	 2.02	 1	 -42.7587	  172.6795
1.788	 2.02	 1	 -42.4387	  172.8832
1.790	 2.06	 1	 -42.9002	  172.6578
1.795	 2.01	 1	 -43.2614	  172.7507
1.796	 2.67	 2	 -42.9591	  171.9154
1.799	 3.24	 1	 -42.5878	  172.7140
1.802	 2.71	 1	 -42.7748	  173.2216
1.804	 2.31	 1	 -42.9587	  172.2951
1.804	 2.40	 1	 -43.7072	  172.4471
1.804	 2.23	 1	 -43.6329	  170.4843
1.806	 2.13	 1	 -47.1888	  173.0930
1.811	 2.43	 1	 -42.9797	  173.6400
1.813	 2.09	 1	 -42.8194	  173.4734
1.817	 2.25	 2	 -42.8174	  172.8071
1.825	 2.85	 1	 -41.9263	  173.0465
1.830	 2.34	 1	 -41.7923	  172.5339
1.835	 2.17	 1	 -41.9788	  172.9147
1.838	 2.05	 1	 -42.4789	  172.7903
1.842	 2.03	 2	 -42.7293	  173.1897
1.845	 2.53	 1	 -43.2628	  177.2171
1.849	 2.41	 1	 -42.9272	  173.0402
1.865	 2.41	 1	 -38.2306	  173.7803
1.867	 2.67	 1	 -42.5469	  172.9568
1.868	 2.09	 1	 -42.6143	  172.9285
1.872	 2.57	 1	 -42.8293	  173.2535
1.887	 2.49	 1	 -42.6592	  173.2332
1.906	 2.18	 1	 -40.6370	  175.3984
1.906	 2.09	 1	 -42.9727	  173.5904
1.927	 2.73	 1	 -43.5330	  173.6676
1.932	 2.47	 1	 -38.7542	  175.9745
1.962	 2.08	 1	 -42.9109	  173.5914
1.972	 2.19	 1	 -42.5945	  173.1163
2.024	 3.00	 1	 -42.7051	  170.3737
2.024	 2.22	 1	 -42.8283	  172.7848
2.036	 2.56	 1	 -43.3217	  170.2337
2.049	 2.17	 2	 -42.5868	  172.9664
2.056	 2.85	 1	 -42.6513	  170.6868
2.077	 4.01	 1	 -42.2282	  173.6600
2.080	 2.16	 1	 -43.9235	  171.9878
2.082	 2.35	 1	 -42.9379	  172.6796
2.093	 2.66	 1	 -42.7440	  172.9344
2.104	 3.64	 1	 -42.5467	  172.8441
2.107	 2.29	 2	 -42.7870	  172.9019
2.111	 2.05	 1	 -42.6782	  172.6813
2.114	 2.12	 1	 -45.0298	  167.7957
2.116	 2.36	 1	 -41.9681	  174.1839
2.119	 2.66	 2	 -42.9195	  173.3782
2.133	 3.09	 1	 -42.5657	  172.9295
2.135	 2.85	 1	 -42.7734	  173.0690
2.139	 2.05	 1	 -42.4916	  172.5930
2.164	 2.08	 2	 -42.6816	  173.2905
2.171	 2.06	 1	 -42.5678	  172.4182
2.172	 2.39	 1	 -43.9270	  171.3207
2.175	 2.22	 1	 -42.5440	  173.1181
2.194	 2.27	 2	 -42.7173	  173.2247
2.207	 2.45	 1	 -42.9081	  172.9157
2.209	 2.67	 1	 -42.6612	  173.1302
2.250	 2.03	 1	 -42.1153	  172.9674
2.251	 2.03	 1	 -42.1445	  172.3988
2.260	 2.82	 2	 -42.2252	  173.6564
2.273	 2.05	 1	 -42.4518	  172.0360
2.283	 2.36	 1	 -42.4747	  173.0650
2.290	 2.64	 1	 -42.8079	  173.2910
2.294	 2.81	 1	 -42.4258	  173.1456
2.307	 2.58	 1	 -42.8786	  173.3428
2.315	 2.04	 1	 -42.6897	  173.0562
2.316	 2.26	 1	 -42.9509	  172.9585
2.326	 2.98	 1	 -42.4240	  171.8171
2.336	 2.49	 1	 -44.1342	  172.5028
2.338	 2.70	 1	 -43.3581	  173.4455
2.366	 2.21	 1	 -42.4237	  172.8788
2.399	 2.15	 1	 -42.5769	  172.8917
2.402	 2.01	 1	 -42.8184	  171.8936
2.430	 2.62	 1	 -43.0215	  172.8611
2.457	 2.20	 1	 -41.7269	  172.5132
2.480	 2.50	 1	 -41.9730	  166.9832
2.481	 2.16	 1	 -44.4529	  172.4814
2.486	 3.24	 1	 -42.8252	  172.0695
2.491	 2.80	 1	 -45.8128	  173.0300
2.501	 2.23	 1	 -38.1971	  173.1635
2.507	 3.61	 1	 -42.9145	  172.9171
2.522	 2.31	 1	 -42.6614	  172.9709
2.562	 2.71	 1	 -43.2010	  171.1139
2.564	 2.11	 2	 -40.5148	  176.0888
2.596	 2.07	 1	 -43.5192	  172.5765
2.599	 2.68	 1	 -42.5229	  173.3141
2.602	 2.56	 1	 -42.2868	  172.9019
2.615	 2.04	 1	 -43.3212	  172.8631
2.632	 2.22	 2	 -42.7371	  173.1926
2.640	 2.62	 1	 -42.7473	  173.5821
2.640	 2.19	 1	 -42.6618	  173.1985
2.642	 2.65	 1	 -42.6364	  172.9839
2.643	 2.07	 1	 -42.3748	  175.1735
2.645	 2.07	 1	 -43.3595	  172.5827
2.651	 2.31	 1	 -42.4416	  173.0547
2.656	 2.80	 1	 -43.2584	  172.7207
2.668	 3.28	 1	 -42.3507	  173.0901
2.669	 2.16	 1	 -42.3848	  172.9842
2.693	 2.02	 1	 -43.1501	  173.3438
2.694	 2.16	 1	 -42.9737	  173.0432
2.697	 2.09	 1	 -43.4755	  169.4083
2.706	 2.64	 1	 -43.0313	  172.7571
2.712	 2.08	 1	 -42.4972	  172.9739
2.716	 2.12	 1	 -44.2603	  171.9745
2.725	 2.15	 1	 -42.6001	  173.1552
2.732	 2.09	 2	 -42.3764	  172.6885
2.738	 2.32	 1	 -42.3404	  172.5359
2.745	 2.62	 1	 -44.1855	  173.1085
2.745	 2.02	 1	 -40.4565	  167.7143
2.765	 2.67	 1	 -43.1389	  173.6825
2.768	 2.49	 1	 -47.0673	  174.4368
2.771	 2.00	 1	 -42.7925	  172.8232
2.778	 2.23	 2	 -42.1656	  173.6846
2.782	 2.72	 1	 -41.5508	  174.5532
2.794	 2.17	 1	 -45.6825	  177.5916
2.801	 2.03	 1	 -42.9523	  173.1183
2.808	 2.00	 1	 -42.7719	  171.4561
2.818	 2.14	 1	 -41.5520	  173.6732
2.835	 2.08	 2	 -44.6384	  172.6319
2.848	 2.34	 1	 -42.7035	  172.9096
2.867	 2.04	 1	 -43.9376	  174.0336
2.890	 2.17	 1	 -42.7442	  173.1961
2.893	 2.35	 1	 -42.6720	  173.2776
2.905	 2.06	 1	 -42.4188	  172.7874
2.914	 2.16	 1	 -42.5807	  173.0549
2.916	 3.69	 1	 -45.1834	  173.1319
2.923	 2.31	 1	 -43.2656	  173.6040
2.953	 2.57	 2	 -42.7386	  172.7528
2.960	 2.38	 2	 -42.4256	  172.7840
2.965	 2.92	 1	 -42.5294	  172.8018
2.966	 2.75	 1	 -43.2003	  173.1386
2.979	 2.18	 1	 -42.2897	  172.8299
3.013	 2.05	 1	 -42.7388	  173.3822
3.038	 2.38	 1	 -42.7589	  172.9714
3.050	 2.97	 1	 -43.4637	  173.8449
3.081	 2.17	 1	 -42.5414	  175.6258
3.087	 2.15	 1	 -42.1757	  172.7059
3.091	 2.11	 1	 -42.6126	  172.7315
3.092	 3.07	 1	 -42.6068	  172.5067
3.107	 2.23	 1	 -42.6536	  173.0582
3.123	 2.37	 2	 -42.4338	  171.4784
3.126	 2.13	 1	 -42.4420	  166.9138
3.139	 2.24	 2	 -43.4673	  173.8516
3.140	 2.39	 1	 -42.7598	  173.1025
3.140	 2.97	 2	 -41.9066	  172.5128
3.149	 2.69	 1	 -42.0298	  171.7787
3.179	 2.11	 1	 -42.8634	  172.9219
3.182	 2.26	 2	 -42.7643	  172.8097
3.195	 2.59	 1	 -42.8610	  172.9213
3.218	 2.19	 1	 -38.2500	  172.0763
3.226	 2.07	 1	 -42.5823	  172.8452
3.238	 2.06	 2	 -42.9219	  172.9029
3.263	 2.04	 1	 -42.7239	  172.7554
3.272	 3.29	 1	 -42.7420	  173.7790
3.281	 3.24	 2	 -43.4832	  173.6956
3.284	 2.05	 1	 -42.5078	  173.3009
3.307	 2.08	 1	 -44.6356	  171.6136
3.312	 2.33	 2	 -42.4502	  171.4743
3.320	 2.11	 1	 -42.7655	  173.2464
3.320	 2.23	 1	 -42.8893	  173.0200
3.328	 2.19	 1	 -44.1534	  167.2362
3.337	 3.28	 1	 -42.4754	  172.1936
3.372	 2.60	 1	 -43.5936	  173.1885
3.382	 2.01	 1	 -43.3672	  173.6324
3.388	 2.42	 1	 -42.6071	  173.3636
3.391	 2.55	 1	 -45.5205	  175.2707
3.413	 2.74	 1	 -42.4703	  173.3306
3.434	 2.13	 1	 -42.1202	  173.5149
3.436	 2.18	 1	 -42.7712	  172.9500
3.460	 2.30	 1	 -43.5645	  172.4580
3.464	 3.22	 1	 -45.8809	  168.8243
3.480	 3.14	 1	 -42.3464	  172.6017
3.503	 2.08	 1	 -42.8565	  172.6048
3.503	 2.11	 2	 -42.7843	  173.2849
3.509	 2.32	 1	 -42.8941	  173.2446
3.545	 2.82	 1	 -40.9891	  178.6840
3.552	 2.08	 1	 -43.2156	  171.8079
3.555	 2.58	 2	 -43.0692	  170.4229
3.556	 2.87	 1	 -42.6897	  173.4123
3.572	 2.36	 1	 -42.6801	  172.7732
3.602	 2.10	 1	 -42.3856	  166.9186
3.612	 2.71	 2	 -40.6275	  175.4160
3.614	 2.79	 1	 -42.1013	  173.0851
3.630	 2.03	 1	 -42.2765	  173.9365
3.632	 2.07	 1	 -44.7093	  174.6823
3.644	 3.61	 1	 -42.8341	  173.0299
3.647	 2.25	 1	 -42.5538	  173.4932
3.658	 3.18	 1	 -44.8939	  172.1957
3.661	 2.04	 1	 -41.8191	  173.2767
3.675	 2.08	 1	 -42.7522	  172.7698
3.706	 3.03	 1	 -42.0586	  173.1807
3.740	 2.49	 1	 -42.4207	  172.5024
3.770	 2.09	 1	 -40.6215	  178.4524
3.772	 2.36	 1	 -42.3344	  172.6629
3.778	 2.47	 1	 -40.1093	  175.7790
3.781	 2.24	 1	 -43.1010	  173.8195
3.783	 2.11	 1	 -42.8612	  173.1976
3.812	 2.08	 2	 -45.8806	  168.8260
3.881	 2.17	 1	 -42.6498	  173.8783
3.883	 2.32	 1	 -43.0821	  172.8699
3.893	 2.49	 1	 -42.5831	  172.7857
3.893	 2.46	 1	 -42.7168	  173.2808
3.936	 2.16	 1	 -42.7214	  172.9529
3.940	 2.25	 1	 -41.7317	  172.8412
3.945	 2.23	 1	 -42.1994	  172.7192
3.966	 2.32	 1	 -42.7134	  172.0522
3.975	 2.32	 1	 -42.9112	  173.2920
3.979	 2.77	 2	 -42.5363	  173.2891
4.008	 2.26	 1	 -42.7524	  172.8059
4.047	 3.00	 1	 -42.9680	  172.8071
4.054	 2.25	 1	 -42.7176	  173.1561
4.061	 2.74	 1	 -43.6388	  172.6783
4.071	 2.10	 1	 -44.8181	  178.4133
4.074	 2.10	 1	 -41.6249	  173.0288
4.081	 2.62	 1	 -42.6988	  172.9298
4.086	 2.98	 1	 -41.3582	  173.7377
4.093	 2.09	 2	 -42.2011	  172.7197
4.108	 3.02	 1	 -41.9567	  172.8631
4.117	 2.11	 1	 -42.6391	  173.2151
4.117	 2.61	 1	 -42.3103	  172.7322
4.125	 2.12	 1	 -42.7487	  172.4279
4.127	 2.56	 2	 -42.8688	  172.7214
4.156	 2.11	 1	 -42.7647	  172.3097
4.168	 2.14	 1	 -43.9730	  173.7768
4.189	 3.20	 1	 -44.0794	  176.4679
4.207	 3.00	 1	 -43.4475	  170.5501
4.218	 2.01	 1	 -43.0872	  172.9462
4.240	 2.11	 1	 -42.3502	  173.1635
4.261	 2.21	 1	 -42.4257	  174.3595
4.280	 2.00	 1	 -42.5686	  172.9707
4.285	 2.02	 1	 -42.5395	  172.8335
4.285	 2.06	 1	 -42.7109	  175.2478
4.289	 2.69	 1	 -42.6844	  172.9854
4.298	 2.76	 1	 -45.9435	  171.4317
4.324	 2.05	 1	 -42.6603	  172.7567
4.351	 2.01	 1	 -43.2804	  175.5762
4.427	 2.25	 1	 -41.6644	  172.8087
4.446	 2.29	 1	 -43.0103	  173.9037
4.460	 2.08	 1	 -42.8127	  173.7416
4.512	 2.15	 1	 -42.3649	  172.8210
4.523	 3.58	 1	 -43.1379	  173.0409
4.554	 2.77	 1	 -42.4827	  173.3972
4.571	 2.25	 1	 -42.4721	  171.7995
4.582	 2.40	 1	 -42.2271	  173.0400
4.606	 2.16	 1	 -43.2131	  172.7962
4.613	 2.25	 1	 -42.7262	  173.7002
4.616	 2.19	 2	 -44.0660	  176.4716
4.633	 2.64	 1	 -42.3246	  172.8706
4.641	 2.09	 1	 -41.3664	  174.1261
4.650	 2.08	 1	 -42.5447	  176.3538
4.667	 2.10	 1	 -41.8702	  172.7322
4.684	 2.07	 3	 -41.9042	  172.5113
4.693	 2.34	 1	 -41.7287	  171.2230
4.706	 2.92	 1	 -42.3571	  173.0915
4.747	 2.33	 1	 -43.1408	  172.2325
4.763	 2.65	 1	 -42.7104	  172.9555
4.774	 2.32	 1	 -40.8920	  173.3219
4.783	 2.27	 1	 -43.1341	  172.6114
4.836	 2.14	 1	 -44.3960	  178.6840
4.854	 2.21	 1	 -42.5794	  174.4051
4.889	 2.25	 1	 -42.1159	  171.7719
4.901	 2.33	 1	 -43.0316	  173.2802
4.914	 2.03	 1	 -42.5082	  173.1499
4.920	 2.41	 1	 -43.7241	  172.0657
4.944	 2.08	 1	 -41.4175	  172.9259
4.986	 2.08	 1	 -42.6862	  173.1438
5.001	 2.43	 1	 -42.5871	  173.0898
5.017	 2.10	 1	 -42.8643	  173.0012
5.019	 2.34	 1	 -41.1215	  174.5700
5.020	 2.39	 1	 -42.7299	  173.0871
5.046	 2.52	 1	 -42.9673	  172.7622
5.063	 2.31	 1	 -43.0143	  173.5029
5.083	 2.08	 2	 -42.7399	  173.7789
5.085	 3.60	 1	 -43.0328	  172.5084
5.118	 2.42	 2	 -43.0363	  172.4478
5.255	 2.35	 1	 -42.5326	  173.3494
5.272	 2.55	 1	 -44.1494	  172.6676
5.311	 2.19	 1	 -42.4729	  173.0680
5.340	 2.04	 1	 -43.2706	  173.5300
5.350	 2.04	 1	 -42.8082	  172.7712
5.397	 3.37	 1	 -41.4058	  170.9096
5.399	 2.47	 1	 -42.5070	  173.1307
5.415	 2.06	 1	 -42.8026	  172.6735
5.422	 2.80	 1	 -42.7091	  172.8558
5.424	 2.25	 1	 -42.7145	  173.0572
5.429	 3.08	 2	 -42.2248	  173.6599
5.472	 2.40	 1	 -42.5264	  173.3773
5.477	 2.56	 1	 -42.2741	  173.1474
5.479	 2.56	 1	 -42.6747	  172.9747
5.485	 2.42	 1	 -42.9041	  173.3978
5.495	 2.99	 2	 -41.4187	  170.8943
5.502	 2.50	 1	 -41.9438	  166.9897
5.540	 2.02	 2	 -40.6397	  173.7006
5.554	 2.53	 1	 -42.5760	  172.4340
5.561	 2.34	 1	 -42.5249	  173.4180
5.568	 2.50	 2	 -42.0509	  172.9077
5.569	 2.43	 1	 -42.8489	  172.9985
5.580	 2.05	 1	 -42.2243	  173.1788
5.598	 2.01	 1	 -41.9445	  171.0622
5.598	 2.34	 1	 -42.3494	  172.2038
5.601	 2.03	 1	 -47.1043	  171.8391
5.640	 2.34	 1	 -41.9539	  169.8156
5.643	 2.28	 1	 -42.7242	  173.2203
5.671	 2.13	 1	 -42.2126	  173.9629
5.720	 2.07	 1	 -43.4879	  170.6092
5.746	 2.87	 1	 -42.7751	  172.9570
5.748	 2.09	 1	 -42.7931	  179.1384
5.763	 2.06	 1	 -42.3373	  172.3306
5.766	 2.29	 1	 -42.6873	  173.2906
5.772	 2.29	 1	 -40.5898	  174.7959
5.812	 2.77	 1	 -43.9793	  171.5277
5.829	 2.30	 1	 -38.9254	  169.6817
5.834	 2.34	 1	 -46.9059	  170.8851
5.851	 2.61	 1	 -42.9818	  173.2771
5.857	 2.66	 1	 -42.7460	  173.0131
5.941	 2.04	 2	 -42.2241	  173.6510
5.946	 2.10	 2	 -46.3986	  171.5088
5.957	 2.66	 2	 -40.5937	  174.7305
5.959	 2.07	 1	 -43.1171	  170.4683
5.964	 2.26	 1	 -42.3625	  173.9918
5.970	 2.37	 1	 -43.4032	  172.8799
5.999	 3.00	 1	 -42.1986	  172.2453
6.054	 2.39	 1	 -40.0199	  173.4333
6.066	 2.53	 2	 -42.3590	  173.0967
6.083	 2.74	 1	 -40.7581	  178.5449
6.111	 2.14	 3	 -40.6384	  173.7103
6.174	 2.22	 1	 -42.4764	  173.1746
6.176	 2.50	 1	 -42.6421	  173.0168
6.191	 2.21	 1	 -42.7752	  173.4250
6.219	 2.93	 1	 -42.8380	  172.7191
6.250	 2.49	 1	 -42.6577	  173.1875
6.259	 2.02	 1	 -42.7320	  172.9932
6.277	 2.55	 1	 -43.0124	  172.3082
6.287	 2.42	 2	 -41.9682	  174.1858
6.302	 2.21	 1	 -44.4249	  173.7712
6.303	 2.41	 1	 -42.5438	  173.2016
6.307	 3.01	 1	 -42.8474	  173.3249
6.315	 2.74	 1	 -42.7933	  173.3646
6.317	 2.40	 1	 -43.0044	  173.1522
6.375	 2.09	 2	 -42.8619	  173.2894
6.377	 2.28	 2	 -43.0878	  172.1705
6.432	 2.68	 1	 -42.9378	  172.6520
6.478	 2.33	 1	 -41.2490	  171.6325
6.515	 2.08	 1	 -42.2605	  172.9070
6.538	 3.13	 1	 -42.5647	  173.1241
6.539	 2.15	 1	 -41.9614	  173.3622
6.576	 2.58	 1	 -43.2344	  173.6165
6.661	 2.82	 1	 -42.8760	  172.8327
6.662	 2.09	 1	 -42.7685	  175.2657
6.665	 3.70	 1	 -40.7392	  170.5291
6.665	 2.15	 1	 -42.9773	  173.2721
6.668	 2.55	 2	 -40.7345	  170.5351
6.682	 2.41	 1	 -43.2570	  173.4297
6.705	 2.29	 1	 -42.4072	  172.9624
6.743	 2.60	 1	 -46.9450	  171.0338
6.766	 2.39	 1	 -40.9394	  172.6329
6.817	 2.28	 1	 -42.4401	  173.4417
6.837	 2.01	 1	 -41.9564	  172.7117
6.842	 2.96	 1	 -43.1130	  170.7170
6.844	 3.16	 2	 -43.2140	  172.7982
6.863	 2.08	 1	 -42.5081	  172.7389
6.878	 2.37	 1	 -42.7885	  173.1776
6.889	 2.08	 1	 -43.1267	  173.7555
6.890	 2.41	 1	 -42.4705	  172.8626
6.891	 2.30	 1	 -42.5118	  173.0013
6.927	 2.17	 2	 -42.5767	  173.2066
6.952	 2.46	 1	 -42.4200	  174.1237
6.971	 2.17	 1	 -42.8983	  172.2061
7.012	 3.77	 2	 -42.7857	  173.1787
7.013	 2.43	 1	 -41.9648	  176.5735
7.095	 2.05	 1	 -42.2807	  172.7061
7.108	 2.29	 1	 -42.5868	  172.9970
7.136	 2.10	 1	 -42.3668	  173.5699
7.161	 3.04	 1	 -42.6761	  172.9062
7.170	 2.10	 2	 -40.9408	  172.6352
7.187	 2.57	 1	 -42.6538	  175.6074
7.188	 3.34	 1	 -42.4328	  173.2930
7.242	 2.16	 1	 -42.4762	  173.0377
7.281	 2.83	 1	 -42.6851	  173.0995
7.283	 2.57	 2	 -42.8680	  172.6943
7.287	 2.78	 1	 -42.2679	  173.8430
7.306	 2.13	 1	 -43.0569	  173.7706
7.327	 2.01	 1	 -42.8014	  173.5885
7.336	 2.26	 2	 -42.9668	  174.3640
7.339	 2.02	 1	 -41.8232	  172.7329
7.340	 2.16	 1	 -42.4750	  173.4774
7.345	 2.41	 1	 -42.7002	  173.9047
7.397	 2.04	 1	 -42.9503	  172.7305
7.574	 2.16	 1	 -38.7329	  170.1230
7.577	 2.03	 1	 -42.7488	  173.3192
7.659	 2.04	 1	 -43.7734	  178.9606
7.671	 2.04	 1	 -42.7487	  172.7900
7.685	 2.02	 1	 -43.2297	  172.4009
7.705	 2.07	 1	 -43.0167	  172.8536
7.711	 2.67	 1	 -42.8601	  172.7986
7.722	 2.79	 1	 -42.6396	  173.2077
7.725	 2.07	 1	 -43.1233	  171.8890
7.763	 2.01	 1	 -41.6434	  173.3427
7.810	 2.05	 1	 -43.0130	  172.4253
7.813	 2.04	 1	 -41.4745	  167.1331
7.824	 2.70	 1	 -43.1269	  173.6835
7.839	 2.30	 1	 -42.7099	  173.4147
7.855	 2.00	 1	 -42.6305	  173.2550
7.868	 2.10	 1	 -43.8368	  171.9040
7.897	 2.22	 1	 -42.9415	  173.2784
7.949	 2.09	 1	 -43.0405	  172.8615
7.957	 2.02	 1	 -42.5058	  174.4528
8.117	 2.09	 1	 -43.7599	  173.2201
8.172	 2.52	 1	 -43.8721	  173.1809
8.194	 2.59	 1	 -39.4683	  173.1597
8.229	 2.39	 1	 -43.4306	  172.0638
8.295	 2.41	 1	 -40.6857	  175.1794
8.297	 2.72	 1	 -42.4732	  173.0809
8.300	 2.18	 1	 -43.2848	  173.2117
8.311	 2.16	 1	 -43.5692	  173.3774
8.376	 2.57	 1	 -42.8756	  172.4126
8.387	 2.15	 2	 -42.8807	  172.4275
8.412	 2.74	 1	 -44.0446	  170.9139
8.485	 2.02	 1	 -42.7189	  172.9985
8.495	 2.49	 1	 -43.8988	  171.1874
8.518	 2.56	 1	 -43.5413	  172.5960
8.554	 2.70	 1	 -42.9019	  173.2936
8.636	 2.57	 1	 -42.6323	  172.6764
8.645	 2.41	 1	 -42.3521	  173.5572
8.645	 2.09	 2	 -42.6304	  172.6736
8.698	 2.06	 1	 -42.8337	  173.0924
8.744	 2.12	 1	 -42.2060	  171.9787
8.769	 2.07	 1	 -42.8258	  172.8169
8.771	 2.54	 1	 -42.5371	  173.0811
8.794	 2.11	 1	 -42.6848	  172.9605
8.837	 2.24	 1	 -42.4217	  172.9687
8.842	 2.24	 1	 -42.7188	  173.5976
8.857	 3.34	 1	 -42.6794	  172.5444
8.914	 2.88	 1	 -42.6311	  172.5843
8.953	 2.72	 1	 -43.4339	  174.3150
8.961	 2.31	 1	 -42.5366	  172.8403
8.969	 2.30	 1	 -42.3558	  173.2648
8.993	 2.63	 2	 -42.5412	  172.8389
9.010	 2.20	 1	 -42.1700	  173.1981
9.049	 3.23	 1	 -42.4978	  172.7457
9.066	 2.10	 1	 -42.7994	  173.1179
9.119	 2.03	 1	 -42.9472	  172.8408
9.121	 2.02	 3	 -42.8527	  173.1543
9.158	 2.56	 1	 -39.6895	  170.6351
9.171	 2.36	 1	 -43.6870	  167.0558
9.210	 2.75	 1	 -42.4257	  172.8768
9.250	 2.20	 1	 -42.7299	  171.7059
9.293	 3.12	 1	 -42.9981	  173.0692
9.324	 2.01	 2	 -42.4588	  172.7085
9.331	 3.11	 4	 -42.8539	  173.1531
9.344	 2.58	 1	 -39.2574	  169.0744
9.387	 2.15	 1	 -43.1653	  172.8530
9.465	 2.42	 1	 -43.6928	  175.8124
9.465	 2.36	 1	 -42.4717	  173.2777
9.499	 2.15	 1	 -42.7804	  172.6024
9.524	 2.64	 1	 -42.4546	  172.9435
9.530	 2.12	 1	 -42.5441	  173.3404
9.548	 2.05	 1	 -42.6503	  172.9861
9.555	 2.22	 2	 -42.8617	  172.5128
9.564	 2.23	 2	 -42.9566	  172.0547
9.595	 2.78	 1	 -42.6782	  173.0702
9.624	 2.85	 1	 -42.7698	  172.7971
9.653	 2.72	 1	 -42.6679	  173.3731
9.660	 3.11	 1	 -42.2199	  172.2898
9.673	 2.56	 2	 -43.6865	  175.7998
9.678	 2.82	 1	 -42.3430	  173.7285
9.758	 2.03	 1	 -42.5017	  172.9772
9.851	 2.29	 1	 -43.2416	  173.1906
9.918	 2.08	 1	 -42.5075	  173.4483
9.975	 2.07	 1	 -42.7790	  173.3223
9.989	 2.64	 1	 -40.2004	  174.8079
9.994	 2.02	 1	 -42.3962	  173.5686
9.997	 2.00	 1	 -42.5487	  172.9615
10.010	 2.20	 1	 -42.7452	  172.8987
10.017	 3.82	 1	 -42.6899	  175.9852
10.027	 2.62	 1	 -43.3631	  173.7435
10.083	 2.02	 1	 -42.5122	  173.0915
10.096	 2.47	 1	 -42.0988	  171.0976
10.113	 2.82	 1	 -42.5365	  173.2128
10.192	 2.11	 1	 -42.6778	  173.6463
10.288	 2.18	 1	 -42.9978	  172.8651
10.309	 2.93	 1	 -42.7259	  173.1335
10.312	 2.68	 1	 -42.1707	  173.1057
10.335	 2.60	 1	 -42.6211	  172.5480
10.365	 2.15	 2	 -43.5384	  172.5965
10.395	 2.30	 1	 -42.7928	  172.7123
10.441	 2.21	 1	 -43.1869	  173.0012
10.447	 2.09	 1	 -42.8428	  173.4766
10.456	 3.17	 1	 -42.5073	  173.2044
10.478	 2.82	 1	 -42.8946	  173.0900
10.549	 2.29	 1	 -42.3359	  173.1534
10.637	 2.14	 1	 -42.7312	  173.1969
10.647	 2.36	 1	 -41.9949	  172.9190
10.654	 2.09	 2	 -42.6829	  175.9861
10.729	 2.02	 1	 -42.1047	  173.0729
10.729	 2.55	 1	 -42.8804	  173.2053
10.736	 2.49	 2	 -42.7654	  172.1006
10.746	 2.04	 2	 -42.6785	  173.3017
10.748	 2.15	 1	 -42.0217	  174.0596
10.799	 2.18	 2	 -42.4955	  172.7442
10.848	 2.08	 1	 -43.3538	  173.6199
10.864	 2.21	 2	 -42.6928	  175.9810
10.879	 2.39	 1	 -42.7962	  176.8174
10.990	 2.17	 1	 -43.1343	  173.1382
11.001	 2.92	 1	 -43.5175	  172.3118
11.036	 2.13	 2	 -42.6801	  175.9842
11.042	 2.94	 1	 -42.4233	  173.4885
11.055	 2.57	 2	 -42.7820	  174.3618
11.080	 2.09	 1	 -42.7346	  173.2139
11.130	 2.21	 1	 -42.4736	  173.6621
11.130	 2.62	 1	 -41.0409	  172.3848
11.161	 2.34	 1	 -40.4003	  167.7589
11.161	 2.07	 1	 -46.3980	  170.9893
11.189	 2.10	 1	 -43.8341	  172.7194
11.284	 2.83	 1	 -42.6651	  173.0510
11.445	 4.45	 1	 -43.2025	  173.9030
11.450	 2.15	 2	 -43.1966	  173.9100
11.458	 2.74	 1	 -42.8457	  173.0624
11.465	 2.22	 2	 -43.1903	  173.8952
11.515	 2.34	 2	 -43.2860	  173.9198
11.564	 2.06	 1	 -43.3370	  172.9284
11.580	 2.80	 1	 -42.3023	  173.4360
11.584	 2.39	 1	 -42.8453	  172.9831
11.605	 2.08	 1	 -44.1287	  172.9529
11.626	 2.78	 1	 -42.6565	  172.8183
11.655	 2.05	 2	 -43.2110	  173.8998
11.678	 2.02	 1	 -42.6968	  173.0668
11.714	 2.74	 1	 -42.6937	  172.9692
11.737	 2.02	 1	 -42.6435	  172.8428
11.760	 2.04	 1	 -41.6267	  174.0714
11.775	 2.14	 1	 -43.1868	  172.1892
11.854	 2.19	 1	 -44.6797	  172.6029
11.870	 2.32	 1	 -42.5438	  173.0743
11.887	 3.54	 2	 -43.0564	  173.7435
11.901	 2.14	 1	 -42.8473	  173.0840
11.947	 2.34	 1	 -39.5111	  172.1257
11.980	 2.05	 1	 -45.1276	  174.1884
11.982	 2.71	 1	 -42.0609	  173.2093
12.082	 2.40	 1	 -42.6749	  171.7413
12.101	 2.19	 1	 -40.4693	  175.6294
12.117	 3.13	 1	 -42.8134	  172.9343
12.130	 2.16	 1	 -43.1816	  173.5857
12.155	 2.14	 1	 -42.7797	  172.4547
12.163	 2.38	 1	 -42.8225	  173.0336
12.163	 2.13	 2	 -42.0468	  173.2083
12.168	 2.25	 1	 -42.8462	  172.4300
12.175	 2.89	 1	 -42.0741	  173.6678
12.293	 2.05	 2	 -42.9780	  174.1255
12.352	 3.98	 1	 -42.8475	  173.0335
12.363	 2.10	 2	 -42.8524	  173.0612
12.401	 2.56	 2	 -42.8489	  173.0652
12.420	 2.74	 1	 -42.8302	  172.2389
12.429	 2.20	 1	 -43.0271	  173.3717
12.512	 2.41	 2	 -42.3515	  173.0809
12.615	 2.01	 1	 -42.9584	  170.2058
12.671	 2.02	 1	 -42.4770	  173.0930
12.685	 2.04	 1	 -42.5233	  172.8831
12.708	 2.41	 1	 -43.2048	  172.3918
12.780	 2.35	 1	 -45.2052	  171.5826
12.813	 2.07	 1	 -43.1433	  173.4387
12.815	 2.29	 1	 -41.9847	  174.2661
12.891	 2.25	 1	 -42.6829	  172.8292
12.919	 2.65	 1	 -39.5774	  168.6103
12.941	 2.40	 1	 -44.6558	  167.5182
12.982	 2.16	 2	 -42.7040	  173.8485
12.997	 2.28	 2	 -43.1971	  173.9146
13.005	 2.14	 1	 -40.2663	  172.5587
13.105	 3.34	 1	 -42.6750	  173.0128
13.121	 2.16	 1	 -42.6266	  173.3178
13.143	 2.12	 1	 -43.2171	  171.9428
13.166	 2.21	 1	 -42.1116	  172.3151
13.178	 2.12	 1	 -44.3554	  177.0882
13.250	 2.06	 1	 -42.5580	  172.8966
13.262	 2.09	 1	 -42.4263	  170.4475
13.299	 2.15	 2	 -40.7411	  170.5374
13.393	 2.03	 1	 -43.2333	  172.9653
13.400	 2.23	 1	 -42.8676	  174.0386
13.416	 2.98	 1	 -39.9552	  175.0991
13.429	 2.25	 2	 -42.6702	  173.0561
13.429	 2.06	 2	 -42.8919	  172.7450
13.437	 2.11	 1	 -42.9352	  171.6010
13.447	 2.09	 1	 -42.5760	  172.4489
13.516	 2.44	 1	 -42.3456	  173.1685
13.568	 2.20	 1	 -42.7155	  173.6290
13.615	 2.43	 1	 -42.9629	  173.1800
13.677	 2.88	 1	 -42.1486	  173.0226
13.685	 2.66	 2	 -43.1950	  173.9205
13.718	 2.32	 2	 -42.4299	  173.2888
13.723	 2.01	 1	 -42.5182	  173.4461
13.724	 3.00	 1	 -42.7940	  173.0569
13.763	 2.45	 1	 -44.3218	  177.2457
13.883	 2.04	 1	 -42.6164	  172.3003
13.894	 2.07	 1	 -40.7571	  167.9078
13.910	 2.03	 1	 -47.0581	  171.5560
14.003	 2.31	 1	 -39.1417	  169.2687
14.072	 2.88	 1	 -42.9491	  173.1346
14.097	 2.07	 1	 -42.8433	  172.8434
14.192	 3.33	 2	 -43.2770	  173.8983
14.284	 4.15	 1	 -42.2103	  172.9121
14.290	 2.56	 1	 -43.0415	  173.4886
14.294	 2.19	 1	 -42.4792	  172.8889
14.357	 2.56	 2	 -40.9799	  171.3136
14.359	 2.35	 2	 -42.4088	  173.5133
14.379	 2.11	 1	 -42.5505	  173.7295
