# Simulation 792
# RelativeTime(days) Magnitude Generation Latitude Longitude
Time Mag Gen Lat Lon
7.004	 2.46	 1	 -41.8935	  174.0927
7.006	 2.20	 1	 -42.2250	  173.5999
7.008	 3.90	 1	 -42.0604	  173.6456
7.009	 2.11	 1	 -42.5693	  174.2355
7.019	 2.13	 1	 -42.5330	  172.6404
7.023	 2.59	 1	 -42.3484	  173.7394
7.026	 2.03	 1	 -42.7153	  176.3129
7.030	 3.24	 1	 -39.8245	  168.3103
7.036	 3.11	 1	 -41.7497	  174.3126
7.040	 2.21	 1	 -44.9673	  171.7662
7.043	 2.75	 1	 -42.5652	  173.0356
7.045	 2.29	 1	 -42.5853	  172.6221
7.045	 2.79	 1	 -41.7240	  174.2709
7.051	 2.17	 1	 -42.6292	  172.0656
7.058	 2.05	 1	 -43.1486	  173.1492
7.064	 2.07	 1	 -41.4834	  173.1514
7.074	 2.11	 1	 -42.3415	  173.6053
7.079	 2.23	 1	 -41.6872	  173.4908
7.086	 3.18	 1	 -43.5437	  172.8977
7.091	 2.16	 1	 -39.2248	  173.3252
7.095	 2.33	 1	 -42.0662	  173.7751
7.095	 2.43	 1	 -45.5204	  177.7787
7.109	 2.25	 1	 -42.3784	  172.7322
7.117	 2.15	 1	 -42.5037	  172.4519
7.128	 2.08	 1	 -42.3301	  172.7378
7.131	 2.42	 1	 -39.3741	  176.4238
7.140	 2.04	 1	 -42.5285	  172.1026
7.144	 2.09	 1	 -42.9634	  173.1551
7.149	 2.30	 1	 -42.2061	  172.3737
7.158	 2.30	 1	 -42.3805	  173.6488
7.168	 2.36	 1	 -45.3478	  170.4125
7.169	 2.31	 1	 -42.2769	  173.6907
7.173	 2.40	 1	 -42.7391	  173.6871
7.175	 2.12	 1	 -38.4001	  174.4254
7.176	 2.09	 1	 -42.9753	  173.6732
7.179	 2.52	 1	 -40.5153	  174.4901
7.182	 2.07	 1	 -43.5659	  179.0234
7.186	 2.36	 1	 -43.3013	  172.9579
7.188	 2.05	 1	 -42.1367	  173.1313
7.189	 2.30	 1	 -43.6611	  172.8949
7.194	 2.26	 1	 -42.3063	  169.3187
7.213	 2.97	 1	 -44.8902	  167.6848
7.218	 2.16	 1	 -43.8830	  170.4790
7.220	 2.34	 1	 -42.9007	  172.9609
7.225	 2.04	 1	 -42.2340	  173.1045
7.240	 2.68	 1	 -42.9353	  172.3901
7.241	 2.26	 1	 -43.2140	  173.7703
7.249	 2.10	 1	 -42.5044	  173.6086
7.254	 2.81	 1	 -40.9367	  171.0744
7.259	 2.07	 1	 -42.0819	  166.9610
7.262	 3.85	 1	 -43.2098	  172.6729
7.264	 2.42	 1	 -46.8033	  175.5017
7.266	 2.25	 1	 -42.7464	  173.8497
7.268	 2.16	 1	 -43.0699	  172.3983
7.270	 2.09	 1	 -41.5891	  171.3181
7.273	 2.01	 1	 -42.2785	  173.7976
7.273	 2.15	 1	 -42.9216	  170.8516
7.285	 2.02	 1	 -42.8066	  172.7657
7.289	 3.80	 1	 -42.4075	  173.1015
7.291	 2.09	 1	 -41.8385	  174.0137
7.297	 2.16	 1	 -43.2492	  172.8115
7.300	 2.93	 1	 -42.1815	  172.6811
7.301	 2.00	 1	 -42.9931	  177.2425
7.311	 2.03	 1	 -45.0459	  167.8091
7.315	 2.41	 1	 -42.3823	  172.5777
7.323	 2.15	 1	 -42.3816	  173.8959
7.339	 2.77	 1	 -42.3071	  173.9148
7.345	 2.62	 1	 -42.0658	  173.9771
7.357	 2.13	 1	 -42.3277	  172.8261
7.372	 2.01	 1	 -41.7268	  174.3582
7.373	 2.20	 1	 -41.7474	  174.3210
7.375	 2.12	 1	 -42.2699	  172.8811
7.376	 2.29	 1	 -43.0141	  172.7950
7.377	 2.04	 1	 -43.6883	  172.3920
7.378	 2.10	 1	 -42.1394	  173.6810
7.379	 2.59	 1	 -45.4853	  177.8169
7.393	 3.78	 1	 -42.4808	  172.7029
7.400	 2.04	 1	 -41.6994	  172.1135
7.408	 2.05	 1	 -39.4243	  177.2240
7.416	 2.06	 1	 -42.5580	  173.1541
7.423	 3.77	 1	 -43.0799	  173.2416
7.430	 2.28	 1	 -43.4099	  172.9413
7.442	 2.25	 1	 -41.8405	  173.3143
7.449	 3.07	 1	 -42.6746	  173.0677
7.454	 3.11	 1	 -42.6225	  173.5726
7.457	 2.14	 1	 -42.5856	  173.4614
7.457	 2.00	 1	 -42.2682	  174.3087
7.462	 2.65	 1	 -42.9295	  173.1939
7.466	 2.12	 1	 -42.2233	  172.1869
7.475	 2.30	 1	 -41.1607	  178.7740
7.476	 2.52	 1	 -43.2660	  173.1290
7.485	 2.89	 1	 -40.0636	  169.9964
7.486	 2.16	 1	 -42.5380	  172.8099
7.488	 2.16	 1	 -42.4202	  173.0211
7.489	 2.11	 1	 -42.1625	  172.3175
7.490	 3.63	 1	 -41.8173	  173.2868
7.490	 2.22	 1	 -43.0600	  171.3587
7.490	 3.10	 1	 -42.8063	  173.2705
7.491	 2.09	 1	 -43.4549	  173.2889
7.501	 2.45	 1	 -43.3929	  173.9266
7.501	 2.42	 1	 -42.4574	  173.9762
7.502	 2.44	 1	 -45.7637	  169.8136
7.502	 2.48	 1	 -42.7259	  173.6056
7.508	 2.54	 1	 -38.8704	  176.2448
7.510	 3.50	 1	 -42.7773	  169.4972
7.510	 2.38	 1	 -42.7882	  173.2833
7.518	 2.54	 1	 -41.9735	  171.7500
7.532	 2.17	 1	 -43.9030	  177.4263
7.536	 2.47	 1	 -42.0440	  173.0881
7.546	 2.27	 1	 -39.6249	  170.7037
7.555	 2.07	 1	 -46.0467	  175.5687
7.558	 2.25	 1	 -42.2079	  173.1509
7.560	 2.63	 1	 -43.0532	  173.1194
7.562	 2.25	 1	 -46.4775	  176.3250
7.563	 2.03	 1	 -43.2783	  173.7779
7.564	 2.07	 1	 -44.3543	  172.1742
7.569	 2.22	 1	 -43.7702	  172.3572
7.573	 2.46	 1	 -42.3022	  173.2949
7.576	 2.06	 1	 -41.4859	  173.5759
7.578	 2.29	 1	 -38.5444	  175.3836
7.585	 2.03	 1	 -42.7642	  173.3374
7.586	 3.20	 1	 -42.9107	  172.5604
7.586	 2.27	 1	 -39.2715	  169.0518
7.607	 2.14	 1	 -41.6506	  172.1815
7.610	 2.61	 1	 -42.2708	  166.9313
7.612	 2.32	 1	 -43.1034	  172.9080
7.613	 2.52	 1	 -43.2089	  176.0322
7.627	 2.23	 1	 -42.5557	  173.3209
7.627	 3.13	 1	 -44.8232	  169.9122
7.627	 2.44	 1	 -42.7063	  172.6619
7.634	 2.61	 1	 -42.6153	  172.1559
7.636	 3.92	 1	 -42.5875	  173.8373
7.639	 3.85	 1	 -42.1794	  173.9272
7.644	 3.51	 1	 -42.1560	  174.2286
7.657	 3.40	 1	 -41.4478	  173.5304
7.662	 2.36	 1	 -42.7748	  173.0310
7.667	 2.18	 1	 -43.6337	  174.6912
7.669	 2.02	 1	 -42.3234	  174.1028
7.670	 2.24	 1	 -39.1014	  175.0139
7.672	 2.03	 1	 -42.4036	  173.1030
7.676	 2.71	 1	 -42.1424	  173.8985
7.677	 2.38	 1	 -41.8447	  172.7746
7.677	 2.54	 1	 -46.6590	  175.9041
7.682	 2.06	 1	 -42.7580	  173.3201
7.684	 2.10	 1	 -42.9631	  172.5515
7.690	 2.24	 1	 -42.2564	  173.6331
7.701	 2.03	 1	 -42.6041	  173.5126
7.702	 2.27	 1	 -43.9344	  172.4381
7.710	 2.21	 1	 -41.1946	  171.8364
7.711	 2.36	 1	 -38.2991	  171.7189
7.729	 2.66	 1	 -41.6941	  174.4370
7.729	 2.37	 1	 -40.9206	  172.2455
7.733	 2.61	 1	 -42.6222	  172.8882
7.739	 2.34	 1	 -42.5724	  176.3752
7.752	 2.39	 1	 -42.2350	  172.2701
7.760	 2.03	 1	 -44.5926	  173.6367
7.763	 2.06	 1	 -42.2983	  173.8949
7.769	 2.26	 1	 -42.6912	  171.2820
7.777	 2.05	 1	 -43.3284	  166.9658
7.777	 2.22	 1	 -40.3472	  175.4398
7.783	 2.00	 1	 -43.1073	  172.5319
7.783	 2.45	 1	 -43.4943	  172.8267
7.784	 2.97	 1	 -42.1637	  173.8703
7.787	 2.63	 1	 -42.0865	  173.7471
7.795	 2.36	 1	 -42.3712	  173.3992
7.796	 3.05	 1	 -41.8038	  174.2491
7.798	 2.14	 1	 -42.1446	  173.0138
7.803	 2.52	 2	 -44.9245	  169.9105
7.813	 3.84	 1	 -44.1392	  173.3618
7.837	 2.04	 1	 -42.4430	  173.1501
7.853	 2.28	 1	 -38.3748	  177.1396
7.855	 2.56	 1	 -42.4206	  172.7972
7.864	 2.16	 1	 -43.6866	  174.0398
7.873	 3.23	 1	 -41.9652	  172.5543
7.880	 2.02	 1	 -43.8143	  171.8969
7.881	 3.65	 1	 -40.5572	  176.0864
7.893	 2.10	 1	 -42.2656	  171.9376
7.894	 2.54	 1	 -41.0105	  172.6503
7.924	 2.49	 1	 -43.2008	  170.1081
7.926	 3.03	 1	 -43.8663	  171.6054
7.939	 2.31	 1	 -42.0568	  170.6094
7.946	 2.45	 1	 -43.5237	  172.8266
7.946	 2.10	 1	 -42.6408	  174.2267
7.949	 3.54	 1	 -41.0549	  178.7198
7.961	 2.39	 1	 -43.0182	  174.5637
7.961	 2.09	 1	 -42.8226	  173.2530
7.963	 2.21	 1	 -42.7128	  173.1485
7.967	 2.11	 1	 -41.7459	  174.1966
7.986	 2.48	 1	 -41.7266	  176.6439
7.991	 2.39	 1	 -41.8025	  175.0093
7.999	 2.19	 1	 -42.3566	  172.6426
7.999	 2.50	 1	 -42.8047	  173.1763
8.002	 2.30	 1	 -42.0355	  173.4130
8.009	 2.27	 1	 -42.2917	  172.5558
8.010	 3.63	 1	 -41.7852	  171.7625
8.012	 2.12	 1	 -42.3693	  173.2570
8.016	 2.44	 1	 -42.4992	  172.9834
8.055	 2.28	 1	 -42.4836	  173.7594
8.074	 2.37	 2	 -42.3278	  172.6867
8.079	 2.03	 1	 -43.0364	  173.3936
8.081	 2.18	 1	 -42.7349	  172.3962
8.084	 2.50	 1	 -43.3600	  171.3120
8.086	 2.16	 1	 -43.2993	  172.9242
8.086	 3.57	 1	 -43.5435	  173.2401
8.089	 2.03	 1	 -41.6527	  173.8043
8.100	 2.03	 1	 -42.6500	  172.7886
8.104	 2.20	 1	 -42.0038	  173.5699
8.106	 2.67	 1	 -42.1493	  173.6348
8.115	 2.35	 1	 -42.9086	  173.1655
8.116	 2.01	 1	 -43.3094	  173.2767
8.118	 2.04	 1	 -42.1914	  173.5871
8.125	 2.21	 1	 -43.4847	  173.1856
8.126	 2.39	 1	 -43.3588	  168.7936
8.133	 2.13	 1	 -44.8897	  178.3599
8.135	 2.26	 1	 -41.4765	  177.7177
8.136	 2.25	 1	 -42.1345	  173.3365
8.143	 2.03	 1	 -42.1794	  173.5920
8.145	 2.55	 1	 -42.3441	  174.0537
8.146	 3.40	 1	 -43.9869	  175.1567
8.151	 2.12	 1	 -38.3194	  174.4457
8.156	 2.23	 1	 -42.7600	  172.6964
8.159	 2.26	 1	 -43.5678	  173.3963
8.159	 2.24	 1	 -43.1754	  173.1256
8.182	 2.40	 1	 -38.9009	  176.3108
8.186	 2.40	 1	 -46.0710	  170.5408
8.190	 2.38	 1	 -46.5521	  176.1611
8.194	 3.14	 1	 -41.2036	  171.6536
8.209	 2.29	 1	 -42.4112	  173.8958
8.219	 2.07	 1	 -44.9416	  171.0405
8.221	 2.33	 1	 -42.1926	  173.4798
8.223	 2.20	 1	 -42.5520	  173.9345
8.226	 2.70	 1	 -43.2745	  172.7694
8.236	 2.38	 1	 -42.3526	  172.8521
8.245	 2.23	 1	 -42.1463	  173.5991
8.249	 3.11	 1	 -43.1284	  173.6781
8.250	 2.11	 1	 -42.2898	  173.7064
8.261	 2.15	 1	 -42.6724	  172.8616
8.269	 2.48	 1	 -42.1383	  173.6676
8.272	 3.26	 1	 -42.9439	  173.0391
8.273	 2.02	 1	 -41.7842	  173.2637
8.283	 2.91	 1	 -43.2503	  173.2003
8.287	 2.24	 1	 -43.1054	  172.9691
8.315	 2.48	 1	 -44.5318	  174.0044
8.319	 2.93	 1	 -42.5401	  173.0443
8.319	 2.30	 1	 -42.9235	  174.1860
8.330	 2.89	 1	 -41.3600	  171.7943
8.341	 2.04	 1	 -43.1669	  172.8454
8.342	 2.47	 1	 -47.1885	  173.1231
8.357	 2.10	 1	 -42.0040	  175.7366
8.360	 2.09	 1	 -42.5781	  172.9781
8.364	 2.71	 1	 -41.7399	  174.2736
8.368	 2.28	 1	 -38.2289	  173.7616
8.373	 2.34	 1	 -43.0788	  174.4659
8.377	 2.61	 1	 -44.9393	  173.5908
8.380	 2.07	 1	 -42.7065	  171.2251
8.397	 3.74	 1	 -42.9731	  172.2360
8.406	 2.14	 1	 -43.7013	  171.8536
8.406	 2.66	 1	 -41.7544	  174.2768
8.409	 2.77	 1	 -43.2257	  173.1199
8.412	 2.57	 1	 -47.0939	  171.7699
8.415	 2.85	 1	 -42.2792	  173.2980
8.417	 2.02	 1	 -42.3016	  172.8330
8.418	 2.50	 1	 -38.2427	  173.9026
8.424	 2.15	 1	 -42.8792	  173.5473
8.427	 3.63	 1	 -42.4636	  171.5475
8.440	 3.13	 1	 -42.1026	  172.8479
8.440	 2.12	 1	 -43.6285	  172.2413
8.442	 2.58	 1	 -42.1601	  173.5443
8.447	 2.16	 1	 -42.8005	  172.0883
8.455	 2.58	 1	 -46.7174	  170.2942
8.462	 2.83	 1	 -43.3510	  173.2889
8.465	 2.63	 1	 -41.4401	  169.8242
8.481	 2.43	 1	 -38.2856	  174.2379
8.483	 2.64	 1	 -44.3555	  173.1440
8.485	 2.63	 1	 -42.8703	  173.6953
8.488	 2.44	 1	 -42.5303	  171.7785
8.493	 2.10	 1	 -43.4190	  171.5092
8.504	 2.44	 1	 -43.6251	  173.6232
8.507	 2.26	 1	 -43.6283	  174.2510
8.512	 2.62	 1	 -42.6156	  172.9635
8.525	 2.15	 1	 -42.2280	  171.8861
8.527	 2.63	 1	 -38.4073	  174.8760
8.528	 2.15	 1	 -44.0032	  177.1771
8.536	 2.96	 1	 -42.3479	  173.9979
8.540	 2.21	 1	 -40.0042	  173.6095
8.546	 2.91	 1	 -43.0209	  173.1366
8.555	 2.77	 1	 -42.6399	  173.4117
8.556	 2.41	 1	 -42.3507	  173.6084
8.562	 2.00	 1	 -42.8710	  173.6370
8.564	 2.07	 1	 -39.8891	  172.0444
8.573	 2.03	 1	 -38.3752	  173.5540
8.586	 2.38	 1	 -41.4627	  172.8929
8.590	 2.15	 1	 -41.8605	  173.9811
8.596	 2.25	 1	 -42.1715	  173.4024
8.596	 2.33	 1	 -42.3729	  171.6343
8.603	 2.92	 1	 -42.5693	  172.8141
8.604	 2.02	 1	 -42.1754	  172.9949
8.613	 2.44	 1	 -41.7913	  174.4031
8.644	 2.35	 1	 -42.0651	  171.8498
8.650	 2.31	 1	 -42.2927	  173.7621
8.654	 2.37	 1	 -43.0358	  173.4338
8.665	 2.69	 1	 -42.9342	  170.0940
8.685	 2.08	 1	 -42.0009	  176.2531
8.705	 3.48	 1	 -43.0679	  170.9625
8.715	 2.05	 1	 -43.5535	  171.0659
8.725	 3.39	 1	 -42.7237	  172.9421
8.727	 2.10	 1	 -42.0118	  173.0645
8.733	 2.57	 2	 -44.2969	  172.1796
8.737	 2.08	 1	 -41.8410	  174.2348
8.741	 2.23	 1	 -43.6008	  174.4765
8.750	 2.52	 1	 -42.6497	  172.6092
8.763	 2.47	 1	 -42.8148	  172.9294
8.766	 2.08	 1	 -42.6979	  173.8233
8.783	 2.58	 1	 -42.4921	  172.6391
8.792	 2.42	 1	 -42.1297	  173.3083
8.814	 2.20	 1	 -42.2816	  172.1184
8.819	 2.22	 1	 -42.4436	  170.8739
8.822	 2.56	 1	 -42.3808	  172.7308
8.834	 2.83	 1	 -41.9044	  172.5238
8.847	 2.18	 1	 -41.7085	  174.2821
8.879	 2.05	 1	 -40.9158	  173.3823
8.880	 2.59	 1	 -43.0328	  174.2245
8.891	 2.62	 1	 -42.3625	  172.4835
8.916	 2.06	 1	 -43.9926	  178.8787
8.919	 3.57	 1	 -43.0829	  172.7058
8.947	 2.42	 1	 -42.1007	  175.8496
8.950	 2.87	 1	 -42.3488	  172.8811
8.956	 4.18	 1	 -40.0352	  168.5261
8.962	 2.04	 1	 -42.5764	  170.2127
8.972	 2.76	 1	 -46.0061	  170.4947
8.973	 2.42	 1	 -42.7551	  172.7264
8.978	 2.15	 1	 -41.2655	  173.4673
9.027	 2.72	 1	 -43.9111	  172.8644
9.027	 3.73	 1	 -41.8795	  174.1156
9.032	 2.44	 1	 -42.3618	  174.1698
9.036	 2.57	 1	 -41.5361	  169.5868
9.037	 2.19	 1	 -42.5052	  172.7577
9.045	 2.16	 1	 -42.3045	  172.2892
9.054	 3.47	 1	 -42.6520	  172.9501
9.056	 2.03	 1	 -41.6113	  174.2561
9.057	 2.14	 1	 -42.4899	  174.8442
9.073	 2.72	 1	 -42.5780	  174.1267
9.089	 2.38	 1	 -40.6858	  172.4522
9.095	 2.71	 1	 -44.0701	  178.8458
9.099	 2.22	 1	 -41.7638	  174.2226
9.104	 2.12	 1	 -42.4461	  174.1926
9.112	 2.94	 1	 -44.6297	  167.5012
9.119	 2.51	 1	 -43.6513	  167.0450
9.130	 2.09	 1	 -43.0653	  172.3258
9.142	 2.51	 1	 -38.8596	  170.7409
9.145	 4.00	 1	 -40.7826	  167.4837
9.146	 3.04	 1	 -41.8489	  173.8818
9.150	 3.38	 1	 -42.6837	  172.8183
9.151	 3.45	 1	 -42.7814	  172.3256
9.155	 2.39	 1	 -42.2685	  172.8716
9.157	 2.05	 1	 -41.6922	  174.1371
9.158	 2.60	 1	 -41.7345	  170.7138
9.158	 2.57	 1	 -41.6058	  174.9688
9.160	 2.47	 1	 -39.6260	  168.5477
9.173	 2.15	 1	 -42.0531	  174.7024
9.175	 2.03	 1	 -45.2362	  174.5314
9.196	 2.04	 1	 -42.9893	  173.0218
9.199	 2.36	 1	 -42.4479	  172.8319
9.217	 2.46	 1	 -43.1381	  172.6604
9.238	 2.10	 1	 -43.7186	  172.7295
9.241	 2.11	 1	 -42.4066	  173.9684
9.245	 2.94	 1	 -41.7541	  172.5627
9.251	 2.08	 1	 -42.4505	  174.0476
9.258	 2.46	 1	 -42.7941	  173.3416
9.263	 2.51	 1	 -42.9921	  173.3551
9.266	 2.03	 1	 -39.5936	  170.7529
9.267	 2.06	 1	 -42.4648	  172.1820
9.272	 2.09	 1	 -41.8918	  171.4707
9.287	 2.33	 1	 -44.0229	  171.9193
9.289	 2.37	 1	 -42.4366	  172.9535
9.302	 2.48	 1	 -42.8454	  173.6196
9.304	 2.07	 1	 -42.0024	  171.3132
9.320	 2.39	 1	 -41.9736	  171.0716
9.325	 2.10	 1	 -42.4232	  173.5711
9.336	 3.12	 1	 -43.5916	  172.8990
9.347	 2.69	 1	 -42.6748	  172.9792
9.359	 2.40	 1	 -45.0565	  171.1368
9.365	 2.01	 1	 -42.7373	  175.6657
9.374	 2.36	 1	 -42.6346	  172.5891
9.380	 2.11	 1	 -42.1229	  172.8474
9.391	 2.25	 1	 -42.8396	  172.9399
9.398	 2.64	 1	 -43.9768	  173.3956
9.398	 2.32	 1	 -42.3389	  171.4537
9.403	 2.03	 1	 -42.5462	  173.3758
9.449	 2.36	 1	 -41.8890	  173.8894
9.451	 2.39	 1	 -42.0375	  172.5331
9.452	 2.73	 1	 -41.6567	  177.1203
9.457	 3.04	 1	 -42.2761	  172.0488
9.461	 2.88	 1	 -43.3007	  173.2005
9.469	 2.04	 1	 -44.0142	  175.7742
9.470	 2.33	 1	 -43.0745	  173.1143
9.485	 2.10	 1	 -42.0670	  173.8030
9.487	 2.28	 1	 -41.6643	  171.3615
9.492	 2.43	 1	 -42.2245	  172.9021
9.511	 2.11	 1	 -41.4996	  173.0739
9.514	 2.03	 1	 -44.3185	  173.3568
9.518	 2.65	 1	 -43.2162	  172.7608
9.527	 3.84	 1	 -41.1127	  177.2462
9.537	 2.07	 1	 -42.3016	  173.7691
9.552	 2.40	 1	 -43.8033	  178.9504
9.561	 2.17	 1	 -42.2171	  173.5632
9.574	 2.68	 1	 -41.8646	  174.2914
9.588	 2.88	 1	 -43.2145	  174.1958
9.597	 2.11	 1	 -41.7552	  173.7659
9.608	 2.08	 1	 -42.8691	  173.3802
9.619	 2.10	 1	 -42.6390	  173.6927
9.622	 2.20	 1	 -39.1459	  174.7135
9.628	 2.02	 1	 -43.1455	  170.9046
9.630	 2.00	 1	 -39.5077	  176.3302
9.635	 2.13	 1	 -43.0140	  172.9791
9.645	 2.14	 1	 -41.3420	  176.5240
9.650	 2.13	 1	 -46.2199	  171.7278
9.655	 3.16	 1	 -41.6297	  172.0326
9.664	 2.49	 1	 -43.9323	  173.4420
9.666	 2.09	 1	 -38.6779	  175.7777
9.667	 2.31	 1	 -40.4493	  171.9447
9.672	 2.32	 1	 -42.9870	  173.2193
9.693	 2.37	 1	 -40.3131	  167.8310
9.709	 2.45	 1	 -42.1205	  173.5483
9.713	 2.26	 1	 -42.5688	  166.9066
9.718	 2.85	 1	 -42.0551	  175.6991
9.721	 3.17	 1	 -46.2408	  169.2643
9.730	 2.05	 1	 -42.1849	  173.0628
9.737	 3.10	 1	 -42.5416	  172.7878
9.746	 2.08	 1	 -38.3085	  171.6616
9.756	 2.07	 1	 -40.5298	  172.8711
9.762	 2.10	 1	 -41.6843	  173.3825
9.781	 2.24	 1	 -42.1045	  172.1463
9.791	 2.22	 1	 -42.5035	  172.4097
9.799	 2.03	 1	 -42.2596	  173.6447
9.802	 3.20	 1	 -42.4674	  172.9841
9.806	 2.58	 1	 -42.4664	  172.8403
9.812	 2.72	 1	 -42.6279	  173.8180
9.816	 2.80	 1	 -42.6492	  172.0553
9.819	 2.29	 1	 -43.3706	  172.5965
9.825	 2.82	 1	 -42.5260	  173.9504
9.836	 3.00	 1	 -42.3254	  173.6044
9.842	 2.12	 1	 -42.8410	  173.2540
9.847	 3.70	 1	 -42.6811	  172.8190
9.858	 2.58	 1	 -42.3125	  173.7751
9.869	 2.46	 1	 -42.8178	  174.1108
9.884	 2.65	 1	 -40.9572	  174.4986
9.905	 2.62	 1	 -43.5005	  171.8446
9.929	 2.17	 1	 -42.5397	  173.7434
9.934	 2.17	 1	 -42.6161	  173.0254
9.942	 2.52	 1	 -42.1840	  173.1662
9.946	 2.82	 1	 -42.6857	  172.5915
9.948	 2.47	 1	 -41.8432	  171.8683
9.952	 2.08	 1	 -44.3181	  173.3538
9.952	 2.43	 1	 -42.4251	  174.1733
9.954	 3.10	 1	 -42.6259	  172.5423
9.959	 2.18	 1	 -41.7510	  174.2847
9.960	 3.90	 1	 -42.8545	  173.2487
9.961	 2.35	 1	 -45.0317	  174.5117
9.963	 2.28	 1	 -42.4293	  172.7024
9.974	 2.49	 1	 -41.7062	  171.6231
9.982	 2.29	 1	 -42.8121	  173.5463
9.995	 2.19	 1	 -40.3595	  172.3971
10.009	 2.44	 1	 -42.0458	  172.8410
10.011	 2.60	 1	 -43.3745	  172.8178
10.012	 3.85	 1	 -42.8267	  173.1369
10.024	 2.08	 1	 -42.6334	  172.3536
10.034	 2.37	 1	 -39.7888	  168.3509
10.042	 2.03	 1	 -42.8797	  173.1176
10.042	 2.01	 1	 -44.2183	  172.5322
10.046	 2.04	 1	 -41.5170	  174.4683
10.050	 2.25	 1	 -41.8000	  176.5324
10.055	 2.16	 1	 -41.2730	  175.2841
10.055	 2.08	 1	 -41.8688	  173.8939
10.059	 2.67	 1	 -46.4045	  176.4751
10.068	 3.19	 2	 -42.8255	  173.1398
10.070	 2.47	 1	 -42.3402	  173.0943
10.071	 2.30	 1	 -41.7605	  174.2437
10.072	 2.14	 1	 -44.2838	  177.2422
10.100	 2.50	 1	 -42.3722	  174.0376
10.109	 2.31	 1	 -42.8475	  173.0571
10.111	 3.28	 1	 -42.1938	  173.6015
10.126	 2.13	 1	 -42.8614	  173.1722
10.130	 2.06	 1	 -42.2705	  173.9570
10.161	 2.37	 1	 -40.1021	  173.7403
10.165	 2.10	 1	 -42.9514	  172.7236
10.181	 2.43	 1	 -43.1977	  174.5679
10.192	 2.17	 1	 -41.7724	  174.2420
10.197	 2.09	 1	 -41.1883	  173.2585
10.198	 2.40	 1	 -43.2329	  173.3747
10.206	 2.00	 1	 -41.5525	  171.7023
10.214	 2.47	 1	 -42.6731	  172.8560
10.219	 4.06	 1	 -41.8493	  174.2561
10.225	 2.33	 1	 -42.2494	  173.6269
10.237	 2.74	 1	 -42.5011	  173.6709
10.238	 2.01	 1	 -41.1136	  174.8038
10.239	 2.41	 1	 -42.1396	  172.8647
10.245	 2.20	 1	 -42.1793	  173.6911
10.250	 2.18	 1	 -41.3176	  167.8466
10.253	 2.23	 1	 -38.8063	  176.0997
10.257	 2.80	 1	 -42.8796	  173.3797
10.275	 2.16	 1	 -42.1860	  173.6026
10.276	 2.76	 1	 -43.0896	  173.4384
10.279	 2.21	 1	 -42.6316	  173.0871
10.279	 2.07	 1	 -42.0124	  174.8994
10.292	 2.35	 1	 -43.3316	  174.1533
10.298	 2.62	 1	 -41.5554	  172.7086
10.312	 2.62	 1	 -43.7886	  173.2506
10.313	 2.08	 1	 -43.4361	  172.2067
10.318	 2.16	 1	 -41.9395	  171.3623
10.322	 2.68	 1	 -42.9482	  172.5693
10.343	 2.36	 1	 -42.2976	  173.0222
10.345	 2.18	 1	 -42.2137	  173.0061
10.366	 2.22	 1	 -47.0069	  174.7462
10.367	 2.13	 1	 -42.8989	  173.5331
10.391	 2.24	 1	 -44.0280	  172.6464
10.404	 2.99	 1	 -42.6287	  172.8595
10.413	 2.58	 1	 -42.0618	  172.5325
10.443	 2.18	 1	 -45.8675	  173.0428
10.445	 2.36	 1	 -42.4394	  171.7226
10.466	 2.23	 1	 -41.8019	  174.2736
10.479	 2.18	 1	 -45.6397	  172.1498
10.483	 2.34	 1	 -40.7499	  173.1772
10.489	 2.94	 1	 -42.4972	  174.1887
10.491	 2.54	 1	 -42.8501	  172.4355
10.493	 2.73	 1	 -43.2222	  171.4326
10.495	 2.90	 1	 -42.5165	  174.8199
10.499	 2.40	 1	 -42.9727	  172.7336
10.504	 3.13	 1	 -42.6661	  173.4503
10.506	 2.33	 1	 -43.3413	  172.9012
10.509	 2.46	 1	 -42.3377	  172.1457
10.509	 2.21	 1	 -42.3426	  173.2419
10.517	 2.35	 1	 -42.0762	  171.3541
10.534	 2.14	 1	 -43.5212	  172.6134
10.537	 2.24	 1	 -42.5076	  173.6253
10.540	 2.62	 1	 -40.6267	  172.9116
10.547	 2.19	 1	 -41.8390	  173.2762
10.553	 2.19	 1	 -43.1679	  173.5372
10.565	 2.50	 1	 -40.2603	  177.4990
10.571	 2.44	 1	 -42.8685	  173.5595
10.573	 2.43	 1	 -43.0371	  172.5919
10.580	 2.24	 1	 -41.9798	  172.9416
10.588	 2.03	 1	 -40.4853	  174.6195
10.606	 2.35	 1	 -45.0799	  178.0401
10.613	 2.10	 1	 -42.2094	  173.5621
10.618	 2.47	 1	 -43.4487	  172.3285
10.637	 2.19	 1	 -41.7610	  177.6374
10.637	 2.34	 1	 -42.8234	  173.2387
10.639	 2.25	 1	 -45.6541	  168.4186
10.644	 2.25	 1	 -43.0051	  172.7500
10.669	 2.11	 1	 -43.1004	  174.0131
10.675	 2.63	 1	 -43.0439	  172.7872
10.676	 2.37	 1	 -42.6951	  172.3878
10.695	 2.04	 1	 -41.2966	  178.8377
10.704	 2.23	 1	 -44.5290	  174.0577
10.721	 2.50	 1	 -42.1741	  175.7737
10.723	 2.21	 1	 -42.2578	  173.6560
10.736	 3.68	 1	 -43.1608	  173.3660
10.745	 2.16	 1	 -41.8255	  174.5282
10.758	 2.10	 1	 -42.9908	  175.4094
10.762	 2.20	 1	 -42.0474	  172.8913
10.764	 2.91	 1	 -40.1926	  175.9424
10.772	 2.37	 1	 -41.4337	  177.9677
10.774	 2.07	 1	 -42.9605	  174.9407
10.774	 2.07	 1	 -44.6213	  170.0714
10.780	 2.28	 1	 -43.2498	  172.7572
10.787	 2.69	 1	 -42.9132	  172.8214
10.835	 2.10	 1	 -43.5492	  174.2973
10.842	 2.35	 1	 -43.4657	  175.1348
10.843	 2.19	 1	 -42.1938	  176.4332
10.866	 3.12	 1	 -43.1538	  172.7376
10.875	 2.60	 1	 -42.5492	  172.7062
10.881	 2.09	 1	 -43.4874	  172.8352
10.883	 3.21	 1	 -42.6555	  173.0082
10.884	 2.56	 1	 -42.6085	  175.2342
10.889	 2.38	 1	 -42.8245	  171.9529
10.891	 2.20	 1	 -42.2589	  173.7081
10.895	 2.47	 1	 -42.3456	  166.9226
10.923	 2.28	 1	 -42.7107	  172.4387
10.924	 2.59	 1	 -42.2879	  173.7078
10.930	 2.67	 1	 -41.4357	  174.3959
10.934	 2.27	 1	 -39.3113	  168.9892
10.935	 2.06	 1	 -46.7519	  175.6538
10.942	 2.91	 1	 -42.8299	  172.3711
10.942	 2.21	 1	 -42.7601	  172.5210
10.948	 2.58	 1	 -42.8744	  175.2778
10.949	 2.64	 1	 -41.7713	  173.5495
10.954	 2.37	 1	 -42.5583	  172.7984
10.958	 2.32	 1	 -43.2947	  172.4633
10.970	 2.05	 1	 -42.5469	  173.4740
10.971	 2.22	 1	 -41.8526	  174.2647
10.988	 2.03	 1	 -42.2125	  173.0072
10.989	 2.26	 1	 -42.1664	  173.7565
10.992	 2.03	 1	 -43.0053	  173.2442
10.994	 3.94	 1	 -41.8187	  173.8104
11.000	 2.49	 1	 -45.5417	  177.7551
11.008	 3.37	 1	 -46.6565	  170.1339
11.011	 2.03	 1	 -42.8308	  173.7535
11.019	 2.03	 1	 -41.0571	  178.7210
11.053	 2.11	 1	 -44.3252	  178.7224
11.054	 3.57	 1	 -43.0998	  173.4830
11.058	 2.21	 1	 -42.3823	  173.5671
11.069	 2.41	 1	 -42.4376	  173.5987
11.073	 2.50	 1	 -44.5755	  172.4261
11.079	 2.20	 1	 -45.8706	  171.7009
11.083	 2.48	 1	 -39.8785	  176.0513
11.085	 2.46	 1	 -41.2858	  169.1901
11.088	 3.91	 1	 -42.7515	  172.8687
11.104	 2.16	 1	 -39.4830	  177.3070
11.111	 3.16	 1	 -42.7885	  172.6947
11.125	 2.15	 1	 -40.5687	  169.8415
11.125	 2.47	 1	 -42.4348	  172.0385
11.128	 2.72	 1	 -41.4582	  173.9608
11.132	 2.02	 1	 -42.1220	  173.7815
11.145	 2.16	 1	 -39.9687	  168.1545
11.154	 2.94	 1	 -45.3677	  174.4140
11.159	 3.93	 1	 -42.0744	  174.9348
11.170	 2.26	 1	 -40.4564	  173.3665
11.183	 2.24	 1	 -42.3038	  173.4158
11.196	 2.53	 2	 -42.8344	  172.8586
11.211	 2.17	 1	 -44.0024	  174.8024
11.214	 2.09	 1	 -42.4487	  172.9505
11.218	 2.76	 1	 -43.2186	  173.3740
11.218	 2.17	 1	 -42.8911	  173.3309
11.238	 2.58	 1	 -41.7305	  177.5679
11.246	 2.93	 1	 -41.6807	  173.9349
11.257	 2.18	 1	 -42.7422	  172.8342
11.263	 2.21	 1	 -47.1823	  173.3594
11.265	 2.07	 1	 -42.6648	  172.8281
11.266	 3.64	 1	 -42.5582	  173.0714
11.267	 2.10	 1	 -42.6181	  172.7117
11.267	 2.53	 1	 -42.4662	  174.5046
11.295	 2.26	 1	 -42.2301	  172.1582
11.318	 2.49	 1	 -41.6931	  174.1509
11.338	 2.05	 1	 -42.5875	  171.7147
11.343	 2.25	 1	 -43.4196	  173.9036
11.349	 3.62	 1	 -42.6384	  172.9422
11.352	 2.64	 1	 -42.3836	  172.7303
11.352	 2.13	 1	 -42.3397	  173.0178
11.364	 2.35	 1	 -42.0544	  173.1892
11.365	 2.02	 1	 -43.5184	  174.2420
11.379	 2.10	 1	 -42.0951	  172.9901
11.382	 3.51	 1	 -39.4847	  177.3094
11.390	 2.23	 1	 -42.4763	  173.1160
11.392	 2.10	 1	 -39.1273	  176.7502
11.397	 2.20	 1	 -44.2254	  172.9288
11.405	 2.06	 1	 -42.5338	  173.2470
11.411	 2.18	 1	 -42.4622	  171.9756
11.416	 3.05	 1	 -39.2291	  176.9238
11.425	 2.44	 1	 -41.7639	  171.1735
11.436	 2.45	 1	 -42.4841	  173.2879
11.449	 2.64	 1	 -42.7391	  173.5267
11.453	 2.19	 1	 -42.6254	  174.1309
11.461	 2.12	 1	 -42.4632	  173.1434
11.486	 2.33	 1	 -42.5905	  172.3343
11.490	 2.59	 1	 -40.6476	  174.5342
11.513	 2.44	 1	 -42.9339	  173.4305
11.521	 2.58	 1	 -42.0894	  173.6669
11.524	 2.19	 1	 -40.4739	  169.4374
11.530	 2.35	 1	 -43.5939	  173.2909
11.534	 2.37	 1	 -42.7030	  174.3308
11.556	 3.02	 1	 -41.8642	  174.0067
11.558	 2.63	 1	 -42.3554	  173.0551
11.583	 2.27	 1	 -42.1074	  172.7287
11.617	 2.05	 1	 -42.3753	  171.4225
11.620	 2.12	 1	 -42.4229	  171.2178
11.628	 2.01	 1	 -43.0835	  173.0083
11.637	 2.13	 1	 -43.2577	  170.2455
11.673	 2.19	 1	 -42.2884	  173.7309
11.699	 2.30	 1	 -45.6641	  177.6136
11.708	 2.70	 1	 -41.7481	  174.2594
11.715	 2.17	 1	 -43.1561	  173.8025
11.716	 2.01	 1	 -42.6935	  172.6357
11.716	 2.03	 1	 -42.4543	  172.3828
11.725	 2.20	 2	 -42.1791	  173.9358
11.746	 2.40	 1	 -40.7657	  178.5498
11.752	 2.00	 1	 -42.3329	  173.9932
11.755	 2.10	 1	 -42.7434	  172.7095
11.762	 2.82	 1	 -42.9962	  171.4835
11.763	 2.34	 1	 -42.7184	  172.6835
11.783	 2.50	 1	 -44.5382	  168.2848
11.802	 2.53	 1	 -39.5213	  170.3042
11.810	 3.11	 1	 -43.5538	  172.9417
11.815	 2.07	 1	 -44.3683	  172.5638
11.828	 2.72	 1	 -42.9156	  171.4945
11.834	 2.81	 1	 -43.2680	  172.9692
11.857	 2.33	 1	 -42.7244	  172.8545
11.859	 2.11	 1	 -41.8137	  174.2259
11.865	 2.17	 1	 -42.0432	  172.3996
11.870	 2.13	 1	 -43.6980	  171.7927
11.876	 2.66	 1	 -47.1479	  172.1954
11.876	 3.46	 1	 -43.3051	  172.0119
11.880	 2.43	 1	 -42.1420	  173.2374
11.884	 2.60	 1	 -43.7229	  171.9009
11.891	 2.11	 1	 -41.6891	  174.1644
11.897	 2.59	 1	 -40.4487	  174.2353
11.902	 2.02	 1	 -41.9978	  172.8826
11.940	 2.20	 1	 -42.4905	  179.1338
11.941	 2.25	 1	 -42.9019	  172.4876
11.961	 2.63	 1	 -43.7156	  173.2826
11.969	 2.19	 1	 -43.0277	  173.2059
11.974	 2.08	 1	 -42.5168	  172.4994
11.981	 2.21	 1	 -41.6802	  174.3913
11.984	 2.01	 1	 -38.4165	  174.9146
11.989	 2.68	 1	 -41.7774	  173.5390
12.023	 2.58	 1	 -43.4276	  172.8913
12.025	 2.13	 1	 -42.0434	  173.6637
12.027	 2.04	 1	 -38.9529	  169.6249
12.030	 2.09	 1	 -43.8673	  175.3857
12.038	 2.17	 1	 -41.7812	  173.9632
12.041	 2.37	 1	 -41.5345	  172.4741
12.083	 2.83	 1	 -42.2653	  173.8859
12.086	 3.13	 1	 -38.4522	  170.9862
12.107	 2.19	 1	 -43.9326	  173.0658
12.108	 2.23	 1	 -42.2135	  173.7982
12.120	 2.69	 1	 -42.8619	  173.3154
12.125	 2.55	 1	 -39.6897	  175.9173
12.140	 2.24	 1	 -41.8724	  174.0971
12.141	 2.64	 1	 -42.3110	  171.8797
12.141	 2.50	 1	 -43.3265	  174.3316
12.150	 3.64	 1	 -43.1092	  173.6144
12.170	 2.11	 1	 -44.1519	  167.2355
12.187	 2.68	 1	 -44.8732	  173.1214
12.212	 2.09	 1	 -42.5864	  172.3417
12.219	 2.00	 1	 -44.3515	  178.7084
12.229	 3.98	 1	 -42.8057	  172.4962
12.234	 3.47	 1	 -42.6407	  173.6256
12.244	 2.23	 1	 -42.1834	  171.1460
12.257	 2.14	 1	 -42.2288	  171.9916
12.270	 3.23	 1	 -42.4211	  173.5819
12.279	 2.65	 1	 -46.2390	  169.2610
12.282	 2.01	 1	 -44.9298	  175.3168
12.286	 2.11	 1	 -42.8348	  172.8996
12.287	 2.36	 1	 -42.3464	  173.5277
12.294	 2.22	 1	 -42.5146	  173.7322
12.296	 2.18	 1	 -42.2710	  174.3729
12.302	 2.81	 1	 -42.4032	  172.3319
12.311	 2.84	 1	 -45.5176	  177.7818
12.313	 2.04	 1	 -42.7332	  173.2258
12.317	 2.04	 1	 -43.5630	  173.6139
12.336	 2.32	 1	 -39.1156	  169.3148
12.376	 2.75	 2	 -43.7106	  173.2879
12.379	 2.82	 1	 -43.8708	  175.4979
12.386	 2.52	 1	 -43.0747	  173.2287
12.387	 2.17	 1	 -44.9558	  172.1268
12.395	 2.43	 1	 -42.2751	  173.5040
12.396	 3.24	 1	 -44.6917	  177.2072
12.406	 2.19	 1	 -43.4778	  173.0778
12.418	 2.23	 1	 -42.9305	  166.9129
12.419	 2.27	 1	 -42.1543	  172.7494
12.444	 2.18	 1	 -42.3011	  172.6435
12.460	 2.79	 1	 -43.1277	  178.8025
12.471	 3.03	 1	 -44.1172	  178.8248
12.475	 2.73	 1	 -42.0072	  173.3627
12.480	 2.04	 1	 -42.5468	  173.1574
12.481	 2.62	 1	 -45.5210	  176.5193
12.484	 3.13	 1	 -42.2927	  179.1157
12.492	 2.50	 1	 -41.7742	  174.0657
12.501	 2.25	 1	 -41.9483	  174.5980
12.503	 2.67	 1	 -43.2014	  174.1803
12.511	 2.05	 1	 -43.1337	  179.1104
12.520	 2.33	 1	 -43.0849	  172.9216
12.525	 2.46	 1	 -42.2195	  172.6607
12.535	 3.01	 1	 -40.7883	  175.2778
12.544	 2.18	 1	 -38.4535	  175.0628
12.548	 2.67	 1	 -41.0203	  167.3431
12.556	 2.17	 1	 -42.3446	  173.9594
12.572	 2.63	 1	 -42.2095	  173.6875
12.580	 4.19	 1	 -43.9749	  173.6939
12.597	 2.71	 1	 -40.1435	  178.0620
12.600	 2.29	 1	 -42.0867	  175.3736
12.636	 2.10	 1	 -42.2272	  173.5892
12.663	 2.04	 1	 -43.4188	  174.4288
12.665	 2.28	 1	 -41.8989	  173.4086
12.695	 2.04	 1	 -41.8441	  175.1226
12.696	 2.65	 1	 -42.7960	  172.1080
12.704	 2.02	 1	 -42.2357	  179.1083
12.704	 2.25	 1	 -44.6826	  174.5293
12.712	 2.34	 1	 -42.2533	  173.7114
12.726	 2.20	 1	 -42.6406	  172.7206
12.733	 2.05	 1	 -42.4377	  174.9870
12.739	 2.10	 1	 -42.6441	  172.2167
12.744	 2.55	 1	 -43.6371	  171.9273
12.748	 2.52	 1	 -44.2778	  174.2878
12.761	 2.26	 1	 -42.4011	  173.6257
12.767	 2.77	 1	 -43.9902	  170.5970
12.768	 3.57	 1	 -42.8548	  173.3124
12.770	 2.30	 1	 -39.2431	  175.3616
12.774	 3.55	 1	 -42.2520	  173.8947
12.776	 2.02	 1	 -42.7091	  172.8112
12.785	 2.25	 1	 -43.3800	  173.5057
12.814	 2.42	 1	 -40.1341	  170.5884
12.824	 2.05	 1	 -41.9785	  174.9736
12.846	 2.06	 1	 -42.3499	  172.9557
12.862	 2.27	 1	 -42.3505	  173.8408
12.867	 2.48	 1	 -43.7907	  173.5658
12.878	 2.11	 1	 -41.9632	  173.8185
12.908	 2.72	 1	 -42.3697	  173.0925
12.924	 2.01	 1	 -38.1961	  172.9746
12.935	 2.60	 1	 -41.6871	  174.3011
12.940	 2.45	 1	 -41.7524	  174.5728
12.959	 2.55	 1	 -42.5689	  173.6454
12.963	 2.07	 1	 -42.8631	  174.1589
12.981	 2.05	 1	 -43.3541	  173.3379
12.981	 2.02	 1	 -43.0244	  173.9575
12.990	 2.08	 1	 -41.7328	  174.3089
12.991	 2.21	 1	 -43.2709	  175.0323
12.994	 2.11	 1	 -41.9546	  174.0600
13.012	 2.15	 1	 -40.6072	  168.4165
13.015	 2.20	 1	 -45.4358	  177.1766
13.016	 2.37	 1	 -40.9186	  171.2170
13.022	 2.03	 1	 -42.2750	  173.9881
13.050	 2.12	 1	 -47.1728	  173.5426
13.057	 2.55	 1	 -42.4622	  166.9124
13.064	 2.12	 1	 -40.9658	  170.0788
13.079	 2.13	 1	 -42.6452	  173.7136
13.090	 2.17	 1	 -43.1153	  175.5148
13.098	 2.46	 1	 -41.8352	  172.0975
13.106	 3.06	 1	 -42.0972	  173.1808
13.120	 2.06	 1	 -42.7863	  170.3894
13.123	 2.06	 1	 -41.6042	  173.8481
13.132	 2.41	 1	 -43.0590	  172.5354
13.151	 3.77	 1	 -43.0653	  172.8985
13.151	 2.03	 1	 -43.5921	  173.8447
13.153	 2.44	 1	 -42.9020	  173.4054
13.155	 2.08	 2	 -44.1477	  172.8240
13.156	 2.38	 1	 -43.2686	  173.6235
13.157	 2.37	 1	 -42.4623	  173.2742
13.162	 2.10	 1	 -42.4356	  173.8347
13.170	 2.00	 1	 -42.6376	  173.5317
13.177	 2.55	 1	 -44.4671	  178.6434
13.179	 2.01	 1	 -42.1381	  171.6852
13.184	 2.07	 1	 -41.9883	  173.6646
13.237	 2.22	 1	 -42.7639	  174.1440
13.270	 2.01	 1	 -40.5670	  172.1727
13.297	 2.04	 1	 -42.2648	  173.6230
13.308	 2.15	 1	 -42.5077	  175.5426
13.329	 2.37	 1	 -42.1539	  171.8608
13.392	 2.42	 1	 -43.0952	  173.4636
13.416	 2.14	 1	 -38.5661	  175.4530
13.452	 2.03	 1	 -42.0764	  171.7044
13.456	 2.69	 1	 -42.7960	  172.4445
13.456	 2.00	 1	 -43.8508	  178.9335
13.457	 2.21	 1	 -42.9013	  173.1989
13.463	 2.04	 1	 -41.8678	  174.1789
13.473	 2.25	 1	 -42.5946	  173.0074
13.474	 2.00	 1	 -41.9477	  171.7272
13.488	 3.05	 1	 -42.6685	  173.6880
13.513	 2.06	 1	 -42.4690	  171.2838
13.516	 2.15	 1	 -42.4024	  172.6027
13.521	 2.57	 1	 -42.6480	  172.9692
13.525	 3.34	 1	 -42.3272	  173.7516
13.526	 2.89	 1	 -42.7721	  174.1142
13.526	 2.25	 2	 -41.6056	  172.3700
13.549	 2.97	 1	 -45.0493	  174.2069
13.575	 2.59	 1	 -40.3610	  178.2533
13.579	 2.45	 1	 -43.8725	  178.9256
13.585	 2.14	 1	 -43.9180	  174.6437
13.589	 2.70	 1	 -42.7876	  179.1386
13.593	 2.26	 1	 -41.7255	  172.3277
13.596	 2.06	 1	 -41.6663	  173.5351
13.625	 2.11	 1	 -43.1697	  173.6902
13.626	 2.42	 1	 -41.1779	  172.9608
13.643	 2.11	 1	 -42.5226	  172.9082
13.645	 2.11	 1	 -41.7968	  174.2402
13.648	 2.18	 1	 -43.6070	  167.9317
13.664	 2.78	 1	 -43.1464	  171.8874
13.670	 2.02	 1	 -43.0784	  172.6431
13.684	 2.64	 1	 -42.0658	  173.4550
13.685	 2.05	 1	 -41.6945	  174.4126
13.694	 2.08	 1	 -42.1877	  173.6243
13.694	 2.08	 1	 -42.5724	  173.2772
13.697	 3.24	 1	 -42.8176	  172.7831
13.702	 2.87	 1	 -41.6826	  174.2871
13.714	 2.94	 1	 -45.2003	  171.6727
13.721	 2.94	 1	 -41.3751	  172.4618
13.723	 2.11	 1	 -42.1651	  177.3734
13.725	 2.10	 1	 -42.8913	  171.2570
13.732	 2.54	 1	 -44.1701	  178.8002
13.741	 2.11	 1	 -43.6258	  174.7962
13.747	 2.04	 1	 -43.3960	  171.6420
13.756	 2.95	 1	 -42.5756	  172.6579
13.758	 2.06	 1	 -43.0486	  172.6238
13.762	 2.72	 1	 -40.8150	  172.1872
13.780	 2.10	 1	 -40.5677	  171.8883
13.781	 2.02	 1	 -42.6874	  166.9043
13.786	 2.32	 1	 -42.6663	  172.7431
13.794	 2.20	 1	 -42.8985	  171.1944
13.801	 2.63	 1	 -42.5403	  173.1141
13.813	 2.22	 1	 -41.9708	  173.0651
13.817	 2.32	 1	 -42.4880	  172.9554
13.822	 2.77	 1	 -38.2208	  173.6645
13.827	 2.57	 1	 -42.3337	  173.6861
13.844	 2.32	 1	 -41.5347	  173.3805
13.846	 2.14	 1	 -42.0774	  171.9448
13.852	 2.48	 1	 -41.8152	  173.8352
13.858	 3.00	 1	 -42.7896	  175.2828
13.867	 2.70	 1	 -42.8265	  172.1805
13.871	 2.20	 1	 -42.4308	  172.4074
13.895	 2.14	 1	 -43.1826	  174.5398
13.899	 2.29	 1	 -42.4626	  172.9695
13.929	 2.06	 1	 -42.3176	  173.4465
13.937	 2.33	 1	 -41.8964	  179.0433
13.960	 2.09	 1	 -42.8109	  174.3590
13.966	 3.05	 1	 -43.0464	  174.1715
13.975	 2.03	 1	 -43.2589	  171.8470
