# Simulation 144
# RelativeTime(days) Magnitude Generation Latitude Longitude
Time Mag Gen Lat Lon
0.502	 2.02	 1	 -43.4174	  173.0262
0.504	 2.24	 1	 -42.2476	  172.8310
0.506	 2.15	 1	 -42.5940	  172.5444
0.507	 2.63	 1	 -42.5074	  173.1408
0.511	 2.26	 1	 -42.6701	  174.3333
0.511	 2.97	 1	 -43.1997	  172.9450
0.512	 2.35	 1	 -46.6938	  175.8134
0.512	 2.12	 1	 -43.5623	  173.8609
0.520	 2.22	 1	 -41.4633	  174.0783
0.520	 2.81	 1	 -42.4217	  176.0487
0.522	 2.34	 1	 -42.9288	  173.3946
0.525	 2.24	 1	 -42.5991	  173.3985
0.526	 2.08	 1	 -42.6762	  172.8775
0.530	 2.35	 1	 -42.4674	  172.2697
0.530	 3.00	 1	 -44.1727	  173.1315
0.530	 3.36	 1	 -46.1385	  169.0919
0.530	 2.07	 1	 -42.9557	  172.2414
0.532	 2.53	 1	 -43.5611	  173.9681
0.533	 3.46	 1	 -43.1856	  173.3475
0.534	 2.35	 1	 -43.2800	  172.2406
0.535	 2.51	 1	 -46.9563	  171.0791
0.536	 2.03	 1	 -42.9705	  172.8186
0.537	 2.08	 1	 -42.3881	  173.2364
0.541	 2.19	 1	 -42.1735	  173.0997
0.541	 2.78	 1	 -44.1249	  169.6518
0.543	 2.31	 1	 -42.7927	  172.3748
0.544	 2.77	 1	 -43.7840	  171.5363
0.544	 2.17	 1	 -44.0121	  167.8171
0.544	 2.23	 1	 -42.8941	  173.6933
0.546	 2.45	 1	 -39.8563	  168.2748
0.552	 2.19	 1	 -43.4788	  177.6805
0.554	 2.32	 1	 -40.4735	  171.9470
0.555	 2.59	 1	 -41.9344	  176.1087
0.560	 2.15	 1	 -42.3131	  169.8911
0.561	 2.32	 1	 -39.7226	  174.2982
0.570	 2.38	 1	 -41.7000	  174.2034
0.573	 2.91	 1	 -47.1268	  172.0070
0.573	 2.77	 1	 -41.5738	  169.0516
0.574	 2.92	 1	 -42.7302	  172.8176
0.577	 2.02	 1	 -42.4288	  171.5292
0.579	 2.13	 1	 -41.1103	  167.2956
0.580	 3.01	 1	 -43.6644	  173.4015
0.586	 2.35	 1	 -42.5401	  172.6049
0.587	 2.36	 1	 -42.9528	  173.8112
0.591	 2.10	 1	 -38.6578	  170.3213
0.591	 2.17	 1	 -38.3016	  174.3408
0.594	 2.37	 1	 -42.6386	  173.0010
0.594	 2.08	 1	 -44.0084	  167.1721
0.595	 2.17	 1	 -46.0105	  173.6783
0.599	 2.49	 1	 -39.5404	  177.3851
0.605	 3.01	 1	 -42.3665	  173.1383
0.606	 2.48	 2	 -47.1845	  172.1136
0.607	 2.51	 1	 -42.3002	  177.6585
0.608	 2.40	 1	 -44.9453	  167.7274
0.610	 2.87	 1	 -42.0073	  172.3674
0.610	 2.06	 1	 -40.6487	  169.5240
0.612	 3.83	 1	 -42.5978	  173.4237
0.614	 2.23	 1	 -41.7336	  173.3051
0.615	 2.08	 1	 -44.6255	  173.4225
0.616	 2.78	 1	 -43.1123	  172.8445
0.618	 2.34	 1	 -43.8778	  172.3817
0.620	 2.03	 1	 -44.8890	  167.6839
0.620	 2.77	 1	 -42.7225	  172.7578
0.620	 2.57	 1	 -47.1428	  172.1461
0.623	 2.44	 1	 -41.9942	  173.2154
0.624	 2.46	 1	 -42.5058	  172.0105
0.625	 2.09	 1	 -41.3827	  172.5760
0.626	 2.43	 1	 -43.0376	  172.6874
0.632	 2.01	 1	 -43.0973	  173.8406
0.637	 2.72	 1	 -42.9978	  175.6693
0.638	 2.57	 1	 -42.8845	  176.5845
0.639	 4.14	 1	 -46.3181	  169.4034
0.640	 2.50	 1	 -43.3321	  173.8948
0.642	 2.16	 1	 -41.8917	  174.0141
0.649	 2.10	 1	 -42.6622	  173.2432
0.649	 2.24	 1	 -43.9605	  178.1364
0.655	 2.08	 1	 -42.7929	  172.8161
0.664	 2.33	 1	 -41.7631	  173.1270
0.665	 2.24	 1	 -44.1908	  174.0926
0.673	 2.09	 1	 -43.4626	  170.3114
0.679	 2.32	 1	 -43.7211	  170.5417
0.684	 2.16	 1	 -44.3681	  167.3450
0.693	 2.42	 1	 -40.7649	  170.3640
0.694	 2.69	 1	 -42.6362	  172.9707
0.700	 2.45	 1	 -41.8695	  171.5340
0.700	 2.16	 1	 -41.8714	  172.9420
0.703	 2.77	 1	 -43.1877	  173.7271
0.707	 2.33	 1	 -42.6890	  172.2278
0.713	 2.72	 1	 -43.0614	  172.8494
0.715	 2.49	 1	 -40.0691	  177.9908
0.715	 2.02	 1	 -46.4995	  169.7663
0.719	 2.07	 1	 -40.1704	  178.0870
0.722	 2.59	 1	 -42.3230	  174.9293
0.725	 3.43	 1	 -38.2369	  172.1977
0.726	 2.77	 1	 -42.3026	  172.5539
0.730	 2.52	 1	 -42.3802	  173.5831
0.733	 4.38	 1	 -42.8331	  172.6266
0.738	 4.48	 1	 -42.0382	  172.9299
0.739	 2.81	 1	 -42.1638	  172.6524
0.740	 2.49	 1	 -43.0289	  173.6013
0.750	 2.62	 1	 -42.5135	  172.5683
0.750	 2.17	 1	 -43.3484	  171.7353
0.759	 2.46	 2	 -42.8325	  172.6409
0.759	 2.33	 1	 -42.2690	  173.3565
0.761	 2.23	 1	 -44.6650	  178.5199
0.763	 2.09	 1	 -41.8449	  167.0140
0.768	 3.09	 1	 -43.1946	  172.9661
0.771	 2.20	 1	 -42.7454	  175.5320
0.773	 2.09	 1	 -42.3537	  171.4265
0.780	 2.44	 1	 -42.5373	  172.4956
0.784	 2.08	 1	 -42.8613	  172.9299
0.786	 3.19	 1	 -42.0084	  173.4274
0.790	 2.13	 1	 -42.1574	  173.2660
0.790	 2.18	 1	 -41.7186	  178.9947
0.794	 2.24	 1	 -42.4967	  173.9655
0.797	 2.20	 1	 -42.0009	  173.7505
0.800	 2.20	 1	 -42.9858	  170.8937
0.803	 2.21	 1	 -44.3228	  171.5417
0.803	 2.16	 1	 -42.2111	  174.9858
0.806	 2.26	 1	 -44.3234	  176.7257
0.808	 2.32	 1	 -43.1132	  173.0570
0.811	 2.30	 1	 -42.2853	  173.1650
0.815	 2.18	 1	 -44.8040	  174.6441
0.818	 3.05	 1	 -42.7377	  173.2805
0.824	 3.87	 1	 -43.2837	  175.0714
0.826	 2.04	 1	 -42.3790	  173.4590
0.829	 2.66	 1	 -43.1670	  172.4726
0.834	 2.22	 1	 -43.1804	  172.6282
0.838	 2.26	 1	 -44.2591	  172.4919
0.839	 2.13	 1	 -42.6919	  172.8429
0.841	 2.86	 1	 -41.6022	  178.9574
0.842	 3.62	 1	 -41.6886	  176.6610
0.843	 2.37	 1	 -42.4235	  173.5719
0.843	 2.96	 1	 -41.8805	  171.7439
0.844	 2.40	 1	 -42.1446	  172.6044
0.846	 2.32	 1	 -45.5851	  175.1832
0.848	 2.48	 1	 -41.1765	  169.9533
0.850	 2.15	 1	 -43.4971	  175.8507
0.854	 2.24	 1	 -47.0136	  174.7150
0.856	 2.93	 1	 -41.5290	  174.4889
0.857	 2.01	 1	 -42.9155	  173.0185
0.863	 2.61	 1	 -46.8497	  170.6903
0.865	 2.21	 1	 -43.0121	  173.8153
0.866	 2.02	 1	 -43.7216	  172.9366
0.867	 2.40	 1	 -41.5036	  176.8534
0.869	 2.05	 1	 -42.7882	  173.5200
0.870	 2.14	 1	 -44.6481	  169.4222
0.871	 2.79	 1	 -42.0927	  173.0347
0.871	 2.40	 1	 -42.8553	  173.0959
0.873	 2.15	 1	 -44.8061	  170.7299
0.876	 3.79	 1	 -45.5341	  168.9954
0.880	 2.07	 1	 -46.3815	  169.5240
0.888	 2.66	 1	 -42.4965	  172.7644
0.889	 2.01	 1	 -42.4554	  173.0065
0.892	 2.11	 1	 -41.9049	  172.2111
0.893	 2.08	 1	 -41.7182	  174.8353
0.896	 2.31	 1	 -42.8804	  172.9228
0.898	 2.30	 1	 -42.8371	  173.0227
0.901	 2.48	 1	 -42.2060	  173.1128
0.903	 2.34	 1	 -42.5009	  179.1344
0.904	 2.63	 1	 -42.7404	  173.5300
0.905	 2.04	 1	 -38.5926	  170.5096
0.906	 2.44	 1	 -42.8824	  171.2171
0.908	 2.17	 1	 -42.2223	  173.6653
0.908	 2.50	 1	 -45.4261	  168.1646
0.909	 2.32	 1	 -42.0675	  173.4740
0.913	 2.04	 1	 -45.1780	  173.3797
0.913	 2.36	 1	 -42.7417	  173.4030
0.917	 2.29	 2	 -42.0178	  172.9121
0.920	 2.35	 1	 -41.7518	  172.3520
0.921	 2.57	 1	 -43.4864	  172.5997
0.926	 2.09	 1	 -42.2431	  173.6619
0.928	 2.34	 1	 -42.7097	  173.2562
0.932	 2.37	 1	 -41.7519	  173.3479
0.932	 2.30	 1	 -41.5299	  171.2386
0.940	 2.13	 1	 -42.5052	  173.5780
0.943	 2.77	 2	 -42.8193	  172.6275
0.944	 2.19	 1	 -43.2501	  172.6417
0.952	 2.41	 1	 -38.7284	  173.1210
0.961	 3.24	 1	 -42.3175	  173.2929
0.961	 2.16	 1	 -42.6126	  173.5345
0.962	 2.01	 1	 -45.3463	  177.9609
0.966	 2.46	 1	 -38.5893	  170.5198
0.968	 3.78	 1	 -41.5019	  173.1593
0.969	 2.24	 1	 -44.7608	  172.2580
0.970	 2.24	 1	 -42.8180	  176.8354
0.971	 2.23	 1	 -42.5852	  172.3469
0.971	 2.50	 1	 -42.4847	  172.4872
0.976	 2.30	 1	 -44.9416	  172.9794
0.977	 3.14	 1	 -42.4785	  172.6681
0.982	 2.25	 1	 -42.4709	  173.3378
0.983	 2.59	 1	 -41.5472	  173.5580
0.985	 2.46	 1	 -44.0055	  172.1160
0.985	 2.14	 1	 -47.1599	  173.7188
0.997	 2.01	 1	 -43.2400	  172.9828
1.001	 2.15	 1	 -42.1129	  171.8884
1.005	 4.00	 1	 -39.7185	  173.6846
1.006	 2.81	 1	 -43.5360	  173.5564
1.017	 2.28	 1	 -41.6853	  169.5093
1.020	 2.34	 1	 -43.9230	  174.2463
1.022	 2.59	 1	 -44.5838	  167.4718
1.022	 2.57	 1	 -43.0091	  172.8585
1.022	 2.68	 1	 -42.1235	  171.4279
1.027	 2.22	 1	 -42.2781	  171.6657
1.033	 2.06	 1	 -42.8896	  173.1894
1.034	 2.38	 1	 -44.0585	  172.7572
1.038	 3.32	 2	 -41.9693	  173.1641
1.039	 2.57	 1	 -42.9339	  173.7102
1.045	 2.11	 1	 -42.6909	  174.5697
1.050	 2.38	 1	 -41.6336	  172.1039
1.057	 2.17	 1	 -41.6312	  172.4924
1.063	 2.64	 1	 -46.0211	  177.1354
1.064	 2.30	 1	 -42.9180	  173.9675
1.065	 3.21	 1	 -42.5843	  174.2981
1.067	 2.23	 1	 -43.0875	  172.9994
1.072	 2.73	 2	 -42.1742	  173.0491
1.073	 2.18	 1	 -43.0802	  174.2068
1.073	 2.33	 1	 -42.7969	  171.5345
1.076	 3.22	 1	 -42.7620	  173.1645
1.083	 2.73	 1	 -43.3268	  173.5518
1.094	 2.05	 1	 -43.2854	  173.3695
1.095	 2.02	 1	 -40.8934	  173.2072
1.101	 2.30	 1	 -40.2106	  167.9207
1.104	 2.67	 1	 -42.5304	  172.2335
1.105	 2.49	 1	 -43.4545	  166.9928
1.107	 2.04	 1	 -41.9521	  172.4191
1.116	 4.13	 1	 -44.1473	  173.5615
1.116	 2.56	 1	 -41.3378	  167.1886
1.118	 2.01	 1	 -42.5742	  172.8215
1.122	 2.09	 1	 -42.7090	  173.6525
1.124	 2.42	 1	 -42.8276	  170.0536
1.125	 2.11	 1	 -42.9464	  175.2603
1.132	 2.36	 1	 -40.4978	  173.0816
1.138	 2.37	 1	 -42.6059	  173.5178
1.141	 2.12	 1	 -43.4807	  173.1749
1.143	 2.12	 1	 -42.0851	  172.9785
1.143	 2.22	 1	 -41.2457	  178.8146
1.146	 2.32	 1	 -42.9933	  173.9165
1.147	 3.22	 1	 -42.4707	  172.7195
1.150	 2.52	 1	 -42.5345	  170.0327
1.150	 2.29	 1	 -41.0344	  173.0979
1.156	 2.20	 1	 -43.7739	  172.7593
1.158	 3.66	 1	 -38.2707	  171.9108
1.158	 2.88	 1	 -42.7124	  173.8623
1.164	 2.22	 1	 -41.7700	  167.0345
1.166	 2.76	 1	 -44.0323	  173.0041
1.167	 2.33	 1	 -43.7885	  178.9555
1.169	 2.48	 1	 -42.1491	  172.8841
1.171	 2.75	 1	 -43.9303	  172.8334
1.179	 2.09	 1	 -42.8920	  174.1043
1.183	 2.38	 1	 -47.1891	  173.0311
1.187	 2.04	 1	 -42.3583	  173.8538
1.188	 2.57	 1	 -44.5493	  174.3109
1.188	 2.37	 1	 -42.3988	  172.7206
1.189	 2.13	 1	 -46.9328	  170.9859
1.192	 2.43	 1	 -43.8675	  168.1270
1.193	 2.30	 1	 -43.1982	  172.5251
1.203	 2.19	 1	 -41.9934	  172.6899
1.219	 2.31	 1	 -42.2231	  172.7470
1.221	 2.75	 1	 -42.5323	  172.2492
1.232	 2.64	 1	 -42.7941	  173.0668
1.233	 2.31	 1	 -43.5361	  172.5475
1.235	 2.93	 1	 -45.8390	  173.6396
1.243	 2.00	 1	 -41.4627	  172.8721
1.252	 2.01	 1	 -43.1949	  172.1913
1.254	 2.90	 1	 -42.5684	  172.5745
1.255	 2.43	 1	 -43.3109	  173.9022
1.258	 2.00	 1	 -42.8593	  172.2200
1.270	 3.04	 2	 -42.0096	  173.4270
1.277	 2.24	 1	 -43.0648	  173.0860
1.282	 2.05	 1	 -43.7708	  170.1591
1.285	 2.22	 1	 -41.7674	  167.7063
1.287	 2.08	 1	 -42.9171	  173.8907
1.288	 2.26	 1	 -42.3272	  174.8807
1.289	 2.58	 1	 -42.8284	  173.3192
1.290	 2.05	 1	 -39.2055	  176.8847
1.295	 2.27	 1	 -42.4924	  171.6390
1.296	 2.29	 1	 -43.5090	  172.6665
1.297	 2.12	 1	 -41.8805	  175.6121
1.303	 2.37	 1	 -42.4733	  173.3168
1.314	 3.01	 1	 -39.9523	  174.1182
1.316	 2.10	 1	 -42.1833	  173.2647
1.326	 2.44	 1	 -42.8975	  171.4497
1.328	 2.98	 1	 -41.8098	  173.7924
1.332	 2.20	 1	 -44.2098	  167.2632
1.332	 2.29	 1	 -42.8235	  175.3976
1.339	 2.05	 1	 -42.9148	  173.4217
1.346	 2.40	 1	 -42.0432	  173.2971
1.347	 3.39	 1	 -42.4631	  175.3979
1.359	 2.28	 1	 -42.4079	  172.6719
1.365	 2.10	 1	 -46.8510	  175.3498
1.367	 3.94	 1	 -42.9481	  173.6127
1.369	 3.76	 1	 -41.2943	  176.9939
1.382	 2.44	 1	 -42.7249	  172.0279
1.383	 3.21	 1	 -41.7023	  171.5819
1.386	 2.44	 1	 -42.8817	  172.5639
1.388	 3.21	 1	 -41.4241	  172.3780
1.390	 3.29	 1	 -42.4469	  173.2955
1.392	 2.00	 1	 -43.5491	  171.5693
1.408	 2.28	 2	 -42.8959	  172.6134
1.416	 2.48	 1	 -43.6835	  174.3142
1.424	 2.17	 2	 -42.9584	  173.5959
1.443	 2.71	 1	 -38.5003	  170.8096
1.445	 2.18	 1	 -45.1342	  176.1622
1.450	 2.26	 1	 -43.9954	  170.4798
1.457	 2.12	 1	 -46.1491	  176.9350
1.457	 2.01	 1	 -43.1522	  172.1533
1.458	 2.05	 1	 -45.8560	  168.6744
1.459	 2.18	 1	 -43.2744	  171.4886
1.461	 2.30	 1	 -42.7741	  173.8615
1.463	 3.30	 1	 -43.2433	  173.1849
1.467	 2.15	 1	 -45.1173	  167.8700
1.475	 2.39	 1	 -41.8752	  173.0642
1.481	 2.67	 1	 -43.6559	  169.0492
1.482	 2.11	 1	 -41.2212	  172.2087
1.484	 2.71	 1	 -39.4544	  168.7773
1.485	 2.03	 1	 -38.4110	  171.1526
1.489	 2.38	 1	 -42.5145	  173.5510
1.492	 2.44	 1	 -42.6148	  172.2801
1.494	 2.92	 1	 -42.4441	  173.2640
1.497	 2.15	 1	 -45.0953	  174.7309
1.499	 2.09	 1	 -46.3300	  169.4256
1.500	 2.14	 1	 -44.7877	  172.4940
1.504	 2.19	 1	 -42.8582	  174.1916
1.527	 2.35	 1	 -41.8787	  171.3631
1.527	 2.41	 1	 -42.1269	  173.8020
1.528	 2.28	 1	 -43.5996	  172.9099
1.534	 2.20	 1	 -43.1623	  174.5703
1.539	 3.78	 1	 -41.9901	  172.9191
1.554	 2.12	 1	 -38.3905	  171.2420
1.563	 2.01	 1	 -40.5525	  176.0742
1.566	 2.15	 1	 -44.5865	  172.5664
1.571	 2.34	 1	 -42.2644	  172.8402
1.583	 2.71	 1	 -41.9043	  166.9991
1.597	 3.64	 2	 -42.1228	  173.7947
1.602	 2.25	 1	 -43.1194	  172.8397
1.611	 2.56	 2	 -41.9089	  166.9868
1.616	 3.07	 1	 -43.2620	  174.0107
1.625	 2.14	 1	 -39.9373	  177.8570
1.631	 4.72	 1	 -44.2414	  169.7616
1.654	 3.01	 2	 -42.0042	  172.9231
1.657	 2.02	 1	 -42.5101	  173.5921
1.658	 2.01	 1	 -42.6262	  172.5508
1.660	 3.35	 1	 -40.7258	  178.5237
1.664	 2.62	 1	 -43.8276	  169.8737
1.666	 2.60	 1	 -38.2469	  172.1038
1.668	 2.35	 1	 -42.5913	  173.0349
1.670	 2.22	 1	 -38.2338	  172.2295
1.670	 2.04	 1	 -42.3488	  172.9102
1.677	 2.42	 1	 -39.4029	  171.8191
1.677	 2.41	 1	 -40.8675	  172.2337
1.681	 2.69	 1	 -43.2594	  173.1469
1.685	 2.75	 2	 -41.9000	  167.0013
1.698	 2.21	 1	 -44.1103	  173.2575
1.706	 2.81	 1	 -47.1794	  173.4255
1.706	 2.13	 1	 -43.9309	  170.7033
1.706	 2.85	 1	 -42.7359	  173.5397
1.721	 2.95	 1	 -39.1155	  176.7292
1.723	 2.66	 1	 -43.7766	  178.9595
1.724	 2.05	 2	 -47.1816	  173.4360
1.734	 2.01	 1	 -43.2652	  172.9380
1.736	 2.17	 1	 -42.5764	  173.2406
1.740	 2.15	 1	 -43.0041	  166.9190
1.744	 3.50	 1	 -42.6624	  172.7388
1.748	 2.27	 1	 -45.0927	  174.1377
1.748	 2.12	 1	 -42.9724	  173.0810
1.749	 2.30	 1	 -43.3128	  172.7528
1.752	 3.13	 1	 -42.0476	  173.2796
1.756	 2.06	 3	 -42.0035	  172.9250
1.760	 2.09	 1	 -42.5409	  173.4023
1.764	 2.76	 1	 -43.3010	  171.8349
1.779	 2.16	 1	 -42.7077	  172.8160
1.791	 2.47	 1	 -42.1033	  172.0762
1.794	 2.11	 1	 -43.3767	  172.9630
1.798	 2.08	 1	 -45.2964	  174.7058
1.812	 2.13	 1	 -43.5535	  173.7837
1.835	 2.33	 1	 -42.1323	  173.1586
1.838	 2.02	 1	 -42.3531	  173.0495
1.846	 2.44	 1	 -42.3735	  173.5109
1.848	 2.18	 1	 -43.6179	  174.4882
1.851	 2.78	 1	 -43.9167	  178.9089
1.853	 2.27	 1	 -42.8151	  172.1521
1.857	 2.10	 1	 -42.3207	  176.1642
1.863	 2.04	 1	 -41.7586	  173.1900
1.876	 2.74	 1	 -42.8833	  173.8371
1.879	 2.25	 1	 -41.2861	  171.7083
1.880	 2.04	 1	 -39.5757	  172.0676
1.898	 2.45	 1	 -41.7445	  173.2328
1.907	 2.29	 1	 -42.6260	  170.2301
1.921	 2.21	 1	 -42.0182	  173.5556
1.926	 2.09	 1	 -41.2838	  174.0096
1.931	 2.26	 1	 -43.0990	  172.6255
1.943	 2.19	 1	 -45.2384	  172.9904
1.945	 2.82	 1	 -42.1255	  173.5594
1.953	 2.09	 1	 -42.8373	  175.4337
1.955	 2.43	 2	 -41.9517	  173.0547
1.973	 3.59	 1	 -40.8406	  170.1095
1.975	 2.55	 1	 -38.7516	  175.9680
1.984	 2.42	 1	 -38.3399	  174.5580
1.988	 3.63	 1	 -42.6477	  179.1396
1.994	 3.27	 1	 -42.4195	  173.4359
2.003	 2.36	 2	 -40.8260	  170.0947
2.004	 2.05	 2	 -42.2914	  173.1584
2.021	 2.15	 1	 -43.1433	  174.4552
2.026	 2.65	 1	 -43.8025	  171.8707
2.027	 2.35	 1	 -44.1218	  173.7489
2.034	 2.30	 1	 -43.5619	  171.8063
2.034	 2.85	 1	 -43.1482	  172.3360
2.066	 2.35	 1	 -42.8808	  170.2988
2.093	 2.16	 1	 -42.1799	  172.9719
2.098	 2.17	 1	 -47.1102	  171.8811
2.127	 2.11	 1	 -42.8667	  172.9143
2.144	 3.93	 1	 -42.2973	  173.0518
2.144	 2.06	 1	 -44.7646	  171.6105
2.145	 2.16	 1	 -38.5326	  175.3448
2.149	 2.12	 1	 -41.1941	  167.2540
2.152	 2.48	 1	 -43.4298	  172.6127
2.158	 2.03	 1	 -42.1316	  172.9950
2.169	 2.74	 1	 -39.3283	  177.0813
2.190	 2.13	 1	 -45.1491	  174.1670
2.205	 2.46	 1	 -42.8940	  172.6674
2.208	 3.13	 1	 -46.5461	  169.8694
2.216	 2.54	 1	 -42.8247	  173.2575
2.217	 2.15	 1	 -42.2571	  172.0150
2.239	 2.72	 1	 -45.5890	  177.7017
2.242	 2.09	 1	 -42.4839	  173.7074
2.244	 2.01	 1	 -40.0018	  171.9327
2.256	 2.34	 1	 -43.0584	  170.3044
2.275	 2.82	 1	 -41.7411	  170.2140
2.279	 2.29	 1	 -43.2481	  172.2832
2.289	 2.07	 1	 -42.3837	  172.6613
2.294	 3.40	 1	 -39.0897	  176.6827
2.299	 2.38	 1	 -46.1079	  173.0009
2.314	 2.02	 1	 -38.8400	  173.1202
2.329	 2.23	 1	 -43.5289	  174.8466
2.356	 2.20	 1	 -43.6127	  174.0034
2.356	 2.57	 1	 -42.5703	  172.2626
2.357	 3.21	 1	 -43.4286	  168.2234
2.365	 2.09	 1	 -42.8920	  173.2996
2.381	 2.74	 1	 -41.5550	  173.1771
2.400	 2.24	 1	 -42.1703	  172.6848
2.426	 2.19	 2	 -41.9945	  172.9553
2.428	 2.15	 1	 -44.3255	  172.3893
2.431	 2.04	 1	 -41.9223	  173.7243
2.439	 2.08	 1	 -43.1793	  173.1269
2.463	 2.31	 1	 -43.0690	  172.6940
2.480	 2.83	 1	 -42.5814	  172.9096
2.485	 2.84	 1	 -43.0730	  172.7803
2.491	 3.25	 1	 -39.9126	  177.8307
2.521	 2.69	 1	 -43.2957	  172.7258
2.521	 2.13	 1	 -43.1446	  173.3895
2.522	 2.39	 1	 -41.7299	  172.8953
2.549	 2.37	 1	 -47.0953	  171.7791
2.551	 2.19	 2	 -44.2453	  169.7470
2.555	 2.03	 1	 -42.7286	  173.6832
2.570	 2.38	 1	 -42.8176	  169.8482
2.583	 2.09	 1	 -42.1111	  173.0449
2.589	 2.92	 1	 -43.3109	  172.9516
2.597	 2.46	 1	 -42.9890	  173.8696
2.599	 2.39	 1	 -42.9939	  166.9181
2.605	 3.35	 1	 -40.6671	  171.8695
2.623	 2.76	 1	 -43.2245	  173.5758
2.625	 4.22	 1	 -42.5064	  173.0784
2.632	 2.37	 1	 -42.5370	  173.4118
2.641	 2.19	 1	 -42.6803	  173.3009
2.643	 2.28	 2	 -42.4947	  173.0870
2.645	 3.57	 1	 -41.1896	  174.2853
2.646	 2.19	 1	 -43.3836	  172.6378
2.647	 2.12	 2	 -41.1779	  174.3152
2.649	 2.97	 1	 -41.3215	  174.5448
2.661	 2.84	 1	 -42.1209	  175.3731
2.663	 2.53	 1	 -43.7628	  173.9574
2.693	 2.28	 1	 -45.1659	  169.9362
2.719	 2.33	 1	 -42.5106	  171.9988
2.729	 2.09	 1	 -44.7292	  174.6516
2.736	 2.15	 1	 -42.7623	  169.7053
2.753	 2.53	 1	 -43.7448	  174.1545
2.755	 2.01	 1	 -40.5085	  173.2682
2.759	 2.95	 1	 -39.9543	  175.1049
2.801	 2.92	 1	 -42.5891	  172.6781
2.802	 2.71	 1	 -42.3258	  173.4270
2.807	 2.49	 1	 -42.6547	  172.9756
2.833	 2.44	 1	 -42.6778	  170.7914
2.867	 2.35	 2	 -42.1938	  175.4713
2.878	 2.34	 1	 -41.9729	  169.5311
2.888	 2.14	 1	 -43.0179	  172.7092
2.891	 2.23	 1	 -39.3005	  175.3925
2.897	 2.31	 1	 -39.3859	  172.8966
2.920	 3.56	 1	 -42.9610	  169.0268
2.937	 2.08	 1	 -38.1973	  172.8693
2.957	 2.03	 1	 -43.1769	  174.2132
2.958	 2.33	 1	 -41.6816	  172.7288
2.984	 2.60	 1	 -43.8172	  175.2149
3.015	 2.14	 1	 -42.5652	  173.3940
3.026	 2.06	 1	 -43.8458	  173.7178
3.029	 2.11	 1	 -43.3641	  173.3575
3.036	 2.25	 1	 -45.7117	  172.1183
3.060	 3.16	 1	 -41.7431	  172.3435
3.068	 2.20	 1	 -46.3169	  175.5922
3.069	 2.43	 1	 -46.2633	  176.7404
3.091	 2.39	 1	 -42.9112	  172.7130
3.102	 2.07	 1	 -42.8841	  173.3429
3.119	 2.77	 1	 -38.5872	  175.5181
3.129	 2.07	 1	 -41.9902	  172.7523
3.135	 4.30	 1	 -47.1038	  171.8361
3.136	 4.42	 1	 -40.2943	  167.8471
3.157	 2.12	 1	 -41.1642	  170.9733
3.163	 2.35	 1	 -41.8612	  172.4828
3.182	 2.58	 1	 -43.0914	  171.7333
3.193	 2.56	 1	 -42.3144	  173.2274
3.208	 2.04	 2	 -40.2960	  167.8593
3.242	 2.39	 2	 -47.1616	  171.9288
3.245	 2.33	 1	 -43.2783	  172.7488
3.247	 2.97	 2	 -40.3121	  167.8107
3.249	 2.21	 1	 -44.6321	  176.3196
3.249	 2.13	 1	 -42.3033	  173.0145
3.251	 3.39	 2	 -47.0898	  171.8251
3.264	 2.65	 1	 -42.3610	  173.4625
3.270	 3.44	 1	 -42.9667	  173.1640
3.272	 2.04	 1	 -38.9043	  176.3182
3.274	 2.45	 1	 -42.4734	  173.0426
3.279	 2.19	 1	 -42.2655	  174.2252
3.281	 2.58	 1	 -46.8810	  175.2478
3.291	 2.41	 1	 -43.9654	  172.5045
3.294	 2.02	 1	 -42.6861	  174.6742
3.326	 2.14	 1	 -43.2073	  173.1768
3.347	 2.29	 1	 -41.5192	  169.9808
3.352	 3.90	 1	 -38.9914	  169.5478
3.362	 2.73	 1	 -42.9869	  173.1442
3.394	 3.03	 1	 -42.4670	  173.9516
3.419	 2.31	 1	 -42.1549	  172.7432
3.426	 2.11	 1	 -42.7464	  172.9447
3.448	 2.25	 1	 -42.5268	  173.6870
3.462	 2.05	 1	 -43.0031	  173.6456
3.466	 2.48	 1	 -43.6524	  172.1141
3.502	 2.13	 2	 -42.7985	  172.5892
3.511	 2.42	 1	 -42.2014	  175.4136
3.518	 2.25	 1	 -42.2384	  172.4947
3.532	 2.10	 1	 -42.6910	  173.2968
3.534	 2.26	 1	 -41.0509	  169.9366
3.562	 3.53	 1	 -38.6551	  175.7154
3.572	 2.82	 1	 -44.3385	  169.9862
3.580	 2.58	 1	 -43.5834	  173.3231
3.629	 2.72	 1	 -43.1461	  172.7915
3.632	 3.90	 1	 -41.3799	  178.8735
3.642	 2.13	 1	 -42.5239	  173.5925
3.645	 2.32	 1	 -42.9812	  173.0409
3.676	 2.34	 1	 -42.8844	  172.6299
3.697	 2.19	 1	 -41.7224	  170.1132
3.711	 3.39	 1	 -42.7056	  172.2480
3.713	 3.03	 1	 -43.6767	  174.1319
3.732	 2.10	 1	 -43.8478	  171.8214
3.748	 2.54	 1	 -42.4958	  172.7497
3.773	 2.12	 1	 -43.5805	  172.7559
3.812	 2.20	 1	 -42.7488	  173.5523
3.829	 3.00	 1	 -42.9421	  173.7142
3.835	 2.13	 1	 -41.7936	  172.9531
3.881	 3.05	 1	 -42.9604	  171.4165
3.882	 2.25	 1	 -42.6197	  173.9842
3.885	 2.51	 1	 -43.2496	  173.8779
3.909	 3.58	 1	 -42.0571	  174.7236
3.968	 2.67	 1	 -43.0930	  174.3923
3.974	 2.41	 1	 -42.4854	  172.8831
3.983	 2.26	 2	 -42.8879	  172.5333
4.013	 2.03	 1	 -40.0019	  173.1940
4.039	 2.64	 1	 -42.1540	  172.5722
4.039	 2.60	 1	 -41.1053	  171.3292
4.054	 2.33	 1	 -45.9758	  177.2022
4.082	 2.08	 1	 -42.7640	  173.5066
4.175	 2.03	 1	 -42.3702	  173.1220
4.175	 2.05	 1	 -41.0528	  173.6150
4.188	 2.40	 1	 -41.4550	  173.4997
4.208	 2.12	 1	 -42.4983	  172.9020
4.231	 2.02	 1	 -43.1125	  172.7457
4.242	 2.24	 1	 -42.4978	  173.2785
4.251	 2.01	 1	 -42.1131	  172.2086
4.316	 2.64	 1	 -45.5913	  177.2923
4.320	 2.57	 1	 -42.4112	  173.1948
4.356	 2.02	 1	 -41.1048	  171.0394
4.365	 2.06	 1	 -42.0955	  174.6730
4.370	 2.35	 1	 -43.3244	  172.9748
4.376	 2.26	 1	 -42.5891	  172.8302
4.406	 2.08	 1	 -42.8073	  174.6248
4.407	 2.27	 1	 -41.0636	  174.2638
4.432	 2.58	 1	 -47.1752	  173.5028
4.457	 2.62	 2	 -43.2334	  172.9370
4.500	 2.55	 1	 -43.1560	  174.1586
4.520	 2.49	 1	 -42.2763	  173.3369
4.534	 2.19	 1	 -42.5181	  173.2113
4.543	 2.20	 1	 -43.0536	  172.3908
4.560	 2.84	 1	 -43.1046	  173.6897
4.615	 2.06	 1	 -42.4058	  172.3170
4.631	 3.49	 1	 -38.9064	  169.7217
4.681	 2.11	 1	 -42.7653	  172.6115
4.685	 2.09	 1	 -43.3980	  173.2859
4.701	 3.02	 1	 -43.6531	  167.7167
4.719	 4.07	 1	 -42.5353	  172.5424
4.722	 2.11	 2	 -42.7627	  172.5357
4.722	 2.08	 1	 -43.4063	  174.7048
4.723	 3.55	 2	 -42.5459	  172.5393
4.728	 2.32	 1	 -40.1252	  172.4431
4.732	 2.59	 1	 -41.8761	  175.6220
4.778	 2.05	 2	 -42.5619	  172.5524
4.790	 2.33	 1	 -43.9543	  171.9465
4.800	 3.26	 1	 -42.1904	  173.4126
4.805	 2.31	 1	 -41.5414	  173.4658
4.824	 2.39	 1	 -42.1066	  171.4367
4.833	 2.42	 2	 -45.5619	  169.0019
4.857	 2.04	 1	 -43.1641	  179.1062
4.932	 2.72	 1	 -44.8174	  167.6305
4.963	 2.31	 1	 -41.5830	  172.0710
4.972	 2.27	 2	 -42.0514	  174.7505
4.972	 2.52	 1	 -45.7432	  174.8468
4.976	 2.02	 1	 -44.2895	  167.3032
5.006	 4.05	 1	 -41.9058	  172.2503
5.015	 2.33	 2	 -42.9553	  173.6120
5.039	 2.21	 1	 -42.0808	  172.4360
5.062	 4.10	 1	 -43.6449	  174.2142
5.081	 2.17	 1	 -40.6608	  176.0102
5.087	 2.98	 2	 -43.6446	  174.2212
5.101	 2.07	 1	 -40.1024	  172.7563
5.105	 4.08	 1	 -41.9891	  173.1028
5.121	 2.13	 1	 -43.3761	  173.8676
5.127	 2.20	 1	 -42.4213	  173.0488
5.177	 2.00	 1	 -38.7193	  173.5679
5.187	 2.53	 1	 -42.3539	  172.3074
5.195	 3.07	 1	 -38.9124	  173.8993
5.210	 2.28	 1	 -42.9127	  172.8461
5.246	 2.20	 1	 -42.8203	  172.9175
5.247	 2.28	 1	 -42.8363	  173.0781
5.255	 2.09	 1	 -42.4410	  173.0986
5.271	 2.10	 1	 -43.4154	  170.6674
5.277	 2.08	 2	 -42.0431	  172.9302
5.295	 2.84	 1	 -41.9189	  173.9692
5.302	 2.17	 1	 -42.4404	  172.9735
5.308	 2.70	 2	 -43.1226	  170.6359
5.316	 2.05	 1	 -42.4564	  173.3053
5.330	 3.08	 2	 -41.3926	  178.8105
5.334	 2.08	 1	 -44.3641	  173.9820
5.342	 2.28	 1	 -46.4171	  176.4498
5.346	 2.41	 1	 -42.6297	  173.2596
5.373	 2.01	 1	 -42.0348	  177.2380
5.385	 2.26	 1	 -46.5186	  173.4707
5.403	 2.52	 1	 -42.7392	  172.2482
5.428	 2.17	 1	 -43.5800	  172.9573
5.451	 2.57	 1	 -43.3019	  174.3303
5.482	 2.07	 1	 -43.0376	  172.9388
5.544	 3.30	 1	 -42.4852	  172.6808
5.552	 2.05	 1	 -42.3960	  171.7193
5.563	 3.38	 1	 -42.2141	  173.5338
5.571	 2.52	 1	 -43.2654	  173.6968
5.590	 2.46	 1	 -43.4028	  173.6963
5.613	 2.30	 1	 -42.8778	  172.7636
5.627	 2.03	 1	 -41.1303	  172.0624
5.650	 2.28	 1	 -43.0766	  173.0470
5.704	 2.87	 1	 -43.3959	  173.7377
5.742	 2.38	 1	 -41.7429	  172.8082
5.747	 4.25	 1	 -43.0910	  173.3964
5.758	 2.03	 1	 -47.1715	  172.4803
5.804	 2.64	 2	 -41.9385	  173.0639
5.850	 2.03	 1	 -43.8826	  172.9137
5.853	 2.70	 1	 -42.5331	  173.2070
5.854	 2.62	 1	 -43.8885	  172.9502
5.870	 2.14	 2	 -42.0336	  177.2419
5.930	 2.22	 1	 -42.0412	  172.5056
5.990	 2.21	 1	 -42.1052	  171.9561
6.014	 2.16	 1	 -42.8950	  172.6014
6.027	 2.03	 1	 -41.8047	  174.4629
6.117	 2.64	 1	 -42.6762	  172.6578
6.159	 2.98	 1	 -46.9469	  175.0032
6.184	 3.17	 1	 -38.3010	  171.7071
6.198	 2.22	 1	 -43.0491	  172.8287
6.234	 2.29	 1	 -41.6846	  173.2517
6.239	 2.37	 1	 -44.4459	  174.6607
6.242	 2.14	 1	 -46.3740	  174.6151
6.251	 2.15	 1	 -42.0475	  172.2096
6.266	 2.09	 1	 -43.2421	  172.1794
6.269	 2.26	 1	 -43.0412	  173.4206
6.278	 2.03	 1	 -41.9887	  172.5451
6.326	 2.65	 1	 -42.9788	  171.1352
6.327	 3.14	 1	 -42.6134	  172.9096
6.349	 2.32	 1	 -42.4243	  173.3052
6.361	 2.07	 1	 -43.0841	  173.2019
6.455	 2.81	 1	 -42.3805	  173.4733
6.455	 2.09	 1	 -42.6959	  174.5277
6.496	 2.60	 1	 -41.5129	  167.5560
6.568	 3.37	 1	 -41.2887	  169.2646
6.573	 2.09	 1	 -42.0715	  172.1903
6.648	 2.68	 1	 -41.6825	  171.6113
6.654	 2.03	 1	 -43.4147	  172.6439
6.681	 2.01	 1	 -40.6731	  167.5560
6.691	 2.20	 1	 -43.4682	  173.4565
6.718	 2.35	 1	 -43.1959	  167.7961
6.772	 2.52	 1	 -44.0679	  169.9500
6.796	 2.16	 2	 -42.5665	  172.5798
6.850	 2.66	 1	 -41.8446	  172.3055
6.857	 2.04	 1	 -44.2045	  173.5331
6.910	 2.19	 1	 -42.4943	  173.7176
6.912	 2.20	 1	 -38.4470	  175.0376
6.918	 2.21	 1	 -44.0054	  167.1709
7.026	 2.41	 2	 -46.3213	  169.4396
7.033	 2.36	 1	 -42.8204	  172.6779
7.046	 2.80	 1	 -43.4336	  171.9115
7.128	 2.17	 1	 -44.8778	  178.3690
7.172	 2.60	 1	 -42.6982	  173.3422
7.198	 2.13	 1	 -43.8412	  176.2884
7.216	 2.13	 1	 -43.7701	  168.3918
7.273	 2.23	 1	 -44.3356	  172.5769
7.283	 3.95	 1	 -43.0469	  173.1910
7.429	 2.15	 1	 -43.1060	  173.3138
7.429	 2.05	 1	 -42.1911	  173.5220
7.449	 2.01	 1	 -43.3915	  174.9317
7.479	 2.17	 1	 -42.2255	  174.0657
7.494	 2.38	 1	 -45.2730	  176.5698
7.508	 2.30	 1	 -45.5561	  173.6647
7.511	 2.31	 2	 -43.3899	  174.9322
7.547	 2.10	 1	 -42.9445	  172.5206
7.573	 2.98	 1	 -42.7812	  173.0415
7.582	 2.59	 1	 -41.1717	  168.1129
7.616	 2.35	 1	 -43.0975	  172.9449
7.650	 2.22	 1	 -42.3506	  172.2699
7.723	 2.40	 1	 -41.1067	  178.7469
7.728	 2.84	 1	 -38.8960	  176.3003
7.733	 2.49	 1	 -41.4272	  171.3813
7.749	 2.48	 1	 -44.9662	  178.3002
7.753	 2.18	 1	 -45.4935	  176.1062
7.758	 3.00	 1	 -42.3182	  172.4531
7.772	 2.88	 1	 -42.9418	  172.7310
7.882	 2.14	 1	 -42.8083	  171.9579
7.998	 2.07	 1	 -41.2317	  173.9572
8.034	 2.03	 1	 -43.2157	  172.8399
8.172	 2.45	 1	 -42.4867	  174.5460
8.173	 2.65	 1	 -43.9179	  172.5437
8.175	 5.21	 1	 -44.4068	  176.2585
8.189	 2.01	 2	 -44.4144	  176.2491
8.191	 2.34	 2	 -44.4055	  176.2482
8.194	 2.24	 2	 -44.4608	  176.2711
8.240	 2.73	 1	 -41.9759	  173.6358
8.250	 2.56	 2	 -44.4735	  176.1949
8.252	 2.33	 1	 -42.3851	  172.8557
8.345	 2.85	 2	 -44.4178	  176.2893
8.441	 2.34	 2	 -44.3920	  176.2100
8.446	 2.13	 1	 -42.6893	  173.6118
8.479	 2.10	 1	 -42.7723	  173.8992
8.503	 2.11	 2	 -44.3377	  176.2155
8.639	 2.00	 2	 -44.4926	  176.3964
8.732	 2.03	 2	 -44.4453	  176.3167
8.741	 2.26	 1	 -45.6445	  173.0497
8.769	 2.42	 1	 -42.8748	  171.4231
8.839	 2.02	 1	 -43.0507	  172.2271
8.850	 2.00	 1	 -42.2191	  173.7944
8.862	 2.86	 1	 -47.1889	  173.0819
8.938	 2.83	 2	 -42.5035	  173.1240
8.965	 2.46	 1	 -42.3921	  179.1263
8.967	 3.12	 2	 -44.3980	  176.0564
8.993	 3.11	 1	 -38.4769	  170.8936
9.156	 3.25	 1	 -45.4386	  170.8294
9.267	 2.16	 1	 -41.4899	  172.9869
9.282	 2.56	 1	 -43.2797	  171.7667
9.379	 2.08	 2	 -44.3620	  176.4646
9.390	 3.00	 1	 -38.5777	  170.5553
9.392	 2.55	 1	 -38.8573	  169.8284
9.396	 2.01	 1	 -43.8381	  172.8237
9.433	 2.54	 1	 -42.8245	  172.4488
9.541	 2.40	 1	 -43.1903	  172.4894
9.593	 2.46	 1	 -38.2677	  171.9334
9.598	 2.24	 1	 -43.5090	  172.8469
9.600	 2.28	 1	 -39.0453	  169.4438
9.615	 2.37	 2	 -44.3773	  176.2137
9.669	 2.46	 1	 -42.3572	  170.7727
9.684	 2.37	 1	 -38.4281	  171.0818
9.710	 3.20	 1	 -41.9342	  173.6103
9.719	 2.16	 1	 -42.7305	  172.9712
9.754	 2.55	 1	 -42.9045	  172.6742
9.775	 2.02	 1	 -42.1691	  172.4187
9.873	 2.31	 1	 -39.9260	  173.2059
9.888	 2.68	 1	 -39.3652	  172.7179
9.914	 2.06	 1	 -43.1313	  173.7504
9.991	 2.07	 1	 -42.6357	  172.9203
10.004	 2.63	 1	 -42.6364	  173.1894
10.057	 2.33	 1	 -42.3461	  173.0131
10.155	 2.28	 1	 -43.0649	  172.9096
10.181	 3.03	 1	 -41.0188	  171.9390
10.208	 2.51	 1	 -43.1899	  173.7533
10.227	 2.34	 1	 -42.0428	  172.9785
10.245	 2.29	 1	 -41.9849	  179.0637
10.322	 2.38	 1	 -43.6848	  175.8954
10.327	 2.20	 1	 -42.7871	  173.1431
10.438	 2.28	 1	 -39.9311	  177.8504
10.539	 2.21	 1	 -44.6235	  167.4971
10.555	 2.22	 1	 -42.4883	  172.1479
10.572	 2.62	 1	 -42.3429	  172.8789
10.631	 2.13	 1	 -42.2958	  172.0799
10.719	 2.87	 1	 -42.1241	  172.5986
10.932	 2.17	 1	 -42.6612	  172.6886
10.953	 2.56	 1	 -43.6495	  172.5549
11.051	 2.88	 1	 -42.6980	  172.4977
11.126	 2.05	 2	 -44.4116	  176.3134
11.184	 2.58	 1	 -42.9361	  172.0194
11.204	 2.18	 1	 -38.4136	  174.9025
11.206	 2.73	 1	 -46.5672	  176.1266
11.207	 2.09	 1	 -44.9123	  171.8084
11.217	 3.45	 1	 -46.7613	  170.4175
11.312	 2.14	 1	 -42.4430	  173.8857
11.323	 2.06	 1	 -42.5399	  173.9602
11.354	 2.40	 1	 -42.8869	  173.1600
11.387	 2.27	 1	 -43.5613	  173.1187
11.433	 2.39	 1	 -42.9584	  172.6422
11.435	 2.21	 1	 -43.2137	  174.5354
11.494	 2.34	 1	 -42.6258	  173.9591
11.528	 2.57	 1	 -41.6420	  171.5088
11.542	 2.18	 1	 -43.8059	  173.6740
11.716	 2.40	 1	 -41.4554	  172.3126
11.730	 2.26	 1	 -42.7186	  172.8378
11.739	 2.02	 1	 -41.5247	  176.3410
11.784	 2.99	 1	 -43.0445	  173.1305
11.786	 2.15	 1	 -43.2327	  173.2059
11.808	 2.22	 1	 -44.7613	  176.1199
11.843	 3.26	 1	 -42.2186	  173.0303
11.954	 2.49	 1	 -42.4051	  173.2516
11.956	 3.48	 1	 -42.8305	  173.5852
11.993	 2.22	 2	 -42.8285	  173.5986
12.217	 2.22	 1	 -42.2636	  173.3391
12.253	 4.04	 1	 -42.5994	  173.2663
12.283	 2.50	 1	 -42.5287	  173.0820
12.306	 2.09	 1	 -40.8950	  178.6299
12.399	 2.86	 1	 -43.8395	  171.8797
12.422	 2.38	 1	 -42.8258	  172.8295
12.456	 2.16	 1	 -42.2802	  173.2827
12.527	 2.04	 1	 -43.7351	  173.7975
12.610	 2.12	 1	 -43.6169	  173.1602
12.617	 2.42	 1	 -42.4574	  171.9280
12.632	 2.27	 1	 -41.0218	  175.0374
12.676	 2.50	 1	 -43.1203	  171.9044
12.750	 2.73	 1	 -46.2452	  172.0570
12.834	 2.17	 1	 -43.2227	  173.0622
12.839	 2.00	 3	 -44.3610	  176.4686
12.925	 2.08	 1	 -42.4513	  172.6534
13.099	 2.84	 1	 -43.7907	  171.4876
13.190	 2.26	 1	 -46.7310	  170.3318
13.222	 2.35	 1	 -43.0268	  172.1151
13.273	 3.09	 1	 -43.0627	  173.1924
13.360	 2.22	 1	 -42.9493	  172.4569
13.377	 2.13	 1	 -42.0029	  173.5910
13.409	 2.46	 1	 -42.4967	  173.7522
13.446	 2.04	 1	 -42.8158	  172.2928
13.479	 2.11	 1	 -42.9577	  172.4884
13.567	 3.77	 1	 -45.0460	  178.2351
13.638	 2.82	 1	 -42.7961	  172.9330
13.806	 2.51	 1	 -43.3012	  172.5862
13.823	 2.53	 2	 -39.8726	  172.8997
13.908	 2.30	 1	 -41.8099	  170.5687
13.921	 3.17	 1	 -44.7649	  178.4515
13.928	 3.25	 1	 -43.8163	  171.4745
14.033	 2.22	 1	 -42.5979	  173.5188
14.059	 2.29	 1	 -42.1853	  171.3196
14.113	 2.69	 1	 -42.6180	  173.7275
14.139	 2.00	 1	 -42.5580	  173.1469
14.162	 2.40	 1	 -42.6256	  173.3629
14.176	 2.14	 1	 -42.6069	  179.1388
14.209	 2.13	 1	 -43.6023	  172.7137
14.291	 2.89	 1	 -42.9475	  173.9718
14.399	 3.09	 2	 -41.9303	  173.6013
14.432	 2.36	 1	 -43.6385	  170.4711
