# Simulation 588
# RelativeTime(days) Magnitude Generation Latitude Longitude
Time Mag Gen Lat Lon
0.500	 2.14	 1	 -42.1762	  174.0793
0.500	 2.73	 1	 -41.6862	  174.3158
0.500	 2.14	 1	 -43.2905	  174.5982
0.501	 2.16	 1	 -41.7241	  174.2528
0.502	 2.60	 1	 -42.4887	  173.3227
0.504	 2.09	 1	 -42.1420	  173.8570
0.505	 3.50	 1	 -41.7426	  174.1928
0.506	 2.63	 1	 -43.0994	  173.7740
0.506	 2.90	 1	 -41.7491	  174.3320
0.506	 2.20	 2	 -41.7826	  174.1737
0.508	 3.88	 1	 -42.7563	  172.8495
0.509	 3.41	 1	 -46.9632	  174.9371
0.510	 2.35	 1	 -43.6522	  173.1153
0.511	 2.82	 2	 -42.7599	  172.8428
0.511	 2.29	 1	 -42.2488	  172.4066
0.511	 2.49	 1	 -42.0389	  173.4025
0.512	 2.29	 1	 -42.4308	  173.6345
0.513	 2.46	 1	 -42.3294	  173.7492
0.513	 2.05	 1	 -47.1280	  174.0279
0.513	 2.12	 1	 -42.3657	  174.0741
0.514	 2.14	 1	 -41.7041	  174.2148
0.515	 3.18	 1	 -41.7010	  174.2552
0.515	 2.30	 1	 -42.3008	  173.7672
0.515	 2.85	 1	 -43.0574	  171.9118
0.516	 2.15	 1	 -43.2802	  173.3694
0.516	 2.24	 1	 -42.3761	  173.7859
0.519	 2.61	 1	 -43.1578	  179.1071
0.520	 2.13	 1	 -42.6942	  173.5275
0.521	 2.40	 1	 -44.0264	  169.6607
0.522	 2.10	 1	 -42.4114	  173.7414
0.523	 2.04	 1	 -41.6953	  174.3422
0.523	 2.15	 1	 -39.5145	  169.9178
0.524	 2.44	 1	 -42.2085	  173.7092
0.524	 2.17	 1	 -41.6738	  174.3126
0.527	 2.70	 1	 -41.8551	  173.9834
0.528	 2.50	 1	 -42.9000	  179.1334
0.528	 3.71	 1	 -42.3822	  173.0844
0.530	 2.30	 1	 -42.9858	  172.1493
0.531	 2.56	 1	 -41.7910	  172.7681
0.531	 2.12	 1	 -42.6445	  172.8004
0.532	 2.54	 1	 -42.5405	  173.8003
0.532	 3.36	 1	 -42.3080	  173.8415
0.532	 2.29	 1	 -41.8460	  173.9731
0.533	 2.28	 1	 -41.8910	  173.0412
0.534	 3.85	 1	 -42.5323	  173.3237
0.536	 2.69	 1	 -42.3418	  173.6566
0.536	 3.03	 1	 -41.8628	  173.9725
0.536	 2.41	 1	 -41.7162	  174.3008
0.541	 2.14	 1	 -42.4544	  173.1748
0.541	 2.27	 1	 -41.9550	  174.0350
0.541	 2.27	 1	 -41.8350	  174.3596
0.542	 2.10	 1	 -40.9088	  172.0653
0.543	 2.59	 1	 -43.2487	  172.8069
0.545	 3.02	 1	 -41.7098	  174.2675
0.546	 2.41	 1	 -41.6637	  174.1425
0.546	 3.03	 1	 -42.2985	  173.6770
0.546	 2.17	 1	 -41.6967	  174.2761
0.547	 2.15	 1	 -42.8728	  174.1417
0.547	 3.16	 1	 -41.9434	  173.5811
0.552	 2.34	 1	 -42.2594	  173.5906
0.552	 2.00	 1	 -41.7290	  174.1574
0.554	 2.35	 1	 -42.7304	  172.5704
0.554	 2.37	 1	 -42.7257	  173.0073
0.554	 2.52	 1	 -42.2735	  173.6338
0.554	 3.28	 1	 -41.7515	  174.2843
0.555	 2.57	 1	 -42.3384	  173.1254
0.555	 2.33	 1	 -41.6758	  174.1785
0.555	 2.39	 2	 -42.7335	  172.9903
0.556	 2.40	 1	 -42.4146	  173.5470
0.557	 2.30	 1	 -41.9805	  174.0361
0.562	 2.18	 1	 -42.0886	  173.7815
0.562	 2.24	 1	 -41.9136	  174.0618
0.564	 2.52	 1	 -39.5069	  173.0111
0.565	 3.46	 1	 -42.2391	  173.5657
0.565	 3.42	 1	 -42.3350	  173.9906
0.566	 3.08	 1	 -42.3209	  173.7150
0.569	 2.15	 1	 -41.7327	  174.2957
0.571	 2.32	 1	 -42.9273	  171.6707
0.571	 2.69	 1	 -42.9268	  173.2920
0.575	 2.22	 1	 -42.2607	  173.6495
0.577	 2.11	 1	 -42.1082	  172.9117
0.578	 2.53	 1	 -42.6636	  173.5652
0.578	 2.78	 1	 -42.5232	  173.3771
0.580	 2.69	 1	 -41.8686	  172.6725
0.580	 2.53	 1	 -41.9863	  173.7169
0.580	 2.64	 1	 -41.6959	  175.7500
0.580	 2.48	 1	 -38.3219	  171.5844
0.581	 2.52	 1	 -42.0109	  171.1403
0.583	 2.37	 1	 -42.2194	  174.1104
0.583	 2.69	 1	 -45.4831	  168.2250
0.586	 2.29	 1	 -46.8385	  175.3905
0.586	 2.96	 1	 -42.3366	  173.8528
0.587	 2.30	 1	 -41.7019	  174.3188
0.587	 2.14	 1	 -40.0886	  168.0345
0.591	 2.07	 1	 -42.6640	  173.5391
0.591	 2.08	 1	 -42.1830	  174.5734
0.592	 2.07	 1	 -43.0326	  174.4891
0.593	 2.56	 1	 -42.5723	  172.6295
0.594	 3.47	 1	 -41.7448	  174.2295
0.598	 2.65	 1	 -41.7291	  174.3279
0.598	 3.32	 1	 -43.9307	  171.6058
0.599	 2.13	 1	 -42.6635	  173.8295
0.599	 2.41	 1	 -41.6791	  174.2195
0.599	 2.66	 1	 -45.1178	  167.8705
0.601	 2.23	 1	 -41.8019	  174.5230
0.603	 2.09	 1	 -41.3130	  173.3043
0.604	 2.00	 1	 -42.5693	  173.9468
0.605	 2.07	 1	 -42.2710	  173.3521
0.605	 3.07	 1	 -42.2230	  173.3468
0.606	 3.03	 1	 -40.8560	  167.4378
0.608	 2.58	 1	 -42.7736	  172.9854
0.612	 2.45	 1	 -42.0246	  173.7220
0.613	 2.24	 1	 -41.8257	  167.0191
0.614	 2.06	 1	 -42.3389	  174.0386
0.614	 2.72	 1	 -42.2446	  173.2570
0.615	 2.02	 1	 -42.3435	  173.9941
0.616	 2.05	 1	 -39.8985	  168.2287
0.616	 2.35	 1	 -42.0727	  172.8612
0.616	 2.72	 1	 -45.1184	  175.3528
0.617	 2.07	 1	 -41.8158	  174.2612
0.619	 5.26	 1	 -42.0397	  173.8122
0.619	 2.44	 1	 -42.7569	  173.1130
0.619	 2.01	 1	 -42.2435	  173.8215
0.619	 2.02	 1	 -42.1738	  173.6924
0.619	 2.22	 1	 -42.2209	  173.5603
0.619	 2.15	 2	 -41.9709	  173.7328
0.620	 2.71	 1	 -43.9553	  173.4438
0.623	 2.82	 1	 -43.4318	  166.9876
0.623	 2.12	 1	 -43.6191	  173.9786
0.624	 2.41	 1	 -41.7359	  172.6385
0.624	 2.90	 2	 -42.0951	  173.8001
0.625	 2.09	 1	 -42.1917	  173.3355
0.625	 2.47	 1	 -42.7611	  174.0037
0.626	 2.48	 1	 -43.0301	  173.6047
0.627	 2.11	 2	 -41.9975	  173.7936
0.629	 2.37	 1	 -43.4044	  172.8847
0.630	 3.52	 2	 -41.9207	  173.9010
0.630	 2.36	 2	 -42.0479	  173.8176
0.630	 3.31	 1	 -41.4632	  172.2981
0.630	 2.00	 2	 -42.0603	  173.8435
0.631	 2.21	 2	 -42.0704	  173.7553
0.632	 2.41	 1	 -41.7864	  172.5558
0.634	 2.76	 1	 -42.0122	  175.2975
0.635	 2.04	 1	 -42.1318	  173.6067
0.637	 2.15	 1	 -41.7429	  174.2619
0.638	 2.23	 1	 -42.4175	  170.6651
0.638	 3.03	 1	 -44.6121	  169.2918
0.638	 2.73	 1	 -44.6461	  178.5324
0.639	 3.56	 1	 -41.5504	  173.4514
0.639	 2.41	 1	 -41.8305	  174.1340
0.640	 2.01	 1	 -42.0817	  174.2772
0.642	 2.25	 1	 -42.7857	  172.9880
0.642	 2.50	 1	 -42.9700	  172.6285
0.643	 2.77	 1	 -41.8669	  173.9747
0.644	 2.33	 1	 -39.4541	  169.5786
0.644	 2.07	 1	 -43.1308	  173.0193
0.644	 2.04	 1	 -41.8782	  174.0685
0.645	 2.59	 2	 -41.6959	  174.5022
0.645	 2.33	 1	 -41.9946	  170.8669
0.645	 2.24	 1	 -41.9116	  172.8498
0.645	 2.19	 1	 -43.2222	  172.0481
0.647	 2.21	 2	 -41.4549	  172.3812
0.649	 2.03	 1	 -43.0358	  179.1221
0.652	 2.01	 1	 -41.9751	  173.9465
0.654	 2.61	 1	 -41.4934	  173.8489
0.655	 2.07	 1	 -39.5118	  168.6978
0.656	 2.31	 1	 -41.9828	  172.0860
0.657	 2.07	 1	 -44.0905	  172.8540
0.659	 2.05	 1	 -41.7933	  174.3843
0.659	 2.68	 1	 -45.1331	  176.9386
0.660	 2.54	 2	 -42.9717	  172.6297
0.660	 2.36	 1	 -44.1975	  174.0104
0.660	 2.66	 1	 -42.0499	  173.7938
0.663	 2.74	 1	 -43.5960	  169.5975
0.665	 2.27	 1	 -43.3357	  173.1866
0.666	 2.15	 1	 -42.9208	  174.3742
0.667	 2.05	 1	 -42.3329	  174.0447
0.669	 2.13	 1	 -40.0177	  168.1045
0.671	 2.18	 1	 -42.3521	  173.8434
0.672	 2.28	 1	 -39.7043	  174.3335
0.674	 2.00	 1	 -41.6509	  170.6284
0.675	 2.01	 1	 -42.1817	  173.8246
0.678	 2.15	 1	 -40.4263	  168.8845
0.681	 2.16	 1	 -42.2410	  173.9720
0.683	 3.02	 1	 -41.7799	  174.2182
0.684	 2.05	 1	 -41.6623	  174.1268
0.685	 3.13	 1	 -42.2770	  172.9068
0.686	 2.16	 1	 -42.7187	  172.6703
0.688	 2.12	 1	 -43.3368	  176.4154
0.688	 3.35	 1	 -41.8795	  173.7716
0.691	 2.41	 1	 -41.7741	  174.2270
0.691	 2.29	 1	 -40.1747	  173.2782
0.692	 2.45	 1	 -41.9209	  173.9637
0.692	 2.02	 1	 -41.9593	  173.9930
0.693	 2.33	 1	 -42.2220	  173.4873
0.695	 2.48	 1	 -43.1148	  175.0466
0.696	 2.57	 1	 -42.2813	  173.4194
0.697	 2.17	 1	 -42.5597	  173.0385
0.699	 2.57	 1	 -43.4511	  167.4732
0.701	 2.17	 1	 -41.7244	  174.2505
0.701	 2.54	 1	 -42.4364	  172.9761
0.703	 2.02	 1	 -42.4918	  168.3395
0.704	 2.84	 1	 -41.7649	  174.3260
0.705	 2.06	 1	 -43.3497	  172.9812
0.705	 2.18	 1	 -42.7070	  176.5277
0.707	 3.07	 1	 -42.1464	  173.6304
0.707	 2.19	 1	 -46.8921	  170.8353
0.707	 2.54	 1	 -45.3474	  173.6554
0.708	 3.89	 1	 -42.2090	  173.6020
0.709	 2.01	 2	 -42.2287	  173.6403
0.711	 2.47	 1	 -41.8202	  174.2250
0.711	 2.15	 1	 -42.7251	  169.9503
0.712	 2.24	 1	 -41.7842	  170.1943
0.713	 2.28	 1	 -46.8736	  171.1088
0.715	 2.50	 1	 -41.6903	  174.2629
0.716	 2.62	 1	 -42.5833	  172.7750
0.717	 2.00	 1	 -42.4030	  173.4047
0.718	 2.15	 1	 -41.7851	  174.0816
0.718	 2.34	 1	 -40.7452	  167.8936
0.719	 2.42	 1	 -42.3644	  173.8973
0.720	 2.72	 1	 -42.3899	  173.9740
0.721	 2.27	 1	 -42.5760	  173.2199
0.722	 2.31	 1	 -42.6477	  173.6762
0.724	 2.64	 1	 -47.0307	  174.6317
0.726	 2.14	 1	 -43.1522	  172.2185
0.726	 2.71	 1	 -40.0466	  175.5749
0.727	 2.31	 1	 -42.9346	  172.7500
0.727	 3.87	 1	 -42.4871	  174.2805
0.734	 2.84	 1	 -43.1356	  173.1190
0.735	 3.62	 1	 -41.6566	  174.2743
0.735	 2.26	 1	 -42.0656	  172.6075
0.738	 2.20	 1	 -42.4047	  172.6208
0.738	 2.43	 1	 -42.2521	  173.4546
0.738	 2.24	 1	 -41.7921	  176.2217
0.740	 2.36	 1	 -42.4914	  174.0923
0.741	 3.08	 1	 -41.9195	  173.9972
0.742	 2.48	 1	 -41.8803	  173.4593
0.742	 2.09	 1	 -43.1530	  172.1070
0.743	 2.21	 1	 -43.1623	  171.9236
0.746	 2.15	 1	 -38.2292	  172.2793
0.747	 2.47	 1	 -42.6243	  172.9811
0.748	 2.22	 1	 -44.6030	  171.8385
0.749	 2.48	 1	 -42.4819	  173.7642
0.750	 2.32	 1	 -41.6921	  174.2874
0.753	 2.28	 1	 -41.7261	  174.3567
0.755	 2.27	 1	 -38.9775	  169.5754
0.759	 2.41	 1	 -43.1066	  172.9559
0.760	 2.19	 1	 -46.8342	  170.6399
0.767	 2.01	 1	 -41.9195	  173.7267
0.771	 2.00	 1	 -44.2273	  173.3509
0.772	 2.82	 1	 -41.7040	  173.0262
0.774	 2.99	 1	 -44.2202	  178.7761
0.775	 2.05	 1	 -46.6095	  170.0177
0.776	 2.15	 1	 -42.3038	  173.9010
0.776	 2.38	 1	 -41.6959	  174.2685
0.776	 2.24	 1	 -42.3495	  174.0364
0.778	 2.10	 1	 -44.3996	  172.4274
0.780	 2.29	 1	 -41.2111	  167.2459
0.782	 3.12	 1	 -42.4830	  173.0081
0.783	 2.61	 1	 -40.7917	  172.3950
0.786	 2.65	 1	 -42.9592	  172.9245
0.786	 2.02	 1	 -41.7329	  173.3041
0.786	 2.81	 2	 -42.0698	  173.9398
0.789	 2.67	 1	 -43.7294	  170.5094
0.791	 2.49	 1	 -43.3043	  167.8110
0.793	 2.29	 1	 -42.0390	  174.3752
0.793	 2.30	 1	 -42.9127	  172.5734
0.795	 2.18	 1	 -42.2093	  173.6827
0.798	 2.91	 1	 -46.8927	  170.8375
0.798	 2.12	 1	 -42.6202	  173.0123
0.799	 2.52	 1	 -42.1162	  173.2909
0.800	 2.68	 1	 -41.6776	  174.2159
0.800	 2.89	 1	 -43.6989	  173.4963
0.802	 2.70	 1	 -43.8479	  173.6707
0.802	 2.35	 1	 -41.0455	  173.0155
0.803	 2.06	 1	 -42.2658	  173.9631
0.803	 2.40	 1	 -41.8890	  173.9277
0.806	 2.67	 1	 -42.6956	  174.0866
0.809	 2.10	 1	 -41.7553	  174.2870
0.809	 3.05	 1	 -42.4625	  173.8070
0.810	 2.01	 1	 -42.0143	  173.8838
0.810	 3.44	 1	 -42.3165	  172.9833
0.814	 3.24	 1	 -42.3648	  173.4072
0.816	 2.45	 1	 -42.4093	  173.3495
0.818	 2.07	 1	 -41.0651	  169.2875
0.822	 2.80	 1	 -43.4969	  171.9835
0.822	 2.44	 1	 -42.5967	  173.0031
0.824	 2.10	 1	 -42.1457	  174.3307
0.827	 2.20	 1	 -43.5019	  176.1712
0.827	 2.05	 1	 -42.6408	  173.7213
0.827	 2.11	 1	 -42.1786	  173.6590
0.828	 3.48	 1	 -41.5085	  167.7779
0.829	 3.52	 1	 -44.5835	  173.1719
0.829	 2.02	 1	 -43.1312	  172.6872
0.830	 2.79	 1	 -41.4241	  172.4068
0.830	 2.89	 1	 -42.6734	  172.8401
0.831	 2.18	 1	 -44.1842	  171.1016
0.832	 2.19	 1	 -42.3795	  173.2899
0.833	 2.15	 1	 -42.3170	  173.9164
0.833	 2.22	 1	 -43.3929	  175.2819
0.836	 2.32	 1	 -42.0202	  173.6678
0.836	 2.29	 1	 -39.9144	  172.3780
0.838	 3.10	 1	 -43.2794	  173.1150
0.839	 2.44	 1	 -41.7678	  174.3457
0.841	 2.31	 2	 -43.2821	  173.0933
0.842	 3.05	 1	 -41.8530	  174.2610
0.844	 2.49	 1	 -42.8644	  173.8486
0.846	 2.10	 1	 -41.7963	  174.1725
0.848	 2.53	 1	 -42.5224	  179.1356
0.852	 2.08	 1	 -42.0431	  173.6396
0.856	 2.04	 1	 -41.9692	  174.0627
0.858	 2.05	 1	 -43.6188	  175.6159
0.858	 2.33	 1	 -42.0897	  172.0875
0.860	 2.90	 1	 -42.5293	  172.6239
0.860	 2.08	 1	 -41.6977	  174.3748
0.860	 2.26	 1	 -42.6546	  172.9746
0.861	 2.02	 1	 -41.8362	  173.9343
0.862	 2.01	 1	 -41.7114	  174.1785
0.864	 2.61	 1	 -44.2010	  173.8019
0.865	 2.02	 1	 -42.3569	  174.4700
0.866	 2.10	 1	 -43.1130	  179.1131
0.867	 2.43	 1	 -39.2480	  172.7346
0.867	 2.40	 1	 -42.6156	  173.8679
0.868	 3.02	 2	 -41.4398	  172.4505
0.875	 2.90	 1	 -42.6166	  167.4779
0.875	 2.59	 1	 -42.6922	  172.4560
0.877	 3.08	 1	 -42.3932	  172.7511
0.885	 2.02	 1	 -42.6180	  173.5138
0.889	 2.02	 1	 -43.5681	  171.6076
0.889	 2.83	 1	 -41.7724	  174.2165
0.889	 2.15	 1	 -38.9134	  176.3374
0.890	 2.51	 1	 -41.7678	  174.1403
0.890	 2.18	 1	 -46.3706	  169.5028
0.895	 2.17	 1	 -42.4564	  172.1513
0.896	 2.28	 1	 -41.7766	  174.4006
0.897	 2.33	 1	 -41.0594	  174.7383
0.900	 2.08	 1	 -42.8788	  172.3567
0.903	 3.52	 1	 -41.7730	  174.2214
0.907	 2.10	 1	 -42.8302	  170.9560
0.908	 2.03	 1	 -41.8322	  174.2659
0.910	 2.02	 1	 -42.8331	  172.8041
0.911	 2.99	 1	 -43.2887	  172.9508
0.913	 2.30	 1	 -42.6023	  173.0915
0.913	 2.24	 1	 -40.9721	  171.1046
0.914	 2.13	 1	 -42.5717	  173.5155
0.917	 2.49	 1	 -41.9675	  171.3347
0.917	 2.54	 1	 -45.9362	  173.7511
0.918	 2.02	 1	 -42.7076	  172.7837
0.921	 2.29	 1	 -42.2981	  173.6932
0.925	 2.17	 1	 -42.8119	  173.7550
0.925	 2.18	 1	 -38.2247	  172.3308
0.929	 2.31	 1	 -42.0753	  172.9000
0.931	 2.57	 1	 -41.9041	  174.2868
0.943	 2.07	 1	 -41.8397	  173.9475
0.946	 2.39	 1	 -40.1401	  170.2536
0.949	 2.34	 1	 -43.1508	  173.5586
0.953	 2.06	 1	 -39.3651	  168.9072
0.955	 2.05	 1	 -42.5143	  173.5039
0.960	 2.07	 1	 -42.6180	  172.5128
0.961	 2.37	 1	 -42.6515	  172.9814
0.964	 2.10	 1	 -39.9248	  174.2063
0.966	 2.28	 1	 -42.7914	  173.4063
0.967	 3.00	 1	 -45.1686	  175.3239
0.970	 2.19	 1	 -41.8868	  173.3017
0.971	 2.27	 1	 -42.5637	  173.9157
0.971	 2.39	 1	 -42.8544	  172.5629
0.973	 2.39	 1	 -42.2662	  173.8360
0.974	 2.12	 1	 -41.8171	  174.4684
0.975	 2.35	 1	 -42.2307	  173.6531
0.975	 2.97	 1	 -42.2308	  173.7869
0.976	 2.08	 1	 -42.8867	  172.8882
0.977	 2.25	 1	 -38.3262	  174.4838
0.978	 2.15	 1	 -43.2191	  173.5496
0.987	 3.10	 1	 -42.0234	  173.2313
0.988	 2.41	 1	 -41.8996	  172.5577
0.990	 2.05	 1	 -42.1539	  173.6849
0.994	 2.21	 1	 -40.9048	  172.2664
0.994	 2.03	 1	 -41.5016	  172.0870
0.999	 2.64	 1	 -41.6887	  174.2335
1.000	 2.60	 1	 -41.9017	  172.3428
1.002	 2.27	 1	 -42.8974	  173.5349
1.007	 2.25	 1	 -42.1780	  172.2665
1.008	 2.27	 1	 -43.9038	  171.8280
1.008	 2.17	 1	 -43.5002	  174.2836
1.011	 2.73	 1	 -42.4331	  174.3124
1.011	 2.17	 1	 -43.0564	  173.1160
1.014	 2.03	 1	 -41.9952	  175.0862
1.017	 2.04	 1	 -42.1946	  173.6058
1.022	 2.53	 1	 -43.5051	  173.0597
1.022	 2.39	 1	 -42.6430	  172.9360
1.023	 3.27	 1	 -41.7186	  171.0615
1.025	 6.14	 1	 -42.5402	  173.0536
1.026	 2.30	 2	 -42.6335	  172.7682
1.026	 2.24	 2	 -42.5885	  173.0264
1.026	 2.04	 1	 -41.6063	  175.2319
1.027	 2.31	 2	 -42.5684	  173.3821
1.027	 2.10	 2	 -42.4914	  172.9915
1.028	 2.97	 2	 -43.8098	  178.9081
1.029	 2.10	 2	 -42.4564	  172.9989
1.029	 2.08	 2	 -42.3866	  172.5108
1.029	 2.56	 2	 -44.7957	  172.2225
1.029	 2.31	 2	 -42.5543	  173.2210
1.031	 2.27	 2	 -42.5457	  173.1810
1.031	 2.58	 2	 -42.5660	  172.7649
1.031	 2.27	 2	 -42.5890	  172.9090
1.032	 3.39	 2	 -42.5552	  173.0869
1.032	 2.16	 2	 -38.1581	  171.6848
1.034	 3.02	 2	 -42.6089	  172.9495
1.034	 2.29	 2	 -42.4847	  172.9819
1.034	 2.76	 2	 -42.5258	  173.0125
1.034	 2.06	 1	 -42.2898	  173.6574
1.036	 2.12	 1	 -41.8246	  174.0633
1.036	 2.61	 2	 -42.7496	  173.2007
1.036	 2.74	 2	 -42.4107	  173.1180
1.036	 2.18	 2	 -42.5438	  173.0775
1.036	 3.65	 1	 -42.5154	  173.7424
1.037	 2.06	 2	 -42.6822	  172.5254
1.037	 2.05	 2	 -41.8688	  173.9797
1.037	 2.71	 2	 -42.5473	  173.0457
1.037	 2.55	 2	 -42.3750	  173.1403
1.041	 2.11	 2	 -42.5743	  173.0763
1.041	 2.17	 2	 -42.4670	  172.9249
1.041	 2.31	 2	 -42.8255	  173.2637
1.041	 2.46	 1	 -42.2141	  173.4745
1.042	 2.57	 2	 -42.5564	  172.8571
1.042	 3.03	 2	 -42.5295	  173.0343
1.043	 2.59	 1	 -42.6364	  173.6733
1.044	 2.69	 2	 -42.5620	  172.9517
1.047	 4.15	 2	 -42.1910	  172.6661
1.047	 2.03	 2	 -42.4773	  173.0443
1.047	 2.67	 2	 -42.4361	  173.0665
1.047	 3.10	 1	 -41.7745	  174.1810
1.048	 2.03	 2	 -42.5139	  172.9544
1.049	 2.02	 1	 -42.4624	  173.6050
1.050	 3.91	 2	 -42.8380	  173.5531
1.051	 2.01	 2	 -42.3640	  172.8761
1.051	 2.36	 1	 -42.3381	  173.9896
1.051	 2.31	 2	 -42.5903	  173.1965
1.052	 2.19	 2	 -42.6358	  173.1157
1.053	 2.13	 2	 -42.5071	  173.0977
1.053	 2.41	 2	 -42.5922	  173.0181
1.054	 2.03	 1	 -42.9049	  173.4804
1.054	 2.21	 2	 -42.5864	  172.9539
1.054	 3.33	 1	 -44.9068	  178.3468
1.055	 2.33	 2	 -41.7769	  174.1807
1.056	 2.27	 2	 -42.5437	  173.0312
1.057	 2.10	 2	 -42.6866	  173.0179
1.057	 2.17	 3	 -43.7825	  178.8948
1.058	 2.49	 3	 -42.9206	  173.4967
1.059	 2.57	 1	 -42.2245	  172.7935
1.060	 2.54	 1	 -38.4550	  170.9755
1.060	 2.07	 1	 -46.2850	  176.7016
1.060	 3.35	 2	 -41.8238	  171.1795
1.061	 2.50	 2	 -42.3606	  173.4451
1.064	 2.01	 2	 -42.4717	  173.0286
1.066	 2.75	 1	 -42.3362	  174.0566
1.069	 2.21	 1	 -38.9224	  176.3563
1.070	 2.12	 1	 -41.5875	  173.3238
1.071	 2.09	 1	 -43.7865	  171.9863
1.072	 2.02	 2	 -42.5439	  173.0474
1.072	 3.09	 2	 -42.4689	  173.0615
1.073	 2.13	 1	 -41.7152	  172.7004
1.074	 2.27	 2	 -41.5157	  172.8961
1.074	 2.13	 3	 -42.5285	  173.0116
1.076	 2.30	 2	 -43.7793	  172.0065
1.077	 2.34	 1	 -43.0878	  173.4132
1.079	 2.07	 2	 -42.5295	  173.1054
1.082	 2.34	 1	 -42.0652	  172.4670
1.082	 2.71	 2	 -42.5207	  172.8250
1.083	 4.67	 1	 -41.7737	  174.2889
1.083	 2.34	 1	 -43.1338	  171.9904
1.084	 3.89	 2	 -41.7854	  174.2874
1.084	 2.39	 2	 -42.4861	  173.1812
1.085	 2.54	 1	 -43.3130	  173.3063
1.086	 2.99	 2	 -42.4939	  173.0898
1.086	 2.77	 2	 -41.7564	  174.3087
1.088	 2.02	 2	 -42.5361	  173.3228
1.090	 2.09	 1	 -41.8676	  173.8301
1.090	 2.22	 1	 -42.4381	  173.0041
1.092	 2.07	 2	 -42.5011	  172.9707
1.095	 2.17	 1	 -41.8242	  173.3716
1.097	 2.85	 1	 -42.5706	  172.6259
1.099	 2.19	 1	 -42.4091	  172.7407
1.099	 2.62	 2	 -42.5837	  172.9919
1.100	 2.68	 2	 -42.7610	  172.7374
1.100	 2.18	 3	 -42.4892	  172.9655
1.100	 2.26	 2	 -42.3731	  172.7926
1.101	 2.21	 1	 -41.9710	  173.4678
1.101	 2.15	 1	 -40.6494	  173.7230
1.102	 2.01	 1	 -41.6973	  174.2088
1.104	 2.43	 1	 -41.9910	  173.5709
1.106	 2.03	 2	 -42.5150	  173.1099
1.108	 2.00	 2	 -42.5304	  172.9852
1.110	 2.19	 1	 -42.8355	  174.5698
1.112	 3.17	 1	 -42.5277	  173.1804
1.114	 2.13	 1	 -41.7114	  174.2802
1.114	 2.06	 1	 -42.0927	  173.4930
1.120	 2.88	 2	 -42.5414	  173.1095
1.122	 2.03	 1	 -41.5050	  170.4017
1.122	 2.41	 1	 -42.6079	  172.8123
1.137	 2.14	 1	 -42.0783	  177.7908
1.137	 2.07	 1	 -45.6743	  171.5639
1.141	 2.07	 1	 -43.0154	  171.8250
1.142	 2.52	 1	 -42.7066	  173.2082
1.142	 2.29	 2	 -42.7005	  173.1950
1.148	 2.51	 1	 -42.9478	  175.7953
1.149	 2.05	 1	 -42.4469	  174.0969
1.150	 2.41	 1	 -42.3258	  173.6222
1.153	 3.43	 1	 -42.6412	  173.3339
1.158	 2.05	 1	 -43.6274	  173.2859
1.158	 2.04	 1	 -41.7512	  174.2991
1.164	 2.07	 1	 -42.5535	  173.9523
1.165	 2.84	 2	 -42.5595	  173.0335
1.165	 2.13	 1	 -43.0953	  173.2871
1.168	 2.06	 2	 -42.4674	  173.1460
1.169	 2.23	 1	 -42.6871	  172.7348
1.172	 2.53	 1	 -42.6199	  174.2777
1.173	 2.64	 1	 -42.3290	  174.8751
1.174	 2.09	 2	 -42.3992	  173.1927
1.184	 2.11	 1	 -42.2583	  173.2318
1.185	 2.44	 3	 -41.8269	  171.1588
1.185	 2.20	 1	 -42.8789	  173.4672
1.186	 2.46	 1	 -41.4462	  178.9003
1.187	 2.39	 1	 -43.7455	  174.4111
1.192	 3.67	 1	 -46.9236	  170.9509
1.193	 3.02	 1	 -42.0544	  169.5798
1.197	 3.17	 1	 -41.8052	  171.4605
1.198	 2.63	 2	 -43.2680	  168.4306
1.200	 2.54	 1	 -42.1851	  172.9202
1.201	 2.14	 1	 -41.7579	  174.3523
1.201	 3.38	 2	 -42.5254	  173.3849
1.202	 2.44	 2	 -42.5294	  172.9798
1.204	 2.42	 1	 -43.5503	  174.6414
1.206	 2.12	 1	 -42.0218	  172.2047
1.208	 2.76	 1	 -42.2851	  173.2404
1.220	 2.28	 1	 -43.2649	  173.3966
1.227	 2.19	 1	 -47.0969	  173.2428
1.228	 2.19	 1	 -45.3801	  172.7741
1.230	 2.09	 1	 -43.9274	  178.9047
1.231	 2.34	 1	 -43.7271	  170.8746
1.232	 2.38	 1	 -42.2670	  173.6638
1.234	 2.10	 1	 -41.9796	  174.4063
1.235	 2.21	 1	 -41.2012	  167.2506
1.235	 2.48	 1	 -42.5685	  170.7424
1.244	 2.29	 2	 -42.2189	  172.8419
1.245	 2.42	 1	 -41.8666	  170.9535
1.247	 2.27	 1	 -41.7482	  174.0785
1.248	 2.09	 1	 -41.7913	  174.2472
1.251	 3.04	 1	 -42.4310	  174.1904
1.252	 2.24	 1	 -42.4886	  173.2599
1.255	 2.94	 2	 -41.8443	  174.3481
1.264	 2.10	 2	 -42.6816	  172.9892
1.264	 2.08	 2	 -42.5718	  173.1012
1.265	 3.08	 2	 -42.4740	  173.1349
1.265	 2.58	 1	 -43.2429	  172.9154
1.266	 2.05	 1	 -43.2318	  172.3427
1.267	 2.21	 1	 -41.6506	  174.1909
1.267	 2.41	 1	 -42.7318	  173.1309
1.268	 2.95	 1	 -42.8012	  172.3095
1.270	 2.07	 2	 -42.5611	  173.1061
1.274	 2.13	 1	 -42.3839	  173.0847
1.279	 3.10	 1	 -43.1937	  170.3268
1.281	 2.07	 1	 -42.2302	  170.2953
1.282	 2.45	 2	 -38.4475	  175.5815
1.285	 2.00	 1	 -43.5242	  171.8078
1.287	 2.33	 2	 -42.5588	  173.0413
1.288	 2.19	 1	 -42.4485	  173.2391
1.291	 2.00	 1	 -41.3938	  172.7282
1.291	 2.66	 1	 -42.1940	  172.8056
1.294	 2.24	 1	 -43.1832	  173.1833
1.298	 2.18	 1	 -44.0931	  168.7966
1.306	 2.15	 1	 -42.6043	  172.4023
1.313	 2.09	 1	 -41.0626	  172.4341
1.316	 2.14	 1	 -42.0196	  174.0625
1.320	 2.05	 1	 -41.7729	  174.2350
1.320	 2.80	 1	 -42.3392	  172.2729
1.322	 2.19	 1	 -43.3255	  171.9815
1.323	 3.54	 1	 -42.2331	  173.6249
1.325	 2.17	 1	 -42.2033	  172.0820
1.326	 2.24	 1	 -42.8958	  172.7905
1.326	 4.01	 1	 -47.0190	  171.3551
1.327	 2.28	 2	 -42.5008	  172.9913
1.327	 2.04	 2	 -46.9589	  171.1996
1.331	 2.10	 1	 -45.3221	  177.9848
1.335	 2.10	 1	 -43.5269	  173.4337
1.338	 2.01	 2	 -42.1459	  173.0672
1.339	 2.64	 1	 -42.5972	  172.9782
1.340	 3.34	 2	 -42.5103	  173.7338
1.344	 2.04	 1	 -41.1746	  169.2449
1.349	 2.04	 1	 -47.0516	  174.5234
1.353	 2.27	 1	 -42.6477	  172.8085
1.355	 2.07	 1	 -39.8492	  172.9725
1.355	 2.35	 1	 -41.8510	  174.0113
1.358	 2.24	 1	 -42.4569	  173.1540
1.359	 2.48	 1	 -41.6307	  172.7088
1.362	 2.10	 1	 -41.6792	  174.2974
1.366	 3.41	 1	 -43.6749	  172.8566
1.368	 3.00	 1	 -42.2191	  173.6908
1.370	 2.28	 1	 -47.1107	  174.1599
1.373	 2.05	 1	 -42.5285	  173.1683
1.375	 2.46	 1	 -42.2687	  173.6505
1.376	 2.05	 2	 -42.5639	  173.1075
1.376	 2.85	 1	 -40.5319	  178.1919
1.379	 2.70	 1	 -41.5431	  170.5337
1.381	 2.11	 1	 -43.3319	  172.4772
1.382	 2.13	 1	 -43.3427	  173.9640
1.384	 2.31	 2	 -42.2181	  173.6910
1.386	 2.24	 1	 -38.2082	  172.5713
1.389	 2.10	 1	 -42.9977	  171.7879
1.396	 2.05	 1	 -41.9666	  173.9013
1.405	 2.43	 1	 -43.6643	  175.3576
1.407	 2.18	 1	 -42.4575	  172.8551
1.409	 2.19	 2	 -42.7858	  172.8474
1.411	 2.69	 1	 -41.6334	  173.2951
1.413	 2.53	 1	 -46.4708	  173.2004
1.413	 2.46	 1	 -44.4302	  174.0735
1.415	 2.16	 1	 -42.9698	  172.9342
1.416	 2.07	 1	 -45.7218	  177.5434
1.425	 2.57	 1	 -41.8427	  167.0146
1.432	 2.63	 1	 -41.9872	  173.8085
1.435	 2.40	 1	 -42.6934	  172.4550
1.437	 2.94	 1	 -41.9497	  174.2233
1.437	 2.45	 2	 -42.0692	  173.7935
1.448	 2.40	 1	 -41.7807	  174.0596
1.466	 2.45	 1	 -43.6667	  170.0105
1.469	 2.42	 1	 -42.3468	  173.8968
1.469	 2.29	 1	 -42.4027	  167.8599
1.470	 2.36	 2	 -41.7784	  174.2699
1.471	 2.03	 1	 -42.4712	  173.8788
1.476	 2.93	 2	 -42.5987	  173.1135
1.477	 2.54	 1	 -42.1765	  173.6314
1.478	 2.39	 1	 -41.8395	  173.7817
1.479	 2.00	 1	 -41.7313	  174.2149
1.480	 2.18	 1	 -41.7261	  174.1761
1.481	 2.01	 1	 -42.0415	  173.5372
1.482	 3.64	 1	 -42.5053	  173.1590
1.484	 2.40	 1	 -42.6921	  172.8773
1.485	 2.14	 1	 -42.6566	  174.7636
1.488	 2.15	 1	 -46.4424	  169.6460
1.492	 2.38	 1	 -42.7152	  173.7393
1.493	 2.84	 1	 -42.6634	  173.4286
1.499	 2.10	 1	 -41.7945	  172.3972
1.505	 2.48	 1	 -42.3421	  173.9446
1.506	 3.50	 1	 -42.9024	  174.8354
1.509	 2.21	 1	 -42.1483	  173.5758
1.510	 2.14	 1	 -42.5312	  173.7362
1.510	 2.12	 1	 -44.4239	  167.3760
1.513	 3.49	 1	 -42.7666	  172.7709
1.514	 2.23	 1	 -42.2128	  173.6079
1.519	 3.00	 1	 -41.1986	  171.7997
1.519	 2.08	 1	 -43.7667	  170.8471
1.525	 2.82	 1	 -44.4726	  167.4041
1.528	 2.07	 1	 -42.4746	  174.2465
1.529	 2.41	 1	 -41.7663	  174.2653
1.532	 2.13	 1	 -44.8740	  170.3681
1.532	 2.77	 1	 -43.0646	  174.5227
1.534	 2.61	 1	 -42.0103	  173.7278
1.535	 2.50	 1	 -41.6429	  174.1174
1.538	 2.43	 1	 -42.3167	  173.9594
1.540	 2.43	 1	 -42.2822	  173.1588
1.543	 2.32	 1	 -42.1149	  173.9938
1.546	 2.48	 1	 -42.7946	  175.2594
1.550	 2.72	 1	 -42.1898	  173.5544
1.552	 2.49	 2	 -42.5476	  173.0441
1.559	 2.02	 1	 -43.3971	  168.5718
1.560	 2.60	 2	 -43.6656	  175.3563
1.566	 2.24	 2	 -42.0364	  173.9781
1.568	 2.89	 1	 -42.0900	  172.9414
1.577	 2.08	 1	 -43.6512	  172.9527
1.584	 2.30	 1	 -42.5102	  175.2654
1.586	 2.28	 1	 -42.2295	  173.7901
1.587	 2.17	 1	 -43.7118	  173.1731
1.588	 2.69	 1	 -42.0528	  172.4270
1.591	 2.80	 1	 -44.7506	  173.8344
1.592	 2.42	 1	 -38.1961	  173.0706
1.597	 2.01	 1	 -41.3921	  173.3127
1.606	 2.41	 1	 -42.3351	  173.7456
1.614	 2.05	 1	 -42.3461	  173.6672
1.615	 2.03	 1	 -42.7989	  173.2561
1.623	 3.30	 1	 -42.6001	  172.9969
1.625	 2.35	 2	 -42.5449	  173.1378
1.626	 2.40	 1	 -42.1488	  173.5993
1.642	 2.77	 1	 -43.4984	  173.3396
1.643	 3.09	 1	 -42.2486	  173.7252
1.645	 2.48	 2	 -42.4275	  173.0585
1.646	 2.27	 1	 -42.5745	  173.4141
1.646	 2.86	 1	 -42.1671	  172.4997
1.658	 2.21	 1	 -41.7777	  174.8392
1.662	 2.80	 1	 -42.6255	  172.9691
1.667	 2.19	 1	 -43.8968	  178.9165
1.670	 2.66	 1	 -42.5838	  171.2437
1.674	 2.17	 1	 -43.1039	  173.2722
1.675	 2.60	 1	 -41.0144	  172.9592
1.676	 2.64	 1	 -43.0087	  174.1794
1.680	 2.12	 2	 -41.9029	  173.8008
1.687	 2.73	 1	 -42.5174	  173.0102
1.690	 2.30	 1	 -41.7266	  172.9695
1.692	 2.44	 1	 -42.1393	  173.4890
1.695	 2.61	 1	 -42.9021	  172.7757
1.704	 2.99	 1	 -42.2989	  174.4687
1.711	 2.82	 1	 -42.2781	  169.2041
1.726	 2.32	 1	 -42.3417	  173.4509
1.728	 2.64	 2	 -42.7831	  172.8523
1.733	 2.07	 1	 -41.7778	  173.2044
1.735	 2.57	 1	 -43.4414	  171.4447
1.743	 2.18	 1	 -41.7967	  174.2137
1.744	 3.16	 1	 -42.3305	  173.1701
1.749	 2.28	 1	 -41.8081	  174.0346
1.750	 3.20	 1	 -44.9845	  176.1960
1.750	 2.11	 2	 -43.4982	  173.3407
1.753	 2.24	 1	 -41.8187	  173.9856
1.755	 2.79	 1	 -41.3285	  173.5878
1.755	 2.16	 1	 -41.7607	  174.2217
1.765	 2.52	 1	 -42.2511	  173.7141
1.765	 3.14	 1	 -42.6545	  172.7708
1.774	 2.34	 1	 -42.7384	  172.5404
1.777	 2.80	 1	 -39.9881	  172.1010
1.782	 2.72	 1	 -42.6614	  172.8172
1.789	 2.06	 1	 -39.4647	  177.2815
1.796	 2.27	 1	 -42.3159	  173.7329
1.797	 2.53	 1	 -38.2030	  173.3654
1.804	 2.15	 1	 -42.1113	  173.7612
1.812	 2.08	 3	 -42.4131	  173.0624
1.813	 2.06	 1	 -42.3310	  173.6419
1.817	 2.49	 1	 -42.1599	  173.6538
1.824	 2.94	 1	 -42.5257	  172.5759
1.825	 2.33	 1	 -47.1536	  172.2546
1.829	 2.17	 1	 -40.6272	  178.4565
1.829	 2.13	 1	 -43.6708	  172.5493
1.833	 2.47	 1	 -42.4893	  171.1642
1.839	 2.01	 1	 -43.0291	  170.8316
1.839	 2.08	 1	 -45.2614	  175.6948
1.842	 2.04	 1	 -42.2516	  173.8509
1.845	 2.80	 2	 -42.6337	  173.2061
1.847	 2.13	 1	 -42.8439	  172.7246
1.851	 2.18	 1	 -43.3693	  171.5851
1.859	 2.17	 2	 -42.4648	  173.0271
1.868	 2.61	 1	 -47.0556	  174.5020
1.869	 3.01	 1	 -38.1980	  173.2056
1.869	 2.52	 1	 -43.4901	  173.3845
1.883	 2.34	 1	 -42.1461	  171.6592
1.883	 2.90	 1	 -45.3935	  177.9133
1.888	 2.43	 1	 -44.7520	  175.6526
1.890	 2.82	 1	 -42.2398	  173.7070
1.902	 2.06	 1	 -42.3076	  174.6159
1.904	 2.03	 1	 -41.9804	  174.0578
1.904	 2.25	 1	 -42.1099	  172.9148
1.905	 2.92	 1	 -42.0648	  173.6920
1.906	 2.32	 1	 -42.5463	  173.3595
1.909	 2.26	 1	 -39.3812	  172.7330
1.910	 2.72	 1	 -43.1075	  178.2634
1.918	 2.88	 1	 -43.7419	  172.1487
1.922	 2.10	 2	 -42.5904	  173.2252
1.922	 2.06	 1	 -41.8292	  174.0144
1.922	 2.03	 1	 -42.9612	  173.2352
1.930	 2.30	 2	 -42.6653	  173.2406
1.933	 2.03	 1	 -42.1750	  173.6305
1.939	 2.91	 1	 -41.1865	  173.3210
1.939	 2.03	 2	 -41.4270	  173.2865
1.943	 2.28	 1	 -42.4694	  173.6786
1.947	 2.01	 1	 -42.2066	  173.5509
1.951	 3.83	 1	 -41.7530	  174.2946
1.953	 2.15	 1	 -43.3468	  172.1217
1.954	 2.99	 1	 -38.8279	  173.5492
1.966	 2.14	 1	 -41.7580	  174.4418
1.968	 2.50	 1	 -41.5090	  174.7510
1.984	 2.05	 1	 -47.0785	  171.6736
1.985	 2.46	 2	 -42.6084	  173.0161
1.985	 2.73	 2	 -42.5379	  173.0522
2.002	 2.12	 1	 -42.2140	  173.6636
2.003	 2.88	 1	 -44.1916	  172.9430
2.006	 2.14	 1	 -43.9753	  172.9056
2.008	 2.01	 1	 -42.3280	  173.7455
2.013	 3.67	 1	 -42.3437	  174.0408
2.025	 3.07	 1	 -42.4463	  172.7430
2.033	 2.09	 1	 -42.5959	  173.7356
2.033	 5.20	 1	 -41.6968	  174.2153
2.033	 2.36	 2	 -41.7105	  174.1820
2.033	 2.19	 1	 -43.0865	  173.6177
2.034	 5.33	 2	 -41.6806	  173.9475
2.034	 2.19	 1	 -38.7395	  174.1304
2.036	 2.10	 2	 -41.6594	  174.2070
2.037	 2.13	 2	 -42.0864	  173.1556
2.038	 2.35	 3	 -41.5433	  173.9450
2.039	 2.30	 2	 -42.5349	  173.3260
2.041	 2.83	 1	 -41.7973	  174.3840
2.044	 2.22	 2	 -41.8076	  174.0296
2.048	 2.11	 3	 -41.6731	  173.9517
2.049	 2.29	 1	 -43.8388	  174.1776
2.061	 2.01	 1	 -43.0776	  175.2150
2.068	 2.15	 2	 -41.6569	  174.1964
2.069	 2.58	 2	 -41.7156	  174.2440
2.073	 2.54	 3	 -41.7907	  173.9630
2.078	 2.19	 2	 -41.7036	  174.1824
2.082	 2.78	 1	 -42.2468	  173.7116
2.091	 2.41	 1	 -41.9021	  173.5079
2.098	 2.02	 1	 -42.8913	  172.2249
2.103	 2.50	 1	 -41.7323	  174.2679
2.109	 3.89	 2	 -42.5499	  173.3362
2.111	 3.43	 1	 -46.8575	  175.3281
2.117	 2.05	 3	 -41.7511	  173.9512
2.123	 2.05	 1	 -44.0201	  178.8672
2.126	 3.15	 1	 -42.5071	  172.6106
2.131	 2.39	 1	 -42.1499	  172.8319
2.131	 2.09	 1	 -46.6641	  173.4108
2.144	 2.76	 2	 -41.6957	  174.2095
2.145	 2.40	 1	 -42.3970	  173.6486
2.149	 3.19	 1	 -43.0487	  171.5945
2.152	 3.25	 3	 -42.5454	  173.2946
2.158	 2.53	 1	 -42.0815	  173.7023
2.173	 2.08	 1	 -43.2317	  173.2265
2.176	 2.50	 1	 -42.4416	  173.3136
2.177	 2.28	 2	 -42.0895	  172.9455
2.178	 2.34	 1	 -42.5511	  173.0526
2.185	 4.18	 1	 -42.8394	  168.5869
2.187	 2.01	 1	 -42.5924	  173.2256
2.190	 2.03	 2	 -41.5420	  174.0288
2.190	 2.14	 1	 -41.0756	  175.2242
2.192	 2.49	 1	 -38.5302	  175.3367
2.192	 2.00	 1	 -46.9034	  170.8762
2.195	 2.56	 1	 -42.3805	  173.0553
2.198	 2.38	 2	 -41.8249	  174.2406
2.199	 2.20	 1	 -42.0304	  171.4175
2.205	 2.52	 1	 -43.6608	  171.5681
2.206	 2.17	 1	 -44.1685	  172.5892
2.212	 2.04	 1	 -42.3972	  174.8309
2.215	 2.04	 1	 -42.2696	  173.7545
2.221	 2.10	 1	 -41.6543	  174.2197
2.221	 2.10	 1	 -42.2204	  173.4846
2.224	 2.20	 1	 -41.2988	  169.2974
2.225	 2.61	 1	 -41.7754	  173.3277
2.228	 2.85	 1	 -42.2836	  173.6306
2.230	 2.20	 2	 -42.4375	  173.3080
2.242	 2.17	 1	 -42.4782	  172.8977
2.242	 2.36	 1	 -41.8093	  172.6996
2.244	 2.22	 3	 -41.8312	  174.2485
2.262	 2.03	 1	 -42.2340	  173.4587
2.268	 2.24	 1	 -42.3776	  172.7287
2.277	 2.16	 1	 -42.7511	  173.8504
2.289	 2.35	 1	 -42.1805	  173.7540
2.291	 3.06	 1	 -41.8079	  174.3248
2.294	 2.18	 1	 -42.7247	  172.9198
2.294	 2.05	 1	 -41.9654	  173.8332
2.303	 2.15	 2	 -42.6228	  172.9705
2.306	 2.57	 1	 -41.9906	  173.7242
2.309	 2.32	 1	 -43.0447	  171.4711
2.310	 3.76	 1	 -41.7695	  174.4085
2.318	 2.53	 1	 -42.0177	  173.6284
2.319	 2.07	 1	 -38.2230	  172.3515
2.327	 2.14	 1	 -43.8999	  172.9276
2.340	 3.61	 1	 -46.9352	  170.9954
2.344	 2.16	 1	 -41.8856	  173.6623
2.353	 2.09	 2	 -42.4248	  173.3898
2.354	 2.24	 1	 -42.6465	  172.7503
2.355	 2.11	 1	 -42.4860	  172.3779
2.365	 2.21	 1	 -44.8202	  167.6325
2.370	 2.56	 1	 -42.3252	  170.8772
2.376	 2.41	 1	 -42.9300	  173.1458
2.383	 2.22	 1	 -38.4570	  170.9681
2.385	 2.14	 1	 -42.6408	  172.7741
2.395	 2.89	 1	 -40.3899	  170.6501
2.397	 2.69	 1	 -42.4562	  172.2828
2.413	 2.07	 1	 -41.7990	  173.9790
2.417	 3.60	 1	 -41.7836	  174.1559
2.421	 2.39	 1	 -45.2224	  172.4941
2.422	 2.25	 1	 -42.8655	  172.7636
2.437	 2.52	 1	 -44.0384	  173.3829
2.437	 2.14	 1	 -40.9837	  171.6555
2.453	 2.64	 1	 -41.4562	  173.2013
2.454	 2.11	 1	 -42.3752	  173.7682
2.459	 2.18	 1	 -42.2810	  170.9557
2.471	 2.43	 1	 -40.2311	  170.7193
2.479	 2.74	 1	 -43.4765	  173.6291
2.490	 2.54	 1	 -42.0531	  174.6135
2.505	 2.32	 1	 -42.4677	  173.2520
2.508	 2.02	 1	 -41.7165	  174.6818
2.511	 3.12	 1	 -42.2672	  173.5937
2.519	 2.48	 1	 -42.1544	  173.6157
2.520	 2.25	 1	 -40.6696	  172.4700
2.525	 2.84	 1	 -42.3047	  173.6431
2.537	 2.14	 1	 -42.2435	  173.6322
2.541	 2.14	 1	 -43.2539	  170.4447
2.543	 2.26	 1	 -44.5925	  178.5670
2.549	 2.13	 1	 -41.8449	  172.7128
2.551	 2.25	 1	 -43.9930	  175.8194
2.551	 2.41	 1	 -42.7313	  172.1337
2.562	 2.36	 1	 -43.0462	  178.1541
2.568	 2.73	 2	 -42.4640	  173.0106
2.574	 2.04	 1	 -41.7487	  174.2890
2.581	 2.16	 3	 -41.7846	  173.8872
2.585	 2.17	 1	 -41.7116	  172.5095
2.592	 2.33	 1	 -41.8674	  173.6982
2.606	 2.13	 1	 -40.6983	  174.3323
2.614	 2.45	 1	 -42.2856	  173.3209
2.620	 2.10	 1	 -42.4934	  174.0552
2.626	 2.18	 1	 -42.8584	  172.6442
2.627	 2.07	 1	 -39.5585	  171.3023
2.630	 2.10	 1	 -44.5908	  172.1396
2.635	 2.03	 1	 -42.9784	  177.1049
2.646	 2.10	 1	 -41.8458	  173.0961
2.646	 2.82	 1	 -42.5048	  173.3894
2.656	 2.29	 1	 -42.2840	  173.1805
2.668	 3.43	 1	 -42.4615	  172.9649
2.680	 2.53	 1	 -43.2561	  171.8445
2.681	 2.26	 1	 -42.4571	  173.1205
2.682	 2.69	 1	 -46.0886	  171.6412
2.683	 2.53	 1	 -41.6206	  172.8655
2.685	 2.12	 1	 -44.8473	  173.1267
2.686	 2.98	 1	 -47.1755	  173.4985
2.693	 2.94	 1	 -44.0001	  174.4008
2.693	 2.06	 1	 -42.3669	  173.1373
2.701	 2.82	 1	 -42.4156	  175.8805
2.706	 2.53	 1	 -42.6626	  172.1526
2.722	 3.96	 2	 -42.7518	  172.9913
2.726	 2.04	 1	 -45.7811	  174.8665
2.741	 2.71	 1	 -42.5976	  173.1213
2.743	 2.28	 3	 -42.7530	  172.9867
2.744	 2.82	 1	 -42.2405	  173.6352
2.752	 2.04	 1	 -42.3804	  173.8009
2.755	 2.50	 1	 -41.8429	  172.2814
2.757	 2.72	 1	 -42.8042	  166.9062
2.759	 2.69	 1	 -42.3756	  172.6672
2.763	 2.12	 1	 -42.0563	  173.5316
2.765	 2.49	 1	 -42.5047	  173.7528
2.766	 2.22	 1	 -44.7665	  173.0455
2.773	 2.14	 1	 -41.7650	  174.2939
2.774	 2.18	 1	 -42.9125	  173.2892
2.774	 2.67	 1	 -41.7576	  174.2900
2.775	 2.77	 1	 -42.4078	  173.3382
2.778	 2.46	 1	 -40.5900	  167.6143
2.781	 3.02	 1	 -42.8362	  173.1901
2.826	 2.03	 1	 -41.5439	  172.2227
2.827	 2.24	 1	 -42.1653	  173.4689
2.829	 2.11	 1	 -40.8652	  172.8087
2.829	 2.91	 1	 -43.7114	  177.0965
2.847	 2.14	 1	 -41.0355	  167.3349
2.852	 2.77	 1	 -41.8486	  173.9158
2.852	 2.20	 1	 -42.9186	  174.1412
2.868	 2.84	 1	 -43.8742	  171.7518
2.872	 2.46	 1	 -42.7571	  173.0646
2.876	 2.42	 1	 -41.8130	  174.1285
2.878	 3.25	 2	 -42.4383	  173.3277
2.899	 2.20	 1	 -42.2330	  173.6327
2.900	 2.33	 1	 -38.2257	  173.7254
2.910	 2.64	 1	 -42.3344	  173.7386
2.914	 2.28	 1	 -42.8998	  171.6065
2.917	 2.61	 2	 -43.0097	  172.6211
2.919	 2.15	 1	 -41.8548	  173.5098
2.922	 2.89	 1	 -45.3874	  172.7980
2.933	 2.12	 1	 -45.8364	  168.6482
2.934	 2.04	 2	 -45.3839	  172.7931
2.944	 2.19	 1	 -42.1883	  173.0932
2.944	 2.08	 1	 -41.6760	  174.2989
2.945	 2.36	 1	 -42.2689	  173.6009
2.957	 2.22	 1	 -42.7604	  173.0520
2.966	 3.98	 1	 -42.7247	  172.5630
2.987	 2.90	 1	 -41.0138	  178.6976
2.994	 2.43	 1	 -42.4865	  171.4358
3.000	 2.72	 1	 -41.9851	  173.4658
3.004	 2.12	 1	 -42.2140	  173.6338
3.032	 2.17	 1	 -42.2564	  174.2622
3.043	 2.84	 1	 -41.6362	  174.1701
3.046	 2.20	 2	 -42.9796	  173.4406
3.056	 2.31	 1	 -42.3878	  174.0630
3.058	 2.12	 1	 -42.2550	  173.7219
3.060	 2.41	 1	 -42.3860	  173.0821
3.061	 3.21	 1	 -42.2971	  173.6731
3.103	 2.02	 1	 -47.0654	  171.5970
3.106	 2.18	 1	 -41.9002	  179.0442
3.106	 3.14	 1	 -42.4709	  174.5213
3.113	 2.57	 1	 -42.9660	  173.3399
3.118	 2.29	 1	 -43.2749	  172.9621
3.131	 2.18	 1	 -41.8203	  174.2408
3.135	 2.78	 1	 -42.0899	  173.2346
3.150	 3.66	 1	 -42.3588	  166.9212
3.162	 2.19	 2	 -42.4983	  172.9881
3.184	 2.20	 2	 -42.5349	  173.3272
3.204	 2.40	 1	 -43.1587	  172.4097
3.205	 2.35	 1	 -42.4615	  173.7944
3.212	 2.85	 1	 -42.6276	  173.1553
3.214	 2.20	 1	 -41.8809	  173.9411
3.235	 2.03	 1	 -40.7523	  171.5909
3.247	 2.07	 1	 -41.2795	  173.4599
3.249	 2.26	 1	 -41.5858	  167.0925
3.251	 2.12	 1	 -42.4582	  172.8987
3.251	 2.12	 1	 -41.8600	  173.8986
3.260	 2.43	 1	 -43.2231	  172.4882
3.269	 3.15	 3	 -42.8331	  173.5483
3.279	 2.52	 2	 -41.8683	  173.9097
3.284	 2.12	 1	 -45.3039	  170.4490
3.291	 2.06	 1	 -42.5353	  173.2433
3.298	 2.35	 1	 -42.7245	  173.1506
3.301	 2.18	 2	 -47.0231	  171.3428
3.341	 2.27	 1	 -41.6726	  173.1906
3.342	 2.06	 1	 -42.6954	  173.7977
3.343	 3.03	 1	 -41.8392	  174.1987
3.346	 2.13	 1	 -41.8171	  174.2141
3.350	 2.25	 1	 -41.6570	  173.5807
3.373	 2.46	 1	 -41.4990	  173.3079
3.373	 2.30	 2	 -41.6946	  174.2327
3.390	 2.08	 1	 -41.9233	  172.9066
3.409	 2.18	 1	 -42.9639	  174.2426
3.428	 3.56	 1	 -46.5525	  176.1604
3.454	 2.04	 1	 -42.2463	  172.1349
3.455	 2.36	 1	 -42.1290	  171.6904
3.473	 2.02	 1	 -45.6189	  175.1852
3.483	 2.53	 1	 -42.3756	  175.8751
3.487	 2.46	 1	 -42.5073	  173.9078
3.489	 2.14	 1	 -43.0692	  173.2204
3.506	 2.47	 1	 -39.9292	  170.3244
3.507	 2.35	 1	 -43.2474	  173.1283
3.516	 3.39	 1	 -41.8315	  173.0284
3.525	 2.15	 1	 -39.6484	  177.5248
3.551	 2.09	 1	 -42.3910	  173.7030
3.563	 2.08	 1	 -41.7279	  170.3908
3.572	 2.18	 1	 -41.7995	  174.1742
3.575	 2.03	 1	 -41.6359	  174.1713
3.585	 2.14	 2	 -42.0742	  173.8496
3.586	 3.00	 1	 -43.2838	  173.5528
3.596	 2.07	 1	 -42.6887	  173.4524
3.621	 2.19	 1	 -46.9551	  174.9701
3.649	 2.09	 1	 -44.0903	  171.4043
3.658	 2.40	 1	 -39.8448	  168.2875
3.661	 2.78	 1	 -42.0439	  172.1612
3.667	 2.23	 1	 -43.2113	  170.2950
3.668	 2.04	 1	 -41.9809	  175.5250
3.678	 2.16	 1	 -43.7775	  178.9592
3.687	 2.03	 1	 -43.4589	  172.2861
3.696	 2.09	 1	 -45.4828	  169.8670
3.705	 2.46	 1	 -40.4704	  167.7036
3.732	 3.62	 1	 -41.6457	  174.3915
3.737	 2.02	 1	 -40.5291	  169.2859
3.759	 3.24	 1	 -43.0496	  171.7815
3.764	 2.07	 1	 -41.8752	  172.8269
3.764	 3.21	 1	 -42.0638	  173.5860
3.775	 2.19	 1	 -41.7062	  174.2878
3.792	 2.11	 1	 -43.4653	  172.3888
3.797	 2.37	 1	 -45.0940	  169.4194
3.802	 2.44	 1	 -43.1494	  173.4940
3.818	 2.67	 1	 -42.6231	  173.0959
3.826	 3.82	 2	 -42.0635	  172.6006
3.829	 2.38	 1	 -38.2196	  173.6493
3.839	 2.34	 1	 -42.1817	  173.4977
3.846	 2.61	 1	 -42.5962	  175.1322
3.860	 2.22	 3	 -42.0659	  172.5994
3.866	 2.19	 2	 -42.6311	  173.1063
3.867	 2.56	 1	 -42.6533	  172.8570
3.871	 2.11	 1	 -42.3131	  173.6881
3.875	 2.17	 1	 -42.2280	  173.6006
3.892	 2.34	 1	 -42.3524	  173.6387
3.893	 2.36	 1	 -39.6878	  173.4034
3.905	 2.32	 1	 -41.7381	  174.2446
3.916	 2.32	 1	 -43.3759	  170.9549
3.918	 2.06	 1	 -42.1490	  173.8077
3.921	 3.31	 1	 -41.7803	  173.8745
3.925	 2.12	 1	 -38.3919	  173.0630
3.925	 2.60	 1	 -43.9734	  173.4900
3.936	 2.71	 1	 -42.0291	  174.1197
3.944	 3.26	 1	 -45.4052	  171.2325
3.964	 2.31	 1	 -42.1678	  171.8647
3.973	 2.00	 1	 -42.3516	  173.5952
3.974	 2.80	 1	 -41.7679	  174.2578
3.994	 2.45	 2	 -42.7187	  173.0834
3.998	 2.55	 2	 -42.6046	  173.0347
4.006	 2.02	 1	 -43.5139	  172.6951
4.010	 2.49	 1	 -41.8947	  172.6902
4.015	 2.15	 1	 -43.7238	  171.7532
4.020	 2.26	 1	 -44.6813	  172.3385
4.026	 2.03	 1	 -43.6757	  173.5975
4.033	 3.36	 1	 -42.0072	  173.4532
4.042	 2.02	 1	 -42.8996	  173.5715
4.051	 2.69	 1	 -42.0709	  173.8316
4.063	 2.82	 1	 -41.7644	  174.1440
4.077	 2.00	 1	 -42.1229	  173.7831
4.101	 2.75	 1	 -43.0209	  173.6083
4.119	 2.34	 1	 -46.6420	  170.0974
4.121	 2.15	 1	 -41.8446	  173.4808
4.139	 2.43	 1	 -42.1720	  171.8871
4.143	 2.44	 1	 -44.5166	  174.0831
4.188	 2.64	 1	 -42.3526	  173.5988
4.191	 2.30	 1	 -42.2854	  173.6482
4.200	 2.47	 1	 -42.6754	  172.5719
4.201	 2.16	 1	 -41.8582	  173.7554
4.234	 2.27	 2	 -42.5121	  173.0584
4.242	 2.48	 1	 -41.2786	  173.0635
4.249	 2.42	 1	 -42.3539	  172.9742
4.281	 2.17	 1	 -42.5450	  172.2403
4.335	 2.91	 1	 -42.7531	  171.8743
4.337	 3.27	 1	 -42.0477	  173.7446
4.343	 2.03	 1	 -42.3646	  171.9233
4.344	 2.06	 3	 -42.7206	  173.0808
4.348	 2.61	 1	 -38.8335	  175.2693
4.379	 2.58	 1	 -41.6941	  174.2367
4.402	 2.14	 1	 -42.4535	  173.2171
4.411	 3.05	 1	 -43.0601	  173.7065
4.413	 2.12	 1	 -42.3988	  173.1584
4.425	 2.25	 2	 -42.8343	  168.5698
4.447	 2.26	 2	 -42.0607	  173.5744
4.461	 2.59	 1	 -41.7803	  174.1497
4.468	 2.25	 1	 -42.1315	  172.2080
4.481	 2.56	 1	 -42.6001	  172.8158
4.488	 2.69	 1	 -41.6560	  173.5348
4.489	 2.78	 1	 -42.9449	  172.5446
4.494	 2.18	 1	 -38.0913	  173.1217
4.509	 2.03	 1	 -46.8097	  170.5623
4.525	 2.02	 1	 -42.5473	  173.6322
4.528	 2.28	 2	 -42.4516	  173.1074
4.530	 2.42	 1	 -42.2674	  173.7121
4.581	 3.50	 1	 -46.2627	  169.3027
4.584	 2.96	 1	 -40.8606	  177.7720
4.600	 2.49	 1	 -45.2928	  178.0133
4.608	 3.47	 1	 -42.7609	  172.9999
4.619	 2.94	 1	 -40.6109	  167.5994
4.672	 2.38	 1	 -46.9971	  171.2533
4.673	 2.31	 1	 -40.9274	  173.9876
4.694	 2.83	 1	 -40.2277	  178.1390
4.728	 2.09	 1	 -43.5262	  173.0662
4.732	 2.76	 1	 -41.6553	  172.5583
4.763	 2.16	 1	 -43.0121	  172.5798
4.766	 2.40	 1	 -45.0018	  174.2148
4.767	 2.22	 1	 -42.1055	  169.3647
4.778	 2.74	 2	 -41.6278	  174.1192
4.780	 2.03	 1	 -41.7142	  174.2713
4.795	 2.07	 1	 -39.6757	  177.5587
4.800	 2.27	 1	 -41.8102	  174.3192
4.811	 2.61	 1	 -41.9653	  173.6345
4.815	 2.57	 1	 -42.1385	  173.8292
4.827	 2.35	 1	 -42.2925	  173.6252
4.850	 2.50	 1	 -42.8034	  172.2981
4.863	 2.31	 2	 -40.2320	  178.1440
4.890	 2.40	 1	 -45.7370	  177.1083
4.910	 2.46	 1	 -43.4766	  174.7543
4.913	 2.23	 1	 -42.2383	  174.5846
4.921	 2.56	 3	 -41.7092	  173.9510
4.930	 2.81	 1	 -39.1287	  171.2266
4.931	 2.38	 1	 -42.3998	  173.5487
4.940	 2.12	 1	 -42.3780	  173.9769
4.942	 2.03	 1	 -47.1868	  173.2186
4.951	 2.23	 1	 -39.3753	  177.1524
4.962	 2.42	 1	 -43.8985	  171.2218
4.978	 2.22	 1	 -41.7864	  173.9416
4.979	 2.89	 1	 -41.7327	  174.1146
4.984	 2.88	 1	 -43.1209	  172.2748
5.000	 2.10	 2	 -42.9730	  172.3454
5.005	 2.04	 1	 -43.4139	  171.6370
5.005	 2.09	 1	 -41.6370	  174.2923
5.048	 2.51	 1	 -42.6306	  179.1394
5.057	 3.27	 1	 -41.7592	  173.8745
5.073	 2.00	 1	 -47.1787	  173.4387
5.116	 2.04	 1	 -42.4149	  172.7554
5.133	 3.83	 1	 -42.4462	  173.1422
5.138	 2.38	 1	 -42.7776	  173.7725
5.154	 2.15	 1	 -42.1914	  173.8972
5.158	 2.13	 1	 -41.6621	  174.0742
5.175	 2.34	 1	 -43.3157	  169.2967
5.175	 2.40	 1	 -44.6563	  172.6076
5.195	 2.56	 1	 -41.7190	  174.2796
5.251	 2.02	 1	 -41.7724	  173.8123
5.260	 4.24	 1	 -41.8485	  174.2382
5.272	 2.22	 2	 -41.8608	  174.2228
5.284	 2.10	 1	 -42.0261	  172.3425
5.290	 2.31	 1	 -43.4763	  173.4659
5.315	 2.14	 1	 -43.9889	  172.6812
5.341	 2.20	 1	 -43.2033	  171.8643
5.362	 2.33	 1	 -43.6509	  173.1545
5.367	 2.11	 1	 -41.3631	  174.7826
5.373	 2.35	 1	 -42.0426	  173.7115
5.399	 2.92	 1	 -43.3796	  172.9255
5.402	 2.37	 1	 -39.8449	  175.2396
5.404	 2.36	 2	 -42.6836	  173.0246
5.441	 2.44	 1	 -44.0484	  174.3637
5.445	 2.29	 1	 -43.3285	  171.9775
5.468	 2.17	 1	 -44.4581	  173.6937
5.481	 2.08	 1	 -42.1001	  173.7366
5.493	 2.62	 2	 -42.4858	  174.2893
5.496	 2.13	 1	 -43.4518	  179.0521
5.502	 3.24	 1	 -44.7884	  168.3698
5.510	 2.37	 1	 -41.6996	  174.1422
5.514	 2.41	 1	 -43.5239	  175.3111
5.518	 2.26	 1	 -41.7391	  174.2992
5.529	 2.05	 1	 -44.3832	  174.3296
5.543	 2.60	 2	 -44.7923	  168.3692
5.543	 2.19	 2	 -41.8494	  174.2475
5.577	 2.09	 2	 -43.3463	  172.8571
5.584	 2.75	 1	 -41.8016	  174.3873
5.600	 2.39	 1	 -41.2926	  172.5381
5.618	 2.41	 1	 -39.5282	  171.1359
5.632	 2.47	 1	 -44.0419	  172.0935
5.638	 2.42	 1	 -41.7103	  174.1990
5.666	 2.81	 1	 -42.6444	  172.9429
5.673	 2.43	 1	 -38.8190	  176.1292
5.676	 2.11	 1	 -41.9696	  174.0567
5.685	 2.15	 1	 -43.1188	  173.9522
5.689	 2.36	 1	 -44.0275	  174.1008
5.703	 2.55	 1	 -42.3396	  173.8752
5.727	 2.03	 1	 -42.0561	  173.5771
5.743	 3.26	 1	 -43.2478	  174.2863
5.745	 2.06	 1	 -44.3465	  172.9495
5.776	 2.01	 1	 -41.9696	  173.7322
5.783	 3.63	 1	 -42.7302	  172.8873
5.801	 2.20	 1	 -42.8600	  173.9635
5.807	 2.29	 1	 -41.7055	  174.3837
5.829	 2.58	 1	 -44.7616	  174.7263
5.849	 2.01	 1	 -39.3136	  168.9857
5.853	 2.28	 1	 -42.3383	  173.7498
5.854	 2.40	 1	 -42.1360	  173.6945
5.868	 2.34	 1	 -42.1533	  173.8264
5.871	 2.32	 1	 -42.5750	  170.6528
5.872	 2.10	 1	 -42.5342	  173.1549
5.874	 2.96	 1	 -38.2118	  172.5089
5.889	 2.24	 1	 -43.0754	  172.7979
5.897	 2.01	 1	 -41.7710	  174.2518
5.902	 2.63	 1	 -42.4985	  173.1305
5.903	 2.26	 1	 -44.1001	  170.9145
5.945	 3.12	 1	 -42.6079	  172.9944
5.952	 2.85	 1	 -38.3496	  171.4363
5.960	 2.52	 1	 -42.3100	  173.7173
5.961	 2.84	 1	 -41.6817	  170.4741
5.997	 2.54	 1	 -42.8514	  174.3763
6.006	 2.65	 1	 -43.0898	  172.1844
6.049	 2.40	 1	 -42.6007	  175.3853
6.072	 2.12	 2	 -42.4919	  172.4989
6.088	 2.13	 1	 -42.5897	  173.7365
6.100	 2.15	 1	 -41.9271	  173.6964
6.136	 2.01	 1	 -45.6898	  174.7859
6.137	 2.48	 1	 -42.2238	  173.4442
6.147	 3.18	 1	 -41.8163	  174.2414
6.179	 2.28	 1	 -44.8402	  173.5877
6.209	 2.27	 1	 -45.5576	  175.8613
6.213	 2.27	 1	 -42.5796	  169.5294
6.227	 2.16	 1	 -42.5483	  173.0525
6.240	 2.05	 1	 -46.3927	  176.4984
6.240	 2.22	 1	 -46.2413	  173.5036
6.276	 2.05	 1	 -42.0470	  173.7049
6.296	 2.24	 1	 -40.5630	  171.0800
6.311	 2.19	 1	 -45.0555	  167.8171
6.337	 2.12	 1	 -41.6017	  171.3681
6.360	 2.15	 1	 -41.7094	  174.6939
6.370	 2.53	 1	 -43.2486	  173.8206
6.414	 2.19	 1	 -41.1258	  170.5577
6.507	 2.03	 1	 -40.7966	  174.6187
6.542	 2.28	 1	 -41.7862	  174.2234
6.558	 2.39	 1	 -44.8324	  173.1041
6.563	 2.03	 1	 -42.9369	  173.8159
6.586	 3.52	 1	 -42.2819	  173.7702
6.602	 2.48	 1	 -40.6319	  178.4597
6.621	 2.41	 1	 -44.3173	  168.0423
6.654	 2.08	 1	 -42.3840	  173.9179
6.719	 2.06	 1	 -42.2237	  173.6428
6.738	 2.07	 1	 -41.9764	  173.8320
6.751	 2.00	 1	 -42.5464	  173.7576
6.785	 2.75	 1	 -42.2732	  173.6411
6.795	 2.16	 1	 -44.2584	  171.8442
6.813	 2.97	 1	 -47.1302	  173.5223
6.839	 2.32	 1	 -42.0008	  173.9313
6.859	 2.23	 1	 -41.9673	  173.9622
6.879	 2.22	 1	 -41.7129	  174.2792
6.905	 2.11	 1	 -42.0225	  173.7187
6.907	 2.13	 1	 -42.4301	  173.3635
6.915	 2.16	 1	 -44.9352	  175.4781
6.916	 2.09	 1	 -42.8844	  172.2553
6.916	 2.24	 1	 -41.9906	  173.9829
6.963	 2.23	 1	 -40.8040	  167.4700
7.004	 2.16	 1	 -41.9715	  174.0587
7.007	 3.07	 1	 -45.4487	  170.8495
7.080	 2.17	 1	 -40.2717	  173.3687
7.134	 2.12	 1	 -43.2939	  175.6700
7.156	 2.50	 1	 -42.9178	  172.7265
7.160	 2.38	 1	 -44.2144	  177.7856
7.183	 2.17	 1	 -41.9536	  173.5869
7.218	 2.39	 1	 -43.6120	  174.1996
7.233	 4.19	 2	 -44.1031	  170.9220
7.239	 2.04	 3	 -44.1390	  170.8643
7.270	 2.29	 1	 -44.9143	  178.3410
7.280	 2.09	 1	 -42.0967	  172.6025
7.306	 2.13	 2	 -41.7471	  174.3376
7.342	 2.01	 1	 -42.8457	  175.2396
7.387	 2.08	 1	 -41.7479	  173.7322
7.467	 2.16	 1	 -42.5103	  173.0975
7.469	 2.27	 1	 -43.1286	  171.7259
7.494	 2.09	 1	 -42.0848	  175.1939
7.532	 2.93	 1	 -42.2926	  173.7280
7.548	 2.63	 1	 -40.9582	  174.6468
7.557	 2.63	 1	 -42.5553	  172.9098
7.615	 2.19	 1	 -41.7069	  174.1825
7.616	 3.27	 1	 -44.8487	  170.7961
7.657	 3.62	 1	 -43.1973	  174.0933
7.723	 2.26	 1	 -42.5658	  173.7032
7.727	 2.61	 1	 -42.2000	  173.8850
7.728	 2.16	 2	 -42.6171	  172.9532
7.775	 2.94	 1	 -40.6860	  170.5550
7.811	 2.87	 1	 -40.6638	  168.6659
7.815	 2.16	 1	 -42.2899	  173.6718
7.816	 2.19	 1	 -41.8282	  174.0404
7.838	 2.07	 2	 -40.6745	  168.8197
7.846	 4.31	 1	 -41.5789	  174.5009
7.858	 2.42	 2	 -41.5690	  174.4985
7.859	 2.06	 1	 -38.4544	  172.8855
7.880	 2.23	 1	 -42.6007	  171.8520
7.923	 2.11	 1	 -42.1499	  177.1892
7.924	 2.69	 1	 -42.4873	  173.9774
7.955	 2.89	 1	 -42.1755	  173.5419
8.004	 2.70	 1	 -42.1478	  173.6792
8.045	 2.22	 1	 -41.7307	  174.4030
8.072	 2.04	 1	 -39.1001	  169.3426
8.100	 2.32	 1	 -42.7076	  175.2691
8.138	 2.03	 1	 -43.5948	  170.4623
8.156	 2.11	 1	 -41.7630	  177.5780
8.162	 2.39	 1	 -42.6411	  170.9703
8.166	 2.72	 1	 -43.2126	  173.7700
8.214	 2.35	 1	 -42.1628	  175.3096
8.217	 2.15	 1	 -42.3130	  173.2173
8.218	 2.43	 1	 -42.2653	  173.6745
8.229	 2.04	 1	 -42.7520	  173.3749
8.258	 2.32	 1	 -41.9340	  168.4430
8.270	 2.40	 1	 -41.6917	  174.3032
8.274	 2.40	 2	 -47.0295	  171.0175
8.295	 2.58	 1	 -41.7952	  174.3990
8.313	 2.86	 1	 -42.2251	  173.7684
8.336	 2.13	 1	 -42.2907	  174.0053
8.344	 4.19	 2	 -41.7284	  174.4154
8.413	 2.20	 2	 -38.8702	  175.3074
8.442	 2.55	 1	 -42.0781	  166.9617
8.511	 3.60	 1	 -41.8114	  174.2529
8.529	 3.03	 1	 -41.6844	  174.1013
8.551	 2.08	 1	 -42.6583	  172.7875
8.556	 2.05	 1	 -41.7732	  174.4044
8.567	 2.00	 1	 -43.7327	  170.3423
8.606	 2.75	 1	 -43.9030	  173.0102
8.618	 2.54	 1	 -41.7826	  174.1598
8.638	 2.19	 1	 -41.9546	  173.7176
8.640	 2.22	 2	 -41.9238	  168.4579
8.650	 3.70	 2	 -42.7630	  173.0014
8.733	 2.93	 2	 -41.6954	  174.1793
8.765	 2.21	 1	 -44.4178	  172.6119
8.798	 2.14	 1	 -42.1779	  173.1733
9.012	 2.70	 1	 -42.2581	  173.7719
9.050	 2.04	 1	 -41.8306	  172.3889
9.067	 2.65	 1	 -42.2669	  173.9098
9.080	 2.07	 1	 -42.7617	  173.1279
9.104	 2.39	 3	 -42.2493	  172.6441
9.157	 2.57	 1	 -39.1835	  176.8477
9.172	 2.98	 1	 -42.2153	  173.6170
9.227	 2.02	 1	 -42.6437	  172.8701
9.264	 2.32	 1	 -41.1643	  169.5509
9.264	 2.55	 1	 -42.5891	  173.5057
9.314	 2.80	 1	 -42.8839	  170.8903
9.354	 2.22	 1	 -42.6628	  172.9901
9.372	 2.35	 1	 -40.5156	  171.9815
9.411	 2.11	 1	 -41.7067	  174.2957
9.421	 2.42	 1	 -41.8960	  174.3061
9.501	 3.88	 1	 -42.4909	  173.7129
9.512	 2.12	 1	 -41.7099	  174.1927
9.514	 2.18	 1	 -41.7207	  174.9728
9.525	 2.16	 2	 -41.6888	  175.0806
9.529	 2.99	 1	 -40.4841	  178.3512
9.552	 2.60	 1	 -42.4452	  172.5847
9.594	 2.67	 1	 -47.1855	  173.2685
9.646	 2.35	 1	 -42.8342	  174.6383
9.658	 2.02	 1	 -42.3065	  173.8761
9.726	 2.96	 1	 -39.9111	  176.7200
9.778	 2.16	 1	 -39.4657	  177.2829
9.800	 2.43	 1	 -43.1043	  174.2346
9.889	 2.27	 1	 -43.4588	  172.2056
9.903	 2.76	 1	 -44.3724	  171.1382
9.972	 2.47	 2	 -41.7006	  174.1612
9.989	 2.25	 1	 -41.1309	  178.5337
10.131	 2.15	 1	 -41.6344	  176.1382
10.212	 2.63	 1	 -42.1489	  173.7202
10.230	 2.75	 1	 -43.6217	  173.6248
10.288	 2.76	 2	 -42.0403	  173.8251
10.313	 2.03	 1	 -41.9761	  173.4323
10.345	 2.06	 1	 -43.1813	  174.0895
10.413	 2.23	 1	 -41.7461	  174.2896
10.508	 2.08	 1	 -43.0795	  174.1669
10.573	 2.33	 2	 -42.4516	  173.0490
10.606	 2.50	 1	 -42.4398	  173.0302
10.618	 2.35	 1	 -44.1605	  178.8048
10.647	 2.39	 1	 -38.5562	  170.6227
10.662	 2.34	 1	 -42.4136	  173.7310
10.666	 2.20	 1	 -45.3163	  177.9905
10.677	 2.15	 1	 -41.6946	  174.3054
10.774	 2.22	 1	 -42.9857	  172.0407
10.775	 2.30	 1	 -39.9555	  171.2061
10.834	 2.67	 1	 -42.3431	  174.1269
10.896	 2.55	 1	 -38.2931	  174.2868
10.939	 2.04	 1	 -42.7102	  173.4200
10.940	 2.14	 1	 -43.8069	  173.1167
10.943	 2.51	 1	 -42.0333	  173.7232
10.967	 2.54	 1	 -44.2154	  174.1733
11.069	 2.66	 1	 -42.9063	  173.4509
11.204	 2.17	 1	 -41.1596	  173.1658
11.291	 2.26	 1	 -43.4427	  174.6632
11.312	 2.32	 1	 -43.8215	  171.1104
11.404	 2.14	 1	 -45.2483	  167.9886
11.478	 2.13	 1	 -42.1420	  172.8344
11.491	 2.27	 1	 -42.2526	  173.6205
11.542	 2.34	 1	 -44.0081	  169.9163
11.618	 2.08	 1	 -41.8375	  174.1407
11.675	 2.81	 1	 -42.4385	  173.2607
11.689	 2.16	 1	 -42.7773	  176.3674
11.699	 2.10	 1	 -43.2207	  175.1885
11.746	 2.65	 1	 -40.5435	  172.0923
11.765	 2.40	 1	 -42.2698	  173.5588
11.824	 2.02	 1	 -42.2260	  173.7598
11.826	 2.14	 1	 -42.1737	  173.1225
11.848	 2.26	 1	 -43.1958	  172.8405
11.849	 2.13	 1	 -42.9374	  171.6813
11.902	 2.81	 1	 -42.7592	  173.8699
11.921	 2.45	 1	 -42.1397	  173.7578
11.922	 2.00	 1	 -42.6054	  173.2920
11.983	 2.32	 1	 -41.8722	  171.3528
11.994	 2.96	 1	 -43.3397	  173.6080
12.021	 2.18	 1	 -43.4939	  172.1346
12.136	 2.39	 2	 -42.0377	  173.8184
12.157	 2.29	 1	 -40.8182	  173.3212
12.185	 2.60	 1	 -42.3140	  173.6256
12.253	 2.59	 1	 -43.0817	  171.4934
12.290	 2.31	 1	 -43.8524	  173.0570
12.294	 2.01	 1	 -42.5317	  173.7857
12.577	 2.13	 1	 -43.5999	  169.0747
12.703	 2.63	 1	 -47.1885	  172.9163
12.721	 2.22	 1	 -41.7789	  174.1589
12.823	 2.01	 1	 -38.7350	  175.9267
12.829	 2.22	 1	 -43.4105	  179.0615
12.912	 3.52	 1	 -41.3951	  170.7988
12.954	 2.06	 1	 -44.6303	  172.2629
12.988	 2.55	 1	 -44.5437	  167.4468
13.011	 2.27	 1	 -42.4373	  173.2802
13.024	 2.83	 1	 -42.1236	  173.8332
13.047	 2.50	 1	 -40.5737	  171.2741
13.073	 2.09	 1	 -40.5230	  178.3808
13.083	 2.34	 1	 -43.0072	  173.1290
13.127	 2.02	 1	 -43.6397	  172.8073
13.128	 2.31	 1	 -42.7698	  173.0367
13.237	 3.11	 1	 -47.1669	  173.6297
13.267	 2.12	 1	 -42.8384	  173.6341
13.284	 2.01	 2	 -41.3965	  170.7935
13.303	 2.87	 1	 -42.1393	  173.6800
13.308	 2.82	 1	 -41.9944	  173.7558
13.353	 2.96	 1	 -42.6360	  172.7784
13.381	 2.77	 1	 -41.8078	  174.2688
13.403	 3.00	 1	 -42.3813	  173.9028
13.436	 2.18	 1	 -43.1010	  172.5631
13.491	 2.19	 1	 -41.8721	  174.1981
13.500	 2.11	 1	 -38.9352	  172.9039
13.614	 2.49	 1	 -42.4890	  173.5173
13.644	 2.23	 1	 -44.5907	  172.3751
13.668	 3.26	 1	 -42.1505	  172.8278
13.688	 2.01	 1	 -42.2622	  173.9995
13.694	 2.97	 1	 -41.7314	  173.7804
13.703	 2.29	 1	 -42.5038	  173.4860
13.719	 2.09	 1	 -43.0955	  172.7419
13.758	 2.06	 1	 -43.0978	  172.4538
13.764	 2.12	 1	 -42.5850	  173.5831
13.799	 2.09	 1	 -42.5489	  172.5083
13.846	 2.17	 1	 -41.6654	  174.3534
13.861	 2.65	 1	 -41.7800	  174.2803
13.908	 2.35	 1	 -41.7474	  172.2283
13.961	 4.05	 1	 -42.0036	  175.4097
13.992	 2.42	 1	 -42.2774	  173.5419
14.006	 2.61	 1	 -43.6906	  171.7493
14.027	 2.19	 1	 -42.1852	  173.2434
14.082	 2.01	 1	 -43.0375	  172.8853
14.089	 2.02	 1	 -40.7515	  171.0296
14.197	 3.42	 1	 -41.9802	  179.0627
14.197	 2.64	 2	 -41.7870	  174.1574
14.267	 3.22	 1	 -42.1679	  173.6304
14.269	 2.12	 1	 -42.4925	  172.8436
14.299	 3.26	 2	 -42.0254	  179.0506
14.362	 2.85	 1	 -42.6848	  172.9534
14.365	 2.14	 1	 -42.2920	  172.4926
14.386	 2.08	 1	 -43.1580	  170.8986
14.414	 3.08	 1	 -42.0350	  172.2117
14.425	 2.11	 3	 -41.7176	  173.8852
