# Simulation 809
# RelativeTime(days) Magnitude Generation Latitude Longitude
Time Mag Gen Lat Lon
0.500	 2.29	 1	 -39.0048	  170.5921
0.500	 2.39	 1	 -42.8208	  173.1889
0.501	 2.31	 1	 -41.7096	  174.2601
0.502	 2.16	 1	 -42.8891	  173.1875
0.502	 2.52	 1	 -42.1966	  173.5436
0.504	 2.28	 1	 -40.2938	  178.1967
0.504	 2.61	 1	 -42.2119	  173.6273
0.505	 2.33	 1	 -42.3190	  173.7215
0.505	 2.09	 1	 -41.7151	  174.2512
0.505	 3.28	 1	 -41.9331	  174.2040
0.505	 2.91	 1	 -42.1060	  173.9543
0.505	 2.51	 1	 -41.8433	  174.0876
0.506	 2.02	 1	 -42.3666	  172.9087
0.506	 2.67	 1	 -41.9296	  174.2829
0.507	 2.62	 1	 -42.7974	  174.0232
0.507	 2.21	 1	 -41.9883	  173.7096
0.508	 2.06	 1	 -42.2837	  173.2971
0.508	 2.31	 1	 -41.7448	  174.3515
0.508	 2.57	 1	 -42.6868	  172.5645
0.509	 2.72	 1	 -41.7906	  173.7678
0.509	 2.55	 1	 -42.3384	  172.9302
0.510	 2.36	 1	 -39.7125	  177.6036
0.510	 2.07	 1	 -42.9018	  171.9689
0.510	 2.11	 1	 -42.2533	  173.4674
0.510	 2.33	 1	 -43.8386	  169.6462
0.511	 3.00	 1	 -42.6730	  172.6777
0.511	 2.24	 1	 -42.1975	  173.7011
0.512	 2.01	 1	 -41.8136	  174.2584
0.512	 2.15	 1	 -42.6100	  172.9524
0.513	 2.38	 1	 -42.2526	  173.9925
0.513	 2.54	 1	 -41.7289	  174.2682
0.513	 2.01	 1	 -42.7079	  174.3721
0.513	 2.93	 1	 -42.0091	  173.5957
0.514	 2.46	 1	 -42.4809	  173.2749
0.514	 2.54	 1	 -42.1395	  173.6142
0.514	 2.51	 1	 -42.5485	  179.1368
0.514	 2.21	 1	 -41.9776	  173.9408
0.514	 2.07	 1	 -42.3631	  174.0287
0.514	 2.15	 1	 -41.7014	  174.2658
0.515	 2.06	 1	 -42.8387	  172.8594
0.515	 2.50	 1	 -42.2323	  173.5942
0.515	 3.05	 1	 -42.4328	  173.2161
0.516	 2.56	 1	 -42.8212	  173.4768
0.516	 3.18	 1	 -42.3029	  173.6969
0.517	 2.55	 1	 -42.6392	  171.7516
0.518	 2.42	 1	 -43.1174	  172.4218
0.518	 2.02	 1	 -42.7134	  172.9961
0.519	 2.80	 1	 -42.5273	  173.8234
0.520	 2.17	 1	 -42.7675	  173.3457
0.520	 2.17	 1	 -42.9850	  173.1491
0.520	 2.37	 1	 -42.1878	  173.8720
0.521	 2.04	 1	 -41.6714	  174.2719
0.521	 2.08	 1	 -43.0106	  173.5699
0.521	 2.17	 1	 -41.8249	  173.9679
0.523	 2.41	 1	 -42.1760	  173.5589
0.523	 2.13	 1	 -42.6807	  172.5806
0.523	 3.23	 1	 -42.3029	  173.6375
0.523	 2.77	 1	 -41.9757	  174.1927
0.524	 2.32	 1	 -42.3783	  173.6769
0.524	 2.09	 1	 -42.6922	  171.3582
0.524	 2.16	 1	 -41.7004	  174.1619
0.526	 2.16	 1	 -44.9666	  173.5404
0.526	 2.03	 1	 -41.6008	  167.0874
0.526	 2.02	 1	 -42.6885	  173.6223
0.527	 2.44	 1	 -42.5558	  173.0289
0.530	 5.04	 1	 -42.3361	  173.9085
0.530	 2.24	 1	 -41.8457	  174.0663
0.530	 2.41	 1	 -41.7069	  174.2903
0.531	 2.66	 1	 -42.2553	  172.9262
0.531	 2.53	 1	 -41.7698	  174.1674
0.532	 2.09	 1	 -42.2603	  173.8858
0.533	 2.08	 1	 -42.3596	  173.7958
0.534	 2.77	 1	 -41.6841	  174.1952
0.534	 3.01	 1	 -42.3766	  173.9947
0.534	 2.68	 1	 -42.0886	  173.9547
0.535	 3.07	 1	 -41.9095	  173.9776
0.536	 2.40	 1	 -42.5334	  173.0712
0.536	 2.98	 1	 -42.3862	  172.8635
0.536	 2.09	 1	 -41.7492	  174.1908
0.537	 2.12	 1	 -42.4459	  173.7086
0.537	 2.17	 1	 -41.9776	  174.0543
0.538	 2.02	 1	 -42.3506	  174.0062
0.540	 2.39	 1	 -42.3629	  173.5256
0.540	 2.07	 1	 -43.0811	  172.1431
0.540	 2.40	 1	 -42.1173	  173.7223
0.541	 2.60	 1	 -41.7357	  174.2228
0.542	 2.16	 1	 -41.7323	  174.2148
0.542	 2.14	 1	 -42.2776	  173.6534
0.543	 2.28	 1	 -41.8175	  174.2248
0.544	 2.00	 1	 -42.0349	  173.6881
0.544	 3.86	 1	 -43.4063	  171.8048
0.544	 2.93	 1	 -42.2738	  173.6519
0.546	 4.09	 1	 -42.2044	  173.5818
0.547	 2.54	 1	 -42.3872	  173.6742
0.549	 2.62	 1	 -40.7196	  173.8564
0.550	 2.32	 2	 -43.4059	  171.8039
0.550	 2.58	 1	 -41.9146	  174.0235
0.550	 2.44	 1	 -41.7084	  174.2121
0.553	 3.13	 1	 -41.7031	  174.0669
0.554	 2.62	 1	 -42.2451	  172.8682
0.554	 2.63	 1	 -42.5416	  173.1032
0.555	 2.27	 1	 -44.2401	  171.9022
0.556	 2.07	 2	 -42.3378	  173.9194
0.557	 2.08	 1	 -42.2674	  173.4088
0.558	 2.07	 1	 -42.4754	  173.1832
0.561	 2.62	 1	 -43.6612	  171.9984
0.561	 2.45	 1	 -46.1757	  177.3533
0.561	 2.69	 1	 -43.8765	  172.8616
0.562	 2.05	 1	 -42.4624	  173.7010
0.562	 2.09	 1	 -41.9891	  173.6228
0.562	 2.43	 1	 -42.5613	  173.1348
0.563	 2.90	 1	 -43.0927	  174.6663
0.563	 2.13	 1	 -41.9040	  174.1746
0.565	 2.51	 1	 -42.1828	  173.6736
0.565	 2.10	 1	 -42.3113	  173.6718
0.567	 2.09	 1	 -41.8796	  174.1326
0.567	 3.03	 1	 -42.1171	  172.9992
0.568	 2.95	 1	 -42.4757	  173.1481
0.568	 2.19	 1	 -41.9045	  175.1494
0.568	 2.01	 1	 -42.5233	  174.0221
0.568	 2.35	 1	 -41.8475	  173.9259
0.569	 2.41	 1	 -42.3348	  174.1325
0.570	 2.52	 1	 -42.2970	  173.7178
0.571	 2.07	 1	 -42.0767	  172.7633
0.571	 2.01	 1	 -42.2183	  173.6704
0.572	 2.17	 1	 -42.5833	  173.0961
0.572	 2.19	 1	 -41.7200	  174.2452
0.573	 2.58	 1	 -42.0061	  172.7601
0.573	 2.57	 1	 -42.3383	  173.8495
0.573	 2.04	 1	 -42.6187	  174.6481
0.574	 2.04	 1	 -42.4834	  173.7906
0.574	 2.14	 1	 -42.5305	  173.1615
0.575	 2.36	 1	 -42.3586	  173.5349
0.576	 2.07	 1	 -41.7720	  174.3226
0.576	 3.02	 1	 -42.5311	  174.5109
0.576	 2.18	 1	 -42.6261	  172.3667
0.578	 2.21	 1	 -42.1332	  173.6584
0.579	 2.58	 1	 -42.0113	  173.7213
0.579	 2.04	 1	 -41.7836	  174.1948
0.580	 2.09	 1	 -43.2987	  174.1696
0.581	 2.95	 1	 -43.1926	  173.3914
0.582	 2.72	 1	 -42.1402	  173.6626
0.583	 3.44	 1	 -42.2824	  172.7110
0.583	 2.58	 1	 -42.2978	  173.6675
0.583	 2.42	 1	 -42.0880	  174.0332
0.584	 2.42	 1	 -41.8212	  173.3855
0.586	 2.33	 1	 -41.9674	  174.0813
0.588	 2.33	 1	 -42.0522	  171.4405
0.590	 2.24	 1	 -42.1060	  171.2676
0.591	 2.88	 1	 -42.1455	  173.6253
0.591	 2.29	 1	 -42.4938	  173.0042
0.591	 2.34	 1	 -42.5614	  173.9350
0.592	 2.01	 1	 -40.1015	  168.0221
0.593	 2.41	 1	 -41.7518	  174.3397
0.594	 2.19	 1	 -41.7042	  174.2017
0.594	 2.39	 1	 -42.7633	  172.8395
0.595	 2.07	 1	 -41.6762	  174.3326
0.595	 2.04	 1	 -43.6324	  171.7303
0.595	 2.33	 1	 -47.0299	  174.6357
0.596	 3.25	 1	 -42.1583	  168.1063
0.596	 2.68	 1	 -42.5617	  173.7517
0.597	 2.01	 1	 -41.7596	  174.2364
0.599	 2.36	 1	 -41.6592	  174.4556
0.599	 2.11	 1	 -41.8281	  173.9459
0.599	 2.86	 1	 -44.9469	  174.0771
0.599	 2.01	 1	 -42.0888	  173.9600
0.600	 2.82	 1	 -42.0927	  173.5457
0.602	 3.52	 1	 -42.2341	  173.9130
0.602	 2.02	 1	 -42.0627	  173.7335
0.603	 2.45	 1	 -40.2915	  174.6429
0.603	 2.06	 1	 -45.9965	  168.8723
0.603	 2.12	 1	 -42.6965	  172.7177
0.603	 2.67	 1	 -41.7860	  174.2203
0.605	 3.16	 1	 -40.1328	  168.3018
0.605	 2.15	 1	 -41.3982	  174.0070
0.605	 2.30	 1	 -42.5340	  172.2565
0.605	 2.78	 1	 -41.8914	  171.4115
0.606	 2.03	 1	 -42.5061	  173.8251
0.606	 2.62	 1	 -42.1189	  173.6175
0.607	 2.52	 1	 -42.1609	  173.5597
0.607	 2.75	 1	 -41.7540	  174.2747
0.608	 2.31	 2	 -42.3270	  173.9060
0.609	 2.28	 1	 -42.5224	  173.7601
0.609	 2.60	 1	 -41.6812	  174.3000
0.611	 2.88	 1	 -41.9773	  174.0435
0.611	 2.68	 1	 -42.0003	  174.0707
0.611	 2.79	 1	 -41.9391	  173.7964
0.612	 3.52	 1	 -42.8081	  173.2274
0.613	 2.04	 1	 -40.5776	  174.8168
0.613	 2.22	 1	 -42.0562	  174.0335
0.613	 3.16	 2	 -42.3675	  173.9192
0.613	 2.27	 1	 -42.1437	  173.5165
0.614	 2.66	 1	 -41.7868	  174.2551
0.616	 2.08	 1	 -42.3147	  173.6945
0.617	 2.55	 1	 -42.5781	  172.6374
0.619	 2.26	 1	 -42.6377	  173.3975
0.620	 2.05	 1	 -42.7390	  172.9565
0.620	 2.20	 1	 -42.1727	  173.6871
0.621	 2.18	 1	 -42.8934	  172.9173
0.621	 2.28	 1	 -42.9283	  172.6942
0.622	 2.87	 1	 -42.1730	  172.4523
0.623	 2.25	 1	 -42.3124	  174.0302
0.624	 2.72	 1	 -42.6405	  172.7316
0.624	 2.71	 1	 -41.6823	  174.3177
0.624	 2.43	 1	 -41.9642	  173.7958
0.626	 2.02	 1	 -42.4742	  173.2077
0.627	 3.01	 1	 -42.1521	  172.8720
0.627	 2.13	 1	 -42.0927	  173.7462
0.627	 2.68	 1	 -41.7048	  174.2386
0.628	 2.03	 1	 -42.5014	  173.1234
0.630	 2.65	 1	 -42.0238	  173.8809
0.631	 2.21	 1	 -41.8997	  174.0864
0.632	 2.54	 1	 -41.8660	  173.8826
0.632	 2.07	 1	 -42.2747	  173.5622
0.632	 2.00	 1	 -42.3474	  174.0486
0.633	 2.18	 1	 -41.7699	  174.2994
0.634	 2.02	 1	 -41.6470	  174.3468
0.636	 2.91	 1	 -42.1058	  173.6054
0.636	 2.32	 1	 -42.7491	  173.1284
0.636	 2.22	 1	 -41.6973	  174.2097
0.637	 2.15	 1	 -41.9471	  174.1362
0.638	 2.29	 1	 -42.6834	  172.2417
0.638	 2.14	 1	 -41.9863	  174.0227
0.639	 3.05	 1	 -42.2410	  173.6545
0.641	 2.54	 1	 -42.2661	  173.5184
0.641	 2.10	 1	 -42.1645	  173.7606
0.642	 3.10	 1	 -41.9364	  172.8550
0.645	 2.06	 1	 -42.5962	  173.0801
0.648	 2.35	 1	 -42.2213	  172.6833
0.649	 2.04	 1	 -42.8392	  172.8982
0.651	 3.16	 1	 -42.0263	  173.8065
0.651	 2.16	 1	 -42.3584	  172.9957
0.652	 2.03	 1	 -43.0192	  173.1789
0.654	 4.05	 1	 -42.6660	  172.7015
0.655	 2.64	 1	 -42.4199	  173.4811
0.655	 2.28	 1	 -42.2409	  173.8641
0.655	 2.12	 1	 -42.3746	  173.3973
0.656	 2.44	 1	 -41.6903	  174.2335
0.658	 2.16	 1	 -42.7821	  173.1220
0.658	 2.00	 1	 -41.6801	  174.3576
0.658	 2.18	 1	 -42.4435	  173.7601
0.659	 2.41	 1	 -43.0348	  173.9454
0.660	 2.03	 1	 -42.3377	  173.7184
0.660	 2.25	 1	 -42.4081	  173.5662
0.660	 2.11	 1	 -41.5102	  167.1196
0.663	 2.13	 1	 -42.5102	  173.9237
0.664	 2.50	 1	 -41.6944	  175.0987
0.664	 2.18	 1	 -42.4621	  172.3262
0.665	 2.12	 1	 -41.7832	  174.2263
0.666	 2.47	 1	 -43.5462	  172.4365
0.666	 2.60	 2	 -42.4165	  172.0750
0.668	 2.48	 1	 -42.5537	  173.7240
0.668	 2.04	 1	 -43.0444	  173.5375
0.668	 2.96	 1	 -42.7721	  172.3919
0.670	 2.88	 1	 -42.2154	  173.1817
0.670	 2.47	 1	 -41.6648	  174.2404
0.671	 2.01	 1	 -41.9893	  173.3595
0.671	 2.01	 1	 -42.7789	  173.2144
0.673	 3.32	 1	 -41.3576	  171.4101
0.674	 2.40	 1	 -42.2533	  173.3628
0.675	 2.11	 1	 -41.7161	  174.2654
0.676	 3.02	 1	 -40.9227	  173.3172
0.677	 2.19	 1	 -42.5206	  173.2624
0.678	 2.11	 1	 -42.3399	  173.8880
0.679	 2.42	 1	 -42.4572	  173.1866
0.679	 3.31	 1	 -42.1345	  173.5873
0.680	 3.56	 1	 -42.2865	  173.7861
0.682	 2.48	 1	 -41.6353	  174.4717
0.682	 2.09	 1	 -43.2636	  173.0834
0.683	 3.01	 1	 -42.7034	  173.3971
0.685	 2.56	 2	 -42.3297	  173.9093
0.685	 2.18	 1	 -42.6865	  172.7994
0.685	 2.23	 1	 -41.9262	  173.3711
0.686	 2.13	 1	 -41.9930	  173.8043
0.688	 2.48	 1	 -46.9526	  171.0642
0.688	 2.02	 1	 -41.8060	  174.3222
0.689	 2.36	 1	 -41.3158	  172.1425
0.690	 2.06	 1	 -42.6811	  172.7836
0.691	 2.00	 1	 -41.6966	  174.3056
0.691	 2.42	 1	 -45.1128	  171.2395
0.691	 4.59	 1	 -42.3246	  174.2148
0.692	 2.94	 1	 -41.7488	  174.3683
0.692	 2.10	 1	 -41.3476	  174.0993
0.692	 2.78	 1	 -41.7581	  174.2723
0.693	 2.39	 1	 -41.8575	  173.9601
0.693	 2.00	 1	 -42.2319	  173.6723
0.693	 2.60	 1	 -42.2937	  173.7264
0.694	 2.36	 1	 -42.5323	  173.1314
0.694	 2.79	 1	 -42.7809	  169.7758
0.694	 2.75	 1	 -41.6075	  174.1817
0.694	 2.64	 1	 -42.4286	  171.6752
0.696	 2.65	 1	 -43.2511	  174.2471
0.698	 2.35	 1	 -42.2424	  173.6842
0.699	 2.01	 1	 -42.3528	  174.0412
0.699	 2.48	 1	 -42.6709	  172.7650
0.700	 2.11	 1	 -41.7179	  174.2675
0.701	 2.98	 1	 -42.6637	  172.7005
0.702	 2.33	 1	 -44.5393	  170.5149
0.702	 2.10	 1	 -42.9367	  174.5059
0.704	 2.03	 1	 -42.1960	  173.0445
0.705	 2.04	 1	 -42.4030	  173.5505
0.705	 2.04	 1	 -41.7270	  174.2133
0.706	 2.03	 1	 -42.5601	  172.4980
0.706	 2.78	 2	 -42.5440	  173.7365
0.706	 2.49	 2	 -43.2554	  173.0762
0.707	 2.60	 1	 -41.1822	  172.7552
0.708	 2.23	 1	 -42.5626	  173.1092
0.708	 3.37	 1	 -43.3572	  172.4740
0.710	 2.90	 1	 -42.5657	  174.0215
0.710	 3.34	 1	 -41.9890	  173.7264
0.710	 2.28	 1	 -41.8053	  174.3555
0.711	 2.07	 1	 -42.1236	  173.6573
0.712	 2.26	 1	 -42.4888	  172.3339
0.712	 2.53	 1	 -42.5504	  173.2118
0.714	 3.10	 2	 -42.8247	  173.2973
0.718	 2.01	 1	 -42.2864	  173.5183
0.718	 2.02	 1	 -41.7104	  174.2394
0.719	 2.40	 1	 -41.9328	  173.9711
0.721	 2.05	 1	 -41.3161	  173.9382
0.722	 2.56	 1	 -43.0467	  172.3720
0.722	 2.27	 1	 -42.5466	  172.3210
0.723	 2.18	 1	 -42.1362	  173.6139
0.723	 3.31	 1	 -43.2028	  174.0984
0.724	 3.47	 1	 -43.7439	  171.4490
0.726	 2.01	 1	 -42.1254	  172.9058
0.727	 2.19	 1	 -42.6918	  172.7976
0.727	 2.14	 1	 -42.3804	  173.9684
0.728	 2.82	 1	 -42.4294	  173.0994
0.729	 2.08	 1	 -42.3398	  173.4896
0.734	 2.55	 1	 -42.6270	  172.9531
0.735	 2.19	 1	 -41.6774	  174.3325
0.735	 2.55	 1	 -42.6115	  172.9796
0.736	 2.15	 1	 -42.2620	  173.8304
0.736	 2.49	 1	 -40.3219	  174.0121
0.738	 2.24	 1	 -41.6347	  174.2384
0.738	 2.08	 1	 -43.6430	  175.6509
0.738	 2.34	 1	 -41.6838	  174.2578
0.739	 2.78	 1	 -43.1690	  174.0651
0.739	 2.45	 1	 -42.6864	  174.1847
0.739	 2.76	 1	 -42.3013	  173.9173
0.740	 3.70	 1	 -41.9266	  174.2947
0.740	 3.18	 1	 -41.7171	  174.2792
0.741	 2.23	 1	 -42.2564	  173.4765
0.742	 2.45	 1	 -42.4347	  173.5479
0.743	 2.17	 1	 -41.8791	  174.1229
0.743	 2.74	 2	 -42.4371	  173.1058
0.743	 2.07	 1	 -42.4049	  173.5272
0.744	 2.26	 1	 -41.2951	  175.1798
0.745	 2.00	 1	 -42.7713	  173.2363
0.747	 2.55	 2	 -42.1846	  173.5732
0.747	 2.04	 1	 -42.6627	  173.0977
0.748	 2.94	 1	 -42.2234	  174.1200
0.749	 2.12	 1	 -42.0113	  174.0322
0.749	 2.00	 1	 -41.5497	  173.1332
0.751	 2.01	 1	 -42.8004	  173.1385
0.752	 2.65	 1	 -41.8170	  174.0120
0.753	 2.28	 1	 -42.0839	  173.4907
0.758	 2.08	 1	 -44.0054	  167.6967
0.760	 2.10	 1	 -42.2777	  173.7351
0.762	 2.14	 1	 -42.3190	  173.6122
0.763	 2.21	 1	 -42.3580	  173.1363
0.763	 2.08	 1	 -42.2549	  173.8041
0.764	 2.40	 1	 -41.1236	  171.1532
0.764	 2.06	 2	 -42.3401	  174.1795
0.765	 2.85	 1	 -42.6453	  172.7840
0.766	 2.25	 1	 -43.4723	  175.1091
0.767	 2.88	 1	 -41.9824	  174.0508
0.767	 2.40	 1	 -44.2548	  170.7860
0.768	 2.17	 1	 -42.3523	  174.0367
0.768	 2.03	 1	 -42.1424	  172.8792
0.769	 2.05	 1	 -42.5816	  172.8658
0.770	 2.34	 1	 -41.8973	  174.1708
0.771	 2.25	 1	 -41.7870	  174.2185
0.772	 2.39	 1	 -41.8098	  174.2482
0.772	 2.07	 1	 -42.7482	  172.3501
0.773	 2.55	 1	 -43.2073	  172.9787
0.773	 2.37	 1	 -42.4079	  173.2649
0.774	 2.31	 1	 -41.9779	  173.6550
0.774	 2.22	 1	 -40.9796	  174.2250
0.774	 2.42	 1	 -42.4805	  173.2565
0.775	 2.70	 1	 -42.2792	  173.5901
0.775	 2.70	 1	 -42.0613	  173.6698
0.779	 2.40	 1	 -42.2835	  173.8306
0.780	 2.69	 1	 -41.8055	  174.2052
0.783	 3.04	 1	 -42.6031	  172.8637
0.783	 2.29	 1	 -41.8243	  174.2247
0.783	 2.17	 1	 -45.6846	  173.9076
0.787	 2.23	 1	 -41.7900	  174.2271
0.788	 2.00	 1	 -42.2366	  173.6919
0.788	 2.38	 1	 -41.5564	  174.2749
0.789	 2.33	 1	 -42.3621	  174.2730
0.789	 2.01	 1	 -42.6017	  172.9414
0.791	 2.23	 1	 -41.1683	  174.5835
0.793	 2.69	 1	 -41.9568	  172.2142
0.795	 4.54	 1	 -41.7748	  174.0762
0.798	 2.70	 1	 -42.2740	  173.6229
0.799	 2.28	 2	 -42.2789	  174.2666
0.803	 2.14	 1	 -42.5174	  173.1864
0.808	 2.27	 1	 -42.1260	  173.7983
0.809	 2.35	 1	 -42.2033	  173.6884
0.809	 2.92	 1	 -42.1514	  173.6650
0.812	 2.01	 1	 -42.5474	  173.7030
0.812	 3.16	 1	 -41.9037	  173.9143
0.814	 3.99	 1	 -41.9574	  174.3413
0.817	 2.00	 2	 -41.7641	  174.0983
0.817	 2.26	 1	 -41.6901	  174.2103
0.817	 3.01	 1	 -42.2471	  173.6715
0.818	 2.29	 1	 -42.3695	  174.0039
0.818	 2.03	 1	 -42.3801	  173.4992
0.819	 2.20	 1	 -41.7511	  174.1474
0.820	 2.08	 1	 -42.4567	  173.2465
0.822	 3.02	 1	 -42.6882	  172.8582
0.822	 2.55	 1	 -42.3117	  174.0503
0.826	 2.29	 2	 -41.6826	  174.3185
0.829	 2.07	 1	 -42.0211	  173.6594
0.833	 2.16	 1	 -46.0918	  177.0269
0.835	 2.25	 1	 -42.1669	  173.4682
0.837	 2.13	 1	 -42.6792	  172.4811
0.838	 2.14	 1	 -42.3254	  173.8070
0.839	 2.02	 1	 -42.2463	  173.8008
0.841	 2.59	 1	 -41.8027	  174.1291
0.842	 2.09	 1	 -43.1501	  173.4203
0.843	 2.51	 1	 -42.6903	  173.6644
0.843	 2.03	 1	 -42.3074	  173.7710
0.847	 2.26	 1	 -43.0808	  172.6129
0.847	 2.12	 1	 -42.7260	  172.9162
0.849	 3.43	 1	 -41.6991	  174.3100
0.849	 2.93	 2	 -41.7850	  174.1020
0.849	 2.23	 1	 -41.7976	  174.2890
0.849	 2.62	 1	 -42.0321	  173.7358
0.851	 2.32	 1	 -42.4573	  173.7796
0.851	 2.22	 1	 -41.7337	  174.1169
0.852	 2.45	 1	 -42.0356	  173.8111
0.855	 3.06	 1	 -42.2566	  173.8004
0.855	 2.16	 2	 -42.3051	  174.0240
0.857	 2.24	 1	 -41.6775	  174.5022
0.858	 2.62	 1	 -41.9745	  173.8513
0.858	 2.56	 1	 -45.1524	  167.9009
0.859	 2.82	 2	 -42.6960	  172.7184
0.859	 3.15	 1	 -42.5594	  172.7323
0.860	 2.41	 1	 -42.5411	  173.0352
0.865	 2.04	 1	 -42.4070	  172.1139
0.866	 2.09	 1	 -42.2741	  174.2824
0.866	 2.20	 1	 -42.6987	  173.4683
0.867	 2.05	 1	 -42.2937	  173.8926
0.868	 2.37	 1	 -42.2134	  173.5508
0.868	 2.93	 1	 -42.5499	  173.0932
0.869	 2.13	 1	 -41.1031	  173.9526
0.869	 2.14	 1	 -41.7351	  174.1934
0.869	 2.02	 1	 -42.1881	  173.6974
0.870	 2.84	 1	 -42.6930	  172.9282
0.871	 2.13	 1	 -42.6782	  172.7895
0.871	 2.62	 1	 -43.1234	  172.4365
0.873	 2.09	 1	 -42.0162	  174.2827
0.873	 2.67	 1	 -42.1731	  173.6330
0.876	 2.14	 1	 -42.5160	  173.0396
0.879	 2.54	 1	 -42.5963	  172.9056
0.879	 2.88	 1	 -42.4213	  173.7801
0.880	 2.02	 1	 -43.0046	  173.8843
0.881	 3.15	 1	 -42.4369	  173.2621
0.881	 2.89	 1	 -41.9727	  173.6904
0.882	 2.01	 1	 -41.7433	  174.2562
0.885	 2.96	 1	 -42.4832	  173.4937
0.886	 2.40	 1	 -42.1574	  173.8502
0.888	 2.02	 1	 -42.2139	  172.5582
0.889	 3.31	 1	 -42.2398	  173.5638
0.890	 2.23	 1	 -41.7009	  174.0888
0.891	 3.07	 1	 -41.6951	  174.2957
0.891	 2.15	 2	 -42.3339	  174.2195
0.892	 2.13	 1	 -41.7511	  174.3687
0.892	 2.20	 1	 -42.4266	  173.3257
0.893	 2.11	 1	 -41.7352	  174.1727
0.893	 2.05	 2	 -41.8066	  174.2834
0.893	 2.06	 1	 -41.8353	  174.1527
0.894	 2.46	 1	 -41.7638	  174.2731
0.897	 2.25	 1	 -42.2941	  173.7470
0.897	 2.28	 1	 -42.5449	  173.1118
0.897	 2.41	 1	 -42.4631	  174.5614
0.898	 3.60	 1	 -42.8629	  173.0699
0.898	 2.01	 1	 -42.1444	  173.6898
0.899	 2.65	 1	 -41.7414	  174.4138
0.899	 5.09	 1	 -42.3487	  173.8304
0.902	 2.92	 1	 -41.8148	  174.2812
0.903	 2.12	 1	 -42.3385	  173.5395
0.903	 2.33	 1	 -41.9455	  173.7018
0.904	 3.46	 1	 -42.5161	  173.6049
0.905	 2.27	 1	 -42.8600	  173.4523
0.906	 3.56	 1	 -47.1331	  173.9848
0.907	 2.17	 1	 -41.7154	  174.2627
0.910	 2.96	 1	 -42.0666	  172.9136
0.911	 2.62	 1	 -41.8788	  173.1522
0.913	 2.12	 1	 -41.9709	  173.5589
0.914	 2.21	 1	 -42.2152	  174.4096
0.914	 2.54	 1	 -41.7789	  174.2595
0.915	 2.39	 1	 -42.2070	  172.9337
0.917	 2.83	 1	 -42.3888	  172.2930
0.918	 2.23	 1	 -42.1540	  173.3293
0.919	 2.53	 1	 -41.6196	  169.1813
0.922	 2.29	 1	 -41.7928	  174.1846
0.923	 2.03	 1	 -42.6098	  172.9678
0.924	 2.16	 1	 -42.2266	  173.6739
0.924	 2.10	 1	 -42.3927	  173.6707
0.924	 2.17	 1	 -42.2800	  173.5749
0.924	 2.03	 1	 -43.0836	  172.1775
0.924	 2.28	 1	 -41.7598	  174.3307
0.925	 2.22	 1	 -45.4380	  178.0252
0.925	 2.32	 2	 -42.3531	  173.8675
0.925	 2.24	 1	 -42.2659	  173.2229
0.926	 2.76	 1	 -42.3544	  173.6917
0.927	 2.79	 1	 -42.5471	  173.7911
0.927	 4.27	 1	 -42.1913	  173.9818
0.927	 2.19	 1	 -42.5359	  173.9428
0.930	 2.21	 1	 -42.6818	  172.7823
0.931	 2.91	 1	 -41.7993	  174.4230
0.934	 2.29	 1	 -41.7343	  174.3012
0.935	 2.14	 2	 -41.7697	  174.0835
0.936	 2.13	 1	 -41.8726	  172.4522
0.936	 2.00	 1	 -41.8017	  173.2065
0.937	 2.19	 1	 -42.2948	  173.6451
0.937	 2.55	 1	 -42.4340	  173.8708
0.938	 2.10	 2	 -42.3651	  173.8209
0.939	 3.75	 1	 -41.8026	  174.1894
0.940	 2.38	 1	 -42.7339	  173.3382
0.942	 3.21	 1	 -42.4261	  173.3522
0.942	 2.39	 1	 -42.1383	  173.6055
0.942	 2.07	 1	 -42.8914	  172.9519
0.946	 2.02	 1	 -42.2421	  174.0776
0.946	 2.31	 2	 -42.0386	  173.7052
0.948	 2.49	 1	 -42.0753	  174.0650
0.949	 2.37	 1	 -43.6699	  173.2431
0.951	 2.05	 1	 -42.3215	  173.8651
0.952	 3.22	 1	 -44.2154	  173.4163
0.953	 2.29	 1	 -42.3668	  173.1038
0.956	 2.20	 1	 -42.3592	  173.6130
0.956	 2.02	 1	 -42.5914	  172.9559
0.958	 2.13	 1	 -41.7967	  174.2248
0.960	 2.22	 1	 -41.7992	  174.0687
0.961	 3.98	 1	 -42.5460	  173.1170
0.963	 2.03	 1	 -42.4570	  173.7806
0.964	 2.18	 2	 -42.5333	  173.1325
0.965	 2.21	 1	 -43.1482	  173.9077
0.965	 2.39	 1	 -42.1814	  172.3972
0.966	 2.39	 1	 -42.4740	  173.9781
0.966	 2.25	 1	 -42.1555	  174.2390
0.966	 2.17	 1	 -42.5358	  172.9285
0.967	 2.16	 1	 -41.8729	  173.0710
0.969	 2.61	 1	 -42.8720	  172.7373
0.970	 3.42	 1	 -41.9018	  174.1933
0.971	 2.19	 1	 -42.5134	  173.0032
0.971	 2.32	 2	 -41.7486	  174.3689
0.972	 2.30	 1	 -42.7109	  172.8001
0.972	 2.04	 1	 -42.5256	  172.5954
0.973	 2.49	 1	 -41.7879	  171.9775
0.974	 2.24	 1	 -43.0915	  173.0916
0.975	 2.19	 1	 -42.1751	  173.5706
0.976	 2.09	 1	 -42.7231	  172.2661
0.976	 2.65	 1	 -42.4316	  173.7405
0.977	 2.11	 2	 -42.6733	  172.6767
0.977	 2.50	 1	 -42.8027	  173.6321
0.979	 2.02	 1	 -41.7661	  174.2433
0.980	 2.05	 1	 -42.6731	  179.0151
0.982	 3.54	 1	 -41.9027	  174.1821
0.983	 2.09	 1	 -39.9817	  176.4311
0.984	 2.23	 1	 -41.9970	  173.7586
0.985	 2.11	 1	 -42.6549	  172.8318
0.986	 3.46	 1	 -42.4552	  173.0922
0.987	 2.41	 1	 -42.8356	  173.8308
0.990	 2.49	 1	 -42.8903	  173.6848
0.990	 2.08	 1	 -42.1932	  173.4965
0.990	 3.44	 1	 -42.4243	  173.7565
0.991	 2.15	 1	 -42.0556	  172.9057
0.992	 2.67	 1	 -41.9007	  173.8896
0.994	 2.24	 2	 -47.1191	  173.9926
0.994	 2.25	 1	 -41.9140	  174.0315
0.995	 2.58	 1	 -42.6776	  173.7885
0.997	 2.11	 1	 -42.3825	  173.5465
0.999	 2.50	 1	 -42.6320	  173.2449
0.999	 2.11	 1	 -41.8856	  173.2004
1.001	 2.59	 1	 -42.2325	  173.7638
1.002	 2.50	 1	 -41.8050	  174.1211
1.002	 2.46	 1	 -42.0379	  173.6751
1.003	 2.20	 1	 -42.5826	  172.8855
1.004	 2.39	 1	 -46.0482	  177.0945
1.005	 2.75	 1	 -42.5163	  173.3081
1.005	 2.14	 2	 -42.3366	  173.8143
1.006	 2.32	 1	 -44.6979	  176.4584
1.008	 4.36	 1	 -42.4523	  173.3334
1.008	 2.03	 1	 -45.4661	  177.2064
1.009	 2.02	 1	 -42.1195	  172.8025
1.009	 2.04	 1	 -43.0504	  172.8707
1.011	 2.20	 1	 -41.7090	  174.3241
1.013	 2.04	 1	 -42.5874	  173.2220
1.017	 2.15	 1	 -42.3261	  173.5407
1.020	 2.80	 1	 -42.1757	  173.5046
1.027	 2.46	 1	 -42.0767	  173.5021
1.029	 2.12	 1	 -42.1841	  173.7885
1.029	 2.05	 1	 -41.7958	  174.1666
1.030	 2.28	 1	 -42.2502	  171.7211
1.030	 3.20	 1	 -42.2573	  173.4813
1.030	 2.19	 1	 -42.4462	  172.8365
1.031	 2.03	 1	 -42.3410	  173.8834
1.032	 2.51	 1	 -42.4575	  173.2988
1.032	 2.14	 1	 -46.3420	  169.4480
1.037	 2.06	 2	 -41.7690	  174.0156
1.038	 2.23	 1	 -42.4608	  173.3669
1.038	 2.74	 1	 -43.8453	  171.7751
1.041	 2.45	 1	 -42.3825	  173.0291
1.042	 2.11	 1	 -41.9935	  173.6555
1.042	 2.22	 1	 -42.0414	  173.4688
1.042	 2.64	 1	 -42.2976	  173.6927
1.043	 2.22	 1	 -43.1726	  172.6489
1.043	 2.15	 1	 -41.9954	  173.5791
1.043	 2.99	 1	 -43.0095	  173.6207
1.044	 2.24	 1	 -43.5280	  173.8273
1.044	 2.48	 1	 -41.8280	  173.9068
1.045	 2.15	 1	 -42.0175	  173.6496
1.047	 3.28	 1	 -43.1252	  173.4751
1.049	 2.26	 1	 -41.6071	  174.3438
1.050	 3.77	 1	 -42.5215	  173.8232
1.051	 2.08	 1	 -42.2324	  173.6465
1.052	 2.04	 1	 -42.6263	  172.9093
1.054	 2.08	 1	 -41.9336	  173.6862
1.055	 2.03	 1	 -41.7736	  172.2995
1.056	 2.24	 1	 -42.2129	  173.6459
1.058	 2.12	 1	 -42.1003	  171.1475
1.058	 2.66	 1	 -42.2663	  173.4828
1.060	 2.38	 1	 -41.7167	  174.2782
1.062	 4.36	 1	 -43.2076	  173.5583
1.063	 2.21	 1	 -42.0085	  173.8809
1.064	 2.31	 1	 -42.5033	  173.6198
1.065	 2.60	 1	 -40.1142	  172.0256
1.069	 2.57	 1	 -42.9477	  173.1573
1.073	 3.05	 1	 -42.3512	  174.0532
1.074	 2.46	 1	 -42.5460	  172.4855
1.078	 2.30	 1	 -42.4697	  173.2931
1.079	 2.29	 1	 -41.6674	  173.9192
1.081	 2.82	 1	 -42.4530	  173.6397
1.081	 2.41	 1	 -42.3670	  172.9476
1.082	 2.02	 1	 -41.5453	  174.6488
1.083	 2.19	 1	 -43.5624	  173.3733
1.085	 2.87	 1	 -42.3467	  173.2885
1.087	 2.42	 1	 -42.5256	  173.1856
1.088	 3.20	 1	 -41.6513	  174.3327
1.088	 2.57	 1	 -42.6456	  172.8043
1.091	 2.06	 1	 -41.7387	  174.2944
1.093	 2.06	 1	 -44.2783	  170.1625
1.094	 3.36	 1	 -42.5852	  173.0873
1.095	 2.24	 1	 -42.7445	  173.7973
1.095	 2.04	 1	 -41.7797	  172.0366
1.096	 2.11	 1	 -42.4619	  173.2044
1.097	 2.03	 1	 -41.9006	  173.7198
1.100	 2.35	 1	 -41.6773	  174.1890
1.100	 2.12	 1	 -42.4404	  172.9751
1.101	 2.52	 1	 -41.8892	  173.7233
1.102	 2.36	 1	 -41.8272	  174.3667
1.102	 2.53	 1	 -41.7635	  174.2092
1.104	 2.42	 2	 -42.3809	  173.8149
1.109	 2.60	 1	 -43.1976	  172.7688
1.111	 2.32	 1	 -42.6921	  173.0625
1.113	 4.01	 2	 -42.3979	  173.7497
1.113	 2.17	 1	 -42.1067	  173.2763
1.114	 2.05	 1	 -42.2214	  173.4781
1.117	 2.09	 1	 -42.7385	  172.9713
1.117	 2.80	 1	 -40.5871	  179.2682
1.119	 2.38	 1	 -42.4067	  173.6229
1.120	 2.04	 1	 -42.8507	  173.1118
1.122	 2.08	 1	 -42.5340	  172.8331
1.124	 2.08	 1	 -42.0024	  174.0586
1.124	 2.57	 1	 -42.6388	  173.6118
1.128	 2.08	 1	 -41.7747	  174.2336
1.129	 2.01	 1	 -42.1738	  174.0043
1.130	 2.01	 1	 -41.7731	  173.8700
1.131	 2.58	 1	 -42.3324	  173.5108
1.131	 2.26	 1	 -42.4091	  173.0450
1.132	 2.34	 1	 -41.2234	  178.8042
1.132	 3.33	 2	 -43.2200	  173.5291
1.132	 2.30	 1	 -42.1758	  173.6891
1.136	 2.01	 1	 -42.0577	  174.1497
1.137	 2.35	 1	 -42.7577	  172.5497
1.140	 2.06	 1	 -42.5047	  175.4425
1.142	 2.16	 1	 -42.5714	  173.0528
1.147	 2.20	 1	 -42.7229	  173.4426
1.149	 2.17	 1	 -42.2732	  173.7312
1.151	 2.08	 1	 -42.5233	  173.3296
1.153	 2.49	 1	 -41.9162	  173.7325
1.156	 2.40	 1	 -42.8134	  173.2327
1.161	 2.57	 1	 -42.7142	  173.1897
1.162	 2.44	 1	 -41.5911	  173.0958
1.162	 2.87	 1	 -42.8156	  172.6313
1.163	 2.73	 1	 -41.6855	  174.2173
1.163	 3.23	 1	 -41.8524	  174.3411
1.165	 3.64	 1	 -43.1781	  172.6525
1.166	 2.11	 1	 -42.1814	  173.6097
1.166	 2.12	 1	 -41.8220	  174.1758
1.168	 2.96	 1	 -42.4288	  173.1514
1.172	 2.08	 1	 -41.7472	  174.3151
1.172	 2.02	 1	 -40.8388	  167.4484
1.173	 3.06	 1	 -42.5530	  173.1405
1.174	 3.15	 2	 -42.2444	  173.6466
1.175	 2.65	 1	 -42.5777	  173.3275
1.175	 2.32	 2	 -41.7837	  174.0853
1.177	 2.60	 1	 -41.8216	  174.1295
1.177	 2.02	 1	 -42.4179	  173.3314
1.178	 2.01	 1	 -42.5810	  172.7473
1.178	 2.37	 1	 -42.7539	  172.9562
1.180	 2.37	 1	 -42.5094	  171.9428
1.182	 3.37	 1	 -42.6568	  172.2332
1.187	 2.65	 1	 -41.6285	  174.1806
1.187	 2.87	 2	 -41.7859	  174.0854
1.188	 2.42	 2	 -42.9989	  173.6709
1.188	 2.21	 1	 -42.5728	  173.5788
1.188	 2.55	 1	 -46.1803	  170.8250
1.191	 2.11	 1	 -41.9496	  174.0529
1.191	 2.26	 1	 -43.3094	  173.4068
1.192	 2.49	 1	 -42.7142	  172.8226
1.195	 3.12	 1	 -43.0032	  172.8322
1.195	 2.25	 1	 -42.4831	  173.2744
1.198	 2.30	 2	 -41.7880	  173.9606
1.201	 2.18	 1	 -41.9819	  173.9310
1.202	 2.24	 1	 -42.2361	  173.8085
1.202	 2.06	 1	 -42.3517	  173.9881
1.203	 2.63	 1	 -43.0702	  172.1458
1.208	 2.16	 1	 -42.7899	  171.1669
1.211	 2.60	 1	 -42.6696	  172.7950
1.215	 2.13	 1	 -42.5053	  173.1743
1.216	 2.13	 1	 -43.3332	  172.2460
1.218	 2.08	 1	 -42.4046	  173.1579
1.218	 2.06	 1	 -42.4672	  173.2434
1.220	 2.12	 1	 -42.0126	  173.7469
1.221	 4.33	 1	 -41.7584	  174.3165
1.227	 2.25	 1	 -42.4078	  173.5767
1.228	 2.51	 1	 -42.8569	  172.8519
1.233	 2.08	 1	 -41.8763	  174.2236
1.233	 2.27	 1	 -42.1508	  173.6243
1.234	 3.37	 1	 -41.9059	  173.6221
1.236	 3.10	 1	 -42.1233	  173.6619
1.241	 2.80	 1	 -42.5653	  172.8308
1.241	 2.16	 1	 -41.7183	  174.2522
1.244	 3.70	 1	 -43.1597	  173.3696
1.244	 2.05	 1	 -42.4079	  174.2668
1.245	 2.13	 1	 -43.2976	  174.0686
1.246	 2.14	 1	 -42.5254	  173.0195
1.248	 2.20	 1	 -42.0848	  171.5492
1.248	 2.56	 1	 -42.0273	  173.8373
1.248	 2.25	 1	 -41.7485	  174.2336
1.249	 2.43	 1	 -42.4839	  173.3107
1.251	 2.30	 1	 -42.1733	  173.4087
1.253	 2.40	 1	 -42.0000	  174.7202
1.254	 2.35	 1	 -41.7519	  174.2448
1.254	 2.52	 1	 -40.8556	  173.1888
1.255	 2.42	 1	 -41.7842	  174.1261
1.260	 2.08	 1	 -42.1690	  174.1327
1.263	 2.47	 1	 -43.5214	  172.5924
1.264	 3.09	 1	 -41.7555	  174.3379
1.266	 2.34	 1	 -41.8884	  174.3686
1.269	 2.19	 1	 -42.1972	  173.6043
1.270	 2.04	 1	 -42.6383	  173.0229
1.270	 2.77	 1	 -38.2186	  173.6353
1.273	 3.09	 2	 -42.6916	  172.5321
1.279	 2.92	 1	 -42.7649	  173.0213
1.281	 2.33	 1	 -42.6382	  173.6795
1.288	 2.12	 1	 -41.1139	  167.2937
1.288	 2.18	 1	 -43.7486	  173.0479
1.289	 3.05	 1	 -41.1748	  178.7809
1.290	 2.02	 1	 -42.8178	  173.0895
1.292	 2.40	 1	 -42.4994	  173.9832
1.292	 2.24	 1	 -41.7262	  179.7063
1.293	 2.97	 1	 -42.9632	  173.6392
1.295	 2.54	 1	 -42.3378	  173.9462
1.296	 2.54	 1	 -42.4436	  173.3553
1.296	 2.02	 1	 -43.0346	  172.9044
1.297	 2.16	 1	 -42.5575	  173.3837
1.297	 2.28	 1	 -42.5299	  172.7234
1.298	 2.62	 1	 -38.6957	  170.2191
1.300	 2.47	 1	 -41.6939	  174.2330
1.301	 3.59	 1	 -41.6368	  173.6211
1.301	 2.01	 1	 -42.4568	  173.6297
1.302	 2.25	 1	 -42.3954	  174.0403
1.303	 2.58	 1	 -42.8679	  173.8120
1.306	 2.16	 1	 -42.6206	  173.5752
1.313	 2.05	 2	 -43.8021	  171.6187
1.313	 2.10	 1	 -42.6705	  174.1712
1.314	 2.16	 1	 -42.9876	  174.8565
1.315	 2.13	 1	 -41.8877	  173.9065
1.318	 2.78	 1	 -41.7749	  174.2927
1.323	 2.61	 1	 -41.5213	  174.0860
1.324	 2.67	 1	 -43.0127	  172.8879
1.326	 3.05	 1	 -42.9546	  173.7810
1.327	 2.33	 1	 -41.9451	  174.1659
1.327	 2.37	 1	 -42.5954	  172.9995
1.330	 2.59	 1	 -43.5511	  170.9645
1.330	 2.05	 1	 -42.2841	  173.5753
1.330	 2.05	 2	 -42.3366	  173.8091
1.331	 3.17	 1	 -42.5547	  173.7929
1.332	 2.36	 1	 -41.8023	  174.3078
1.335	 2.41	 1	 -42.5054	  173.6190
1.337	 2.03	 1	 -42.6960	  172.9843
1.338	 2.49	 1	 -38.3764	  174.7378
1.344	 2.54	 1	 -42.3642	  174.0199
1.344	 2.18	 1	 -43.5163	  172.0814
1.348	 2.18	 1	 -43.3593	  172.1017
1.350	 2.09	 1	 -42.0371	  172.8442
1.353	 2.13	 1	 -41.6912	  174.2022
1.355	 2.23	 1	 -41.7952	  174.2266
1.355	 2.07	 1	 -42.4861	  173.7544
1.356	 2.57	 1	 -42.5781	  173.2019
1.358	 2.36	 1	 -41.7131	  174.1724
1.360	 3.29	 1	 -41.8006	  174.1930
1.360	 2.20	 1	 -42.4314	  173.7784
1.362	 2.05	 1	 -43.1699	  174.6957
1.363	 2.00	 1	 -41.6690	  173.6178
1.367	 2.45	 1	 -43.1740	  173.7839
1.368	 2.00	 1	 -41.3492	  172.9943
1.369	 2.24	 1	 -42.6638	  173.2068
1.370	 2.20	 1	 -42.9194	  172.5048
1.371	 2.51	 1	 -44.5186	  173.9919
1.374	 2.68	 1	 -41.7525	  174.2514
1.376	 3.18	 1	 -42.5124	  173.1592
1.379	 2.84	 1	 -43.4998	  177.2100
1.381	 2.34	 1	 -38.3649	  175.6330
1.381	 2.50	 2	 -41.9406	  174.1695
1.383	 3.91	 1	 -42.4816	  173.0904
1.384	 2.18	 1	 -39.8142	  173.3406
1.387	 2.18	 1	 -41.7016	  174.2194
1.388	 2.86	 1	 -42.2982	  173.9121
1.394	 3.22	 1	 -42.2201	  173.2125
1.396	 2.55	 2	 -42.5652	  173.1367
1.396	 2.65	 1	 -42.4502	  173.3029
1.402	 2.39	 1	 -42.2277	  173.6337
1.403	 2.05	 1	 -42.1675	  173.4537
1.403	 2.29	 1	 -43.0947	  173.1182
1.405	 2.47	 1	 -42.4081	  175.2504
1.406	 2.08	 1	 -42.7016	  172.9030
1.406	 3.31	 1	 -41.7738	  173.7202
1.407	 2.54	 1	 -42.1640	  173.4184
1.408	 2.99	 1	 -42.2100	  173.6481
1.414	 3.72	 1	 -42.3787	  174.0147
1.420	 2.54	 1	 -41.6797	  174.2753
1.423	 2.15	 1	 -42.4000	  176.8717
1.423	 2.38	 2	 -42.4505	  173.3432
1.423	 2.04	 1	 -42.3875	  173.6392
1.426	 2.71	 1	 -42.5481	  173.3749
1.438	 2.66	 2	 -42.3078	  173.9109
1.438	 2.11	 2	 -41.7754	  173.7242
1.440	 2.12	 1	 -42.2593	  173.6319
1.442	 2.10	 1	 -42.0550	  174.5328
1.443	 2.13	 1	 -41.5790	  172.1075
1.444	 2.86	 1	 -42.5560	  173.1411
1.444	 2.01	 1	 -43.1492	  172.8782
1.445	 2.39	 1	 -41.9554	  173.6774
1.446	 2.90	 1	 -41.8120	  174.2177
1.449	 2.16	 1	 -41.2763	  178.8286
1.450	 2.10	 1	 -41.8213	  173.8564
1.450	 2.25	 2	 -42.3558	  173.8576
1.451	 2.62	 1	 -42.6497	  173.0489
1.452	 2.13	 1	 -42.2015	  173.6793
1.454	 2.02	 1	 -41.7659	  174.3096
1.454	 2.10	 1	 -41.6958	  173.2982
1.456	 2.00	 1	 -42.2236	  173.6957
1.459	 2.60	 2	 -42.4311	  173.7561
1.459	 2.15	 1	 -42.4615	  173.8071
1.459	 2.02	 1	 -42.2385	  172.3947
1.461	 2.21	 1	 -42.4706	  173.7667
1.461	 2.75	 1	 -42.2129	  173.5492
1.463	 2.12	 2	 -41.1734	  178.7765
1.463	 2.48	 1	 -42.3658	  174.1126
1.468	 2.79	 1	 -42.2857	  173.3196
1.469	 2.16	 1	 -42.2636	  173.6973
1.470	 2.04	 1	 -42.1784	  173.6823
1.471	 3.02	 1	 -42.9887	  172.2792
1.471	 2.05	 1	 -41.3779	  168.7640
1.473	 2.25	 1	 -42.2631	  173.7082
1.476	 2.61	 1	 -42.4640	  173.5504
1.477	 2.14	 1	 -41.8190	  174.0598
1.490	 2.24	 1	 -41.7565	  174.2216
1.493	 2.50	 1	 -42.2750	  173.6895
1.495	 2.32	 1	 -41.7591	  174.2426
1.497	 2.05	 1	 -42.4976	  173.7557
1.500	 2.33	 1	 -42.8603	  172.9340
1.506	 2.05	 1	 -42.5889	  172.9779
1.507	 2.99	 2	 -41.7053	  174.2510
1.508	 2.37	 1	 -42.3465	  174.0367
1.508	 2.91	 1	 -42.1960	  173.6268
1.510	 2.23	 1	 -43.3713	  172.9094
1.512	 2.63	 1	 -42.4882	  173.0318
1.513	 2.24	 1	 -42.5280	  172.9358
1.515	 2.47	 1	 -41.7231	  174.1672
1.516	 2.52	 1	 -42.0188	  174.2059
1.517	 2.37	 1	 -42.7656	  173.0444
1.517	 2.91	 1	 -42.8835	  172.9528
1.518	 2.53	 1	 -41.6468	  174.2862
1.519	 2.51	 1	 -41.7493	  174.6290
1.522	 2.08	 1	 -42.2096	  173.8265
1.523	 2.17	 1	 -41.9415	  173.6527
1.524	 2.55	 1	 -44.5734	  175.3974
1.525	 2.21	 1	 -42.0740	  173.5391
1.529	 2.12	 1	 -42.5167	  173.3242
1.532	 2.63	 1	 -41.4823	  173.6850
1.534	 2.16	 1	 -42.9642	  171.9745
1.535	 2.17	 1	 -42.7728	  172.9749
1.535	 2.10	 1	 -42.3456	  173.8736
1.535	 2.99	 1	 -42.6855	  173.2547
1.537	 2.56	 1	 -41.7781	  174.3672
1.539	 2.71	 1	 -42.3219	  173.7423
1.540	 2.12	 1	 -42.8932	  173.3001
1.541	 2.53	 1	 -42.6609	  175.2614
1.548	 2.83	 1	 -42.2154	  173.6844
1.552	 2.14	 1	 -45.7388	  177.5222
1.558	 2.11	 1	 -42.9743	  173.0651
1.561	 2.75	 1	 -42.8132	  171.9215
1.562	 2.03	 1	 -42.4586	  173.5769
1.566	 2.31	 1	 -43.0511	  173.0509
1.567	 2.31	 1	 -42.2212	  173.6870
1.570	 2.62	 1	 -42.6609	  172.7655
1.572	 2.54	 1	 -42.2424	  173.7054
1.572	 2.77	 3	 -42.4025	  173.7827
1.572	 2.23	 1	 -41.6944	  174.2492
1.577	 2.17	 1	 -42.2865	  174.0505
1.587	 2.14	 1	 -41.7931	  174.0788
1.590	 2.89	 1	 -41.8521	  174.3947
1.593	 2.02	 1	 -41.6901	  174.1987
1.602	 2.11	 1	 -41.7856	  174.3856
1.602	 2.43	 1	 -42.5331	  173.1287
1.616	 2.08	 1	 -41.7546	  174.0940
1.617	 2.43	 1	 -41.6269	  174.3128
1.617	 2.30	 1	 -41.8855	  173.4690
1.619	 2.23	 1	 -41.8134	  174.1194
1.619	 2.23	 1	 -42.0651	  174.4722
1.620	 2.81	 1	 -41.8623	  174.2457
1.621	 2.04	 1	 -41.8276	  174.3076
1.627	 2.27	 1	 -42.2808	  173.6070
1.628	 2.01	 1	 -42.4280	  172.9715
1.628	 2.27	 2	 -42.9842	  172.2799
1.628	 2.39	 1	 -42.5754	  172.9255
1.635	 2.49	 1	 -41.8486	  174.2699
1.635	 2.35	 1	 -41.6714	  174.2241
1.636	 2.42	 1	 -42.3849	  173.5565
1.636	 3.20	 1	 -41.6751	  174.1826
1.637	 2.00	 1	 -42.4305	  174.0646
1.640	 2.25	 1	 -42.4346	  173.2575
1.640	 2.05	 1	 -41.8040	  174.2474
1.643	 3.32	 1	 -42.5688	  173.3201
1.646	 3.96	 1	 -42.5181	  173.1968
1.646	 2.52	 1	 -41.7979	  174.2774
1.649	 2.15	 1	 -42.2859	  173.6933
1.650	 2.05	 1	 -42.3834	  172.7186
1.657	 2.58	 1	 -41.6786	  174.2947
1.659	 2.17	 1	 -42.7842	  172.3464
1.659	 2.50	 1	 -42.5749	  173.0496
1.662	 2.01	 1	 -42.6681	  173.1851
1.663	 2.49	 2	 -43.3219	  173.6647
1.666	 2.01	 2	 -42.3743	  173.8246
1.671	 3.21	 1	 -42.3307	  173.5291
1.672	 3.12	 1	 -41.3343	  174.6730
1.677	 2.64	 2	 -43.5388	  173.4455
1.682	 2.63	 1	 -42.4294	  173.4509
1.685	 3.23	 1	 -42.2979	  172.9491
1.686	 2.20	 2	 -42.2851	  173.9476
1.687	 2.19	 2	 -42.9687	  174.7429
1.690	 2.60	 1	 -41.9639	  174.4528
1.691	 2.52	 1	 -42.9698	  173.0834
1.692	 2.33	 1	 -41.4965	  172.7812
1.696	 2.14	 1	 -42.4119	  173.3173
1.696	 2.81	 1	 -42.3836	  173.8015
1.696	 2.29	 1	 -46.4770	  176.3261
1.698	 2.26	 1	 -43.0816	  173.2883
1.699	 2.07	 1	 -42.5730	  172.6902
1.700	 3.31	 1	 -41.7136	  174.2436
1.700	 2.60	 1	 -42.3669	  173.8737
1.703	 2.44	 1	 -41.7386	  174.2439
1.707	 2.80	 1	 -41.6556	  174.1375
1.707	 2.34	 1	 -42.4536	  174.0309
1.709	 2.07	 1	 -42.5173	  171.6429
1.712	 2.11	 1	 -41.7036	  174.2932
1.714	 2.64	 1	 -42.3475	  173.1139
1.714	 2.20	 1	 -42.0536	  176.9623
1.715	 2.04	 1	 -42.1432	  173.6468
1.716	 3.88	 1	 -42.5403	  173.7556
1.723	 2.66	 1	 -42.8517	  172.9880
1.725	 2.12	 1	 -42.5366	  172.8572
1.725	 2.53	 1	 -42.4073	  173.6861
1.730	 2.09	 2	 -41.8486	  174.2700
1.735	 2.20	 1	 -42.7390	  172.6358
1.738	 2.09	 1	 -43.2338	  173.3777
1.738	 2.56	 1	 -42.1498	  173.5531
1.739	 2.06	 1	 -41.7105	  174.2031
1.742	 2.24	 1	 -43.0546	  173.0790
1.745	 2.42	 1	 -42.1147	  173.5777
1.746	 2.01	 2	 -41.9145	  174.2916
1.748	 2.14	 1	 -42.5521	  173.2735
1.749	 2.02	 1	 -41.1559	  174.7085
1.749	 2.78	 1	 -42.0223	  173.9613
1.752	 2.23	 1	 -41.7269	  174.2386
1.752	 2.36	 1	 -42.3528	  174.0484
1.755	 2.24	 1	 -43.0283	  172.0264
1.762	 2.22	 2	 -43.1668	  173.3751
1.763	 2.09	 1	 -42.2548	  173.5962
1.764	 2.48	 1	 -41.8755	  173.9655
1.768	 2.07	 1	 -42.7787	  174.1203
1.771	 2.20	 1	 -42.2027	  173.7312
1.771	 2.16	 1	 -42.1243	  173.7011
1.777	 2.12	 1	 -42.2595	  173.8280
1.779	 2.26	 1	 -41.6728	  174.2502
1.780	 2.29	 1	 -42.7712	  172.9066
1.781	 2.12	 1	 -42.9439	  172.3736
1.782	 2.00	 1	 -42.1823	  172.7716
1.785	 2.26	 1	 -42.9693	  172.7215
1.785	 2.02	 1	 -42.4272	  173.1654
1.786	 2.01	 1	 -42.1814	  173.6197
1.787	 2.35	 1	 -41.1883	  170.4937
1.791	 3.07	 1	 -43.2492	  172.8409
1.791	 2.83	 1	 -43.5409	  172.1067
1.793	 2.31	 1	 -42.4335	  173.3301
1.795	 2.27	 1	 -42.6533	  172.7137
1.797	 3.01	 1	 -43.1496	  172.3536
1.801	 2.56	 1	 -43.8725	  173.1388
1.805	 2.23	 1	 -41.7059	  174.1062
1.807	 2.73	 1	 -39.1402	  170.2403
1.807	 2.58	 1	 -42.1128	  173.6846
1.824	 2.44	 1	 -42.5652	  173.5388
1.824	 2.50	 1	 -41.7763	  174.2423
1.825	 2.35	 1	 -43.3951	  174.0862
1.828	 2.03	 1	 -42.5411	  174.6614
1.829	 3.89	 1	 -45.5403	  170.0266
1.831	 2.72	 1	 -42.3482	  173.6850
1.833	 2.16	 2	 -42.3644	  173.8595
1.839	 2.25	 1	 -42.1854	  173.6890
1.845	 2.46	 1	 -42.4869	  173.2941
1.846	 2.60	 1	 -42.0613	  173.6879
1.847	 2.13	 1	 -42.6041	  173.6143
1.849	 2.01	 1	 -41.7426	  174.2241
1.850	 2.15	 1	 -42.6423	  172.8324
1.857	 2.35	 1	 -42.2784	  173.6309
1.857	 2.64	 1	 -42.0072	  172.5721
1.860	 2.01	 1	 -42.2204	  173.6454
1.864	 2.90	 1	 -42.2379	  173.6450
1.865	 2.53	 1	 -42.4032	  173.0513
1.875	 3.63	 1	 -42.1474	  173.4861
1.877	 2.32	 1	 -42.6814	  173.4029
1.879	 2.02	 1	 -42.5616	  173.0741
1.882	 2.08	 1	 -43.6512	  172.6152
1.883	 2.36	 1	 -42.6342	  173.3362
1.884	 2.49	 1	 -41.8813	  173.4849
1.886	 2.20	 1	 -42.1894	  173.5070
1.887	 2.37	 1	 -41.7519	  174.3096
1.892	 3.30	 1	 -42.4922	  173.0898
1.893	 2.01	 1	 -42.4205	  173.8851
1.893	 2.53	 1	 -41.9946	  173.7377
1.895	 3.66	 1	 -42.2711	  173.5063
1.897	 2.07	 1	 -42.2975	  173.7161
1.900	 2.46	 1	 -42.3328	  174.0736
1.904	 2.09	 1	 -41.6726	  174.3037
1.906	 2.22	 1	 -42.1422	  172.2103
1.909	 2.07	 1	 -44.3954	  172.6828
1.910	 2.01	 1	 -42.0615	  173.6111
1.911	 2.27	 1	 -42.9164	  170.3180
1.912	 2.46	 1	 -41.8456	  174.0077
1.915	 2.09	 1	 -41.7468	  174.1716
1.915	 2.09	 1	 -42.3090	  173.5246
1.916	 2.09	 1	 -42.3259	  173.7219
1.916	 2.09	 1	 -43.5050	  167.0050
1.919	 2.04	 1	 -41.7025	  174.2150
1.926	 2.49	 1	 -41.9032	  174.1314
1.927	 2.37	 1	 -42.8381	  177.1571
1.928	 2.00	 1	 -42.5143	  172.8879
1.929	 2.37	 1	 -42.2185	  172.7286
1.931	 2.14	 1	 -41.8637	  174.1652
1.931	 2.21	 1	 -42.2992	  173.8469
1.935	 2.78	 1	 -41.6667	  174.3166
1.941	 2.96	 1	 -42.6419	  172.9220
1.949	 2.41	 1	 -42.2015	  173.9739
1.951	 2.40	 2	 -42.4249	  173.3563
1.954	 2.20	 1	 -42.2531	  173.9835
1.956	 2.06	 2	 -42.4843	  173.1083
1.961	 2.15	 2	 -41.7421	  174.6237
1.963	 2.58	 1	 -42.3610	  173.2646
1.963	 2.58	 1	 -41.8907	  174.2613
1.963	 2.46	 1	 -42.0823	  172.8988
1.964	 2.35	 1	 -43.1924	  171.2802
1.968	 2.61	 1	 -42.3871	  173.7883
1.970	 2.17	 2	 -42.2035	  174.0140
1.980	 2.53	 1	 -42.3167	  173.7335
1.980	 2.11	 1	 -41.7245	  174.2108
1.987	 3.20	 1	 -42.3971	  172.5619
1.988	 2.97	 1	 -41.9159	  173.9922
1.991	 2.73	 1	 -43.4037	  168.1234
1.992	 2.10	 1	 -42.0454	  174.0904
1.999	 2.52	 1	 -41.9560	  173.9775
2.003	 2.56	 1	 -42.3786	  173.9050
2.007	 2.05	 1	 -41.7345	  174.2737
2.008	 2.46	 1	 -42.0532	  173.6795
2.011	 3.23	 1	 -42.6278	  172.8186
2.014	 2.07	 1	 -41.8510	  174.4753
2.015	 3.11	 1	 -41.7816	  174.2774
2.020	 2.04	 1	 -41.9117	  173.3713
2.029	 2.47	 1	 -42.3683	  174.0481
2.030	 2.09	 1	 -41.9382	  173.7346
2.046	 2.75	 2	 -42.5726	  174.0175
2.047	 2.10	 1	 -42.4415	  173.7185
2.048	 2.96	 1	 -41.7056	  174.1464
2.048	 2.73	 1	 -41.7734	  174.2787
2.053	 2.27	 1	 -42.2696	  172.1486
2.053	 2.72	 1	 -42.5044	  172.9356
2.053	 2.23	 1	 -41.6942	  174.3500
2.054	 2.05	 1	 -42.3666	  173.5516
2.057	 2.08	 2	 -42.3771	  173.8829
2.057	 2.25	 1	 -42.3510	  173.8263
2.057	 2.08	 1	 -42.3352	  173.6522
2.059	 2.24	 2	 -42.2692	  173.8616
2.071	 2.51	 1	 -42.1037	  173.6679
2.071	 2.21	 2	 -42.5919	  173.8214
2.076	 2.18	 1	 -42.3862	  173.5671
2.080	 2.13	 1	 -42.1452	  173.6627
2.080	 2.69	 1	 -42.2918	  174.2295
2.080	 2.63	 2	 -42.1147	  173.6871
2.084	 2.45	 1	 -42.3319	  173.6312
2.086	 2.01	 1	 -42.1608	  173.6216
2.087	 2.57	 1	 -42.3681	  173.8684
2.093	 2.22	 1	 -42.1816	  173.6877
2.095	 2.71	 1	 -42.7484	  170.7281
2.096	 2.05	 1	 -41.9620	  173.5522
2.098	 2.25	 1	 -41.5597	  174.2058
2.099	 2.04	 1	 -42.7317	  172.4678
2.100	 2.59	 2	 -41.7758	  174.2975
2.104	 3.04	 1	 -41.8064	  173.8233
2.108	 2.26	 1	 -42.5175	  173.8200
2.110	 2.17	 2	 -42.3456	  174.2113
2.113	 2.21	 1	 -43.0932	  172.4892
2.113	 2.51	 1	 -43.0812	  172.4623
2.118	 2.10	 1	 -43.0130	  173.2912
2.118	 2.54	 1	 -42.3162	  173.5310
2.121	 2.12	 1	 -41.7877	  174.1695
2.128	 2.16	 1	 -42.1752	  173.4779
2.142	 2.55	 1	 -41.8299	  174.1623
2.151	 3.17	 1	 -43.0324	  172.9639
2.157	 2.95	 1	 -43.1174	  173.6918
2.158	 2.47	 1	 -41.7933	  173.9966
2.160	 3.22	 1	 -42.5735	  173.1576
2.161	 3.44	 1	 -42.4002	  173.4006
2.162	 2.02	 1	 -42.7673	  172.9049
2.166	 2.06	 1	 -42.0374	  178.5526
2.167	 2.32	 1	 -41.7254	  174.2107
2.169	 2.37	 1	 -42.3549	  174.0596
2.170	 3.02	 1	 -41.9152	  173.9734
2.181	 2.07	 1	 -42.3877	  173.6393
2.184	 2.01	 1	 -42.2706	  173.6693
2.188	 2.25	 1	 -42.8031	  172.6170
2.190	 2.14	 1	 -42.4218	  173.1383
2.190	 2.23	 1	 -42.4202	  173.7444
2.196	 2.02	 2	 -43.0209	  173.5820
2.197	 2.35	 1	 -41.7534	  174.3093
2.204	 2.70	 1	 -41.8002	  172.8912
2.208	 2.38	 1	 -41.7612	  174.2572
2.208	 2.19	 1	 -43.0480	  172.1834
2.212	 2.05	 1	 -42.5415	  173.1539
2.212	 2.07	 1	 -42.2604	  173.6540
2.213	 3.18	 1	 -42.5387	  172.7896
2.220	 2.24	 1	 -41.7070	  174.1937
2.231	 2.69	 1	 -41.7119	  174.1460
2.237	 2.69	 1	 -39.8810	  172.0336
2.238	 2.27	 1	 -40.9421	  174.2684
2.243	 3.14	 1	 -41.7282	  174.3767
2.243	 2.19	 1	 -41.8928	  173.8678
2.244	 2.50	 2	 -42.6420	  172.9120
2.244	 3.19	 1	 -42.5126	  172.7090
2.245	 2.60	 1	 -42.6504	  172.8318
2.246	 2.06	 1	 -42.0691	  173.6948
2.246	 2.12	 1	 -41.8112	  174.2279
2.255	 2.01	 2	 -42.4392	  173.2655
2.260	 2.46	 2	 -42.0378	  173.4565
2.262	 2.16	 1	 -42.1255	  173.3767
2.263	 2.41	 1	 -42.6676	  174.6132
2.270	 2.18	 1	 -42.1914	  173.5285
2.271	 2.42	 1	 -42.6954	  172.8357
2.273	 2.92	 1	 -42.2629	  172.4762
2.282	 2.05	 1	 -42.3570	  174.1369
2.283	 2.52	 1	 -41.8527	  174.1738
2.284	 2.01	 1	 -41.7221	  173.5303
2.286	 2.15	 1	 -42.5749	  172.7110
2.288	 2.02	 1	 -40.9375	  173.4400
2.290	 2.96	 1	 -42.3469	  174.0047
2.293	 2.03	 1	 -41.4683	  174.5119
2.297	 3.15	 2	 -41.6929	  174.3464
2.300	 2.16	 1	 -41.2664	  173.8399
2.301	 2.69	 1	 -42.4850	  173.3835
2.304	 2.07	 1	 -42.4091	  173.8075
2.307	 2.25	 1	 -43.0744	  173.1245
2.312	 2.01	 1	 -42.4141	  173.8140
2.313	 2.33	 1	 -42.9798	  173.5687
2.317	 2.02	 1	 -42.2191	  173.6526
2.323	 3.59	 1	 -41.6006	  174.2873
2.325	 2.56	 1	 -42.7182	  172.9556
2.328	 2.94	 1	 -39.9067	  177.8244
2.333	 2.17	 1	 -42.0533	  173.7341
2.337	 2.79	 1	 -41.0950	  172.9997
2.338	 2.08	 1	 -41.1914	  174.7053
2.338	 2.04	 1	 -40.2116	  172.0460
2.339	 2.02	 1	 -42.3847	  173.4033
2.341	 2.36	 1	 -42.2415	  173.6095
2.345	 2.15	 1	 -41.9912	  173.4880
2.346	 2.15	 1	 -42.5555	  173.2271
2.347	 2.29	 1	 -42.4819	  172.9625
2.354	 2.01	 1	 -41.8877	  174.0464
2.356	 2.01	 1	 -43.5066	  173.5371
2.357	 2.01	 1	 -41.6085	  168.9125
2.361	 2.27	 2	 -42.3483	  173.7990
2.363	 2.07	 2	 -42.1834	  173.5971
2.363	 2.04	 1	 -42.6443	  173.1117
2.368	 2.07	 1	 -41.6358	  174.3316
2.368	 2.34	 1	 -42.6198	  172.9529
2.368	 2.42	 1	 -42.6150	  172.8274
2.371	 2.06	 2	 -39.8970	  177.8296
2.372	 2.08	 1	 -41.4903	  174.2643
2.375	 2.37	 1	 -41.7525	  174.1563
2.379	 2.04	 1	 -41.8884	  174.0095
2.386	 2.30	 1	 -42.3139	  173.6379
2.389	 2.71	 1	 -42.5129	  172.8221
2.395	 2.04	 1	 -43.2799	  172.9647
2.395	 3.27	 1	 -42.6106	  173.0718
2.398	 2.30	 1	 -42.1378	  173.6824
2.402	 2.84	 1	 -44.9623	  173.4281
2.408	 2.05	 1	 -42.5870	  173.0959
2.408	 2.73	 1	 -42.4513	  173.1344
2.408	 2.20	 1	 -42.2082	  173.4703
2.409	 3.30	 1	 -41.3267	  172.9688
2.411	 2.13	 1	 -42.3896	  173.8725
2.413	 2.69	 1	 -41.5650	  174.3507
2.417	 3.13	 1	 -42.0298	  173.6591
2.423	 2.13	 1	 -42.1922	  172.0371
2.426	 3.20	 1	 -41.5979	  173.9978
2.426	 3.04	 1	 -41.5722	  174.3821
2.428	 2.66	 2	 -42.8077	  173.6452
2.429	 3.01	 1	 -42.1794	  173.5436
2.437	 2.18	 2	 -42.3536	  173.8078
2.444	 3.14	 1	 -40.8366	  176.1469
2.445	 2.52	 1	 -42.3600	  173.6277
2.453	 2.09	 1	 -42.3316	  173.6193
2.455	 2.03	 1	 -42.4924	  173.6645
2.455	 2.98	 1	 -43.8260	  174.5480
2.457	 2.01	 1	 -41.8071	  174.2614
2.458	 2.02	 1	 -41.9827	  171.9645
2.463	 3.05	 1	 -42.5620	  173.2242
2.468	 2.31	 1	 -42.2296	  173.7076
2.468	 2.75	 1	 -42.2632	  172.5107
2.470	 2.30	 1	 -41.9041	  173.9478
2.477	 2.02	 1	 -41.8036	  174.1492
2.481	 2.03	 2	 -42.2689	  173.5144
2.481	 2.11	 1	 -42.7487	  172.8881
2.484	 2.31	 1	 -42.2470	  173.6445
2.492	 2.19	 1	 -43.0787	  173.3761
2.493	 2.38	 1	 -41.9121	  173.7038
2.496	 2.42	 1	 -42.6493	  173.1067
2.514	 2.04	 1	 -41.6898	  174.2293
2.529	 2.19	 1	 -42.3099	  173.2440
2.533	 2.30	 1	 -43.0592	  173.3615
2.540	 2.19	 1	 -42.6330	  172.9376
2.545	 2.20	 1	 -42.6624	  172.6907
2.546	 2.28	 1	 -41.7753	  174.1217
2.551	 2.43	 1	 -41.1393	  167.2809
2.557	 2.46	 1	 -42.2123	  180.2654
2.557	 2.16	 1	 -43.1677	  173.1293
2.560	 2.93	 1	 -42.4179	  173.9689
2.561	 2.13	 1	 -42.5280	  172.9446
2.568	 2.18	 1	 -42.6223	  172.9251
2.574	 2.06	 1	 -41.8114	  174.3596
2.576	 2.08	 1	 -42.4758	  173.9139
2.582	 2.20	 1	 -43.0623	  173.9486
2.585	 2.23	 1	 -43.2452	  171.7998
2.590	 2.34	 2	 -41.7824	  174.0652
2.595	 2.58	 1	 -42.3774	  173.8879
2.595	 2.74	 1	 -42.5903	  173.7545
2.595	 2.34	 1	 -42.4924	  173.0808
2.599	 2.35	 1	 -45.0902	  167.8466
2.605	 2.26	 1	 -43.0505	  174.3722
2.618	 2.09	 1	 -42.5910	  173.4057
2.618	 2.97	 1	 -41.7790	  174.3332
2.625	 2.20	 1	 -42.0481	  174.6893
2.631	 2.11	 1	 -43.2535	  171.2193
2.634	 2.25	 1	 -42.3313	  174.0448
2.636	 2.02	 1	 -42.9178	  172.7715
2.638	 2.16	 1	 -42.8643	  174.6503
2.641	 2.78	 1	 -41.7315	  174.2898
2.643	 2.03	 1	 -45.5808	  177.7110
2.648	 2.08	 1	 -42.3928	  172.9764
2.656	 2.49	 1	 -42.4727	  173.9513
2.657	 2.70	 1	 -40.8481	  174.8701
2.660	 2.54	 1	 -42.0240	  174.0724
2.661	 2.86	 1	 -42.0017	  173.7117
2.662	 2.47	 1	 -43.0908	  172.4807
2.664	 2.01	 1	 -45.0334	  175.1825
2.664	 2.20	 1	 -41.8290	  174.0351
2.667	 2.16	 1	 -43.3386	  172.8449
2.668	 2.14	 1	 -41.7693	  174.2907
2.669	 2.16	 1	 -41.7510	  174.1749
2.670	 2.84	 1	 -42.3744	  173.5112
2.675	 3.14	 1	 -41.7989	  174.3760
2.676	 2.75	 1	 -41.7690	  174.1396
2.680	 2.79	 1	 -41.8119	  174.0477
2.686	 2.54	 1	 -42.2263	  172.0300
2.687	 2.11	 2	 -42.4412	  173.3792
2.694	 2.02	 1	 -43.0813	  172.7607
2.694	 3.77	 2	 -42.5595	  173.7035
2.696	 2.32	 1	 -42.2640	  172.4069
2.698	 3.00	 1	 -42.6895	  172.4916
2.704	 2.00	 1	 -42.4474	  173.3334
2.708	 2.28	 1	 -42.6827	  172.8810
2.710	 2.13	 1	 -41.8527	  173.9905
2.715	 2.12	 1	 -42.1552	  173.6448
2.715	 3.34	 1	 -42.2034	  173.6591
2.716	 3.03	 1	 -42.5203	  173.3246
2.717	 2.32	 1	 -42.3117	  173.8279
2.728	 2.11	 1	 -42.4574	  173.2257
2.730	 2.04	 1	 -41.8285	  174.2690
2.734	 4.48	 1	 -41.8475	  173.9586
2.738	 2.70	 1	 -42.6650	  172.9701
2.739	 2.20	 1	 -41.8719	  174.1386
2.743	 3.57	 2	 -42.4337	  173.5045
2.744	 3.59	 2	 -41.8501	  173.9763
2.746	 2.21	 1	 -47.1625	  172.3571
2.762	 2.78	 1	 -40.2062	  174.1472
2.775	 2.81	 1	 -42.8871	  174.4793
2.775	 2.03	 1	 -43.4029	  171.2163
2.778	 2.39	 1	 -42.1139	  173.4273
2.785	 2.53	 1	 -42.3489	  173.8985
2.791	 2.11	 1	 -41.8149	  174.2621
2.797	 2.02	 1	 -41.7154	  174.1722
2.798	 2.17	 1	 -42.2508	  173.9220
2.798	 2.49	 1	 -45.9161	  177.3833
2.805	 3.52	 1	 -42.5233	  173.7534
2.807	 2.06	 2	 -42.6733	  173.1418
2.814	 2.35	 1	 -42.5779	  173.3180
2.820	 2.92	 1	 -42.4602	  173.7835
2.825	 2.74	 1	 -42.2986	  173.7234
2.826	 2.17	 1	 -42.1549	  173.7710
2.827	 2.63	 1	 -42.3872	  174.0122
2.828	 2.84	 1	 -41.0756	  169.3224
2.830	 2.20	 1	 -42.6746	  172.7850
2.833	 2.98	 1	 -42.2549	  173.1479
2.836	 2.24	 1	 -40.3869	  178.2745
2.838	 2.80	 1	 -41.6650	  174.2654
2.839	 2.12	 1	 -41.6455	  174.2467
2.842	 2.70	 2	 -41.8029	  174.3848
2.858	 2.04	 1	 -42.5424	  174.2142
2.861	 2.48	 1	 -42.2725	  173.7397
2.861	 3.52	 1	 -41.7193	  173.8901
2.868	 2.11	 1	 -42.8377	  173.0904
2.869	 2.03	 1	 -42.6383	  172.9641
2.874	 2.13	 1	 -44.1681	  174.1953
2.877	 2.70	 3	 -42.4706	  173.5275
2.882	 2.16	 1	 -46.6049	  176.0378
2.888	 2.20	 1	 -41.9501	  173.8489
2.896	 2.29	 1	 -41.6803	  174.2881
2.897	 3.00	 1	 -42.1688	  173.3236
2.897	 2.70	 1	 -41.9282	  173.5214
2.904	 4.46	 1	 -42.4559	  173.2838
2.908	 2.08	 1	 -42.8325	  172.5269
2.914	 2.24	 1	 -42.2502	  173.6299
2.917	 2.18	 2	 -41.7998	  174.3744
2.921	 2.24	 1	 -41.8842	  173.9461
2.921	 2.57	 1	 -43.0311	  173.3601
2.930	 2.30	 1	 -42.7983	  175.9545
2.937	 2.03	 3	 -43.2427	  173.4979
2.941	 3.44	 2	 -41.7335	  174.0813
2.946	 2.10	 1	 -42.2113	  173.5908
2.947	 3.38	 1	 -41.9466	  173.9799
2.953	 2.30	 1	 -42.0523	  173.6720
2.959	 2.29	 1	 -41.8201	  174.3538
2.961	 2.21	 3	 -42.4795	  173.6843
2.968	 2.71	 1	 -41.7068	  174.2905
2.985	 2.55	 1	 -42.8652	  166.9088
2.987	 3.10	 1	 -43.1264	  172.4570
3.000	 2.49	 1	 -42.4844	  172.9733
3.002	 2.06	 1	 -42.6533	  174.1367
3.005	 2.06	 1	 -42.1746	  173.4521
3.005	 2.36	 1	 -42.3435	  172.4583
3.017	 2.37	 1	 -42.8363	  173.1898
3.024	 2.21	 1	 -42.0781	  173.6628
3.029	 2.02	 1	 -42.6960	  172.3201
3.035	 2.26	 2	 -42.4201	  173.3024
3.037	 2.19	 1	 -42.3754	  173.9762
3.048	 2.34	 1	 -42.1234	  173.4928
3.080	 2.35	 1	 -43.1763	  172.9729
3.084	 2.63	 1	 -41.7581	  174.2966
3.084	 2.19	 1	 -42.2731	  173.8433
3.095	 2.66	 1	 -45.8803	  177.2115
3.106	 2.27	 1	 -41.7656	  174.2943
3.112	 2.04	 1	 -41.8194	  174.2127
3.115	 2.13	 1	 -42.4104	  172.3845
3.120	 2.26	 1	 -41.6944	  174.2860
3.126	 2.71	 1	 -42.1843	  174.7682
3.130	 2.81	 1	 -43.5414	  172.7618
3.139	 2.81	 1	 -42.5438	  173.2305
3.144	 2.02	 1	 -42.6053	  172.9415
3.146	 2.18	 1	 -42.1028	  173.8662
3.147	 3.13	 1	 -42.6014	  173.8915
3.151	 2.27	 1	 -42.3419	  172.6572
3.161	 2.69	 1	 -42.5010	  173.0512
3.167	 2.62	 2	 -43.0432	  173.0688
3.170	 2.49	 2	 -43.1653	  173.3774
3.180	 2.19	 1	 -41.8158	  172.7311
3.185	 2.22	 1	 -43.8387	  174.7986
3.189	 2.56	 2	 -42.3235	  173.9191
3.198	 2.81	 1	 -41.7872	  174.4440
3.207	 2.21	 1	 -44.2827	  173.2099
3.212	 2.20	 1	 -42.5493	  173.3191
3.216	 2.00	 1	 -42.5310	  172.9627
3.223	 2.45	 1	 -41.7610	  174.2108
3.237	 2.07	 1	 -41.7220	  174.2542
3.240	 2.18	 1	 -42.2469	  173.5921
3.243	 2.94	 1	 -42.0458	  172.4913
3.244	 2.10	 1	 -42.1244	  172.7182
3.246	 2.66	 1	 -42.2772	  173.4931
3.253	 2.69	 1	 -42.4468	  173.0969
3.262	 2.06	 1	 -42.9650	  173.0153
3.262	 2.36	 1	 -41.8058	  174.1176
3.267	 2.49	 1	 -42.1458	  173.6832
3.271	 2.52	 1	 -41.6557	  174.2712
3.274	 2.37	 1	 -41.8235	  174.0016
3.274	 2.24	 1	 -41.9492	  174.0671
3.283	 2.26	 1	 -41.7725	  173.9793
3.291	 2.51	 1	 -41.7185	  174.2822
3.292	 2.00	 1	 -46.9233	  170.9497
3.293	 2.30	 1	 -43.8794	  173.3029
3.296	 2.96	 1	 -41.9081	  174.2751
3.306	 2.02	 1	 -42.5205	  172.9453
3.308	 2.40	 1	 -42.5443	  173.0865
3.310	 2.06	 2	 -42.4598	  173.2849
3.311	 2.13	 1	 -42.0688	  173.6568
3.313	 2.10	 1	 -43.0496	  172.6805
3.317	 2.37	 1	 -41.7782	  174.2097
3.318	 2.80	 1	 -42.3612	  173.6333
3.322	 2.00	 1	 -42.5455	  173.1103
3.326	 3.48	 1	 -42.1714	  173.5780
3.337	 2.79	 1	 -45.9817	  170.1352
3.340	 2.11	 1	 -41.8248	  173.6493
3.340	 3.82	 1	 -42.2161	  172.9156
3.343	 3.96	 1	 -42.0282	  173.7331
3.343	 2.91	 2	 -42.0234	  173.7344
3.351	 2.03	 1	 -42.6354	  172.9750
3.360	 2.93	 1	 -41.6816	  174.2241
3.362	 2.37	 1	 -42.7259	  172.8620
3.368	 2.04	 1	 -42.3820	  173.4209
3.368	 2.11	 1	 -42.4960	  172.1217
3.377	 2.36	 1	 -42.5034	  174.2683
3.383	 2.05	 1	 -42.1999	  173.6729
3.389	 2.71	 1	 -42.6892	  172.9503
3.399	 2.47	 1	 -41.7511	  174.2227
3.422	 2.29	 1	 -42.2778	  173.5044
3.423	 3.28	 1	 -41.7813	  173.5222
3.442	 2.08	 1	 -42.2115	  173.4245
3.447	 2.53	 1	 -42.1763	  173.5522
3.451	 2.13	 1	 -43.6822	  173.9333
3.451	 2.02	 1	 -42.3919	  173.8258
3.461	 2.69	 1	 -42.6248	  172.6873
3.466	 2.07	 1	 -42.1623	  173.7104
3.466	 2.63	 1	 -42.8564	  172.8703
3.468	 2.22	 1	 -42.1388	  173.3799
3.468	 2.03	 1	 -43.8728	  167.1189
3.482	 2.06	 1	 -41.8824	  174.1972
3.485	 2.28	 1	 -41.3572	  174.3093
3.491	 2.37	 1	 -46.5396	  169.8548
3.495	 2.90	 1	 -42.3478	  173.3560
3.495	 2.08	 1	 -42.3499	  173.6036
3.496	 2.37	 1	 -42.3312	  173.9795
3.513	 2.00	 1	 -42.7171	  172.8433
3.515	 2.64	 1	 -43.1748	  173.8807
3.519	 2.14	 1	 -42.4949	  173.7602
3.525	 2.02	 1	 -42.2893	  173.7382
3.531	 2.05	 1	 -41.8781	  173.8051
3.533	 3.71	 1	 -42.8655	  172.9773
3.533	 2.29	 1	 -42.5753	  173.0682
3.539	 2.01	 1	 -41.9660	  173.9413
3.544	 2.20	 1	 -41.7935	  173.6658
3.549	 2.24	 1	 -41.0159	  173.6930
3.558	 2.22	 2	 -42.4439	  173.2735
3.559	 2.28	 1	 -41.1346	  175.2435
3.572	 3.51	 1	 -41.7854	  174.3001
3.575	 2.16	 1	 -42.0511	  173.9965
3.591	 2.11	 2	 -42.2954	  173.7501
3.596	 2.32	 2	 -42.1906	  173.5775
3.597	 2.41	 2	 -42.2960	  173.5787
3.608	 2.01	 1	 -42.2275	  166.9371
3.608	 2.19	 1	 -41.8247	  174.2109
3.624	 2.01	 1	 -42.8397	  172.7574
3.625	 2.23	 1	 -46.1824	  176.8799
3.628	 2.45	 1	 -42.5457	  173.2010
3.657	 2.02	 1	 -43.0440	  172.6263
3.668	 2.16	 1	 -42.2038	  173.6057
3.672	 2.30	 1	 -42.2708	  173.8618
3.676	 2.74	 1	 -41.9372	  173.9783
3.676	 2.49	 1	 -42.1262	  173.5138
3.682	 2.86	 1	 -42.6541	  172.7847
3.684	 2.09	 1	 -41.8092	  174.0210
3.716	 2.47	 1	 -42.1464	  173.6036
3.716	 2.49	 1	 -42.9239	  173.1434
3.753	 2.01	 1	 -45.6646	  171.7506
3.759	 2.02	 1	 -42.5981	  173.1321
3.759	 2.53	 2	 -42.3248	  174.2042
3.761	 2.26	 1	 -41.9660	  172.0586
3.763	 2.03	 1	 -42.8670	  172.6867
3.768	 2.25	 1	 -42.3383	  173.7783
3.770	 2.26	 1	 -43.3838	  173.1512
3.771	 2.02	 1	 -41.6287	  174.2778
3.773	 2.04	 1	 -41.7648	  174.2453
3.798	 2.51	 1	 -42.4168	  173.1302
3.801	 2.05	 3	 -42.3043	  173.5652
3.805	 2.09	 1	 -42.1334	  173.1815
3.807	 4.28	 1	 -42.2222	  173.7010
3.809	 3.29	 1	 -43.8368	  173.0059
3.815	 2.21	 2	 -42.2632	  173.5871
3.819	 2.94	 1	 -42.3673	  174.7004
3.824	 2.40	 1	 -42.0438	  173.7835
3.827	 2.25	 1	 -41.9775	  173.8116
3.829	 3.47	 1	 -45.3145	  173.6962
3.833	 2.12	 1	 -41.7342	  174.3533
3.833	 2.70	 1	 -41.8131	  174.2194
3.833	 2.19	 2	 -42.4150	  173.6733
3.838	 2.41	 2	 -42.2142	  173.6932
3.846	 2.45	 1	 -42.3758	  173.5134
3.849	 2.69	 1	 -42.6924	  172.8896
3.850	 2.59	 1	 -42.1150	  173.6975
3.852	 2.84	 1	 -42.4761	  172.8775
3.870	 2.67	 1	 -41.0409	  173.7552
3.871	 2.21	 1	 -41.8532	  173.1510
3.875	 2.66	 1	 -42.7857	  173.0172
3.890	 2.65	 1	 -41.7574	  174.2230
3.892	 2.22	 1	 -42.9414	  173.2802
3.894	 2.51	 1	 -42.5203	  173.8477
3.896	 2.85	 1	 -41.8096	  174.2204
3.901	 3.23	 1	 -42.2175	  173.6928
3.902	 2.17	 1	 -41.7414	  174.0704
3.911	 4.28	 1	 -41.6032	  174.2266
3.912	 2.14	 1	 -41.7386	  174.3154
3.919	 2.46	 1	 -42.1933	  173.6581
3.923	 2.14	 1	 -42.1495	  173.6799
3.924	 2.95	 1	 -41.9908	  175.1665
3.928	 3.05	 1	 -39.6907	  169.5466
3.938	 2.04	 1	 -46.5328	  176.2047
3.939	 3.24	 1	 -42.3545	  173.0891
3.940	 2.29	 1	 -42.4176	  173.3345
3.947	 2.36	 2	 -42.2206	  173.7271
3.949	 3.58	 1	 -42.2419	  172.5405
3.953	 3.03	 1	 -39.8912	  168.2366
3.961	 2.11	 1	 -42.1754	  173.5807
3.961	 2.04	 1	 -42.7263	  172.9246
3.968	 2.47	 1	 -44.4711	  172.5267
3.979	 2.87	 1	 -42.0413	  173.7906
3.981	 2.10	 1	 -42.0715	  173.6131
3.984	 2.37	 1	 -42.5308	  173.3526
3.987	 2.07	 1	 -42.2718	  173.2199
3.988	 2.39	 1	 -42.4342	  173.8082
3.990	 2.16	 1	 -42.2862	  173.8450
3.996	 2.23	 1	 -43.8137	  172.3546
4.018	 2.72	 1	 -42.4855	  173.1998
4.019	 3.26	 1	 -41.1259	  178.7567
4.020	 2.02	 1	 -42.1801	  173.6271
4.020	 2.20	 1	 -42.7911	  173.0959
4.026	 2.06	 1	 -42.3910	  172.6005
4.033	 3.07	 2	 -42.5475	  173.7408
4.037	 2.53	 2	 -42.5191	  173.8228
4.053	 2.15	 1	 -41.7267	  174.2831
4.058	 2.83	 1	 -42.5889	  173.0690
4.069	 2.24	 1	 -38.8049	  177.8101
4.071	 2.30	 1	 -42.6184	  173.0025
4.071	 2.04	 1	 -41.9891	  173.9887
4.086	 2.15	 1	 -42.1265	  175.2546
4.091	 3.71	 1	 -42.2764	  172.7682
4.105	 2.36	 1	 -42.3181	  173.6424
4.107	 2.73	 1	 -42.2488	  173.8507
4.113	 2.12	 1	 -41.7711	  174.1949
4.123	 2.07	 1	 -41.8601	  171.9418
4.132	 2.04	 1	 -42.5620	  172.2149
4.133	 2.36	 1	 -42.2336	  172.6593
4.142	 2.05	 1	 -41.9368	  174.0781
4.144	 2.10	 1	 -42.2501	  173.6080
4.150	 2.22	 1	 -41.8400	  173.3096
4.169	 2.39	 1	 -42.0370	  173.8093
4.177	 2.17	 1	 -41.6951	  174.3797
4.180	 2.16	 1	 -41.9047	  174.1285
4.214	 2.17	 1	 -42.7660	  172.5872
4.220	 2.33	 2	 -42.3131	  174.2616
4.221	 3.24	 1	 -41.8898	  173.7073
4.229	 2.04	 1	 -42.9030	  172.9700
4.230	 2.07	 1	 -43.4268	  172.1397
4.238	 2.15	 1	 -42.3558	  173.0781
4.261	 2.28	 1	 -42.2302	  173.7082
4.263	 2.24	 1	 -42.1985	  173.4804
4.270	 2.30	 1	 -42.4858	  172.6544
4.275	 2.02	 1	 -42.3265	  176.0232
4.277	 2.96	 1	 -42.3247	  173.4999
4.285	 2.99	 1	 -42.9774	  173.3119
4.316	 2.41	 1	 -42.1107	  173.5738
4.323	 2.03	 1	 -42.4313	  173.7410
4.324	 2.56	 1	 -42.6782	  173.0713
4.335	 2.44	 1	 -42.7856	  174.7186
4.337	 2.59	 1	 -41.8689	  174.1483
4.343	 2.03	 1	 -43.1754	  173.0354
4.349	 2.53	 1	 -42.1430	  173.5691
4.365	 2.44	 2	 -42.2771	  173.6875
4.369	 4.07	 1	 -42.5205	  172.9254
4.371	 2.02	 1	 -41.7160	  174.3382
4.380	 2.23	 2	 -42.2712	  173.4990
4.393	 2.00	 1	 -41.8987	  173.6600
4.394	 2.24	 1	 -42.0403	  174.4836
4.396	 2.05	 1	 -42.6580	  172.9903
4.407	 2.38	 1	 -42.3279	  173.4480
4.428	 2.26	 1	 -42.5029	  173.2770
4.438	 2.16	 1	 -42.2880	  173.5467
4.458	 2.08	 1	 -42.7678	  172.7340
4.460	 2.24	 1	 -46.7554	  170.4006
4.472	 2.45	 1	 -42.3406	  173.8828
4.473	 2.16	 1	 -42.0280	  173.7641
4.480	 2.12	 1	 -41.8868	  173.9073
4.482	 2.65	 1	 -41.7145	  174.2956
4.488	 2.44	 1	 -41.5105	  178.9248
4.488	 2.15	 1	 -44.1765	  172.0987
4.510	 2.14	 1	 -42.2843	  173.5340
4.517	 2.13	 1	 -44.3322	  171.4094
4.517	 2.78	 1	 -42.8117	  172.6445
4.521	 2.05	 1	 -41.6761	  174.3956
4.526	 2.17	 1	 -41.7742	  174.4276
4.554	 2.35	 1	 -42.3239	  173.9560
4.555	 2.21	 1	 -42.2167	  173.5048
4.557	 2.45	 1	 -42.4532	  173.2145
4.563	 2.03	 2	 -42.2220	  172.0275
4.572	 3.05	 1	 -42.3572	  173.3555
4.576	 2.16	 1	 -41.7560	  174.3059
4.582	 2.08	 1	 -41.7669	  173.6428
4.584	 2.21	 1	 -41.7741	  174.2905
4.612	 2.80	 1	 -43.9027	  173.4188
4.618	 2.31	 1	 -45.4726	  172.2546
4.634	 2.30	 1	 -41.8683	  173.9440
4.642	 2.53	 1	 -41.7084	  174.3009
4.656	 2.01	 1	 -42.2024	  177.4819
4.657	 2.65	 1	 -42.4078	  173.7008
4.668	 2.35	 1	 -42.2568	  173.6508
4.683	 2.44	 1	 -41.6765	  174.2890
4.691	 2.60	 1	 -41.8586	  174.2459
4.697	 2.23	 1	 -42.1825	  173.9705
4.698	 2.29	 1	 -42.8840	  172.8878
4.714	 2.20	 1	 -42.0303	  171.6320
4.716	 2.15	 1	 -42.6432	  174.1187
4.718	 2.24	 2	 -42.9824	  172.8316
4.726	 3.23	 1	 -42.5797	  173.3026
4.732	 2.42	 1	 -42.1960	  173.6620
4.740	 2.81	 1	 -42.1129	  173.5652
4.760	 2.14	 2	 -42.1991	  173.5537
4.761	 2.66	 1	 -41.7527	  174.2671
4.777	 2.24	 1	 -41.9271	  173.6911
4.778	 2.51	 1	 -43.1871	  173.0077
4.780	 2.34	 1	 -42.7013	  173.1639
4.787	 2.64	 1	 -42.2282	  173.6288
4.793	 2.23	 1	 -41.7587	  174.3706
4.798	 2.65	 1	 -42.2211	  173.8180
4.808	 2.07	 1	 -41.1049	  175.6139
4.808	 2.22	 1	 -42.3158	  173.8055
4.811	 2.17	 1	 -42.5929	  175.4100
4.817	 2.18	 1	 -42.2266	  173.6814
4.818	 2.89	 1	 -42.2738	  173.4133
4.821	 2.81	 1	 -42.6638	  172.8003
4.826	 2.40	 1	 -43.1313	  173.1645
4.830	 2.20	 2	 -42.1083	  173.5692
4.847	 2.48	 1	 -42.1740	  173.0740
4.850	 2.25	 1	 -43.2502	  174.5180
4.850	 2.74	 1	 -42.1475	  173.6432
4.854	 2.11	 1	 -42.7928	  173.0468
4.858	 2.49	 1	 -41.8042	  174.1960
4.859	 2.17	 1	 -42.9739	  172.8021
4.867	 2.32	 1	 -39.8227	  174.0544
4.871	 2.21	 1	 -40.7316	  171.1303
4.890	 2.82	 2	 -41.8140	  174.1455
4.892	 2.68	 1	 -41.7790	  174.2699
4.899	 2.34	 1	 -42.1066	  173.8909
4.914	 2.17	 1	 -42.0281	  173.7064
4.915	 3.41	 1	 -42.9060	  173.2478
4.920	 2.65	 1	 -41.2544	  173.6672
4.926	 2.60	 1	 -42.6636	  172.2877
4.928	 2.53	 1	 -41.1526	  175.3209
4.931	 2.19	 1	 -41.7106	  174.2085
4.950	 2.03	 1	 -42.7443	  173.0359
4.954	 2.52	 1	 -42.2910	  173.8028
4.964	 2.13	 1	 -42.1032	  172.8931
4.974	 2.18	 1	 -43.0348	  172.1382
4.979	 2.41	 1	 -42.3140	  174.6839
4.982	 2.18	 1	 -42.1228	  174.3884
4.986	 2.08	 1	 -42.1463	  173.8583
4.991	 3.81	 1	 -41.8110	  174.0139
4.992	 2.76	 1	 -43.6878	  175.3646
4.995	 2.37	 1	 -42.0469	  172.3826
4.999	 2.18	 1	 -42.5884	  172.8461
5.000	 2.21	 1	 -41.8088	  174.0318
5.007	 2.65	 1	 -42.7434	  172.8448
5.019	 2.31	 2	 -42.0809	  175.0888
5.032	 3.01	 1	 -42.2523	  173.3622
5.037	 2.02	 1	 -42.3410	  173.9121
5.038	 2.19	 1	 -42.5163	  173.0304
5.052	 2.65	 1	 -42.4095	  174.6006
5.054	 2.17	 1	 -42.1206	  173.8186
5.070	 2.51	 1	 -46.5021	  169.7719
5.081	 2.16	 1	 -42.4477	  173.7186
5.087	 2.19	 3	 -42.5612	  173.7020
5.105	 2.16	 1	 -42.1299	  173.6774
5.112	 2.47	 1	 -42.2165	  173.6199
5.115	 2.45	 1	 -42.0133	  173.6467
5.123	 2.40	 1	 -42.6753	  173.1510
5.126	 2.22	 1	 -42.2436	  172.8398
5.131	 2.72	 1	 -42.2404	  173.1654
5.198	 2.08	 1	 -42.9696	  172.4643
5.207	 2.14	 1	 -44.1128	  172.2098
5.217	 2.67	 1	 -43.5668	  172.5318
5.225	 2.12	 1	 -42.1812	  173.8005
5.227	 2.39	 1	 -42.4682	  173.7942
5.251	 2.26	 1	 -41.8997	  172.6275
5.260	 2.17	 1	 -47.1765	  172.5642
5.271	 2.66	 1	 -42.5325	  172.9838
5.281	 2.28	 1	 -41.7509	  173.7624
5.284	 2.45	 1	 -43.4379	  179.0553
5.288	 2.20	 1	 -41.7594	  174.2246
5.297	 2.44	 1	 -42.2611	  173.6759
5.306	 2.02	 1	 -42.8346	  174.4837
5.319	 2.04	 1	 -42.3065	  173.5079
5.361	 2.08	 1	 -42.9386	  172.6750
5.377	 2.59	 1	 -42.5301	  172.8499
5.387	 3.87	 1	 -41.9129	  174.3499
5.391	 2.23	 1	 -42.6138	  173.1204
5.391	 2.48	 1	 -41.9726	  174.4632
5.408	 2.14	 1	 -42.4924	  170.0547
5.416	 2.38	 1	 -42.2779	  173.6651
5.448	 2.19	 1	 -42.0854	  173.0237
5.455	 2.18	 1	 -42.5298	  172.9738
5.471	 2.06	 1	 -41.9717	  174.6973
5.474	 2.23	 2	 -41.6910	  173.8971
5.476	 2.18	 1	 -43.0060	  173.2802
5.484	 2.95	 1	 -42.4535	  173.4601
5.486	 2.77	 1	 -42.5848	  173.0467
5.491	 2.56	 1	 -42.4693	  173.2119
5.500	 3.04	 2	 -42.7951	  173.2215
5.506	 2.26	 1	 -41.5179	  167.1167
5.535	 2.60	 1	 -41.7715	  174.1886
5.552	 2.29	 1	 -42.3310	  174.1034
5.567	 2.07	 2	 -43.2277	  173.6196
5.569	 2.08	 1	 -42.6366	  172.2369
5.582	 2.08	 1	 -42.6830	  172.8615
5.584	 4.08	 1	 -41.7270	  174.1793
5.592	 3.18	 1	 -42.0435	  172.9986
5.605	 2.49	 1	 -41.9541	  173.6600
5.607	 2.40	 1	 -41.7336	  174.2097
5.609	 2.21	 1	 -42.0251	  173.7604
5.610	 2.62	 1	 -42.3506	  173.7563
5.615	 2.35	 1	 -42.1016	  173.5720
5.618	 2.33	 1	 -41.8746	  174.4417
5.618	 2.06	 2	 -41.7573	  174.2408
5.632	 2.41	 1	 -43.3138	  173.2664
5.638	 2.75	 1	 -42.4732	  172.8030
5.639	 2.15	 1	 -41.9348	  173.9945
5.684	 3.06	 1	 -42.4497	  173.7812
5.697	 2.63	 1	 -42.3349	  173.0949
5.724	 2.83	 1	 -42.8951	  172.3663
5.732	 2.38	 1	 -42.5405	  174.0216
5.733	 2.25	 2	 -41.7058	  174.1115
5.733	 2.16	 1	 -41.6375	  173.9354
5.750	 2.40	 1	 -42.3369	  173.4928
5.784	 2.28	 1	 -43.3430	  173.0659
5.785	 4.69	 1	 -41.7484	  174.1840
5.792	 2.15	 1	 -42.5073	  173.1416
5.813	 3.20	 2	 -41.7712	  174.2286
5.821	 2.11	 1	 -41.7762	  174.1997
5.842	 3.25	 2	 -42.2211	  174.1109
5.866	 2.09	 1	 -42.3724	  173.6867
5.878	 2.22	 1	 -42.6429	  172.8074
5.878	 2.84	 1	 -42.5643	  173.9032
5.883	 2.07	 3	 -41.9870	  173.7747
5.885	 2.56	 1	 -43.0521	  172.7460
5.887	 2.17	 2	 -40.2941	  174.6426
5.888	 2.12	 1	 -42.7339	  172.7527
5.902	 2.28	 1	 -42.9006	  173.0858
5.926	 2.03	 1	 -42.1811	  173.3960
5.945	 2.27	 1	 -42.6767	  171.9341
5.949	 2.05	 1	 -42.0484	  173.4540
5.951	 3.38	 1	 -41.7892	  174.2909
5.953	 3.02	 1	 -42.5627	  173.0915
5.965	 2.02	 2	 -42.3972	  173.8546
5.966	 2.67	 1	 -43.9265	  171.9100
5.968	 2.29	 1	 -42.3551	  173.4686
5.971	 2.60	 1	 -42.6232	  172.6164
5.984	 2.26	 1	 -41.9033	  173.9153
5.997	 2.00	 3	 -42.3454	  174.1896
5.998	 2.55	 1	 -42.2570	  173.5524
5.998	 2.07	 2	 -42.5086	  173.2727
6.000	 2.00	 1	 -44.2025	  172.8010
6.002	 2.01	 1	 -42.7499	  172.0868
6.021	 2.72	 1	 -43.3043	  170.9820
6.036	 2.02	 1	 -42.0684	  173.5557
6.048	 3.19	 1	 -42.4205	  173.3304
6.054	 2.29	 1	 -41.9117	  173.8821
6.056	 2.22	 1	 -42.4766	  173.0859
6.064	 2.01	 2	 -43.1738	  173.0049
6.068	 2.57	 1	 -42.6531	  172.8039
6.099	 2.64	 1	 -41.9934	  173.7616
6.114	 2.16	 1	 -42.6696	  175.6852
6.120	 2.28	 1	 -42.2930	  174.0865
6.134	 2.36	 2	 -41.6380	  173.7373
6.134	 2.32	 2	 -41.7702	  174.2098
6.146	 2.10	 1	 -41.7647	  174.3396
6.153	 2.20	 1	 -42.2843	  173.4687
6.164	 2.19	 1	 -42.4054	  173.8007
6.173	 2.21	 1	 -42.4505	  173.3396
6.177	 2.06	 1	 -42.6949	  173.9432
6.181	 4.14	 1	 -42.5237	  173.1174
6.183	 2.01	 3	 -43.1774	  173.0184
6.198	 2.46	 1	 -42.8482	  170.7004
6.202	 2.56	 1	 -42.7807	  173.1255
6.216	 2.09	 1	 -42.5137	  173.7617
6.229	 2.36	 1	 -42.5022	  173.0857
6.229	 2.97	 1	 -42.2767	  173.6315
6.270	 2.35	 1	 -42.1952	  173.6019
6.271	 3.40	 1	 -42.4570	  173.1438
6.293	 2.33	 1	 -41.7941	  174.2460
6.295	 2.35	 1	 -39.2458	  173.7905
6.315	 2.25	 2	 -42.5133	  173.1355
6.321	 2.11	 1	 -42.8344	  173.4479
6.336	 2.06	 1	 -42.3488	  174.0298
6.341	 3.08	 1	 -42.0552	  174.0917
6.346	 3.29	 1	 -42.1411	  173.6278
6.353	 2.07	 1	 -42.6751	  172.9213
6.355	 2.83	 2	 -42.4583	  173.1203
6.359	 2.62	 1	 -42.3549	  173.7216
6.375	 2.47	 1	 -42.5834	  172.9136
6.377	 2.28	 1	 -42.0375	  168.9566
6.391	 2.28	 2	 -42.8526	  174.3398
6.392	 2.86	 1	 -41.7996	  173.9469
6.392	 2.30	 1	 -38.8573	  176.2159
6.394	 2.17	 1	 -41.9904	  173.5894
6.397	 2.86	 2	 -42.5240	  173.1111
6.407	 2.49	 1	 -41.7593	  174.1727
6.414	 2.89	 1	 -42.0726	  173.6855
6.418	 2.62	 1	 -42.1777	  173.6442
6.422	 2.21	 1	 -42.3366	  172.1214
6.455	 2.59	 1	 -44.3559	  172.7196
6.471	 2.28	 2	 -42.1993	  174.5130
6.473	 2.23	 1	 -42.3499	  173.6516
6.486	 2.31	 1	 -41.9595	  174.0573
6.486	 2.04	 1	 -42.6188	  172.9886
6.488	 2.02	 1	 -42.6477	  172.8836
6.488	 2.02	 1	 -42.2504	  173.6680
6.493	 2.33	 2	 -42.2829	  172.7535
6.518	 2.12	 1	 -43.1571	  173.0393
6.519	 2.60	 1	 -42.6016	  172.9285
6.539	 2.28	 1	 -42.3011	  173.6980
6.586	 2.08	 1	 -43.0564	  173.4124
6.591	 2.24	 1	 -41.5319	  174.5155
6.591	 2.07	 1	 -42.5337	  173.9415
6.596	 2.04	 1	 -41.8327	  174.1742
6.599	 3.21	 1	 -41.7075	  174.3837
6.622	 2.81	 1	 -46.9967	  173.5527
6.631	 2.25	 1	 -42.4055	  171.4100
6.656	 2.11	 1	 -41.7995	  174.2898
6.657	 3.58	 1	 -42.1961	  173.5947
6.695	 2.30	 1	 -43.9624	  173.0225
6.696	 3.65	 1	 -42.4201	  173.3454
6.703	 2.04	 1	 -42.2727	  173.4984
6.704	 2.47	 1	 -42.5920	  173.2532
6.725	 2.32	 1	 -42.0103	  174.0092
6.729	 2.35	 1	 -42.3447	  173.5383
6.740	 2.68	 2	 -42.9008	  173.0850
6.745	 2.05	 2	 -41.8018	  174.2977
6.772	 2.56	 1	 -42.8039	  173.5775
6.776	 2.28	 1	 -42.0430	  173.7099
6.795	 3.18	 1	 -42.3910	  173.3230
6.812	 2.13	 1	 -42.5849	  174.0732
6.820	 2.03	 2	 -42.2372	  172.5264
6.840	 2.22	 1	 -42.7232	  173.6297
6.855	 2.35	 1	 -43.0685	  175.0708
6.861	 3.36	 1	 -43.0489	  173.8257
6.868	 2.17	 2	 -41.1492	  174.5820
6.868	 2.29	 1	 -41.6574	  174.0305
6.879	 3.90	 1	 -42.2680	  172.2668
6.890	 2.21	 1	 -42.2553	  173.5674
6.907	 3.23	 1	 -41.7291	  174.2180
6.926	 2.64	 1	 -42.3705	  173.6608
6.931	 2.06	 1	 -42.1886	  173.7928
6.933	 2.27	 1	 -41.8249	  174.1897
6.945	 2.55	 1	 -42.4970	  173.2664
7.012	 2.15	 1	 -41.9356	  173.6221
7.019	 2.05	 1	 -42.6740	  172.7536
7.030	 2.10	 1	 -43.7144	  178.9799
7.047	 2.07	 1	 -42.2917	  173.9633
7.075	 2.49	 1	 -42.6281	  173.4221
7.091	 2.41	 1	 -42.7415	  172.9061
7.125	 2.31	 1	 -42.6837	  173.0255
7.135	 2.43	 1	 -42.5791	  173.1144
7.136	 2.56	 1	 -42.3225	  174.1028
7.144	 4.00	 1	 -41.6932	  174.2968
7.145	 2.24	 1	 -41.7727	  174.2978
7.146	 2.20	 1	 -42.2960	  173.6385
7.148	 2.83	 1	 -42.9650	  172.5804
7.177	 2.08	 1	 -42.6878	  173.1592
7.182	 2.24	 2	 -42.6532	  172.2474
7.182	 2.32	 1	 -41.4408	  174.5039
7.200	 2.36	 1	 -41.9725	  174.0428
7.213	 2.60	 1	 -37.7077	  173.3739
7.219	 2.04	 1	 -42.3992	  173.7621
7.224	 2.02	 1	 -41.9013	  174.2930
7.233	 2.16	 1	 -38.2394	  172.1732
7.259	 2.09	 1	 -42.0211	  173.7487
7.265	 2.91	 1	 -42.2052	  173.6865
7.316	 2.29	 1	 -41.8141	  174.2806
7.318	 2.15	 1	 -42.4245	  173.3262
7.332	 2.11	 1	 -41.8281	  174.3115
7.341	 2.70	 1	 -42.3846	  172.9897
7.351	 2.20	 1	 -41.7713	  174.2442
7.353	 2.22	 1	 -42.6427	  173.1794
7.368	 2.26	 1	 -41.7777	  174.1652
7.377	 2.47	 2	 -41.7684	  174.1539
7.383	 3.38	 1	 -44.9519	  172.5857
7.417	 2.17	 1	 -43.2431	  172.4667
7.422	 2.52	 1	 -39.8873	  175.7337
7.439	 2.25	 1	 -42.7494	  172.6424
7.492	 2.16	 1	 -41.1973	  173.0115
7.498	 2.15	 1	 -42.3686	  173.7575
7.502	 2.71	 1	 -42.0309	  174.1521
7.503	 2.36	 1	 -42.1050	  174.1439
7.504	 2.21	 1	 -44.3505	  171.0646
7.512	 2.26	 1	 -42.1329	  173.6603
7.525	 2.02	 1	 -42.2355	  173.7356
7.539	 2.09	 1	 -42.0694	  173.5634
7.558	 2.09	 1	 -42.3412	  173.6947
7.559	 2.96	 1	 -41.7122	  174.1849
7.559	 2.34	 1	 -42.7649	  172.7175
7.596	 2.10	 1	 -42.7488	  172.7113
7.596	 2.45	 1	 -42.4410	  172.4965
7.597	 2.36	 1	 -41.7851	  174.4505
7.607	 2.40	 1	 -42.6650	  173.5671
7.624	 2.86	 2	 -42.2723	  173.4872
7.628	 2.23	 1	 -42.5146	  173.8445
7.630	 2.38	 1	 -42.5674	  172.8819
7.639	 2.49	 1	 -42.3800	  173.6465
7.655	 2.54	 1	 -42.6283	  173.5066
7.661	 2.04	 1	 -42.4233	  173.5832
7.698	 2.83	 1	 -42.9822	  175.5395
7.699	 2.16	 1	 -41.8846	  173.8733
7.707	 2.08	 1	 -42.2307	  173.9075
7.715	 2.12	 2	 -42.2230	  173.0622
7.725	 2.44	 2	 -42.8389	  172.8994
7.731	 2.29	 2	 -42.8727	  173.0162
7.740	 2.21	 1	 -42.0776	  173.0021
7.756	 2.74	 1	 -42.1065	  173.7796
7.772	 2.27	 1	 -42.4803	  173.6956
7.777	 2.83	 1	 -42.2283	  173.4904
7.782	 3.06	 1	 -42.7271	  172.8691
7.816	 2.13	 1	 -42.2314	  173.6300
7.817	 2.49	 2	 -41.7820	  173.7761
7.823	 2.18	 1	 -41.6974	  174.3285
7.833	 2.26	 1	 -41.8597	  174.3341
7.844	 2.84	 1	 -43.8161	  169.3728
7.862	 2.37	 1	 -42.5732	  173.2304
7.875	 2.96	 1	 -42.6144	  172.9241
7.902	 2.54	 1	 -42.1651	  173.6208
7.910	 2.11	 1	 -42.5035	  173.2125
7.941	 2.18	 1	 -42.8686	  172.5488
7.956	 2.18	 1	 -42.6119	  172.9129
8.013	 2.04	 1	 -42.1570	  172.4447
8.023	 2.84	 1	 -42.3134	  173.7099
8.060	 2.79	 1	 -42.8128	  173.3369
8.064	 2.19	 1	 -42.0245	  173.7151
8.118	 2.39	 1	 -42.4334	  173.7240
8.142	 3.74	 1	 -41.9364	  173.0717
8.184	 2.03	 1	 -41.8007	  174.2591
8.189	 3.38	 1	 -42.3529	  173.4563
8.205	 2.93	 1	 -42.5883	  173.1196
8.211	 2.49	 1	 -41.7782	  173.6197
8.225	 3.04	 1	 -41.9691	  174.1919
8.251	 2.04	 2	 -41.7271	  174.1852
8.328	 2.60	 1	 -42.4595	  173.5960
8.342	 2.63	 1	 -42.7608	  172.0834
8.382	 2.29	 1	 -41.7683	  173.9669
8.413	 3.54	 1	 -42.2369	  173.6788
8.416	 2.23	 2	 -41.7899	  173.9857
8.503	 2.03	 2	 -42.3137	  173.7093
8.505	 2.24	 1	 -41.7865	  174.4314
8.530	 2.44	 1	 -41.9860	  173.7482
8.536	 2.82	 1	 -43.3205	  169.7781
8.587	 2.29	 1	 -42.1421	  173.6783
8.597	 2.46	 1	 -41.7711	  174.2574
8.623	 2.07	 1	 -42.3544	  173.0856
8.644	 3.37	 1	 -42.4083	  174.3669
8.647	 2.24	 1	 -42.6030	  173.0188
8.653	 3.04	 2	 -42.3901	  174.5649
8.658	 2.21	 1	 -40.2527	  178.1610
8.660	 2.49	 1	 -42.3369	  173.5682
8.666	 3.56	 1	 -42.6017	  173.0348
8.673	 2.00	 1	 -42.5631	  173.1560
8.677	 2.16	 1	 -42.7405	  173.2806
8.679	 2.33	 1	 -42.1892	  173.6031
8.684	 2.31	 1	 -42.3010	  172.7714
8.687	 2.22	 1	 -42.4000	  172.7714
8.688	 3.05	 1	 -41.6753	  174.3042
8.694	 3.13	 1	 -42.1586	  173.6779
8.696	 3.04	 1	 -42.1921	  173.9548
8.708	 2.28	 1	 -42.2091	  173.6122
8.717	 2.47	 1	 -41.7539	  174.2619
8.726	 2.01	 1	 -41.8671	  174.1434
8.734	 3.06	 1	 -41.8768	  174.0570
8.742	 2.42	 1	 -41.6914	  173.7121
8.744	 3.00	 1	 -42.8417	  173.0910
8.781	 2.39	 2	 -41.5814	  174.4047
8.795	 2.01	 1	 -42.7557	  172.9316
8.801	 3.45	 1	 -41.9440	  173.7418
8.803	 2.40	 1	 -41.7993	  174.3931
8.819	 2.30	 1	 -42.2957	  173.5615
8.820	 3.20	 1	 -41.7876	  174.1693
8.821	 2.31	 1	 -41.6580	  174.3435
8.821	 2.18	 1	 -42.2701	  173.9842
8.839	 2.51	 1	 -42.1988	  173.7847
8.841	 2.14	 1	 -41.9587	  172.6698
8.863	 3.43	 1	 -43.1633	  173.1230
8.876	 2.66	 1	 -42.6481	  172.5850
8.879	 3.90	 2	 -42.0090	  173.8905
8.881	 2.67	 1	 -41.7248	  174.3025
8.921	 2.09	 1	 -39.1641	  169.2298
8.926	 2.92	 1	 -42.1972	  173.5919
8.933	 2.07	 1	 -41.8014	  174.2749
8.946	 2.08	 1	 -42.2401	  173.5069
8.966	 2.12	 1	 -41.8494	  173.6377
8.974	 2.16	 1	 -42.2592	  173.7563
9.018	 2.45	 1	 -42.5320	  173.6201
9.028	 2.46	 1	 -40.8737	  172.7638
9.041	 2.05	 2	 -42.1838	  173.7471
9.062	 2.05	 1	 -42.2797	  173.8595
9.068	 2.52	 1	 -42.0790	  169.6880
9.119	 2.22	 1	 -43.3210	  173.2184
9.124	 2.28	 1	 -42.2587	  173.4885
9.131	 2.11	 1	 -42.5284	  173.6724
9.149	 2.37	 1	 -41.6677	  174.1293
9.156	 2.28	 1	 -41.6691	  174.2174
9.157	 2.01	 1	 -41.7961	  174.2292
9.160	 2.35	 1	 -44.0395	  175.5915
9.212	 2.21	 1	 -42.6552	  172.9675
9.218	 3.29	 1	 -41.7310	  174.1948
9.233	 2.07	 1	 -42.3732	  173.9974
9.254	 2.75	 1	 -42.2143	  173.7417
9.257	 2.12	 1	 -42.5320	  172.6395
9.323	 2.26	 1	 -41.7666	  174.2480
9.335	 2.14	 1	 -42.7750	  173.4038
9.400	 2.08	 2	 -41.7500	  174.2099
9.403	 2.26	 1	 -44.4699	  171.9819
9.428	 2.04	 1	 -42.1404	  173.6595
9.431	 2.49	 1	 -42.6418	  172.9808
9.486	 2.97	 1	 -44.1425	  170.8278
9.511	 2.07	 1	 -41.7868	  174.2580
9.529	 2.67	 1	 -42.4127	  173.9620
9.529	 2.50	 1	 -42.2421	  174.9350
9.542	 2.30	 1	 -42.2368	  173.4375
9.558	 2.19	 1	 -42.0605	  173.7439
9.583	 2.69	 1	 -42.2064	  173.6192
9.601	 2.07	 1	 -41.8139	  173.9223
9.620	 2.72	 1	 -41.7211	  174.2913
9.647	 2.03	 1	 -42.5388	  173.1211
9.672	 2.47	 1	 -41.6074	  174.2954
9.680	 2.07	 1	 -41.8969	  173.6377
9.690	 2.04	 1	 -42.9780	  172.8268
9.697	 2.08	 1	 -43.2160	  172.6477
9.705	 2.26	 1	 -42.5788	  172.9183
9.712	 2.16	 1	 -43.4730	  173.1563
9.725	 2.57	 1	 -42.4426	  172.8252
9.745	 5.72	 1	 -42.6288	  172.8680
9.749	 2.15	 1	 -42.4062	  174.0985
9.750	 2.32	 2	 -42.6577	  172.8738
9.751	 2.27	 2	 -42.6734	  172.8866
9.759	 4.40	 1	 -42.1884	  173.8169
9.763	 2.70	 2	 -42.5739	  172.9200
9.764	 2.08	 2	 -42.6637	  172.8208
9.767	 2.37	 2	 -42.6398	  172.8142
9.768	 2.75	 2	 -42.7244	  172.8985
9.773	 2.16	 2	 -42.6752	  172.8786
9.784	 2.06	 2	 -42.6154	  172.8708
9.785	 2.65	 2	 -42.5979	  172.9787
9.789	 2.36	 2	 -42.5822	  172.8887
9.803	 2.20	 1	 -41.9168	  173.6140
9.807	 3.03	 2	 -42.3524	  173.7769
9.812	 2.46	 1	 -42.3786	  174.0312
9.821	 2.75	 2	 -42.6485	  172.7457
9.825	 3.15	 1	 -40.7648	  177.5254
9.830	 2.66	 1	 -41.8128	  174.1731
9.836	 2.39	 2	 -42.1768	  173.8033
9.844	 2.33	 2	 -42.6281	  172.8303
9.846	 2.68	 2	 -42.6218	  172.9505
9.848	 2.32	 2	 -41.1812	  173.4131
9.872	 2.49	 1	 -42.3914	  173.2358
9.878	 2.21	 2	 -42.6424	  172.8718
9.878	 3.04	 1	 -42.8651	  172.6105
9.884	 2.78	 1	 -41.6730	  174.2335
9.889	 2.35	 2	 -42.5985	  172.9759
9.895	 2.44	 1	 -42.5871	  173.4595
9.925	 2.16	 2	 -42.6636	  172.8618
9.934	 2.20	 2	 -41.5355	  174.3220
9.938	 2.41	 1	 -42.3102	  173.4405
9.949	 2.04	 2	 -42.3194	  173.9302
9.957	 3.03	 1	 -42.3685	  174.0570
9.982	 2.29	 2	 -42.6388	  172.8681
9.990	 3.28	 2	 -42.6536	  172.8575
9.990	 2.10	 2	 -42.6100	  172.7961
9.993	 3.84	 1	 -41.7298	  174.2820
9.996	 2.30	 2	 -42.8543	  172.4981
10.002	 2.29	 1	 -42.6572	  172.9922
10.003	 2.38	 2	 -42.7373	  172.9054
10.011	 2.63	 1	 -42.5492	  173.1106
10.027	 2.31	 2	 -42.5916	  172.8139
10.027	 2.91	 1	 -41.9823	  173.6200
10.032	 2.30	 1	 -42.5671	  173.1954
10.034	 2.26	 1	 -42.3625	  173.3380
10.046	 2.21	 2	 -42.6550	  172.8435
10.051	 2.26	 2	 -42.5692	  172.7933
10.055	 2.51	 1	 -42.6726	  172.8093
10.076	 2.06	 1	 -43.7924	  175.9260
10.080	 2.71	 2	 -42.3353	  172.8241
10.081	 2.51	 2	 -42.6376	  172.8740
10.087	 2.31	 1	 -42.5610	  173.3577
10.097	 3.48	 1	 -42.3511	  174.0060
10.107	 2.87	 1	 -42.7156	  173.3896
10.131	 2.59	 1	 -41.7510	  175.1588
10.140	 2.51	 1	 -41.7322	  174.1554
10.142	 2.00	 2	 -42.5461	  172.9231
10.155	 2.38	 2	 -42.6276	  172.8272
10.182	 3.16	 1	 -42.5901	  172.7205
10.186	 2.60	 1	 -41.8801	  171.6836
10.205	 2.03	 2	 -39.1831	  168.9415
10.222	 2.08	 2	 -42.5730	  172.9135
10.248	 2.26	 1	 -41.9855	  173.6911
10.267	 2.17	 1	 -42.2413	  173.7213
10.270	 2.39	 1	 -42.9089	  172.8873
10.284	 3.01	 1	 -41.9194	  173.8686
10.285	 2.13	 2	 -42.6208	  172.9183
10.292	 2.42	 1	 -42.0857	  173.4734
10.303	 2.24	 2	 -42.1821	  173.9414
10.314	 2.41	 1	 -42.3322	  173.0883
10.315	 2.08	 1	 -42.2031	  173.8146
10.353	 2.07	 2	 -42.6431	  172.8503
10.375	 2.77	 1	 -42.3228	  173.9205
10.377	 2.10	 2	 -42.4861	  173.1277
10.387	 2.36	 1	 -42.2174	  173.1892
10.389	 2.04	 2	 -42.4341	  172.4498
10.405	 2.37	 1	 -42.4527	  173.0285
10.410	 2.13	 2	 -42.5961	  172.8014
10.417	 2.07	 1	 -42.7370	  173.7861
10.427	 2.12	 2	 -42.6398	  172.9369
10.436	 2.21	 1	 -42.0832	  172.6698
10.448	 3.20	 1	 -42.4167	  173.7871
10.448	 2.23	 2	 -42.5783	  172.7252
10.449	 2.09	 2	 -42.1857	  173.7522
10.455	 2.75	 3	 -42.3849	  174.5566
10.467	 2.37	 1	 -42.0595	  173.8292
10.470	 2.33	 1	 -42.5970	  173.0676
10.475	 2.27	 2	 -42.4848	  172.6546
10.482	 2.94	 1	 -42.3552	  172.6350
10.490	 2.38	 1	 -42.6326	  172.8344
10.521	 3.21	 1	 -42.1901	  179.1016
10.528	 2.09	 1	 -41.6456	  174.3132
10.531	 2.03	 2	 -42.6071	  172.8721
10.534	 3.05	 1	 -42.5572	  172.8775
10.543	 2.78	 2	 -42.7189	  172.6436
10.549	 2.64	 2	 -42.3561	  172.6357
10.559	 2.04	 1	 -42.3764	  173.7320
10.559	 2.44	 2	 -42.6060	  173.0127
10.605	 2.43	 1	 -42.2178	  173.8616
10.612	 4.09	 1	 -42.0074	  176.4963
10.617	 2.16	 1	 -42.2337	  173.6836
10.622	 2.14	 1	 -41.9392	  173.5360
10.655	 2.23	 2	 -42.0029	  176.4855
10.665	 2.46	 1	 -41.8298	  173.5950
10.667	 2.13	 2	 -42.6711	  172.8129
10.676	 2.32	 1	 -42.1663	  172.8828
10.687	 2.14	 1	 -42.5551	  173.5535
10.726	 2.19	 2	 -42.6466	  172.8656
10.753	 2.25	 1	 -42.5591	  173.1460
10.760	 2.26	 1	 -41.8263	  174.0607
10.770	 2.03	 2	 -42.6622	  172.7871
10.780	 2.03	 2	 -42.6074	  172.8402
10.881	 2.37	 2	 -42.6915	  173.0308
10.923	 2.52	 1	 -41.9226	  174.0888
11.013	 2.63	 1	 -43.0417	  172.3551
11.052	 3.82	 1	 -42.0636	  174.0817
11.053	 2.73	 2	 -42.4781	  171.6778
11.055	 2.40	 3	 -42.3566	  173.7733
11.061	 2.03	 1	 -42.1716	  173.6286
11.064	 4.01	 2	 -42.7507	  172.8193
11.067	 2.44	 3	 -42.7510	  172.8170
11.080	 3.05	 1	 -42.3313	  173.4597
11.102	 2.06	 1	 -42.3308	  174.1790
11.105	 2.01	 2	 -42.6432	  172.8941
11.121	 2.67	 1	 -42.1501	  173.4718
11.137	 2.38	 1	 -42.3335	  173.7190
11.208	 2.14	 2	 -42.6381	  172.9630
11.212	 2.18	 1	 -41.7651	  174.2251
11.215	 2.25	 1	 -42.1292	  171.3027
11.216	 2.95	 1	 -42.1985	  173.6306
11.225	 2.37	 1	 -42.3018	  173.6427
11.261	 2.03	 1	 -41.7899	  174.2336
11.275	 2.24	 1	 -42.2475	  172.7713
11.309	 2.23	 2	 -41.7340	  174.1904
11.336	 2.46	 1	 -42.5620	  173.2365
11.357	 2.13	 1	 -42.8683	  173.2241
11.394	 2.55	 1	 -42.7721	  173.0628
11.403	 2.30	 2	 -42.3724	  173.9118
11.403	 2.14	 1	 -42.2459	  173.6514
11.443	 2.17	 1	 -41.9873	  173.4276
11.475	 2.86	 1	 -43.5553	  179.0263
11.500	 2.48	 1	 -43.1412	  172.8191
11.511	 2.18	 1	 -42.3834	  173.7668
11.511	 2.24	 1	 -41.8852	  173.7401
11.591	 2.46	 1	 -41.8040	  174.1818
11.592	 2.04	 1	 -42.1238	  173.6213
11.617	 2.08	 1	 -45.3372	  174.3931
11.633	 2.23	 1	 -42.4198	  173.1297
11.635	 2.30	 1	 -41.9502	  174.2253
11.689	 2.82	 1	 -39.1328	  176.2502
11.692	 2.17	 1	 -41.7043	  174.1955
11.698	 2.04	 2	 -43.7456	  171.4141
11.732	 2.01	 1	 -42.2341	  173.5773
11.782	 2.04	 1	 -42.4998	  173.5111
11.786	 2.62	 1	 -41.8733	  174.6551
11.829	 2.00	 1	 -42.1875	  173.7886
11.829	 2.51	 1	 -42.1454	  173.5294
11.859	 2.40	 2	 -42.6586	  172.8470
11.878	 2.27	 2	 -42.0532	  174.0747
11.908	 3.50	 1	 -42.0571	  174.4267
11.910	 2.02	 2	 -42.1658	  173.9726
11.913	 2.06	 2	 -41.9395	  173.5361
11.921	 2.97	 1	 -42.1502	  174.2279
11.932	 2.14	 1	 -42.5528	  173.0059
11.935	 2.87	 2	 -45.1736	  171.1501
11.968	 2.20	 1	 -42.6359	  173.0304
11.972	 2.16	 2	 -42.5732	  172.9241
12.007	 2.58	 2	 -42.6504	  172.8178
12.021	 2.89	 2	 -42.6810	  172.9158
12.025	 2.01	 1	 -42.6814	  173.0145
12.036	 2.04	 1	 -42.2150	  173.5122
12.038	 2.51	 1	 -42.1844	  173.4600
12.105	 2.29	 1	 -41.9815	  173.6849
12.119	 2.35	 1	 -41.8050	  174.0777
12.137	 2.93	 2	 -42.6542	  172.9138
12.141	 2.02	 1	 -42.4549	  172.6145
12.167	 2.17	 2	 -42.6035	  172.8077
12.167	 2.16	 1	 -42.3937	  173.9837
12.218	 2.14	 1	 -42.5262	  173.5188
12.236	 2.70	 1	 -41.8183	  174.2350
12.241	 2.61	 2	 -42.5955	  172.8246
12.255	 2.77	 1	 -42.2961	  172.6595
12.262	 2.68	 1	 -42.6767	  173.4890
12.269	 2.20	 1	 -45.7294	  177.0165
12.287	 2.54	 1	 -42.1313	  173.7979
12.293	 2.00	 1	 -42.4051	  174.0864
12.343	 2.09	 1	 -41.4235	  174.5751
12.350	 2.01	 1	 -42.8080	  170.6492
12.371	 2.20	 3	 -42.5940	  172.9804
12.393	 2.57	 1	 -42.3649	  173.5791
12.396	 2.25	 1	 -41.8932	  172.9295
12.415	 2.50	 1	 -42.6841	  172.6979
12.442	 2.20	 1	 -42.1748	  173.8071
12.449	 2.02	 1	 -42.6779	  171.8672
12.459	 2.25	 1	 -42.4514	  173.2769
12.485	 3.62	 2	 -41.9599	  173.6122
12.494	 2.45	 1	 -41.8026	  173.9720
12.507	 2.18	 2	 -42.3337	  173.8341
12.574	 2.22	 1	 -42.7164	  171.7749
12.591	 2.10	 2	 -42.6951	  172.8841
12.592	 2.90	 1	 -38.4330	  174.9824
12.607	 2.17	 1	 -42.4247	  173.3141
12.612	 2.08	 1	 -42.0353	  173.6947
12.631	 2.41	 1	 -42.3528	  173.5495
12.696	 2.40	 1	 -42.3418	  173.7428
12.703	 3.14	 2	 -42.2592	  172.1962
12.728	 2.64	 3	 -42.5593	  173.6979
12.763	 2.05	 1	 -43.7549	  168.3413
12.784	 3.57	 1	 -42.6460	  172.8411
12.806	 2.06	 1	 -42.6376	  173.1187
12.817	 2.03	 2	 -42.4411	  173.3473
12.829	 2.17	 1	 -42.2383	  172.7071
12.834	 2.18	 2	 -42.3424	  174.0072
12.843	 2.41	 2	 -42.7173	  172.8340
12.846	 2.29	 1	 -42.6638	  172.7372
12.849	 2.67	 1	 -42.3192	  173.8759
12.867	 2.78	 1	 -42.5847	  172.4754
12.874	 2.09	 1	 -42.5780	  172.7881
12.896	 2.16	 1	 -42.3268	  173.6874
12.959	 2.47	 2	 -42.6892	  173.0135
12.986	 2.60	 1	 -42.0191	  174.2766
13.067	 2.06	 1	 -41.8037	  174.2024
13.078	 3.00	 2	 -42.7976	  173.5875
13.102	 2.21	 1	 -43.8215	  173.9777
13.114	 2.20	 1	 -42.2684	  171.7595
13.142	 2.50	 1	 -42.0198	  173.6225
13.148	 2.49	 1	 -42.6576	  173.0494
13.153	 2.57	 1	 -42.4972	  173.6586
13.168	 2.15	 2	 -42.5501	  172.2678
13.203	 2.66	 1	 -42.7980	  172.8926
13.210	 2.09	 1	 -42.1355	  173.5987
13.226	 2.07	 1	 -39.8819	  173.2988
13.320	 2.00	 1	 -41.8559	  174.0385
13.324	 2.18	 1	 -41.1267	  170.3523
13.338	 2.16	 1	 -40.8399	  174.0183
13.338	 2.17	 1	 -42.7632	  173.8079
13.342	 2.41	 1	 -42.5128	  172.7106
13.347	 2.31	 1	 -42.1893	  173.7111
13.353	 2.38	 1	 -41.8143	  174.2875
13.357	 2.03	 1	 -42.2068	  173.5826
13.365	 2.37	 1	 -41.8328	  174.1679
13.368	 2.38	 3	 -41.9587	  173.6094
13.385	 2.07	 1	 -42.6405	  172.5969
13.422	 3.06	 2	 -42.4693	  172.9104
13.424	 2.05	 1	 -42.3806	  173.7935
13.426	 2.02	 1	 -42.3382	  174.0196
13.431	 2.18	 1	 -42.5616	  172.9068
13.435	 2.40	 1	 -42.0851	  173.6908
13.517	 2.84	 1	 -41.5541	  169.3857
13.532	 2.02	 1	 -42.4201	  173.3875
13.551	 2.19	 1	 -43.0584	  175.8286
13.560	 2.61	 1	 -42.1062	  173.5458
13.562	 2.30	 2	 -41.9663	  174.3462
13.597	 2.51	 1	 -42.4910	  173.7542
13.608	 2.28	 1	 -41.7539	  174.2764
13.608	 2.90	 1	 -42.8262	  173.6797
13.661	 3.15	 1	 -41.7223	  174.2616
13.668	 2.39	 1	 -42.8952	  173.0188
13.675	 2.30	 2	 -41.9835	  176.5020
13.680	 2.36	 1	 -41.5125	  169.9453
13.704	 2.04	 1	 -41.5920	  172.8248
13.707	 2.18	 1	 -42.9815	  172.8055
13.769	 2.00	 1	 -42.8454	  172.1187
13.802	 2.05	 1	 -42.1106	  173.7027
13.865	 2.06	 1	 -41.7216	  174.2969
13.904	 2.14	 1	 -42.2527	  173.4640
13.912	 2.35	 1	 -42.6903	  173.3781
13.926	 2.01	 1	 -42.9197	  173.8626
14.042	 2.16	 1	 -42.2803	  173.8770
14.064	 2.58	 1	 -42.5097	  173.2060
14.094	 2.65	 2	 -42.6273	  172.9338
14.101	 2.19	 1	 -41.9101	  173.8893
14.113	 2.06	 1	 -43.0482	  172.1943
14.140	 2.68	 1	 -42.7284	  173.2842
14.148	 4.08	 1	 -43.1719	  171.5840
14.187	 2.37	 1	 -42.6842	  173.2869
14.204	 2.31	 1	 -42.7131	  172.8303
14.224	 2.04	 1	 -42.3397	  173.8206
14.248	 3.20	 1	 -42.1806	  173.6583
14.257	 2.34	 2	 -42.1888	  173.6770
14.275	 2.09	 1	 -42.2981	  174.4047
14.328	 2.33	 1	 -42.4992	  173.1168
14.329	 3.07	 1	 -42.0304	  173.7071
14.334	 2.62	 1	 -41.7235	  174.2683
14.340	 2.66	 1	 -40.6470	  178.4703
14.372	 2.00	 1	 -42.7623	  172.7864
14.392	 2.06	 1	 -42.2739	  173.4736
14.433	 2.31	 1	 -41.9722	  173.6481
14.454	 2.27	 2	 -42.6378	  172.8710
14.458	 3.02	 1	 -43.6826	  173.2821
