# Simulation 889
# RelativeTime(days) Magnitude Generation Latitude Longitude
Time Mag Gen Lat Lon
0.501	 2.02	 1	 -42.3851	  173.8000
0.502	 2.45	 1	 -41.2882	  171.3287
0.504	 2.24	 1	 -42.1301	  173.7919
0.504	 2.13	 1	 -42.3792	  173.1278
0.505	 2.42	 1	 -42.3865	  173.5609
0.505	 2.24	 1	 -38.6562	  172.1023
0.505	 2.47	 1	 -42.0713	  173.7190
0.505	 2.47	 1	 -42.2098	  173.8124
0.505	 2.42	 1	 -41.7373	  174.1901
0.506	 2.78	 1	 -41.8326	  174.1611
0.507	 2.62	 1	 -41.6908	  174.2102
0.509	 2.14	 1	 -42.8348	  174.8124
0.511	 2.16	 1	 -43.1615	  167.1122
0.511	 2.15	 1	 -42.2997	  173.8095
0.514	 2.01	 1	 -42.3250	  173.6287
0.516	 3.19	 1	 -42.3070	  173.4427
0.516	 2.59	 1	 -42.2482	  173.4699
0.517	 2.02	 1	 -42.4293	  173.3251
0.517	 2.24	 1	 -42.1976	  172.7495
0.517	 2.99	 1	 -40.4316	  172.7756
0.518	 2.19	 1	 -42.0521	  174.0735
0.520	 2.27	 1	 -42.2116	  173.5810
0.520	 2.18	 1	 -42.1473	  173.6012
0.520	 2.05	 1	 -42.5932	  171.0533
0.522	 2.05	 1	 -41.4511	  174.6593
0.523	 2.05	 1	 -41.3797	  167.7581
0.524	 2.43	 1	 -41.8971	  173.0845
0.524	 2.34	 1	 -41.7882	  174.1555
0.524	 2.49	 1	 -42.2733	  173.4780
0.525	 2.52	 1	 -42.0613	  174.0536
0.528	 2.05	 1	 -41.4832	  172.3140
0.532	 2.54	 1	 -41.7186	  174.2831
0.532	 2.38	 1	 -42.2247	  174.0641
0.532	 2.04	 1	 -42.2075	  176.2181
0.534	 2.09	 1	 -40.7078	  175.6381
0.535	 2.02	 1	 -41.9887	  173.8898
0.535	 2.91	 1	 -42.3159	  173.8286
0.536	 2.54	 1	 -42.6323	  173.6957
0.536	 2.09	 1	 -42.7583	  173.3155
0.537	 2.52	 1	 -42.3768	  173.8170
0.538	 2.49	 1	 -43.9606	  174.3528
0.538	 3.44	 1	 -42.4195	  173.0889
0.538	 2.20	 1	 -42.3093	  175.2993
0.538	 2.29	 1	 -42.6393	  172.7797
0.539	 2.57	 1	 -41.9306	  174.2612
0.540	 2.04	 1	 -41.9228	  174.1507
0.540	 2.26	 1	 -42.9056	  172.8068
0.541	 3.17	 1	 -41.8057	  174.2640
0.541	 3.27	 1	 -43.1341	  172.5654
0.542	 2.84	 1	 -42.6966	  174.3377
0.543	 2.67	 1	 -43.9152	  173.9175
0.544	 2.82	 1	 -41.7005	  174.1539
0.545	 3.03	 1	 -42.4546	  174.6600
0.546	 2.00	 1	 -41.9318	  173.8603
0.546	 3.27	 1	 -41.8577	  174.3595
0.546	 2.04	 1	 -42.6787	  172.9338
0.547	 2.17	 1	 -47.1642	  172.3787
0.548	 2.20	 1	 -43.0776	  171.1265
0.548	 2.72	 1	 -44.0975	  172.8649
0.549	 2.87	 1	 -42.4862	  174.7110
0.550	 2.18	 1	 -42.3630	  173.5511
0.550	 2.28	 1	 -42.4096	  173.5739
0.551	 2.08	 1	 -42.3291	  173.8133
0.552	 2.13	 1	 -42.3506	  173.0953
0.553	 2.01	 1	 -43.2830	  175.3371
0.553	 2.10	 1	 -42.2599	  172.7884
0.553	 2.19	 1	 -41.9567	  174.0322
0.553	 2.09	 1	 -42.4475	  173.8770
0.554	 2.03	 1	 -42.6490	  172.9299
0.554	 2.26	 1	 -38.3221	  171.5831
0.554	 2.46	 1	 -43.1918	  173.5182
0.556	 2.00	 1	 -42.6936	  171.9776
0.557	 2.44	 1	 -43.0726	  173.3397
0.558	 2.62	 1	 -42.1498	  173.6735
0.558	 2.03	 1	 -41.7083	  174.3335
0.559	 2.03	 1	 -46.8429	  171.5142
0.560	 2.39	 1	 -42.2282	  173.7133
0.560	 2.25	 1	 -42.2251	  173.6436
0.561	 2.79	 1	 -43.3076	  173.6117
0.562	 2.36	 1	 -42.9456	  172.7496
0.563	 2.28	 1	 -41.6859	  174.3387
0.563	 2.22	 1	 -42.2719	  173.3607
0.564	 2.33	 1	 -41.8637	  173.9256
0.565	 2.03	 1	 -42.2238	  173.5756
0.568	 2.86	 1	 -41.7787	  174.2785
0.569	 2.21	 1	 -45.6347	  177.6486
0.570	 2.05	 1	 -43.5648	  171.9476
0.570	 2.24	 1	 -42.5484	  173.1623
0.571	 2.44	 1	 -41.6349	  174.6514
0.571	 2.01	 1	 -42.7950	  173.1422
0.571	 2.14	 1	 -43.0670	  172.3925
0.573	 2.51	 1	 -41.7918	  174.8987
0.573	 2.25	 1	 -42.5020	  173.3659
0.574	 2.34	 1	 -42.1530	  174.0302
0.574	 3.75	 1	 -42.4385	  173.4854
0.574	 2.97	 1	 -42.6508	  172.6986
0.576	 2.04	 1	 -42.0561	  174.0900
0.577	 2.15	 1	 -43.4848	  170.7437
0.579	 2.86	 1	 -43.0402	  172.9505
0.583	 2.70	 1	 -41.3631	  176.4351
0.583	 2.83	 1	 -41.7090	  174.2128
0.584	 2.29	 1	 -42.4207	  174.6975
0.586	 2.42	 1	 -42.1945	  173.7709
0.587	 2.63	 1	 -42.3597	  173.9871
0.589	 3.22	 1	 -41.8603	  173.9493
0.590	 2.85	 1	 -41.1228	  178.7551
0.591	 2.29	 1	 -43.2948	  172.7974
0.592	 2.10	 1	 -41.7709	  174.3593
0.597	 2.24	 1	 -40.8714	  174.1862
0.599	 2.61	 1	 -42.0676	  173.8025
0.599	 2.13	 1	 -41.6890	  174.1962
0.599	 2.20	 1	 -42.7873	  173.1526
0.601	 2.05	 1	 -39.9785	  168.1443
0.601	 2.31	 1	 -42.4671	  173.7622
0.602	 2.55	 1	 -41.7399	  173.1560
0.602	 2.18	 1	 -46.6114	  170.0221
0.603	 2.71	 1	 -44.3244	  174.4386
0.603	 2.46	 1	 -44.3069	  171.0622
0.603	 2.25	 1	 -42.5703	  173.2293
0.604	 3.96	 1	 -42.2706	  173.4989
0.608	 2.11	 1	 -41.9258	  172.8553
0.609	 2.01	 1	 -41.8676	  174.3105
0.610	 2.83	 1	 -42.7032	  172.9817
0.612	 2.89	 1	 -45.1191	  174.1839
0.612	 2.38	 1	 -42.0363	  173.6630
0.612	 2.53	 1	 -42.2031	  173.7728
0.613	 3.03	 1	 -41.8212	  174.3715
0.613	 2.29	 1	 -42.6601	  172.7187
0.615	 2.06	 1	 -42.6015	  173.4656
0.618	 2.85	 1	 -41.6556	  174.2119
0.619	 2.04	 1	 -42.4275	  173.7912
0.621	 2.99	 1	 -42.5574	  171.9453
0.621	 2.37	 1	 -42.3450	  173.5220
0.623	 2.26	 1	 -41.7382	  174.3305
0.624	 2.05	 1	 -41.8414	  173.8991
0.625	 2.39	 1	 -43.5214	  173.5013
0.625	 2.14	 1	 -42.3688	  173.1369
0.626	 2.36	 1	 -42.4994	  173.2780
0.626	 2.05	 1	 -41.5456	  167.1067
0.627	 2.00	 1	 -42.1972	  173.6093
0.627	 2.09	 1	 -43.3405	  174.1995
0.628	 2.41	 1	 -42.3251	  173.7655
0.629	 2.05	 1	 -44.3756	  172.1878
0.630	 2.30	 1	 -45.6543	  173.0591
0.630	 2.04	 1	 -46.7851	  170.4876
0.631	 2.34	 1	 -41.6749	  174.2299
0.632	 2.63	 1	 -42.6320	  174.0282
0.632	 2.26	 1	 -42.0563	  173.6901
0.632	 2.14	 1	 -42.2601	  173.7876
0.634	 2.34	 1	 -42.0054	  173.6810
0.635	 2.89	 1	 -42.7695	  173.1242
0.636	 2.05	 1	 -42.0839	  173.6512
0.640	 2.10	 1	 -42.4997	  173.1174
0.640	 2.45	 1	 -42.4904	  172.9125
0.641	 2.99	 1	 -42.3440	  173.6734
0.643	 2.25	 1	 -41.9637	  174.0893
0.644	 2.02	 1	 -40.3661	  171.7949
0.645	 2.00	 1	 -42.3240	  173.6909
0.649	 2.21	 1	 -42.3885	  171.2051
0.652	 2.94	 1	 -41.7912	  174.0715
0.652	 2.19	 1	 -40.4155	  170.7333
0.652	 2.98	 1	 -40.7263	  167.2225
0.652	 2.05	 1	 -42.1722	  172.8668
0.654	 2.65	 1	 -42.3197	  169.8230
0.658	 2.18	 1	 -45.4242	  177.8817
0.660	 2.39	 1	 -42.2286	  173.6095
0.661	 2.17	 1	 -42.6073	  173.1429
0.663	 2.92	 1	 -42.6791	  172.7064
0.663	 2.08	 1	 -40.8549	  167.4385
0.665	 2.08	 1	 -41.6469	  174.3594
0.667	 2.80	 1	 -43.8806	  174.7550
0.669	 2.90	 1	 -42.4522	  172.4434
0.669	 2.43	 1	 -41.6076	  176.1532
0.670	 2.09	 1	 -43.0484	  173.3977
0.671	 2.03	 1	 -42.3426	  173.7761
0.671	 2.04	 2	 -42.2808	  173.6134
0.671	 3.10	 1	 -41.7842	  174.2759
0.672	 2.03	 1	 -42.5592	  172.6934
0.672	 2.50	 1	 -42.9557	  174.4782
0.674	 2.30	 1	 -41.8598	  174.1040
0.677	 2.22	 1	 -42.9632	  173.9598
0.679	 2.38	 1	 -43.0398	  172.2633
0.680	 2.14	 1	 -42.3461	  173.0878
0.681	 2.50	 1	 -41.4651	  178.9076
0.683	 2.04	 1	 -38.7186	  170.1593
0.685	 2.46	 1	 -40.6095	  167.6003
0.685	 2.21	 1	 -43.0074	  174.5683
0.687	 3.36	 1	 -43.9780	  167.1597
0.687	 2.35	 1	 -46.6172	  176.0080
0.688	 2.19	 1	 -41.1373	  173.7618
0.688	 2.22	 1	 -42.3894	  173.3123
0.694	 2.11	 1	 -42.6002	  173.3619
0.695	 2.98	 1	 -42.3653	  173.6863
0.697	 2.00	 1	 -41.7537	  174.7111
0.697	 2.71	 1	 -38.2016	  173.3301
0.703	 2.12	 1	 -39.6404	  168.5295
0.705	 2.58	 1	 -43.4876	  176.4587
0.706	 2.58	 1	 -42.3987	  173.8203
0.706	 2.38	 1	 -42.0903	  173.4817
0.708	 2.49	 1	 -42.7604	  172.8745
0.710	 2.35	 1	 -45.3720	  168.1091
0.711	 2.65	 1	 -42.5261	  173.2942
0.711	 3.57	 1	 -41.7853	  174.3850
0.713	 2.26	 1	 -45.4410	  168.1801
0.713	 2.14	 1	 -42.5040	  173.7654
0.718	 2.02	 1	 -41.9150	  173.6081
0.721	 2.41	 1	 -42.1974	  173.6236
0.724	 2.00	 1	 -42.9901	  172.0831
0.724	 2.10	 1	 -43.1760	  172.0494
0.725	 2.19	 1	 -38.1994	  173.2631
0.725	 2.28	 1	 -42.2550	  173.8239
0.727	 2.64	 1	 -42.5172	  174.2123
0.727	 2.27	 1	 -41.6987	  171.8468
0.728	 2.79	 1	 -42.5257	  172.8749
0.728	 2.00	 1	 -42.3105	  173.9033
0.729	 2.23	 1	 -41.7935	  174.2192
0.729	 2.36	 1	 -42.6777	  172.7445
0.729	 2.26	 1	 -42.7883	  172.9857
0.731	 2.62	 1	 -42.4871	  172.9281
0.731	 2.07	 1	 -41.6873	  174.2005
0.732	 2.25	 1	 -45.7976	  168.5971
0.733	 2.02	 1	 -41.7590	  174.1485
0.733	 2.01	 1	 -42.4667	  173.6394
0.735	 2.45	 1	 -42.1633	  173.8615
0.736	 3.34	 1	 -41.8083	  173.9817
0.738	 2.45	 1	 -42.1683	  173.8274
0.742	 2.35	 1	 -41.7752	  174.2634
0.744	 2.16	 1	 -42.0430	  173.6780
0.746	 2.21	 1	 -42.1923	  174.0655
0.752	 2.32	 1	 -41.8042	  174.2398
0.755	 2.01	 1	 -42.5738	  173.1637
0.755	 3.14	 1	 -43.1625	  171.8612
0.756	 2.07	 1	 -41.8187	  174.2988
0.761	 2.09	 1	 -44.5492	  173.4078
0.763	 3.06	 1	 -39.6879	  177.5737
0.763	 2.53	 1	 -42.2805	  173.3244
0.764	 2.03	 1	 -42.6250	  173.7510
0.765	 2.04	 1	 -41.7141	  173.9579
0.768	 2.07	 1	 -43.2046	  173.4239
0.769	 3.24	 1	 -42.0422	  174.5895
0.769	 2.60	 1	 -45.6935	  174.3136
0.771	 2.35	 1	 -42.5583	  172.9716
0.773	 2.31	 1	 -44.9366	  172.5935
0.773	 2.28	 1	 -39.9117	  175.5215
0.774	 2.88	 1	 -42.2412	  173.6967
0.778	 2.25	 1	 -42.9886	  172.9327
0.779	 2.14	 1	 -42.1228	  172.9071
0.779	 2.05	 1	 -42.5541	  173.0947
0.781	 3.01	 1	 -42.2117	  173.6292
0.782	 2.69	 1	 -42.4195	  172.9499
0.783	 2.47	 1	 -41.7361	  174.2681
0.785	 2.78	 1	 -42.8306	  172.6513
0.785	 2.02	 1	 -42.1303	  173.6108
0.786	 3.33	 1	 -41.7760	  174.0776
0.792	 2.17	 1	 -44.0731	  169.3907
0.795	 2.78	 1	 -42.3365	  173.0918
0.797	 2.30	 1	 -41.7033	  174.1997
0.797	 2.36	 1	 -42.9164	  174.0190
0.798	 2.85	 1	 -42.1849	  172.7839
0.798	 2.70	 1	 -42.7721	  172.7750
0.800	 2.09	 1	 -42.4242	  174.0413
0.801	 2.33	 1	 -42.4482	  173.8511
0.801	 2.30	 1	 -42.3240	  173.4933
0.804	 3.31	 1	 -42.9503	  172.3473
0.804	 2.04	 1	 -43.0381	  172.6647
0.805	 2.10	 1	 -42.6590	  172.8522
0.808	 2.24	 1	 -42.9976	  174.6233
0.810	 2.03	 1	 -42.3744	  171.5892
0.814	 5.40	 1	 -42.0380	  174.0954
0.817	 2.30	 2	 -42.1707	  174.2599
0.817	 3.00	 1	 -42.0615	  173.6897
0.818	 2.09	 1	 -43.9210	  173.2406
0.819	 2.04	 2	 -42.0443	  174.0660
0.820	 2.26	 1	 -42.8233	  172.6636
0.821	 2.04	 2	 -42.0266	  174.0642
0.822	 2.20	 2	 -41.9826	  174.1453
0.823	 2.21	 1	 -41.9859	  174.3144
0.825	 2.32	 1	 -42.0862	  168.0326
0.825	 2.17	 1	 -42.2005	  173.5026
0.827	 2.03	 2	 -42.0729	  174.0363
0.829	 2.20	 2	 -42.0088	  173.9866
0.831	 2.08	 1	 -42.6413	  173.7862
0.832	 2.27	 1	 -41.2314	  171.7485
0.832	 2.07	 1	 -41.7829	  174.1746
0.833	 2.42	 1	 -39.0170	  169.4978
0.834	 2.69	 1	 -44.5751	  178.5780
0.834	 2.14	 1	 -45.1922	  172.1277
0.834	 2.36	 1	 -42.3485	  174.0630
0.835	 2.90	 1	 -43.4085	  171.8457
0.835	 2.26	 1	 -42.8279	  172.7357
0.839	 2.90	 1	 -41.8078	  174.2147
0.839	 2.45	 1	 -42.3577	  173.8212
0.841	 2.02	 2	 -42.0235	  174.0729
0.845	 2.26	 2	 -42.0443	  174.1508
0.846	 2.01	 1	 -41.7819	  174.1884
0.846	 3.01	 1	 -42.5513	  172.9445
0.847	 2.67	 1	 -43.1463	  170.7065
0.848	 2.35	 1	 -41.7932	  174.2677
0.851	 3.24	 1	 -42.9448	  179.1303
0.852	 2.24	 1	 -39.5455	  177.3919
0.854	 2.92	 2	 -42.0286	  174.0296
0.857	 2.45	 2	 -42.0333	  174.1239
0.858	 3.53	 2	 -41.8954	  174.2069
0.860	 2.21	 1	 -38.6432	  175.6822
0.860	 2.03	 1	 -43.9546	  173.5035
0.860	 2.17	 1	 -41.5808	  173.5539
0.860	 2.43	 2	 -42.1719	  174.1044
0.861	 2.11	 2	 -41.7710	  174.6269
0.864	 2.34	 1	 -44.8427	  171.5699
0.864	 2.27	 1	 -42.5822	  172.9160
0.867	 2.31	 1	 -42.0312	  173.7282
0.874	 2.07	 1	 -42.3567	  174.0902
0.877	 2.07	 1	 -41.4145	  173.5283
0.883	 3.39	 1	 -42.3879	  173.9442
0.888	 2.04	 1	 -42.4470	  173.8280
0.889	 2.80	 1	 -41.6985	  174.2894
0.890	 2.40	 1	 -42.3476	  173.7086
0.892	 2.05	 1	 -47.1879	  173.1660
0.895	 2.54	 2	 -42.0451	  174.0646
0.896	 2.45	 1	 -42.7897	  173.0459
0.896	 2.40	 1	 -40.8584	  168.4347
0.896	 2.46	 1	 -42.2610	  173.5441
0.899	 2.31	 1	 -42.3049	  173.7712
0.900	 3.06	 1	 -42.4480	  173.8460
0.901	 2.45	 1	 -41.7178	  174.2487
0.902	 2.47	 1	 -42.3629	  172.2321
0.902	 2.00	 1	 -38.2186	  173.6353
0.907	 2.50	 1	 -42.4445	  173.1160
0.909	 2.09	 1	 -43.6655	  171.7658
0.912	 2.30	 1	 -39.9246	  177.0431
0.913	 2.08	 1	 -43.5360	  173.2650
0.914	 2.95	 1	 -42.2469	  173.6470
0.915	 2.65	 2	 -42.0397	  174.0438
0.915	 2.24	 1	 -41.6994	  174.2247
0.917	 2.08	 1	 -41.7874	  174.3571
0.928	 2.04	 1	 -42.1701	  172.3020
0.929	 2.87	 1	 -42.4016	  172.2477
0.930	 2.61	 1	 -41.3493	  174.3369
0.930	 2.41	 1	 -42.4342	  173.7401
0.934	 2.20	 1	 -42.9444	  173.1474
0.936	 2.06	 1	 -42.0969	  172.7772
0.938	 2.66	 1	 -40.5569	  175.8730
0.940	 2.35	 1	 -42.2168	  173.6898
0.940	 2.30	 1	 -41.7871	  174.2062
0.940	 2.91	 1	 -41.7338	  170.7790
0.947	 2.16	 1	 -41.7135	  174.2527
0.947	 2.87	 1	 -42.2979	  173.7418
0.952	 2.23	 2	 -42.0512	  174.1150
0.955	 2.08	 1	 -42.5725	  173.0421
0.956	 2.05	 1	 -42.4329	  174.3536
0.959	 2.06	 1	 -41.7942	  174.1435
0.962	 2.74	 1	 -42.4318	  173.7518
0.965	 2.73	 1	 -41.9181	  173.7598
0.969	 2.44	 1	 -44.6123	  173.5103
0.972	 2.23	 1	 -41.8080	  174.1956
0.973	 2.16	 2	 -42.0652	  174.1166
0.974	 3.01	 1	 -41.6805	  174.2750
0.977	 3.27	 1	 -42.4249	  173.7659
0.978	 2.07	 1	 -42.1816	  173.5466
0.979	 2.07	 1	 -42.0021	  172.6730
0.980	 2.14	 1	 -41.6626	  174.2861
0.988	 2.50	 1	 -42.7228	  172.6276
0.989	 2.29	 1	 -43.5741	  171.9951
0.991	 2.00	 1	 -40.1037	  178.0981
0.991	 2.83	 1	 -43.7786	  173.7540
0.991	 2.07	 1	 -42.7293	  173.3775
0.995	 2.41	 1	 -42.4531	  173.7847
0.996	 2.27	 1	 -41.9708	  171.7150
0.998	 2.73	 1	 -41.6507	  174.1981
0.999	 2.53	 1	 -44.7615	  167.5904
1.002	 2.64	 2	 -41.6990	  174.2090
1.004	 2.20	 1	 -42.7821	  173.0130
1.010	 2.16	 1	 -41.9830	  173.5357
1.019	 2.60	 1	 -45.5852	  177.7060
1.019	 2.26	 1	 -43.7475	  172.8303
1.021	 2.37	 1	 -43.1473	  172.7686
1.023	 2.23	 1	 -41.6595	  174.1786
1.025	 2.21	 1	 -42.8491	  172.8862
1.030	 2.09	 1	 -42.0935	  174.4534
1.031	 2.18	 1	 -42.1676	  172.9862
1.034	 2.29	 1	 -41.9537	  174.3843
1.037	 2.71	 1	 -47.1413	  173.9120
1.041	 2.05	 1	 -42.7663	  174.7803
1.043	 2.39	 1	 -43.1316	  172.6786
1.044	 2.35	 1	 -41.7826	  174.1562
1.045	 2.32	 1	 -42.1958	  171.9411
1.047	 2.04	 1	 -44.1701	  178.4796
1.050	 2.33	 1	 -38.7160	  170.1661
1.054	 2.14	 1	 -41.7626	  174.2714
1.058	 3.04	 1	 -42.3557	  173.8515
1.058	 2.32	 1	 -43.1242	  172.8361
1.067	 2.24	 1	 -42.2513	  174.4111
1.073	 2.00	 1	 -44.6686	  178.5175
1.074	 2.10	 1	 -41.7526	  174.1791
1.079	 2.39	 1	 -40.1188	  173.5595
1.079	 2.07	 1	 -41.7276	  174.2245
1.081	 2.45	 1	 -42.2054	  173.7613
1.083	 2.48	 1	 -43.6180	  170.4687
1.083	 2.09	 1	 -42.7566	  172.6608
1.085	 2.42	 1	 -47.0441	  174.5634
1.088	 2.29	 1	 -42.4860	  173.8681
1.091	 2.04	 1	 -42.2041	  173.5421
1.092	 2.60	 1	 -40.2744	  173.3344
1.093	 2.37	 1	 -43.0191	  172.7362
1.094	 2.01	 1	 -42.1442	  173.1481
1.094	 2.17	 1	 -42.1986	  173.8130
1.095	 2.01	 1	 -41.7696	  169.9199
1.096	 2.03	 1	 -42.5140	  171.0147
1.096	 2.01	 1	 -38.7582	  175.9845
1.097	 2.75	 1	 -42.5447	  173.4413
1.102	 3.01	 1	 -41.9422	  174.1013
1.103	 2.43	 1	 -42.0010	  173.7820
1.104	 2.33	 1	 -42.1954	  173.7719
1.107	 2.16	 1	 -42.3109	  173.6819
1.109	 2.86	 1	 -42.3411	  173.6394
1.115	 2.34	 1	 -41.6374	  178.9691
1.117	 2.49	 1	 -42.3187	  174.0529
1.117	 2.47	 1	 -39.8781	  177.2271
1.119	 2.48	 1	 -42.1102	  173.4038
1.121	 2.32	 1	 -46.2034	  171.4538
1.122	 2.25	 1	 -42.2316	  172.1251
1.126	 2.09	 1	 -42.2988	  173.4203
1.126	 2.23	 2	 -43.2742	  173.5886
1.130	 2.62	 2	 -41.9971	  174.0689
1.131	 2.15	 1	 -42.5941	  173.6503
1.132	 2.13	 1	 -41.6951	  174.1514
1.136	 2.62	 1	 -42.2789	  172.0450
1.137	 2.04	 1	 -42.3786	  173.5098
1.140	 2.19	 1	 -42.0689	  173.7205
1.140	 2.46	 1	 -42.8344	  172.0573
1.148	 2.59	 1	 -42.3784	  173.4398
1.150	 2.64	 1	 -41.9088	  173.7213
1.153	 2.23	 1	 -41.9343	  174.0347
1.154	 2.05	 1	 -42.9733	  173.5598
1.154	 2.29	 1	 -44.6439	  171.6183
1.164	 2.03	 1	 -42.4845	  171.7199
1.165	 2.54	 1	 -42.1486	  173.6525
1.167	 2.19	 1	 -41.9106	  175.4485
1.167	 2.65	 1	 -44.1349	  172.1550
1.170	 3.96	 1	 -42.9493	  171.8452
1.173	 2.43	 1	 -42.9188	  173.0913
1.174	 2.08	 1	 -42.2593	  173.7634
1.179	 2.55	 1	 -43.2851	  173.3519
1.180	 2.15	 1	 -42.6767	  166.9044
1.185	 2.71	 1	 -42.0163	  168.7207
1.187	 2.47	 1	 -41.7856	  174.2298
1.188	 3.10	 1	 -43.9818	  172.6116
1.189	 2.38	 1	 -42.8063	  173.0042
1.190	 3.06	 1	 -42.5428	  172.8626
1.192	 2.01	 1	 -42.3030	  173.6765
1.193	 2.42	 1	 -42.3066	  174.1688
1.195	 3.24	 1	 -41.7094	  174.3391
1.199	 2.32	 2	 -42.0948	  173.9407
1.202	 2.08	 2	 -42.3065	  173.7114
1.203	 2.30	 1	 -42.4447	  173.6575
1.203	 2.54	 1	 -42.5420	  173.0076
1.204	 2.29	 1	 -45.5228	  177.7761
1.205	 4.34	 1	 -43.0933	  175.5644
1.210	 2.15	 1	 -43.9528	  167.1495
1.219	 2.01	 1	 -43.6516	  176.1152
1.220	 2.13	 1	 -43.3921	  173.2564
1.220	 2.33	 1	 -40.8705	  176.6243
1.223	 2.17	 2	 -42.0284	  174.0651
1.224	 2.52	 1	 -42.5254	  172.8696
1.225	 2.37	 1	 -41.6455	  174.3952
1.225	 2.85	 1	 -42.0519	  173.4357
1.226	 2.80	 1	 -38.6153	  170.4422
1.226	 2.07	 2	 -42.9575	  172.6580
1.230	 2.31	 1	 -42.1557	  173.5640
1.232	 2.36	 1	 -42.5361	  172.9611
1.234	 2.45	 2	 -41.9994	  174.0815
1.251	 2.01	 1	 -43.1718	  172.8883
1.257	 2.24	 1	 -42.2797	  173.7725
1.262	 2.29	 1	 -43.9437	  172.4996
1.263	 2.02	 1	 -44.5382	  167.4435
1.265	 2.83	 1	 -42.9096	  174.6032
1.266	 2.19	 1	 -43.2549	  171.8766
1.270	 2.90	 1	 -45.9028	  174.6870
1.270	 2.20	 1	 -42.9162	  173.0134
1.270	 3.15	 1	 -41.7691	  174.4418
1.271	 2.25	 1	 -42.9961	  173.2425
1.272	 3.00	 1	 -46.1567	  174.0548
1.273	 3.88	 1	 -43.7087	  170.2377
1.280	 2.61	 1	 -42.0697	  173.7653
1.281	 3.41	 1	 -39.5065	  168.7049
1.289	 2.25	 1	 -41.7117	  174.0942
1.295	 2.03	 1	 -43.5760	  173.4144
1.300	 2.09	 1	 -42.2133	  173.6294
1.301	 2.08	 1	 -43.9196	  178.9077
1.304	 2.98	 1	 -42.7917	  171.6539
1.310	 2.91	 1	 -42.8890	  170.9035
1.314	 2.19	 1	 -47.0759	  174.3866
1.315	 2.57	 1	 -41.9533	  173.9952
1.316	 2.17	 1	 -38.2583	  172.0067
1.325	 2.55	 2	 -41.9309	  174.2167
1.327	 2.12	 1	 -42.5741	  173.2373
1.328	 2.41	 1	 -41.9453	  173.5452
1.330	 2.65	 1	 -42.5129	  173.4296
1.331	 2.11	 1	 -42.5427	  172.9719
1.334	 2.63	 1	 -42.7923	  172.8298
1.334	 2.34	 1	 -42.7104	  173.5205
1.336	 3.03	 1	 -42.3088	  173.8870
1.337	 2.02	 2	 -44.1387	  172.1380
1.337	 2.50	 1	 -42.2672	  173.8789
1.339	 2.08	 1	 -41.7548	  174.1598
1.342	 2.59	 1	 -43.2962	  172.3064
1.343	 2.10	 1	 -46.9863	  171.2053
1.344	 2.27	 1	 -42.7239	  172.8196
1.352	 2.68	 1	 -42.0063	  172.2355
1.360	 2.43	 1	 -40.7979	  170.1637
1.365	 2.06	 1	 -41.7370	  174.2644
1.365	 2.11	 1	 -42.0584	  173.9263
1.366	 2.18	 1	 -44.4627	  174.6443
1.371	 3.11	 1	 -42.4698	  173.3017
1.378	 2.69	 1	 -43.7519	  171.6597
1.380	 2.41	 1	 -41.7609	  174.3434
1.382	 2.18	 1	 -42.6414	  172.3304
1.383	 2.49	 1	 -41.5858	  174.4308
1.385	 2.28	 1	 -42.1782	  172.8517
1.392	 2.03	 1	 -42.4518	  173.2046
1.393	 2.31	 1	 -41.9674	  172.7273
1.399	 3.55	 1	 -43.0735	  166.9263
1.400	 2.37	 1	 -42.6428	  173.0761
1.402	 2.09	 1	 -44.3234	  172.4695
1.410	 2.26	 1	 -42.1221	  173.9197
1.416	 2.64	 1	 -42.2730	  173.8590
1.420	 3.01	 1	 -43.9236	  174.1489
1.421	 2.03	 2	 -42.3101	  173.8854
1.439	 2.11	 1	 -42.5553	  173.2094
1.444	 2.69	 1	 -42.4444	  172.2099
1.450	 2.21	 1	 -41.8961	  174.2056
1.456	 2.51	 1	 -41.6897	  171.4282
1.467	 2.04	 1	 -41.7945	  174.0390
1.468	 2.16	 1	 -42.1127	  173.6002
1.473	 2.63	 1	 -42.0230	  173.2220
1.475	 2.21	 1	 -42.9560	  173.0247
1.475	 2.03	 1	 -43.2694	  172.1837
1.476	 2.21	 1	 -44.3854	  172.9780
1.481	 3.16	 1	 -43.2909	  175.0170
1.481	 2.02	 1	 -42.4196	  173.3450
1.489	 2.69	 1	 -42.2452	  173.7037
1.491	 2.64	 1	 -42.4853	  173.7710
1.495	 2.35	 1	 -42.2366	  173.5413
1.500	 2.54	 1	 -44.0889	  169.8012
1.502	 3.01	 1	 -42.6537	  173.9882
1.503	 2.02	 1	 -41.8448	  174.4447
1.503	 2.89	 1	 -42.7237	  172.9589
1.510	 2.30	 2	 -42.7265	  172.9625
1.512	 2.21	 1	 -39.9809	  170.1747
1.515	 2.02	 1	 -42.2294	  173.5726
1.516	 2.07	 1	 -42.9997	  174.5242
1.517	 2.05	 1	 -42.5728	  173.4815
1.522	 3.79	 1	 -42.3753	  171.1821
1.523	 3.13	 1	 -42.7428	  171.7034
1.528	 2.51	 1	 -43.2056	  173.6519
1.531	 2.39	 1	 -44.7570	  173.5710
1.532	 2.04	 1	 -42.9401	  173.5764
1.532	 2.68	 1	 -43.1463	  173.0666
1.533	 2.01	 1	 -45.2481	  173.6359
1.533	 2.86	 1	 -42.4824	  173.7835
1.534	 3.06	 1	 -44.5282	  175.5570
1.536	 2.03	 1	 -39.3345	  170.2725
1.536	 2.51	 1	 -42.6198	  172.7947
1.537	 2.17	 1	 -43.2609	  173.1721
1.541	 3.29	 1	 -43.1672	  173.4310
1.544	 2.39	 1	 -42.2604	  173.9826
1.555	 2.65	 1	 -40.4137	  172.4040
1.561	 2.23	 1	 -43.1560	  171.5139
1.561	 2.71	 1	 -42.4633	  173.3736
1.566	 3.04	 2	 -42.3823	  171.1759
1.568	 2.19	 1	 -42.6098	  172.9848
1.573	 2.24	 1	 -42.8787	  171.4921
1.577	 2.74	 1	 -42.3051	  173.5194
1.577	 2.19	 1	 -39.0641	  176.6356
1.579	 2.29	 1	 -42.0343	  173.8082
1.583	 2.37	 1	 -42.1846	  173.7771
1.590	 2.11	 1	 -40.5570	  169.9613
1.593	 2.99	 1	 -43.5196	  172.7703
1.596	 2.37	 1	 -38.9019	  169.7312
1.598	 2.38	 2	 -42.1294	  173.4747
1.603	 2.03	 1	 -42.0568	  173.4560
1.607	 2.00	 1	 -42.8373	  173.2901
1.612	 3.23	 1	 -40.1808	  167.9477
1.619	 2.70	 1	 -41.6903	  174.2958
1.625	 2.68	 1	 -41.8340	  174.2019
1.626	 3.34	 1	 -42.3644	  173.9194
1.626	 2.18	 1	 -41.7906	  174.1834
1.627	 2.18	 2	 -42.3647	  173.9198
1.636	 2.00	 1	 -42.3948	  173.7690
1.637	 2.74	 1	 -42.4703	  173.8149
1.640	 2.20	 1	 -45.5305	  177.7675
1.641	 2.11	 1	 -43.1614	  171.6748
1.645	 2.25	 1	 -42.9525	  173.3868
1.645	 2.76	 1	 -42.3166	  179.1185
1.652	 2.46	 1	 -42.5456	  173.0377
1.662	 3.26	 1	 -44.6861	  177.7305
1.666	 2.06	 1	 -44.1308	  173.0258
1.669	 2.03	 1	 -42.2050	  173.5233
1.671	 2.00	 1	 -42.3357	  173.9328
1.671	 2.05	 2	 -41.5679	  174.4236
1.671	 3.11	 1	 -41.7309	  174.0833
1.674	 3.27	 1	 -42.5841	  173.8500
1.677	 2.12	 1	 -42.1174	  173.5441
1.677	 2.52	 1	 -42.5152	  173.8730
1.681	 2.46	 1	 -43.0450	  173.0244
1.686	 2.34	 1	 -42.9543	  173.7782
1.688	 2.86	 1	 -43.4834	  172.5668
1.695	 2.35	 1	 -41.1370	  172.8870
1.698	 2.32	 1	 -42.4743	  173.2469
1.700	 2.91	 1	 -42.1109	  173.8169
1.701	 3.45	 1	 -42.3385	  173.4364
1.702	 2.25	 1	 -42.5990	  173.3540
1.715	 2.02	 1	 -41.7681	  174.2653
1.723	 2.54	 1	 -42.2878	  173.7384
1.723	 2.44	 1	 -41.7734	  174.2288
1.735	 2.41	 2	 -41.9045	  174.1424
1.742	 2.26	 1	 -47.0844	  171.7095
1.766	 2.76	 1	 -41.7044	  167.3963
1.768	 2.34	 1	 -42.4446	  173.5235
1.778	 2.45	 1	 -41.9752	  174.2033
1.786	 2.18	 1	 -42.3666	  172.7763
1.787	 2.21	 1	 -42.4392	  173.4966
1.789	 2.39	 1	 -43.1461	  176.7667
1.797	 3.63	 1	 -43.1920	  171.7048
1.800	 2.31	 1	 -45.0521	  178.2300
1.808	 2.05	 1	 -39.5658	  177.4188
1.817	 2.36	 1	 -43.0232	  179.1234
1.817	 2.43	 1	 -42.0934	  173.5081
1.823	 3.19	 1	 -42.8821	  172.8562
1.823	 3.90	 1	 -43.5704	  174.4543
1.830	 2.45	 1	 -44.5047	  173.8699
1.836	 2.48	 1	 -41.7022	  174.3263
1.840	 2.01	 1	 -42.5515	  173.0765
1.840	 2.13	 1	 -42.4403	  172.1662
1.845	 2.14	 1	 -43.6176	  174.0469
1.845	 2.60	 2	 -42.5512	  173.0759
1.847	 2.11	 1	 -42.5644	  173.3479
1.852	 2.31	 1	 -42.6349	  172.6077
1.856	 2.08	 1	 -42.3998	  173.5047
1.858	 2.49	 1	 -46.5398	  169.8553
1.861	 2.00	 1	 -40.5267	  168.9798
1.861	 2.10	 1	 -41.3239	  173.7387
1.871	 2.17	 1	 -42.2296	  173.5922
1.878	 2.26	 1	 -41.7536	  174.2629
1.886	 2.13	 1	 -42.5434	  173.7600
1.889	 3.10	 2	 -42.1529	  173.8050
1.892	 2.52	 1	 -42.1198	  173.6284
1.893	 2.46	 1	 -41.8706	  174.1933
1.893	 2.12	 1	 -44.2140	  172.6725
1.894	 2.71	 1	 -41.9986	  173.8605
1.896	 2.03	 1	 -42.7878	  171.0044
1.911	 2.20	 1	 -41.8052	  174.1420
1.916	 2.17	 1	 -43.5718	  172.9509
1.919	 2.82	 1	 -43.1145	  174.2466
1.922	 2.26	 1	 -44.9060	  171.1283
1.924	 2.08	 1	 -42.0905	  173.3313
1.925	 2.21	 1	 -41.7309	  174.2394
1.926	 2.01	 1	 -41.6791	  173.4948
1.930	 2.08	 1	 -42.3685	  173.5857
1.931	 2.64	 1	 -43.6350	  172.4171
1.933	 3.21	 1	 -41.7357	  174.2304
1.934	 2.06	 1	 -43.3914	  174.8221
1.942	 2.46	 1	 -42.6558	  171.6763
1.944	 2.73	 1	 -41.7157	  174.2002
1.945	 4.39	 1	 -38.8291	  169.8920
1.946	 2.58	 2	 -38.8343	  169.8943
1.947	 2.98	 1	 -42.2723	  172.3915
1.949	 2.14	 1	 -41.6886	  174.3668
1.952	 2.19	 1	 -44.9172	  176.6093
1.960	 2.16	 1	 -40.2846	  172.4905
1.966	 2.29	 1	 -42.5603	  173.1601
1.968	 2.05	 1	 -42.5051	  172.7563
1.970	 2.40	 1	 -42.8917	  171.8579
1.979	 2.07	 1	 -42.0160	  173.6632
1.980	 2.13	 1	 -42.9720	  171.9537
1.982	 3.07	 1	 -41.9835	  173.6649
1.992	 2.15	 1	 -42.4635	  173.2092
1.998	 2.07	 1	 -42.4716	  173.4659
2.007	 2.32	 1	 -42.1200	  172.9397
2.008	 3.79	 1	 -42.2940	  172.2071
2.019	 2.35	 1	 -42.1255	  173.4097
2.028	 2.02	 1	 -40.6856	  170.5742
2.031	 2.00	 1	 -41.1591	  173.3237
2.040	 2.02	 1	 -41.7368	  174.2383
2.043	 2.26	 1	 -42.4497	  173.7914
2.043	 2.30	 1	 -42.6687	  172.9271
2.044	 2.65	 1	 -43.1754	  173.4887
2.047	 2.33	 1	 -46.5987	  172.7068
2.049	 3.61	 1	 -41.2016	  174.3468
2.051	 2.19	 1	 -45.2511	  178.0530
2.052	 2.43	 1	 -44.3517	  174.9175
2.056	 3.39	 1	 -42.1303	  172.6367
2.072	 2.31	 1	 -42.6008	  172.7231
2.081	 2.21	 1	 -43.4747	  171.2290
2.083	 2.05	 1	 -41.7400	  174.0105
2.083	 2.56	 1	 -41.9456	  174.1694
2.084	 2.38	 1	 -43.5856	  173.4802
2.127	 2.54	 1	 -42.4288	  173.2183
2.138	 2.55	 1	 -42.5649	  173.6143
2.147	 2.09	 1	 -41.8966	  174.3596
2.173	 2.51	 1	 -43.1328	  173.3643
2.185	 2.26	 1	 -42.3409	  173.8794
2.193	 2.34	 1	 -43.7428	  173.7956
2.202	 2.18	 1	 -42.1978	  173.6900
2.202	 2.20	 1	 -43.4563	  173.5427
2.204	 3.29	 1	 -42.0908	  174.2246
2.212	 2.68	 1	 -41.8010	  167.0258
2.221	 2.40	 1	 -43.9392	  167.1441
2.222	 2.07	 1	 -41.5201	  172.9730
2.233	 2.07	 1	 -41.9269	  172.2677
2.240	 2.09	 1	 -44.6655	  177.1818
2.240	 2.74	 1	 -42.3185	  173.5068
2.249	 2.32	 1	 -43.7444	  173.5949
2.271	 2.12	 1	 -42.5785	  173.8574
2.288	 2.97	 1	 -42.3576	  172.9216
2.295	 4.18	 1	 -42.7930	  174.5645
2.296	 2.68	 1	 -39.2672	  176.9856
2.296	 2.38	 1	 -42.9883	  173.2754
2.297	 2.06	 1	 -41.8455	  170.6759
2.298	 2.39	 1	 -41.6734	  174.2006
2.312	 2.18	 1	 -43.1637	  172.9638
2.313	 2.47	 1	 -42.8887	  173.4105
2.315	 4.24	 1	 -45.8227	  173.4787
2.317	 2.02	 1	 -43.1711	  175.1396
2.323	 3.05	 2	 -42.7926	  174.5629
2.325	 3.51	 1	 -41.1343	  175.2623
2.333	 3.37	 1	 -42.3610	  173.7390
2.334	 3.10	 1	 -42.2752	  173.6674
2.334	 2.18	 1	 -42.1207	  173.9048
2.342	 2.01	 1	 -41.6510	  174.5190
2.353	 2.38	 1	 -42.4438	  172.5424
2.355	 2.20	 1	 -42.6691	  172.7958
2.371	 2.19	 1	 -42.9244	  172.7554
2.378	 2.61	 1	 -42.2854	  172.9627
2.409	 2.66	 1	 -42.5740	  172.4401
2.410	 2.92	 1	 -42.5609	  170.5681
2.412	 2.18	 1	 -44.1893	  174.7370
2.414	 3.55	 1	 -43.6875	  170.5869
2.420	 3.12	 1	 -42.3647	  173.9279
2.423	 2.21	 1	 -40.6527	  167.5700
2.423	 2.91	 1	 -40.4357	  178.3136
2.427	 2.30	 2	 -45.8802	  173.4326
2.437	 2.07	 1	 -42.3696	  173.7742
2.441	 2.42	 1	 -42.6536	  173.5632
2.451	 2.09	 1	 -41.8150	  174.3110
2.456	 2.17	 1	 -42.5697	  173.8414
2.463	 2.05	 1	 -41.8821	  174.2629
2.475	 2.42	 1	 -42.0653	  175.0786
2.485	 2.34	 1	 -43.6306	  175.1218
2.490	 2.43	 1	 -42.6555	  172.6578
2.495	 2.02	 1	 -43.1946	  171.2135
2.499	 4.38	 1	 -42.9917	  174.3026
2.501	 2.10	 2	 -43.0287	  174.2708
2.502	 2.02	 1	 -41.7295	  174.2319
2.503	 2.32	 1	 -42.5711	  173.0383
2.508	 2.06	 1	 -43.1103	  173.6602
2.511	 2.75	 1	 -41.8294	  173.9654
2.512	 2.55	 2	 -42.9930	  174.2809
2.519	 2.08	 1	 -46.7462	  170.3745
2.520	 3.79	 1	 -42.5764	  172.6570
2.523	 2.04	 1	 -41.8695	  174.0134
2.539	 2.13	 1	 -41.1409	  172.7027
2.545	 2.89	 1	 -42.4288	  173.3552
2.557	 2.37	 1	 -43.6077	  172.7913
2.561	 3.95	 1	 -42.1665	  173.5165
2.578	 2.52	 1	 -43.5503	  174.9042
2.579	 2.17	 1	 -41.2722	  173.5164
2.586	 2.42	 1	 -42.8300	  173.8725
2.590	 2.16	 1	 -44.2473	  167.2817
2.592	 2.41	 1	 -42.2042	  173.6881
2.592	 2.65	 1	 -42.3532	  173.1134
2.593	 2.75	 1	 -43.5415	  174.0510
2.597	 2.27	 1	 -40.5832	  172.2150
2.598	 3.09	 1	 -42.4126	  173.5931
2.599	 2.16	 1	 -42.3241	  174.0780
2.603	 2.16	 1	 -42.6882	  173.4237
2.604	 2.18	 1	 -44.0731	  174.3874
2.609	 2.14	 1	 -43.2361	  173.9550
2.611	 2.20	 1	 -46.3716	  171.8461
2.614	 3.32	 1	 -43.9325	  170.1192
2.629	 2.21	 1	 -44.9849	  178.2852
2.630	 3.08	 1	 -40.8236	  174.6561
2.634	 2.03	 1	 -42.3075	  173.7260
2.639	 2.28	 1	 -43.4540	  175.5922
2.645	 3.07	 1	 -42.3209	  172.2107
2.667	 2.47	 2	 -40.4352	  178.3114
2.668	 2.22	 1	 -41.9671	  173.8966
2.680	 2.49	 1	 -41.7716	  174.4083
2.684	 2.98	 1	 -41.8049	  174.3429
2.691	 2.13	 1	 -43.7249	  178.9765
2.696	 2.02	 1	 -41.7490	  174.1691
2.709	 2.39	 1	 -41.3755	  174.6923
2.721	 2.72	 1	 -43.9806	  172.2332
2.729	 2.28	 1	 -42.6156	  172.7567
2.731	 2.27	 1	 -42.0025	  179.0675
2.748	 2.54	 1	 -42.4719	  173.0756
2.749	 2.25	 1	 -41.8017	  174.1470
2.755	 2.08	 1	 -42.5599	  173.7143
2.757	 2.33	 1	 -43.7437	  169.4774
2.780	 5.62	 1	 -42.3154	  173.6939
2.780	 2.13	 2	 -39.9557	  174.3100
2.781	 2.14	 2	 -42.3167	  173.7019
2.781	 2.50	 2	 -42.2655	  173.6622
2.781	 2.42	 2	 -42.1870	  173.8858
2.783	 2.95	 2	 -42.4421	  173.7939
2.785	 2.26	 2	 -43.4011	  174.5923
2.785	 2.14	 2	 -42.0311	  173.7390
2.785	 3.45	 2	 -42.3579	  173.7534
2.786	 2.52	 2	 -42.2832	  173.7217
2.787	 2.69	 2	 -41.6470	  173.3581
2.788	 2.34	 2	 -42.2654	  173.6834
2.788	 3.47	 2	 -42.3899	  173.3329
2.789	 2.39	 2	 -42.2822	  174.0139
2.791	 2.10	 2	 -42.4854	  173.8653
2.793	 2.49	 2	 -42.3381	  173.6749
2.798	 2.48	 2	 -43.0689	  172.6364
2.807	 2.01	 2	 -40.8971	  171.1289
2.808	 2.03	 2	 -42.4865	  173.9354
2.813	 2.19	 2	 -42.0455	  174.0332
2.814	 2.35	 1	 -42.5803	  173.1874
2.815	 2.05	 1	 -41.5196	  173.5886
2.818	 2.24	 2	 -42.1824	  173.7705
2.822	 2.17	 1	 -45.4294	  171.2830
2.822	 2.12	 1	 -41.8468	  174.3057
2.826	 2.35	 1	 -41.7519	  174.2982
2.844	 3.28	 1	 -41.9951	  173.7734
2.849	 2.05	 1	 -45.4750	  177.5098
2.852	 2.05	 1	 -42.3731	  173.0977
2.854	 2.23	 2	 -42.3389	  173.6685
2.860	 2.55	 1	 -44.9344	  178.3253
2.870	 4.07	 2	 -42.3434	  173.7277
2.872	 2.07	 2	 -41.8613	  174.5914
2.876	 2.40	 1	 -45.1314	  173.1960
2.876	 2.58	 3	 -42.3509	  173.7328
2.877	 2.32	 1	 -41.8572	  175.0997
2.878	 2.23	 2	 -42.3603	  173.6924
2.879	 2.65	 1	 -42.5877	  172.6713
2.887	 2.04	 1	 -42.2610	  173.8682
2.898	 2.25	 1	 -43.1752	  172.5731
2.902	 2.48	 1	 -42.9255	  172.6228
2.904	 2.50	 1	 -44.2514	  172.7970
2.904	 2.41	 1	 -41.7029	  174.2921
2.906	 2.11	 1	 -41.6043	  170.7201
2.906	 2.02	 1	 -39.9774	  170.1765
2.916	 2.28	 2	 -42.2903	  173.4769
2.924	 2.46	 1	 -41.9222	  171.7021
2.930	 2.49	 1	 -42.6715	  172.8137
2.931	 2.26	 1	 -42.2771	  173.9607
2.931	 2.16	 1	 -47.1744	  173.5163
2.933	 2.58	 1	 -42.4192	  173.1218
2.937	 2.18	 2	 -42.0994	  173.4220
2.938	 2.25	 1	 -41.3458	  171.7155
2.941	 3.87	 2	 -42.3966	  173.4143
2.942	 2.05	 1	 -41.6612	  174.3264
2.962	 2.16	 2	 -42.4316	  173.7600
2.970	 2.58	 1	 -41.7580	  174.2297
2.972	 2.45	 2	 -42.3250	  173.6262
2.981	 3.26	 1	 -39.6756	  177.5586
2.982	 2.54	 1	 -42.9489	  170.8391
2.983	 2.61	 2	 -42.5721	  172.6565
2.991	 2.70	 2	 -42.3506	  173.4869
2.996	 2.24	 1	 -42.9041	  173.1856
3.013	 2.66	 3	 -42.3672	  173.4190
3.014	 2.12	 1	 -42.2366	  174.1565
3.024	 2.53	 1	 -41.8462	  174.0884
3.028	 3.14	 2	 -42.3021	  173.6938
3.029	 2.25	 1	 -42.6873	  172.8908
3.041	 2.19	 1	 -42.7022	  172.7360
3.047	 2.78	 1	 -44.6672	  178.5185
3.055	 2.01	 1	 -45.7602	  168.5491
3.059	 2.46	 1	 -42.2636	  173.6249
3.070	 2.06	 2	 -44.6675	  178.5186
3.071	 2.19	 1	 -42.0219	  173.6986
3.073	 2.09	 1	 -43.1506	  173.1758
3.074	 2.24	 1	 -38.3832	  174.7692
3.083	 2.23	 1	 -43.2175	  172.6924
3.083	 2.00	 1	 -41.7114	  175.7095
3.086	 2.84	 2	 -42.3680	  173.6786
3.094	 2.49	 1	 -41.4100	  173.3018
3.097	 2.96	 1	 -41.8975	  172.8598
3.107	 2.35	 1	 -40.3517	  178.2456
3.108	 2.06	 1	 -42.5467	  173.9235
3.122	 2.03	 1	 -42.3655	  173.9037
3.133	 2.31	 1	 -40.0595	  174.6175
3.136	 2.45	 1	 -42.7054	  172.5343
3.149	 2.12	 1	 -43.1553	  173.2777
3.157	 2.56	 1	 -42.0116	  173.7656
3.180	 2.62	 1	 -43.5688	  172.5997
3.180	 3.07	 1	 -40.6720	  167.5567
3.190	 2.12	 1	 -41.7443	  174.1171
3.211	 2.97	 1	 -42.6245	  173.0034
3.219	 2.87	 1	 -42.3370	  173.6727
3.227	 2.37	 1	 -41.9465	  169.7140
3.242	 2.17	 2	 -42.0486	  174.0855
3.248	 2.06	 1	 -41.1596	  175.0383
3.256	 2.46	 1	 -40.8581	  174.4659
3.277	 2.07	 1	 -41.8005	  174.1351
3.280	 2.24	 1	 -42.4593	  173.0606
3.287	 2.48	 1	 -42.4754	  174.5355
3.288	 4.51	 1	 -42.5283	  172.5394
3.289	 2.57	 2	 -42.5144	  172.5850
3.294	 3.05	 1	 -41.9653	  172.2984
3.295	 2.16	 1	 -42.1497	  173.5405
3.303	 2.06	 2	 -42.5388	  172.5434
3.306	 2.15	 1	 -43.0348	  170.0932
3.311	 2.19	 1	 -41.7855	  174.0322
3.325	 3.51	 1	 -38.2273	  173.7434
3.325	 2.23	 1	 -45.4386	  173.4183
3.341	 4.19	 1	 -42.1256	  173.3336
3.346	 2.63	 1	 -44.3549	  167.3068
3.348	 2.24	 1	 -42.0489	  171.7966
3.349	 2.08	 1	 -42.5313	  173.3860
3.350	 2.58	 1	 -42.2972	  172.6620
3.353	 2.14	 2	 -38.2127	  173.7425
3.355	 2.89	 2	 -42.0144	  173.8436
3.355	 2.42	 1	 -42.0054	  172.2673
3.357	 2.82	 1	 -42.7836	  172.9554
3.370	 2.41	 1	 -42.6000	  174.7431
3.392	 2.13	 1	 -41.8237	  174.4075
3.395	 3.94	 1	 -42.2593	  173.5965
3.396	 2.01	 1	 -42.0807	  173.6789
3.399	 2.44	 2	 -42.2089	  173.6293
3.404	 2.10	 1	 -42.4569	  172.9449
3.425	 2.08	 1	 -43.5330	  173.0875
3.435	 3.01	 2	 -41.9908	  173.7778
3.442	 2.37	 1	 -43.7625	  172.8528
3.443	 2.61	 1	 -43.2327	  175.0531
3.460	 2.29	 1	 -42.5373	  172.9875
3.461	 2.35	 1	 -42.2523	  173.7298
3.465	 2.26	 1	 -42.8446	  172.5104
3.465	 2.11	 1	 -43.0279	  177.0383
3.470	 2.68	 1	 -41.8064	  174.3008
3.473	 2.04	 1	 -42.6038	  173.4935
3.479	 2.11	 1	 -41.8040	  174.1257
3.510	 2.20	 1	 -43.6537	  178.9986
3.512	 2.30	 1	 -42.5043	  173.1664
3.514	 2.22	 1	 -41.6976	  174.2590
3.541	 2.05	 1	 -42.3699	  173.9014
3.551	 2.09	 1	 -42.0037	  172.9778
3.571	 2.16	 2	 -42.9005	  170.8685
3.573	 2.03	 1	 -42.5956	  172.5990
3.575	 2.29	 1	 -39.1499	  176.7899
3.582	 2.20	 1	 -42.2992	  173.6464
3.608	 3.13	 1	 -39.1298	  173.6879
3.618	 2.16	 1	 -45.1028	  178.1868
3.619	 2.43	 1	 -40.6762	  175.1365
3.624	 2.02	 1	 -42.6631	  172.6611
3.633	 2.42	 1	 -44.2276	  178.7724
3.649	 2.65	 1	 -43.4355	  170.5433
3.662	 2.04	 1	 -42.1706	  173.8484
3.678	 2.09	 1	 -38.9122	  169.7094
3.682	 2.16	 1	 -41.8893	  174.1887
3.685	 2.53	 2	 -42.0320	  174.4668
3.702	 2.67	 1	 -42.1986	  173.7840
3.703	 2.19	 2	 -43.5606	  174.4049
3.705	 2.10	 2	 -39.1057	  169.6832
3.705	 2.19	 1	 -41.5090	  173.5727
3.720	 2.56	 1	 -42.3240	  173.8534
3.722	 2.33	 1	 -42.4318	  173.7289
3.735	 2.25	 1	 -42.3870	  174.0684
3.744	 2.62	 1	 -45.2199	  178.0821
3.753	 2.63	 1	 -41.9113	  173.7268
3.784	 2.14	 1	 -43.2384	  173.4713
3.787	 2.91	 1	 -42.6565	  173.4354
3.793	 2.27	 1	 -41.7398	  174.0405
3.795	 2.40	 2	 -42.3051	  173.7038
3.802	 2.06	 1	 -42.2510	  173.6165
3.804	 2.17	 2	 -42.3910	  173.6290
3.805	 2.62	 1	 -43.1137	  173.6041
3.814	 2.12	 1	 -42.2722	  173.8506
3.818	 2.30	 1	 -41.0159	  172.3183
3.821	 2.06	 1	 -42.0392	  172.9672
3.822	 2.06	 2	 -42.6617	  173.4333
3.823	 2.13	 1	 -42.6911	  172.8399
3.836	 2.27	 1	 -42.8481	  175.0439
3.841	 2.90	 2	 -41.0162	  172.3185
3.843	 2.69	 1	 -43.1113	  173.2258
3.847	 2.09	 1	 -43.6258	  175.0451
3.859	 2.02	 1	 -42.2309	  173.7459
3.866	 2.46	 1	 -42.8624	  173.0282
3.871	 2.02	 1	 -41.5886	  176.7068
3.872	 2.22	 1	 -41.3041	  175.5128
3.885	 2.60	 1	 -42.3964	  173.4943
3.922	 3.39	 1	 -42.3485	  173.6597
3.929	 2.71	 1	 -41.8442	  174.2542
3.934	 2.82	 1	 -43.9973	  171.2502
3.945	 2.09	 2	 -42.4801	  172.3134
3.962	 2.10	 1	 -42.5705	  172.8588
3.968	 2.02	 1	 -42.9906	  174.1825
3.980	 2.00	 1	 -42.4332	  173.8999
3.998	 2.01	 1	 -41.7146	  174.2656
4.002	 2.48	 1	 -41.6899	  174.1933
4.021	 2.10	 2	 -41.7943	  174.1796
4.047	 2.43	 1	 -42.3360	  173.6720
4.051	 2.95	 1	 -42.9409	  172.3046
4.072	 2.15	 1	 -45.5408	  168.2881
4.074	 3.12	 1	 -42.2630	  175.2218
4.081	 2.15	 2	 -42.2607	  175.2219
4.082	 2.08	 1	 -42.1686	  173.6134
4.090	 2.13	 2	 -42.2845	  173.6614
4.098	 3.10	 1	 -39.2229	  169.1306
4.099	 2.07	 1	 -42.1826	  173.8222
4.110	 2.70	 1	 -42.0005	  178.7752
4.113	 2.03	 1	 -42.3756	  172.7978
4.115	 2.68	 1	 -42.6109	  168.3562
4.120	 2.09	 1	 -42.2224	  173.6364
4.138	 3.92	 1	 -42.7662	  173.8967
4.141	 2.20	 1	 -42.2540	  173.5581
4.150	 2.35	 2	 -42.7674	  173.9044
4.164	 2.19	 1	 -45.1256	  168.8565
4.177	 2.80	 1	 -41.7302	  174.2345
4.201	 2.05	 1	 -41.9376	  173.6079
4.250	 2.44	 1	 -41.7369	  174.6205
4.252	 2.28	 2	 -42.6180	  168.3487
4.265	 2.36	 1	 -42.9917	  174.4965
4.308	 2.76	 1	 -43.1538	  173.1116
4.335	 2.20	 1	 -42.6830	  172.5444
4.355	 2.58	 1	 -44.4701	  174.8708
4.360	 3.47	 1	 -41.7135	  174.0970
4.361	 2.04	 2	 -41.7070	  174.0968
4.382	 3.00	 1	 -41.9969	  173.7637
4.384	 2.28	 1	 -43.2309	  173.3038
4.388	 2.14	 1	 -39.4412	  177.2482
4.404	 2.28	 1	 -42.5743	  173.1115
4.411	 2.19	 1	 -41.9094	  173.9449
4.442	 2.46	 1	 -42.1580	  173.1424
4.443	 2.03	 1	 -42.3465	  173.6821
4.457	 2.03	 1	 -42.4813	  173.6609
4.467	 2.56	 1	 -44.2311	  167.2736
4.470	 2.16	 1	 -42.1605	  174.2868
4.477	 2.56	 1	 -42.5732	  173.4170
4.478	 2.69	 1	 -44.6383	  169.8051
4.499	 2.54	 1	 -41.7543	  173.4471
4.506	 2.43	 1	 -39.9342	  168.1906
4.506	 2.01	 2	 -41.8110	  173.3129
4.508	 2.12	 1	 -40.7751	  168.3005
4.512	 4.72	 2	 -42.0132	  173.7928
4.521	 2.34	 1	 -40.8343	  172.7549
4.533	 2.53	 3	 -42.0353	  173.7694
4.534	 2.08	 1	 -44.7673	  168.0738
4.541	 2.01	 3	 -42.0270	  173.7652
4.547	 2.58	 1	 -42.7087	  172.3420
4.561	 2.37	 2	 -42.1395	  174.3785
4.562	 2.40	 3	 -42.0122	  173.8098
4.567	 2.21	 1	 -41.7903	  174.2064
4.580	 2.44	 1	 -42.6543	  172.7422
4.615	 2.09	 1	 -40.7519	  173.0974
4.624	 3.31	 1	 -43.1487	  174.8945
4.631	 2.07	 1	 -42.9573	  173.7884
4.648	 2.67	 1	 -41.8949	  172.4254
4.659	 2.19	 2	 -38.8494	  169.8813
4.663	 2.27	 2	 -40.0399	  173.7775
4.667	 2.27	 1	 -44.5440	  171.5409
4.697	 2.03	 1	 -42.0122	  173.7135
4.705	 2.08	 1	 -42.3189	  173.6235
4.720	 2.02	 2	 -42.3129	  173.5661
4.762	 2.54	 1	 -43.2245	  173.9042
4.779	 3.12	 1	 -42.2655	  173.9895
4.788	 2.73	 1	 -40.0198	  168.1024
4.798	 2.03	 1	 -42.5131	  172.2960
4.834	 2.21	 1	 -41.7360	  174.1645
4.838	 2.72	 1	 -42.9196	  170.6259
4.847	 3.38	 1	 -43.1405	  173.3029
4.859	 2.55	 1	 -42.3139	  173.7846
4.863	 3.81	 1	 -42.0508	  173.8051
4.870	 2.01	 1	 -41.9639	  174.2541
4.883	 2.12	 2	 -42.4497	  172.2168
4.904	 2.07	 1	 -42.3566	  173.2244
4.935	 2.15	 1	 -42.2082	  175.9404
4.937	 2.18	 1	 -42.6150	  172.2514
4.959	 2.73	 1	 -42.9128	  172.4317
4.981	 2.45	 1	 -44.5627	  173.5030
4.997	 2.16	 1	 -42.0230	  173.5695
5.028	 3.05	 1	 -41.7174	  174.2978
5.045	 2.11	 1	 -42.6453	  172.5993
5.056	 2.58	 1	 -43.4022	  173.2595
5.077	 2.43	 1	 -41.8073	  174.1428
5.090	 2.07	 1	 -41.7409	  174.2820
5.097	 2.71	 1	 -42.8611	  173.4155
5.099	 2.10	 1	 -42.3285	  173.9264
5.146	 2.12	 1	 -42.6531	  172.8021
5.149	 2.79	 1	 -44.0815	  170.9939
5.151	 2.13	 1	 -42.3395	  174.0406
5.153	 2.07	 2	 -42.7617	  173.9358
5.172	 2.06	 1	 -42.2509	  172.2866
5.189	 2.27	 1	 -41.6534	  174.4442
5.203	 2.66	 1	 -42.0322	  173.6535
5.207	 2.15	 1	 -42.6366	  172.9236
5.212	 2.26	 1	 -38.7496	  170.0812
5.227	 2.10	 1	 -42.3680	  171.1355
5.231	 2.47	 1	 -40.8477	  178.6013
5.271	 2.26	 1	 -42.2544	  173.6429
5.287	 4.76	 2	 -42.5305	  173.8451
5.290	 2.11	 1	 -41.9035	  172.4512
5.293	 2.02	 3	 -42.5617	  173.8456
5.295	 2.21	 3	 -42.5091	  173.8185
5.300	 2.05	 1	 -42.4332	  173.2621
5.313	 2.72	 1	 -42.2545	  173.8270
5.339	 2.20	 1	 -42.0017	  173.7260
5.350	 2.85	 1	 -42.4475	  172.5692
5.358	 2.20	 1	 -42.3052	  173.7244
5.361	 2.24	 1	 -46.0224	  174.7825
5.372	 2.46	 1	 -42.3629	  172.9714
5.383	 2.40	 3	 -42.5422	  173.8140
5.391	 2.32	 3	 -42.5406	  173.8353
5.395	 2.45	 1	 -42.7570	  171.2913
5.403	 2.46	 1	 -41.4819	  173.9585
5.426	 2.43	 1	 -44.0713	  173.3852
5.440	 2.25	 2	 -43.9347	  170.5925
5.449	 2.18	 2	 -42.7737	  171.3411
5.456	 2.00	 1	 -42.1312	  173.6727
5.495	 2.36	 1	 -42.5856	  173.0199
5.505	 2.24	 1	 -42.3658	  174.0010
5.518	 2.19	 1	 -42.0565	  172.3904
5.526	 2.05	 1	 -41.9531	  173.1572
5.542	 2.73	 1	 -43.5848	  171.1358
5.546	 2.06	 1	 -41.8973	  171.5709
5.548	 2.81	 3	 -42.7516	  174.6076
5.559	 2.33	 1	 -42.7506	  173.0439
5.560	 2.52	 1	 -42.8447	  173.2294
5.605	 2.10	 1	 -41.9176	  173.4789
5.608	 2.14	 1	 -43.0218	  172.8501
5.617	 2.62	 4	 -42.7524	  174.6043
5.624	 2.14	 1	 -41.3009	  173.3624
5.646	 2.94	 1	 -40.4878	  173.7101
5.650	 2.02	 1	 -42.0119	  174.3046
5.671	 2.14	 1	 -39.9861	  168.1366
5.677	 2.64	 1	 -41.7015	  173.8418
5.682	 2.35	 1	 -41.7324	  174.3130
5.720	 2.61	 1	 -38.6604	  170.3142
5.731	 2.70	 2	 -42.6426	  173.7858
5.750	 2.29	 1	 -43.7448	  175.7753
5.761	 2.00	 1	 -41.1061	  170.9005
5.765	 2.62	 1	 -41.9875	  174.8155
5.773	 2.48	 1	 -43.3376	  172.8523
5.812	 2.08	 1	 -42.3524	  173.8840
5.814	 2.34	 1	 -43.4927	  170.9050
5.830	 2.25	 1	 -41.7773	  174.2166
5.841	 2.33	 1	 -42.2789	  173.4668
5.853	 3.73	 1	 -42.5731	  174.6981
5.858	 2.07	 1	 -42.8501	  166.9081
5.901	 2.20	 1	 -44.8283	  172.1823
5.909	 2.68	 1	 -41.7890	  174.3200
5.939	 2.13	 1	 -41.7967	  174.2990
5.988	 2.03	 1	 -44.0176	  168.5600
5.997	 2.08	 1	 -41.7489	  174.1395
6.021	 2.70	 1	 -42.9006	  172.3187
6.052	 2.02	 1	 -45.6320	  173.0977
6.059	 2.51	 1	 -42.5501	  173.3487
6.076	 2.08	 2	 -42.1863	  174.5926
6.101	 2.42	 1	 -41.9474	  174.0360
6.120	 2.08	 1	 -42.5033	  172.9857
6.148	 2.61	 1	 -40.9731	  173.5394
6.164	 2.17	 1	 -42.6372	  169.6495
6.170	 2.01	 1	 -39.6338	  177.5064
6.173	 2.65	 1	 -42.6087	  172.0871
6.191	 3.08	 1	 -42.7147	  172.8934
6.208	 2.39	 1	 -42.4552	  174.4695
6.219	 2.40	 1	 -42.5124	  171.8911
6.223	 2.02	 1	 -42.6423	  172.9767
6.227	 2.03	 2	 -42.3682	  173.6914
6.300	 3.20	 1	 -42.2284	  173.7033
6.301	 2.13	 1	 -39.1126	  169.3202
6.316	 2.03	 1	 -41.9851	  173.6800
6.317	 2.20	 1	 -43.0108	  171.9061
6.344	 2.45	 2	 -42.2248	  173.7078
6.354	 2.00	 1	 -42.6483	  173.0910
6.357	 2.74	 1	 -46.8432	  170.6690
6.369	 2.07	 1	 -42.4700	  173.7250
6.404	 2.26	 1	 -43.5779	  173.8237
6.420	 2.05	 1	 -41.7593	  174.1708
6.447	 2.21	 1	 -42.3118	  173.3078
6.466	 2.55	 1	 -42.6137	  171.5989
6.486	 2.08	 1	 -41.9667	  174.0232
6.486	 2.46	 1	 -43.5232	  173.3779
6.498	 2.45	 1	 -43.5112	  176.7594
6.524	 2.88	 1	 -42.0518	  174.3434
6.530	 2.21	 1	 -42.4140	  173.8333
6.539	 2.26	 1	 -42.5989	  173.0820
6.583	 2.07	 1	 -42.9106	  171.5184
6.615	 2.52	 1	 -41.7062	  172.8445
6.626	 2.34	 1	 -41.8471	  174.2141
6.647	 2.06	 1	 -42.1145	  176.0371
6.701	 2.17	 1	 -41.5993	  173.4460
6.738	 2.41	 1	 -41.1169	  175.6463
6.764	 2.84	 1	 -42.7794	  172.2091
6.782	 2.33	 1	 -41.9832	  173.8102
6.808	 2.21	 1	 -41.7436	  174.2545
6.820	 2.06	 1	 -42.6547	  172.9744
6.821	 2.56	 1	 -42.7697	  174.3574
6.822	 2.63	 1	 -42.2072	  173.5396
6.852	 2.05	 1	 -41.9874	  173.6179
6.871	 2.16	 1	 -42.4742	  172.0479
6.960	 2.88	 1	 -41.7666	  174.0600
6.992	 2.10	 1	 -42.2750	  173.6736
7.023	 2.03	 1	 -43.3916	  171.2691
7.045	 2.21	 1	 -44.2568	  172.9580
7.069	 2.04	 1	 -43.7182	  176.4595
7.080	 3.28	 1	 -41.4277	  172.5788
7.090	 2.44	 2	 -42.2969	  173.6760
7.092	 2.16	 1	 -42.2991	  173.7202
7.098	 2.31	 1	 -42.9101	  172.3701
7.182	 2.23	 2	 -42.0425	  174.5907
7.228	 2.23	 1	 -42.5193	  173.1211
7.239	 2.38	 1	 -44.1012	  173.0025
7.254	 2.01	 1	 -42.3170	  173.7463
7.278	 2.43	 1	 -41.7001	  174.0346
7.349	 2.04	 1	 -43.1918	  172.9218
7.391	 2.11	 1	 -41.5893	  173.4792
7.396	 2.35	 1	 -41.0028	  172.7065
7.443	 2.23	 1	 -41.5390	  173.6360
7.453	 2.01	 1	 -43.3623	  172.3334
7.544	 2.46	 1	 -42.3789	  173.5790
7.577	 2.06	 1	 -44.0939	  168.8319
7.583	 2.56	 3	 -42.3688	  173.9330
7.589	 2.41	 1	 -44.6850	  178.5066
7.625	 2.35	 1	 -39.7319	  168.4176
7.652	 2.92	 1	 -41.6670	  174.1613
7.655	 2.01	 1	 -38.4102	  174.8879
7.720	 2.03	 1	 -44.8093	  171.1315
7.774	 2.87	 1	 -41.7538	  174.1882
7.775	 3.26	 2	 -41.7725	  174.1697
7.777	 2.16	 1	 -42.5509	  173.1711
7.845	 2.42	 1	 -42.5660	  172.9344
7.862	 2.09	 1	 -43.1254	  172.7520
7.891	 2.22	 2	 -42.3240	  173.5762
7.917	 2.21	 1	 -41.9699	  174.1069
8.009	 2.30	 1	 -41.8603	  171.8609
8.020	 3.16	 1	 -43.2778	  174.2939
8.059	 2.03	 1	 -41.7819	  174.1907
8.062	 2.70	 1	 -42.2898	  174.4313
8.066	 2.67	 1	 -41.7502	  174.2989
8.071	 2.93	 1	 -42.3654	  173.6422
8.125	 2.24	 1	 -43.9295	  171.6128
8.130	 2.06	 1	 -45.4226	  171.5583
8.157	 2.21	 1	 -40.6449	  174.0460
8.169	 2.07	 1	 -42.7893	  172.8994
8.186	 2.04	 1	 -42.1477	  173.2540
8.203	 2.20	 1	 -42.7891	  173.4656
8.209	 2.38	 1	 -42.2272	  173.5723
8.214	 2.47	 1	 -42.0895	  172.9276
8.270	 2.21	 3	 -42.7436	  173.7585
8.272	 2.72	 1	 -41.7200	  174.3600
8.281	 2.28	 1	 -41.0896	  173.7224
8.307	 2.31	 1	 -40.0923	  172.7921
8.336	 2.10	 1	 -42.2167	  173.6527
8.349	 2.27	 1	 -42.5368	  173.7244
8.368	 2.11	 1	 -44.7304	  176.7156
8.385	 2.07	 2	 -42.1806	  173.6964
8.394	 2.74	 1	 -42.0746	  173.6937
8.398	 2.18	 1	 -42.2262	  171.5411
8.411	 2.34	 1	 -42.5428	  172.7066
8.413	 3.35	 1	 -46.8964	  175.1936
8.472	 2.41	 1	 -42.9331	  172.6556
8.472	 2.49	 1	 -42.2025	  173.8707
8.507	 2.41	 1	 -42.2146	  173.5919
8.522	 3.15	 1	 -47.1891	  173.0594
8.525	 2.00	 1	 -41.7979	  174.4327
8.532	 2.51	 1	 -47.0654	  172.3049
8.542	 3.41	 2	 -42.0393	  174.0746
8.647	 2.27	 2	 -46.9602	  175.2724
8.661	 2.29	 1	 -42.1077	  173.7046
8.663	 2.95	 1	 -42.8912	  173.3387
8.687	 2.05	 1	 -42.1009	  179.0868
8.699	 3.04	 1	 -41.8707	  174.3268
8.715	 2.66	 1	 -41.8586	  173.7837
8.749	 2.84	 1	 -42.6424	  173.2809
8.813	 2.91	 1	 -41.9025	  173.9879
8.837	 2.05	 1	 -45.5226	  177.7763
8.853	 2.09	 1	 -42.0029	  173.9851
8.889	 3.34	 1	 -43.1424	  172.1319
8.898	 2.26	 1	 -43.0170	  172.1239
8.926	 2.20	 1	 -42.9600	  173.5368
8.979	 2.80	 1	 -40.6673	  172.0427
9.000	 2.05	 1	 -42.2761	  173.8821
9.006	 2.12	 2	 -42.2719	  173.8632
9.010	 2.16	 1	 -41.2223	  173.1326
9.025	 2.40	 2	 -42.3263	  173.6773
9.076	 2.12	 1	 -41.8268	  174.1829
9.116	 2.46	 1	 -42.0917	  173.8135
9.139	 2.59	 1	 -43.0104	  172.5104
9.174	 2.39	 1	 -42.4697	  173.2508
9.185	 2.02	 1	 -43.5397	  171.8551
9.196	 2.51	 1	 -44.1538	  172.8857
9.227	 2.34	 1	 -41.7385	  174.1995
9.273	 2.12	 1	 -42.5460	  173.2022
9.276	 2.47	 1	 -46.7107	  170.2760
9.279	 3.37	 1	 -40.8435	  169.8584
9.280	 3.09	 1	 -43.0263	  173.3747
9.292	 2.98	 1	 -39.0696	  176.6458
9.346	 2.09	 1	 -42.4012	  174.4481
9.373	 2.51	 1	 -41.7590	  174.2568
9.401	 2.22	 1	 -41.0529	  167.3256
9.430	 2.53	 1	 -40.1396	  177.4823
9.462	 3.66	 1	 -42.2456	  172.7751
9.470	 2.48	 2	 -42.6465	  172.5986
9.472	 3.64	 1	 -42.2837	  170.3840
9.483	 2.60	 1	 -41.6253	  172.7133
9.522	 2.62	 1	 -41.7725	  174.2508
9.536	 2.13	 1	 -42.3306	  174.0349
9.563	 2.04	 1	 -42.3068	  168.1913
9.569	 2.16	 1	 -41.7184	  174.2778
9.570	 2.01	 1	 -41.8453	  174.5390
9.651	 2.03	 1	 -46.8255	  170.6121
9.665	 2.38	 2	 -42.0615	  172.5227
9.681	 2.08	 1	 -43.8994	  174.3698
9.708	 2.06	 1	 -42.1339	  172.8124
9.713	 2.22	 1	 -41.1550	  172.8980
9.720	 2.43	 1	 -43.5365	  179.0312
9.724	 2.39	 1	 -42.1135	  173.5574
9.737	 2.07	 1	 -47.1820	  172.6781
9.793	 3.19	 1	 -45.9792	  168.8470
9.806	 2.87	 1	 -42.2883	  173.6821
9.815	 2.64	 1	 -38.3211	  171.5886
9.891	 2.03	 1	 -42.5620	  173.3226
9.966	 2.22	 1	 -41.9086	  172.9565
9.994	 2.92	 1	 -42.1283	  174.0460
10.048	 2.13	 1	 -42.8538	  171.6739
10.050	 3.03	 1	 -42.7621	  172.0374
10.052	 2.10	 2	 -43.3317	  169.0128
10.053	 2.73	 1	 -42.3417	  174.0255
10.068	 2.15	 1	 -41.8321	  172.5132
10.144	 2.24	 1	 -42.2933	  173.5100
10.153	 2.31	 1	 -43.1004	  170.4164
10.172	 2.27	 1	 -41.8028	  174.1880
10.232	 2.44	 1	 -41.8080	  174.4068
10.280	 2.31	 1	 -41.9536	  172.0783
10.317	 2.10	 1	 -41.9237	  173.9486
10.361	 2.32	 1	 -41.9813	  173.4241
10.368	 2.85	 1	 -42.5456	  172.6633
10.368	 2.54	 1	 -41.8262	  173.0824
10.383	 2.30	 1	 -43.6015	  172.3847
10.401	 2.12	 1	 -41.8112	  174.2075
10.405	 3.65	 1	 -41.3557	  173.3602
10.432	 2.08	 1	 -42.1027	  172.5977
10.453	 2.13	 1	 -41.9332	  172.8463
10.470	 2.51	 1	 -41.5276	  167.1132
10.502	 2.15	 1	 -40.6341	  174.8483
10.530	 2.43	 1	 -42.1237	  173.8799
10.531	 2.72	 1	 -41.8479	  174.2269
10.545	 3.07	 1	 -44.5449	  170.2689
10.568	 2.91	 1	 -42.9857	  173.0713
10.575	 2.11	 1	 -43.2189	  173.6899
10.656	 2.07	 1	 -41.9870	  173.7476
10.657	 2.53	 1	 -45.0318	  167.7973
10.669	 3.86	 1	 -41.5974	  174.2052
10.674	 2.03	 1	 -39.0321	  171.7741
10.737	 2.24	 1	 -46.9023	  170.8719
10.823	 2.16	 1	 -41.7964	  174.3038
10.879	 2.09	 1	 -43.7399	  172.0457
10.934	 2.15	 1	 -42.1300	  173.5666
10.944	 2.35	 1	 -45.0179	  175.0941
10.963	 2.11	 1	 -42.7736	  172.9511
10.973	 2.01	 1	 -42.8403	  173.1818
10.979	 2.08	 1	 -43.6714	  175.7462
10.981	 2.08	 1	 -42.2966	  173.0349
11.007	 2.70	 1	 -45.6931	  170.1081
11.014	 2.06	 1	 -43.0321	  173.7141
11.060	 2.18	 1	 -42.1745	  172.2114
11.105	 2.12	 1	 -43.0277	  179.1229
11.136	 2.01	 1	 -41.9053	  174.1770
11.157	 2.50	 1	 -42.8046	  172.6143
11.168	 2.25	 1	 -41.7243	  174.2665
11.177	 2.21	 1	 -41.8640	  173.9552
11.242	 2.14	 1	 -42.6190	  171.8430
11.339	 2.27	 1	 -42.1134	  173.7726
11.385	 2.14	 1	 -42.8229	  173.9702
11.410	 3.29	 1	 -43.3060	  174.4049
11.441	 2.06	 1	 -45.6605	  175.4351
11.455	 2.06	 1	 -43.3465	  173.5043
11.459	 2.17	 1	 -42.2743	  173.8017
11.501	 2.16	 1	 -41.3059	  172.9208
11.655	 2.88	 1	 -41.7385	  174.1286
11.659	 2.06	 1	 -42.4910	  173.4293
11.712	 2.49	 1	 -42.8202	  174.4037
11.742	 2.24	 1	 -44.8469	  173.3645
11.745	 2.14	 1	 -41.9566	  174.0111
11.810	 2.35	 1	 -42.2316	  173.5793
11.838	 2.97	 1	 -42.4994	  174.9897
11.861	 2.08	 1	 -41.7138	  173.7337
11.874	 2.03	 1	 -41.3963	  173.8130
11.876	 2.26	 1	 -40.5650	  170.4422
11.891	 2.40	 1	 -41.9399	  171.7328
11.985	 2.11	 1	 -42.4877	  173.1185
12.002	 2.19	 1	 -44.0899	  174.1344
12.118	 2.10	 1	 -42.6622	  172.7531
12.181	 2.02	 1	 -42.8885	  172.7375
12.202	 2.09	 1	 -42.7780	  173.0220
12.235	 2.19	 1	 -38.6843	  175.7950
12.256	 2.57	 1	 -42.9700	  174.4079
12.281	 2.35	 1	 -41.7367	  174.2363
12.297	 2.27	 1	 -42.2691	  173.3601
12.305	 3.22	 1	 -42.6827	  173.7281
12.337	 2.35	 2	 -45.6763	  170.1212
12.378	 2.08	 1	 -43.5024	  173.5167
12.399	 2.40	 1	 -41.7802	  174.1407
12.414	 2.67	 1	 -44.0398	  174.5955
12.431	 3.57	 1	 -44.9009	  175.8183
12.445	 2.10	 1	 -42.2676	  173.5920
12.447	 2.51	 1	 -42.4499	  173.9833
12.494	 2.12	 1	 -43.0246	  173.9018
12.505	 2.13	 1	 -43.4285	  172.3264
12.524	 2.19	 2	 -42.3263	  173.6783
12.551	 2.50	 2	 -42.1650	  173.1938
12.628	 2.89	 1	 -44.3006	  171.4684
12.638	 2.09	 1	 -41.6797	  174.0931
12.669	 2.65	 1	 -39.7951	  171.3924
12.691	 2.09	 1	 -42.2540	  173.8404
12.719	 2.41	 1	 -42.4986	  174.0839
12.739	 3.23	 2	 -44.3819	  171.4137
12.807	 2.08	 1	 -47.0852	  174.3299
12.849	 2.04	 1	 -42.0747	  173.0306
12.867	 2.07	 2	 -43.2046	  172.1411
12.915	 2.20	 1	 -43.9690	  171.6695
12.953	 2.83	 1	 -42.5141	  173.8358
12.956	 2.85	 1	 -47.0460	  171.4908
12.962	 2.49	 1	 -41.6839	  174.3407
12.968	 2.53	 1	 -41.7810	  174.1725
12.969	 2.02	 2	 -42.0531	  173.6877
12.978	 2.37	 1	 -42.7155	  172.9581
13.041	 2.07	 1	 -41.6121	  173.5546
13.057	 2.14	 1	 -42.8922	  174.4587
13.080	 3.08	 2	 -42.2259	  173.6556
13.146	 2.10	 1	 -42.8385	  173.2496
13.175	 3.89	 1	 -41.9825	  172.0215
13.239	 2.10	 1	 -42.8643	  166.9088
13.251	 2.08	 1	 -43.6177	  172.9768
13.277	 2.19	 1	 -41.6977	  174.2743
13.366	 2.22	 1	 -42.2036	  173.1516
13.450	 2.08	 1	 -42.6104	  169.6432
13.453	 2.56	 1	 -43.4229	  171.8184
13.467	 2.89	 1	 -44.2048	  173.3262
13.489	 2.26	 2	 -44.2007	  173.3274
13.508	 2.06	 2	 -42.6187	  169.6455
13.530	 2.13	 2	 -44.9144	  175.8434
13.535	 2.14	 1	 -38.6941	  170.2232
13.591	 2.06	 1	 -43.1083	  173.8500
13.613	 2.31	 1	 -42.4032	  173.5803
13.643	 2.35	 1	 -43.0862	  172.6434
13.648	 2.33	 1	 -44.7502	  173.7576
13.684	 3.07	 1	 -38.3446	  171.4618
13.703	 2.08	 1	 -44.3882	  172.9013
13.707	 2.06	 2	 -41.9664	  172.0043
13.749	 2.68	 1	 -43.8674	  175.9572
13.872	 2.91	 1	 -42.8002	  172.8880
13.878	 2.03	 1	 -45.3023	  168.0402
14.005	 2.41	 1	 -42.4145	  172.9153
14.022	 2.06	 1	 -42.7813	  172.6461
14.030	 2.10	 1	 -42.4727	  173.0405
14.056	 2.75	 1	 -42.6274	  172.8281
14.080	 2.05	 1	 -42.2342	  173.6313
14.125	 2.24	 1	 -43.8749	  174.4890
14.127	 2.17	 1	 -43.2255	  172.8109
14.214	 2.42	 1	 -41.7295	  171.4812
14.223	 2.03	 1	 -42.5424	  177.3861
14.400	 2.10	 1	 -42.3463	  173.8385
