# Simulation 93
# RelativeTime(days) Magnitude Generation Latitude Longitude
Time Mag Gen Lat Lon
0.500	 2.28	 1	 -42.1349	  173.5985
0.501	 2.56	 1	 -42.2702	  173.7204
0.503	 2.57	 1	 -42.4910	  173.0788
0.504	 3.08	 1	 -42.8497	  172.7601
0.505	 2.07	 1	 -43.0000	  173.2229
0.506	 2.08	 1	 -41.9943	  173.7782
0.506	 2.85	 1	 -42.0216	  173.9328
0.507	 2.07	 1	 -42.4298	  173.7891
0.508	 2.18	 1	 -42.3227	  173.8600
0.509	 2.20	 1	 -42.2119	  173.5334
0.512	 2.08	 1	 -42.6819	  173.2527
0.518	 2.65	 1	 -42.6240	  173.0664
0.519	 2.03	 1	 -42.6140	  173.1685
0.521	 2.05	 1	 -42.6780	  172.9575
0.521	 2.77	 1	 -42.2823	  173.7230
0.522	 2.31	 1	 -42.1917	  173.5967
0.522	 2.75	 1	 -42.9432	  172.8327
0.523	 2.50	 1	 -41.9479	  173.6686
0.525	 2.16	 1	 -42.1931	  173.6565
0.526	 3.60	 1	 -42.8878	  173.2397
0.528	 2.18	 1	 -42.6266	  172.9207
0.529	 3.68	 1	 -42.3765	  173.9870
0.531	 2.04	 1	 -42.3771	  173.8534
0.531	 2.28	 1	 -41.7855	  172.9965
0.532	 2.99	 1	 -42.4950	  172.4638
0.534	 2.18	 1	 -45.0139	  172.1408
0.534	 2.23	 1	 -42.4210	  173.4907
0.536	 2.37	 1	 -41.7609	  174.1636
0.537	 2.00	 1	 -42.3319	  173.3195
0.540	 2.47	 1	 -43.1084	  173.8780
0.541	 2.04	 1	 -42.6405	  173.9355
0.541	 2.17	 1	 -41.5168	  168.9129
0.541	 2.88	 1	 -42.5520	  173.5759
0.544	 2.45	 1	 -41.6651	  174.3116
0.544	 2.29	 1	 -42.6077	  172.9740
0.545	 2.13	 1	 -42.3470	  173.8889
0.546	 2.41	 1	 -42.5196	  173.1340
0.546	 2.41	 1	 -42.5230	  173.7917
0.546	 2.02	 1	 -42.4983	  173.3746
0.546	 2.45	 1	 -42.3728	  173.5051
0.548	 2.07	 1	 -41.7851	  174.0418
0.549	 2.64	 1	 -42.1900	  173.5866
0.550	 3.52	 1	 -42.8932	  173.1244
0.550	 2.42	 1	 -42.5232	  173.1688
0.555	 3.38	 1	 -42.8036	  172.9260
0.555	 2.56	 1	 -42.1688	  173.6321
0.556	 3.72	 1	 -41.6803	  175.1020
0.557	 2.06	 1	 -41.8601	  173.8102
0.558	 2.39	 1	 -43.6849	  171.9198
0.559	 2.24	 1	 -41.7929	  174.2976
0.560	 2.11	 1	 -41.7707	  174.3431
0.560	 2.32	 1	 -42.5414	  173.0993
0.561	 2.23	 1	 -41.8604	  172.4529
0.561	 3.06	 1	 -41.9911	  173.6849
0.562	 2.15	 1	 -41.7054	  174.3017
0.562	 2.27	 1	 -41.7774	  174.2170
0.564	 2.76	 1	 -42.4696	  173.1046
0.564	 2.52	 1	 -42.2791	  173.7981
0.565	 3.49	 1	 -42.3572	  173.6101
0.566	 2.47	 1	 -42.0568	  173.4918
0.569	 2.43	 1	 -41.8781	  173.9716
0.569	 2.21	 1	 -42.6245	  172.9141
0.570	 2.03	 1	 -42.1430	  174.3675
0.573	 2.07	 1	 -42.7762	  173.5747
0.573	 2.44	 1	 -39.1274	  169.2938
0.573	 2.02	 1	 -41.7564	  174.2403
0.573	 2.98	 1	 -41.7255	  174.2930
0.574	 2.03	 1	 -42.1239	  173.6062
0.576	 2.67	 1	 -42.1715	  173.7402
0.578	 2.48	 1	 -41.8893	  173.7777
0.578	 2.49	 1	 -41.9427	  174.0780
0.579	 2.02	 1	 -44.0981	  167.6370
0.582	 2.03	 1	 -43.3383	  171.6895
0.584	 2.37	 1	 -42.4574	  174.3642
0.587	 3.47	 1	 -43.3482	  173.2840
0.587	 2.11	 1	 -42.3556	  173.5653
0.588	 2.12	 1	 -42.2604	  173.6996
0.590	 2.92	 1	 -41.7058	  172.8041
0.590	 2.34	 1	 -41.8493	  174.2408
0.590	 3.66	 1	 -42.2370	  173.6409
0.591	 2.35	 1	 -42.5905	  173.3595
0.593	 2.28	 1	 -43.9928	  173.7794
0.593	 2.17	 1	 -42.1337	  173.5600
0.594	 2.36	 1	 -38.6898	  170.2346
0.594	 2.07	 1	 -42.1286	  174.0087
0.595	 2.55	 1	 -42.3646	  173.5078
0.596	 2.05	 1	 -41.9984	  173.6837
0.598	 2.06	 1	 -42.6043	  172.9373
0.599	 2.23	 1	 -42.5933	  173.0260
0.600	 2.08	 1	 -41.7625	  174.1933
0.600	 2.19	 1	 -42.5107	  172.7939
0.601	 2.12	 1	 -42.9174	  173.1701
0.601	 2.00	 1	 -42.8870	  172.6663
0.604	 2.64	 1	 -42.5568	  173.1223
0.605	 3.60	 1	 -39.5648	  177.4175
0.606	 2.05	 1	 -42.5999	  172.6035
0.606	 2.22	 1	 -41.8551	  174.2406
0.606	 2.05	 1	 -42.7817	  173.2308
0.609	 2.43	 1	 -42.2593	  171.5507
0.609	 2.12	 1	 -43.0644	  172.9225
0.612	 2.03	 1	 -41.9661	  173.6758
0.615	 2.14	 1	 -42.1208	  173.5343
0.617	 2.14	 1	 -42.2783	  173.5165
0.618	 2.03	 1	 -42.6538	  172.8144
0.620	 2.80	 1	 -41.8576	  174.3007
0.621	 2.75	 1	 -42.0184	  173.7402
0.621	 2.11	 1	 -40.1569	  176.2417
0.623	 2.27	 1	 -42.0293	  173.6557
0.624	 2.21	 1	 -41.7117	  174.2828
0.624	 2.33	 1	 -42.4615	  173.2075
0.625	 2.81	 1	 -42.6994	  173.6799
0.627	 2.05	 1	 -42.5730	  172.9245
0.629	 2.21	 1	 -42.3345	  173.6496
0.630	 2.65	 1	 -42.0713	  172.9743
0.631	 3.40	 1	 -41.6702	  174.3004
0.631	 2.51	 1	 -41.7866	  174.2555
0.631	 2.10	 1	 -42.2327	  173.5532
0.636	 2.02	 1	 -42.4075	  173.8709
0.636	 2.43	 1	 -43.8178	  170.1732
0.637	 2.27	 1	 -41.9594	  173.6496
0.637	 2.05	 1	 -41.4933	  174.4807
0.637	 2.46	 1	 -42.9876	  173.4444
0.640	 2.38	 1	 -42.5561	  173.1318
0.640	 2.00	 1	 -42.9357	  173.7589
0.640	 2.12	 1	 -42.4908	  173.2802
0.642	 2.48	 1	 -41.8461	  174.5277
0.648	 2.27	 1	 -43.3485	  171.9774
0.648	 2.25	 1	 -42.7791	  172.7919
0.649	 2.19	 1	 -42.2095	  173.6569
0.650	 3.02	 1	 -42.5279	  172.8132
0.652	 3.88	 1	 -42.3078	  173.5227
0.652	 2.27	 1	 -42.4900	  173.8542
0.654	 2.01	 1	 -43.0261	  172.7522
0.655	 3.66	 1	 -43.1068	  173.5506
0.657	 2.25	 1	 -42.9199	  172.8631
0.659	 2.09	 1	 -42.6769	  172.7082
0.660	 2.05	 1	 -42.4385	  173.8521
0.663	 2.07	 1	 -42.7862	  171.8925
0.666	 2.35	 1	 -42.6036	  172.9539
0.669	 2.46	 1	 -39.9085	  176.6858
0.673	 2.39	 1	 -42.3056	  173.8978
0.674	 2.94	 1	 -42.9344	  173.2521
0.677	 2.78	 1	 -42.6770	  172.8014
0.680	 2.44	 1	 -42.2309	  173.8717
0.681	 2.50	 1	 -42.2714	  173.6558
0.681	 2.80	 1	 -42.1512	  173.6680
0.683	 2.01	 1	 -42.7399	  172.7410
0.683	 3.21	 2	 -42.7461	  172.7338
0.686	 2.17	 1	 -42.3577	  173.9014
0.687	 2.08	 1	 -41.7242	  174.2285
0.688	 2.02	 1	 -42.1125	  173.8507
0.688	 2.41	 1	 -42.2580	  173.4996
0.689	 2.26	 1	 -41.6578	  174.3195
0.691	 2.12	 1	 -42.5861	  173.3001
0.694	 2.27	 1	 -42.2305	  173.5684
0.700	 2.08	 1	 -42.0506	  173.7633
0.701	 2.15	 1	 -42.3289	  173.5300
0.701	 2.22	 1	 -41.7662	  174.3219
0.704	 2.10	 1	 -43.5462	  173.3509
0.706	 2.81	 1	 -42.3323	  173.8358
0.707	 2.03	 1	 -41.0896	  174.4161
0.709	 2.20	 1	 -41.9277	  173.7203
0.709	 2.15	 1	 -42.8463	  172.4413
0.710	 2.56	 1	 -42.6341	  173.0436
0.711	 2.02	 1	 -42.4831	  174.2616
0.713	 2.01	 1	 -41.4122	  173.5916
0.713	 2.57	 1	 -42.4916	  173.1523
0.713	 2.22	 1	 -42.2944	  173.5737
0.715	 2.80	 1	 -41.8154	  174.2268
0.715	 2.51	 1	 -41.8746	  174.3145
0.715	 2.15	 1	 -42.8376	  172.9534
0.716	 2.13	 1	 -42.2474	  173.4154
0.718	 2.02	 1	 -42.7013	  173.2908
0.718	 3.03	 1	 -42.5581	  173.3319
0.720	 2.07	 1	 -42.5469	  173.8885
0.721	 2.26	 1	 -43.3954	  173.4027
0.721	 2.10	 1	 -43.4402	  166.9895
0.722	 2.35	 1	 -42.2938	  173.5703
0.723	 2.72	 1	 -42.6275	  173.0908
0.724	 2.29	 1	 -42.4914	  173.1961
0.724	 3.06	 1	 -42.2662	  173.5211
0.724	 5.04	 1	 -42.5260	  172.3908
0.724	 2.11	 1	 -45.1778	  172.1719
0.725	 2.23	 1	 -42.4757	  173.6871
0.725	 3.16	 1	 -41.9619	  173.7515
0.725	 2.02	 1	 -43.1451	  172.2203
0.725	 2.56	 1	 -41.6929	  174.2544
0.731	 2.79	 1	 -42.9000	  173.0626
0.732	 2.53	 1	 -42.0627	  173.1350
0.738	 2.15	 1	 -40.9849	  173.4175
0.739	 2.76	 1	 -43.0714	  173.1857
0.740	 2.29	 1	 -42.3235	  173.5023
0.742	 2.18	 1	 -43.0709	  170.1459
0.743	 2.83	 1	 -41.3371	  175.5440
0.752	 2.16	 1	 -42.3801	  173.5188
0.752	 2.10	 1	 -42.2635	  173.8873
0.753	 2.67	 1	 -41.6651	  174.3472
0.754	 2.39	 1	 -42.1073	  173.8063
0.754	 2.08	 1	 -42.6194	  172.9054
0.756	 2.10	 1	 -41.7491	  174.2066
0.757	 2.09	 1	 -42.2867	  173.6626
0.757	 2.03	 1	 -41.1788	  174.8513
0.758	 2.06	 1	 -41.7843	  174.2391
0.759	 2.10	 1	 -41.9509	  173.7557
0.761	 2.76	 1	 -42.2854	  173.7900
0.764	 2.18	 1	 -41.9157	  174.1225
0.764	 2.59	 1	 -42.8027	  173.2252
0.765	 2.25	 1	 -41.7938	  174.2005
0.766	 2.41	 1	 -43.0720	  175.5474
0.766	 2.23	 1	 -42.6468	  173.1687
0.769	 2.13	 1	 -42.4735	  172.5755
0.771	 2.64	 1	 -42.3101	  173.8703
0.772	 2.26	 1	 -41.7111	  174.3154
0.773	 2.87	 1	 -39.9918	  179.0808
0.773	 2.16	 1	 -40.9048	  174.2594
0.774	 2.03	 1	 -42.1639	  172.8011
0.775	 2.01	 2	 -42.6595	  172.9315
0.776	 2.16	 1	 -42.3533	  173.0985
0.777	 2.52	 1	 -41.9899	  171.6690
0.778	 2.58	 1	 -43.3326	  175.1249
0.778	 2.47	 1	 -42.4934	  172.7773
0.780	 2.43	 1	 -42.6853	  172.8239
0.781	 3.16	 1	 -42.7704	  173.5887
0.783	 2.49	 1	 -42.7468	  172.9697
0.783	 2.90	 1	 -43.4053	  172.8461
0.784	 2.07	 1	 -42.3761	  172.5060
0.785	 3.02	 1	 -42.0286	  173.8985
0.788	 2.55	 1	 -42.0775	  173.8314
0.788	 2.12	 1	 -42.4693	  173.2949
0.792	 3.26	 1	 -42.5912	  172.9967
0.795	 2.65	 1	 -42.1772	  173.9449
0.796	 2.12	 1	 -42.8086	  172.9476
0.797	 2.37	 1	 -44.1536	  176.6486
0.797	 2.41	 1	 -46.1911	  169.1788
0.797	 5.27	 2	 -42.9040	  173.0564
0.798	 2.49	 1	 -41.8263	  174.1223
0.798	 3.57	 1	 -42.7669	  173.0409
0.800	 3.58	 1	 -42.1029	  173.5099
0.801	 2.02	 1	 -42.4960	  173.9087
0.801	 2.10	 1	 -42.2765	  173.7765
0.802	 2.03	 1	 -42.5042	  174.1083
0.803	 3.82	 1	 -41.7685	  174.2681
0.804	 4.65	 1	 -43.0002	  173.3847
0.809	 2.03	 1	 -43.0918	  173.7044
0.810	 2.10	 1	 -41.8052	  174.2892
0.811	 2.19	 1	 -42.1501	  173.4702
0.814	 2.76	 1	 -42.3357	  173.7313
0.816	 2.53	 1	 -42.2678	  173.5824
0.818	 2.31	 1	 -45.1797	  173.5592
0.819	 2.17	 1	 -42.0439	  172.9707
0.821	 2.30	 1	 -38.9685	  169.5935
0.822	 2.80	 1	 -42.2314	  173.6916
0.822	 2.14	 1	 -43.1185	  168.3151
0.823	 2.85	 1	 -42.2518	  173.9042
0.823	 2.46	 1	 -42.1130	  173.5981
0.825	 3.82	 1	 -38.3853	  174.7786
0.826	 2.43	 1	 -43.7668	  175.1740
0.830	 2.79	 1	 -42.6591	  173.5753
0.832	 2.06	 1	 -42.4093	  172.3176
0.832	 2.13	 1	 -41.7658	  174.2122
0.833	 2.52	 1	 -41.6938	  174.2772
0.834	 3.08	 1	 -42.5404	  173.0465
0.834	 3.12	 1	 -41.7394	  174.1938
0.835	 2.26	 1	 -42.6308	  175.5902
0.835	 2.16	 1	 -42.8133	  173.2445
0.836	 2.50	 1	 -46.7301	  175.7150
0.836	 2.02	 1	 -39.5783	  177.4352
0.837	 2.18	 1	 -42.0969	  173.6472
0.839	 2.07	 1	 -41.7035	  174.4382
0.840	 2.00	 1	 -42.7781	  173.5178
0.841	 2.03	 1	 -42.8687	  173.8514
0.843	 2.25	 1	 -42.2776	  172.6613
0.843	 2.56	 1	 -41.7311	  170.2207
0.844	 2.04	 1	 -42.3172	  173.7427
0.845	 2.97	 1	 -42.1221	  171.6752
0.845	 2.21	 1	 -41.6389	  174.4233
0.845	 2.22	 1	 -41.8311	  174.1458
0.846	 2.42	 1	 -44.3896	  176.0459
0.848	 2.56	 1	 -45.6856	  172.1946
0.851	 2.23	 1	 -41.2004	  176.3452
0.858	 2.09	 1	 -42.1558	  172.5691
0.859	 2.02	 1	 -42.4132	  173.7074
0.860	 2.43	 1	 -42.1514	  173.5864
0.861	 2.04	 1	 -42.5619	  173.6132
0.866	 2.65	 1	 -42.2908	  173.2813
0.870	 3.05	 1	 -43.2621	  173.9521
0.870	 2.04	 1	 -42.4364	  173.8413
0.870	 3.27	 1	 -43.7936	  171.5990
0.873	 2.48	 1	 -41.7318	  174.2952
0.874	 2.18	 1	 -42.1993	  173.5726
0.876	 2.18	 1	 -38.4088	  171.1622
0.880	 2.15	 1	 -43.3059	  173.5688
0.881	 2.97	 1	 -41.8471	  174.1643
0.882	 2.11	 1	 -42.6400	  173.4060
0.887	 2.71	 1	 -42.5273	  172.8548
0.887	 2.19	 1	 -42.3779	  173.8419
0.889	 2.23	 1	 -42.3553	  174.0427
0.896	 2.48	 1	 -43.1186	  172.9918
0.898	 2.71	 1	 -42.8935	  172.8427
0.899	 2.48	 1	 -43.7137	  174.6717
0.899	 4.83	 1	 -42.4087	  173.0093
0.901	 3.68	 1	 -41.1701	  173.7439
0.901	 2.10	 1	 -43.7168	  173.3853
0.902	 2.10	 1	 -40.1448	  170.7732
0.903	 2.96	 1	 -45.0654	  175.1905
0.904	 2.11	 1	 -42.4567	  173.7512
0.908	 2.80	 1	 -42.0159	  173.4769
0.910	 2.08	 1	 -42.7499	  173.2698
0.913	 2.42	 1	 -42.8347	  173.8779
0.915	 2.70	 1	 -42.7856	  172.5689
0.919	 2.14	 1	 -41.9154	  174.2040
0.921	 2.13	 1	 -42.2513	  173.8755
0.922	 2.26	 1	 -42.0603	  170.3165
0.924	 2.70	 1	 -41.7734	  174.2354
0.929	 2.39	 1	 -42.4629	  173.1307
0.929	 2.10	 1	 -42.2878	  174.3402
0.931	 2.27	 2	 -43.2012	  173.5426
0.931	 2.15	 1	 -42.0186	  173.7721
0.932	 2.30	 1	 -43.0078	  173.1494
0.932	 2.07	 1	 -42.3855	  173.1316
0.932	 2.39	 1	 -42.5328	  173.2598
0.934	 2.35	 1	 -41.8213	  174.1444
0.938	 2.32	 1	 -41.6535	  174.3560
0.938	 2.57	 1	 -41.2519	  174.0838
0.939	 2.09	 1	 -42.4544	  173.8484
0.940	 2.67	 1	 -42.3018	  173.4687
0.943	 2.22	 1	 -42.1231	  173.7747
0.943	 2.61	 1	 -41.8128	  174.2173
0.943	 2.09	 1	 -41.9308	  173.9513
0.946	 3.17	 1	 -44.2979	  174.4108
0.947	 2.60	 1	 -42.0532	  174.7056
0.948	 2.06	 1	 -42.8966	  174.6212
0.949	 2.69	 1	 -43.9227	  174.1102
0.950	 3.15	 1	 -41.7596	  174.1669
0.951	 2.04	 1	 -42.5508	  173.0359
0.953	 2.54	 1	 -43.0136	  172.8648
0.955	 3.75	 1	 -42.2920	  173.7726
0.955	 2.81	 1	 -42.9695	  173.5266
0.957	 2.02	 2	 -42.5431	  172.3028
0.958	 2.03	 1	 -41.1538	  172.9271
0.959	 2.42	 1	 -41.8179	  173.9106
0.961	 2.09	 1	 -42.6570	  173.6829
0.962	 2.12	 1	 -42.2234	  173.8420
0.964	 2.61	 1	 -40.7793	  172.2416
0.967	 2.49	 1	 -42.0878	  173.6532
0.969	 2.05	 3	 -42.8767	  173.0517
0.971	 2.62	 1	 -42.0654	  173.5022
0.973	 2.12	 1	 -41.8006	  174.5225
0.973	 2.09	 1	 -42.4296	  173.2432
0.973	 2.16	 1	 -41.7844	  174.0409
0.974	 2.11	 1	 -41.7334	  174.2888
0.976	 2.92	 1	 -43.4081	  173.1630
0.978	 3.54	 1	 -42.7210	  173.1698
0.979	 2.61	 1	 -42.2850	  173.7531
0.984	 2.52	 1	 -42.7797	  173.1320
0.984	 3.30	 1	 -43.6459	  173.1154
0.984	 2.34	 1	 -42.3681	  174.0680
0.987	 2.02	 1	 -42.2538	  173.5848
0.991	 2.09	 3	 -42.6924	  172.4362
0.994	 2.38	 1	 -42.4437	  172.3488
0.997	 3.49	 1	 -43.0766	  173.9237
0.997	 2.15	 1	 -42.7626	  173.1966
0.997	 2.10	 1	 -41.7245	  174.2283
0.998	 2.51	 1	 -42.6793	  173.7330
0.998	 2.01	 1	 -42.0346	  173.7747
1.001	 2.44	 1	 -43.3462	  172.6845
1.002	 3.84	 1	 -41.7960	  174.3140
1.004	 2.23	 1	 -42.2380	  174.1635
1.005	 2.24	 1	 -42.7996	  171.3704
1.005	 2.34	 1	 -42.1962	  173.8335
1.008	 2.33	 1	 -42.3741	  173.0363
1.011	 2.15	 1	 -41.7095	  173.9562
1.013	 2.19	 1	 -42.3220	  173.4276
1.013	 2.11	 1	 -42.8219	  173.5846
1.016	 2.92	 1	 -41.4697	  172.0107
1.017	 2.29	 1	 -42.5812	  174.5677
1.018	 2.72	 1	 -42.5319	  172.9978
1.021	 2.25	 1	 -41.3991	  174.1816
1.024	 3.08	 1	 -42.5950	  173.9837
1.030	 2.19	 1	 -42.9516	  173.1636
1.032	 2.01	 1	 -41.5275	  174.2479
1.032	 2.09	 1	 -42.2456	  173.6474
1.037	 3.53	 1	 -41.6800	  174.2045
1.037	 2.61	 1	 -41.7690	  174.2896
1.040	 2.01	 1	 -42.6865	  173.1180
1.044	 2.23	 1	 -41.9222	  173.8397
1.047	 2.82	 1	 -42.0592	  173.3021
1.051	 2.13	 1	 -43.0560	  172.7783
1.051	 2.21	 1	 -42.4545	  173.9963
1.055	 2.16	 1	 -41.7729	  174.3862
1.058	 2.07	 1	 -42.0893	  173.6673
1.061	 2.06	 1	 -41.8321	  174.0371
1.063	 2.51	 1	 -42.3691	  172.9308
1.064	 2.37	 1	 -42.2575	  173.5449
1.065	 2.19	 1	 -41.7813	  174.2444
1.066	 2.03	 1	 -42.3561	  173.1586
1.073	 2.05	 1	 -42.8161	  173.2314
1.074	 2.28	 1	 -41.6855	  174.4125
1.074	 2.28	 1	 -41.8103	  173.9853
1.076	 2.35	 1	 -41.7685	  174.1894
1.076	 2.07	 1	 -42.2463	  173.7215
1.079	 2.18	 1	 -42.3678	  173.9673
1.079	 3.81	 1	 -41.7611	  174.2700
1.083	 2.52	 1	 -41.8000	  174.3161
1.083	 2.21	 1	 -42.3526	  173.6427
1.083	 2.58	 1	 -42.9800	  173.2799
1.083	 2.00	 1	 -41.9697	  173.5350
1.084	 4.39	 1	 -41.8481	  174.3884
1.096	 2.02	 1	 -42.3866	  174.0106
1.096	 2.48	 1	 -42.5270	  173.9213
1.098	 2.85	 1	 -42.3439	  173.7592
1.100	 2.39	 1	 -42.7121	  172.3243
1.100	 3.49	 1	 -41.7417	  174.2702
1.102	 2.24	 1	 -42.2631	  173.6821
1.103	 2.50	 1	 -42.6388	  172.9813
1.103	 2.41	 1	 -43.0246	  172.8461
1.105	 2.13	 1	 -43.1563	  172.8206
1.107	 2.41	 1	 -42.6865	  173.2880
1.108	 2.07	 1	 -41.7354	  174.2960
1.108	 2.19	 1	 -42.6034	  175.5695
1.110	 2.09	 1	 -42.9506	  172.5203
1.110	 2.14	 1	 -44.6778	  178.5114
1.113	 2.59	 1	 -41.7770	  173.7697
1.115	 2.41	 1	 -43.6564	  172.9041
1.116	 2.05	 1	 -41.5927	  174.7443
1.117	 2.08	 1	 -43.0947	  177.9381
1.121	 2.38	 1	 -42.2967	  173.6171
1.121	 2.01	 1	 -42.3652	  173.0850
1.121	 3.78	 1	 -41.9501	  173.7550
1.126	 2.41	 1	 -41.7714	  174.3107
1.126	 2.02	 1	 -42.3026	  172.2335
1.130	 2.17	 1	 -42.1569	  173.7905
1.132	 2.42	 1	 -41.8195	  174.0172
1.133	 4.01	 3	 -42.8752	  173.1060
1.135	 2.50	 2	 -42.5210	  172.4137
1.135	 2.16	 1	 -45.6086	  177.6791
1.138	 2.37	 1	 -43.3139	  172.4857
1.139	 2.44	 1	 -42.5878	  172.6377
1.139	 2.09	 1	 -41.5741	  174.3495
1.139	 2.18	 1	 -41.7699	  174.2211
1.141	 2.56	 1	 -42.3667	  173.2167
1.142	 2.02	 1	 -42.3650	  173.0929
1.145	 2.55	 1	 -41.1823	  172.9003
1.147	 2.28	 1	 -42.6231	  173.0892
1.147	 2.19	 1	 -42.5559	  171.9616
1.147	 2.07	 1	 -42.2089	  173.6172
1.149	 2.40	 1	 -42.0757	  173.8160
1.152	 2.01	 1	 -42.2943	  173.6893
1.153	 2.18	 1	 -41.6898	  174.2704
1.154	 2.69	 2	 -42.7331	  176.4539
1.155	 3.25	 1	 -42.5746	  173.1028
1.155	 2.02	 1	 -41.6994	  174.2648
1.157	 2.10	 1	 -42.0104	  174.0449
1.161	 2.37	 1	 -41.7083	  174.3589
1.163	 3.50	 1	 -41.4988	  178.9204
1.165	 3.10	 1	 -41.7106	  174.1499
1.166	 2.71	 1	 -42.6555	  173.5969
1.167	 2.33	 1	 -42.4139	  173.1696
1.171	 2.56	 1	 -42.0905	  173.8134
1.176	 2.20	 1	 -41.7926	  174.3916
1.179	 2.16	 1	 -41.9381	  173.6995
1.179	 2.18	 1	 -40.4399	  171.9132
1.179	 2.04	 1	 -42.4913	  173.2694
1.180	 2.29	 1	 -43.5248	  176.3722
1.181	 2.52	 1	 -42.5707	  173.0787
1.182	 2.67	 1	 -42.9171	  172.7794
1.182	 2.10	 1	 -42.4765	  173.2032
1.187	 2.48	 1	 -42.2622	  172.3683
1.188	 2.31	 1	 -42.5591	  172.8000
1.189	 2.16	 1	 -42.4546	  173.7514
1.190	 2.52	 1	 -42.5618	  173.8996
1.191	 2.87	 1	 -42.4035	  173.3669
1.191	 2.22	 1	 -41.7432	  170.6747
1.191	 3.07	 1	 -41.9045	  173.9121
1.192	 2.94	 1	 -44.2080	  178.7820
1.196	 2.07	 1	 -42.2331	  173.8749
1.198	 3.18	 1	 -42.2457	  173.7323
1.200	 2.78	 1	 -46.6012	  170.5329
1.201	 2.89	 1	 -41.7108	  174.1764
1.201	 2.17	 1	 -42.1381	  172.8326
1.201	 2.37	 1	 -42.3131	  173.7453
1.205	 2.20	 1	 -43.6257	  171.3045
1.205	 2.62	 1	 -42.2376	  173.5753
1.207	 2.99	 1	 -41.9878	  173.7348
1.207	 2.36	 1	 -42.3232	  172.9882
1.208	 2.56	 1	 -42.3467	  174.2983
1.208	 2.41	 1	 -41.9894	  172.9017
1.209	 2.89	 1	 -42.5879	  172.9855
1.210	 2.09	 1	 -42.4702	  172.7970
1.211	 2.34	 1	 -42.5075	  173.1582
1.212	 2.46	 1	 -42.8743	  174.8647
1.214	 2.57	 1	 -41.6946	  174.2681
1.215	 2.44	 1	 -42.2353	  173.7795
1.215	 2.23	 1	 -42.4769	  173.6569
1.216	 2.01	 1	 -42.2509	  173.8279
1.219	 2.39	 1	 -42.0331	  174.0301
1.221	 2.04	 2	 -41.6998	  175.1034
1.222	 2.20	 1	 -42.4505	  173.0343
1.223	 3.32	 2	 -41.7317	  174.2482
1.223	 2.91	 1	 -42.8222	  173.4340
1.223	 2.62	 1	 -42.2670	  173.7996
1.224	 2.27	 1	 -41.9520	  175.8430
1.225	 2.34	 1	 -41.8033	  174.2425
1.229	 2.19	 1	 -42.6689	  172.7597
1.231	 2.04	 1	 -41.8607	  174.6144
1.239	 2.50	 1	 -42.2009	  173.8769
1.239	 3.29	 1	 -42.2730	  173.7563
1.243	 2.34	 1	 -42.4882	  172.8286
1.244	 2.32	 1	 -42.0906	  173.7250
1.246	 2.28	 1	 -42.3893	  173.7929
1.248	 2.40	 1	 -42.6102	  173.2442
1.249	 2.19	 1	 -42.6560	  173.1745
1.250	 2.70	 1	 -42.3008	  173.7486
1.254	 2.53	 1	 -38.2735	  171.8907
1.256	 2.81	 1	 -42.5669	  174.5380
1.258	 2.28	 1	 -43.6914	  173.2775
1.260	 2.66	 1	 -42.4255	  173.9214
1.268	 2.07	 1	 -42.1401	  173.5871
1.274	 2.31	 2	 -43.0036	  173.3823
1.276	 2.31	 1	 -42.3448	  173.5892
1.278	 2.11	 1	 -42.0203	  173.7198
1.284	 2.12	 1	 -41.8826	  174.1524
1.286	 3.13	 1	 -42.0899	  174.3498
1.294	 2.85	 1	 -43.2045	  172.6288
1.294	 2.44	 1	 -45.2910	  170.5833
1.295	 2.29	 1	 -43.0473	  173.1404
1.298	 2.33	 1	 -42.4356	  173.7926
1.299	 3.27	 1	 -42.8207	  173.2247
1.299	 2.12	 1	 -40.5694	  171.9327
1.306	 2.17	 1	 -42.7961	  172.9164
1.308	 2.13	 1	 -42.4342	  173.1287
1.309	 2.29	 1	 -41.9151	  173.8949
1.310	 2.05	 1	 -42.4024	  174.1219
1.310	 2.49	 1	 -42.5983	  172.6609
1.312	 2.22	 1	 -41.7709	  174.2058
1.313	 2.89	 1	 -41.7198	  174.2660
1.313	 3.02	 1	 -41.7972	  174.2333
1.316	 2.59	 1	 -42.0918	  174.4171
1.320	 2.53	 1	 -42.9470	  173.7251
1.323	 2.01	 2	 -43.8816	  173.2053
1.323	 2.14	 1	 -42.5379	  173.1061
1.324	 2.09	 1	 -42.2213	  173.9098
1.327	 3.46	 1	 -41.8503	  174.2402
1.344	 2.48	 1	 -42.9232	  172.9817
1.346	 2.50	 1	 -41.9413	  173.7980
1.347	 2.22	 1	 -42.8131	  173.7038
1.350	 2.40	 1	 -43.0612	  172.9338
1.351	 2.40	 1	 -41.9536	  173.7832
1.352	 2.40	 1	 -42.5694	  173.1526
1.353	 2.51	 1	 -42.3462	  173.7373
1.354	 2.57	 1	 -41.8240	  174.1532
1.355	 2.38	 1	 -42.3478	  174.0027
1.356	 2.03	 1	 -41.6980	  174.3456
1.365	 2.03	 1	 -42.5418	  173.3392
1.369	 2.37	 1	 -42.3466	  173.8854
1.371	 2.32	 1	 -41.9001	  172.6532
1.373	 2.11	 1	 -42.4555	  173.1649
1.377	 2.06	 1	 -42.4180	  173.5859
1.384	 2.11	 1	 -42.5958	  173.8365
1.384	 2.16	 1	 -42.2653	  173.6557
1.390	 2.13	 1	 -42.0699	  173.7766
1.393	 2.01	 1	 -42.1726	  173.5456
1.396	 2.29	 1	 -42.3303	  172.3098
1.397	 2.32	 1	 -42.9267	  172.7064
1.399	 2.23	 1	 -42.3709	  174.0150
1.405	 3.38	 1	 -42.5750	  172.7616
1.407	 3.27	 1	 -42.5804	  173.7049
1.417	 2.08	 1	 -44.7209	  170.4579
1.421	 2.10	 1	 -42.3525	  173.0147
1.423	 2.26	 1	 -42.5890	  173.1627
1.424	 2.14	 1	 -41.6817	  174.2616
1.425	 2.06	 1	 -42.6759	  172.7033
1.426	 2.01	 1	 -46.8323	  175.4106
1.426	 2.05	 1	 -41.7229	  174.2794
1.428	 2.07	 1	 -43.2312	  174.8473
1.429	 2.44	 1	 -42.1815	  173.5757
1.429	 2.44	 1	 -42.0098	  172.9226
1.432	 2.17	 1	 -41.0680	  171.2122
1.433	 2.04	 1	 -42.3407	  173.5260
1.433	 2.13	 1	 -42.3488	  173.4593
1.441	 2.23	 1	 -42.2126	  173.6496
1.442	 2.31	 1	 -42.8377	  173.3167
1.446	 3.14	 2	 -42.3837	  173.0445
1.448	 2.20	 1	 -42.4336	  173.4153
1.448	 2.13	 1	 -42.0648	  173.9362
1.450	 2.42	 1	 -41.6833	  174.2238
1.451	 2.04	 1	 -42.5588	  172.5804
1.452	 2.65	 1	 -41.3467	  174.2522
1.452	 2.21	 1	 -42.7987	  173.0071
1.453	 2.76	 1	 -42.3124	  173.2556
1.454	 2.09	 1	 -42.3312	  173.1258
1.455	 2.61	 1	 -42.1913	  173.7399
1.457	 2.01	 1	 -41.9638	  173.6142
1.459	 2.90	 1	 -42.2767	  173.7895
1.459	 2.51	 1	 -42.0438	  173.6832
1.462	 3.17	 1	 -42.1012	  173.6009
1.462	 2.01	 1	 -40.9080	  173.8409
1.462	 2.66	 1	 -42.0673	  172.9894
1.464	 2.05	 1	 -42.1409	  173.5405
1.467	 2.36	 2	 -41.7692	  174.2715
1.469	 2.19	 2	 -43.0401	  172.8899
1.471	 2.87	 1	 -42.5544	  173.3815
1.471	 2.01	 1	 -42.3878	  173.1310
1.473	 2.08	 1	 -42.2791	  173.6584
1.477	 2.02	 1	 -43.4604	  179.0501
1.480	 2.39	 1	 -41.9934	  173.8036
1.481	 2.34	 1	 -43.0627	  173.3328
1.483	 2.35	 1	 -41.2131	  170.9126
1.490	 2.01	 1	 -41.2648	  175.7162
1.495	 2.26	 1	 -41.8241	  174.1673
1.495	 2.84	 1	 -41.6729	  174.4328
1.495	 2.54	 1	 -42.3920	  173.8192
1.497	 2.20	 1	 -42.2585	  173.9070
1.498	 2.00	 1	 -41.6941	  174.2972
1.498	 2.21	 1	 -42.7081	  173.7034
1.507	 2.28	 1	 -42.2378	  173.6662
1.509	 2.63	 1	 -42.8100	  173.0011
1.514	 2.39	 2	 -42.6409	  172.0963
1.515	 2.07	 1	 -44.0316	  168.2767
1.515	 2.24	 1	 -41.9218	  174.1477
1.516	 2.73	 1	 -43.6592	  172.5911
1.517	 2.52	 1	 -42.0477	  173.7848
1.518	 2.66	 1	 -42.1978	  173.5977
1.523	 2.30	 1	 -41.6571	  174.4590
1.529	 2.04	 1	 -42.2729	  174.7528
1.531	 2.52	 1	 -43.1473	  173.8069
1.537	 3.18	 1	 -43.3157	  174.0927
1.538	 2.01	 2	 -42.8035	  172.9308
1.538	 2.15	 1	 -41.7888	  174.3184
1.541	 3.26	 1	 -44.5857	  173.2360
1.542	 2.41	 1	 -41.7617	  174.2757
1.545	 2.79	 1	 -42.5800	  172.0671
1.546	 2.30	 1	 -42.3554	  173.3880
1.548	 2.09	 1	 -42.2261	  173.5908
1.548	 2.32	 1	 -42.4730	  173.7734
1.551	 2.18	 1	 -41.6530	  174.3559
1.555	 2.47	 1	 -42.6585	  172.8002
1.556	 2.08	 1	 -42.9240	  173.2937
1.557	 2.12	 1	 -44.9307	  171.9440
1.558	 2.45	 1	 -46.8951	  175.1980
1.559	 2.24	 1	 -42.2991	  173.3506
1.561	 2.46	 1	 -42.1650	  173.4038
1.563	 2.28	 1	 -42.1501	  173.6447
1.565	 2.94	 1	 -41.6790	  174.2784
1.568	 2.78	 1	 -42.0908	  173.7766
1.569	 2.25	 1	 -42.7457	  173.3019
1.569	 4.08	 1	 -41.6565	  174.3408
1.570	 2.33	 1	 -42.2674	  173.7117
1.571	 2.37	 1	 -42.3978	  174.0106
1.572	 2.23	 1	 -41.7577	  174.2026
1.573	 2.17	 1	 -41.9635	  173.6269
1.573	 2.19	 1	 -42.6721	  173.5402
1.573	 3.34	 1	 -42.0942	  173.3148
1.579	 3.92	 1	 -41.7405	  174.2353
1.581	 2.31	 1	 -41.7138	  174.2542
1.586	 2.00	 1	 -42.0326	  173.6506
1.586	 2.21	 1	 -42.9300	  173.3530
1.589	 2.03	 1	 -42.2698	  173.6490
1.592	 2.41	 1	 -41.7232	  174.8484
1.594	 2.39	 1	 -42.7450	  173.0059
1.597	 2.24	 1	 -42.2261	  173.1361
1.600	 2.10	 2	 -42.2135	  173.6102
1.601	 2.45	 2	 -42.5192	  172.4132
1.602	 2.76	 1	 -42.6644	  172.7986
1.603	 2.66	 1	 -42.1048	  173.4882
1.604	 2.42	 1	 -42.2487	  179.1101
1.605	 3.25	 1	 -41.0114	  172.5356
1.605	 2.34	 1	 -42.4561	  173.7076
1.608	 2.27	 1	 -41.7018	  174.0118
1.608	 2.06	 1	 -41.7284	  174.1998
1.608	 2.16	 1	 -42.6132	  172.4437
1.614	 2.70	 1	 -42.2677	  173.6077
1.615	 2.21	 1	 -42.4440	  173.7807
1.618	 2.06	 1	 -42.3093	  173.7120
1.618	 3.35	 1	 -43.0154	  172.8542
1.619	 2.22	 1	 -42.4088	  172.6403
1.620	 2.12	 1	 -41.8490	  174.0618
1.624	 3.69	 2	 -42.8006	  172.1374
1.630	 2.01	 1	 -42.9425	  172.8075
1.634	 2.02	 1	 -42.6042	  173.6169
1.636	 2.11	 1	 -42.7901	  172.6914
1.636	 2.14	 1	 -42.2293	  173.6659
1.637	 2.19	 1	 -42.2671	  173.6614
1.638	 2.56	 1	 -42.8838	  173.2068
1.639	 2.14	 1	 -42.7681	  173.8221
1.640	 2.05	 1	 -41.7912	  174.0646
1.645	 2.27	 1	 -42.7108	  174.1917
1.645	 2.42	 1	 -41.7115	  174.2779
1.649	 2.14	 1	 -41.4558	  167.1403
1.650	 2.13	 1	 -41.9742	  173.6710
1.652	 3.76	 1	 -42.7297	  173.4142
1.652	 2.06	 1	 -42.7924	  172.8638
1.653	 2.14	 1	 -41.7967	  174.2610
1.654	 2.11	 1	 -42.3004	  173.5552
1.654	 2.02	 1	 -42.1247	  172.6545
1.654	 2.35	 1	 -42.2624	  173.6446
1.654	 2.53	 1	 -42.5602	  172.1105
1.658	 2.06	 1	 -42.2897	  173.6740
1.658	 2.53	 1	 -43.0347	  173.7094
1.659	 2.23	 1	 -42.1027	  173.7956
1.662	 2.11	 1	 -42.2911	  173.9569
1.663	 2.67	 1	 -42.4500	  173.7610
1.664	 2.11	 1	 -42.9764	  174.1548
1.664	 2.11	 1	 -41.9051	  173.5141
1.671	 2.15	 1	 -42.7728	  172.6538
1.674	 2.46	 1	 -41.6680	  174.3309
1.678	 2.13	 1	 -42.6722	  172.8956
1.679	 2.64	 1	 -41.8965	  172.1361
1.680	 2.49	 1	 -42.3594	  172.6945
1.682	 3.41	 1	 -40.2655	  168.6907
1.682	 2.69	 1	 -42.5010	  172.5859
1.684	 3.03	 1	 -41.6233	  174.4592
1.685	 2.22	 1	 -42.5144	  173.7865
1.686	 2.16	 1	 -42.2517	  173.7053
1.692	 2.02	 1	 -41.6554	  174.2906
1.692	 2.83	 2	 -42.0971	  173.3428
1.697	 2.88	 1	 -43.5966	  172.3595
1.703	 3.06	 1	 -43.0990	  173.3986
1.709	 2.23	 1	 -41.4634	  172.6756
1.710	 2.07	 1	 -41.6306	  174.3966
1.712	 2.32	 1	 -41.7249	  174.2888
1.714	 2.10	 1	 -42.2411	  173.7968
1.718	 3.50	 1	 -42.6254	  172.9367
1.718	 2.07	 1	 -42.1433	  173.6764
1.720	 2.08	 1	 -42.5444	  173.1090
1.724	 2.50	 1	 -42.2431	  173.6808
1.727	 2.64	 1	 -41.8867	  173.9883
1.728	 2.94	 1	 -42.4783	  173.1089
1.734	 2.86	 1	 -41.8562	  173.9571
1.737	 2.12	 1	 -42.0270	  174.2915
1.738	 2.30	 1	 -43.8716	  172.0473
1.739	 2.75	 1	 -42.1292	  173.7861
1.739	 2.33	 1	 -41.7102	  174.2498
1.741	 2.12	 1	 -41.7026	  169.4913
1.741	 2.91	 1	 -42.9297	  173.3915
1.742	 2.17	 1	 -43.6442	  171.7086
1.744	 2.05	 1	 -41.8258	  174.0243
1.745	 2.68	 1	 -41.9358	  172.3754
1.745	 2.04	 1	 -42.5868	  172.7831
1.747	 2.44	 1	 -41.9948	  179.0659
1.748	 2.06	 1	 -42.6400	  172.8205
1.748	 2.41	 1	 -42.2593	  173.7800
1.756	 2.53	 1	 -42.2026	  173.8405
1.759	 2.09	 1	 -43.7423	  172.5582
1.763	 2.72	 1	 -42.4331	  173.5443
1.763	 2.82	 1	 -41.6600	  174.3554
1.770	 2.22	 1	 -42.0525	  173.5931
1.771	 2.13	 1	 -42.9029	  171.2946
1.772	 2.35	 1	 -42.5105	  172.6223
1.772	 2.15	 1	 -45.8066	  177.4354
1.773	 2.72	 1	 -43.5966	  173.4604
1.773	 2.56	 1	 -42.5913	  172.9662
1.774	 2.10	 1	 -42.6383	  173.6236
1.778	 2.12	 1	 -41.7930	  174.2957
1.783	 2.38	 3	 -42.9593	  172.9802
1.784	 2.38	 1	 -42.8494	  173.4987
1.784	 3.56	 3	 -42.8961	  173.0002
1.787	 2.46	 1	 -43.3241	  173.4378
1.792	 3.45	 1	 -42.3755	  174.2988
1.792	 2.57	 1	 -42.2853	  173.6015
1.796	 2.85	 1	 -41.7329	  172.5322
1.797	 2.39	 1	 -42.5941	  172.8045
1.798	 2.20	 1	 -41.7891	  173.4841
1.800	 2.04	 1	 -42.1674	  173.6909
1.801	 2.20	 1	 -42.4052	  173.0185
1.811	 2.22	 1	 -43.1586	  173.3936
1.812	 2.52	 1	 -41.9974	  173.8231
1.814	 2.08	 1	 -42.3321	  173.9348
1.826	 2.14	 1	 -42.3027	  173.4241
1.836	 2.13	 2	 -41.1723	  173.7401
1.837	 2.37	 1	 -39.6994	  172.8801
1.839	 3.04	 1	 -40.5663	  172.5169
1.846	 2.10	 1	 -42.5053	  172.0913
1.849	 2.05	 1	 -42.2150	  173.4940
1.853	 2.35	 1	 -41.9206	  174.0027
1.855	 2.60	 1	 -43.2154	  172.5586
1.855	 2.51	 1	 -41.7249	  174.2253
1.865	 2.69	 1	 -42.5012	  173.1246
1.866	 2.00	 1	 -44.3606	  173.1948
1.869	 2.31	 1	 -42.6469	  172.6475
1.873	 2.49	 1	 -42.2469	  173.6313
1.880	 2.29	 1	 -42.2660	  179.2507
1.884	 2.82	 1	 -42.8236	  172.5501
1.885	 2.07	 1	 -42.1473	  173.6665
1.885	 2.10	 1	 -42.1945	  173.7049
1.885	 2.28	 1	 -42.4085	  173.7485
1.887	 2.02	 3	 -42.7891	  172.1318
1.888	 2.39	 1	 -42.6123	  173.1239
1.892	 2.15	 1	 -41.8794	  173.9816
1.892	 2.06	 1	 -46.9316	  175.0627
1.898	 2.06	 2	 -42.2576	  173.7238
1.899	 2.04	 1	 -42.4422	  173.4332
1.901	 2.04	 1	 -42.2119	  173.5793
1.903	 2.24	 1	 -41.3057	  171.3214
1.909	 2.25	 1	 -42.3044	  173.4591
1.909	 2.38	 1	 -43.7990	  178.9518
1.910	 2.30	 2	 -42.2016	  173.9104
1.915	 2.11	 1	 -42.1598	  173.4874
1.916	 2.07	 3	 -42.9398	  173.0996
1.918	 2.31	 1	 -43.5485	  169.3475
1.922	 2.34	 1	 -42.7296	  172.5800
1.923	 2.64	 1	 -38.9128	  176.3362
1.926	 2.30	 1	 -41.6501	  173.9225
1.932	 2.05	 1	 -43.0775	  174.0520
1.934	 2.23	 1	 -42.2910	  173.9560
1.935	 2.02	 1	 -41.8058	  174.0689
1.943	 2.66	 1	 -42.2828	  173.4590
1.944	 3.33	 1	 -42.4493	  170.6653
1.945	 2.72	 1	 -44.4465	  174.6172
1.954	 2.06	 1	 -42.5719	  173.3392
1.959	 2.42	 1	 -43.2124	  173.3855
1.960	 2.02	 1	 -41.8115	  172.0603
1.960	 3.17	 1	 -42.5054	  173.1001
1.963	 2.11	 1	 -41.7107	  174.2731
1.965	 2.25	 1	 -42.2312	  173.0496
1.973	 2.45	 1	 -42.9220	  172.9685
1.980	 2.74	 1	 -42.4142	  173.7508
1.984	 2.22	 1	 -42.1574	  174.5388
1.990	 2.99	 1	 -41.8409	  174.0232
1.996	 2.73	 1	 -41.9690	  172.5782
2.001	 2.37	 1	 -42.4087	  173.8120
2.004	 2.03	 1	 -42.8530	  173.3636
2.010	 2.73	 1	 -42.2154	  172.0598
2.011	 2.63	 2	 -42.4028	  173.0089
2.013	 2.30	 1	 -42.6747	  173.0427
2.017	 2.22	 1	 -41.7084	  174.2598
2.018	 3.84	 1	 -42.2035	  173.9779
2.025	 2.13	 1	 -41.7067	  174.2812
2.026	 2.27	 1	 -42.3643	  173.9982
2.027	 2.72	 1	 -42.5515	  173.7498
2.027	 2.11	 1	 -42.6072	  172.8370
2.030	 2.06	 1	 -42.1728	  173.5637
2.031	 2.04	 1	 -41.9673	  171.3037
2.033	 2.01	 1	 -43.5270	  175.1025
2.037	 2.11	 1	 -42.8321	  173.5004
2.038	 2.12	 1	 -42.0103	  173.4843
2.043	 2.54	 1	 -42.1716	  173.1115
2.048	 2.21	 1	 -41.7914	  174.2491
2.049	 2.30	 1	 -42.4652	  173.7895
2.049	 2.40	 1	 -43.1681	  173.2279
2.056	 2.19	 1	 -42.4490	  173.4742
2.062	 3.03	 1	 -41.8126	  174.0719
2.067	 2.10	 1	 -42.5511	  173.1765
2.070	 3.91	 1	 -46.3883	  170.4359
2.073	 2.30	 1	 -39.5850	  168.6004
2.073	 2.19	 1	 -41.7894	  174.8442
2.074	 2.26	 1	 -41.1508	  172.1515
2.077	 2.39	 1	 -42.3764	  173.6400
2.083	 2.56	 1	 -41.8463	  174.2966
2.090	 2.08	 1	 -42.4949	  173.2826
2.094	 4.22	 1	 -38.3902	  171.2432
2.096	 2.17	 1	 -42.6362	  173.1390
2.101	 2.08	 1	 -42.3661	  173.5194
2.102	 2.03	 1	 -42.4446	  173.9753
2.102	 2.22	 1	 -42.5882	  176.3370
2.104	 3.23	 1	 -41.6336	  174.0976
2.106	 2.47	 1	 -39.3912	  168.8684
2.107	 2.66	 1	 -42.8822	  171.3329
2.116	 3.16	 1	 -42.2538	  174.0744
2.116	 2.57	 1	 -42.9789	  173.3843
2.120	 2.81	 1	 -42.5917	  174.6115
2.123	 2.21	 1	 -42.5845	  172.9905
2.131	 2.18	 1	 -41.9082	  174.0963
2.135	 2.20	 1	 -42.4715	  173.6605
2.136	 2.08	 1	 -41.8765	  173.6806
2.139	 2.00	 1	 -42.7579	  172.7363
2.145	 2.39	 1	 -42.4412	  173.3156
2.146	 2.17	 1	 -42.4388	  173.1771
2.154	 2.18	 1	 -42.2079	  173.6054
2.154	 2.53	 1	 -41.9348	  174.0056
2.157	 2.17	 1	 -42.4744	  173.6492
2.159	 2.31	 1	 -41.6749	  174.2757
2.161	 3.26	 1	 -41.7431	  174.2808
2.167	 2.16	 1	 -43.3908	  172.3928
2.169	 2.27	 1	 -42.5669	  172.8939
2.173	 3.45	 1	 -41.8155	  174.2335
2.174	 2.47	 1	 -43.5533	  172.7432
2.176	 2.36	 1	 -42.8449	  172.9545
2.178	 3.84	 1	 -42.3127	  173.3049
2.183	 2.20	 1	 -42.3773	  173.3222
2.188	 2.07	 1	 -42.4426	  173.1454
2.191	 2.23	 1	 -42.0959	  173.7589
2.203	 2.24	 1	 -41.9182	  174.1095
2.204	 2.77	 1	 -42.0833	  173.8505
2.207	 2.25	 1	 -44.6677	  175.6360
2.211	 2.28	 1	 -41.9632	  174.6815
2.213	 3.45	 1	 -42.1158	  172.6681
2.215	 2.27	 1	 -42.6363	  172.5345
2.228	 2.29	 1	 -39.6166	  170.7140
2.232	 2.03	 2	 -42.2585	  173.5029
2.235	 2.85	 1	 -42.4035	  171.1269
2.238	 2.13	 1	 -41.1985	  173.1828
2.240	 2.68	 1	 -42.2469	  173.5974
2.248	 2.77	 1	 -41.8392	  174.4164
2.250	 3.03	 1	 -42.0400	  171.5643
2.250	 2.42	 1	 -43.1949	  173.2244
2.250	 2.10	 2	 -42.6794	  172.8020
2.251	 2.58	 1	 -43.7737	  178.9753
2.254	 2.32	 1	 -42.4076	  172.0838
2.256	 2.12	 1	 -41.9889	  172.6224
2.260	 2.05	 1	 -41.6808	  174.2612
2.264	 2.12	 1	 -42.1640	  173.5343
2.276	 2.10	 1	 -41.7800	  175.7974
2.282	 2.66	 1	 -42.4190	  173.8122
2.292	 2.10	 1	 -43.1392	  172.6874
2.292	 2.12	 1	 -40.1167	  172.8270
2.304	 2.52	 1	 -42.4337	  173.4608
2.310	 2.51	 1	 -42.3702	  173.3088
2.322	 2.46	 1	 -42.0317	  173.6983
2.334	 2.07	 1	 -42.2308	  173.0953
2.343	 2.22	 1	 -41.9956	  173.7862
2.346	 2.17	 1	 -42.9242	  173.6779
2.355	 2.42	 1	 -42.5186	  172.6242
2.358	 3.46	 2	 -42.5009	  174.9611
2.361	 2.12	 2	 -42.2084	  173.9423
2.361	 2.62	 4	 -42.8789	  173.1235
2.364	 2.51	 1	 -45.2348	  172.4388
2.367	 2.35	 1	 -42.3333	  173.6358
2.367	 4.13	 1	 -41.9988	  173.6033
2.368	 2.11	 1	 -43.2021	  172.8638
2.370	 2.54	 1	 -42.2968	  173.5922
2.382	 2.91	 1	 -42.5824	  172.9822
2.385	 2.29	 1	 -42.1338	  173.6072
2.386	 2.27	 1	 -42.2285	  173.6352
2.390	 4.78	 1	 -42.1265	  173.6717
2.391	 2.21	 1	 -42.8850	  173.8325
2.400	 2.46	 1	 -42.7879	  173.1541
2.403	 2.28	 1	 -42.1607	  172.8809
2.404	 2.58	 1	 -41.6751	  174.3801
2.405	 2.12	 1	 -41.7044	  173.0807
2.405	 2.46	 1	 -46.5205	  170.9486
2.406	 2.19	 1	 -41.7271	  174.2209
2.407	 3.55	 2	 -41.7046	  174.2313
2.408	 3.46	 1	 -43.2597	  172.9241
2.408	 2.50	 1	 -42.2322	  173.7334
2.410	 2.00	 1	 -42.2433	  173.6793
2.410	 2.42	 1	 -46.3703	  171.4829
2.411	 2.02	 1	 -42.2092	  173.6635
2.411	 2.54	 1	 -42.6361	  173.0451
2.413	 2.25	 1	 -42.3286	  169.7279
2.416	 2.53	 1	 -42.5840	  174.0968
2.417	 2.05	 1	 -40.8095	  171.6686
2.418	 2.49	 1	 -42.3370	  173.0815
2.428	 2.08	 1	 -41.6968	  174.2061
2.434	 2.04	 1	 -41.8410	  174.1633
2.434	 3.65	 1	 -42.1750	  173.9404
2.437	 2.06	 1	 -42.9405	  172.9465
2.441	 2.00	 1	 -42.9912	  173.3920
2.442	 2.11	 1	 -42.3431	  173.8835
2.445	 2.09	 1	 -42.3819	  173.3181
2.447	 2.77	 1	 -42.0809	  173.0279
2.450	 2.17	 1	 -42.2120	  174.1722
2.457	 3.21	 1	 -42.8817	  173.9867
2.457	 2.19	 2	 -43.0032	  173.3543
2.460	 2.18	 1	 -41.7450	  174.3335
2.463	 2.46	 1	 -43.2520	  173.7251
2.464	 2.01	 1	 -41.6718	  174.3220
2.466	 2.16	 1	 -41.8117	  174.5108
2.468	 2.10	 1	 -42.9974	  173.6539
2.473	 2.65	 1	 -41.7341	  174.2530
2.474	 2.42	 1	 -41.4984	  174.2142
2.480	 2.20	 1	 -42.3961	  173.5122
2.483	 2.38	 1	 -43.7361	  175.9072
2.491	 2.14	 1	 -42.6580	  172.7851
2.507	 2.12	 1	 -42.0758	  173.7366
2.512	 2.99	 2	 -42.5265	  172.4140
2.514	 2.84	 1	 -42.0436	  173.6784
2.533	 2.05	 1	 -42.2656	  173.7301
2.534	 2.74	 1	 -42.9240	  173.1793
2.535	 2.49	 1	 -42.3903	  173.1991
2.536	 2.52	 2	 -40.2337	  168.6967
2.536	 2.34	 1	 -42.2039	  173.8195
2.545	 2.13	 1	 -41.0030	  173.2297
2.551	 2.11	 1	 -42.2654	  173.5662
2.552	 2.11	 1	 -42.3031	  172.7029
2.556	 2.03	 1	 -42.5363	  173.1515
2.564	 2.13	 1	 -41.7076	  174.2411
2.564	 2.32	 1	 -42.6841	  172.7524
2.566	 3.17	 1	 -45.1567	  177.1123
2.568	 2.71	 1	 -42.6206	  173.0660
2.568	 2.11	 1	 -42.5133	  173.1946
2.592	 3.98	 1	 -42.7844	  173.7875
2.593	 2.25	 1	 -41.6994	  174.3066
2.598	 2.12	 1	 -43.1431	  173.6615
2.606	 2.57	 1	 -42.5074	  173.7648
2.611	 2.06	 1	 -41.8592	  174.0464
2.622	 2.29	 1	 -41.5440	  173.7313
2.631	 2.14	 1	 -41.7231	  174.2607
2.637	 2.39	 1	 -42.0348	  173.6911
2.644	 2.34	 1	 -42.3326	  174.2500
2.645	 3.50	 2	 -42.9115	  173.7567
2.647	 2.31	 1	 -42.3089	  173.5953
2.654	 2.47	 1	 -42.6249	  173.4227
2.655	 2.01	 1	 -41.7673	  174.1586
2.658	 2.02	 1	 -41.7918	  174.2639
2.661	 2.49	 1	 -42.4784	  173.2600
2.669	 2.86	 1	 -42.5184	  173.1170
2.678	 2.54	 1	 -42.5602	  175.8981
2.678	 3.27	 1	 -41.6660	  174.3441
2.681	 2.45	 1	 -42.4389	  173.7389
2.684	 2.67	 1	 -41.7145	  174.2311
2.685	 2.05	 1	 -41.8645	  173.9538
2.685	 2.81	 1	 -42.5181	  173.0975
2.685	 2.43	 1	 -41.7178	  173.6372
2.693	 2.54	 2	 -41.9505	  173.9909
2.701	 2.17	 1	 -42.5728	  173.1090
2.702	 2.06	 1	 -42.6888	  172.8654
2.714	 2.10	 1	 -41.6788	  174.2376
2.731	 2.07	 1	 -41.7411	  174.2508
2.734	 2.48	 1	 -42.4157	  173.0068
2.741	 2.46	 1	 -42.7995	  173.4776
2.742	 2.55	 1	 -43.1031	  176.5424
2.746	 2.25	 1	 -41.7847	  174.1483
2.747	 2.34	 1	 -39.9132	  169.5335
2.749	 2.42	 1	 -43.7686	  172.8882
2.755	 2.29	 1	 -41.7526	  174.2209
2.756	 3.10	 1	 -41.7592	  174.2787
2.760	 2.07	 1	 -41.7855	  174.2217
2.760	 2.14	 1	 -43.0789	  172.9693
2.768	 2.57	 1	 -38.1968	  173.1459
2.768	 2.86	 1	 -41.7777	  173.9850
2.769	 2.34	 1	 -44.5197	  172.7805
2.780	 2.14	 1	 -42.6263	  173.0983
2.781	 2.24	 1	 -41.8974	  173.6596
2.782	 3.30	 1	 -42.4830	  173.8274
2.799	 2.81	 2	 -42.4742	  172.3529
2.804	 3.04	 1	 -41.6911	  174.1858
2.805	 2.40	 1	 -42.2207	  173.8109
2.813	 2.17	 1	 -44.4916	  172.2723
2.815	 2.00	 2	 -42.5058	  172.3685
2.820	 2.87	 1	 -43.9005	  175.1058
2.823	 2.85	 1	 -42.2658	  173.3271
2.824	 2.59	 1	 -40.8456	  174.4887
2.839	 2.78	 1	 -42.7723	  173.7946
2.842	 2.02	 1	 -41.7783	  174.4353
2.843	 2.27	 1	 -42.6746	  172.8949
2.850	 2.26	 1	 -41.7714	  174.1940
2.870	 2.02	 1	 -42.5422	  172.8382
2.875	 3.12	 1	 -44.0800	  174.1960
2.877	 2.19	 1	 -42.3104	  173.5126
2.884	 2.45	 1	 -42.4444	  173.6302
2.884	 2.59	 1	 -44.4803	  178.2063
2.895	 2.18	 1	 -42.2390	  173.8153
2.897	 2.17	 1	 -41.7710	  174.2908
2.898	 2.19	 1	 -42.5804	  173.1486
2.900	 2.38	 1	 -42.9761	  173.0498
2.902	 2.35	 1	 -42.0912	  173.6396
2.906	 2.32	 1	 -42.5673	  173.0206
2.906	 3.47	 1	 -42.1462	  173.5340
2.912	 3.35	 1	 -41.8103	  174.2576
2.923	 2.06	 1	 -41.6960	  174.3030
2.923	 2.15	 1	 -42.3537	  174.0432
2.936	 2.20	 1	 -42.1382	  173.6883
2.937	 2.38	 1	 -38.8033	  169.9517
2.938	 2.08	 1	 -42.9519	  172.2272
2.948	 2.41	 1	 -42.3795	  174.0229
2.948	 2.17	 1	 -42.0340	  172.3655
2.949	 2.26	 1	 -42.1726	  173.7882
2.956	 2.79	 1	 -44.3819	  172.4508
2.958	 2.64	 1	 -42.5275	  172.7217
2.974	 2.76	 1	 -42.8717	  173.3466
2.975	 2.22	 1	 -41.8592	  172.9280
2.991	 2.29	 1	 -41.8114	  174.2907
2.993	 2.01	 1	 -42.5199	  173.1181
2.994	 2.71	 1	 -42.3976	  173.9691
2.994	 2.08	 1	 -42.4720	  172.7205
2.997	 3.05	 2	 -42.1362	  173.6510
2.998	 3.18	 1	 -41.7902	  174.4373
3.001	 2.44	 1	 -42.6677	  172.9681
3.002	 2.11	 1	 -41.6760	  174.4229
3.008	 2.41	 1	 -41.5696	  171.6479
3.008	 2.26	 1	 -41.9849	  172.9086
3.010	 2.25	 2	 -45.1647	  177.1111
3.011	 2.69	 1	 -41.7750	  174.1426
3.017	 2.33	 1	 -42.8945	  173.2426
3.022	 2.30	 1	 -42.5073	  171.7781
3.025	 2.13	 1	 -39.0845	  176.6733
3.031	 2.24	 1	 -41.8103	  174.2246
3.035	 2.22	 2	 -42.4720	  173.8022
3.035	 2.05	 1	 -42.2327	  173.5277
3.035	 2.49	 1	 -42.3636	  173.8337
3.038	 2.10	 1	 -40.4936	  173.7455
3.044	 2.26	 1	 -41.7240	  172.5370
3.053	 2.46	 1	 -42.2428	  173.7245
3.055	 2.72	 1	 -42.6751	  172.2529
3.059	 2.12	 1	 -42.4405	  173.4830
3.062	 2.31	 2	 -42.1060	  173.7100
3.063	 2.19	 1	 -42.1426	  174.1422
3.075	 3.42	 2	 -41.7455	  174.2816
3.078	 2.13	 1	 -41.9021	  171.6613
3.083	 2.83	 2	 -41.7131	  174.3738
3.086	 2.89	 1	 -42.2036	  173.7266
3.092	 2.12	 1	 -43.2099	  174.4300
3.095	 3.24	 1	 -42.7340	  172.6414
3.098	 2.14	 1	 -41.8500	  173.9070
3.101	 2.06	 1	 -42.0127	  175.2483
3.101	 2.07	 2	 -38.3024	  170.9747
3.101	 2.32	 1	 -43.5527	  172.7992
3.103	 2.05	 1	 -42.7189	  172.8145
3.104	 2.51	 1	 -44.9405	  172.3398
3.110	 2.74	 1	 -41.8796	  174.4946
3.122	 2.31	 1	 -42.4137	  173.7891
3.125	 2.29	 1	 -41.3877	  174.5303
3.137	 2.46	 1	 -42.4558	  173.8733
3.139	 2.15	 1	 -42.6107	  173.0082
3.139	 3.59	 1	 -40.3385	  174.9711
3.148	 2.18	 1	 -42.8954	  173.3447
3.158	 2.37	 1	 -42.6340	  174.0156
3.160	 2.32	 1	 -43.8563	  176.0513
3.176	 3.34	 1	 -41.8993	  173.9583
3.178	 2.81	 1	 -42.3992	  173.7532
3.179	 2.44	 1	 -41.7448	  174.1694
3.187	 3.48	 1	 -42.0490	  172.4729
3.190	 2.30	 1	 -41.7199	  174.0956
3.195	 2.26	 1	 -42.3078	  172.7414
3.197	 3.50	 1	 -42.4681	  173.7444
3.198	 2.03	 1	 -41.7519	  174.2567
3.199	 2.38	 1	 -42.2367	  171.7512
3.212	 2.04	 1	 -42.5850	  173.8959
3.213	 2.33	 1	 -45.3916	  169.2791
3.213	 2.42	 1	 -41.6553	  174.3635
3.216	 2.34	 1	 -41.7647	  174.0946
3.228	 2.45	 1	 -45.4919	  177.1693
3.239	 2.73	 1	 -42.8648	  173.1220
3.240	 3.45	 1	 -42.4021	  174.0145
3.257	 2.26	 1	 -42.2924	  173.6916
3.260	 2.24	 1	 -44.6961	  167.5452
3.265	 2.25	 1	 -41.9646	  173.9446
3.269	 2.14	 1	 -41.6869	  174.1939
3.274	 2.08	 1	 -43.4522	  172.9634
3.276	 2.71	 1	 -41.8117	  174.1849
3.278	 2.32	 1	 -42.2442	  173.7383
3.285	 2.40	 1	 -42.3195	  172.8342
3.286	 2.03	 1	 -41.7536	  174.2443
3.291	 2.66	 1	 -45.4152	  176.2458
3.293	 2.03	 1	 -47.0890	  171.7385
3.300	 2.19	 1	 -42.6956	  174.3209
3.301	 2.66	 1	 -41.0327	  171.2041
3.302	 2.13	 1	 -46.2172	  174.6142
3.303	 2.26	 2	 -46.4164	  170.4439
3.312	 2.31	 1	 -42.5777	  172.6275
3.323	 3.88	 1	 -42.1529	  173.7142
3.332	 3.17	 1	 -42.4496	  173.4110
3.332	 3.49	 1	 -42.4976	  173.1695
3.332	 3.01	 1	 -42.1657	  173.8527
3.339	 2.17	 1	 -42.8824	  173.3938
3.352	 2.12	 1	 -41.8579	  171.7047
3.352	 2.36	 1	 -41.6859	  174.2395
3.353	 2.91	 1	 -41.7045	  174.2988
3.354	 2.31	 1	 -42.3473	  172.2643
3.367	 2.49	 1	 -42.8730	  173.1119
3.368	 3.78	 1	 -42.2966	  174.1345
3.369	 2.62	 1	 -42.1437	  173.4978
3.371	 2.13	 2	 -43.4523	  172.9637
3.378	 2.05	 1	 -43.1788	  172.8659
3.379	 2.90	 1	 -42.9610	  173.7015
3.407	 2.42	 1	 -41.7908	  174.2339
3.410	 2.86	 1	 -41.6642	  174.0404
3.411	 2.64	 1	 -43.5748	  172.5523
3.414	 2.04	 1	 -42.2286	  173.6766
3.425	 2.52	 1	 -41.7878	  174.8831
3.427	 2.25	 1	 -42.4456	  173.8826
3.428	 2.29	 2	 -42.5006	  173.1874
3.440	 2.51	 1	 -42.0309	  173.7878
3.443	 2.18	 1	 -42.4059	  176.2548
3.450	 3.33	 1	 -42.5749	  173.2017
3.458	 2.85	 1	 -41.7815	  174.1919
3.458	 2.23	 1	 -41.3744	  174.0259
3.458	 2.56	 1	 -43.2509	  173.4816
3.470	 2.34	 1	 -42.2212	  174.0826
3.479	 2.01	 1	 -43.4793	  174.5805
3.479	 2.38	 1	 -42.7320	  173.0178
3.496	 4.11	 1	 -41.7635	  173.1496
3.506	 2.97	 1	 -40.4780	  170.6020
3.511	 2.45	 1	 -42.4242	  173.0498
3.514	 2.04	 1	 -42.3201	  173.7541
3.522	 2.19	 1	 -42.3743	  174.3434
3.528	 2.22	 1	 -41.7645	  174.2414
3.539	 2.13	 1	 -41.9807	  173.5043
3.539	 2.17	 1	 -42.8041	  173.0669
3.548	 2.67	 1	 -41.7940	  172.9898
3.580	 3.28	 1	 -42.5239	  173.3747
3.583	 2.67	 1	 -42.3429	  173.5594
3.586	 2.96	 1	 -42.5670	  173.4413
3.588	 2.35	 1	 -42.1314	  172.9657
3.592	 2.17	 1	 -43.1353	  173.4337
3.598	 3.14	 1	 -42.8224	  173.1422
3.610	 2.38	 1	 -43.2345	  172.7998
3.625	 2.26	 1	 -42.1895	  171.8993
3.625	 3.76	 1	 -41.7851	  171.0111
3.633	 2.31	 1	 -42.4238	  173.7711
3.633	 2.39	 1	 -41.8570	  174.2201
3.639	 2.13	 1	 -42.0144	  173.7753
3.640	 2.11	 1	 -41.5765	  169.2520
3.640	 2.78	 1	 -45.9726	  168.8374
3.645	 2.40	 1	 -41.7590	  174.2144
3.654	 3.10	 1	 -41.5408	  174.5270
3.654	 2.23	 1	 -42.2335	  173.8377
3.669	 2.70	 1	 -42.0133	  173.7528
3.681	 2.56	 2	 -41.7290	  174.2249
3.706	 2.25	 1	 -42.7302	  172.7428
3.707	 2.69	 2	 -42.5338	  172.4100
3.719	 3.23	 1	 -41.8042	  174.0337
3.735	 2.28	 1	 -41.8577	  174.2368
3.738	 2.75	 1	 -41.7959	  174.2017
3.766	 2.09	 1	 -42.2759	  173.9522
3.770	 2.50	 1	 -42.2463	  173.6432
3.773	 2.20	 1	 -42.3194	  174.0285
3.780	 4.03	 1	 -42.3178	  173.5551
3.780	 2.08	 1	 -41.9764	  174.3255
3.783	 2.40	 1	 -43.2134	  172.2598
3.786	 2.12	 1	 -42.5135	  173.3981
3.794	 2.99	 1	 -41.9111	  174.0412
3.804	 2.61	 1	 -41.3723	  172.6571
3.808	 2.40	 1	 -42.9022	  173.1644
3.821	 2.54	 1	 -42.0491	  173.7790
3.836	 2.16	 1	 -42.1935	  173.7251
3.847	 2.13	 1	 -41.6110	  174.3169
3.848	 2.24	 1	 -42.2767	  173.6720
3.849	 2.20	 1	 -42.4975	  173.1957
3.858	 2.23	 1	 -42.1937	  173.5700
3.872	 3.24	 1	 -41.8332	  174.1757
3.888	 2.12	 2	 -41.8089	  174.0414
3.901	 2.22	 1	 -42.2490	  173.7044
3.903	 2.05	 1	 -43.5754	  170.1959
3.903	 2.66	 2	 -42.0546	  174.0489
3.907	 2.01	 1	 -41.8236	  174.2584
3.921	 2.01	 1	 -42.6254	  173.4972
3.927	 2.52	 1	 -42.3398	  173.6944
3.934	 2.07	 1	 -41.9879	  173.7487
3.943	 2.33	 1	 -43.0080	  173.0984
3.956	 2.35	 1	 -42.6126	  173.4467
3.960	 2.15	 1	 -42.2165	  173.0104
3.979	 3.15	 1	 -40.8440	  175.2622
3.980	 2.10	 1	 -43.6987	  173.5740
3.982	 2.24	 1	 -41.6951	  174.2149
3.984	 2.60	 1	 -42.1776	  173.5262
3.986	 2.08	 1	 -43.2324	  173.3426
3.998	 2.66	 1	 -42.2573	  173.6890
4.009	 2.01	 1	 -42.0321	  173.7618
4.012	 2.08	 1	 -42.6264	  173.0982
4.012	 2.02	 1	 -42.3801	  173.6613
4.013	 2.11	 1	 -40.7871	  176.3455
4.017	 2.08	 1	 -41.4877	  173.7738
4.021	 2.15	 1	 -42.5494	  173.2157
4.027	 3.01	 1	 -41.8589	  173.9553
4.029	 2.71	 1	 -42.3876	  173.0743
4.046	 2.30	 1	 -42.2716	  173.5511
4.048	 2.76	 1	 -42.6514	  172.9910
4.048	 2.60	 1	 -43.1574	  173.1651
4.056	 2.67	 2	 -42.1660	  173.9480
4.073	 3.12	 1	 -43.0340	  173.1554
4.078	 2.61	 1	 -39.8088	  169.3778
4.090	 2.02	 1	 -42.0043	  173.5509
4.092	 2.86	 1	 -42.4133	  173.3196
4.102	 2.37	 1	 -42.1549	  173.5687
4.104	 2.02	 1	 -42.1477	  173.6163
4.116	 2.02	 2	 -41.7367	  174.3570
4.118	 2.05	 1	 -42.5344	  173.1703
4.119	 2.56	 1	 -42.3043	  173.7181
4.119	 2.38	 1	 -41.6970	  173.6965
4.119	 2.16	 1	 -41.7992	  174.1880
4.124	 2.49	 1	 -41.8310	  174.5844
4.132	 2.06	 1	 -42.8356	  172.8870
4.150	 4.52	 1	 -42.6792	  173.3651
4.150	 2.27	 1	 -42.6529	  172.7829
4.154	 2.24	 1	 -41.7687	  174.2219
4.155	 2.71	 1	 -42.1227	  173.8300
4.157	 2.12	 2	 -41.4932	  174.4810
4.157	 2.24	 1	 -43.6276	  171.2901
4.163	 2.53	 1	 -41.6260	  174.3454
4.163	 2.25	 1	 -42.2349	  173.5530
4.167	 2.09	 1	 -42.1347	  173.6837
4.183	 2.03	 2	 -41.5403	  174.5241
4.186	 2.21	 1	 -41.9502	  174.0429
4.188	 2.42	 1	 -42.8746	  173.8329
4.189	 2.22	 1	 -41.4556	  174.3544
4.190	 2.42	 1	 -43.9658	  171.8812
4.192	 2.82	 1	 -41.6325	  174.0768
4.198	 3.27	 1	 -42.2537	  173.5310
4.204	 2.30	 1	 -42.2993	  173.4736
4.222	 2.26	 1	 -42.7071	  172.9339
4.229	 2.09	 3	 -41.8863	  174.6337
4.237	 2.30	 1	 -41.7940	  174.2127
4.255	 2.25	 1	 -41.6663	  174.2802
4.266	 3.69	 1	 -41.8325	  173.6589
4.267	 2.39	 1	 -42.9086	  173.5997
4.273	 2.03	 1	 -42.5523	  172.9990
4.280	 2.58	 1	 -42.6761	  172.8667
4.292	 2.20	 1	 -41.7778	  174.2386
4.302	 2.20	 2	 -42.5372	  173.1651
4.311	 2.42	 1	 -40.7423	  170.6831
4.316	 2.12	 1	 -42.1003	  170.8043
4.319	 2.78	 1	 -42.7054	  172.9934
4.321	 2.19	 1	 -42.4622	  173.4371
4.343	 2.08	 1	 -42.2711	  173.9255
4.350	 2.30	 1	 -42.0235	  174.6777
4.350	 2.52	 1	 -43.6612	  167.0480
4.363	 2.55	 1	 -42.3907	  173.5588
4.371	 4.15	 1	 -42.5575	  172.5266
4.379	 2.28	 1	 -42.0468	  173.6629
4.391	 2.62	 1	 -42.1903	  173.6788
4.398	 2.15	 1	 -42.7042	  173.7097
4.400	 2.01	 2	 -42.2585	  173.3257
4.400	 2.26	 1	 -42.5793	  172.9127
4.423	 2.73	 2	 -42.5811	  172.5287
4.428	 2.18	 1	 -42.5657	  172.9873
4.428	 2.31	 1	 -42.1993	  173.3897
4.436	 2.17	 1	 -42.2832	  173.5167
4.447	 2.39	 1	 -42.8974	  173.1765
4.453	 2.08	 1	 -42.5505	  173.1761
4.458	 2.13	 1	 -42.1475	  173.5893
4.458	 2.36	 1	 -42.8341	  172.4017
4.466	 2.99	 1	 -42.1156	  172.6925
4.468	 2.15	 1	 -41.7251	  174.2132
4.471	 2.22	 1	 -42.5572	  172.3940
4.473	 2.97	 1	 -42.4780	  172.7093
4.481	 2.89	 1	 -42.6486	  172.9984
4.484	 2.46	 1	 -42.2540	  173.8776
4.496	 2.53	 1	 -42.3510	  173.6560
4.509	 2.01	 1	 -41.9286	  173.9794
4.514	 2.22	 2	 -42.6651	  173.3948
4.515	 2.56	 1	 -43.6392	  172.6120
4.519	 2.03	 1	 -42.3023	  173.9251
4.521	 2.93	 1	 -41.7705	  171.3248
4.538	 2.10	 1	 -42.1012	  172.9109
4.559	 2.38	 1	 -42.4610	  172.6203
4.563	 2.60	 1	 -42.7600	  172.7993
4.564	 2.84	 1	 -42.3994	  173.7323
4.568	 2.10	 1	 -42.2124	  173.6178
4.571	 2.01	 1	 -42.5792	  172.9911
4.584	 2.01	 2	 -42.6999	  173.3244
4.584	 2.07	 1	 -42.4141	  173.8559
4.587	 2.09	 1	 -42.8841	  173.5684
4.592	 2.29	 1	 -43.2863	  172.7958
4.596	 3.14	 1	 -41.6585	  174.3250
4.599	 3.48	 1	 -42.5694	  172.8115
4.608	 2.00	 1	 -41.7540	  174.3530
4.621	 2.52	 1	 -41.6967	  174.2272
4.642	 2.11	 1	 -42.3235	  173.8576
4.645	 2.68	 1	 -41.9176	  174.0333
4.646	 2.17	 1	 -42.1461	  173.6032
4.650	 3.24	 1	 -47.1460	  172.1770
4.650	 2.12	 1	 -42.3216	  173.7705
4.656	 2.25	 1	 -43.5742	  173.2316
4.659	 2.07	 1	 -42.5790	  173.0895
4.665	 2.52	 1	 -42.1745	  173.7003
4.675	 2.07	 1	 -42.7330	  171.9708
4.684	 2.08	 1	 -42.5819	  173.2427
4.690	 2.13	 1	 -42.2722	  173.0057
4.691	 2.06	 1	 -43.1250	  171.8293
4.691	 2.07	 1	 -42.9431	  173.2093
4.692	 2.01	 1	 -42.4861	  173.2065
4.701	 2.07	 1	 -41.7959	  174.2197
4.702	 3.89	 1	 -42.3042	  173.6567
4.704	 2.06	 1	 -41.7265	  174.1783
4.722	 2.28	 1	 -42.6360	  172.7167
4.734	 2.58	 1	 -42.5741	  172.2589
4.738	 2.28	 1	 -42.2351	  173.2832
4.743	 2.76	 1	 -41.7657	  174.2722
4.743	 2.41	 1	 -41.7095	  174.1803
4.751	 2.08	 1	 -42.2020	  173.7483
4.764	 2.37	 1	 -42.9541	  172.9902
4.776	 2.13	 1	 -43.1689	  172.9021
4.778	 2.50	 1	 -41.5947	  167.0895
4.801	 2.30	 1	 -41.8276	  174.3571
4.802	 2.24	 1	 -42.1153	  172.8580
4.805	 2.14	 1	 -41.0297	  171.1776
4.806	 3.88	 1	 -41.8400	  174.2275
4.807	 2.11	 1	 -42.3434	  173.9827
4.809	 2.07	 1	 -42.0800	  173.7872
4.813	 2.41	 1	 -42.1963	  173.5394
4.833	 2.23	 1	 -42.1911	  173.6963
4.837	 4.01	 1	 -42.6777	  173.5128
4.866	 3.06	 1	 -42.8110	  172.4996
4.880	 2.06	 1	 -42.3610	  173.5782
4.884	 3.04	 1	 -42.7346	  175.4065
4.886	 2.79	 1	 -41.4721	  171.7013
4.898	 2.24	 1	 -42.9985	  172.4723
4.898	 2.36	 1	 -42.1597	  173.8281
4.932	 2.02	 1	 -41.7197	  174.3122
4.950	 2.02	 3	 -42.9518	  173.0112
4.955	 2.62	 1	 -42.6155	  173.1658
4.961	 2.11	 1	 -42.7042	  172.8460
4.962	 2.04	 1	 -42.2911	  173.8731
4.978	 3.12	 1	 -42.4298	  173.7960
4.992	 2.41	 1	 -42.2952	  174.0905
5.003	 2.69	 1	 -43.4381	  172.4493
5.004	 2.55	 1	 -42.7712	  172.7652
5.004	 3.49	 1	 -42.9277	  172.6943
5.008	 3.37	 1	 -42.2369	  173.7973
5.038	 2.37	 1	 -41.7937	  174.2207
5.052	 2.32	 1	 -41.7179	  174.2018
5.053	 2.11	 1	 -42.9374	  172.6334
5.055	 2.06	 1	 -42.4649	  173.2120
5.072	 2.00	 1	 -42.1342	  173.5444
5.087	 2.26	 3	 -42.8187	  172.1607
5.088	 2.15	 1	 -42.1109	  173.8267
5.093	 2.37	 1	 -42.4782	  172.1801
5.109	 2.26	 2	 -46.3909	  170.3956
5.119	 2.02	 1	 -42.2633	  173.3646
5.125	 2.19	 1	 -42.2427	  173.4894
5.136	 2.17	 1	 -41.7191	  174.2684
5.143	 2.32	 1	 -42.7524	  172.7074
5.155	 2.49	 1	 -42.0854	  173.7353
5.155	 2.10	 1	 -41.9748	  173.7368
5.173	 2.98	 1	 -41.7657	  172.2907
5.191	 2.12	 1	 -42.0625	  173.3085
5.207	 2.18	 1	 -43.1691	  172.7498
5.220	 2.15	 2	 -43.4328	  172.4109
5.220	 2.17	 1	 -42.3250	  174.0610
5.230	 2.03	 2	 -42.2573	  174.0754
5.239	 2.07	 1	 -42.2335	  172.5218
5.239	 2.68	 1	 -42.1445	  173.6804
5.241	 2.29	 1	 -42.4299	  173.7859
5.249	 2.17	 1	 -42.5372	  173.7072
5.259	 2.32	 1	 -41.3955	  171.2205
5.259	 2.73	 1	 -42.3450	  172.9679
5.277	 2.53	 1	 -42.9349	  172.3254
5.280	 2.24	 1	 -42.8883	  172.4133
5.303	 2.26	 1	 -42.1297	  174.1776
5.305	 2.08	 1	 -41.6548	  174.3769
5.315	 2.27	 1	 -42.5294	  173.2422
5.329	 2.98	 1	 -42.8063	  173.1006
5.331	 2.96	 1	 -42.7713	  172.8882
5.351	 2.28	 1	 -41.7377	  174.2974
5.365	 3.07	 1	 -43.9545	  174.2393
5.367	 2.07	 1	 -42.8288	  173.4691
5.369	 2.59	 1	 -42.1768	  173.6508
5.375	 2.24	 1	 -42.5861	  173.0687
5.390	 2.92	 1	 -41.6663	  174.2998
5.400	 2.02	 1	 -42.2816	  174.2122
5.418	 2.14	 1	 -42.0449	  173.8323
5.432	 2.07	 2	 -37.9851	  176.4178
5.440	 2.43	 1	 -42.0593	  173.6626
5.489	 3.19	 1	 -42.3198	  173.6324
5.495	 2.04	 1	 -42.7506	  173.7684
5.527	 2.75	 1	 -42.3025	  174.0386
5.543	 3.77	 1	 -42.5407	  173.0896
5.547	 2.51	 1	 -42.2886	  173.6539
5.565	 2.25	 1	 -42.2662	  172.9374
5.566	 2.01	 1	 -41.6756	  178.9814
5.566	 2.91	 1	 -43.0488	  173.6351
5.570	 2.93	 1	 -42.6659	  173.9671
5.582	 2.05	 2	 -42.5178	  172.8745
5.585	 2.23	 1	 -42.5115	  173.3872
5.588	 2.33	 1	 -42.1717	  173.6972
5.597	 2.52	 1	 -42.5675	  173.8657
5.612	 2.04	 1	 -42.1693	  173.8122
5.612	 2.18	 1	 -42.3617	  173.9519
5.620	 2.64	 1	 -41.7448	  174.0307
5.642	 2.02	 1	 -42.6435	  173.9079
5.650	 2.32	 2	 -42.3152	  173.3008
5.650	 2.36	 1	 -42.2398	  173.5890
5.665	 3.85	 1	 -44.6031	  175.6953
5.673	 2.18	 1	 -42.4470	  172.5780
5.680	 3.21	 1	 -42.3153	  173.4016
5.680	 2.10	 1	 -42.8368	  172.8786
5.687	 3.00	 1	 -41.7891	  173.7378
5.692	 2.21	 1	 -42.2885	  173.6387
5.710	 2.25	 1	 -42.4080	  172.8859
5.714	 2.59	 1	 -47.0373	  174.5984
5.717	 2.04	 1	 -41.6944	  174.1780
5.719	 2.90	 1	 -41.8214	  174.6519
5.721	 2.24	 1	 -42.6072	  172.9537
5.721	 2.15	 1	 -42.3115	  174.1437
5.741	 2.45	 1	 -42.0495	  173.6888
5.743	 2.18	 1	 -42.3983	  173.4910
5.744	 2.68	 1	 -41.8969	  174.3966
5.748	 2.00	 1	 -42.1867	  173.2727
5.779	 2.05	 1	 -42.9898	  174.0408
5.780	 2.34	 1	 -42.3207	  173.3896
5.782	 2.11	 1	 -42.5921	  172.7377
5.784	 2.53	 1	 -42.5359	  173.1135
5.789	 2.36	 1	 -42.2645	  173.6406
5.796	 2.37	 1	 -46.9098	  175.1447
5.814	 2.07	 1	 -43.0575	  173.4278
5.815	 2.49	 2	 -41.7760	  174.2967
5.817	 2.95	 1	 -42.9616	  173.1755
5.831	 2.05	 1	 -42.0450	  173.7836
5.833	 2.46	 1	 -42.4582	  173.7773
5.835	 2.06	 1	 -43.3694	  171.7223
5.838	 2.34	 1	 -41.9623	  173.9595
5.855	 2.15	 1	 -42.2975	  173.4979
5.882	 2.44	 1	 -42.3045	  173.8524
5.887	 2.32	 2	 -42.5895	  173.4341
5.896	 2.15	 1	 -42.2971	  173.7168
5.903	 2.02	 1	 -42.6538	  172.8851
5.918	 2.40	 1	 -44.1909	  170.3269
5.925	 2.33	 1	 -42.7550	  172.1100
5.945	 2.19	 1	 -42.8867	  173.6909
5.960	 2.86	 1	 -42.3435	  173.4118
5.961	 2.26	 1	 -43.5117	  167.0067
5.995	 2.28	 1	 -42.4383	  173.7523
5.995	 2.01	 2	 -47.0706	  171.1991
6.005	 2.22	 1	 -42.3035	  173.5016
6.021	 2.43	 3	 -42.9190	  173.0136
6.026	 2.24	 1	 -41.8642	  174.2234
6.027	 2.15	 2	 -41.8683	  174.2181
6.030	 2.45	 1	 -42.0698	  173.7756
6.036	 2.10	 1	 -43.4463	  174.9305
6.036	 2.02	 1	 -42.7699	  173.0345
6.042	 2.11	 1	 -41.7214	  174.2397
6.049	 2.12	 1	 -41.7316	  174.2826
6.061	 2.70	 1	 -43.6737	  172.0147
6.069	 2.21	 1	 -42.8743	  172.2948
6.077	 2.03	 1	 -41.6617	  172.9603
6.094	 2.09	 1	 -42.3530	  172.3274
6.103	 2.77	 1	 -43.5038	  179.0396
6.128	 2.16	 1	 -41.7505	  174.0471
6.129	 3.73	 1	 -42.6375	  173.3879
6.145	 2.43	 1	 -42.2136	  169.3610
6.146	 2.19	 1	 -42.7562	  172.3168
6.154	 2.96	 1	 -41.9751	  172.8687
6.170	 2.15	 1	 -42.0599	  173.5914
6.174	 2.38	 1	 -42.6935	  172.2543
6.221	 2.10	 1	 -41.7700	  174.2040
6.228	 2.03	 1	 -41.9435	  173.7138
6.233	 2.46	 1	 -43.3091	  176.5587
6.238	 2.04	 1	 -42.1029	  173.5718
6.250	 3.13	 1	 -43.6181	  172.2728
6.288	 2.14	 1	 -43.3450	  171.6947
6.288	 3.39	 1	 -41.7190	  174.1981
6.310	 2.56	 1	 -41.5381	  173.9629
6.320	 2.28	 1	 -42.0089	  173.7967
6.323	 2.35	 1	 -43.3804	  174.6167
6.329	 2.21	 1	 -41.2911	  169.3481
6.342	 2.62	 1	 -42.7867	  174.5510
6.345	 2.99	 1	 -43.2868	  171.3642
6.348	 2.45	 2	 -42.8695	  173.9796
6.356	 2.65	 1	 -42.1984	  171.5877
6.362	 2.54	 1	 -42.4267	  173.2328
6.386	 2.70	 1	 -43.4512	  171.5449
6.409	 2.32	 1	 -42.4142	  173.8256
6.416	 3.55	 1	 -42.5350	  173.6090
6.429	 2.71	 1	 -41.9240	  174.0209
6.431	 2.03	 1	 -42.2003	  172.7594
6.434	 2.29	 2	 -41.6324	  174.0971
6.434	 2.62	 1	 -41.7367	  174.1752
6.448	 2.26	 1	 -43.0343	  173.3869
6.449	 2.05	 1	 -41.8241	  174.0363
6.451	 2.17	 1	 -42.0438	  173.6232
6.455	 2.77	 1	 -42.2888	  172.4799
6.479	 2.39	 1	 -43.2016	  173.4747
6.493	 2.27	 1	 -42.0527	  173.6714
6.543	 2.23	 1	 -41.7752	  174.3468
6.554	 2.49	 1	 -42.4391	  173.7083
6.559	 3.23	 1	 -42.2869	  173.6669
6.560	 2.18	 1	 -42.6423	  172.1593
6.569	 2.23	 1	 -41.7864	  174.0612
6.576	 2.11	 1	 -41.3744	  174.8497
6.582	 2.42	 1	 -40.9602	  167.3766
6.589	 2.05	 1	 -42.2715	  173.6326
6.590	 2.88	 1	 -42.1576	  173.8603
6.590	 2.10	 1	 -42.5159	  173.5798
6.592	 2.49	 1	 -41.6802	  173.8092
6.628	 2.47	 2	 -41.7010	  174.4904
6.634	 2.39	 1	 -41.4486	  175.2058
6.653	 2.23	 1	 -44.2086	  172.8350
6.696	 2.02	 1	 -42.0022	  173.9564
6.699	 2.54	 1	 -43.3929	  173.4205
6.714	 2.17	 1	 -43.1726	  173.0651
6.717	 3.35	 1	 -42.4456	  173.3596
6.737	 2.35	 1	 -41.7356	  174.1749
6.741	 2.68	 1	 -46.0799	  172.2337
6.741	 2.19	 1	 -42.3974	  173.9110
6.761	 3.80	 1	 -41.7196	  174.2890
6.765	 2.19	 1	 -41.8431	  172.9470
6.769	 2.03	 1	 -41.8394	  174.4154
6.771	 2.22	 1	 -44.5123	  170.9845
6.835	 2.26	 1	 -42.5452	  173.9456
6.847	 2.11	 1	 -45.2593	  173.1829
6.847	 2.29	 1	 -41.6795	  174.1898
6.854	 4.92	 1	 -43.1998	  172.7332
6.862	 2.01	 1	 -42.5281	  173.1919
6.862	 2.25	 1	 -41.8949	  173.1615
6.863	 2.12	 1	 -42.3348	  173.7046
6.870	 2.60	 1	 -42.0419	  173.4605
6.898	 2.07	 1	 -42.6141	  171.6052
6.927	 2.28	 1	 -42.0382	  173.6628
6.963	 2.26	 1	 -42.3423	  173.5439
6.964	 2.84	 1	 -43.6530	  173.5857
6.993	 2.26	 2	 -43.1436	  172.7642
7.008	 2.07	 2	 -42.8219	  172.5139
7.041	 2.11	 1	 -42.2632	  173.5505
7.050	 2.15	 1	 -41.6854	  174.3263
7.068	 2.18	 1	 -44.1228	  175.0657
7.119	 4.20	 1	 -41.9630	  174.0809
7.122	 2.05	 1	 -42.7852	  172.3558
7.132	 2.08	 2	 -41.9422	  174.0751
7.136	 2.17	 1	 -43.9474	  172.3530
7.146	 2.06	 2	 -43.1867	  172.7066
7.159	 2.44	 1	 -44.8359	  174.3338
7.176	 2.50	 1	 -42.6290	  172.9606
7.210	 2.23	 2	 -42.4141	  173.8245
7.214	 2.25	 2	 -41.9801	  172.9118
7.216	 2.16	 1	 -46.8006	  175.5100
7.216	 2.38	 1	 -43.1551	  172.7673
7.249	 2.51	 1	 -43.0424	  172.9122
7.255	 2.51	 2	 -42.3161	  173.3875
7.263	 2.04	 1	 -41.7474	  174.2220
7.264	 2.13	 1	 -43.2218	  172.2386
7.281	 2.38	 1	 -41.7020	  174.2299
7.284	 2.30	 1	 -41.8077	  174.2580
7.288	 2.49	 1	 -42.0793	  174.0007
7.297	 2.35	 1	 -41.7909	  174.1960
7.312	 2.07	 1	 -42.6513	  172.8893
7.316	 2.21	 1	 -41.8222	  173.9243
7.328	 2.25	 1	 -42.3677	  173.6951
7.333	 2.82	 1	 -42.7171	  174.0576
7.336	 3.40	 1	 -42.9061	  172.7820
7.338	 2.46	 2	 -42.5789	  172.9126
7.339	 2.08	 1	 -42.2608	  173.7394
7.344	 2.57	 1	 -42.3039	  172.3599
7.360	 2.70	 2	 -42.5007	  173.7509
7.380	 2.09	 1	 -42.2882	  174.1178
7.393	 2.60	 1	 -42.5887	  172.7827
7.397	 2.42	 1	 -43.0312	  172.2265
7.405	 3.06	 1	 -41.7431	  174.3126
7.417	 2.20	 1	 -43.6451	  173.7300
7.459	 2.20	 1	 -38.3885	  170.1183
7.468	 2.27	 1	 -42.3152	  166.9259
7.491	 2.97	 1	 -41.8028	  174.7687
7.493	 2.84	 1	 -41.8626	  173.9733
7.496	 2.15	 1	 -41.7084	  174.2711
7.525	 2.35	 1	 -42.7025	  170.7220
7.556	 2.13	 1	 -39.0210	  170.8851
7.562	 2.51	 1	 -41.4266	  176.1148
7.562	 2.02	 1	 -42.5575	  173.0898
7.584	 2.35	 1	 -42.7776	  173.3783
7.592	 2.50	 1	 -41.4374	  176.0591
7.601	 2.49	 1	 -41.7174	  174.3291
7.655	 3.13	 1	 -42.9235	  173.5606
7.670	 2.27	 1	 -41.7144	  174.2048
7.682	 2.09	 1	 -41.5436	  173.8170
7.688	 2.18	 1	 -42.1429	  173.5427
7.698	 2.02	 3	 -42.8934	  172.9985
7.705	 2.11	 1	 -42.6104	  173.0928
7.724	 2.09	 1	 -42.8526	  172.6040
7.727	 2.15	 1	 -42.6091	  172.3352
7.735	 2.40	 1	 -42.3336	  173.3574
7.754	 2.21	 1	 -42.5829	  172.9294
7.757	 3.51	 1	 -42.0222	  172.1895
7.772	 3.23	 1	 -42.7300	  172.4262
7.819	 2.50	 1	 -41.9191	  173.7135
7.828	 2.10	 1	 -43.3158	  170.2141
7.835	 2.45	 1	 -42.3444	  173.7537
7.848	 2.20	 2	 -42.7519	  172.4180
7.851	 2.57	 1	 -43.0524	  173.7399
7.877	 2.07	 1	 -42.4968	  173.7478
7.886	 2.03	 1	 -42.0402	  173.9976
7.908	 2.89	 1	 -42.7149	  172.9191
7.926	 2.17	 1	 -42.7117	  173.5535
7.928	 3.43	 1	 -42.3388	  173.0904
7.932	 2.20	 1	 -42.6432	  172.9766
7.933	 2.00	 1	 -43.3403	  171.4161
7.940	 2.10	 1	 -42.5342	  172.9510
7.956	 2.01	 1	 -42.0957	  173.5337
7.961	 2.42	 1	 -41.7921	  174.2075
7.971	 2.18	 1	 -42.5538	  172.4750
7.990	 2.07	 1	 -42.1517	  173.6935
7.992	 2.19	 1	 -43.5637	  171.7414
8.000	 2.23	 1	 -42.0192	  174.7538
8.006	 2.85	 3	 -42.8907	  173.0458
8.010	 2.33	 1	 -42.1504	  173.4431
8.011	 2.09	 1	 -42.6047	  172.6952
8.015	 2.29	 1	 -41.6210	  170.0829
8.025	 2.31	 1	 -42.3717	  173.6999
8.032	 2.14	 1	 -43.4577	  172.5956
8.035	 2.36	 1	 -42.5253	  173.8701
8.055	 2.84	 1	 -43.6547	  176.4246
8.059	 3.17	 1	 -43.7292	  172.2521
8.066	 2.41	 1	 -42.8584	  173.2321
8.088	 2.85	 1	 -42.5336	  172.5341
8.089	 2.18	 1	 -42.7512	  174.0639
8.101	 2.04	 1	 -42.5155	  173.7997
8.103	 2.66	 1	 -41.6466	  174.1373
8.117	 2.57	 1	 -42.2297	  173.7463
8.134	 2.81	 1	 -42.8417	  173.0340
8.186	 2.78	 1	 -42.9140	  172.0792
8.208	 3.42	 1	 -41.8234	  174.3015
8.221	 2.43	 1	 -42.2187	  174.3524
8.227	 2.34	 2	 -41.9213	  173.7148
8.250	 2.09	 1	 -42.3536	  174.0105
8.275	 3.51	 1	 -43.5091	  168.4361
8.283	 3.53	 1	 -41.8604	  174.2973
8.371	 3.62	 1	 -41.7904	  174.1461
8.391	 2.25	 1	 -43.0306	  173.7265
8.438	 2.23	 1	 -42.8047	  173.2753
8.469	 2.84	 1	 -41.7299	  174.3141
8.483	 2.55	 1	 -43.0165	  172.7666
8.516	 4.91	 1	 -42.2911	  173.7883
8.518	 3.15	 1	 -40.8307	  171.4811
8.544	 2.51	 1	 -42.9202	  172.0001
8.549	 2.68	 1	 -42.2008	  173.5622
8.578	 2.91	 1	 -39.4681	  171.2157
8.615	 2.25	 1	 -42.0101	  173.4411
8.622	 2.59	 1	 -42.3414	  171.7490
8.638	 3.15	 1	 -43.7691	  174.0348
8.640	 2.27	 1	 -41.6925	  174.2694
8.656	 2.22	 1	 -41.8160	  172.9226
8.663	 2.33	 1	 -41.9861	  173.6427
8.686	 2.36	 1	 -42.3635	  173.4032
8.687	 2.07	 1	 -42.2107	  173.2100
8.701	 2.02	 2	 -42.3096	  173.8331
8.710	 3.14	 1	 -42.8944	  172.6845
8.718	 2.06	 1	 -44.2642	  172.2890
8.736	 3.00	 1	 -41.7782	  174.1738
8.744	 2.35	 1	 -42.8148	  166.9993
8.749	 2.29	 1	 -42.0051	  173.5937
8.752	 2.54	 1	 -42.6097	  173.4264
8.759	 2.20	 1	 -42.6442	  173.2144
8.776	 2.97	 1	 -42.4142	  173.8487
8.786	 2.89	 1	 -42.2652	  173.6024
8.796	 2.60	 1	 -41.8562	  174.1339
8.799	 2.84	 2	 -41.9601	  173.7581
8.823	 3.18	 1	 -42.4296	  173.3605
8.825	 2.48	 1	 -41.6976	  173.3270
8.827	 2.39	 2	 -42.5979	  172.4164
8.834	 2.27	 1	 -42.3447	  173.9022
8.834	 2.85	 1	 -42.3817	  173.9800
8.835	 2.75	 1	 -42.2710	  173.4127
8.836	 2.19	 1	 -42.5907	  172.4680
8.882	 2.21	 1	 -46.5887	  176.0763
8.889	 2.42	 1	 -42.0791	  172.5891
8.906	 2.26	 1	 -42.9712	  172.7704
8.932	 2.07	 2	 -43.1053	  172.7074
8.937	 2.24	 2	 -42.5365	  173.0788
8.948	 2.43	 1	 -41.7640	  174.2279
8.949	 2.40	 1	 -42.2748	  173.5732
8.951	 2.65	 1	 -42.4034	  173.0350
8.953	 2.41	 2	 -43.0256	  173.4305
8.960	 2.45	 1	 -42.3193	  173.9480
8.975	 2.65	 1	 -42.1284	  173.9906
8.982	 2.07	 1	 -42.6650	  172.7740
8.984	 2.17	 1	 -42.1439	  173.8502
9.003	 2.18	 2	 -42.8896	  173.2076
9.015	 3.11	 1	 -42.2857	  172.5258
9.024	 2.31	 1	 -43.0033	  174.4946
9.035	 3.40	 1	 -41.7704	  174.1844
9.051	 2.48	 1	 -42.6774	  172.8138
9.068	 2.44	 1	 -42.8882	  173.6460
9.069	 3.84	 1	 -43.7440	  174.1824
9.069	 2.34	 2	 -41.8293	  174.1819
9.077	 2.59	 1	 -42.2914	  173.6431
9.082	 2.02	 1	 -41.9810	  174.5163
9.126	 2.01	 1	 -42.9178	  173.0721
9.137	 2.28	 1	 -46.1277	  169.7779
9.164	 2.22	 1	 -42.3174	  173.7767
9.165	 2.45	 1	 -43.3751	  172.9626
9.188	 2.09	 2	 -42.3022	  173.8919
9.193	 3.41	 2	 -41.8488	  174.2561
9.220	 2.00	 1	 -43.6200	  173.3191
9.237	 2.32	 1	 -43.1315	  174.2656
9.245	 2.12	 1	 -41.8067	  173.7166
9.292	 2.13	 1	 -42.5072	  175.0089
9.296	 2.38	 2	 -43.2028	  172.7489
9.310	 2.07	 1	 -41.7328	  174.2123
9.318	 2.21	 2	 -41.6630	  174.4359
9.325	 2.08	 2	 -42.2960	  173.7856
9.328	 2.57	 1	 -42.3570	  173.0984
9.342	 2.60	 1	 -42.7136	  172.7889
9.356	 2.02	 1	 -40.5741	  178.4185
9.357	 2.02	 1	 -42.2688	  173.7051
9.359	 2.38	 2	 -43.1908	  172.7239
9.374	 2.21	 1	 -42.0822	  172.8813
9.440	 2.10	 1	 -42.3799	  173.7395
9.458	 2.20	 1	 -41.6357	  174.1042
9.503	 2.11	 1	 -42.7755	  173.1318
9.505	 4.05	 1	 -42.5936	  172.9067
9.544	 2.91	 1	 -42.0598	  173.6136
9.567	 2.12	 1	 -42.3247	  173.4612
9.567	 2.18	 1	 -39.3497	  177.1139
9.578	 2.21	 1	 -42.7757	  174.2370
9.602	 2.61	 1	 -42.2420	  173.7582
9.644	 2.13	 1	 -41.7422	  174.3069
9.649	 2.47	 1	 -41.9824	  174.5286
9.693	 2.01	 1	 -41.8180	  173.6170
9.709	 2.60	 1	 -41.7168	  174.1521
9.728	 2.02	 1	 -42.5934	  173.1264
9.742	 2.31	 1	 -41.9059	  173.8903
9.750	 2.65	 1	 -42.6914	  172.7373
9.767	 3.48	 1	 -42.5413	  172.5392
9.769	 2.55	 1	 -41.7748	  174.2412
9.772	 2.20	 1	 -42.2459	  173.4669
9.779	 2.16	 1	 -42.0456	  173.7017
9.788	 2.22	 1	 -43.4375	  173.5375
9.807	 2.84	 1	 -41.7184	  174.2314
9.815	 2.91	 1	 -42.0113	  173.4330
9.822	 2.60	 1	 -42.6601	  173.1014
9.838	 2.14	 1	 -41.8097	  174.1918
9.889	 2.72	 1	 -42.5273	  173.1844
9.931	 2.38	 1	 -43.1640	  173.3303
9.941	 2.30	 1	 -42.4124	  172.8848
9.958	 4.14	 1	 -42.5166	  172.4743
10.002	 2.48	 1	 -42.6983	  174.2696
10.045	 2.04	 1	 -41.6838	  174.1831
10.048	 2.15	 1	 -41.9853	  173.6829
10.051	 2.98	 1	 -42.6132	  173.4128
10.059	 2.41	 1	 -42.4402	  173.6943
10.061	 2.22	 1	 -42.6039	  172.8565
10.076	 2.14	 2	 -41.7643	  174.0944
10.117	 2.58	 1	 -41.8197	  174.2025
10.117	 2.10	 1	 -41.8088	  174.0964
10.118	 2.19	 1	 -42.4868	  173.2502
10.196	 2.62	 1	 -40.6595	  167.5653
10.224	 2.07	 1	 -41.6420	  173.8962
10.251	 2.14	 1	 -45.3600	  174.1720
10.277	 2.18	 1	 -41.8064	  173.9847
10.313	 2.03	 1	 -42.6645	  173.1006
10.314	 2.46	 1	 -44.5123	  173.2853
10.357	 3.22	 1	 -41.7865	  174.2735
10.363	 2.47	 2	 -42.2634	  173.6964
10.386	 2.52	 1	 -41.8028	  174.2207
10.417	 2.28	 1	 -42.5192	  173.1701
10.439	 2.12	 1	 -42.2289	  173.7789
10.446	 2.09	 1	 -41.7070	  174.2110
10.449	 2.28	 1	 -42.6937	  173.8514
10.465	 2.44	 1	 -42.1125	  172.9014
10.494	 2.40	 1	 -42.3733	  174.1654
10.518	 2.39	 1	 -42.8778	  172.8468
10.520	 2.24	 1	 -42.4510	  173.1831
10.537	 2.47	 1	 -42.5783	  173.1172
10.548	 2.06	 1	 -42.1927	  173.6695
10.589	 2.62	 1	 -41.7595	  174.2071
10.634	 2.59	 1	 -42.8865	  172.6147
10.636	 2.38	 1	 -42.7629	  173.2524
10.658	 2.02	 1	 -41.8676	  174.3980
10.677	 3.20	 2	 -42.3756	  174.2962
10.690	 2.05	 1	 -42.0636	  173.8627
10.731	 2.29	 1	 -42.3126	  173.5584
10.761	 2.92	 1	 -41.8239	  174.2123
10.785	 2.13	 1	 -42.3101	  173.8728
10.802	 2.04	 1	 -42.5236	  172.6012
10.832	 2.03	 1	 -42.0149	  173.7076
10.851	 2.05	 1	 -42.4462	  174.1162
10.856	 2.18	 1	 -41.9432	  174.3198
10.880	 2.43	 1	 -42.3246	  173.4270
10.885	 2.22	 1	 -43.1493	  172.1610
10.901	 3.65	 1	 -42.3258	  173.6699
10.959	 2.28	 1	 -42.5180	  173.7836
10.973	 2.57	 1	 -41.7093	  174.1104
10.982	 4.05	 2	 -41.6161	  173.7228
10.993	 2.21	 1	 -42.2735	  173.2141
10.997	 2.08	 1	 -43.9520	  172.4187
11.039	 2.01	 1	 -42.2640	  173.7250
11.040	 2.40	 1	 -41.7937	  174.0421
11.063	 2.15	 1	 -42.1496	  173.8289
11.073	 2.62	 1	 -41.6378	  174.5034
11.096	 2.97	 1	 -42.1393	  172.6353
11.106	 2.26	 2	 -41.8030	  174.1964
11.120	 2.03	 1	 -43.8591	  172.9667
11.170	 2.67	 1	 -42.5045	  173.1361
11.200	 2.44	 1	 -42.2015	  173.6312
11.249	 2.23	 1	 -42.1552	  173.8165
11.252	 2.30	 1	 -42.9027	  173.4295
11.267	 2.71	 1	 -44.5500	  172.1153
11.267	 2.88	 2	 -42.4380	  173.6914
11.280	 2.59	 1	 -42.1377	  173.6295
11.285	 2.32	 1	 -41.7078	  174.2525
11.299	 2.04	 1	 -42.8319	  173.1167
11.300	 2.81	 2	 -42.1628	  173.7141
11.300	 2.45	 1	 -42.0396	  173.6647
11.309	 2.20	 1	 -42.5214	  173.5214
11.315	 2.16	 1	 -38.7954	  176.0741
11.341	 2.47	 1	 -42.1518	  173.6982
11.360	 2.62	 1	 -42.2851	  173.7206
11.384	 2.04	 1	 -42.2773	  174.3686
11.402	 2.08	 1	 -42.0603	  173.9267
11.413	 3.03	 1	 -41.7285	  174.2095
11.444	 2.00	 1	 -43.3677	  173.5474
11.446	 2.22	 1	 -43.0412	  172.8319
11.464	 2.21	 1	 -42.9672	  173.3361
11.466	 3.64	 1	 -42.6460	  172.8008
11.468	 2.33	 1	 -42.3900	  173.3376
11.492	 2.49	 1	 -43.4121	  172.2914
11.510	 2.41	 1	 -42.2535	  173.6703
11.515	 2.68	 1	 -43.6866	  174.6434
11.565	 2.32	 1	 -42.6800	  173.1914
11.578	 2.26	 1	 -42.3129	  173.9325
11.579	 2.14	 1	 -43.4450	  171.6377
11.590	 2.11	 1	 -42.6132	  172.9398
11.599	 2.08	 1	 -41.7474	  174.2134
11.615	 2.01	 1	 -43.1242	  172.4114
11.618	 2.34	 1	 -44.0406	  173.9018
11.627	 2.36	 1	 -43.2039	  171.9680
11.639	 2.04	 1	 -42.4505	  173.2412
11.640	 2.01	 1	 -41.9624	  173.8724
11.655	 2.06	 1	 -41.9246	  173.4108
11.670	 2.15	 1	 -43.4516	  172.2372
11.699	 2.99	 1	 -42.5597	  173.1564
11.709	 2.68	 1	 -42.0671	  173.5654
11.715	 3.75	 1	 -42.3912	  173.7442
11.766	 2.38	 1	 -42.3704	  173.9716
11.788	 2.27	 1	 -42.1860	  177.6197
11.789	 2.07	 1	 -42.3915	  179.1262
11.819	 2.07	 2	 -42.7188	  172.7873
11.844	 2.28	 1	 -41.7807	  174.1393
11.858	 2.23	 1	 -42.4140	  173.1832
11.868	 2.10	 1	 -41.6426	  174.2008
11.887	 2.67	 1	 -42.0922	  173.5725
11.892	 2.20	 1	 -42.6284	  174.0043
11.918	 2.05	 1	 -42.2151	  171.4536
11.944	 2.52	 1	 -43.3145	  167.0760
11.952	 2.24	 2	 -43.2283	  171.2911
11.989	 2.28	 1	 -42.0048	  173.7654
12.008	 3.10	 1	 -42.7760	  173.3789
12.012	 2.80	 1	 -47.1857	  173.2629
12.018	 2.76	 1	 -41.8205	  174.1927
12.026	 2.27	 2	 -42.8857	  173.5673
12.034	 2.35	 1	 -42.2910	  172.3949
12.041	 2.55	 2	 -42.6515	  172.7971
12.059	 2.90	 1	 -42.2195	  173.5416
12.062	 2.32	 1	 -42.2786	  173.6717
12.069	 2.45	 1	 -42.6989	  172.9271
12.078	 2.20	 1	 -42.7344	  173.1857
12.152	 2.44	 1	 -42.8639	  173.2992
12.210	 2.45	 1	 -42.4733	  173.1181
12.245	 2.15	 1	 -42.4958	  173.7252
12.252	 3.14	 3	 -42.9336	  173.0349
12.277	 2.63	 1	 -42.4501	  173.4543
12.299	 2.56	 1	 -42.4587	  173.3752
12.317	 2.10	 1	 -42.0044	  173.7344
12.337	 2.10	 1	 -42.4208	  173.2905
12.345	 2.09	 1	 -40.5993	  179.7920
12.410	 2.87	 1	 -42.1311	  173.6506
12.426	 2.79	 1	 -43.7738	  167.1590
12.455	 2.73	 3	 -41.6173	  173.7775
12.461	 2.04	 1	 -42.4320	  173.0946
12.512	 2.13	 1	 -42.3861	  172.9179
12.525	 2.04	 1	 -41.7393	  174.3169
12.533	 2.74	 1	 -42.6185	  172.9204
12.548	 2.14	 1	 -42.2442	  173.6607
12.554	 2.13	 1	 -42.0781	  173.8743
12.572	 3.72	 1	 -41.7680	  174.1712
12.581	 2.11	 1	 -42.6812	  172.9741
12.589	 2.05	 1	 -42.6615	  173.0347
12.617	 2.29	 1	 -43.4558	  172.9888
12.672	 2.07	 1	 -42.6835	  172.7729
12.676	 2.78	 1	 -41.9549	  174.1431
12.693	 2.11	 2	 -43.7140	  172.2653
12.708	 2.08	 1	 -42.5407	  173.1400
12.714	 2.16	 1	 -41.8265	  174.1444
12.718	 2.37	 1	 -42.1301	  173.6137
12.725	 2.58	 1	 -41.6947	  173.9210
12.758	 3.26	 1	 -41.9544	  173.9715
12.780	 3.59	 1	 -43.2152	  170.3825
12.845	 2.85	 1	 -45.6079	  171.5469
12.859	 2.51	 1	 -42.4881	  174.6439
12.867	 3.64	 2	 -42.4264	  173.2326
12.916	 2.03	 1	 -42.2878	  174.0445
12.939	 3.77	 1	 -42.4545	  173.8622
12.985	 3.14	 1	 -43.4224	  173.4320
13.005	 2.39	 1	 -42.3435	  173.5717
13.030	 2.08	 1	 -42.6008	  172.6718
13.035	 2.02	 1	 -42.2004	  173.6387
13.035	 3.45	 1	 -41.7513	  174.2657
13.055	 2.24	 1	 -41.9304	  173.7644
13.100	 2.17	 1	 -41.7656	  173.9518
13.116	 2.34	 1	 -42.0700	  173.7464
13.130	 2.90	 1	 -42.4056	  173.1185
13.138	 2.12	 1	 -42.0019	  173.6864
13.172	 2.02	 1	 -42.3902	  173.5142
13.192	 2.20	 1	 -42.3363	  173.8899
13.239	 2.07	 1	 -42.8707	  173.3254
13.254	 2.05	 2	 -42.4337	  173.1541
13.255	 2.06	 1	 -42.9317	  172.6920
13.272	 2.56	 1	 -43.8060	  173.2281
13.278	 2.75	 1	 -42.9019	  174.9262
13.297	 2.52	 2	 -43.2556	  170.3692
13.306	 2.35	 1	 -41.8409	  174.2164
13.309	 2.19	 1	 -41.7824	  174.2030
13.331	 2.73	 1	 -41.6009	  167.0874
13.344	 2.61	 1	 -42.3130	  173.7071
13.362	 2.55	 1	 -40.1804	  168.6254
13.370	 2.12	 1	 -42.4131	  173.2052
13.376	 4.44	 1	 -42.2997	  173.8948
13.404	 2.08	 1	 -42.9295	  173.0081
13.427	 2.15	 1	 -42.1883	  173.3837
13.433	 2.04	 2	 -42.2823	  173.8958
13.443	 2.39	 1	 -42.5859	  173.6690
13.561	 2.53	 1	 -42.5122	  172.1161
13.572	 2.16	 1	 -42.6131	  172.8839
13.645	 2.29	 1	 -41.7266	  174.0693
13.648	 2.13	 1	 -42.3601	  173.5673
13.655	 2.13	 1	 -42.8257	  173.2890
13.674	 3.18	 1	 -43.7080	  174.2624
13.685	 2.15	 1	 -42.8404	  173.7169
13.718	 2.20	 1	 -43.0482	  172.4696
13.729	 2.73	 1	 -42.0198	  174.9540
13.731	 2.68	 1	 -42.2126	  174.9650
13.787	 3.03	 1	 -42.4897	  173.6950
13.824	 2.19	 1	 -41.6089	  174.5689
13.830	 2.21	 2	 -43.0006	  173.0233
13.880	 2.57	 1	 -41.9702	  173.7343
13.897	 2.71	 1	 -41.9928	  173.5237
13.911	 2.44	 1	 -42.6550	  172.7150
13.912	 3.14	 1	 -42.2862	  174.0027
13.927	 2.04	 1	 -42.6986	  172.7857
13.961	 2.70	 1	 -42.7212	  172.8067
13.977	 2.17	 2	 -42.5219	  172.3853
14.006	 2.18	 1	 -42.7397	  173.0421
14.039	 2.05	 1	 -42.2583	  173.6288
14.084	 2.04	 1	 -41.8002	  174.4376
14.101	 2.07	 1	 -42.9242	  173.6398
14.114	 2.93	 1	 -41.7954	  174.3032
14.279	 2.64	 1	 -44.4227	  170.9970
14.388	 2.24	 2	 -42.8489	  173.0252
14.411	 4.08	 1	 -42.6090	  173.1979
14.414	 2.11	 1	 -42.6147	  172.7317
14.489	 2.11	 1	 -42.2256	  173.7791
14.496	 2.07	 1	 -41.6611	  174.2705
