# Simulation 937
# RelativeTime(days) Magnitude Generation Latitude Longitude
Time Mag Gen Lat Lon
7.001	 3.05	 1	 -46.0338	  175.3800
7.003	 2.41	 1	 -43.8673	  175.2270
7.004	 2.38	 1	 -42.5525	  172.7403
7.006	 2.12	 1	 -40.6922	  167.5430
7.008	 3.30	 1	 -42.9803	  173.0730
7.010	 2.13	 1	 -42.9489	  174.0642
7.013	 2.42	 1	 -41.7721	  174.3276
7.015	 2.81	 2	 -41.7708	  174.3290
7.020	 2.01	 1	 -41.9937	  174.0242
7.027	 3.74	 1	 -42.4243	  173.3453
7.027	 2.93	 2	 -42.4692	  173.3100
7.028	 2.05	 1	 -43.0549	  173.2360
7.032	 2.19	 1	 -38.2108	  173.5197
7.033	 2.47	 1	 -42.2406	  175.7379
7.037	 2.94	 1	 -43.0033	  172.7522
7.041	 2.20	 1	 -42.0765	  173.7237
7.052	 2.32	 1	 -42.6398	  174.0785
7.057	 2.28	 1	 -43.4697	  173.9008
7.071	 2.16	 1	 -41.8003	  174.2407
7.072	 2.46	 1	 -41.4537	  173.4323
7.073	 2.17	 1	 -42.8421	  173.8873
7.087	 2.01	 1	 -41.8793	  173.9835
7.088	 2.16	 1	 -42.5579	  173.1471
7.099	 2.10	 1	 -42.5964	  173.6989
7.102	 2.62	 2	 -43.0041	  172.7494
7.116	 3.22	 1	 -43.7167	  175.1809
7.129	 3.11	 1	 -42.3120	  173.6416
7.132	 2.05	 1	 -42.7743	  172.5737
7.134	 2.10	 1	 -41.8348	  174.1212
7.138	 2.04	 1	 -40.3468	  178.2415
7.142	 2.37	 1	 -42.7917	  172.8250
7.147	 3.91	 1	 -42.3469	  174.0335
7.148	 2.26	 1	 -42.3373	  173.8317
7.149	 2.21	 1	 -38.3248	  174.4764
7.149	 2.77	 1	 -44.4848	  171.2479
7.154	 2.19	 1	 -42.4209	  172.2192
7.156	 3.74	 2	 -42.3418	  174.0550
7.156	 2.18	 2	 -42.3473	  174.0336
7.157	 2.39	 1	 -41.4569	  171.1281
7.158	 2.43	 3	 -42.3051	  174.0681
7.167	 2.27	 1	 -42.3465	  173.0843
7.171	 2.71	 1	 -43.1623	  174.4887
7.178	 2.52	 1	 -45.1195	  177.9904
7.182	 2.16	 1	 -42.4631	  173.1111
7.188	 2.12	 1	 -46.2729	  175.5003
7.195	 3.02	 1	 -43.8143	  175.7863
7.197	 2.23	 1	 -46.8950	  175.1985
7.197	 2.11	 1	 -42.2192	  173.6373
7.207	 2.30	 1	 -42.3253	  173.7339
7.210	 2.06	 1	 -43.4371	  172.1478
7.212	 2.66	 1	 -41.6809	  174.2336
7.214	 2.22	 1	 -42.6945	  170.3652
7.216	 2.19	 1	 -42.7681	  172.7523
7.220	 2.47	 1	 -42.2023	  173.3102
7.221	 2.94	 2	 -42.3842	  174.0761
7.225	 3.51	 2	 -42.4281	  173.3300
7.231	 2.05	 1	 -42.2393	  172.5924
7.232	 2.03	 1	 -44.6775	  172.1620
7.236	 2.30	 1	 -42.5861	  173.1176
7.241	 2.00	 3	 -42.2764	  174.0307
7.241	 2.80	 1	 -43.1879	  173.2837
7.241	 2.67	 1	 -42.2530	  173.7739
7.241	 2.48	 1	 -42.3250	  174.0840
7.243	 2.10	 1	 -41.9933	  174.0791
7.245	 2.44	 1	 -42.7896	  173.4516
7.247	 2.50	 1	 -41.8418	  174.0917
7.248	 2.11	 1	 -41.8860	  174.0519
7.252	 2.04	 1	 -42.0509	  172.8513
7.256	 2.05	 1	 -42.4633	  173.7552
7.258	 2.43	 1	 -42.4733	  173.8499
7.260	 2.17	 1	 -42.9655	  173.4135
7.262	 2.94	 1	 -42.6413	  172.8349
7.267	 2.54	 1	 -43.4731	  173.6504
7.271	 3.09	 1	 -42.6433	  172.8185
7.272	 2.92	 2	 -42.6364	  172.8175
7.273	 2.33	 2	 -42.6492	  172.7739
7.275	 2.18	 2	 -42.6093	  172.7842
7.291	 3.05	 1	 -42.2829	  173.4874
7.294	 2.23	 2	 -42.2849	  173.4819
7.294	 2.76	 1	 -41.7785	  174.2745
7.295	 2.44	 1	 -42.5936	  173.1359
7.299	 2.20	 1	 -41.7272	  174.1583
7.301	 2.23	 1	 -41.9390	  172.6280
7.303	 2.43	 1	 -43.5427	  173.1080
7.308	 2.25	 1	 -46.3667	  173.6731
7.309	 2.34	 1	 -42.4785	  172.6128
7.310	 2.50	 1	 -43.6866	  172.5093
7.311	 2.36	 1	 -42.7497	  172.6442
7.314	 2.95	 1	 -43.3406	  173.1097
7.314	 3.22	 1	 -42.3438	  173.6270
7.317	 2.51	 1	 -42.7673	  172.9223
7.318	 2.00	 1	 -41.7794	  174.2727
7.322	 2.68	 1	 -42.7255	  172.7031
7.330	 4.10	 1	 -44.0423	  172.6311
7.331	 2.12	 2	 -44.0450	  172.6402
7.332	 3.13	 2	 -44.0284	  172.6432
7.343	 2.02	 1	 -42.4140	  173.8119
7.346	 2.13	 1	 -42.4587	  173.1523
7.352	 2.13	 2	 -44.1663	  172.7522
7.352	 2.35	 3	 -44.2003	  172.7769
7.356	 3.72	 2	 -44.0411	  172.6236
7.365	 2.47	 1	 -43.2861	  172.3267
7.367	 2.32	 1	 -42.8662	  172.7949
7.369	 2.37	 1	 -42.6816	  173.2304
7.370	 2.13	 1	 -42.7603	  173.4350
7.378	 2.01	 1	 -42.4222	  173.1978
7.384	 2.23	 1	 -42.7771	  173.5903
7.385	 2.74	 1	 -42.8457	  173.4890
7.385	 2.53	 1	 -42.4772	  172.8330
7.397	 2.27	 1	 -40.7147	  172.7093
7.398	 2.39	 1	 -42.4336	  173.4803
7.400	 2.02	 1	 -42.5233	  173.1772
7.416	 2.61	 2	 -42.6931	  170.3672
7.426	 3.09	 1	 -41.8444	  174.3486
7.431	 2.44	 1	 -40.3452	  172.7769
7.433	 2.22	 1	 -43.6237	  173.4948
7.436	 2.04	 1	 -42.2832	  174.3617
7.446	 2.34	 1	 -42.2489	  173.6484
7.451	 3.14	 1	 -42.3471	  173.6678
7.455	 2.37	 1	 -41.4611	  171.2068
7.458	 2.37	 1	 -42.0209	  173.6600
7.459	 2.21	 1	 -42.9830	  172.8316
7.461	 2.67	 1	 -42.1722	  172.8205
7.465	 2.09	 1	 -42.2488	  173.5087
7.466	 2.26	 1	 -42.3427	  173.5280
7.466	 2.18	 1	 -41.6992	  173.1902
7.469	 2.09	 1	 -41.7735	  174.1496
7.487	 2.22	 1	 -42.6357	  174.0769
7.487	 2.28	 2	 -42.3186	  173.6792
7.494	 2.04	 1	 -42.4977	  173.1573
7.499	 2.11	 1	 -42.6993	  173.1588
7.509	 3.26	 1	 -43.6876	  170.3516
7.514	 2.08	 2	 -42.0224	  173.6623
7.515	 2.01	 1	 -42.6804	  172.6580
7.517	 2.64	 1	 -42.5291	  172.9518
7.523	 2.16	 2	 -43.2766	  173.1617
7.524	 2.30	 1	 -41.6605	  174.2942
7.528	 3.06	 1	 -41.6085	  174.1998
7.530	 2.33	 1	 -42.9043	  172.5617
7.532	 2.27	 1	 -43.7860	  172.9070
7.533	 3.04	 1	 -43.0955	  172.5022
7.538	 2.21	 1	 -42.5213	  173.7703
7.548	 2.68	 1	 -43.4011	  172.7195
7.554	 2.52	 1	 -42.9838	  173.0849
7.554	 2.62	 1	 -41.7335	  173.8191
7.570	 2.41	 1	 -42.6362	  173.2661
7.577	 2.29	 1	 -42.2629	  172.3713
7.577	 2.02	 1	 -42.3731	  173.9962
7.581	 2.47	 1	 -43.5141	  170.2610
7.587	 2.33	 1	 -42.9860	  173.0751
7.588	 2.01	 1	 -42.8555	  173.5172
7.599	 2.29	 1	 -42.2416	  173.7011
7.601	 2.28	 1	 -42.8441	  172.6506
7.604	 2.14	 1	 -42.7459	  171.0326
7.612	 2.63	 1	 -42.6857	  173.0281
7.620	 2.68	 1	 -42.3798	  173.8812
7.626	 2.44	 1	 -42.2573	  173.6899
7.628	 2.94	 1	 -43.1852	  172.5411
7.629	 2.42	 1	 -39.3328	  177.0882
7.636	 3.54	 1	 -42.3488	  173.0083
7.637	 2.58	 1	 -41.7856	  174.1492
7.643	 2.05	 1	 -42.2769	  174.0294
7.647	 2.07	 1	 -42.9126	  173.9882
7.649	 2.09	 1	 -41.7952	  174.2307
7.654	 2.58	 1	 -42.3788	  172.5723
7.659	 2.01	 1	 -43.2572	  172.2497
7.662	 2.60	 1	 -40.0928	  168.0304
7.666	 2.08	 1	 -42.8377	  173.3022
7.669	 2.26	 1	 -42.4740	  173.1316
7.670	 2.15	 1	 -41.8154	  174.2552
7.672	 2.86	 1	 -42.7621	  172.8746
7.674	 3.38	 1	 -41.4831	  174.3123
7.675	 2.39	 1	 -42.8381	  173.0305
7.676	 2.68	 2	 -42.4272	  173.3403
7.678	 2.04	 1	 -42.4582	  173.0289
7.679	 2.12	 2	 -42.3804	  173.8805
7.683	 2.05	 1	 -42.5978	  172.9875
7.690	 2.03	 1	 -44.1662	  172.4339
7.693	 2.02	 1	 -41.9789	  173.7317
7.696	 2.52	 1	 -41.8119	  171.1230
7.700	 2.13	 1	 -42.1236	  173.5255
7.701	 2.18	 1	 -42.4336	  173.3367
7.701	 4.16	 1	 -42.0363	  172.9624
7.702	 3.05	 2	 -42.0360	  172.9612
7.711	 2.24	 1	 -46.0899	  169.0144
7.715	 3.37	 2	 -42.0517	  172.9283
7.715	 2.29	 3	 -43.9940	  170.4522
7.720	 3.95	 1	 -46.3167	  169.4008
7.722	 3.26	 1	 -42.0283	  173.9610
7.724	 2.42	 1	 -42.7195	  173.0214
7.733	 2.05	 2	 -46.3036	  169.4153
7.735	 3.40	 1	 -42.4007	  174.4127
7.735	 2.19	 2	 -42.4173	  174.3943
7.737	 2.10	 2	 -42.0158	  174.0031
7.749	 2.08	 1	 -41.9562	  173.7349
7.754	 2.20	 1	 -41.9584	  174.2895
7.755	 2.08	 1	 -42.4117	  174.1817
7.759	 2.31	 1	 -41.8547	  174.2611
7.763	 3.06	 1	 -42.6574	  172.8170
7.764	 2.05	 1	 -41.4811	  172.5753
7.771	 2.49	 2	 -42.4295	  174.2045
7.773	 2.00	 1	 -41.5018	  174.1604
7.779	 2.21	 1	 -42.2694	  173.5884
7.790	 2.09	 1	 -41.7656	  174.2643
7.804	 2.04	 1	 -43.3399	  173.1573
7.811	 2.00	 1	 -41.9826	  174.0374
7.813	 2.89	 1	 -42.8758	  172.9251
7.814	 2.60	 1	 -45.0738	  178.2116
7.816	 2.05	 1	 -42.5275	  173.3917
7.818	 2.17	 1	 -41.8343	  174.2973
7.824	 2.61	 1	 -41.7067	  172.5802
7.825	 2.11	 1	 -42.6835	  173.0877
7.825	 2.08	 3	 -43.8404	  173.0150
7.829	 2.43	 1	 -42.8385	  172.7315
7.833	 2.61	 1	 -43.2030	  174.2436
7.838	 2.26	 2	 -42.6834	  173.0878
7.839	 2.55	 2	 -43.2020	  174.2444
7.840	 2.49	 1	 -46.9170	  175.1183
7.841	 4.10	 2	 -42.9290	  172.6211
7.841	 2.30	 1	 -42.4242	  173.9028
7.844	 2.41	 1	 -43.0578	  173.2264
7.844	 2.27	 1	 -42.9089	  173.1438
7.846	 2.54	 3	 -42.9362	  172.6069
7.846	 2.47	 3	 -42.8595	  172.6655
7.848	 2.81	 1	 -42.3921	  173.0244
7.851	 3.48	 1	 -42.7898	  172.9435
7.851	 2.83	 1	 -43.1585	  174.6511
7.853	 2.21	 1	 -42.8385	  172.0610
7.858	 3.33	 1	 -43.7687	  174.5241
7.866	 3.23	 1	 -42.9345	  173.5279
7.866	 2.42	 2	 -42.9357	  173.5190
7.872	 2.00	 2	 -42.7930	  172.9572
7.878	 2.58	 1	 -42.6740	  172.6793
7.878	 2.47	 1	 -42.7587	  173.3418
7.888	 2.01	 1	 -42.9762	  172.0295
7.891	 2.34	 1	 -42.9607	  174.6749
7.891	 3.15	 1	 -43.1720	  173.8010
7.891	 2.04	 1	 -42.6581	  173.1625
7.894	 2.18	 2	 -42.9473	  173.4607
7.908	 2.85	 1	 -42.4248	  173.2308
7.909	 2.45	 1	 -42.8560	  173.0553
7.909	 3.11	 1	 -38.2166	  173.6083
7.918	 2.03	 1	 -42.8246	  172.8007
7.922	 2.04	 1	 -42.8263	  172.9167
7.926	 2.01	 1	 -42.1448	  173.6242
7.927	 3.25	 1	 -42.2347	  173.6255
7.932	 2.26	 2	 -42.4256	  173.2256
7.935	 2.05	 2	 -42.3373	  172.9988
7.936	 2.39	 2	 -42.6571	  172.8258
7.938	 2.04	 1	 -41.7101	  174.0500
7.941	 2.13	 1	 -42.0821	  172.6317
7.957	 2.19	 1	 -41.7020	  174.2693
7.959	 2.01	 1	 -40.9825	  178.6803
7.963	 3.60	 2	 -44.0127	  172.6526
7.976	 2.02	 1	 -42.5229	  173.5886
7.981	 2.11	 2	 -46.3075	  169.4333
7.984	 3.63	 1	 -42.3057	  173.8701
7.984	 2.77	 1	 -42.6551	  172.8697
7.984	 2.43	 2	 -42.2091	  173.8509
7.984	 2.27	 1	 -41.0198	  171.5859
7.986	 2.31	 1	 -43.3684	  173.1793
7.990	 2.04	 1	 -43.2582	  172.6949
7.996	 2.10	 1	 -42.3014	  174.0600
7.998	 2.16	 1	 -42.6207	  172.7546
8.006	 2.08	 1	 -42.3189	  173.6716
8.008	 2.08	 1	 -42.2186	  174.2358
8.012	 2.26	 1	 -42.2256	  173.6070
8.017	 2.17	 1	 -42.0847	  173.9683
8.020	 2.24	 1	 -41.5666	  172.6886
8.037	 2.01	 1	 -41.9077	  172.5423
8.041	 2.48	 1	 -44.3487	  174.0793
8.047	 2.12	 1	 -41.6238	  175.0042
8.070	 2.11	 1	 -42.1947	  172.2041
8.075	 2.26	 1	 -42.1939	  173.7253
8.078	 2.03	 1	 -41.9307	  174.0679
8.078	 2.37	 1	 -42.0958	  172.9151
8.079	 2.21	 1	 -44.6562	  170.2584
8.086	 2.05	 1	 -42.8827	  173.1651
8.090	 2.44	 1	 -44.8788	  167.6761
8.091	 2.08	 1	 -42.3110	  173.6962
8.092	 2.25	 2	 -42.0107	  172.9657
8.095	 2.24	 1	 -43.3899	  175.8447
8.097	 2.17	 1	 -42.5576	  173.1767
8.102	 2.03	 1	 -43.6134	  174.2144
8.103	 2.22	 2	 -42.6366	  172.8542
8.115	 2.51	 1	 -43.7978	  173.2697
8.117	 2.31	 1	 -42.8674	  172.8458
8.124	 2.02	 1	 -43.9216	  173.6150
8.135	 2.10	 1	 -42.9646	  172.7905
8.135	 2.33	 1	 -42.4467	  173.1348
8.138	 2.40	 2	 -42.5310	  172.9616
8.139	 4.18	 1	 -43.0807	  174.4020
8.148	 3.35	 1	 -41.8177	  174.1771
8.149	 2.38	 2	 -41.8090	  174.3399
8.149	 2.45	 1	 -42.9099	  171.8147
8.157	 2.24	 1	 -42.8649	  172.8455
8.161	 2.47	 1	 -42.7011	  172.9544
8.177	 2.58	 1	 -42.0261	  174.0831
8.188	 2.23	 1	 -42.1312	  172.9203
8.188	 2.09	 2	 -43.1687	  173.7986
8.190	 3.40	 1	 -42.4699	  173.1500
8.207	 2.88	 1	 -43.3195	  174.2802
8.209	 2.43	 2	 -46.7134	  169.3253
8.209	 3.04	 1	 -43.4892	  172.8073
8.209	 3.03	 1	 -43.8515	  172.4809
8.212	 2.20	 1	 -41.6684	  172.9556
8.213	 2.15	 1	 -43.0029	  172.6049
8.217	 2.42	 1	 -42.2183	  173.0748
8.233	 2.96	 1	 -43.2592	  175.3054
8.239	 2.68	 1	 -42.8111	  173.3273
8.242	 2.63	 1	 -41.3117	  170.4563
8.256	 2.15	 1	 -41.8222	  173.8930
8.256	 2.57	 1	 -45.4599	  168.2002
8.260	 2.25	 1	 -43.2294	  172.8358
8.263	 3.20	 1	 -39.5030	  174.1918
8.269	 2.03	 1	 -42.9808	  172.7618
8.272	 2.84	 1	 -42.8755	  171.9231
8.273	 2.02	 1	 -42.3233	  173.6478
8.274	 3.18	 1	 -42.7807	  173.1019
8.280	 2.26	 1	 -43.7880	  178.3073
8.281	 2.28	 1	 -41.7298	  174.1448
8.287	 2.09	 2	 -42.7890	  173.0914
8.291	 2.04	 1	 -41.6598	  178.6077
8.292	 2.63	 1	 -42.3458	  173.1913
8.293	 2.22	 1	 -41.7695	  174.2867
8.297	 3.28	 1	 -43.1083	  166.9305
8.299	 2.18	 1	 -42.7209	  172.8752
8.300	 2.73	 1	 -41.7893	  174.2363
8.301	 2.24	 1	 -42.9008	  172.9967
8.303	 2.02	 2	 -42.3484	  173.1905
8.310	 2.80	 1	 -42.6716	  173.6756
8.319	 3.86	 1	 -42.8897	  173.2172
8.320	 2.22	 1	 -42.5490	  173.6196
8.332	 2.04	 2	 -42.8962	  173.2206
8.333	 2.32	 2	 -42.8978	  173.1562
8.333	 3.25	 2	 -43.7020	  174.5152
8.336	 3.21	 1	 -42.4503	  173.0966
8.337	 2.59	 2	 -42.4790	  173.0053
8.340	 2.13	 1	 -42.3793	  173.0749
8.342	 2.04	 1	 -41.9874	  179.0643
8.348	 2.30	 2	 -42.8969	  173.2035
8.351	 2.22	 2	 -42.8622	  173.4224
8.353	 2.12	 1	 -45.9582	  177.2278
8.354	 2.12	 1	 -42.6596	  172.6645
8.357	 2.75	 2	 -42.3453	  174.0376
8.358	 2.14	 1	 -42.6912	  173.0964
8.358	 2.21	 2	 -45.5130	  168.1562
8.359	 2.60	 2	 -41.3101	  170.4559
8.372	 2.31	 1	 -42.7934	  172.2546
8.373	 2.75	 2	 -42.8761	  173.1896
8.377	 2.13	 1	 -41.7355	  173.6119
8.379	 2.07	 1	 -42.8342	  172.5002
8.380	 3.22	 3	 -42.9021	  173.1543
8.385	 2.01	 4	 -42.8967	  173.1583
8.391	 2.70	 1	 -42.4314	  173.8867
8.392	 2.03	 2	 -44.0456	  170.3589
8.394	 2.24	 1	 -42.5968	  166.9057
8.397	 2.00	 1	 -42.2991	  173.2079
8.397	 2.11	 1	 -41.8263	  174.1024
8.404	 2.63	 1	 -42.2633	  173.6310
8.408	 3.86	 1	 -42.1700	  173.4936
8.409	 2.40	 1	 -42.1209	  173.6653
8.409	 2.63	 2	 -42.1661	  173.4930
8.410	 2.06	 1	 -42.2938	  173.8143
8.411	 3.07	 1	 -43.2890	  172.6693
8.411	 2.07	 1	 -42.4229	  173.0469
8.413	 2.06	 2	 -42.0424	  172.9567
8.419	 3.57	 1	 -41.7799	  174.3065
8.421	 2.85	 1	 -42.2718	  173.7100
8.424	 2.20	 1	 -42.2432	  173.7965
8.431	 2.34	 1	 -42.3869	  172.2756
8.445	 2.17	 1	 -44.1347	  174.1102
8.448	 2.21	 2	 -42.1788	  173.4958
8.452	 2.25	 1	 -40.4052	  173.4060
8.453	 2.04	 1	 -41.2695	  167.2188
8.460	 2.23	 1	 -42.6930	  173.3296
8.465	 2.10	 1	 -42.4471	  167.9496
8.469	 3.78	 1	 -42.5753	  173.0005
8.470	 2.09	 1	 -42.9037	  172.9653
8.476	 2.56	 2	 -42.5866	  172.9987
8.488	 2.09	 1	 -41.7891	  172.4805
8.488	 2.47	 1	 -43.7979	  167.0921
8.494	 2.01	 1	 -42.2173	  173.7610
8.497	 2.49	 1	 -41.7658	  174.1890
8.499	 2.89	 1	 -42.7913	  166.9058
8.504	 2.20	 2	 -43.0768	  174.4002
8.510	 2.09	 2	 -42.5692	  173.0136
8.511	 2.03	 1	 -42.8044	  172.3710
8.514	 2.37	 1	 -42.4203	  173.1884
8.515	 2.45	 1	 -42.6450	  172.9608
8.517	 2.24	 1	 -42.4053	  172.9485
8.525	 2.61	 1	 -42.2253	  173.7849
8.526	 2.05	 2	 -42.5828	  172.9952
8.531	 2.17	 1	 -41.7445	  174.2796
8.533	 2.18	 1	 -42.9723	  172.1346
8.535	 2.63	 1	 -42.2222	  173.8615
8.536	 2.22	 1	 -42.1100	  172.8949
8.537	 2.19	 2	 -43.0292	  172.0817
8.540	 2.33	 1	 -42.7075	  173.1101
8.541	 2.54	 2	 -42.3111	  173.8794
8.549	 2.07	 1	 -42.6453	  172.9162
8.550	 2.87	 1	 -42.4971	  173.1031
8.555	 2.04	 1	 -44.8030	  176.3743
8.557	 3.14	 2	 -42.4967	  173.1047
8.557	 2.04	 1	 -42.4162	  172.6503
8.569	 2.37	 1	 -42.0050	  174.0797
8.570	 2.31	 2	 -42.4953	  173.1023
8.577	 2.49	 1	 -41.8654	  173.8453
8.589	 2.20	 1	 -42.8888	  173.2188
8.592	 2.71	 1	 -43.6653	  172.7572
8.593	 2.56	 1	 -38.4332	  171.0612
8.599	 2.98	 1	 -41.8600	  171.1252
8.600	 2.30	 1	 -42.2709	  172.8089
8.601	 2.61	 2	 -42.2709	  172.8101
8.602	 2.39	 1	 -41.0332	  178.7082
8.610	 2.11	 1	 -43.2578	  172.5378
8.611	 3.60	 1	 -42.5601	  172.9295
8.613	 2.01	 2	 -42.5663	  172.9302
8.621	 2.00	 1	 -46.3139	  176.6487
8.634	 4.57	 2	 -43.1738	  174.5024
8.634	 3.29	 3	 -43.1591	  174.4476
8.635	 3.76	 1	 -43.0888	  172.9405
8.636	 2.19	 4	 -43.2813	  174.4297
8.636	 2.21	 3	 -43.1879	  174.4634
8.636	 2.14	 2	 -43.1052	  172.9205
8.636	 2.54	 3	 -43.1746	  174.4888
8.637	 2.76	 4	 -43.1606	  174.4495
8.638	 2.02	 1	 -41.8739	  174.3212
8.638	 2.21	 3	 -42.9972	  174.6318
8.638	 2.07	 4	 -42.9836	  174.7257
8.638	 2.37	 2	 -43.1776	  173.1083
8.644	 2.17	 1	 -42.9812	  173.0692
8.648	 2.20	 3	 -42.3366	  174.0700
8.649	 3.16	 1	 -42.3520	  172.8251
8.654	 2.27	 1	 -42.0067	  174.5471
8.655	 2.12	 1	 -42.9240	  172.9950
8.655	 2.82	 1	 -42.7484	  171.8722
8.661	 2.14	 4	 -43.3265	  174.5763
8.666	 3.74	 1	 -41.6986	  174.3048
8.667	 3.00	 1	 -42.6290	  172.8135
8.667	 2.47	 3	 -43.1869	  174.5172
8.668	 2.22	 2	 -41.6720	  174.3397
8.672	 2.24	 1	 -42.1520	  171.7251
8.673	 2.65	 3	 -43.1578	  174.3594
8.682	 2.41	 1	 -42.8143	  173.1010
8.688	 3.14	 2	 -41.6867	  174.2681
8.691	 3.10	 1	 -42.1582	  173.6843
8.701	 2.12	 1	 -42.3400	  173.7848
8.706	 2.36	 2	 -41.6996	  174.3029
8.715	 2.60	 1	 -41.4818	  169.9084
8.716	 2.23	 2	 -42.1694	  173.7266
8.717	 2.30	 1	 -46.0090	  168.8907
8.718	 2.26	 1	 -41.8651	  172.7533
8.718	 2.27	 1	 -42.2699	  172.7830
8.722	 2.03	 1	 -41.1792	  174.3041
8.726	 2.78	 2	 -41.8768	  172.7106
8.728	 2.06	 1	 -42.9314	  173.0666
8.730	 2.77	 1	 -42.5532	  173.1086
8.736	 2.90	 1	 -42.5229	  173.8374
8.737	 2.01	 1	 -42.2202	  173.5420
8.740	 2.14	 1	 -42.1072	  173.0066
8.741	 2.54	 1	 -41.8192	  174.3918
8.741	 2.81	 1	 -42.0815	  173.8103
8.753	 2.13	 1	 -41.6434	  174.5410
8.756	 2.09	 1	 -42.9913	  171.9952
8.761	 2.04	 1	 -45.1000	  167.8551
8.765	 2.21	 1	 -42.7204	  173.3330
8.776	 2.87	 1	 -43.2787	  173.2954
8.778	 2.72	 1	 -42.7534	  173.2726
8.778	 2.35	 1	 -41.2657	  172.8593
8.778	 3.41	 1	 -46.9459	  171.0373
8.782	 2.12	 1	 -45.3556	  177.9516
8.786	 2.14	 1	 -41.7938	  174.2852
8.786	 3.44	 1	 -42.4745	  174.1278
8.789	 2.28	 1	 -41.6759	  171.6636
8.796	 2.43	 1	 -42.3194	  173.6550
8.797	 2.64	 1	 -42.0937	  173.1400
8.801	 2.12	 2	 -44.0353	  172.6280
8.808	 2.27	 1	 -42.8538	  172.6756
8.816	 2.14	 1	 -42.4772	  172.8147
8.817	 2.59	 1	 -42.1311	  173.6977
8.820	 2.18	 1	 -41.0529	  174.0646
8.825	 2.33	 1	 -42.3939	  173.1309
8.828	 2.45	 1	 -42.3335	  174.5462
8.837	 2.15	 1	 -41.6859	  174.2629
8.841	 2.37	 1	 -42.7238	  173.2437
8.844	 3.32	 2	 -46.9626	  171.0378
8.848	 2.01	 3	 -46.9598	  171.0348
8.848	 3.35	 1	 -42.4929	  173.2823
8.848	 2.46	 1	 -42.2665	  172.2113
8.849	 2.18	 3	 -43.1869	  174.5094
8.857	 2.51	 1	 -42.7521	  174.3431
8.876	 2.00	 1	 -41.5512	  175.8513
8.893	 2.31	 1	 -42.3772	  173.7034
8.894	 2.24	 1	 -42.3910	  173.0894
8.896	 2.12	 1	 -44.9912	  177.0269
8.906	 3.10	 2	 -42.5796	  173.0212
8.909	 2.04	 1	 -42.7247	  173.2950
8.910	 3.12	 3	 -43.2241	  174.6125
8.917	 3.47	 2	 -43.2574	  172.5361
8.939	 2.96	 1	 -41.8134	  174.2300
8.944	 2.41	 1	 -42.5341	  172.8114
8.944	 2.05	 2	 -41.8211	  174.2288
8.954	 2.35	 1	 -42.0462	  173.0799
8.975	 2.23	 1	 -42.6747	  172.7921
8.977	 2.11	 1	 -42.5397	  172.9539
8.979	 2.09	 1	 -42.0112	  174.5764
8.980	 3.07	 1	 -41.7177	  174.2644
8.986	 3.77	 1	 -42.8259	  171.2463
8.990	 2.29	 1	 -41.7375	  174.2149
9.006	 2.13	 1	 -41.8739	  174.0782
9.015	 2.39	 1	 -42.6488	  173.2105
9.019	 3.23	 1	 -42.5824	  172.8584
9.027	 2.08	 1	 -43.0828	  172.4595
9.027	 2.19	 1	 -42.1703	  173.5476
9.034	 3.59	 1	 -42.8673	  172.2630
9.038	 2.08	 1	 -41.9637	  173.7606
9.044	 2.07	 1	 -42.6274	  172.9274
9.048	 2.05	 1	 -42.5904	  172.6381
9.050	 2.72	 1	 -42.1315	  174.4205
9.050	 2.82	 1	 -41.7847	  174.1987
9.051	 2.09	 2	 -42.0581	  174.5850
9.052	 2.83	 1	 -45.2879	  170.0155
9.059	 2.10	 1	 -41.9892	  173.7473
9.066	 2.74	 1	 -41.8608	  173.9124
9.067	 2.16	 1	 -42.4885	  173.3073
9.068	 2.12	 1	 -41.7538	  172.4277
9.082	 2.49	 1	 -42.7390	  173.2797
9.082	 2.44	 1	 -42.9338	  172.9564
9.095	 2.76	 1	 -44.4877	  178.6313
9.101	 2.09	 1	 -42.2408	  173.8655
9.106	 2.37	 1	 -41.9825	  173.7351
9.109	 2.55	 3	 -43.2431	  172.4833
9.109	 2.22	 1	 -42.3565	  173.7901
9.120	 2.93	 1	 -42.3879	  173.7243
9.134	 2.35	 1	 -44.1150	  173.8427
9.136	 2.14	 2	 -43.6588	  172.7702
9.148	 2.42	 1	 -42.5649	  173.2359
9.153	 2.56	 1	 -41.6921	  174.2746
9.157	 2.52	 1	 -42.7362	  173.0329
9.162	 2.17	 1	 -43.0779	  172.6824
9.171	 2.02	 1	 -44.6756	  169.9012
9.173	 2.44	 1	 -42.2586	  173.6500
9.175	 2.64	 1	 -42.6581	  172.7539
9.177	 2.24	 1	 -42.5858	  172.7693
9.186	 2.61	 2	 -42.5746	  172.8395
9.193	 2.68	 1	 -42.3030	  173.4198
9.208	 2.69	 2	 -42.8604	  172.2657
9.216	 2.89	 1	 -42.7219	  172.8313
9.219	 2.04	 1	 -41.4099	  171.8605
9.219	 2.59	 1	 -42.7264	  172.8660
9.230	 2.38	 1	 -42.1264	  173.2849
9.230	 2.87	 1	 -42.8639	  173.2650
9.232	 2.50	 1	 -42.4142	  173.4074
9.261	 2.55	 1	 -41.7258	  174.2051
9.265	 2.11	 1	 -43.0614	  171.8956
9.269	 2.15	 1	 -45.2081	  172.6104
9.272	 3.48	 1	 -42.8495	  173.6537
9.273	 2.36	 1	 -42.0538	  175.3304
9.275	 2.12	 1	 -41.8121	  174.2425
9.283	 2.05	 2	 -42.8461	  173.6736
9.283	 2.26	 1	 -38.4442	  171.0174
9.286	 2.67	 1	 -43.1463	  173.1778
9.287	 2.02	 2	 -42.8178	  173.7786
9.307	 2.84	 1	 -42.2522	  173.6400
9.310	 2.68	 1	 -46.8475	  174.2552
9.312	 2.32	 1	 -41.8112	  174.1442
9.313	 3.36	 2	 -43.0965	  172.9226
9.313	 2.63	 2	 -41.8092	  174.1478
9.313	 2.41	 1	 -42.8134	  173.2449
9.326	 2.00	 1	 -43.7291	  174.8587
9.329	 2.26	 1	 -43.1514	  173.0693
9.334	 3.03	 1	 -42.4925	  173.5495
9.334	 2.34	 1	 -42.2669	  173.6048
9.340	 2.24	 1	 -43.9724	  173.1084
9.348	 2.60	 1	 -42.8643	  172.8631
9.361	 2.39	 1	 -41.4813	  173.5663
9.363	 2.06	 2	 -42.8630	  172.8597
9.368	 2.23	 1	 -42.0622	  172.7673
9.375	 2.31	 1	 -42.3593	  173.9004
9.377	 2.07	 3	 -42.9291	  172.6266
9.380	 2.65	 1	 -41.7814	  174.3131
9.384	 3.01	 1	 -41.9694	  173.7508
9.386	 2.01	 1	 -43.5257	  172.9250
9.393	 2.19	 1	 -42.5556	  173.3994
9.396	 2.10	 2	 -42.1148	  172.8167
9.407	 2.48	 2	 -42.8503	  173.6571
9.410	 2.08	 1	 -42.6330	  173.2822
9.414	 2.76	 1	 -42.1849	  173.6045
9.430	 3.55	 1	 -43.0066	  173.2988
9.432	 2.29	 1	 -40.9753	  177.6058
9.432	 2.56	 1	 -41.9970	  173.7761
9.434	 2.67	 1	 -42.4635	  173.5597
9.442	 2.03	 1	 -43.4573	  172.7497
9.444	 2.13	 1	 -42.6179	  173.8155
9.455	 2.18	 1	 -42.5850	  172.7063
9.462	 3.29	 1	 -41.8224	  173.4356
9.467	 2.18	 1	 -41.8613	  172.0889
9.468	 2.28	 1	 -42.5534	  174.3319
9.471	 2.15	 1	 -42.3868	  173.4154
9.476	 2.01	 1	 -40.7054	  173.7891
9.477	 2.12	 1	 -42.5065	  173.4868
9.480	 2.31	 1	 -39.8616	  168.2689
9.481	 2.89	 1	 -42.8289	  173.5288
9.485	 2.94	 2	 -42.5598	  174.3382
9.487	 3.73	 1	 -43.5482	  169.0108
9.487	 2.16	 2	 -43.5491	  168.9940
9.489	 2.07	 1	 -44.0166	  171.9827
9.490	 2.03	 1	 -42.6240	  172.6042
9.491	 2.11	 2	 -43.5584	  169.0643
9.501	 2.12	 2	 -43.6164	  168.9514
9.501	 2.17	 2	 -43.5600	  169.0312
9.503	 2.19	 1	 -42.6544	  173.1617
9.508	 2.10	 1	 -42.6833	  172.8327
9.512	 2.41	 1	 -41.7963	  174.1338
9.513	 2.01	 1	 -41.6877	  174.3316
9.529	 2.24	 1	 -42.4173	  174.1231
9.529	 2.31	 1	 -42.6897	  173.3456
9.532	 2.00	 1	 -42.5547	  173.4055
9.538	 2.51	 1	 -44.2471	  176.9619
9.541	 4.81	 1	 -43.0600	  172.5440
9.542	 2.50	 2	 -43.1349	  172.1470
9.543	 2.43	 2	 -43.0550	  172.5792
9.543	 2.46	 2	 -43.0639	  172.5623
9.545	 2.81	 1	 -42.9404	  172.6364
9.545	 2.57	 2	 -42.9408	  172.5171
9.545	 2.20	 2	 -43.0487	  172.5231
9.550	 2.61	 2	 -43.0129	  172.5715
9.550	 2.33	 1	 -42.6129	  172.9722
9.550	 2.18	 1	 -43.0371	  172.8748
9.554	 2.20	 2	 -41.6546	  172.6564
9.556	 2.22	 2	 -43.0555	  172.5494
9.557	 2.21	 1	 -42.3117	  172.6305
9.558	 2.22	 2	 -43.0852	  172.5660
9.565	 2.32	 2	 -41.8201	  173.4368
9.572	 2.35	 2	 -43.0573	  172.5365
9.572	 2.22	 2	 -43.0675	  172.5258
9.577	 2.05	 1	 -42.9340	  173.1066
9.596	 2.31	 1	 -44.9373	  171.5783
9.596	 2.33	 1	 -41.6695	  174.3121
9.608	 3.03	 2	 -43.0536	  172.5268
9.609	 2.13	 1	 -43.4124	  170.7176
9.615	 2.13	 2	 -43.0231	  172.5208
9.620	 2.90	 1	 -42.5002	  173.2500
9.621	 2.26	 1	 -43.4716	  173.4883
9.622	 3.35	 2	 -42.8093	  172.3201
9.625	 2.31	 3	 -42.8100	  172.3179
9.629	 2.15	 2	 -43.0664	  172.5409
9.632	 2.22	 2	 -42.9925	  172.5695
9.633	 2.75	 2	 -43.0561	  172.5579
9.636	 2.42	 1	 -43.1747	  173.9669
9.637	 2.71	 1	 -41.5447	  167.1070
9.641	 2.81	 1	 -41.9559	  173.5662
9.643	 2.24	 2	 -43.0352	  172.3765
9.646	 2.12	 3	 -42.7921	  172.3402
9.648	 2.59	 1	 -41.7374	  174.2054
9.653	 2.37	 2	 -43.0408	  172.5559
9.665	 2.64	 1	 -42.0993	  173.0434
9.675	 2.44	 2	 -43.0727	  172.5560
9.677	 2.13	 1	 -42.1240	  172.3685
9.677	 2.24	 3	 -43.1781	  174.5417
9.684	 2.20	 1	 -42.8997	  173.9751
9.687	 2.04	 1	 -43.3047	  172.5007
9.691	 3.67	 1	 -41.6496	  173.2014
9.694	 2.68	 1	 -41.8263	  174.2955
9.699	 2.36	 1	 -42.4933	  173.0194
9.706	 2.31	 1	 -40.4178	  167.7449
9.707	 2.05	 1	 -41.7953	  174.2528
9.721	 2.67	 1	 -42.4790	  172.6975
9.734	 2.02	 1	 -42.5344	  173.3919
9.736	 2.23	 2	 -43.0423	  172.5585
9.737	 2.31	 1	 -42.4775	  172.9656
9.741	 2.82	 1	 -42.5579	  173.1579
9.759	 2.02	 1	 -42.3329	  173.8607
9.761	 2.35	 3	 -43.7045	  174.5137
9.768	 2.20	 1	 -43.1533	  174.5937
9.769	 3.05	 1	 -41.8529	  174.3239
9.784	 2.49	 1	 -44.5299	  172.0018
9.796	 2.08	 1	 -42.6386	  173.4001
9.806	 2.14	 1	 -42.2369	  171.0308
9.814	 2.01	 1	 -45.8857	  168.7147
9.819	 2.64	 1	 -42.4568	  173.1317
9.826	 2.10	 2	 -42.9837	  173.0418
9.829	 3.90	 1	 -41.8489	  173.1608
9.829	 2.16	 2	 -42.3645	  173.1495
9.832	 2.61	 2	 -41.8639	  173.1714
9.833	 2.56	 2	 -41.0839	  173.2517
9.833	 2.46	 1	 -42.2977	  172.7977
9.839	 2.10	 1	 -42.2665	  173.6741
9.850	 2.89	 1	 -43.6090	  172.1638
9.853	 2.08	 1	 -41.7709	  174.2074
9.878	 2.08	 1	 -43.1789	  173.8943
9.881	 3.15	 1	 -42.4910	  172.9926
9.882	 3.85	 2	 -42.5594	  173.1579
9.883	 2.74	 2	 -42.4882	  172.9776
9.893	 2.32	 1	 -41.2160	  167.2436
9.902	 3.33	 1	 -42.7150	  173.2030
9.903	 2.77	 1	 -42.2093	  170.4204
9.907	 2.49	 1	 -40.0128	  172.4063
9.919	 2.39	 1	 -43.1941	  172.7462
9.926	 2.22	 1	 -41.8086	  172.5768
9.927	 2.24	 1	 -42.0087	  174.0672
9.929	 2.15	 3	 -42.5521	  173.1528
9.944	 2.18	 1	 -43.3674	  174.4733
9.967	 2.22	 1	 -42.8226	  173.0039
9.969	 2.82	 1	 -41.8419	  173.9539
9.973	 2.24	 1	 -42.5903	  173.3973
9.977	 2.19	 1	 -43.2388	  174.4263
9.981	 2.31	 1	 -41.0088	  173.5374
9.984	 3.34	 1	 -42.7504	  173.5870
9.990	 2.17	 2	 -42.7578	  173.5803
10.000	 2.31	 1	 -42.7900	  173.3024
10.004	 2.48	 1	 -43.0741	  175.2904
10.008	 2.71	 1	 -42.3242	  172.9024
10.008	 2.53	 2	 -42.3244	  172.9025
10.026	 2.04	 2	 -42.2141	  173.5383
10.027	 2.23	 2	 -41.7767	  174.3058
10.027	 3.05	 1	 -42.3077	  173.1357
10.030	 2.69	 1	 -42.4837	  173.8710
10.034	 2.05	 1	 -42.5844	  172.5188
10.044	 2.22	 1	 -43.1684	  173.4437
10.076	 2.30	 1	 -43.3630	  174.0153
10.083	 2.05	 1	 -42.4691	  173.2207
10.084	 2.11	 1	 -43.6256	  172.7626
10.090	 2.22	 1	 -42.6505	  173.0924
10.093	 2.36	 1	 -39.4583	  169.1306
10.102	 2.66	 1	 -42.9413	  172.9435
10.102	 2.27	 1	 -42.7998	  173.5299
10.109	 2.02	 2	 -42.2946	  173.1294
10.126	 2.03	 1	 -43.0041	  173.0749
10.129	 2.03	 1	 -42.0287	  176.5965
10.129	 2.10	 1	 -43.1726	  172.9603
10.134	 2.18	 1	 -41.7301	  174.2198
10.135	 2.80	 1	 -43.2492	  172.3158
10.149	 2.39	 1	 -43.0938	  173.2689
10.155	 2.55	 1	 -44.8303	  173.0519
10.155	 2.04	 1	 -42.7866	  173.3945
10.156	 2.25	 1	 -42.4563	  173.1154
10.165	 2.57	 1	 -42.8851	  173.4521
10.166	 2.48	 1	 -42.3514	  172.2811
10.169	 2.39	 1	 -41.7149	  174.3480
10.176	 2.20	 1	 -42.9177	  173.1861
10.176	 2.01	 1	 -42.6803	  172.8706
10.177	 3.03	 1	 -42.5660	  173.1617
10.184	 2.70	 2	 -44.8288	  173.0527
10.186	 2.31	 1	 -42.4134	  173.2800
10.188	 2.18	 1	 -41.7751	  174.2316
10.211	 3.42	 1	 -42.2826	  173.7361
10.212	 2.55	 1	 -41.7185	  174.1240
10.214	 2.53	 1	 -41.9241	  173.7741
10.216	 2.23	 2	 -42.2753	  173.7399
10.219	 2.47	 1	 -41.2645	  172.5089
10.225	 2.27	 1	 -42.6026	  173.2273
10.227	 2.09	 1	 -42.9170	  172.7266
10.229	 2.22	 2	 -42.4940	  173.2419
10.235	 2.04	 1	 -42.9136	  172.6712
10.236	 2.43	 1	 -41.8389	  172.7898
10.237	 2.47	 2	 -42.0825	  173.0429
10.244	 2.14	 1	 -41.3401	  173.0063
10.248	 2.18	 1	 -42.5632	  173.1906
10.251	 2.25	 2	 -42.9170	  173.1857
10.251	 2.11	 2	 -46.3297	  169.3969
10.260	 2.57	 2	 -43.0093	  173.3025
10.263	 3.06	 1	 -43.8642	  173.4941
10.272	 2.63	 1	 -42.7309	  173.0124
10.281	 2.82	 1	 -42.2303	  173.7605
10.287	 2.71	 1	 -41.8537	  173.9539
10.290	 2.78	 1	 -42.3815	  173.9625
10.296	 2.24	 1	 -44.9641	  177.4093
10.298	 2.23	 2	 -41.8396	  174.0871
10.299	 2.30	 1	 -42.1193	  179.0900
10.307	 2.22	 1	 -42.4429	  173.2932
10.311	 2.53	 1	 -42.0040	  174.0520
10.311	 2.32	 1	 -43.0205	  172.4268
10.320	 2.55	 1	 -42.3978	  173.6215
10.322	 3.06	 1	 -41.1670	  170.4940
10.338	 2.24	 2	 -43.0303	  172.5169
10.339	 2.11	 1	 -42.6694	  172.3289
10.348	 2.04	 1	 -40.6691	  172.3602
10.385	 2.50	 1	 -42.6220	  173.6332
10.386	 2.27	 1	 -43.8848	  170.5809
10.387	 2.14	 1	 -41.7556	  174.1886
10.391	 3.38	 1	 -41.3651	  168.0856
10.393	 2.48	 1	 -44.3350	  170.1052
10.393	 2.14	 2	 -41.3636	  168.1090
10.393	 2.24	 1	 -43.4266	  173.6263
10.396	 2.00	 2	 -41.3848	  168.0503
10.399	 2.27	 2	 -41.2818	  168.1520
10.405	 2.26	 1	 -43.2354	  172.7306
10.416	 2.16	 1	 -42.1813	  173.6009
10.420	 2.24	 1	 -43.0251	  172.9849
10.424	 2.29	 1	 -42.2968	  172.7831
10.445	 2.02	 1	 -42.0967	  173.7310
10.447	 2.17	 1	 -43.0787	  172.7613
10.461	 2.38	 1	 -42.5814	  173.0883
10.461	 2.25	 1	 -42.9320	  173.1660
10.464	 2.32	 1	 -41.4592	  171.3407
10.466	 3.23	 1	 -42.8395	  172.8270
10.475	 2.05	 1	 -42.4460	  179.1307
10.481	 2.01	 1	 -43.0757	  172.1709
10.488	 2.29	 1	 -42.7653	  173.1113
10.490	 2.60	 2	 -43.0726	  172.1737
10.507	 2.85	 1	 -42.4733	  172.8118
10.508	 2.25	 1	 -42.6576	  172.7715
10.524	 2.71	 1	 -42.2676	  173.7881
10.525	 2.23	 1	 -41.9416	  171.6163
10.528	 2.47	 1	 -42.8364	  172.1778
10.533	 2.33	 1	 -41.7002	  174.2762
10.534	 2.30	 1	 -42.5764	  172.2818
10.540	 2.19	 1	 -42.7887	  173.0034
10.543	 2.65	 1	 -43.2162	  166.9460
10.557	 2.33	 1	 -42.8777	  173.3430
10.559	 2.33	 1	 -41.9377	  174.2215
10.561	 2.38	 1	 -41.6768	  173.6709
10.576	 2.26	 2	 -41.6139	  173.5633
10.586	 2.01	 1	 -42.5083	  172.3746
10.588	 2.01	 1	 -42.2496	  173.7301
10.589	 2.33	 1	 -42.5021	  173.2330
10.591	 2.55	 1	 -42.8496	  172.9689
10.598	 2.13	 1	 -42.6011	  174.3010
10.605	 2.13	 1	 -42.3818	  173.4423
10.608	 2.42	 1	 -42.7043	  172.7107
10.611	 2.59	 1	 -38.6358	  174.4066
10.618	 2.64	 1	 -42.8155	  173.2845
10.630	 2.20	 2	 -43.1712	  173.8107
10.633	 3.25	 1	 -47.1459	  172.1757
10.635	 2.21	 1	 -42.6228	  173.0782
10.636	 2.70	 2	 -43.0790	  172.5536
10.643	 2.11	 2	 -47.1589	  172.2081
10.644	 2.49	 1	 -42.0774	  174.1225
10.649	 2.46	 1	 -43.4651	  171.8910
10.664	 2.30	 1	 -42.9509	  173.4516
10.669	 2.71	 1	 -46.6158	  176.0115
10.673	 2.42	 1	 -42.4107	  173.0720
10.677	 2.20	 2	 -47.2152	  172.1472
10.683	 2.01	 1	 -41.9336	  173.6811
10.686	 2.40	 1	 -42.8395	  173.4680
10.696	 2.55	 1	 -43.9790	  175.8473
10.696	 2.11	 1	 -44.9411	  173.1584
10.699	 2.15	 1	 -41.9355	  172.5363
10.701	 2.35	 2	 -44.9510	  173.1368
10.701	 2.34	 4	 -43.1736	  174.4890
10.703	 3.15	 2	 -41.9388	  173.6729
10.704	 2.87	 1	 -43.0196	  173.4639
10.704	 2.87	 2	 -43.0175	  173.4630
10.707	 2.19	 3	 -41.9231	  173.6756
10.717	 2.06	 1	 -39.4413	  173.1943
10.720	 3.47	 1	 -41.7439	  174.3418
10.720	 2.05	 2	 -41.7523	  174.3420
10.721	 2.13	 1	 -43.1152	  173.2024
10.723	 2.13	 2	 -41.7723	  174.3944
10.726	 2.15	 1	 -42.9270	  172.8754
10.729	 2.22	 1	 -42.3321	  172.8017
10.731	 2.34	 2	 -41.7592	  174.3124
10.731	 2.07	 1	 -41.7817	  174.2395
10.735	 2.49	 1	 -42.1680	  173.6182
10.742	 3.64	 1	 -42.8080	  172.3953
10.745	 2.61	 1	 -39.8185	  170.6185
10.748	 2.64	 1	 -42.2528	  173.8947
10.756	 2.44	 2	 -42.9006	  171.6446
10.756	 2.45	 1	 -44.7798	  178.4409
10.756	 2.14	 1	 -42.8760	  172.1521
10.757	 2.35	 2	 -44.7827	  178.4393
10.770	 2.01	 1	 -42.7140	  174.0897
10.785	 2.55	 1	 -42.5495	  173.1485
10.787	 2.02	 1	 -41.7609	  174.2393
10.788	 2.04	 1	 -43.0561	  172.1044
10.788	 3.45	 2	 -46.6518	  175.9611
10.794	 2.19	 1	 -40.8437	  178.5989
10.794	 2.47	 1	 -42.1353	  173.6895
10.796	 2.05	 1	 -42.8264	  173.4638
10.811	 2.05	 1	 -44.8906	  173.8276
10.813	 3.72	 1	 -42.2470	  173.6154
10.818	 2.12	 1	 -38.5114	  170.7711
10.826	 2.02	 1	 -43.1940	  173.0744
10.827	 2.88	 2	 -42.2543	  173.5800
10.833	 2.12	 2	 -43.8867	  170.5842
10.834	 2.31	 1	 -46.8808	  170.7958
10.834	 2.55	 1	 -42.3194	  171.7835
10.835	 2.89	 1	 -42.5485	  173.1864
10.836	 2.84	 1	 -41.6678	  174.3450
10.838	 2.08	 1	 -41.1374	  171.1344
10.844	 2.42	 1	 -41.3811	  172.0836
10.854	 2.44	 1	 -43.1167	  172.6429
10.861	 2.64	 1	 -41.7035	  173.0144
10.867	 2.04	 3	 -43.1687	  174.5789
10.898	 2.58	 1	 -42.4586	  172.3917
10.904	 2.11	 1	 -42.2854	  173.7085
10.906	 2.50	 1	 -42.1214	  173.9166
10.909	 2.56	 1	 -41.3442	  169.5677
10.912	 2.49	 1	 -41.6189	  173.1064
10.914	 2.82	 1	 -42.5825	  172.9502
10.918	 2.45	 1	 -42.0985	  173.9281
10.920	 3.23	 1	 -42.4036	  172.6909
10.920	 2.15	 1	 -39.5574	  169.3233
10.929	 2.00	 1	 -42.4570	  172.4418
10.929	 2.24	 1	 -46.6437	  175.9426
10.931	 3.05	 1	 -42.7693	  172.8568
10.932	 2.86	 2	 -42.8394	  172.8295
10.936	 2.10	 1	 -42.8963	  172.4041
10.948	 2.40	 1	 -42.3518	  174.2489
10.951	 2.47	 1	 -42.8218	  173.2429
10.965	 2.18	 1	 -42.3607	  173.7158
10.987	 2.13	 1	 -43.2755	  173.4517
10.992	 3.52	 1	 -42.7738	  172.9686
10.993	 2.22	 2	 -42.1354	  173.6900
11.005	 2.20	 1	 -42.3799	  173.0307
11.006	 2.01	 1	 -42.1471	  173.0821
11.016	 2.44	 1	 -42.0197	  166.9732
11.020	 2.22	 1	 -42.9015	  172.1629
11.021	 2.13	 2	 -42.7741	  172.9693
11.045	 2.20	 1	 -41.9260	  172.9623
11.045	 2.09	 1	 -42.6717	  172.2829
11.049	 2.30	 1	 -42.2562	  174.1540
11.051	 2.32	 2	 -42.7217	  172.6630
11.052	 2.00	 1	 -42.3409	  173.8491
11.054	 2.16	 1	 -42.8078	  173.1048
11.058	 4.04	 1	 -41.8052	  174.0726
11.058	 2.64	 2	 -41.8037	  174.0867
11.061	 2.19	 2	 -41.7873	  174.0671
11.063	 2.05	 1	 -40.7631	  170.3778
11.064	 2.04	 1	 -42.2205	  173.5835
11.066	 2.08	 2	 -42.0000	  174.5183
11.067	 2.09	 1	 -43.4979	  172.8563
11.070	 2.30	 1	 -42.5737	  173.1276
11.076	 2.75	 1	 -42.4388	  173.6156
11.079	 2.63	 1	 -42.4474	  173.8116
11.084	 3.75	 1	 -42.6535	  173.7225
11.084	 2.65	 2	 -42.5773	  173.7413
11.093	 2.04	 1	 -42.9379	  173.0029
11.093	 2.05	 2	 -42.9376	  173.0023
11.101	 2.18	 1	 -42.6800	  172.9316
11.105	 2.43	 1	 -42.8124	  172.8606
11.114	 2.64	 2	 -42.6611	  173.7321
11.123	 2.12	 1	 -43.2911	  172.5915
11.139	 2.21	 3	 -42.3434	  174.0600
11.141	 2.64	 1	 -42.6140	  172.8445
11.142	 3.24	 1	 -42.5556	  173.2191
11.148	 2.48	 1	 -41.2292	  174.1770
11.167	 2.15	 1	 -42.8366	  172.4885
11.176	 2.17	 1	 -41.9181	  173.4957
11.203	 2.00	 1	 -43.7172	  173.7785
11.211	 2.09	 1	 -42.6608	  172.7974
11.212	 2.39	 1	 -42.6604	  173.4489
11.212	 2.00	 1	 -40.4757	  178.3448
11.217	 2.06	 1	 -42.7527	  173.3107
11.219	 3.11	 1	 -42.4780	  173.1416
11.221	 2.41	 2	 -41.7967	  174.0591
11.223	 2.38	 1	 -42.3310	  166.9241
11.228	 2.15	 1	 -43.5182	  173.2393
11.242	 2.00	 1	 -41.7935	  173.8098
11.258	 2.50	 1	 -41.5206	  173.9232
11.258	 2.06	 1	 -42.9872	  172.9901
11.266	 3.87	 1	 -41.7030	  172.1099
11.268	 2.29	 2	 -41.7029	  172.1215
11.271	 2.80	 1	 -43.3252	  173.5137
11.272	 2.10	 1	 -43.0583	  176.3354
11.274	 2.28	 2	 -43.0599	  176.3160
11.277	 2.16	 1	 -43.1420	  176.7121
11.277	 3.17	 1	 -42.7240	  172.7039
11.280	 2.09	 1	 -42.9872	  175.7220
11.283	 3.46	 1	 -42.1032	  173.8944
11.290	 2.12	 1	 -42.6074	  172.8972
11.293	 2.88	 1	 -42.3237	  173.3636
11.294	 2.64	 1	 -42.0607	  171.3874
11.297	 2.06	 1	 -42.7023	  172.7224
11.300	 2.09	 1	 -41.1466	  171.3620
11.300	 2.49	 1	 -43.0353	  173.9532
11.304	 3.42	 1	 -41.6716	  174.2794
11.307	 2.10	 1	 -41.4244	  173.3542
11.310	 2.62	 1	 -43.4358	  172.6853
11.323	 2.00	 1	 -42.5882	  173.6479
11.328	 2.75	 2	 -42.3201	  173.3639
11.337	 2.21	 1	 -42.8776	  172.6541
11.337	 2.15	 2	 -42.6604	  172.7971
11.348	 2.26	 2	 -42.8711	  172.6819
11.358	 2.27	 1	 -42.1389	  172.9074
11.362	 2.64	 2	 -42.7070	  172.8016
11.367	 2.65	 2	 -42.7615	  172.3214
11.372	 2.73	 1	 -42.6487	  173.0619
11.374	 3.55	 1	 -43.4941	  173.6042
11.374	 2.27	 1	 -43.4961	  172.6988
11.389	 2.08	 1	 -41.5140	  174.2238
11.395	 2.95	 1	 -42.7000	  173.6306
11.398	 2.47	 1	 -42.7153	  173.0093
11.405	 2.11	 1	 -43.0209	  172.4334
11.405	 3.40	 1	 -42.5747	  172.6146
11.410	 2.20	 1	 -41.7304	  174.1941
11.417	 3.23	 2	 -43.4955	  173.5984
11.420	 2.20	 1	 -42.2451	  173.9562
11.433	 2.72	 1	 -43.0164	  172.5554
11.434	 2.28	 1	 -43.7242	  173.5746
11.435	 2.08	 2	 -42.4941	  172.7316
11.437	 2.13	 1	 -42.6928	  173.2076
11.438	 2.63	 1	 -42.9836	  172.9666
11.440	 2.40	 1	 -42.0195	  173.9147
11.442	 2.00	 1	 -41.7649	  174.0790
11.448	 2.03	 2	 -42.9835	  172.9668
11.452	 2.39	 1	 -42.1332	  174.0090
11.454	 2.20	 1	 -42.3353	  174.0663
11.461	 2.08	 1	 -43.0808	  173.3377
11.470	 2.62	 1	 -42.7782	  172.1422
11.470	 2.04	 1	 -41.5970	  172.8862
11.482	 2.38	 1	 -41.7222	  174.3227
11.514	 2.24	 1	 -43.1622	  172.5299
11.520	 2.93	 2	 -42.5814	  173.6910
11.521	 2.44	 1	 -47.0036	  171.2827
11.523	 2.38	 1	 -41.9119	  171.4759
11.525	 2.20	 1	 -42.3052	  172.9419
11.526	 2.34	 1	 -43.2851	  166.9577
11.526	 2.42	 1	 -41.9880	  174.3204
11.530	 2.84	 1	 -43.0882	  174.7678
11.532	 2.42	 1	 -41.9744	  173.0194
11.541	 2.20	 2	 -42.8467	  172.4498
11.547	 3.15	 1	 -42.9651	  174.5906
11.547	 2.57	 1	 -42.4550	  173.7429
11.549	 2.05	 1	 -42.7489	  173.0255
11.550	 2.15	 1	 -41.5746	  172.7173
11.555	 2.25	 2	 -41.8260	  173.2262
11.561	 2.87	 1	 -42.0616	  174.3457
11.565	 3.48	 1	 -42.4707	  173.3542
11.565	 2.57	 2	 -42.4785	  173.3536
11.568	 2.34	 2	 -43.0791	  172.5755
11.571	 2.04	 1	 -42.8053	  173.4039
11.576	 2.17	 1	 -42.4152	  173.7930
11.590	 2.08	 2	 -41.8011	  174.0826
11.611	 3.23	 1	 -43.7987	  172.8167
11.611	 2.18	 1	 -43.1845	  172.5365
11.620	 2.12	 2	 -42.7465	  173.1992
11.623	 2.36	 1	 -42.2131	  173.5880
11.629	 2.27	 1	 -42.9290	  172.9672
11.637	 2.15	 1	 -42.9817	  172.4765
11.645	 2.57	 1	 -42.6561	  172.7983
11.647	 2.09	 2	 -41.6967	  172.1178
11.648	 2.02	 2	 -42.7726	  172.1208
11.649	 2.26	 2	 -41.6501	  174.1913
11.659	 2.03	 1	 -42.4085	  174.3394
11.662	 3.18	 1	 -42.6204	  172.7058
11.663	 2.27	 1	 -41.6989	  174.7984
11.672	 2.16	 1	 -44.1143	  178.2959
11.675	 2.06	 1	 -42.8047	  172.8273
11.677	 2.12	 1	 -41.6425	  173.5321
11.682	 2.76	 1	 -42.2909	  173.8009
11.710	 2.01	 1	 -42.7791	  173.1267
11.711	 3.62	 1	 -41.8242	  172.0363
11.711	 2.60	 2	 -41.7735	  172.0224
11.713	 2.59	 2	 -41.8251	  172.0084
11.716	 2.76	 1	 -42.2846	  173.8185
11.729	 2.07	 1	 -42.8925	  172.3024
11.734	 3.20	 2	 -42.7412	  173.5592
11.735	 3.38	 1	 -41.2258	  175.3283
11.746	 2.05	 3	 -42.7324	  173.5455
11.751	 2.98	 1	 -43.0876	  172.8910
11.755	 2.02	 1	 -42.3336	  172.8993
11.762	 2.00	 2	 -42.2544	  173.8935
11.764	 2.31	 2	 -41.8251	  172.0212
11.777	 2.17	 1	 -42.8166	  172.9421
11.786	 2.13	 2	 -41.6535	  172.1055
11.804	 2.44	 1	 -43.4325	  173.9924
11.819	 2.03	 1	 -42.3329	  167.6911
11.820	 4.15	 1	 -42.6168	  173.4793
11.824	 2.62	 1	 -42.8249	  173.0230
11.825	 2.36	 2	 -42.6026	  173.5295
11.827	 2.05	 1	 -41.7996	  174.2300
11.830	 2.15	 1	 -41.9553	  170.5322
11.840	 2.60	 1	 -42.8952	  173.2011
11.857	 2.24	 1	 -42.5396	  172.4897
11.876	 2.13	 1	 -41.7868	  174.2191
11.878	 2.11	 1	 -41.3783	  173.9560
11.881	 2.58	 1	 -43.3504	  172.5367
11.887	 2.09	 2	 -42.2160	  173.6843
11.887	 3.86	 1	 -43.6397	  172.8975
11.887	 2.03	 2	 -42.3539	  173.8108
11.889	 2.05	 2	 -44.3076	  172.5417
11.889	 2.16	 2	 -43.5847	  172.9124
11.890	 2.00	 1	 -42.7393	  172.7619
11.892	 2.43	 2	 -43.6169	  172.9340
11.898	 2.40	 2	 -42.6499	  173.4606
11.907	 2.06	 2	 -43.4338	  173.3954
11.908	 2.56	 1	 -41.7072	  174.2840
11.909	 2.11	 1	 -43.4067	  171.9281
11.920	 2.55	 1	 -41.7520	  174.2811
11.923	 2.24	 1	 -38.3124	  171.6386
11.926	 2.05	 1	 -42.7185	  173.4091
11.928	 2.11	 1	 -43.0762	  172.6712
11.949	 3.18	 1	 -42.8868	  173.0633
11.950	 2.66	 1	 -42.2102	  173.5423
11.962	 2.34	 1	 -41.6727	  174.2695
11.967	 3.09	 1	 -42.6003	  171.9081
11.968	 2.30	 1	 -41.4079	  173.3489
11.970	 2.77	 1	 -41.7455	  174.2565
11.971	 2.18	 1	 -42.3147	  173.5805
11.985	 2.35	 1	 -42.7110	  172.9653
11.989	 2.58	 1	 -40.3102	  172.3818
12.004	 2.17	 1	 -41.9334	  173.5314
12.017	 2.26	 1	 -42.7252	  173.1768
12.032	 2.38	 1	 -43.7132	  174.0049
12.041	 3.36	 1	 -43.3198	  173.1510
12.045	 2.03	 1	 -41.9611	  174.0171
12.060	 2.74	 1	 -41.6232	  174.5186
12.073	 2.33	 1	 -44.1914	  172.8645
12.081	 3.08	 1	 -42.2990	  173.7448
12.083	 2.16	 1	 -41.8550	  172.9212
12.092	 2.05	 2	 -42.6368	  172.9567
12.099	 2.04	 1	 -43.5008	  171.1037
12.102	 2.18	 1	 -42.8749	  172.2459
12.103	 2.17	 1	 -42.2827	  173.1136
12.107	 2.34	 1	 -42.9057	  173.2173
12.109	 2.25	 1	 -42.3367	  173.8489
12.112	 2.76	 1	 -42.5133	  174.1848
12.134	 2.03	 1	 -42.7561	  172.9494
12.134	 2.31	 1	 -42.0014	  174.1242
12.136	 2.40	 1	 -41.6591	  174.3142
12.141	 2.12	 1	 -45.2835	  169.5774
12.144	 2.01	 2	 -42.5954	  171.9075
12.156	 2.12	 1	 -44.4134	  172.6498
12.157	 3.47	 1	 -42.7312	  173.2239
12.164	 2.46	 1	 -41.3660	  172.1192
12.166	 2.20	 1	 -42.8748	  174.8439
12.173	 3.14	 1	 -42.3475	  173.1493
12.186	 2.81	 1	 -41.9939	  172.7909
12.186	 3.43	 1	 -42.7820	  173.1208
12.186	 2.98	 2	 -42.8364	  173.1142
12.189	 2.17	 2	 -42.0623	  172.8278
12.191	 2.62	 1	 -42.9959	  173.4043
12.195	 2.04	 1	 -42.6485	  173.1353
12.198	 2.01	 1	 -47.1661	  172.4042
12.216	 2.27	 1	 -42.5403	  171.4545
12.218	 2.71	 1	 -40.2473	  170.2956
12.219	 2.23	 1	 -43.2439	  173.0368
12.226	 2.43	 1	 -42.4622	  173.7756
12.235	 2.49	 1	 -41.7428	  174.2881
12.243	 2.11	 1	 -42.9717	  172.6738
12.258	 2.16	 1	 -43.5603	  172.3225
12.265	 2.66	 1	 -42.3437	  174.8195
12.268	 2.68	 1	 -45.8839	  168.7123
12.285	 2.30	 2	 -43.6426	  172.8888
12.286	 3.58	 1	 -42.1870	  172.4903
12.299	 2.04	 2	 -42.6186	  173.4596
12.303	 2.13	 1	 -42.3042	  173.6281
12.306	 2.14	 1	 -42.0291	  173.7204
12.311	 2.11	 1	 -41.8475	  174.5907
12.314	 2.27	 1	 -42.5296	  166.9084
12.325	 2.21	 1	 -42.7018	  173.5001
12.380	 2.46	 1	 -42.4717	  173.1672
12.383	 2.15	 1	 -42.3048	  172.6073
12.392	 2.06	 1	 -42.0060	  173.8465
12.395	 2.27	 1	 -41.3646	  172.1308
12.397	 2.89	 1	 -41.9148	  173.9655
12.406	 2.81	 2	 -43.4008	  173.2074
12.408	 2.57	 3	 -43.4001	  173.1991
12.419	 2.58	 1	 -42.0772	  174.0391
12.422	 2.83	 1	 -42.7935	  173.6285
12.429	 3.33	 1	 -42.1193	  173.1238
12.435	 2.11	 1	 -42.3512	  173.3894
12.440	 2.07	 3	 -43.1662	  174.5086
12.443	 2.05	 1	 -42.8284	  172.8086
12.448	 2.38	 2	 -42.7802	  173.1239
12.450	 2.25	 1	 -42.4822	  173.8714
12.462	 2.14	 1	 -42.0854	  173.7423
12.469	 2.27	 2	 -42.0811	  173.7531
12.469	 2.12	 1	 -42.7102	  173.3614
12.470	 2.24	 1	 -42.6944	  172.9180
12.473	 2.23	 1	 -40.1408	  173.9091
12.478	 2.18	 1	 -43.3479	  173.5877
12.484	 2.74	 1	 -42.2395	  173.6050
12.485	 2.19	 1	 -42.0017	  173.5346
12.487	 2.48	 1	 -42.9268	  173.2346
12.491	 2.54	 1	 -42.3572	  173.4528
12.503	 2.68	 1	 -40.9596	  174.3816
12.505	 2.13	 1	 -42.7691	  172.9496
12.506	 2.57	 1	 -42.8507	  169.9529
12.514	 2.75	 1	 -43.4794	  172.6264
12.539	 2.88	 1	 -42.0440	  173.7451
12.539	 3.27	 1	 -41.7472	  174.2023
12.542	 2.57	 1	 -42.5688	  173.7730
12.547	 2.02	 1	 -43.4322	  173.1223
12.557	 2.29	 1	 -41.7591	  174.5585
12.558	 2.09	 1	 -46.0239	  171.7773
12.563	 2.16	 2	 -41.7051	  174.3046
12.573	 2.01	 1	 -42.4625	  173.1594
12.576	 2.16	 1	 -43.1242	  173.1324
12.590	 2.01	 1	 -44.7454	  174.1722
12.590	 2.15	 2	 -42.8460	  169.9476
12.630	 3.07	 1	 -41.9835	  173.9234
12.638	 2.27	 1	 -43.0312	  172.8088
12.642	 2.16	 1	 -42.6635	  172.4718
12.642	 2.06	 1	 -42.3142	  173.5448
12.653	 2.11	 1	 -42.5801	  172.6894
12.653	 2.07	 1	 -45.9516	  172.6953
12.660	 2.05	 1	 -43.0242	  173.0184
12.661	 2.23	 1	 -42.4924	  173.1789
12.663	 2.40	 1	 -43.8758	  172.2689
12.675	 2.19	 2	 -42.5722	  173.7604
12.683	 2.03	 1	 -42.9052	  173.0447
12.692	 2.20	 2	 -42.5501	  173.2929
12.697	 2.52	 1	 -42.0776	  173.4109
12.699	 2.04	 2	 -42.8639	  172.2578
12.706	 2.04	 1	 -42.9244	  172.7959
12.708	 2.50	 1	 -42.1821	  173.9223
12.715	 2.70	 1	 -42.6463	  174.4834
12.715	 2.03	 1	 -43.8641	  170.5783
12.715	 2.38	 1	 -44.0903	  173.5348
12.724	 2.40	 1	 -41.9647	  173.9879
12.728	 2.27	 1	 -43.3317	  174.3591
12.737	 2.27	 1	 -43.9762	  172.7038
12.747	 2.22	 1	 -43.6224	  174.7230
12.752	 2.40	 1	 -43.5397	  173.5629
12.763	 2.77	 2	 -41.2210	  175.3307
12.792	 2.97	 2	 -42.4881	  173.8755
12.805	 3.00	 1	 -41.9455	  173.7786
12.815	 2.06	 1	 -46.0338	  172.8377
12.823	 2.20	 1	 -42.6826	  173.2495
12.823	 3.35	 1	 -42.9605	  173.3823
12.828	 2.46	 1	 -42.0291	  172.7608
12.838	 2.17	 1	 -41.6625	  172.1947
12.842	 2.48	 1	 -42.5604	  173.0500
12.850	 2.19	 1	 -41.6890	  174.2786
12.856	 2.45	 3	 -42.4609	  173.8988
12.861	 2.51	 1	 -44.0260	  168.0131
12.862	 2.42	 2	 -43.1190	  173.3860
12.883	 2.11	 2	 -43.0932	  172.5830
12.886	 2.23	 1	 -42.8189	  172.1439
12.890	 2.23	 1	 -41.3001	  167.7470
12.898	 2.15	 1	 -43.0796	  173.3424
12.938	 2.42	 1	 -42.6747	  173.4145
12.953	 2.54	 1	 -39.7117	  177.6026
12.954	 2.69	 1	 -43.3495	  172.0014
12.958	 2.15	 1	 -42.8131	  173.3849
12.966	 2.02	 1	 -42.9907	  172.8324
12.972	 2.40	 1	 -42.4391	  173.6286
12.988	 2.01	 1	 -42.4711	  173.6468
12.993	 2.20	 1	 -42.8034	  172.8814
12.999	 2.25	 1	 -41.7544	  174.3212
13.002	 3.57	 1	 -42.5162	  172.8326
13.012	 2.17	 1	 -41.3287	  171.3450
13.014	 2.43	 1	 -42.9531	  174.4996
13.015	 2.94	 2	 -41.3290	  171.3484
13.022	 2.03	 1	 -43.3658	  172.2287
13.042	 2.46	 1	 -42.7843	  174.2719
13.042	 2.18	 1	 -42.2713	  173.7495
13.054	 2.00	 1	 -42.4136	  172.5041
13.056	 2.10	 1	 -42.9592	  171.5354
13.059	 2.82	 1	 -41.8246	  174.3259
13.070	 2.82	 1	 -42.2869	  171.8744
13.071	 2.00	 1	 -42.7431	  173.0294
13.072	 2.28	 1	 -42.9270	  172.8485
13.094	 2.64	 1	 -42.8485	  173.9305
13.097	 2.21	 1	 -42.3841	  172.8414
13.098	 2.19	 1	 -42.7389	  173.9241
13.100	 2.57	 1	 -39.8793	  174.5458
13.114	 2.11	 1	 -40.8369	  171.8067
13.114	 3.04	 1	 -42.6110	  173.1052
13.115	 2.07	 1	 -42.3674	  172.8000
13.117	 2.11	 1	 -42.5592	  171.3047
13.118	 2.01	 2	 -42.5582	  171.3079
13.123	 3.07	 1	 -46.7994	  170.5309
13.125	 2.48	 2	 -42.7702	  172.9412
13.144	 2.73	 1	 -43.3199	  173.4238
13.149	 3.31	 1	 -41.7999	  174.1799
13.150	 3.93	 3	 -42.3586	  174.0124
13.153	 2.07	 4	 -42.2671	  173.8498
13.158	 2.59	 1	 -39.6974	  170.1098
13.162	 2.15	 4	 -42.3650	  173.9974
13.166	 2.28	 4	 -42.3170	  173.9691
13.170	 2.49	 4	 -42.3783	  174.0356
13.172	 2.63	 1	 -46.0139	  173.4574
13.172	 2.57	 2	 -45.9918	  173.4794
13.172	 2.52	 1	 -43.2165	  172.3850
13.174	 2.12	 1	 -40.1114	  178.0316
13.175	 2.08	 1	 -42.5862	  173.1484
13.181	 3.09	 1	 -42.5451	  173.0874
13.188	 2.15	 1	 -42.3620	  172.2097
13.197	 2.50	 1	 -42.0910	  173.5407
13.198	 2.02	 1	 -40.7673	  175.2847
13.198	 2.48	 1	 -42.5501	  173.3958
13.212	 2.63	 1	 -42.7748	  173.1133
13.215	 2.80	 2	 -42.1863	  172.4915
13.218	 2.16	 1	 -42.1054	  173.7734
13.221	 4.12	 1	 -43.9456	  173.9850
13.224	 2.04	 1	 -42.3532	  173.8967
13.227	 3.33	 1	 -42.4341	  172.8080
13.231	 2.36	 2	 -43.9725	  174.0720
13.234	 2.62	 1	 -42.8099	  173.2103
13.237	 3.34	 1	 -41.8973	  173.9851
13.267	 2.52	 1	 -42.0598	  172.5461
13.308	 3.66	 1	 -41.6055	  173.5419
13.312	 2.07	 2	 -42.7937	  166.9025
13.321	 2.29	 1	 -41.6941	  174.2786
13.339	 2.16	 1	 -42.7544	  173.6673
13.342	 3.69	 1	 -42.5727	  172.9789
13.342	 2.54	 2	 -42.5718	  173.0153
13.344	 3.34	 1	 -42.4398	  172.7671
13.346	 3.21	 4	 -42.3317	  173.9123
13.357	 2.33	 5	 -42.3340	  173.9138
13.359	 2.06	 1	 -42.6252	  173.2465
13.364	 2.14	 5	 -42.3753	  173.9507
13.372	 2.13	 1	 -41.7072	  174.2712
13.381	 3.69	 1	 -41.0009	  172.6626
13.385	 2.30	 2	 -43.9490	  174.0140
13.390	 2.12	 3	 -42.5693	  173.0191
13.427	 2.94	 1	 -43.7117	  175.5896
13.428	 2.21	 1	 -43.0971	  172.5864
13.429	 2.00	 1	 -42.9635	  173.7509
13.429	 2.39	 1	 -42.6252	  173.0578
13.438	 2.90	 1	 -41.6887	  174.2412
13.441	 2.26	 2	 -43.3207	  174.4909
13.443	 2.16	 2	 -41.8974	  173.9774
13.449	 2.92	 1	 -41.4314	  172.4307
13.451	 2.54	 1	 -42.9246	  173.1464
13.461	 2.72	 1	 -42.9943	  173.1024
13.462	 2.15	 2	 -42.5767	  172.9751
13.474	 2.49	 1	 -42.9386	  172.2930
13.475	 2.29	 2	 -41.6078	  173.5237
13.476	 2.21	 2	 -42.9955	  173.1014
13.483	 2.36	 1	 -41.5700	  173.6096
13.498	 2.28	 1	 -42.2401	  174.5397
13.503	 2.75	 1	 -43.5778	  173.8902
13.511	 2.05	 2	 -41.8941	  173.9861
13.511	 2.07	 1	 -42.2752	  173.5187
13.529	 3.00	 1	 -43.0275	  173.3850
13.534	 2.29	 1	 -42.9548	  173.5456
13.555	 2.09	 1	 -40.2636	  178.1706
13.571	 2.00	 1	 -42.4881	  172.6040
13.574	 2.39	 1	 -42.4037	  172.3013
13.574	 2.21	 1	 -41.7312	  174.2038
13.576	 2.02	 1	 -41.8124	  173.3655
13.583	 2.49	 1	 -46.4218	  169.6039
13.583	 2.01	 1	 -43.5063	  179.0389
13.606	 2.92	 2	 -43.5476	  173.1798
13.618	 2.22	 1	 -42.3077	  173.9093
13.620	 2.47	 1	 -41.6217	  174.3395
13.632	 2.52	 1	 -42.6058	  172.9830
13.633	 2.38	 1	 -41.6751	  174.2922
13.635	 2.30	 1	 -41.8175	  172.1469
13.637	 2.21	 1	 -41.0130	  173.9644
13.637	 2.07	 1	 -42.2931	  173.5734
13.650	 2.13	 1	 -43.1348	  172.4952
13.675	 2.23	 3	 -42.7259	  173.6008
13.698	 2.24	 1	 -42.5748	  173.9583
13.698	 2.14	 1	 -41.1763	  167.3950
13.718	 2.19	 1	 -42.5615	  172.9622
13.727	 2.68	 1	 -42.6061	  172.4951
13.728	 2.41	 1	 -42.1477	  173.5329
13.742	 2.01	 1	 -42.9067	  172.6367
13.749	 2.42	 1	 -42.5510	  172.2986
13.754	 2.39	 1	 -42.6051	  174.0962
13.754	 2.09	 1	 -43.8100	  174.1404
13.757	 2.50	 1	 -41.5902	  174.3246
13.778	 2.28	 1	 -43.3059	  172.8951
13.799	 2.07	 1	 -42.0681	  172.7335
13.805	 2.03	 2	 -43.9368	  173.9521
13.826	 2.04	 1	 -41.8234	  173.0063
13.827	 2.94	 1	 -43.4209	  173.0475
13.829	 3.92	 1	 -42.3729	  173.9890
13.831	 2.47	 1	 -41.7089	  174.3257
13.853	 2.67	 1	 -42.4120	  173.2363
13.870	 2.01	 1	 -42.5310	  173.0649
13.874	 2.03	 1	 -41.9341	  173.7408
13.891	 2.75	 1	 -41.7305	  174.3227
13.919	 2.45	 2	 -43.3103	  172.8950
13.926	 2.12	 1	 -42.7287	  173.7081
13.941	 2.15	 1	 -43.4794	  172.7272
13.955	 3.03	 1	 -42.1388	  172.6746
13.968	 2.31	 1	 -42.4594	  173.0685
13.980	 2.07	 1	 -42.5650	  173.1165
13.981	 2.30	 1	 -42.3232	  172.5789
