# Simulation 918
# RelativeTime(days) Magnitude Generation Latitude Longitude
Time Mag Gen Lat Lon
7.001	 4.56	 1	 -47.1841	  173.3131
7.008	 2.54	 1	 -40.7250	  173.4780
7.015	 3.11	 1	 -42.4798	  173.3976
7.017	 2.13	 1	 -42.1187	  173.7495
7.028	 2.07	 1	 -43.7965	  172.1358
7.038	 2.65	 1	 -44.6821	  174.1455
7.049	 2.31	 1	 -43.0507	  172.6194
7.055	 2.40	 1	 -43.0616	  174.0582
7.056	 2.04	 1	 -39.9693	  171.6679
7.058	 2.28	 1	 -40.2330	  168.5854
7.058	 2.13	 1	 -42.7123	  174.0353
7.063	 2.06	 1	 -38.5610	  170.6074
7.067	 2.45	 1	 -44.4829	  173.5552
7.069	 2.51	 1	 -43.2514	  174.4853
7.098	 2.23	 1	 -41.7536	  174.1968
7.099	 2.18	 1	 -43.2275	  173.1519
7.102	 2.36	 1	 -42.6247	  173.7487
7.117	 2.63	 1	 -41.7567	  174.2092
7.130	 2.85	 1	 -41.7819	  174.1839
7.131	 2.17	 1	 -42.6939	  172.3499
7.141	 2.56	 1	 -38.3965	  171.2155
7.147	 3.31	 1	 -42.8974	  173.1429
7.148	 2.34	 1	 -42.8014	  172.3729
7.151	 2.36	 1	 -42.5008	  172.7824
7.153	 2.09	 1	 -41.6495	  173.2153
7.158	 2.01	 1	 -39.9515	  174.9062
7.158	 2.88	 1	 -42.2960	  173.3145
7.160	 2.46	 1	 -45.8063	  177.4358
7.162	 2.09	 1	 -40.1959	  174.3173
7.167	 2.42	 1	 -42.5885	  173.0596
7.172	 2.19	 1	 -41.7632	  174.1481
7.182	 2.02	 2	 -43.3033	  172.9939
7.183	 3.06	 1	 -43.5376	  173.2944
7.196	 2.42	 1	 -42.4739	  172.3892
7.198	 2.45	 1	 -41.9627	  166.9854
7.215	 2.04	 1	 -42.9680	  171.7422
7.216	 2.02	 1	 -42.7653	  172.6776
7.216	 2.24	 1	 -42.8184	  172.5611
7.217	 3.51	 1	 -42.1224	  170.7204
7.218	 2.12	 1	 -45.4993	  172.3184
7.220	 2.57	 1	 -41.8494	  174.4395
7.223	 2.23	 1	 -38.2349	  173.8259
7.230	 2.76	 1	 -42.6718	  173.0351
7.231	 2.32	 1	 -41.9483	  171.3591
7.241	 2.09	 1	 -42.8573	  173.1654
7.262	 2.16	 1	 -42.5685	  173.3443
7.266	 2.34	 1	 -42.7620	  172.3958
7.276	 2.03	 1	 -43.0618	  171.9321
7.281	 2.12	 1	 -42.5240	  172.6450
7.285	 3.72	 1	 -42.9209	  172.5775
7.288	 2.06	 1	 -42.2177	  172.5116
7.291	 2.51	 1	 -43.1295	  172.6598
7.299	 2.43	 1	 -41.4458	  172.7604
7.302	 2.52	 1	 -42.6435	  172.9574
7.304	 4.74	 1	 -42.6565	  172.3643
7.304	 2.21	 1	 -43.0310	  173.2662
7.307	 2.32	 1	 -42.7442	  172.9642
7.309	 2.05	 1	 -42.4873	  173.2678
7.309	 2.02	 1	 -41.1856	  172.3544
7.310	 2.52	 1	 -42.8923	  172.6865
7.313	 2.84	 1	 -44.3199	  174.5562
7.314	 2.25	 1	 -39.7398	  175.0723
7.324	 2.76	 1	 -42.3894	  172.9867
7.331	 2.14	 1	 -41.7331	  174.1882
7.332	 2.96	 1	 -42.5560	  174.9642
7.336	 2.04	 1	 -42.1935	  173.2207
7.339	 2.60	 1	 -42.7362	  172.8531
7.342	 2.17	 1	 -42.4177	  173.7815
7.344	 2.00	 1	 -42.8087	  173.7371
7.346	 2.93	 1	 -42.6731	  174.1302
7.366	 2.17	 1	 -42.8954	  173.2649
7.373	 2.09	 1	 -42.1512	  173.8474
7.375	 2.38	 1	 -42.7507	  172.5319
7.379	 2.39	 1	 -42.7493	  172.8296
7.379	 2.16	 1	 -42.5713	  173.0156
7.399	 2.46	 1	 -44.4817	  178.3896
7.401	 2.40	 1	 -42.4469	  172.7660
7.403	 2.64	 1	 -41.7959	  173.4817
7.410	 2.19	 1	 -39.7485	  177.6464
7.410	 3.88	 1	 -42.8982	  173.2758
7.411	 3.91	 1	 -41.4042	  172.3353
7.412	 2.37	 1	 -42.7928	  172.7250
7.414	 2.38	 1	 -42.9037	  173.7929
7.417	 2.02	 1	 -42.4012	  173.7781
7.419	 3.65	 1	 -43.9911	  178.8793
7.420	 2.46	 1	 -42.9539	  173.4556
7.424	 2.22	 1	 -42.5087	  173.3497
7.427	 2.13	 1	 -42.4996	  171.4086
7.428	 3.69	 1	 -42.7519	  173.1868
7.434	 2.34	 1	 -43.3826	  171.2044
7.441	 2.02	 1	 -42.3735	  173.4114
7.448	 2.55	 1	 -42.0512	  173.4295
7.449	 2.07	 1	 -38.6357	  170.3835
7.452	 2.50	 1	 -43.1126	  173.1119
7.454	 2.42	 1	 -43.4059	  173.1484
7.458	 2.47	 1	 -43.4589	  173.3027
7.474	 2.30	 1	 -42.6923	  178.1399
7.482	 2.36	 2	 -43.5583	  173.2869
7.484	 2.09	 1	 -40.4211	  172.5967
7.485	 2.26	 1	 -39.5883	  170.2691
7.487	 2.50	 2	 -42.6887	  172.3644
7.489	 2.02	 1	 -42.7047	  171.9579
7.501	 2.11	 1	 -42.9899	  173.3705
7.502	 2.24	 1	 -42.7250	  170.5159
7.507	 2.56	 1	 -45.4512	  171.5236
7.508	 2.01	 1	 -42.5129	  172.8682
7.510	 2.23	 1	 -43.5320	  172.3352
7.517	 2.47	 1	 -43.2218	  172.7942
7.519	 2.15	 1	 -41.3297	  172.8752
7.522	 2.14	 1	 -43.9315	  169.4349
7.523	 3.35	 1	 -43.0917	  172.4554
7.523	 2.55	 1	 -42.1676	  172.4261
7.528	 2.10	 1	 -43.0782	  172.9850
7.541	 2.90	 1	 -41.9956	  173.8083
7.543	 2.57	 1	 -41.8489	  173.6702
7.543	 2.92	 1	 -42.5507	  174.8349
7.543	 2.06	 1	 -41.7727	  174.0519
7.544	 2.82	 1	 -42.4096	  171.0667
7.545	 2.24	 1	 -42.6425	  174.3002
7.547	 3.23	 1	 -42.1356	  177.3656
7.550	 2.01	 1	 -42.5342	  173.2045
7.553	 2.13	 1	 -40.3300	  167.8168
7.557	 2.35	 1	 -42.2407	  173.5046
7.558	 2.42	 1	 -42.5909	  173.1807
7.565	 2.35	 1	 -41.6771	  174.2735
7.565	 2.10	 1	 -41.7739	  174.2602
7.583	 2.98	 1	 -42.9926	  175.4352
7.594	 2.31	 1	 -42.9427	  172.4142
7.598	 2.15	 1	 -38.6940	  170.2235
7.609	 2.44	 1	 -43.1031	  172.7862
7.617	 2.33	 1	 -42.1066	  175.2410
7.617	 2.39	 1	 -42.9407	  172.3756
7.618	 3.06	 1	 -46.6706	  173.1907
7.620	 2.09	 1	 -42.1422	  172.6866
7.651	 3.33	 1	 -42.3256	  172.5374
7.652	 2.53	 1	 -43.1748	  171.5712
7.660	 4.14	 1	 -46.4901	  176.2982
7.662	 2.58	 1	 -42.5911	  172.6562
7.667	 2.79	 2	 -42.5443	  174.8633
7.668	 4.39	 1	 -41.7617	  174.2675
7.669	 2.37	 1	 -42.3238	  173.6923
7.676	 2.67	 1	 -43.3785	  173.2061
7.679	 2.41	 2	 -41.7479	  174.2646
7.680	 2.53	 1	 -42.7428	  172.3309
7.688	 2.01	 1	 -42.8477	  179.1363
7.695	 2.22	 1	 -44.1002	  172.6549
7.696	 2.14	 1	 -41.9336	  179.0522
7.700	 2.40	 1	 -42.4351	  172.8721
7.707	 2.87	 1	 -42.7045	  173.1634
7.722	 2.03	 1	 -43.8564	  175.5543
7.725	 2.02	 1	 -40.2825	  174.3376
7.729	 2.01	 1	 -42.7030	  173.1651
7.735	 2.35	 1	 -42.4665	  172.6228
7.737	 2.95	 1	 -42.5676	  172.9222
7.751	 2.14	 1	 -42.9834	  173.4010
7.766	 2.36	 2	 -46.2315	  176.3752
7.774	 2.30	 1	 -43.1507	  173.5381
7.775	 2.24	 1	 -42.5590	  174.8669
7.783	 2.02	 1	 -42.5850	  172.6696
7.785	 2.06	 1	 -43.1239	  177.0271
7.787	 2.14	 1	 -41.7830	  174.2150
7.794	 2.63	 1	 -44.9329	  169.1479
7.798	 2.34	 1	 -41.6345	  174.2655
7.801	 2.73	 1	 -42.6197	  173.5520
7.801	 2.60	 1	 -42.8183	  171.1492
7.802	 2.74	 1	 -43.6890	  172.7861
7.802	 2.54	 1	 -42.6379	  174.3436
7.806	 2.13	 1	 -42.9819	  173.6270
7.810	 2.09	 1	 -42.1469	  173.3383
7.828	 2.54	 1	 -42.7965	  173.8427
7.849	 2.36	 1	 -43.5260	  171.8732
7.850	 2.52	 1	 -42.7621	  172.5472
7.863	 3.43	 1	 -44.2409	  171.4286
7.867	 5.24	 1	 -42.0261	  172.0661
7.882	 2.05	 1	 -42.5808	  173.8899
7.884	 2.22	 2	 -42.0576	  172.0353
7.890	 2.35	 1	 -42.3526	  172.5324
7.902	 2.08	 1	 -41.4805	  172.6950
7.903	 2.52	 2	 -39.7419	  175.0668
7.908	 2.16	 1	 -42.4997	  173.7398
7.918	 2.08	 1	 -45.0010	  177.6147
7.924	 2.33	 2	 -41.9813	  172.1639
7.924	 2.15	 1	 -38.3495	  171.4368
7.931	 2.57	 1	 -42.1493	  173.9650
7.942	 2.31	 1	 -41.5760	  173.0030
7.942	 3.02	 2	 -42.0484	  172.0627
7.944	 2.17	 1	 -42.4983	  173.1143
7.946	 2.13	 1	 -43.4695	  173.1215
7.953	 2.95	 1	 -42.7599	  175.8219
7.959	 2.05	 1	 -43.5021	  174.4109
7.961	 2.18	 1	 -42.1721	  173.8051
7.963	 2.12	 1	 -45.8464	  177.3828
7.963	 2.15	 2	 -42.0188	  171.9514
7.963	 2.15	 1	 -46.1983	  169.1910
7.973	 2.07	 1	 -41.1728	  172.1150
7.974	 2.23	 1	 -42.9754	  173.2078
7.975	 2.85	 1	 -40.1045	  171.3825
7.976	 2.06	 1	 -41.1279	  173.2956
7.980	 2.52	 1	 -43.7909	  167.0896
7.989	 2.00	 1	 -42.1331	  173.6463
7.989	 2.06	 2	 -42.0117	  172.0874
7.990	 2.45	 1	 -41.6800	  174.3873
7.996	 2.55	 1	 -42.8455	  172.8535
8.012	 2.30	 1	 -38.4032	  174.8580
8.012	 2.79	 1	 -42.5780	  172.4126
8.018	 3.56	 1	 -42.1158	  172.6663
8.023	 2.24	 1	 -41.8223	  172.1553
8.032	 2.15	 1	 -42.8325	  172.9824
8.048	 2.30	 1	 -42.2447	  173.2659
8.052	 2.59	 1	 -42.4194	  173.0270
8.064	 2.08	 1	 -39.3495	  168.9306
8.068	 2.01	 1	 -44.6818	  167.5355
8.075	 2.75	 1	 -42.9367	  173.7661
8.083	 2.33	 2	 -42.0236	  172.0431
8.090	 2.97	 1	 -42.7378	  173.7961
8.092	 2.66	 1	 -39.6970	  173.1618
8.101	 2.15	 1	 -42.4544	  173.1342
8.101	 2.20	 1	 -42.1425	  174.0073
8.102	 2.27	 1	 -42.8146	  171.2050
8.109	 2.09	 2	 -41.9873	  172.0458
8.111	 2.12	 1	 -45.0378	  170.2921
8.120	 2.11	 1	 -42.1937	  173.9101
8.139	 2.57	 1	 -42.9290	  172.9110
8.149	 2.68	 2	 -42.0626	  172.0787
8.155	 2.04	 1	 -42.3482	  172.3577
8.158	 2.07	 1	 -40.2155	  171.9660
8.159	 2.19	 1	 -46.0286	  168.9201
8.160	 2.08	 1	 -43.2712	  173.9165
8.160	 2.50	 1	 -41.8164	  172.7808
8.169	 2.27	 1	 -39.6723	  173.0580
8.171	 3.00	 1	 -42.3035	  175.6605
8.177	 2.15	 1	 -41.9367	  173.8682
8.178	 2.50	 1	 -42.5369	  173.7990
8.188	 2.51	 2	 -42.8281	  173.6207
8.212	 2.66	 1	 -41.7221	  174.3004
8.239	 3.80	 1	 -41.6730	  173.9418
8.246	 2.38	 1	 -42.7451	  172.0318
8.257	 2.74	 1	 -43.0343	  172.7664
8.260	 2.13	 1	 -42.6894	  173.3969
8.262	 2.53	 2	 -42.1214	  170.7217
8.270	 2.78	 1	 -42.5204	  172.6994
8.271	 2.77	 1	 -41.4351	  172.5469
8.278	 2.29	 1	 -47.1201	  174.0903
8.283	 2.22	 1	 -42.4640	  173.6953
8.286	 2.17	 1	 -41.1579	  172.8105
8.291	 2.50	 1	 -43.4901	  173.4830
8.292	 2.18	 1	 -42.5269	  172.6931
8.301	 2.51	 1	 -42.1037	  172.5474
8.304	 3.01	 1	 -42.0291	  174.0455
8.305	 2.64	 1	 -42.5514	  175.1150
8.310	 2.96	 1	 -42.9684	  173.6696
8.312	 2.10	 1	 -46.9525	  174.9807
8.323	 2.72	 1	 -42.8538	  172.8350
8.324	 2.68	 1	 -38.5795	  170.5497
8.328	 3.36	 1	 -42.3270	  172.2754
8.328	 2.40	 1	 -42.7473	  172.5860
8.330	 2.19	 1	 -43.8627	  172.6347
8.333	 2.29	 1	 -43.0092	  173.4414
8.338	 2.10	 1	 -42.2485	  173.2661
8.342	 2.54	 1	 -44.7595	  176.3389
8.360	 2.14	 1	 -41.2276	  172.2418
8.367	 2.49	 1	 -42.9497	  173.6415
8.375	 2.04	 1	 -43.2717	  172.0959
8.396	 2.80	 1	 -41.4857	  173.4703
8.398	 2.26	 2	 -42.7186	  173.1309
8.407	 2.27	 1	 -42.5705	  173.3902
8.411	 2.63	 1	 -42.9090	  174.4714
8.415	 2.10	 1	 -40.0014	  170.6521
8.419	 2.14	 1	 -41.2954	  175.1294
8.423	 2.18	 1	 -43.0445	  174.2889
8.433	 2.24	 1	 -40.3978	  174.6840
8.434	 2.72	 1	 -41.9475	  172.7451
8.435	 2.03	 1	 -43.4986	  177.1157
8.436	 2.29	 1	 -42.6243	  172.8338
8.444	 2.38	 1	 -38.2085	  173.4798
8.453	 2.20	 1	 -43.3001	  172.5162
8.467	 2.62	 1	 -42.4081	  173.0074
8.470	 3.38	 1	 -42.6683	  172.8849
8.480	 2.21	 1	 -43.3236	  172.4477
8.486	 2.21	 1	 -42.6053	  173.3375
8.495	 3.26	 1	 -41.3104	  172.9734
8.500	 2.11	 1	 -42.9888	  173.5930
8.504	 2.63	 1	 -42.5040	  173.0018
8.504	 2.33	 1	 -41.7052	  169.8320
8.509	 2.36	 1	 -40.5894	  178.4295
8.510	 2.36	 1	 -38.8422	  176.1820
8.512	 2.33	 1	 -38.6317	  170.3949
8.514	 2.24	 1	 -44.8542	  171.2760
8.518	 2.08	 1	 -42.2783	  173.7618
8.523	 2.64	 1	 -44.3089	  178.5072
8.544	 2.00	 1	 -42.6700	  173.1923
8.546	 2.20	 1	 -42.2288	  173.6008
8.546	 2.84	 1	 -38.3346	  173.8537
8.549	 2.83	 1	 -42.4250	  172.0696
8.557	 2.59	 1	 -42.6762	  173.0079
8.564	 3.63	 1	 -41.5914	  174.4325
8.582	 2.43	 1	 -41.3640	  171.6950
8.585	 2.10	 1	 -41.7434	  174.2052
8.585	 2.21	 1	 -42.5767	  173.4115
8.588	 2.42	 1	 -43.6336	  174.0197
8.596	 2.01	 1	 -42.6269	  172.8724
8.598	 2.23	 1	 -40.8392	  178.5961
8.600	 2.45	 1	 -42.7353	  172.6861
8.601	 2.21	 1	 -42.4109	  173.9948
8.606	 3.40	 1	 -43.4751	  171.5091
8.610	 2.17	 1	 -43.5205	  173.5773
8.613	 3.29	 1	 -41.7965	  174.2241
8.618	 2.26	 1	 -41.7107	  174.2396
8.619	 2.61	 1	 -41.9657	  176.5193
8.622	 2.34	 1	 -42.9057	  171.2856
8.626	 2.21	 1	 -45.3712	  173.9420
8.633	 2.57	 1	 -46.1013	  169.0324
8.633	 2.15	 1	 -41.6846	  174.1862
8.635	 2.53	 1	 -42.4097	  173.6825
8.642	 2.07	 1	 -42.8190	  173.7385
8.645	 2.36	 1	 -43.2369	  175.1276
8.646	 2.21	 1	 -42.2576	  173.6991
8.650	 2.23	 1	 -41.6476	  173.0111
8.660	 2.04	 1	 -46.8275	  175.4261
8.669	 2.05	 1	 -42.4921	  173.2355
8.672	 2.74	 1	 -41.6810	  174.2084
8.674	 2.36	 1	 -42.9527	  171.6412
8.674	 2.62	 1	 -46.4966	  169.7601
8.680	 2.22	 1	 -42.3202	  173.6530
8.683	 2.78	 1	 -38.2701	  174.1286
8.683	 2.77	 2	 -42.1917	  172.1152
8.686	 2.53	 1	 -43.6574	  172.5278
8.712	 2.18	 1	 -42.8698	  173.4348
8.715	 2.13	 1	 -42.8840	  172.8938
8.719	 2.17	 1	 -44.7781	  172.9058
8.724	 2.52	 1	 -41.9461	  175.1464
8.726	 2.32	 1	 -41.7625	  174.2448
8.736	 2.04	 1	 -41.6443	  170.9871
8.743	 2.40	 1	 -40.6584	  173.9536
8.754	 2.94	 1	 -42.5067	  172.9887
8.764	 2.21	 1	 -41.7514	  174.1921
8.765	 2.24	 1	 -45.6573	  177.6218
8.771	 3.21	 1	 -41.8664	  174.1008
8.784	 2.08	 1	 -41.6305	  174.4120
8.793	 4.42	 1	 -46.7421	  170.3627
8.802	 2.49	 1	 -41.7398	  172.0150
8.814	 2.29	 1	 -43.5813	  171.5953
8.814	 2.81	 1	 -46.0871	  169.0100
8.815	 2.07	 2	 -46.7386	  170.3735
8.819	 2.28	 1	 -43.1420	  173.1541
8.821	 2.85	 1	 -43.1848	  172.1119
8.826	 2.08	 1	 -42.3411	  178.8021
8.827	 3.72	 1	 -42.8734	  172.9826
8.828	 2.27	 1	 -42.5205	  174.3915
8.833	 3.43	 1	 -43.4426	  173.5564
8.833	 2.35	 1	 -42.1256	  173.6747
8.836	 3.54	 1	 -41.8498	  174.3298
8.836	 2.06	 1	 -42.1936	  173.5455
8.837	 2.10	 1	 -42.2229	  173.7039
8.838	 2.24	 1	 -45.7005	  168.4747
8.839	 2.37	 1	 -42.4715	  174.5276
8.839	 2.31	 1	 -41.7404	  174.2945
8.842	 2.02	 1	 -42.9043	  169.6880
8.843	 2.16	 1	 -42.1258	  170.4965
8.877	 2.07	 1	 -41.7403	  174.2085
8.877	 2.29	 1	 -41.7054	  173.9170
8.885	 3.05	 1	 -43.0597	  172.0272
8.888	 2.06	 1	 -41.9804	  172.9156
8.890	 3.11	 1	 -42.5348	  174.0460
8.896	 2.13	 1	 -42.3630	  178.1960
8.907	 2.78	 1	 -42.4651	  172.9311
8.918	 2.28	 1	 -40.5524	  167.6417
8.922	 3.58	 2	 -42.1813	  171.5461
8.925	 2.82	 1	 -46.0187	  171.3818
8.933	 2.53	 1	 -42.2375	  173.4664
8.937	 2.09	 1	 -42.3787	  173.8582
8.937	 2.25	 1	 -42.5850	  172.5932
8.941	 2.07	 1	 -41.9016	  173.0394
8.943	 2.09	 1	 -43.1722	  172.6877
8.959	 2.60	 1	 -41.9629	  174.2390
8.960	 2.03	 1	 -43.0536	  171.8348
8.961	 2.05	 1	 -42.6293	  173.2123
8.965	 2.08	 1	 -43.7164	  167.0650
8.988	 3.26	 1	 -41.9586	  173.2311
8.990	 2.24	 2	 -46.7546	  170.3700
9.001	 2.37	 1	 -43.6310	  171.6163
9.007	 2.02	 1	 -42.5327	  172.0987
9.008	 2.38	 1	 -42.9566	  171.5881
9.009	 2.07	 1	 -42.3568	  173.6022
9.017	 2.27	 1	 -42.0726	  173.7767
9.017	 2.18	 1	 -40.9196	  177.9838
9.028	 2.17	 1	 -42.3055	  174.3648
9.034	 2.44	 1	 -43.0625	  172.3459
9.040	 2.34	 1	 -42.5624	  173.7592
9.049	 2.40	 1	 -41.0638	  172.9915
9.056	 2.01	 1	 -46.0926	  169.0186
9.065	 2.85	 1	 -41.7727	  174.2646
9.069	 2.01	 1	 -42.2261	  174.0930
9.088	 2.57	 1	 -42.4945	  173.7898
9.099	 2.02	 1	 -46.8737	  175.2732
9.111	 2.05	 1	 -39.0593	  176.6266
9.119	 2.07	 1	 -42.3185	  172.9266
9.122	 4.59	 1	 -42.5441	  172.5117
9.131	 2.27	 1	 -42.4358	  172.6717
9.139	 2.04	 1	 -46.9793	  174.8693
9.142	 2.30	 1	 -42.5891	  173.0230
9.146	 2.21	 1	 -42.1424	  172.8968
9.151	 2.15	 1	 -42.9901	  172.5799
9.154	 2.16	 1	 -43.1327	  173.9462
9.192	 2.82	 1	 -42.2787	  172.9674
9.194	 2.09	 1	 -42.2064	  170.1041
9.195	 3.72	 2	 -42.5089	  172.4796
9.200	 2.10	 1	 -42.6561	  173.4045
9.202	 2.10	 1	 -41.2582	  174.6015
9.207	 2.31	 1	 -39.4854	  173.4159
9.210	 2.23	 1	 -43.5605	  174.1386
9.216	 2.52	 1	 -42.5998	  173.0057
9.231	 2.00	 1	 -43.0636	  172.9602
9.236	 2.33	 1	 -43.4052	  174.3334
9.247	 2.60	 1	 -42.8012	  172.6798
9.249	 2.18	 1	 -43.9983	  172.9500
9.254	 2.23	 1	 -42.7814	  174.9530
9.256	 2.07	 1	 -42.9234	  172.4312
9.275	 2.30	 1	 -42.6441	  173.6579
9.278	 2.19	 1	 -43.6818	  173.8699
9.278	 3.40	 1	 -41.6007	  174.1386
9.279	 3.15	 1	 -45.9200	  177.2819
9.282	 3.23	 1	 -42.3375	  172.5255
9.289	 2.44	 1	 -42.2862	  173.6258
9.306	 3.20	 1	 -42.2017	  174.1210
9.321	 2.19	 1	 -42.9051	  173.5651
9.322	 2.28	 1	 -42.7541	  173.9057
9.324	 2.05	 1	 -43.6610	  176.5763
9.343	 2.61	 1	 -42.0953	  176.2564
9.381	 3.76	 1	 -42.2107	  173.7219
9.384	 2.70	 1	 -42.1648	  173.3151
9.385	 2.06	 1	 -43.8023	  172.7667
9.396	 2.22	 1	 -42.5574	  172.2910
9.433	 2.21	 1	 -44.8374	  173.5798
9.448	 2.66	 1	 -42.1815	  172.1047
9.462	 2.40	 1	 -41.9739	  173.7198
9.479	 2.62	 1	 -43.0458	  171.1768
9.481	 2.18	 1	 -43.1440	  171.4686
9.481	 2.01	 1	 -41.8089	  174.2480
9.492	 2.27	 1	 -42.9330	  173.8936
9.515	 2.77	 1	 -41.6936	  174.2478
9.520	 2.33	 1	 -42.1936	  174.6830
9.522	 2.12	 1	 -38.6062	  175.5210
9.524	 2.42	 1	 -42.2453	  173.5419
9.527	 2.15	 1	 -42.0459	  172.3289
9.530	 2.25	 1	 -42.1865	  171.9448
9.542	 2.22	 1	 -41.7906	  174.1534
9.545	 2.17	 1	 -43.1902	  171.8434
9.567	 2.65	 2	 -42.8967	  173.1463
9.577	 2.31	 1	 -41.9584	  173.7686
9.578	 2.93	 1	 -41.7617	  172.8078
9.580	 2.13	 1	 -41.5643	  174.7922
9.592	 2.05	 1	 -43.5824	  171.5086
9.594	 2.16	 1	 -42.1713	  173.2152
9.600	 2.34	 1	 -43.5763	  175.9327
9.602	 2.23	 1	 -42.1640	  174.3182
9.602	 2.37	 1	 -41.9399	  173.7420
9.610	 3.90	 1	 -42.3626	  173.7432
9.614	 2.36	 1	 -41.8117	  177.7696
9.618	 2.48	 1	 -42.3851	  172.8557
9.669	 2.45	 1	 -42.9950	  174.5342
9.678	 2.22	 1	 -42.7259	  173.2797
9.686	 3.23	 1	 -42.3557	  171.1335
9.691	 2.31	 1	 -42.8313	  173.0531
9.695	 2.11	 1	 -42.7557	  173.7062
9.701	 2.24	 1	 -42.4136	  173.3337
9.719	 2.24	 2	 -41.8154	  171.7165
9.721	 2.01	 1	 -43.0413	  172.6242
9.729	 2.40	 1	 -43.8309	  173.4347
9.730	 2.51	 1	 -43.1383	  172.4697
9.741	 2.42	 2	 -42.3300	  171.1290
9.755	 2.06	 1	 -42.0389	  173.7191
9.758	 3.28	 1	 -42.5979	  173.8185
9.776	 2.47	 1	 -42.0915	  172.6444
9.783	 2.52	 1	 -42.0811	  172.2493
9.788	 2.30	 1	 -41.9714	  171.8962
9.788	 2.43	 1	 -43.0738	  172.8758
9.809	 2.14	 1	 -41.7415	  174.1660
9.817	 2.32	 1	 -42.5052	  171.1609
9.828	 2.41	 1	 -42.8253	  173.2615
9.832	 2.18	 1	 -42.1980	  174.9205
9.836	 3.64	 1	 -41.1435	  175.0201
9.842	 2.37	 1	 -42.5532	  174.8567
9.843	 2.91	 1	 -43.4944	  171.6908
9.854	 2.66	 1	 -38.3069	  173.7156
9.863	 2.15	 1	 -42.6462	  173.5643
9.873	 2.13	 2	 -41.4182	  172.8405
9.878	 2.43	 1	 -43.5474	  175.0513
9.880	 2.46	 1	 -40.4730	  169.0749
9.881	 2.18	 1	 -43.4942	  173.0623
9.887	 2.25	 1	 -42.6352	  173.0435
9.893	 2.28	 1	 -42.2631	  173.7003
9.893	 2.05	 1	 -42.3058	  172.6070
9.909	 2.52	 1	 -42.1359	  172.7097
9.912	 2.66	 2	 -42.3039	  172.6121
9.913	 2.19	 1	 -40.7057	  172.2699
9.913	 2.06	 1	 -43.1123	  174.6814
9.922	 2.43	 1	 -43.7834	  174.1928
9.923	 2.22	 1	 -42.3342	  173.4113
9.925	 2.10	 2	 -42.0832	  172.2494
9.925	 3.04	 1	 -43.1011	  172.6193
9.925	 2.70	 1	 -44.0990	  175.0908
9.926	 2.26	 1	 -41.4412	  174.0443
9.943	 2.02	 1	 -41.1368	  174.6368
9.960	 2.50	 1	 -44.8715	  167.6706
9.965	 2.43	 1	 -42.3236	  170.7468
9.966	 2.26	 1	 -42.9513	  172.7720
9.970	 2.26	 1	 -43.7899	  172.9077
9.976	 2.01	 1	 -42.4135	  172.3174
9.983	 2.77	 1	 -43.9644	  170.0429
9.991	 2.92	 1	 -42.3630	  173.3656
9.998	 2.01	 1	 -42.5168	  173.9840
10.009	 3.17	 1	 -41.9767	  173.3059
10.017	 2.60	 1	 -46.9673	  171.1243
10.032	 2.02	 1	 -42.5123	  172.4592
10.033	 2.32	 1	 -42.6258	  173.6169
10.037	 2.96	 1	 -39.0556	  172.2382
10.037	 2.60	 2	 -42.1353	  171.9716
10.051	 2.76	 1	 -41.9046	  172.5883
10.051	 2.06	 1	 -44.3635	  174.2220
10.056	 2.38	 1	 -41.8528	  176.8861
10.059	 3.01	 2	 -42.1103	  172.5569
10.063	 2.68	 1	 -42.5748	  172.2417
10.065	 2.01	 1	 -42.9977	  173.2146
10.093	 2.56	 2	 -46.9673	  171.1239
10.095	 2.93	 1	 -42.4334	  172.2181
10.104	 2.11	 1	 -45.9932	  175.5710
10.107	 2.49	 1	 -43.2548	  173.8070
10.113	 2.25	 1	 -42.3482	  171.3802
10.122	 2.12	 1	 -42.1463	  173.5252
10.125	 2.76	 1	 -40.8262	  172.1387
10.132	 2.01	 1	 -43.6233	  172.7142
10.149	 2.23	 1	 -38.3442	  174.5804
10.150	 2.19	 1	 -46.1209	  169.0635
10.157	 2.47	 1	 -41.9859	  173.8984
10.158	 2.51	 1	 -42.4811	  172.2252
10.163	 3.56	 1	 -43.2201	  173.1792
10.169	 2.19	 1	 -42.8166	  176.0265
10.178	 2.14	 1	 -42.0298	  172.5416
10.183	 2.54	 1	 -43.1053	  170.0703
10.194	 2.00	 1	 -44.1582	  173.8667
10.195	 2.38	 1	 -44.6394	  178.5368
10.200	 2.09	 1	 -42.0867	  172.7329
10.211	 3.02	 1	 -42.6713	  172.7409
10.223	 2.17	 1	 -42.6873	  172.7996
10.239	 2.08	 1	 -43.6130	  171.2037
10.262	 2.26	 1	 -43.5363	  172.3680
10.272	 2.24	 1	 -42.5138	  166.9092
10.274	 2.08	 1	 -41.4590	  176.1590
10.285	 2.04	 1	 -41.8923	  172.2102
10.290	 2.47	 1	 -42.2609	  172.5322
10.290	 2.32	 1	 -42.6881	  172.6772
10.291	 2.69	 1	 -42.6208	  173.7749
10.293	 3.21	 2	 -46.7338	  170.3604
10.302	 2.92	 2	 -42.1298	  171.9174
10.307	 2.31	 1	 -42.2433	  171.1581
10.307	 2.09	 1	 -41.6838	  170.9527
10.312	 2.28	 3	 -42.1484	  171.9665
10.317	 2.25	 1	 -44.8230	  178.4097
10.324	 2.09	 1	 -42.6475	  173.7083
10.328	 2.15	 1	 -42.5728	  173.3961
10.356	 2.21	 1	 -42.7661	  173.4434
10.361	 2.77	 1	 -42.7501	  172.9866
10.361	 3.16	 1	 -43.6262	  171.7518
10.372	 2.01	 1	 -42.7550	  172.3000
10.387	 2.02	 1	 -42.2484	  173.5599
10.388	 2.04	 1	 -43.0030	  172.0295
10.405	 2.09	 1	 -40.8380	  173.7111
10.419	 2.01	 1	 -42.3382	  173.8277
10.429	 2.19	 1	 -41.7351	  174.1967
10.446	 2.14	 1	 -41.5118	  175.6427
10.460	 2.44	 1	 -43.6841	  175.4985
10.463	 2.68	 1	 -41.2868	  169.8991
10.463	 2.12	 1	 -42.6210	  174.5163
10.471	 2.37	 1	 -39.7068	  173.7995
10.477	 2.38	 1	 -42.7384	  173.0298
10.514	 2.28	 1	 -43.4834	  172.3534
10.519	 2.33	 1	 -41.7066	  172.0514
10.521	 2.12	 1	 -41.9180	  173.2972
10.524	 2.83	 2	 -42.2730	  173.6760
10.533	 2.69	 1	 -42.3223	  173.7333
10.539	 2.24	 1	 -42.3485	  172.5811
10.542	 2.65	 1	 -41.1312	  178.7593
10.548	 2.72	 1	 -43.0480	  173.5024
10.555	 3.37	 1	 -42.0131	  173.9718
10.557	 2.12	 1	 -42.5778	  173.3653
10.560	 2.05	 1	 -42.3411	  173.5438
10.561	 2.09	 1	 -45.4386	  177.8666
10.563	 2.02	 1	 -42.0682	  173.6113
10.575	 2.33	 1	 -41.4236	  171.5539
10.585	 2.11	 1	 -43.9003	  170.6187
10.585	 3.41	 1	 -43.4326	  173.2522
10.598	 3.75	 1	 -41.3112	  178.8441
10.611	 2.03	 1	 -40.5203	  173.1313
10.621	 2.19	 1	 -43.0272	  173.5489
10.626	 2.30	 1	 -42.3782	  173.3829
10.635	 2.69	 1	 -42.6140	  173.1960
10.637	 2.07	 1	 -42.3942	  173.8692
10.645	 2.12	 1	 -42.3221	  172.8425
10.652	 4.59	 1	 -42.2764	  174.0625
10.654	 2.10	 1	 -42.2214	  174.7692
10.657	 3.51	 1	 -41.3578	  172.0974
10.657	 2.47	 1	 -42.3620	  172.3373
10.670	 2.07	 1	 -42.6961	  172.1484
10.670	 2.22	 1	 -40.4036	  171.7163
10.670	 2.54	 2	 -41.3612	  172.0634
10.670	 2.01	 2	 -42.2604	  174.0767
10.670	 2.41	 1	 -46.2761	  169.3267
10.692	 2.26	 1	 -42.9124	  172.9101
10.715	 2.25	 1	 -42.3996	  173.7449
10.722	 2.33	 1	 -41.8468	  167.0135
10.725	 2.30	 1	 -41.8242	  173.6696
10.729	 2.23	 1	 -40.4504	  167.7191
10.733	 2.10	 1	 -42.0372	  173.9139
10.742	 2.41	 1	 -46.1961	  172.4214
10.745	 2.18	 1	 -42.8382	  172.9528
10.759	 2.76	 1	 -42.8192	  175.5527
10.775	 3.64	 1	 -42.4071	  169.8187
10.793	 2.57	 1	 -44.0843	  178.8395
10.793	 2.24	 1	 -42.8640	  171.6662
10.797	 2.08	 1	 -42.5014	  173.7661
10.799	 2.13	 1	 -43.6656	  171.0064
10.830	 2.42	 1	 -43.0215	  172.9171
10.844	 2.02	 1	 -39.3211	  168.9740
10.850	 2.01	 1	 -42.9208	  172.9422
10.862	 2.58	 1	 -42.6626	  173.3868
10.863	 2.09	 1	 -42.6945	  174.0689
10.864	 2.04	 1	 -42.6905	  173.0912
10.867	 2.27	 1	 -41.8054	  174.2014
10.868	 2.21	 1	 -43.1828	  172.8527
10.870	 2.43	 2	 -42.4766	  173.9066
10.871	 2.32	 1	 -46.7598	  170.4134
10.883	 2.73	 1	 -41.8635	  174.2871
10.885	 2.45	 1	 -41.6292	  172.4643
10.891	 2.21	 1	 -42.3565	  173.4900
10.893	 2.48	 1	 -43.4164	  171.5766
10.902	 2.01	 1	 -42.5967	  172.9557
10.906	 2.84	 1	 -42.0899	  173.5456
10.906	 3.53	 1	 -43.2280	  173.8687
10.906	 2.25	 2	 -42.6151	  173.1969
10.914	 2.18	 1	 -38.2886	  171.7868
10.918	 2.15	 1	 -42.9451	  172.6010
10.929	 2.48	 1	 -40.9339	  177.7544
10.932	 2.36	 1	 -42.4763	  172.7279
10.938	 2.51	 1	 -44.0594	  171.8250
10.951	 2.35	 1	 -42.2741	  173.6582
10.959	 2.05	 2	 -41.3816	  172.0944
10.964	 2.28	 1	 -42.3117	  173.3764
10.973	 2.13	 1	 -43.7978	  170.4559
10.987	 2.65	 1	 -43.8100	  173.3197
11.032	 3.00	 1	 -44.2397	  171.6012
11.037	 2.49	 1	 -41.9253	  173.5047
11.037	 2.03	 1	 -42.9868	  172.8187
11.038	 2.50	 2	 -42.9103	  172.9107
11.041	 2.96	 1	 -42.3734	  171.7742
11.053	 2.41	 1	 -44.1985	  172.8638
11.067	 2.27	 1	 -42.3826	  173.6784
11.090	 2.52	 1	 -42.2322	  173.3221
11.124	 2.10	 1	 -42.4815	  172.7113
11.132	 2.52	 1	 -42.8549	  172.8627
11.134	 2.04	 1	 -42.5615	  172.6837
11.138	 2.05	 2	 -42.8585	  172.8753
11.181	 2.66	 1	 -45.9813	  176.8246
11.181	 3.68	 1	 -43.3382	  171.3899
11.193	 2.53	 1	 -42.8482	  172.5670
11.200	 2.49	 1	 -42.9476	  173.1460
11.214	 2.61	 1	 -43.4948	  173.1212
11.219	 2.53	 1	 -43.6207	  173.1935
11.222	 3.62	 1	 -42.2730	  173.9190
11.223	 2.38	 1	 -43.1229	  173.1461
11.226	 2.58	 1	 -42.4892	  173.3970
11.228	 2.07	 1	 -38.2819	  174.2130
11.246	 2.41	 1	 -42.0857	  173.9608
11.257	 2.27	 1	 -42.0879	  173.0460
11.264	 2.45	 1	 -42.1661	  173.9275
11.265	 2.12	 1	 -41.8473	  173.4426
11.267	 2.27	 1	 -42.6069	  173.6198
11.277	 2.93	 1	 -42.4447	  172.8172
11.282	 2.38	 1	 -42.4066	  173.0938
11.282	 2.06	 1	 -42.7659	  173.2655
11.285	 3.70	 1	 -42.4590	  173.7547
11.295	 2.01	 1	 -40.4898	  172.0909
11.298	 2.17	 1	 -42.8351	  172.9203
11.307	 3.09	 1	 -43.4842	  171.7307
11.309	 2.44	 1	 -42.1064	  173.8534
11.318	 2.02	 1	 -41.8738	  172.7565
11.319	 3.60	 1	 -41.3041	  174.0894
11.324	 2.18	 1	 -42.6547	  171.8133
11.326	 2.31	 1	 -43.2431	  173.0067
11.339	 2.61	 1	 -44.3505	  167.3354
11.340	 2.72	 1	 -42.3020	  173.6800
11.347	 3.16	 1	 -41.8567	  173.2184
11.353	 2.02	 1	 -46.4291	  169.6187
11.366	 2.13	 1	 -42.7618	  173.2311
11.375	 3.72	 1	 -42.4682	  172.5588
11.378	 2.18	 1	 -44.4156	  173.9648
11.388	 2.19	 1	 -41.7844	  175.8238
11.391	 2.44	 1	 -41.7532	  172.5105
11.394	 2.10	 1	 -42.5129	  172.5787
11.410	 2.13	 1	 -41.4692	  167.1351
11.410	 2.42	 1	 -41.9376	  174.2394
11.417	 2.13	 1	 -42.0240	  173.8197
11.420	 2.13	 1	 -43.3123	  173.5767
11.433	 2.58	 1	 -41.8401	  174.3493
11.434	 2.78	 1	 -42.6361	  173.8580
11.435	 2.29	 1	 -40.6797	  173.6894
11.453	 2.22	 1	 -41.5535	  173.1413
11.458	 2.07	 1	 -42.8792	  172.8925
11.459	 2.60	 2	 -42.4917	  172.5189
11.465	 2.07	 1	 -42.5052	  172.8112
11.488	 2.88	 1	 -44.2805	  169.2915
11.509	 2.28	 1	 -41.5160	  174.1348
11.514	 2.12	 1	 -44.6635	  172.9988
11.517	 2.12	 1	 -42.9062	  173.0326
11.518	 2.17	 1	 -42.3569	  172.9153
11.556	 2.51	 1	 -42.3071	  173.2259
11.562	 2.63	 1	 -43.0236	  171.4790
11.570	 2.03	 1	 -42.5166	  172.8186
11.581	 2.25	 1	 -42.7227	  170.1248
11.583	 2.02	 1	 -41.7344	  173.3940
11.595	 2.41	 1	 -41.8014	  174.3061
11.624	 2.30	 1	 -45.7104	  173.9581
11.628	 2.26	 1	 -42.0202	  173.9753
11.631	 2.36	 1	 -43.1713	  173.5223
11.632	 2.59	 1	 -41.0853	  175.6897
11.634	 2.05	 1	 -42.7381	  173.6490
11.641	 2.11	 1	 -42.5376	  176.6396
11.642	 2.58	 1	 -43.0104	  172.5488
11.645	 2.15	 1	 -44.7142	  170.1040
11.649	 2.27	 2	 -44.2806	  169.3015
11.656	 2.01	 1	 -43.6386	  173.2781
11.662	 3.65	 1	 -42.8036	  173.4820
11.677	 2.30	 1	 -42.6488	  173.3569
11.693	 2.02	 1	 -41.7703	  172.4430
11.697	 2.65	 1	 -42.4702	  172.8949
11.708	 2.72	 1	 -41.6838	  173.3854
11.733	 2.41	 1	 -41.8631	  173.3745
11.738	 2.71	 1	 -41.4220	  174.2060
11.749	 2.87	 1	 -42.2277	  167.9296
11.756	 2.49	 1	 -42.4044	  173.3310
11.777	 2.16	 1	 -42.5841	  172.6603
11.800	 2.02	 1	 -42.9263	  173.0968
11.800	 2.03	 1	 -42.9831	  173.6924
11.826	 3.45	 1	 -42.6951	  174.9888
11.830	 2.03	 1	 -43.1428	  172.8040
11.835	 2.24	 1	 -42.6321	  174.3177
11.835	 2.44	 1	 -41.5260	  174.3910
11.835	 3.50	 1	 -42.1701	  173.5988
11.870	 2.96	 1	 -39.6023	  171.9677
11.896	 2.62	 1	 -42.8670	  173.2940
11.904	 2.07	 1	 -42.9041	  172.2643
11.916	 2.59	 1	 -43.3797	  172.3420
11.918	 2.15	 1	 -41.6807	  174.1789
11.929	 2.53	 1	 -42.3397	  173.7781
11.956	 2.62	 1	 -43.1993	  173.2917
11.957	 2.19	 1	 -42.3302	  172.7120
11.960	 2.28	 2	 -41.4227	  174.2039
11.970	 2.69	 1	 -42.7366	  172.6952
11.985	 2.92	 1	 -42.2086	  169.9472
12.000	 2.88	 1	 -41.6928	  172.8428
12.011	 2.30	 1	 -42.5430	  173.0044
12.011	 2.23	 1	 -42.8397	  172.9942
12.020	 3.03	 1	 -42.3329	  173.5761
12.026	 2.21	 1	 -42.7795	  172.9100
12.045	 2.37	 2	 -42.2155	  169.9530
12.047	 3.04	 1	 -42.7853	  173.6696
12.057	 2.25	 1	 -42.8141	  172.6525
12.082	 2.15	 1	 -43.0755	  173.9503
12.083	 2.88	 1	 -42.2442	  173.4595
12.089	 2.37	 1	 -42.7068	  173.3687
12.091	 2.63	 1	 -42.5338	  175.5540
12.097	 2.03	 1	 -44.4267	  167.4837
12.126	 2.12	 1	 -43.0425	  171.5263
12.130	 2.36	 1	 -46.9701	  171.1358
12.138	 2.65	 1	 -42.8557	  172.6137
12.146	 2.25	 1	 -42.4548	  173.7205
12.165	 2.61	 1	 -41.4307	  170.7785
12.173	 2.61	 1	 -41.9085	  174.1475
12.189	 2.08	 1	 -43.1188	  173.2619
12.199	 2.08	 1	 -44.2860	  173.3204
12.209	 2.44	 1	 -42.4586	  173.7636
12.224	 2.62	 2	 -42.4963	  173.9315
12.239	 2.05	 1	 -42.3261	  173.6600
12.247	 2.11	 1	 -42.0467	  173.5344
12.263	 2.05	 1	 -41.8614	  174.1718
12.265	 2.71	 1	 -43.6259	  171.3391
12.270	 2.34	 1	 -42.2386	  173.9102
12.271	 2.48	 1	 -41.5482	  173.5117
12.274	 2.07	 1	 -43.3743	  172.3548
12.289	 2.12	 2	 -43.4925	  172.3435
12.296	 2.78	 1	 -42.4614	  174.5798
12.296	 2.20	 1	 -43.0084	  172.1295
12.303	 2.16	 2	 -43.5097	  173.8546
12.327	 3.27	 1	 -38.4246	  171.0960
12.327	 2.66	 1	 -44.1096	  173.0543
12.331	 2.73	 1	 -42.8981	  173.6094
12.333	 3.16	 1	 -43.8452	  174.1411
12.348	 2.05	 1	 -43.6286	  173.6369
12.366	 2.12	 1	 -42.6526	  172.8024
12.373	 2.07	 1	 -42.7568	  172.4962
12.374	 2.14	 1	 -42.2265	  173.7258
12.386	 2.58	 1	 -42.3940	  172.4772
12.396	 2.36	 1	 -44.1878	  170.7944
12.403	 2.75	 1	 -41.0613	  173.9562
12.411	 2.02	 1	 -44.6548	  171.6624
12.439	 2.26	 1	 -42.1747	  173.3253
12.456	 2.53	 1	 -41.4143	  176.3721
12.457	 2.62	 1	 -42.4972	  172.6614
12.462	 2.82	 1	 -43.4768	  171.6468
12.477	 2.08	 1	 -42.9713	  173.2671
12.502	 2.33	 1	 -42.9305	  172.4787
12.515	 3.55	 1	 -42.5034	  173.2214
12.517	 2.01	 1	 -42.8923	  175.0128
12.521	 3.66	 1	 -42.0545	  174.0441
12.529	 2.17	 1	 -45.1641	  172.8674
12.544	 2.12	 1	 -41.8578	  173.7035
12.546	 2.56	 1	 -42.6505	  174.7579
12.567	 3.18	 2	 -41.7323	  174.2429
12.577	 2.17	 1	 -39.0224	  173.9308
12.578	 2.18	 1	 -43.2668	  172.4960
12.591	 2.44	 1	 -43.4850	  174.7863
12.593	 3.29	 1	 -42.6600	  172.7352
12.598	 2.51	 1	 -42.8529	  174.1584
12.611	 2.31	 1	 -47.1579	  173.7422
12.612	 2.73	 1	 -42.7052	  172.4116
12.622	 2.02	 1	 -41.6176	  174.4610
12.632	 2.14	 1	 -43.3020	  172.8442
12.645	 3.40	 1	 -42.7366	  172.9283
12.662	 2.65	 1	 -42.0835	  173.9878
12.671	 2.07	 1	 -42.8196	  172.7122
12.694	 2.16	 1	 -43.7510	  175.7304
12.695	 2.09	 1	 -42.9012	  173.1068
12.696	 2.29	 1	 -46.6869	  170.2125
12.719	 2.31	 1	 -43.8612	  173.4852
12.727	 3.80	 1	 -42.3713	  172.7872
12.737	 2.20	 1	 -42.5855	  173.4453
12.749	 2.12	 1	 -44.2688	  173.8645
12.785	 2.36	 1	 -43.2225	  177.9566
12.794	 2.15	 1	 -44.2486	  173.1480
12.800	 2.02	 1	 -43.2349	  179.0953
12.822	 2.50	 1	 -42.9447	  172.9519
12.824	 2.73	 1	 -43.3614	  171.1561
12.824	 2.09	 1	 -42.3067	  173.6435
12.834	 2.00	 1	 -42.6510	  173.2975
12.844	 2.51	 1	 -42.5572	  173.1167
12.847	 2.29	 1	 -42.2483	  173.9933
12.856	 2.10	 1	 -42.5722	  171.8159
12.886	 2.59	 1	 -41.6488	  173.9666
12.899	 2.69	 1	 -38.2710	  174.1353
12.922	 2.12	 1	 -42.6829	  172.7924
12.927	 2.58	 1	 -42.9273	  174.3811
12.934	 2.12	 1	 -43.5849	  174.4320
12.939	 2.79	 1	 -42.9003	  172.9964
12.950	 2.27	 1	 -42.6835	  173.2496
12.955	 2.18	 1	 -43.2409	  172.4358
12.963	 2.86	 1	 -44.1705	  171.1624
12.982	 3.30	 1	 -42.3228	  173.7746
12.984	 2.68	 1	 -42.0734	  174.0860
13.001	 3.48	 1	 -41.7837	  174.2731
13.005	 2.17	 1	 -42.4637	  173.1757
13.007	 2.69	 1	 -38.5311	  170.7046
13.011	 3.66	 1	 -40.7365	  178.5308
13.043	 2.63	 1	 -42.5928	  173.1775
13.054	 2.12	 1	 -42.3491	  173.3516
13.056	 2.13	 1	 -42.2874	  171.8524
13.070	 2.99	 1	 -41.8562	  171.8249
13.077	 2.37	 1	 -46.0107	  174.0738
13.085	 2.15	 1	 -42.8323	  172.8186
13.090	 2.16	 1	 -41.8646	  174.3233
13.096	 2.05	 1	 -41.4128	  174.9964
13.105	 2.75	 1	 -43.1783	  173.0407
13.111	 2.77	 1	 -43.3299	  172.6604
13.122	 2.66	 1	 -44.0338	  173.7465
13.136	 2.59	 1	 -43.4509	  172.1884
13.148	 2.04	 1	 -42.4545	  172.8264
13.155	 2.73	 1	 -43.1430	  173.1292
13.157	 2.21	 1	 -43.0539	  172.4346
13.173	 2.05	 1	 -42.9531	  173.4543
13.173	 2.13	 1	 -44.6032	  173.0785
13.194	 2.36	 1	 -42.1030	  171.1822
13.201	 2.08	 1	 -41.4790	  171.7766
13.218	 2.64	 1	 -43.0314	  173.6411
13.218	 2.06	 1	 -45.3400	  172.4031
13.219	 2.48	 1	 -41.9845	  173.7200
13.225	 3.33	 1	 -42.5674	  172.5764
13.227	 2.04	 1	 -42.8689	  173.1274
13.237	 2.16	 1	 -43.0590	  172.6826
13.242	 2.51	 1	 -41.9424	  175.8652
13.245	 2.13	 1	 -41.9192	  174.3148
13.248	 2.31	 1	 -45.1964	  173.6165
13.251	 2.50	 1	 -42.1855	  173.6308
13.251	 2.51	 1	 -41.8044	  174.2232
13.274	 2.37	 1	 -43.0056	  172.0293
13.275	 3.06	 1	 -45.2734	  172.8632
13.280	 2.09	 1	 -41.6536	  174.2121
13.283	 2.06	 1	 -42.1846	  173.6391
13.289	 2.03	 1	 -44.1948	  171.6494
13.290	 2.86	 1	 -47.0698	  174.4222
13.300	 2.19	 1	 -43.0871	  173.1689
13.324	 3.04	 1	 -42.6521	  172.7933
13.330	 2.76	 1	 -40.7936	  167.4766
13.357	 2.34	 1	 -42.7802	  173.4015
13.357	 3.13	 1	 -43.1371	  173.0647
13.359	 2.08	 1	 -42.9671	  173.3683
13.397	 2.27	 1	 -43.9542	  167.1501
13.398	 2.13	 1	 -44.5380	  173.5446
13.408	 2.21	 1	 -42.8197	  172.7126
13.411	 2.14	 1	 -43.6103	  174.2803
13.420	 2.20	 1	 -42.8617	  172.7853
13.421	 2.22	 1	 -42.1165	  173.7983
13.434	 2.39	 1	 -42.3610	  173.9072
13.437	 2.14	 1	 -41.7182	  174.2816
13.445	 3.09	 1	 -42.8189	  174.0265
13.448	 3.21	 1	 -42.5082	  173.3042
13.458	 2.11	 1	 -40.6188	  174.5775
13.471	 2.34	 1	 -42.8582	  173.0234
13.476	 2.22	 1	 -41.8542	  174.3687
13.476	 2.34	 1	 -42.3111	  172.0546
13.484	 2.23	 1	 -42.4559	  173.8128
13.500	 2.20	 1	 -41.6783	  172.8946
13.536	 2.32	 1	 -42.7136	  171.7618
13.560	 2.22	 1	 -46.9226	  175.0973
13.565	 2.04	 1	 -41.9609	  172.0078
13.570	 2.13	 1	 -42.5920	  172.7097
13.588	 2.15	 1	 -42.1567	  172.9623
13.594	 2.09	 1	 -41.9988	  172.5513
13.609	 2.33	 1	 -42.5927	  173.1155
13.617	 3.28	 2	 -42.7958	  173.4662
13.639	 2.62	 2	 -42.6539	  172.7935
13.640	 3.41	 1	 -43.6161	  172.3025
13.651	 2.00	 1	 -42.2674	  173.8462
13.657	 2.04	 1	 -42.1408	  173.1717
13.659	 2.42	 1	 -42.4271	  173.7538
13.664	 4.09	 1	 -43.6779	  171.1636
13.685	 2.27	 1	 -43.4281	  173.3032
13.690	 2.96	 1	 -42.3245	  173.2828
13.691	 2.63	 1	 -41.7251	  174.1859
13.703	 2.08	 2	 -42.1670	  173.5964
13.716	 2.27	 1	 -46.6223	  175.9957
13.727	 2.08	 1	 -41.8583	  173.4823
13.729	 2.34	 1	 -42.3289	  173.8377
13.732	 2.34	 1	 -41.8631	  173.0970
13.742	 2.43	 1	 -40.3929	  167.7649
13.751	 2.80	 1	 -42.6268	  173.5490
13.776	 2.28	 1	 -44.3125	  172.7259
13.794	 2.01	 1	 -43.5246	  172.4007
13.797	 3.03	 1	 -41.4312	  174.2090
13.799	 2.08	 1	 -43.2727	  173.6822
13.800	 2.03	 1	 -42.9552	  172.8076
13.803	 2.25	 1	 -40.5074	  171.8181
13.803	 2.09	 1	 -42.4054	  171.2546
13.805	 2.37	 1	 -41.6344	  169.3089
13.817	 2.39	 1	 -43.1049	  175.9908
13.839	 2.12	 1	 -42.2091	  174.3928
13.856	 2.17	 1	 -41.7000	  171.9734
13.863	 2.12	 1	 -41.6921	  175.2967
13.866	 2.18	 1	 -42.1713	  172.0914
13.887	 2.04	 1	 -43.4505	  175.5484
13.889	 2.79	 1	 -45.8271	  174.5308
13.892	 2.01	 1	 -38.4053	  171.4896
13.903	 2.31	 1	 -43.9101	  171.2102
13.911	 2.01	 1	 -42.1259	  173.5974
13.938	 2.73	 1	 -42.5040	  174.2501
13.942	 2.53	 1	 -42.8306	  173.3694
13.946	 2.38	 1	 -43.9341	  174.5096
13.972	 2.03	 1	 -42.3141	  174.4319
