# Simulation 714
# RelativeTime(days) Magnitude Generation Latitude Longitude
Time Mag Gen Lat Lon
0.506	 2.10	 1	 -41.5257	  174.8466
0.507	 2.09	 1	 -42.7616	  172.8317
0.507	 2.02	 1	 -43.2754	  175.1002
0.508	 2.25	 1	 -42.5986	  173.1372
0.508	 2.87	 1	 -46.5967	  176.0574
0.509	 2.97	 1	 -44.3376	  170.9259
0.514	 3.95	 1	 -42.1381	  173.7536
0.514	 2.71	 1	 -42.5138	  172.9689
0.516	 2.07	 2	 -42.2704	  173.9129
0.517	 2.10	 1	 -42.6859	  173.7131
0.519	 2.85	 1	 -42.7459	  172.7289
0.519	 2.61	 1	 -42.8372	  172.9391
0.521	 2.04	 1	 -43.1096	  173.0887
0.525	 2.35	 1	 -42.2428	  172.4121
0.526	 3.25	 1	 -42.9151	  172.4915
0.526	 3.32	 1	 -42.9214	  173.0310
0.527	 2.48	 1	 -43.4805	  172.6844
0.531	 2.13	 1	 -42.4067	  173.0498
0.534	 2.58	 1	 -43.1472	  173.2906
0.534	 3.08	 1	 -43.0381	  172.1751
0.535	 2.00	 1	 -42.6559	  171.9513
0.538	 2.80	 1	 -46.0905	  173.1065
0.540	 2.71	 1	 -42.6832	  172.5693
0.542	 3.15	 1	 -42.8787	  173.4987
0.543	 2.32	 1	 -44.8605	  172.5504
0.546	 2.26	 1	 -42.0898	  173.7134
0.549	 2.21	 1	 -40.9451	  171.3870
0.551	 2.08	 1	 -42.4702	  173.6105
0.553	 2.60	 1	 -46.3287	  169.4231
0.555	 2.84	 1	 -42.4660	  172.9660
0.560	 2.15	 1	 -42.6988	  173.9649
0.560	 2.06	 1	 -43.3308	  173.3760
0.566	 2.43	 1	 -42.7949	  173.2893
0.566	 2.19	 1	 -43.3378	  172.7543
0.571	 2.03	 1	 -43.7535	  172.2461
0.571	 3.35	 1	 -41.0815	  171.2145
0.572	 2.02	 1	 -42.9674	  174.0253
0.573	 2.38	 1	 -42.9694	  173.6495
0.579	 2.44	 1	 -42.8216	  171.4019
0.582	 2.20	 1	 -43.2738	  172.3612
0.584	 2.39	 1	 -42.5035	  172.4466
0.600	 2.03	 1	 -42.5359	  173.3594
0.602	 2.03	 1	 -41.6372	  174.2736
0.603	 2.02	 1	 -42.1199	  173.4571
0.606	 2.53	 1	 -42.9047	  173.7184
0.609	 2.85	 1	 -41.4405	  174.5045
0.612	 2.26	 1	 -42.7908	  172.9578
0.613	 2.10	 1	 -42.6126	  172.9835
0.613	 2.65	 1	 -42.6116	  172.7671
0.615	 2.05	 1	 -42.4306	  172.1526
0.616	 2.05	 1	 -42.6518	  172.7872
0.620	 2.37	 1	 -43.1074	  172.4194
0.622	 2.39	 1	 -42.8760	  172.7080
0.628	 2.20	 1	 -43.2728	  172.4100
0.628	 2.43	 1	 -42.6060	  172.8096
0.633	 2.03	 1	 -42.6773	  173.1288
0.634	 2.01	 1	 -43.0627	  173.4875
0.637	 2.17	 1	 -42.2752	  172.7692
0.637	 2.06	 1	 -42.3485	  172.4299
0.637	 2.17	 2	 -42.4557	  173.0193
0.643	 2.21	 1	 -42.9559	  173.5593
0.646	 2.18	 1	 -45.3574	  169.6286
0.648	 2.53	 1	 -41.7673	  172.6388
0.649	 2.34	 1	 -42.9220	  172.4240
0.654	 2.22	 1	 -43.0488	  173.0117
0.658	 2.35	 1	 -42.6816	  172.0700
0.665	 2.15	 1	 -42.7811	  173.1257
0.665	 2.31	 1	 -43.9726	  173.4403
0.670	 2.65	 1	 -42.5712	  173.1983
0.673	 2.75	 1	 -42.8862	  173.6593
0.675	 2.37	 1	 -44.1157	  175.8603
0.677	 2.69	 1	 -42.6217	  171.6632
0.678	 3.57	 1	 -46.5359	  176.1979
0.678	 2.35	 1	 -42.6408	  174.9832
0.679	 2.71	 2	 -46.5394	  176.2009
0.683	 2.62	 1	 -42.6439	  172.8439
0.693	 4.12	 1	 -42.4950	  173.2226
0.700	 2.18	 1	 -44.0434	  171.0022
0.704	 2.26	 1	 -42.4897	  173.6782
0.704	 2.30	 1	 -42.8246	  172.7121
0.705	 2.01	 1	 -42.5072	  172.3508
0.712	 2.11	 1	 -42.5509	  173.2581
0.724	 2.31	 1	 -42.9468	  172.1051
0.726	 2.02	 1	 -42.8418	  173.3511
0.742	 2.52	 1	 -42.2961	  173.5876
0.751	 2.23	 1	 -43.2530	  173.0370
0.753	 2.51	 1	 -42.3894	  172.6283
0.757	 2.23	 1	 -42.6484	  172.4361
0.757	 2.51	 1	 -46.7489	  175.6621
0.768	 2.07	 1	 -42.3383	  173.6921
0.769	 3.78	 1	 -42.4077	  173.1893
0.774	 2.19	 1	 -42.9878	  173.4459
0.774	 2.17	 1	 -42.8474	  173.1160
0.776	 2.84	 1	 -42.2748	  173.2233
0.777	 2.22	 1	 -39.2139	  176.8987
0.777	 2.53	 1	 -43.1667	  173.7083
0.778	 2.25	 1	 -42.9496	  173.2435
0.785	 2.38	 1	 -42.7749	  171.1845
0.795	 2.04	 1	 -43.0435	  174.6364
0.798	 2.79	 1	 -42.6595	  172.6666
0.804	 2.48	 1	 -42.8954	  172.3669
0.806	 2.21	 1	 -43.6760	  174.2011
0.808	 2.08	 1	 -42.7438	  172.2037
0.809	 2.46	 1	 -43.3060	  172.5691
0.811	 2.15	 1	 -42.7600	  173.8954
0.813	 3.22	 1	 -42.4702	  174.5457
0.816	 2.46	 1	 -44.0664	  172.7783
0.829	 2.72	 1	 -42.3489	  173.1942
0.829	 2.23	 1	 -42.8151	  172.9349
0.838	 2.52	 1	 -38.5294	  171.9620
0.839	 2.51	 1	 -43.0883	  173.4548
0.840	 2.38	 1	 -42.2876	  173.6735
0.843	 2.46	 1	 -42.9325	  172.6589
0.847	 2.03	 1	 -43.0091	  172.4265
0.848	 2.36	 1	 -43.2980	  172.6085
0.852	 2.01	 1	 -42.4876	  172.6655
0.854	 2.31	 1	 -42.1791	  172.4733
0.856	 2.24	 1	 -42.4635	  172.8005
0.858	 2.21	 1	 -41.9400	  173.5978
0.891	 2.82	 1	 -42.1766	  175.7609
0.893	 2.69	 1	 -42.4039	  172.7728
0.895	 2.11	 1	 -42.2962	  173.2991
0.896	 2.12	 1	 -42.5542	  172.6739
0.898	 2.09	 1	 -42.8791	  173.1707
0.902	 2.02	 1	 -38.5016	  171.4245
0.904	 2.48	 1	 -42.1368	  173.2553
0.905	 2.78	 1	 -43.0258	  173.1106
0.908	 2.22	 1	 -43.0084	  173.4227
0.911	 2.20	 1	 -42.8458	  173.1554
0.916	 2.14	 1	 -42.4718	  172.4769
0.916	 2.40	 2	 -43.0788	  173.0685
0.924	 2.07	 1	 -46.4582	  176.3656
0.933	 2.02	 1	 -43.1511	  173.0864
0.933	 2.30	 1	 -42.8423	  172.7717
0.934	 2.00	 1	 -42.1026	  172.5853
0.940	 3.29	 1	 -42.4822	  176.4975
0.941	 2.37	 1	 -43.3524	  173.1074
0.942	 2.56	 1	 -43.4253	  172.0158
0.945	 2.59	 1	 -42.4478	  173.5629
0.949	 2.03	 1	 -42.3436	  169.6667
0.959	 2.39	 1	 -42.4195	  172.4462
0.959	 2.01	 1	 -42.9434	  172.8215
0.963	 2.00	 1	 -42.4755	  172.7598
0.964	 2.41	 1	 -43.1034	  173.7778
0.968	 3.29	 1	 -43.7172	  172.3016
0.974	 2.28	 1	 -43.1175	  174.4951
0.983	 2.10	 1	 -42.3440	  172.6576
0.983	 2.12	 1	 -42.7882	  173.1366
0.984	 2.12	 1	 -42.3061	  174.1162
1.000	 2.32	 1	 -46.7199	  170.3011
1.015	 2.01	 1	 -42.6768	  173.0992
1.017	 2.04	 1	 -42.9747	  172.0660
1.019	 2.20	 1	 -41.8305	  172.6055
1.027	 2.06	 1	 -42.2147	  174.1310
1.027	 2.34	 1	 -42.1234	  174.3357
1.032	 2.03	 1	 -43.2743	  172.2599
1.035	 2.12	 1	 -42.7628	  172.7753
1.036	 2.66	 1	 -42.9065	  170.1789
1.040	 4.47	 1	 -42.9576	  172.6637
1.042	 2.05	 1	 -42.6217	  173.2966
1.045	 2.11	 1	 -44.6026	  171.6405
1.045	 3.90	 1	 -38.5600	  170.6105
1.046	 2.26	 2	 -42.8612	  172.9450
1.048	 2.62	 1	 -42.0432	  174.3639
1.049	 2.02	 1	 -43.2964	  173.0986
1.049	 2.75	 1	 -42.9681	  172.0601
1.053	 2.58	 1	 -42.4104	  172.9748
1.054	 2.75	 1	 -41.2532	  169.8278
1.056	 2.46	 1	 -42.9055	  172.4232
1.056	 2.49	 1	 -41.7377	  171.0692
1.058	 2.14	 1	 -42.3059	  172.9988
1.061	 2.23	 1	 -42.6665	  172.7577
1.061	 2.60	 1	 -42.5779	  173.2970
1.061	 2.39	 1	 -43.6216	  173.6265
1.063	 2.20	 2	 -42.9291	  172.6147
1.070	 2.05	 1	 -41.9224	  172.7694
1.081	 2.18	 1	 -42.7720	  172.8050
1.082	 2.04	 1	 -43.6694	  171.3850
1.083	 2.94	 1	 -42.4978	  173.5902
1.084	 3.28	 1	 -42.8660	  173.5496
1.085	 2.11	 2	 -42.8943	  172.6581
1.096	 2.59	 1	 -44.5631	  167.4588
1.097	 2.29	 1	 -43.2094	  175.1609
1.114	 2.06	 1	 -39.2405	  169.1018
1.119	 2.01	 1	 -42.3707	  174.3024
1.132	 2.37	 1	 -42.9160	  173.4600
1.135	 2.66	 1	 -42.6743	  172.6870
1.146	 2.04	 1	 -42.6267	  173.3690
1.154	 2.17	 1	 -42.0822	  172.9446
1.163	 2.15	 1	 -42.0963	  173.5951
1.167	 2.53	 1	 -47.0140	  174.7128
1.169	 2.49	 1	 -44.0692	  172.5390
1.170	 3.07	 1	 -42.6802	  173.2495
1.174	 2.02	 1	 -42.2734	  172.3211
1.184	 3.58	 1	 -40.9355	  167.3907
1.193	 2.76	 1	 -42.3685	  173.1975
1.213	 2.83	 1	 -38.7528	  175.9711
1.213	 2.45	 1	 -42.4068	  173.7318
1.213	 2.34	 1	 -42.3976	  172.8659
1.215	 3.30	 1	 -42.1257	  173.9273
1.219	 2.30	 1	 -42.8583	  173.0929
1.219	 3.18	 1	 -42.9434	  173.1446
1.221	 3.06	 2	 -42.9684	  172.7258
1.231	 2.65	 1	 -42.2177	  177.5234
1.247	 2.23	 1	 -42.9074	  175.0241
1.251	 2.37	 1	 -42.7217	  173.5169
1.251	 2.02	 1	 -42.6871	  173.7260
1.258	 3.29	 1	 -42.7134	  172.5444
1.276	 2.40	 1	 -42.3769	  172.3136
1.277	 2.61	 1	 -42.9132	  173.2551
1.278	 2.32	 1	 -42.4615	  173.0722
1.279	 2.18	 1	 -41.8870	  173.2680
1.289	 2.03	 1	 -43.2258	  172.6682
1.289	 2.08	 1	 -43.1314	  174.5970
1.295	 2.73	 1	 -42.9438	  172.0691
1.305	 2.23	 1	 -44.0418	  173.0713
1.311	 2.11	 1	 -43.0164	  173.8515
1.320	 2.02	 1	 -42.7047	  173.2671
1.321	 2.37	 1	 -42.4656	  172.4417
1.329	 2.30	 1	 -42.8833	  172.8789
1.341	 2.41	 1	 -42.7975	  172.7695
1.349	 2.40	 1	 -43.4397	  173.4210
1.359	 2.39	 1	 -42.5504	  172.8846
1.369	 2.75	 1	 -42.3265	  166.9246
1.380	 2.16	 1	 -42.9240	  173.1238
1.381	 2.61	 1	 -42.9103	  173.2689
1.388	 2.45	 1	 -42.6696	  173.0670
1.389	 2.38	 1	 -41.9598	  172.8650
1.390	 2.14	 1	 -43.6264	  173.2222
1.394	 3.12	 1	 -42.0173	  174.6766
1.403	 2.50	 1	 -42.7821	  173.3240
1.412	 2.57	 1	 -42.4622	  173.5179
1.424	 2.82	 1	 -42.7682	  173.7204
1.426	 2.21	 1	 -43.0143	  172.2676
1.429	 2.06	 1	 -42.7205	  173.2644
1.433	 4.16	 1	 -42.1798	  172.9221
1.436	 2.05	 1	 -42.7640	  171.9283
1.439	 2.13	 1	 -43.6793	  171.3850
1.449	 2.24	 1	 -42.7516	  173.0943
1.453	 2.02	 1	 -42.8554	  172.8905
1.462	 3.00	 1	 -39.0033	  176.2857
1.464	 2.18	 1	 -40.8781	  168.8478
1.474	 2.39	 1	 -43.2126	  173.1674
1.477	 2.15	 1	 -40.9179	  178.6433
1.484	 2.14	 1	 -42.7595	  172.9722
1.495	 3.61	 1	 -42.8324	  173.0210
1.497	 3.05	 1	 -43.1843	  171.4651
1.498	 2.83	 2	 -42.1917	  172.9362
1.509	 2.52	 1	 -39.4510	  168.7822
1.517	 2.07	 1	 -43.4826	  170.8067
1.519	 2.29	 1	 -42.7057	  173.4314
1.520	 2.52	 1	 -42.0531	  174.0769
1.528	 2.18	 1	 -42.7037	  173.4216
1.529	 2.03	 1	 -43.8398	  171.8422
1.529	 2.17	 1	 -41.4919	  168.4618
1.534	 3.11	 1	 -42.4212	  173.1022
1.540	 2.77	 1	 -43.7092	  173.1172
1.551	 2.28	 1	 -42.5155	  173.1417
1.552	 4.35	 1	 -42.5410	  173.7989
1.552	 2.49	 2	 -42.6163	  174.6042
1.560	 2.49	 1	 -43.3799	  173.1277
1.571	 2.37	 1	 -42.9154	  173.0012
1.578	 2.79	 1	 -41.9892	  173.0647
1.579	 2.92	 1	 -42.7940	  173.0975
1.584	 2.15	 1	 -42.3845	  172.4291
1.589	 2.27	 1	 -42.6763	  173.3684
1.601	 2.71	 1	 -46.5559	  176.1526
1.614	 2.06	 1	 -42.6218	  172.6900
1.615	 2.43	 1	 -42.9561	  173.0184
1.617	 2.22	 1	 -42.9267	  172.2822
1.622	 2.27	 1	 -42.7803	  173.4825
1.625	 2.62	 1	 -42.8953	  173.8456
1.628	 2.09	 1	 -46.9106	  170.9026
1.640	 2.68	 1	 -42.8761	  172.9497
1.648	 2.41	 1	 -42.3423	  173.8219
1.650	 2.13	 1	 -42.8043	  171.4361
1.668	 2.05	 1	 -41.7458	  171.9264
1.674	 2.10	 1	 -43.7209	  172.1501
1.676	 2.16	 1	 -42.6369	  173.2561
1.677	 3.26	 1	 -43.5677	  173.8997
1.684	 3.51	 1	 -42.2945	  173.3957
1.690	 2.22	 1	 -43.1201	  172.8832
1.690	 2.78	 1	 -42.1218	  173.2632
1.702	 2.19	 1	 -42.0900	  172.0793
1.713	 3.73	 1	 -41.8318	  172.1446
1.722	 2.15	 1	 -45.7195	  177.5462
1.728	 3.63	 1	 -43.2417	  172.8063
1.748	 2.52	 1	 -43.4000	  173.3970
1.770	 3.41	 1	 -42.5378	  172.6688
1.774	 2.12	 1	 -42.4507	  172.7639
1.775	 2.06	 2	 -42.5266	  173.8190
1.779	 2.50	 1	 -42.7429	  173.0262
1.805	 2.09	 1	 -42.9995	  172.6819
1.807	 2.16	 1	 -43.5778	  171.7185
1.813	 2.00	 1	 -42.4441	  173.1173
1.816	 2.01	 1	 -42.3637	  173.1444
1.818	 2.51	 1	 -42.5275	  173.1478
1.820	 2.43	 2	 -43.2317	  172.8139
1.831	 3.33	 1	 -42.9468	  173.4642
1.837	 3.28	 1	 -42.4648	  172.8068
1.840	 3.86	 1	 -42.1293	  173.3477
1.841	 2.66	 1	 -42.7344	  173.8756
1.851	 3.63	 2	 -42.6699	  173.2413
1.859	 2.37	 1	 -42.5452	  172.7663
1.863	 2.05	 1	 -42.7486	  173.2260
1.866	 2.23	 2	 -42.1300	  173.3430
1.868	 2.09	 1	 -44.8407	  175.2861
1.881	 2.29	 1	 -42.4117	  173.3523
1.883	 2.18	 1	 -43.6557	  172.9033
1.886	 2.16	 1	 -43.2162	  173.7978
1.895	 2.19	 1	 -42.2785	  173.0824
1.899	 2.12	 1	 -44.9281	  175.5911
1.901	 2.03	 1	 -43.2260	  172.3184
1.912	 2.54	 1	 -42.2220	  173.0509
1.913	 2.35	 1	 -42.9298	  172.8613
1.952	 2.35	 1	 -41.8997	  173.2251
1.959	 2.14	 1	 -42.3517	  173.2585
1.964	 2.04	 1	 -42.6193	  173.7554
1.985	 2.22	 1	 -43.6482	  172.9324
1.985	 2.56	 1	 -40.5525	  178.3827
1.987	 2.25	 1	 -43.4210	  173.0425
2.004	 2.11	 1	 -43.1176	  172.7514
2.013	 3.78	 1	 -44.6457	  170.7329
2.024	 2.44	 1	 -42.5655	  173.0348
2.029	 2.85	 1	 -43.4021	  173.2671
2.059	 2.14	 1	 -42.5068	  173.0543
2.065	 3.62	 1	 -43.0162	  173.1237
2.084	 2.21	 1	 -41.8936	  171.4861
2.086	 2.01	 1	 -42.3881	  172.7773
2.088	 2.98	 1	 -43.8108	  174.7957
2.090	 2.28	 3	 -42.6498	  173.1698
2.093	 2.05	 1	 -42.8341	  172.6349
2.095	 3.06	 1	 -42.1905	  171.4935
2.097	 2.64	 1	 -39.5549	  169.6071
2.099	 2.05	 1	 -43.0411	  172.2632
2.104	 3.74	 1	 -42.7998	  171.9472
2.114	 2.02	 1	 -43.0453	  172.9501
2.144	 2.12	 1	 -42.1172	  173.4178
2.149	 2.25	 1	 -43.7158	  173.1570
2.159	 2.44	 1	 -42.5786	  172.2709
2.164	 2.05	 1	 -42.4797	  172.3273
2.172	 2.01	 1	 -42.9874	  172.8913
2.173	 2.60	 1	 -41.2185	  174.8371
2.177	 2.06	 1	 -43.8644	  171.9537
2.177	 2.07	 1	 -42.6711	  173.2552
2.189	 3.58	 1	 -42.5354	  173.4616
2.210	 2.72	 1	 -42.8425	  173.4117
2.228	 2.15	 1	 -42.1838	  174.0419
2.246	 2.15	 1	 -40.7521	  172.8318
2.270	 2.34	 1	 -44.7162	  173.7544
2.273	 2.27	 1	 -42.4129	  173.0167
2.280	 2.21	 1	 -42.9450	  173.1637
2.292	 2.71	 1	 -45.6883	  168.4598
2.295	 2.05	 1	 -42.7696	  173.5252
2.298	 2.58	 1	 -43.9071	  172.2968
2.306	 3.19	 1	 -42.4855	  179.1335
2.309	 2.17	 1	 -42.6375	  173.2876
2.321	 2.14	 1	 -42.5203	  173.3628
2.324	 3.26	 1	 -42.8653	  174.2686
2.330	 2.02	 1	 -42.4111	  173.5626
2.337	 2.21	 2	 -41.8335	  172.1456
2.339	 2.22	 1	 -42.7794	  172.1540
2.357	 2.26	 1	 -43.8388	  172.2021
2.365	 2.23	 1	 -40.5598	  173.0751
2.371	 3.45	 1	 -42.9365	  173.9679
2.384	 2.10	 1	 -42.8689	  176.6251
2.394	 2.76	 1	 -42.5395	  173.0152
2.397	 2.84	 1	 -42.6051	  173.2289
2.398	 3.05	 1	 -39.5208	  168.6856
2.427	 2.32	 1	 -42.3532	  172.6272
2.427	 2.41	 1	 -42.3446	  172.2841
2.480	 2.39	 1	 -42.4547	  172.8466
2.484	 3.11	 1	 -42.3460	  172.6057
2.521	 2.29	 1	 -40.9869	  167.3615
2.522	 2.63	 1	 -42.1718	  173.9739
2.523	 2.05	 1	 -42.6109	  173.3232
2.540	 2.08	 1	 -42.2694	  175.3207
2.553	 2.20	 1	 -42.7493	  173.2651
2.562	 2.02	 1	 -42.2908	  173.0504
2.579	 2.18	 1	 -42.9334	  172.4282
2.580	 2.10	 1	 -46.9300	  170.9754
2.592	 2.45	 1	 -42.3427	  172.6904
2.598	 2.05	 1	 -46.8246	  171.0152
2.598	 2.02	 1	 -43.0163	  173.3415
2.600	 2.67	 1	 -43.0419	  173.0757
2.610	 2.63	 1	 -43.0600	  173.1996
2.634	 2.50	 1	 -42.6608	  172.9041
2.675	 2.12	 1	 -44.3699	  172.8543
2.682	 2.04	 1	 -39.7482	  171.9332
2.698	 2.17	 1	 -42.9544	  172.9075
2.700	 2.08	 1	 -42.6250	  171.1093
2.704	 2.49	 2	 -38.5662	  170.5654
2.711	 2.21	 1	 -42.6571	  172.8929
2.717	 2.29	 1	 -42.7296	  172.8320
2.726	 2.75	 1	 -42.2749	  172.9267
2.729	 2.24	 1	 -40.5797	  170.8449
2.740	 2.49	 1	 -42.2325	  172.8206
2.744	 2.24	 1	 -42.7992	  172.5789
2.751	 2.30	 1	 -41.0741	  171.6801
2.756	 3.70	 1	 -42.2771	  173.4279
2.767	 2.07	 1	 -41.8241	  173.2708
2.780	 2.25	 1	 -42.5515	  172.7380
2.818	 2.96	 1	 -43.2969	  173.3654
2.825	 2.30	 1	 -42.9634	  172.7955
2.827	 3.12	 1	 -42.3208	  172.9438
2.828	 2.12	 1	 -42.8007	  173.4392
2.828	 4.30	 1	 -42.8814	  173.1358
2.833	 2.15	 1	 -43.0224	  170.6400
2.834	 2.31	 1	 -42.7164	  173.2159
2.837	 2.35	 1	 -41.6719	  170.4200
2.841	 2.02	 1	 -42.8050	  173.0863
2.866	 2.15	 1	 -43.4425	  172.9373
2.879	 2.03	 1	 -42.6029	  172.7732
2.880	 2.05	 1	 -43.4531	  174.2904
2.884	 2.69	 1	 -42.9806	  172.6099
2.888	 2.62	 1	 -43.0692	  173.9086
2.925	 2.43	 1	 -41.8736	  169.6380
2.925	 3.16	 1	 -42.4872	  171.8508
2.936	 4.03	 1	 -42.7102	  173.6255
2.944	 2.07	 1	 -43.6095	  173.8865
2.964	 2.04	 1	 -42.0439	  173.0844
2.983	 2.34	 1	 -43.3564	  172.7694
2.984	 3.99	 1	 -42.7418	  174.2414
2.985	 2.22	 1	 -42.4097	  171.6960
2.995	 3.03	 1	 -42.2768	  173.6785
3.016	 2.31	 1	 -43.7492	  173.9342
3.032	 2.84	 1	 -42.5426	  173.0306
3.062	 2.77	 1	 -42.3701	  172.5717
3.063	 2.12	 1	 -42.9275	  173.8840
3.069	 2.12	 1	 -43.1107	  172.6392
3.086	 2.02	 1	 -42.5134	  172.9488
3.092	 2.43	 1	 -44.1201	  173.9799
3.133	 2.10	 1	 -43.1221	  172.7190
3.158	 2.92	 1	 -42.8512	  173.7663
3.192	 2.56	 1	 -42.6827	  173.0391
3.197	 2.22	 1	 -42.4179	  173.5692
3.224	 2.23	 1	 -38.5270	  170.7182
3.249	 2.25	 1	 -42.9920	  173.2382
3.256	 2.08	 1	 -42.8000	  172.6963
3.257	 2.18	 1	 -43.2789	  173.3443
3.257	 2.47	 1	 -41.2133	  173.4659
3.270	 2.01	 1	 -42.7996	  172.5652
3.280	 2.55	 2	 -42.5943	  173.4528
3.300	 2.26	 1	 -39.6098	  169.6637
3.308	 2.11	 1	 -43.7212	  172.9662
3.317	 2.32	 1	 -42.5235	  169.3341
3.347	 2.33	 1	 -42.6619	  172.8128
3.412	 3.02	 1	 -44.2320	  173.8450
3.417	 2.64	 1	 -39.6778	  175.7538
3.436	 2.70	 1	 -42.9456	  173.0912
3.451	 2.03	 1	 -42.8340	  171.8617
3.452	 3.67	 1	 -43.1271	  173.1196
3.463	 2.17	 1	 -42.6700	  172.8294
3.467	 2.36	 1	 -42.3565	  171.6354
3.469	 2.76	 1	 -44.1783	  172.4679
3.506	 2.68	 1	 -45.9254	  173.5458
3.513	 2.60	 1	 -42.8614	  175.0027
3.561	 2.87	 1	 -42.8249	  173.0268
3.578	 2.07	 1	 -42.0173	  171.3372
3.583	 2.48	 1	 -41.4580	  171.2059
3.619	 2.09	 1	 -41.5377	  173.4198
3.632	 2.01	 1	 -42.6855	  172.9434
3.645	 2.17	 1	 -42.6031	  173.0859
3.652	 2.04	 1	 -42.2262	  172.6357
3.665	 3.31	 1	 -42.6664	  172.8520
3.667	 2.11	 1	 -42.7970	  173.9143
3.699	 2.17	 1	 -43.0205	  172.8875
3.707	 2.76	 1	 -42.5564	  172.9312
3.707	 2.46	 1	 -42.2928	  173.2590
3.728	 2.43	 1	 -43.0469	  173.2055
3.734	 2.01	 1	 -42.6515	  172.8775
3.760	 2.08	 1	 -42.4606	  173.4521
3.765	 2.27	 1	 -41.9020	  173.2502
3.765	 2.66	 1	 -42.4642	  174.1289
3.784	 2.38	 1	 -42.7585	  173.3071
3.801	 2.17	 1	 -43.0183	  172.6775
3.803	 2.40	 1	 -41.7111	  173.1262
3.815	 2.07	 1	 -42.9545	  173.0471
3.818	 2.39	 1	 -42.1623	  173.3329
3.826	 3.27	 1	 -41.7890	  172.0811
3.856	 2.33	 1	 -42.8076	  173.2572
3.866	 2.04	 1	 -45.3684	  170.5481
3.883	 2.15	 1	 -39.9931	  173.2016
3.906	 3.55	 1	 -42.6379	  173.6134
3.907	 2.02	 1	 -42.8770	  173.6828
3.909	 2.49	 1	 -42.2486	  172.9473
3.911	 2.18	 1	 -42.2329	  172.4895
3.940	 2.15	 1	 -42.4363	  173.1399
3.948	 2.00	 1	 -42.6077	  173.1531
3.959	 2.03	 1	 -42.3591	  173.2845
3.967	 2.25	 1	 -41.7912	  172.2537
3.975	 2.13	 1	 -42.2055	  173.0325
4.001	 2.68	 1	 -41.1463	  167.2774
4.014	 2.09	 1	 -42.4370	  171.1835
4.045	 2.02	 1	 -43.0586	  173.1224
4.086	 2.18	 1	 -42.0919	  173.0245
4.089	 2.03	 1	 -42.7395	  174.5138
4.112	 2.09	 1	 -42.9463	  173.2291
4.119	 2.13	 1	 -39.4076	  170.4673
4.129	 2.29	 1	 -42.6087	  173.1149
4.159	 2.63	 1	 -46.8830	  175.2408
4.167	 2.25	 1	 -43.2643	  173.6898
4.196	 2.25	 1	 -43.0141	  174.2743
4.199	 2.28	 1	 -42.5782	  172.9687
4.208	 2.48	 1	 -46.0363	  170.0513
4.225	 2.80	 1	 -43.6217	  173.0452
4.261	 2.74	 1	 -42.3501	  172.8037
4.267	 2.11	 1	 -47.1689	  172.4429
4.295	 2.07	 2	 -46.5340	  176.1974
4.323	 2.70	 1	 -42.4446	  173.2428
4.343	 2.12	 1	 -43.0790	  166.9270
4.356	 2.14	 1	 -42.8896	  173.0304
4.383	 2.08	 1	 -42.6942	  173.4221
4.405	 2.20	 1	 -42.6559	  173.0170
4.475	 2.82	 1	 -42.0240	  174.1087
4.481	 4.34	 1	 -42.3242	  172.8218
4.492	 2.51	 1	 -42.7644	  172.3798
4.553	 2.26	 1	 -42.3046	  173.1395
4.577	 2.54	 1	 -45.9089	  177.2975
4.597	 3.11	 1	 -43.0593	  172.1047
4.612	 2.60	 1	 -42.0992	  171.9371
4.635	 3.12	 1	 -42.8822	  172.8712
4.694	 2.25	 1	 -43.3197	  174.2387
4.703	 2.09	 1	 -42.1668	  173.4784
4.709	 3.90	 1	 -42.9338	  172.9597
4.710	 2.69	 1	 -40.9526	  178.3070
4.714	 2.67	 1	 -43.4660	  172.4370
4.777	 3.03	 1	 -42.8645	  173.7692
4.831	 2.54	 1	 -42.4700	  173.1741
4.852	 2.25	 1	 -42.4901	  173.0457
4.890	 2.32	 1	 -42.3542	  173.4283
4.933	 2.01	 1	 -41.9542	  172.4350
4.946	 2.02	 1	 -43.2711	  171.1426
4.963	 2.07	 1	 -43.6759	  174.5193
4.995	 4.26	 1	 -42.9283	  172.8692
4.996	 3.43	 1	 -42.3943	  173.3736
5.000	 2.24	 1	 -42.6095	  173.1838
5.015	 2.00	 1	 -42.6590	  172.6158
5.086	 2.38	 1	 -43.0738	  172.7600
5.090	 3.31	 1	 -42.3586	  173.5789
5.093	 2.31	 1	 -42.7727	  173.2226
5.111	 2.18	 1	 -42.6472	  173.1799
5.164	 2.08	 1	 -42.8024	  172.9395
5.205	 2.19	 1	 -42.7717	  173.0379
5.232	 2.04	 1	 -42.3007	  173.3694
5.236	 2.16	 1	 -42.5128	  171.8892
5.236	 2.67	 1	 -43.7378	  170.9800
5.240	 3.37	 1	 -42.3431	  173.3438
5.253	 2.43	 1	 -42.8910	  172.9181
5.282	 3.31	 1	 -42.0856	  173.4625
5.288	 2.10	 1	 -42.4043	  173.4863
5.338	 2.07	 1	 -41.1899	  167.2560
5.339	 2.14	 1	 -42.9881	  173.3753
5.369	 2.10	 1	 -42.3737	  172.8642
5.405	 2.62	 1	 -42.7691	  172.9521
5.508	 2.14	 1	 -42.4124	  173.0324
5.532	 2.08	 1	 -42.5647	  174.2047
5.535	 2.13	 1	 -42.5109	  172.9312
5.547	 2.35	 1	 -42.6677	  172.5228
5.559	 2.04	 1	 -43.1840	  172.4098
5.607	 2.25	 1	 -42.7376	  172.5688
5.609	 2.08	 1	 -42.7150	  172.9801
5.669	 2.20	 1	 -43.3049	  173.6169
5.686	 2.92	 1	 -41.5792	  171.8893
5.781	 2.42	 1	 -42.6075	  172.6853
5.816	 3.14	 1	 -42.5667	  172.7309
5.818	 2.35	 1	 -42.2584	  172.7728
5.847	 3.05	 1	 -42.8021	  172.9970
5.854	 3.13	 1	 -42.4287	  173.1243
5.892	 2.38	 2	 -42.9328	  172.9285
5.938	 2.15	 1	 -42.7103	  174.0424
5.961	 2.18	 1	 -41.5386	  171.3266
5.976	 2.17	 1	 -42.5062	  173.0981
5.984	 4.25	 1	 -43.2877	  171.6572
5.990	 2.16	 1	 -42.5559	  172.4066
6.001	 2.05	 1	 -42.3719	  173.4442
6.031	 2.08	 1	 -43.0028	  173.1809
6.035	 2.56	 1	 -38.2390	  173.8671
6.133	 2.12	 1	 -42.7775	  172.9091
6.197	 2.35	 1	 -42.5499	  174.2206
6.205	 3.59	 1	 -39.3579	  173.9804
6.213	 2.03	 1	 -40.5529	  175.8808
6.297	 3.05	 1	 -42.5859	  173.7994
6.302	 2.54	 1	 -44.6303	  178.5427
6.325	 2.58	 1	 -43.4082	  172.6706
6.358	 2.23	 1	 -42.8424	  172.3940
6.362	 2.49	 1	 -42.1318	  174.2051
6.388	 2.14	 1	 -44.9152	  172.7127
6.460	 2.16	 1	 -41.9749	  172.9179
6.482	 2.19	 1	 -45.1509	  172.9615
6.491	 2.07	 1	 -40.1864	  170.7999
6.541	 2.50	 1	 -42.6765	  172.8344
6.573	 2.81	 1	 -43.2082	  173.3355
6.661	 3.48	 1	 -43.2287	  173.1901
6.718	 2.38	 1	 -42.2567	  174.4311
6.746	 2.18	 1	 -43.1830	  170.6615
6.769	 3.26	 1	 -41.4906	  178.9173
6.845	 2.62	 1	 -41.8898	  171.0693
6.868	 3.30	 1	 -42.3322	  172.4793
6.891	 2.21	 1	 -42.4895	  172.2165
6.898	 4.77	 1	 -42.7118	  172.8352
6.944	 2.05	 1	 -42.7861	  173.1275
6.948	 2.15	 1	 -42.0582	  172.8015
6.952	 2.06	 1	 -43.3035	  171.4655
7.049	 2.98	 1	 -45.1980	  167.9420
7.145	 2.03	 1	 -42.9593	  172.5753
7.172	 2.31	 2	 -42.9481	  173.4635
7.186	 2.15	 1	 -42.4719	  173.2165
7.196	 2.93	 1	 -42.3964	  172.9139
7.225	 2.12	 1	 -44.3751	  173.9994
7.279	 2.23	 1	 -45.7102	  177.5577
7.290	 2.51	 1	 -42.5763	  172.8963
7.303	 2.09	 1	 -46.6149	  170.0306
7.323	 3.70	 1	 -42.6670	  173.2115
7.355	 2.24	 1	 -42.6575	  172.9620
7.393	 2.49	 1	 -41.9661	  170.6455
7.402	 2.12	 1	 -42.4646	  172.6708
7.433	 2.11	 1	 -42.5287	  173.5006
7.439	 2.12	 2	 -42.1854	  172.9204
7.449	 2.22	 1	 -42.6187	  172.6362
7.526	 2.17	 1	 -42.1433	  173.4285
7.549	 2.28	 1	 -44.6563	  169.8565
7.569	 2.11	 1	 -42.8552	  173.5550
7.593	 2.97	 1	 -42.9760	  172.8952
7.635	 2.01	 1	 -42.3401	  177.1923
7.638	 2.24	 1	 -43.0839	  172.5312
7.655	 2.72	 1	 -42.8931	  172.8309
7.815	 2.08	 1	 -44.7550	  174.0911
7.826	 2.38	 1	 -43.6720	  173.6787
7.851	 2.48	 1	 -42.3154	  172.8321
7.863	 2.08	 1	 -42.3083	  172.8475
7.932	 2.61	 1	 -41.7116	  173.0515
7.937	 2.02	 1	 -41.9064	  172.1568
7.975	 2.27	 1	 -42.5898	  173.7176
7.978	 2.17	 1	 -42.6782	  172.7455
7.982	 2.08	 1	 -42.9658	  173.1451
7.989	 2.02	 1	 -44.5059	  172.9125
7.991	 3.12	 1	 -43.1712	  173.6978
8.031	 2.08	 1	 -42.6044	  179.1388
8.046	 3.59	 1	 -42.7687	  173.1724
8.047	 2.13	 1	 -39.9066	  174.9590
8.076	 2.29	 1	 -43.5891	  174.5490
8.104	 2.04	 1	 -42.4060	  174.8412
8.125	 4.52	 1	 -42.7450	  172.5567
8.172	 2.22	 1	 -42.3839	  174.9750
8.214	 2.24	 1	 -42.4140	  172.8316
8.218	 2.14	 1	 -42.3068	  173.5667
8.230	 2.10	 1	 -42.7777	  173.2054
8.234	 2.15	 1	 -41.0622	  167.3206
8.285	 2.09	 1	 -42.8464	  173.0505
8.306	 2.64	 1	 -43.5445	  172.7667
8.306	 2.79	 1	 -42.4675	  172.7872
8.334	 2.21	 2	 -42.2979	  173.4570
8.407	 2.95	 1	 -42.3902	  171.0817
8.423	 2.61	 1	 -42.8599	  173.2829
8.433	 2.07	 1	 -42.1665	  172.4408
8.552	 2.15	 1	 -41.1995	  176.8127
8.558	 2.29	 1	 -42.2938	  173.6685
8.560	 2.43	 1	 -42.3721	  173.0964
8.594	 2.90	 1	 -42.6642	  173.0301
8.635	 2.08	 1	 -38.8421	  175.7471
8.638	 2.11	 1	 -42.2568	  172.2515
8.675	 2.25	 1	 -41.3553	  174.5941
8.699	 2.04	 1	 -42.2611	  172.2223
8.744	 2.50	 1	 -43.3189	  173.8207
8.755	 2.15	 1	 -42.1215	  176.4277
8.757	 2.39	 1	 -42.5151	  172.8764
8.831	 2.48	 1	 -40.3293	  174.9872
8.886	 2.15	 1	 -42.7257	  173.0244
8.943	 2.02	 1	 -41.8340	  174.2058
8.961	 2.48	 1	 -43.3375	  172.1616
9.019	 2.47	 1	 -40.7949	  171.6859
9.067	 2.17	 1	 -42.9337	  172.9267
9.095	 2.63	 1	 -42.8660	  173.3221
9.203	 2.43	 1	 -42.4820	  177.3236
9.205	 3.36	 1	 -43.5436	  173.7968
9.289	 4.19	 1	 -42.4020	  172.9007
9.323	 2.34	 1	 -47.0861	  172.6230
9.423	 2.64	 1	 -42.7545	  173.8888
9.455	 2.25	 1	 -39.1206	  169.3058
9.487	 2.90	 1	 -45.2425	  174.1977
9.512	 2.65	 1	 -42.1978	  171.1806
9.560	 2.76	 1	 -42.6787	  173.7002
9.576	 2.24	 1	 -42.2384	  172.7785
9.651	 2.78	 1	 -42.4043	  172.9599
9.709	 2.15	 1	 -42.8730	  173.1652
9.773	 2.43	 1	 -42.5061	  173.3985
9.786	 2.06	 1	 -42.7708	  173.2730
9.789	 2.05	 1	 -42.8273	  173.5215
9.865	 2.02	 1	 -42.4536	  173.1954
9.919	 2.23	 1	 -42.3945	  173.5826
9.977	 2.49	 1	 -42.5659	  173.1920
9.978	 2.14	 1	 -42.7090	  173.2063
10.036	 2.69	 1	 -42.6396	  173.4914
10.052	 2.05	 1	 -42.8046	  172.6052
10.067	 2.13	 1	 -46.0750	  172.4563
10.104	 2.19	 1	 -46.9571	  171.0824
10.158	 2.07	 1	 -43.1524	  173.5315
10.204	 2.58	 1	 -46.0244	  175.9750
10.267	 2.82	 1	 -41.9945	  174.1494
10.290	 2.02	 1	 -43.0164	  172.5860
10.297	 2.27	 1	 -42.4880	  172.8098
10.348	 2.50	 1	 -42.5444	  173.1996
10.392	 2.58	 1	 -38.6551	  175.7153
10.401	 2.28	 1	 -41.6399	  174.0256
10.413	 2.04	 1	 -46.0464	  177.0972
10.422	 2.31	 1	 -42.8152	  172.9397
10.426	 3.62	 1	 -47.1477	  172.1936
10.510	 2.34	 1	 -41.9256	  166.9940
10.570	 2.46	 1	 -42.6584	  174.2807
10.638	 2.39	 1	 -42.3324	  172.9276
10.645	 2.50	 1	 -41.9061	  172.1161
10.683	 2.16	 1	 -42.1873	  173.5393
10.695	 2.77	 1	 -42.7198	  173.3682
10.773	 2.91	 1	 -42.7795	  173.3474
10.789	 2.39	 1	 -38.2997	  171.7155
10.876	 2.77	 1	 -42.5211	  174.2285
10.909	 2.26	 1	 -42.4900	  172.9913
10.934	 2.60	 1	 -43.0204	  172.0346
10.982	 2.74	 1	 -42.9190	  172.0485
11.007	 2.81	 1	 -42.4923	  172.5096
11.060	 3.07	 1	 -42.6888	  172.6486
11.124	 2.86	 1	 -43.0900	  173.9258
11.172	 2.60	 1	 -42.9022	  172.1668
11.235	 2.04	 1	 -42.2770	  172.8567
11.258	 2.20	 1	 -42.7026	  172.9083
11.279	 2.25	 1	 -42.2530	  174.2984
11.281	 2.20	 1	 -42.5033	  173.2596
11.316	 2.27	 1	 -45.8588	  173.8892
11.402	 2.24	 1	 -42.8187	  173.4806
11.440	 2.19	 1	 -43.4563	  173.3725
11.445	 2.50	 1	 -42.9584	  173.0938
11.459	 2.33	 1	 -43.0973	  173.1729
11.502	 4.27	 1	 -46.9563	  174.9655
11.574	 2.52	 1	 -43.2590	  173.3308
11.595	 2.91	 1	 -41.2262	  175.7040
11.639	 2.13	 1	 -43.2997	  172.3209
11.687	 2.14	 1	 -43.1179	  172.6425
11.702	 2.54	 1	 -41.5262	  174.6805
11.706	 2.21	 1	 -42.5806	  173.3009
11.804	 2.34	 1	 -42.8712	  173.9799
11.844	 2.48	 1	 -42.8678	  173.1672
11.961	 2.15	 1	 -42.0156	  172.4872
11.977	 2.68	 1	 -42.6347	  172.4854
11.984	 2.24	 1	 -41.0495	  175.1925
12.079	 2.18	 1	 -42.7973	  174.1626
12.131	 2.06	 1	 -44.4148	  172.4647
12.180	 2.14	 1	 -42.3491	  172.9783
12.181	 2.00	 1	 -42.4603	  173.2503
12.192	 2.16	 1	 -42.6236	  173.6927
12.394	 2.18	 1	 -42.9818	  173.2736
12.527	 2.38	 1	 -42.7561	  172.1374
12.553	 2.57	 1	 -42.5237	  172.1859
12.554	 2.48	 1	 -44.2652	  168.1705
12.554	 2.09	 1	 -42.4259	  172.7751
12.610	 3.04	 1	 -43.3294	  172.5938
12.645	 2.08	 1	 -42.3218	  170.1095
12.655	 2.13	 1	 -42.9811	  172.2233
12.695	 2.97	 1	 -38.5584	  175.4286
12.724	 2.03	 1	 -38.2867	  174.2449
12.757	 2.45	 1	 -42.8186	  172.8402
12.909	 3.24	 1	 -43.1182	  172.1706
12.936	 2.11	 1	 -42.7731	  173.1651
12.965	 2.40	 1	 -41.5393	  169.6162
13.081	 2.49	 1	 -43.4052	  173.2873
13.174	 2.50	 1	 -41.6672	  172.8911
13.222	 2.06	 1	 -45.0814	  169.8784
13.223	 2.06	 1	 -42.7149	  173.2605
13.229	 2.64	 1	 -42.5718	  173.2399
13.272	 2.07	 1	 -38.3139	  171.6300
13.408	 3.04	 1	 -43.7000	  167.0599
13.411	 2.03	 1	 -42.0638	  172.0884
13.426	 2.27	 1	 -41.9134	  172.2512
13.662	 2.11	 1	 -42.9144	  174.2404
13.683	 2.85	 1	 -39.8041	  168.3335
13.688	 2.79	 1	 -43.0998	  172.4131
13.776	 2.03	 1	 -42.9627	  172.9041
13.883	 2.42	 1	 -43.0487	  172.2164
13.929	 2.16	 1	 -42.5941	  173.1834
14.096	 3.51	 1	 -43.0500	  173.1697
14.113	 2.70	 1	 -41.9324	  169.1747
14.121	 2.14	 1	 -42.6627	  172.8713
14.128	 2.43	 1	 -42.8344	  173.1557
14.169	 2.83	 1	 -42.7532	  172.9182
14.190	 3.42	 1	 -43.4058	  172.1715
14.196	 2.04	 1	 -42.9685	  172.8524
14.221	 2.38	 1	 -42.3622	  172.0650
14.232	 2.10	 1	 -42.9444	  171.8337
14.344	 2.58	 1	 -42.6052	  172.9552
14.349	 2.02	 1	 -40.9756	  167.3678
14.387	 3.11	 1	 -41.1886	  171.8167
14.394	 2.38	 1	 -42.4938	  172.8418
14.415	 2.10	 1	 -44.6429	  176.9403
14.433	 2.81	 1	 -42.9369	  173.3788
14.453	 2.33	 1	 -42.5279	  171.8294
