# Simulation 256
# RelativeTime(days) Magnitude Generation Latitude Longitude
Time Mag Gen Lat Lon
7.005	 2.31	 1	 -43.2458	  174.7834
7.007	 3.01	 1	 -42.0456	  173.6275
7.019	 2.01	 1	 -43.0144	  179.1243
7.025	 2.09	 1	 -46.1063	  175.8637
7.029	 2.17	 1	 -44.3526	  169.7997
7.047	 2.14	 1	 -43.9241	  178.9060
7.053	 2.07	 1	 -46.9636	  171.1089
7.056	 2.28	 1	 -43.6269	  172.5072
7.070	 2.26	 1	 -42.1706	  173.6243
7.070	 2.85	 1	 -42.7007	  175.7436
7.073	 2.40	 1	 -45.0787	  174.2434
7.082	 2.13	 1	 -42.9027	  172.1857
7.084	 2.48	 1	 -43.4479	  171.3209
7.090	 2.32	 1	 -44.2434	  172.6489
7.091	 2.19	 1	 -40.6971	  176.6110
7.101	 3.04	 1	 -40.9843	  173.4817
7.102	 2.09	 1	 -42.8294	  173.2787
7.114	 2.13	 1	 -46.5463	  169.8700
7.116	 2.18	 1	 -41.2501	  172.9265
7.117	 3.77	 1	 -45.9183	  168.8144
7.123	 2.11	 1	 -42.8431	  172.9286
7.131	 2.08	 1	 -43.4493	  173.1877
7.132	 2.11	 1	 -42.7594	  171.3705
7.133	 2.02	 1	 -41.9174	  173.6698
7.140	 2.37	 1	 -42.3815	  173.9838
7.142	 2.06	 1	 -46.9511	  174.9863
7.146	 2.10	 1	 -42.1164	  173.2820
7.150	 2.11	 1	 -42.2365	  173.9338
7.152	 3.21	 1	 -43.3402	  174.7245
7.167	 2.47	 1	 -41.8752	  173.9777
7.168	 2.02	 1	 -42.1179	  172.3606
7.170	 2.03	 1	 -41.0576	  171.9855
7.180	 2.59	 1	 -46.9050	  175.1625
7.183	 2.33	 1	 -42.3205	  173.4816
7.192	 2.08	 1	 -40.1811	  173.4677
7.199	 2.14	 1	 -42.3553	  173.8445
7.200	 2.64	 1	 -42.9987	  173.1574
7.204	 2.51	 1	 -41.9101	  172.7111
7.207	 2.57	 1	 -44.3095	  174.9955
7.220	 2.47	 1	 -43.2802	  174.5031
7.229	 2.09	 1	 -40.3551	  170.5925
7.244	 2.09	 1	 -43.3580	  171.4151
7.248	 2.95	 1	 -44.7073	  174.2959
7.257	 2.48	 1	 -43.5583	  173.1396
7.260	 2.72	 1	 -43.7132	  173.5307
7.283	 2.20	 1	 -43.5046	  174.6482
7.288	 2.23	 1	 -41.7284	  171.6989
7.291	 2.66	 1	 -43.9248	  172.2918
7.310	 2.24	 1	 -42.5410	  171.9590
7.317	 2.30	 1	 -42.9409	  173.0639
7.329	 2.08	 1	 -42.0002	  172.9140
7.337	 2.05	 1	 -42.3562	  173.7133
7.339	 2.74	 1	 -43.8704	  172.5249
7.349	 2.28	 1	 -39.7686	  174.8973
7.354	 2.29	 1	 -42.8424	  170.5266
7.355	 2.04	 1	 -42.7173	  174.6850
7.368	 2.59	 1	 -43.9251	  171.4510
7.371	 2.30	 1	 -43.6642	  177.6585
7.374	 2.02	 1	 -43.2810	  173.5687
7.379	 2.03	 1	 -45.3315	  173.1595
7.388	 2.13	 1	 -42.8504	  172.1964
7.395	 2.20	 1	 -44.1225	  172.8318
7.399	 2.87	 1	 -42.4874	  172.7801
7.402	 2.22	 1	 -45.2690	  173.3716
7.409	 2.34	 1	 -43.2412	  174.0427
7.413	 2.31	 1	 -45.1140	  173.1705
7.431	 2.09	 1	 -43.9963	  172.0180
7.433	 2.38	 1	 -38.3924	  171.2337
7.440	 2.72	 1	 -42.3312	  173.8471
7.449	 3.47	 1	 -42.0650	  174.6539
7.450	 2.88	 1	 -44.1008	  173.5343
7.450	 2.35	 1	 -44.0773	  171.3027
7.457	 2.05	 1	 -40.7895	  173.4909
7.475	 2.19	 1	 -40.8592	  169.7882
7.483	 2.82	 1	 -47.1637	  172.3718
7.498	 3.20	 1	 -47.1801	  172.6343
7.500	 2.49	 1	 -43.3083	  175.3378
7.506	 2.03	 1	 -42.1061	  173.7043
7.511	 2.03	 1	 -42.6362	  173.2813
7.513	 3.21	 1	 -43.1676	  174.3398
7.516	 2.34	 1	 -41.6788	  173.6965
7.517	 2.34	 1	 -42.5810	  172.3878
7.518	 2.20	 1	 -42.7534	  173.2395
7.540	 2.02	 1	 -45.1748	  172.9714
7.545	 2.33	 1	 -43.3227	  176.1390
7.550	 3.15	 1	 -42.4427	  173.4537
7.550	 2.04	 1	 -42.5181	  172.8038
7.550	 4.11	 1	 -42.7830	  173.5108
7.551	 2.00	 2	 -42.8144	  173.5034
7.556	 2.04	 1	 -43.3241	  172.8381
7.564	 2.07	 1	 -42.0733	  172.3150
7.576	 2.18	 1	 -46.4547	  169.6713
7.585	 2.51	 2	 -42.7708	  173.5728
7.605	 2.15	 1	 -43.6482	  171.4758
7.614	 2.18	 1	 -43.0727	  172.5182
7.617	 2.00	 1	 -42.7910	  168.0593
7.626	 2.98	 1	 -47.0358	  171.4379
7.631	 2.26	 1	 -43.2700	  173.3780
7.632	 3.06	 1	 -42.5191	  173.1044
7.634	 2.11	 1	 -43.1034	  172.5996
7.646	 2.70	 1	 -43.7144	  172.8946
7.663	 4.07	 1	 -46.9990	  171.2620
7.663	 2.74	 1	 -42.5675	  173.5458
7.671	 3.00	 1	 -42.2236	  174.6431
7.689	 2.30	 1	 -41.6484	  177.3264
7.690	 2.48	 1	 -42.4515	  173.8924
7.694	 2.07	 1	 -45.8101	  168.6134
7.696	 2.14	 1	 -42.4810	  172.1924
7.702	 2.08	 1	 -42.3934	  171.7512
7.704	 2.80	 1	 -43.1381	  173.7075
7.715	 2.25	 1	 -42.5726	  173.0054
7.718	 2.04	 1	 -42.2234	  173.7213
7.729	 2.33	 1	 -40.8624	  175.1793
7.737	 2.21	 1	 -41.7701	  174.1949
7.737	 2.05	 1	 -42.8913	  173.0189
7.738	 2.31	 1	 -43.1388	  173.5780
7.741	 2.43	 1	 -40.8815	  170.6899
7.744	 2.15	 1	 -41.9970	  173.7171
7.747	 2.20	 1	 -40.4788	  173.6542
7.749	 2.18	 1	 -46.9796	  174.8678
7.750	 2.19	 1	 -41.8000	  174.2477
7.753	 2.03	 1	 -42.7632	  172.7776
7.753	 2.14	 1	 -43.9600	  172.4418
7.754	 2.12	 1	 -42.3280	  173.9304
7.755	 2.00	 1	 -43.2848	  172.4388
7.760	 2.24	 1	 -42.7862	  172.5454
7.761	 2.02	 1	 -42.1448	  179.0895
7.777	 2.07	 1	 -42.6750	  174.6697
7.779	 3.04	 1	 -42.8271	  172.6550
7.781	 3.47	 1	 -41.1520	  172.7188
7.787	 2.16	 1	 -42.7930	  172.8756
7.800	 2.54	 1	 -43.2599	  172.9374
7.800	 2.15	 1	 -41.2656	  167.2205
7.810	 2.19	 1	 -41.9674	  173.5775
7.812	 3.15	 1	 -43.3592	  172.3243
7.816	 2.35	 1	 -43.0899	  170.7941
7.819	 2.26	 1	 -41.5438	  172.5333
7.820	 2.29	 1	 -39.7431	  172.8857
7.822	 2.16	 1	 -42.6309	  173.6281
7.827	 2.40	 1	 -44.7134	  169.1935
7.833	 2.09	 1	 -43.8120	  178.9473
7.840	 2.01	 1	 -41.3787	  174.9636
7.843	 2.01	 1	 -43.4822	  168.4255
7.843	 2.26	 1	 -42.6330	  172.2721
7.845	 3.76	 1	 -41.9949	  172.8048
7.845	 2.57	 2	 -42.0100	  172.8152
7.849	 2.32	 1	 -45.5745	  168.3261
7.864	 2.22	 1	 -41.7091	  171.5940
7.865	 2.09	 1	 -42.8153	  172.9637
7.867	 2.59	 1	 -42.1843	  174.3449
7.878	 2.08	 1	 -41.9977	  173.9464
7.881	 2.20	 1	 -42.2727	  173.7904
7.885	 2.26	 1	 -43.9061	  168.5596
7.893	 2.32	 1	 -43.6120	  169.4444
7.897	 2.65	 1	 -42.5316	  173.1213
7.907	 2.27	 1	 -43.5265	  172.3458
7.917	 2.78	 1	 -42.8187	  171.9982
7.936	 2.36	 1	 -41.5059	  178.9231
7.937	 2.48	 1	 -42.7189	  172.0763
7.944	 2.19	 1	 -39.1415	  176.7752
7.950	 2.01	 1	 -38.7928	  169.9763
7.956	 2.76	 1	 -47.1052	  171.8457
7.962	 2.16	 1	 -41.1728	  173.1145
7.966	 2.59	 1	 -42.6734	  173.5424
7.991	 2.11	 1	 -42.2372	  173.5717
7.993	 2.44	 1	 -44.0313	  174.8978
7.994	 2.08	 1	 -42.9218	  172.2049
7.999	 2.12	 1	 -42.2014	  173.5513
8.000	 2.20	 1	 -40.9199	  172.6264
8.007	 2.49	 1	 -44.1045	  172.7172
8.012	 3.36	 1	 -41.9819	  173.6349
8.013	 2.12	 1	 -43.0926	  173.5343
8.016	 2.37	 1	 -42.1755	  173.9216
8.019	 2.25	 1	 -46.2122	  169.2148
8.025	 2.81	 1	 -43.3313	  173.5176
8.027	 2.07	 1	 -43.7278	  174.4194
8.028	 2.16	 1	 -42.3431	  172.5620
8.029	 2.71	 1	 -43.1668	  172.8328
8.037	 2.08	 1	 -46.2889	  169.3499
8.053	 2.29	 1	 -43.9118	  174.6970
8.059	 2.01	 1	 -47.0786	  174.2394
8.059	 2.83	 1	 -40.8309	  169.5439
8.063	 2.96	 1	 -47.0198	  171.3588
8.072	 2.17	 1	 -43.1079	  172.5900
8.085	 2.32	 1	 -42.3227	  172.4356
8.095	 2.02	 1	 -40.2519	  176.1358
8.098	 2.27	 1	 -43.0384	  172.4980
8.102	 2.86	 1	 -42.7858	  175.5342
8.113	 2.15	 1	 -41.0657	  173.2595
8.119	 2.44	 1	 -43.5268	  172.0770
8.120	 2.31	 1	 -45.0898	  171.7495
8.126	 2.29	 1	 -38.6089	  175.5832
8.129	 2.46	 1	 -47.0357	  171.4374
8.130	 2.03	 1	 -43.2092	  173.3288
8.136	 2.36	 1	 -44.0036	  173.9639
8.144	 2.05	 1	 -44.5282	  167.4373
8.147	 2.00	 1	 -42.6002	  171.8459
8.162	 2.22	 1	 -42.1688	  174.1102
8.168	 2.19	 1	 -42.0472	  173.8994
8.170	 2.02	 1	 -43.5774	  171.0112
8.184	 2.33	 1	 -45.8674	  177.3544
8.201	 2.25	 1	 -41.5544	  175.4420
8.202	 2.60	 1	 -42.3636	  174.1894
8.211	 2.48	 1	 -44.0490	  170.7598
8.214	 2.71	 1	 -42.6554	  171.9623
8.215	 2.70	 1	 -42.5157	  173.9541
8.235	 3.46	 1	 -43.5793	  173.6612
8.235	 2.32	 1	 -42.6687	  172.8520
8.241	 2.07	 1	 -42.3058	  175.0757
8.242	 2.13	 2	 -41.4843	  178.9481
8.243	 2.55	 1	 -45.8861	  171.1043
8.248	 2.23	 1	 -42.4551	  173.3749
8.262	 2.47	 1	 -38.6394	  175.6714
8.282	 2.73	 1	 -43.8759	  172.1745
8.283	 2.11	 1	 -41.9322	  174.1513
8.290	 2.03	 1	 -41.6411	  174.3430
8.294	 2.23	 1	 -42.2888	  173.2243
8.295	 2.59	 1	 -42.4243	  171.0976
8.300	 2.31	 1	 -42.3331	  173.3475
8.305	 2.01	 1	 -39.3026	  169.2136
8.307	 2.54	 1	 -42.8681	  173.7393
8.309	 2.17	 1	 -42.3231	  173.5886
8.318	 2.26	 1	 -42.6405	  172.1924
8.360	 2.47	 1	 -43.4433	  172.8271
8.361	 2.01	 1	 -41.3782	  170.7083
8.362	 2.11	 1	 -43.5751	  173.5405
8.362	 2.13	 1	 -44.7459	  178.4649
8.371	 2.58	 1	 -39.0065	  176.5261
8.373	 2.16	 1	 -44.2097	  170.7868
8.381	 2.63	 1	 -43.5317	  173.6211
8.382	 2.44	 1	 -42.2914	  171.9165
8.387	 2.16	 1	 -45.7890	  168.5860
8.393	 2.15	 1	 -42.3760	  174.1133
8.396	 2.11	 1	 -43.5242	  172.6560
8.397	 2.57	 1	 -42.3709	  173.0904
8.401	 2.14	 1	 -38.6256	  170.4124
8.405	 2.51	 1	 -41.9298	  174.2666
8.408	 3.22	 1	 -40.8306	  178.5908
8.409	 3.33	 1	 -43.4777	  172.7881
8.418	 2.26	 1	 -42.6716	  176.0644
8.420	 2.07	 1	 -42.5998	  172.7117
8.421	 2.34	 1	 -42.7683	  172.7087
8.439	 2.07	 1	 -39.1082	  169.3282
8.445	 3.17	 1	 -42.8799	  172.9181
8.447	 2.60	 1	 -43.7596	  173.5177
8.453	 2.09	 1	 -40.6992	  174.1034
8.460	 2.42	 1	 -39.9115	  168.2148
8.487	 2.36	 1	 -44.1048	  175.2645
8.489	 3.47	 1	 -47.1331	  173.1290
8.493	 2.64	 1	 -42.9494	  173.6082
8.508	 2.07	 1	 -44.9374	  172.8640
8.513	 2.10	 1	 -42.0032	  174.6883
8.535	 2.02	 1	 -42.3134	  173.8878
8.542	 2.25	 1	 -42.2501	  179.1103
8.547	 2.19	 1	 -40.5049	  178.3671
8.561	 2.79	 1	 -43.3326	  172.9402
8.562	 2.13	 1	 -42.5220	  166.9087
8.568	 2.23	 1	 -42.2693	  173.7941
8.573	 2.14	 1	 -45.1136	  177.0499
8.573	 2.13	 1	 -39.4398	  177.2462
8.575	 2.70	 1	 -43.1831	  178.9583
8.576	 3.44	 1	 -40.3980	  170.9439
8.577	 2.12	 1	 -42.5819	  172.9879
8.578	 3.44	 1	 -43.9766	  175.1120
8.619	 2.42	 1	 -42.7339	  173.5629
8.625	 2.43	 2	 -42.7206	  173.5454
8.657	 2.49	 1	 -43.8372	  167.1059
8.660	 2.47	 1	 -42.7200	  167.6120
8.668	 2.57	 1	 -42.3180	  171.9598
8.679	 2.17	 1	 -43.2827	  173.1954
8.700	 2.27	 1	 -46.0009	  168.8788
8.706	 3.18	 1	 -41.9860	  173.6318
8.717	 2.05	 1	 -39.1416	  169.2689
8.721	 2.50	 1	 -41.2236	  170.6601
8.731	 2.11	 1	 -42.7507	  175.0972
8.735	 2.03	 1	 -46.9961	  171.2490
8.743	 2.27	 1	 -41.7320	  173.7658
8.758	 2.12	 1	 -45.7041	  168.4791
8.761	 2.23	 1	 -43.1414	  171.4995
8.769	 4.48	 1	 -42.9114	  173.0988
8.770	 2.10	 2	 -42.9100	  173.0954
8.776	 2.07	 2	 -42.9171	  173.0970
8.776	 2.70	 1	 -42.0515	  173.0758
8.787	 2.59	 1	 -42.2070	  173.7176
8.793	 2.55	 1	 -42.6656	  172.9472
8.809	 2.01	 1	 -47.1687	  172.4401
8.809	 2.24	 1	 -42.4183	  172.1615
8.810	 3.36	 1	 -42.2249	  172.2580
8.810	 2.19	 1	 -41.7853	  174.1821
8.816	 2.09	 1	 -41.0929	  175.9561
8.819	 2.19	 1	 -42.6492	  173.2482
8.822	 2.36	 1	 -39.8240	  173.9567
8.823	 2.68	 1	 -42.9135	  173.7946
8.841	 2.33	 1	 -43.7983	  173.2737
8.841	 2.97	 1	 -42.2004	  173.1306
8.844	 2.28	 1	 -42.9979	  172.3512
8.852	 2.12	 1	 -42.1979	  169.4253
8.861	 2.32	 1	 -42.7860	  172.8016
8.875	 2.08	 1	 -42.4082	  173.4345
8.879	 3.12	 1	 -38.3705	  174.7105
8.883	 2.34	 1	 -42.9645	  175.9677
8.885	 3.10	 1	 -45.4604	  169.7738
8.886	 4.07	 1	 -42.5476	  173.7062
8.886	 2.36	 1	 -42.1031	  179.0871
8.887	 2.68	 2	 -42.5336	  173.7230
8.887	 2.08	 1	 -42.7148	  170.7386
8.894	 2.44	 1	 -43.6615	  171.3765
8.897	 2.13	 1	 -38.9571	  176.4279
8.900	 2.85	 1	 -42.2142	  172.4865
8.908	 2.40	 1	 -41.5254	  170.1053
8.920	 2.05	 1	 -42.5631	  173.2488
8.921	 3.30	 1	 -42.6008	  173.0065
8.944	 2.58	 1	 -46.6677	  170.1625
8.958	 2.20	 1	 -38.7671	  176.0062
8.963	 2.02	 1	 -42.6014	  172.7712
8.968	 2.46	 1	 -43.6666	  172.0344
8.972	 2.24	 1	 -42.3495	  173.6926
8.975	 2.34	 1	 -39.2593	  174.5758
8.985	 2.05	 1	 -42.7967	  172.9276
9.003	 3.03	 1	 -40.6798	  173.5243
9.004	 3.06	 1	 -40.4694	  167.7043
9.004	 2.26	 1	 -42.2345	  171.9891
9.006	 2.13	 1	 -45.4892	  177.0376
9.006	 2.01	 1	 -43.3202	  172.8586
9.013	 2.45	 1	 -42.5072	  171.4847
9.019	 2.14	 1	 -42.8694	  173.5317
9.034	 3.16	 1	 -41.2802	  174.5106
9.038	 2.54	 1	 -41.3162	  172.2428
9.043	 2.59	 1	 -41.6606	  175.0764
9.050	 2.36	 1	 -42.1415	  173.3871
9.068	 2.29	 1	 -42.3577	  173.2564
9.073	 2.52	 1	 -38.3990	  174.8400
9.082	 2.05	 1	 -42.6856	  172.5552
9.083	 2.75	 1	 -42.9270	  179.1316
9.093	 2.26	 1	 -46.5170	  176.2397
9.115	 2.22	 1	 -43.4134	  173.3470
9.117	 2.13	 1	 -43.5217	  173.0295
9.129	 2.05	 1	 -39.0271	  169.4785
9.136	 2.03	 1	 -40.7231	  178.5219
9.139	 2.20	 1	 -41.3271	  172.4350
9.158	 2.78	 1	 -38.4135	  171.1421
9.165	 2.24	 1	 -42.4174	  173.5871
9.168	 2.39	 1	 -45.0009	  175.3311
9.169	 3.11	 1	 -42.2900	  173.0812
9.170	 3.14	 1	 -42.1689	  174.0753
9.172	 2.10	 1	 -38.7295	  175.9128
9.174	 2.35	 1	 -43.2143	  174.5191
9.198	 2.38	 1	 -41.8869	  172.1005
9.202	 2.33	 1	 -43.2421	  172.1278
9.206	 3.04	 1	 -43.0674	  172.2986
9.211	 2.23	 1	 -41.8464	  171.4641
9.213	 2.70	 2	 -42.5784	  173.7202
9.216	 2.78	 1	 -41.6104	  173.2515
9.227	 3.29	 1	 -42.8890	  172.9169
9.232	 2.16	 1	 -42.8599	  172.8957
9.254	 2.70	 1	 -43.3443	  172.1914
9.260	 3.65	 1	 -41.7920	  167.0283
9.271	 3.36	 1	 -41.9042	  171.9486
9.278	 2.05	 2	 -41.8290	  166.9931
9.283	 2.86	 1	 -42.7965	  173.5489
9.293	 2.18	 1	 -40.9480	  178.6608
9.304	 2.97	 1	 -45.1656	  172.3593
9.313	 2.36	 1	 -43.1738	  179.1048
9.337	 2.41	 1	 -43.1634	  171.4800
9.338	 3.22	 1	 -41.4170	  171.7421
9.340	 2.94	 1	 -44.2688	  174.8847
9.353	 2.11	 1	 -42.5417	  174.0547
9.355	 2.40	 1	 -40.6000	  169.8543
9.387	 2.23	 1	 -41.9422	  179.0542
9.412	 2.60	 1	 -41.8321	  174.1775
9.415	 2.79	 1	 -38.2273	  173.7440
9.420	 2.05	 1	 -47.1149	  174.1290
9.429	 2.51	 1	 -43.1187	  173.1637
9.448	 3.33	 1	 -44.2004	  173.0335
9.460	 2.02	 1	 -40.7651	  174.5911
9.461	 2.06	 1	 -42.9574	  172.2169
9.461	 2.67	 1	 -42.3064	  172.5565
9.467	 2.01	 1	 -40.1926	  177.5784
9.473	 2.75	 1	 -47.1211	  174.0825
9.480	 2.00	 1	 -41.3442	  170.1578
9.480	 2.36	 1	 -47.0454	  171.4876
9.481	 2.07	 1	 -42.0921	  173.9774
9.494	 2.95	 1	 -43.0059	  172.6186
9.498	 2.52	 1	 -42.0550	  173.0464
9.505	 2.25	 1	 -42.7532	  171.5385
9.507	 2.40	 1	 -42.9128	  174.1309
9.508	 2.49	 1	 -40.1242	  172.7801
9.510	 2.37	 1	 -42.7435	  172.9578
9.531	 2.02	 1	 -42.4622	  173.0896
9.538	 2.20	 1	 -45.0446	  169.1589
9.540	 3.24	 1	 -39.4473	  173.1877
9.548	 2.54	 1	 -42.1245	  173.6714
9.550	 2.83	 1	 -42.9734	  173.2302
9.552	 3.03	 1	 -45.1238	  175.9106
9.556	 2.11	 1	 -40.9905	  167.3595
9.560	 2.34	 1	 -42.6018	  173.2296
9.565	 2.16	 1	 -42.8891	  175.9605
9.572	 2.09	 1	 -43.5576	  172.2042
9.585	 2.93	 1	 -42.5111	  172.9047
9.585	 2.76	 1	 -46.4614	  173.7320
9.587	 2.11	 1	 -42.1491	  172.6448
9.601	 2.73	 1	 -46.0265	  168.9170
9.608	 2.02	 1	 -43.4718	  174.3181
9.610	 2.48	 1	 -43.4679	  173.8876
9.623	 2.37	 1	 -43.0613	  170.0967
9.631	 2.04	 2	 -45.1256	  175.9142
9.632	 2.50	 1	 -44.3072	  170.8208
9.647	 2.42	 1	 -43.2106	  170.4638
9.666	 2.40	 1	 -42.6241	  172.3255
9.691	 2.27	 1	 -39.2110	  175.4972
9.707	 2.32	 1	 -39.8465	  168.2857
9.709	 3.51	 1	 -42.6839	  172.7070
9.713	 2.14	 1	 -42.1947	  173.5213
9.725	 2.36	 1	 -42.6060	  173.6207
9.733	 2.29	 1	 -42.2042	  173.2501
9.736	 2.03	 1	 -38.1988	  173.2409
9.748	 2.07	 1	 -41.8384	  172.2095
9.754	 2.68	 1	 -42.6978	  171.3110
9.761	 2.43	 1	 -41.3914	  171.9954
9.768	 2.03	 1	 -41.9028	  166.9994
9.769	 2.44	 1	 -41.4297	  169.1986
9.791	 2.08	 1	 -41.8384	  173.5676
9.794	 2.03	 1	 -45.0207	  171.9746
9.798	 2.23	 1	 -41.3992	  172.8798
9.808	 2.69	 1	 -43.0235	  171.6944
9.816	 2.38	 1	 -43.0440	  172.9948
9.828	 2.20	 1	 -44.8862	  171.3871
9.830	 2.28	 1	 -41.0981	  173.4579
9.846	 3.98	 1	 -45.6593	  168.4249
9.857	 2.51	 1	 -43.8620	  171.9785
9.872	 2.97	 1	 -41.0318	  170.9404
9.879	 2.47	 1	 -42.9519	  171.1406
9.889	 2.15	 1	 -42.9449	  173.9534
9.914	 2.37	 2	 -41.7948	  167.0359
9.935	 3.02	 1	 -42.9192	  173.1427
9.943	 2.05	 2	 -42.9163	  173.1344
9.948	 2.04	 1	 -40.6400	  170.2198
9.949	 2.04	 1	 -41.4837	  172.2431
9.952	 2.34	 1	 -41.2831	  173.7791
9.966	 2.50	 1	 -42.1230	  170.4227
9.969	 3.12	 1	 -42.5135	  173.7889
9.986	 2.65	 1	 -41.8389	  174.0318
9.986	 3.00	 1	 -42.3016	  173.1478
9.986	 3.17	 1	 -43.2190	  179.0979
10.005	 2.15	 1	 -43.1828	  171.5091
10.016	 2.54	 1	 -43.7465	  174.3872
10.024	 2.60	 1	 -46.1654	  169.1359
10.026	 2.06	 1	 -41.8300	  172.4160
10.036	 2.07	 1	 -45.6739	  172.0296
10.048	 2.62	 1	 -41.2996	  170.1295
10.056	 2.00	 1	 -41.4207	  178.8901
10.081	 2.25	 1	 -46.9109	  170.9037
10.082	 2.04	 1	 -42.7987	  172.8293
10.090	 2.17	 1	 -44.3065	  178.7323
10.093	 2.28	 1	 -41.7287	  174.2834
10.096	 2.87	 1	 -39.6161	  175.3439
10.101	 2.16	 1	 -44.6025	  178.5606
10.106	 2.13	 1	 -40.8221	  177.8515
10.109	 2.17	 1	 -42.8992	  172.8040
10.137	 2.00	 1	 -40.9091	  173.2554
10.140	 2.25	 1	 -42.1930	  173.5694
10.154	 2.40	 1	 -43.5490	  172.3478
10.154	 2.17	 1	 -42.0953	  173.6297
10.163	 2.30	 1	 -45.0528	  170.8194
10.176	 3.17	 1	 -38.5274	  175.3275
10.188	 2.16	 1	 -42.2634	  173.7715
10.189	 2.26	 1	 -41.5979	  178.9559
10.194	 2.51	 1	 -43.7843	  175.5472
10.223	 2.10	 1	 -44.7281	  167.5671
10.225	 2.21	 1	 -41.5000	  173.9026
10.235	 2.09	 1	 -42.8824	  166.9098
10.237	 4.24	 1	 -42.7819	  173.1541
10.254	 2.45	 1	 -42.3438	  172.9023
10.261	 2.57	 1	 -43.2647	  173.0439
10.298	 2.72	 1	 -41.7446	  174.2424
10.298	 2.28	 1	 -47.1621	  172.3520
10.306	 2.06	 1	 -43.1100	  171.1505
10.310	 2.68	 1	 -42.3402	  173.8704
10.332	 2.03	 1	 -45.7205	  177.5450
10.340	 2.41	 1	 -44.3523	  172.2599
10.358	 3.21	 1	 -44.9222	  177.1919
10.360	 2.10	 1	 -42.9100	  173.1717
10.365	 2.12	 1	 -44.2294	  172.6252
10.379	 2.06	 1	 -43.6249	  169.7613
10.383	 2.71	 1	 -43.1270	  172.0924
10.394	 2.13	 1	 -41.9311	  174.6470
10.396	 2.22	 1	 -44.2845	  171.5152
10.406	 2.23	 1	 -42.3253	  173.7326
10.407	 2.01	 1	 -42.5419	  171.3496
10.408	 2.22	 1	 -39.0301	  176.5430
10.413	 2.21	 1	 -42.9297	  173.0968
10.431	 2.79	 1	 -42.9397	  172.8189
10.443	 2.59	 1	 -41.6644	  174.3112
10.456	 2.12	 1	 -42.4090	  171.8127
10.475	 2.45	 1	 -43.0015	  172.0416
10.482	 3.42	 1	 -41.8294	  172.4514
10.495	 2.57	 1	 -43.0710	  173.2611
10.503	 2.07	 2	 -43.2663	  172.0989
10.511	 3.13	 1	 -43.1185	  173.8167
10.522	 2.91	 1	 -41.2020	  167.2502
10.527	 2.55	 1	 -43.2187	  173.9506
10.538	 2.14	 1	 -44.0990	  172.0452
10.539	 2.02	 1	 -43.3270	  175.5638
10.557	 2.27	 1	 -41.0457	  168.4584
10.568	 2.02	 1	 -40.6814	  174.8992
10.569	 2.13	 1	 -43.0819	  172.9118
10.570	 2.02	 1	 -43.6206	  172.9936
10.574	 2.02	 1	 -42.3740	  173.8723
10.579	 2.96	 2	 -42.3115	  173.9030
10.605	 2.31	 1	 -44.4494	  173.1165
10.622	 2.05	 1	 -42.2524	  173.9183
10.623	 3.38	 1	 -42.0993	  173.7434
10.626	 2.06	 1	 -42.7880	  169.6928
10.630	 2.90	 2	 -42.6898	  172.7223
10.634	 3.14	 1	 -43.1454	  173.3883
10.638	 2.42	 1	 -42.2255	  173.5079
10.661	 2.44	 1	 -41.3104	  174.6928
10.676	 2.71	 1	 -41.2561	  172.0817
10.688	 2.47	 1	 -42.5370	  173.1638
10.708	 2.38	 1	 -41.4054	  172.3587
10.710	 2.45	 1	 -42.6737	  172.6254
10.713	 2.67	 1	 -42.5908	  168.8882
10.715	 2.88	 1	 -43.6757	  171.9340
10.724	 2.23	 1	 -43.3463	  171.9449
10.737	 2.18	 1	 -41.7169	  174.2574
10.769	 2.72	 1	 -43.0484	  172.5168
10.769	 2.55	 1	 -43.9337	  173.8135
10.773	 2.02	 1	 -44.1066	  173.0853
10.777	 2.06	 1	 -42.7658	  174.7679
10.785	 2.67	 1	 -44.5154	  171.9490
10.801	 3.00	 1	 -42.9566	  170.1473
10.813	 2.56	 1	 -42.4995	  171.1680
10.814	 2.29	 1	 -40.8908	  170.0176
10.824	 2.04	 1	 -38.6586	  170.3192
10.851	 2.08	 1	 -39.7828	  177.6864
10.863	 2.15	 1	 -38.2203	  173.6579
10.865	 2.23	 1	 -41.0909	  171.7607
10.870	 2.17	 1	 -42.9926	  172.7670
10.870	 2.06	 1	 -42.8323	  172.8946
10.872	 2.89	 1	 -39.8495	  176.1488
10.880	 2.74	 1	 -38.8846	  169.7685
10.913	 2.19	 1	 -39.5904	  172.7793
10.936	 2.86	 1	 -39.0072	  169.5169
10.937	 2.75	 1	 -43.8404	  172.7858
10.948	 2.27	 1	 -41.7973	  174.2047
10.949	 3.16	 1	 -42.8863	  172.5348
10.952	 2.14	 1	 -39.9537	  177.8742
10.960	 2.22	 1	 -41.1650	  173.6345
10.962	 2.19	 1	 -44.5624	  173.9245
10.963	 2.21	 1	 -42.0817	  174.0100
10.971	 2.03	 1	 -44.4426	  175.3866
10.973	 2.61	 1	 -43.7854	  169.2493
10.988	 2.07	 1	 -42.4296	  173.9605
10.999	 2.20	 1	 -45.3165	  168.0539
11.011	 2.02	 1	 -42.4397	  173.4131
11.012	 2.36	 1	 -42.4513	  171.1155
11.026	 2.55	 1	 -42.0175	  176.1595
11.042	 2.11	 1	 -41.8122	  174.2455
11.045	 2.43	 1	 -42.7523	  173.9649
11.049	 2.25	 1	 -42.4926	  174.7531
11.056	 2.45	 1	 -44.5900	  174.3629
11.071	 3.30	 1	 -46.7926	  170.5102
11.097	 2.57	 1	 -39.5630	  168.6291
11.098	 2.23	 1	 -42.4438	  173.9545
11.120	 3.32	 1	 -46.5074	  174.2703
11.132	 2.11	 1	 -40.8424	  167.4462
11.136	 2.86	 1	 -43.8622	  175.9359
11.138	 2.30	 1	 -42.4288	  173.2593
11.155	 2.75	 1	 -46.7176	  175.7493
11.159	 2.29	 1	 -46.0765	  176.8416
11.167	 2.08	 1	 -45.9568	  177.2296
11.177	 2.57	 1	 -42.8517	  175.0732
11.180	 2.56	 1	 -44.8549	  171.8173
11.181	 2.54	 1	 -39.7557	  170.3398
11.186	 2.40	 1	 -42.4486	  173.6584
11.193	 2.59	 1	 -41.7321	  174.1787
11.198	 3.50	 1	 -41.5076	  170.7204
11.205	 2.01	 1	 -46.4831	  169.7310
11.210	 2.53	 1	 -42.0562	  173.7350
11.210	 2.04	 2	 -41.5060	  170.7010
11.216	 2.23	 1	 -42.0412	  173.7510
11.224	 3.41	 1	 -42.7405	  174.0408
11.239	 2.63	 1	 -38.1978	  173.1998
11.245	 2.59	 1	 -42.1022	  173.9744
11.250	 2.44	 1	 -42.8832	  173.6057
11.254	 2.54	 1	 -44.7025	  167.5495
11.270	 2.72	 1	 -41.8200	  174.7547
11.277	 2.10	 1	 -42.8461	  172.1117
11.298	 2.25	 1	 -42.8099	  174.6579
11.333	 2.80	 1	 -42.1275	  174.3977
11.357	 2.27	 1	 -43.8353	  172.1172
11.357	 2.28	 1	 -41.2289	  171.1759
11.359	 2.11	 1	 -46.4642	  169.6913
11.365	 2.19	 1	 -42.1240	  173.1008
11.367	 2.25	 1	 -42.2984	  172.4085
11.375	 2.64	 1	 -43.2756	  173.5120
11.387	 2.02	 1	 -41.8501	  173.9164
11.395	 2.97	 1	 -38.2776	  174.1827
11.401	 2.25	 1	 -42.6984	  175.2392
11.408	 2.35	 1	 -42.1707	  175.4863
11.412	 2.15	 1	 -41.1782	  174.8937
11.412	 2.20	 1	 -42.4108	  172.7683
11.419	 2.30	 1	 -43.4570	  173.4238
11.428	 2.68	 1	 -42.5264	  172.6137
11.432	 2.21	 2	 -42.4660	  172.6174
11.473	 2.76	 1	 -42.1938	  173.4825
11.473	 2.62	 1	 -40.7206	  175.2844
11.478	 2.68	 1	 -42.4527	  173.2424
11.484	 2.07	 1	 -42.2723	  171.9386
11.493	 2.04	 1	 -47.1885	  173.1234
11.516	 2.57	 1	 -43.2683	  171.9052
11.527	 2.20	 1	 -46.5708	  173.2708
11.543	 3.62	 1	 -42.2632	  173.2945
11.550	 2.50	 1	 -42.2735	  172.4914
11.551	 2.02	 1	 -42.1740	  173.5593
11.568	 2.24	 1	 -42.1187	  172.4090
11.577	 2.22	 1	 -42.8313	  174.0617
11.581	 2.24	 1	 -42.4427	  172.0671
11.595	 2.29	 1	 -41.1253	  174.5757
11.595	 2.16	 1	 -41.8943	  172.5143
11.598	 3.75	 1	 -44.0380	  178.5262
11.607	 2.25	 1	 -40.7541	  170.6741
11.612	 2.16	 1	 -42.5277	  172.4698
11.615	 2.58	 1	 -44.1303	  174.3181
11.618	 2.15	 1	 -41.6383	  178.9694
11.631	 2.28	 1	 -38.5929	  172.9651
11.641	 2.57	 1	 -42.8733	  173.1487
11.652	 3.11	 1	 -41.9110	  174.7672
11.668	 3.36	 1	 -42.3188	  172.6795
11.676	 2.78	 1	 -44.7952	  176.6841
11.679	 2.50	 1	 -42.4739	  172.9747
11.688	 2.57	 1	 -42.3414	  173.0158
11.691	 2.36	 1	 -41.9503	  174.4206
11.707	 2.04	 1	 -42.9749	  172.2827
11.739	 2.39	 1	 -43.1752	  173.1559
11.739	 2.09	 1	 -40.5632	  178.4105
11.743	 2.00	 2	 -42.8634	  174.5727
11.754	 2.15	 1	 -42.3168	  173.7209
11.756	 2.29	 1	 -43.8177	  178.9453
11.758	 2.90	 1	 -43.3455	  175.0656
11.791	 2.57	 1	 -40.8711	  175.9899
11.795	 2.01	 1	 -42.6212	  174.2497
11.796	 2.08	 1	 -42.9502	  172.6989
11.810	 2.51	 1	 -41.8748	  172.2116
11.814	 4.35	 1	 -42.5323	  173.6799
11.814	 2.53	 2	 -42.5233	  173.6651
11.819	 2.20	 1	 -43.7122	  174.9173
11.820	 2.07	 1	 -46.7016	  171.7641
11.829	 2.02	 3	 -42.5196	  173.6745
11.841	 2.11	 1	 -43.5186	  171.8997
11.845	 2.12	 1	 -41.5137	  173.2969
11.869	 2.15	 1	 -41.8828	  173.1765
11.900	 2.81	 1	 -42.5630	  172.7432
11.902	 2.48	 1	 -41.8671	  174.2324
11.907	 2.35	 1	 -38.9222	  176.3559
11.926	 2.03	 1	 -41.9916	  174.0388
11.939	 2.45	 1	 -39.2329	  169.9204
11.959	 2.73	 1	 -42.5087	  173.7815
11.979	 2.20	 1	 -38.5237	  175.3149
12.003	 2.14	 1	 -42.6068	  173.7807
12.007	 2.58	 1	 -42.1166	  173.8551
12.009	 2.29	 1	 -41.6931	  174.1540
12.037	 2.62	 1	 -42.8703	  173.1215
12.046	 3.55	 1	 -42.1572	  173.7885
12.075	 2.37	 1	 -43.0575	  172.6446
12.076	 2.84	 1	 -42.2921	  172.3846
12.085	 2.67	 1	 -41.2631	  169.0920
12.090	 2.46	 1	 -40.1420	  178.0606
12.093	 2.83	 1	 -42.8108	  173.1248
12.093	 2.46	 1	 -42.9498	  171.0296
12.105	 2.28	 1	 -42.3621	  173.5141
12.119	 2.14	 1	 -41.8308	  172.2448
12.127	 2.01	 1	 -45.6617	  168.4277
12.127	 2.48	 1	 -47.1264	  174.0403
12.151	 2.02	 1	 -42.8320	  172.5859
12.158	 2.07	 1	 -46.0638	  168.9737
12.161	 2.35	 1	 -39.7342	  170.4951
12.171	 2.33	 1	 -42.4083	  172.3757
12.180	 2.05	 1	 -42.1973	  173.2194
12.196	 2.38	 1	 -43.3939	  172.3364
12.215	 2.23	 1	 -42.2238	  175.1589
12.218	 2.28	 1	 -43.4436	  173.0040
12.228	 2.18	 1	 -44.1942	  173.1320
12.233	 2.37	 1	 -41.5533	  172.9810
12.251	 2.42	 1	 -39.2836	  172.6099
12.259	 2.14	 1	 -42.3465	  179.1218
12.273	 2.04	 1	 -46.1470	  176.2153
12.278	 2.46	 1	 -41.3546	  167.1814
12.290	 2.02	 1	 -42.8640	  172.8589
12.297	 2.43	 1	 -42.0031	  172.8903
12.326	 2.36	 1	 -41.9748	  174.0693
12.328	 2.03	 1	 -42.6245	  172.9114
12.348	 2.51	 1	 -42.3188	  172.5206
12.376	 2.62	 1	 -41.5634	  171.3564
12.421	 2.02	 1	 -42.4624	  173.8396
12.428	 4.34	 1	 -41.6746	  174.2117
12.430	 2.69	 2	 -41.6972	  174.2429
12.457	 2.25	 1	 -41.7946	  174.2327
12.459	 2.06	 1	 -42.5754	  172.9185
12.461	 2.24	 1	 -42.4981	  174.3395
12.466	 2.73	 1	 -43.4269	  172.4377
12.483	 2.78	 1	 -43.1980	  173.2964
12.490	 2.60	 1	 -43.1682	  174.0025
12.498	 2.19	 2	 -43.1662	  174.0036
12.517	 2.13	 1	 -44.9704	  167.7474
12.525	 2.22	 1	 -42.7358	  170.7532
12.535	 3.29	 1	 -41.7370	  172.0751
12.542	 2.05	 1	 -42.5978	  170.8640
12.567	 2.24	 2	 -41.7077	  174.1933
12.589	 2.36	 1	 -42.7704	  176.7085
12.590	 2.15	 1	 -38.3880	  174.7912
12.621	 2.90	 1	 -41.7137	  172.1186
12.659	 2.02	 1	 -42.4445	  171.5068
12.661	 2.16	 1	 -42.5676	  166.9067
12.664	 2.93	 1	 -42.9325	  174.1336
12.665	 2.13	 1	 -38.2505	  172.0724
12.683	 2.11	 1	 -42.7141	  174.0351
12.715	 2.10	 1	 -42.5609	  171.9536
12.717	 2.37	 1	 -41.9755	  173.1880
12.722	 2.31	 1	 -42.5368	  172.4876
12.725	 4.64	 1	 -42.9737	  171.8659
12.731	 2.03	 1	 -43.6932	  173.5596
12.732	 2.34	 1	 -42.7875	  171.3909
12.734	 2.87	 1	 -43.9809	  173.5336
12.740	 2.20	 1	 -42.4286	  173.1831
12.743	 4.08	 2	 -42.9816	  171.8722
12.745	 2.98	 1	 -41.7649	  167.9915
12.747	 2.54	 1	 -42.6031	  173.1485
12.756	 2.32	 1	 -38.3032	  174.3502
12.761	 2.01	 1	 -38.2060	  173.4311
12.774	 2.38	 1	 -42.6475	  175.8941
12.778	 2.47	 1	 -42.5531	  173.2465
12.804	 2.26	 1	 -42.4204	  171.8891
12.811	 2.71	 1	 -40.6367	  175.7199
12.820	 2.20	 1	 -43.9445	  171.5592
12.835	 2.57	 1	 -42.3227	  175.8739
12.835	 2.48	 1	 -41.7338	  173.2934
12.853	 2.61	 1	 -45.1173	  172.6866
12.862	 2.21	 1	 -42.4724	  172.3618
12.865	 2.05	 1	 -42.7773	  172.0219
12.876	 2.15	 1	 -43.8717	  172.6992
12.878	 2.11	 1	 -42.9413	  171.7384
12.897	 2.60	 1	 -42.0438	  173.4685
12.902	 2.02	 1	 -46.7085	  170.2702
12.908	 2.68	 2	 -41.8746	  167.9897
12.920	 2.70	 1	 -43.0473	  175.1084
12.924	 2.06	 1	 -39.4114	  173.8199
12.938	 2.22	 2	 -42.0069	  173.4542
12.944	 2.19	 1	 -38.7612	  170.0527
12.949	 2.04	 1	 -42.7126	  174.6382
12.952	 2.04	 1	 -42.9925	  172.9378
12.959	 2.28	 1	 -43.7360	  168.5599
12.965	 3.19	 1	 -42.3226	  174.2207
12.965	 2.35	 1	 -43.4121	  175.5510
12.986	 2.95	 1	 -43.9215	  167.1373
12.988	 3.79	 1	 -42.7573	  173.4281
13.006	 2.64	 1	 -40.8286	  174.2533
13.017	 3.51	 1	 -42.9054	  170.9140
13.036	 2.49	 1	 -46.6919	  170.2257
13.043	 2.71	 1	 -41.9305	  172.8499
13.053	 2.22	 1	 -41.9907	  176.2248
13.053	 2.03	 1	 -42.1373	  173.7813
13.077	 2.05	 2	 -42.8228	  170.8177
13.114	 2.46	 1	 -42.5242	  173.5768
13.115	 2.63	 1	 -42.5663	  173.1953
13.129	 2.47	 1	 -41.2426	  170.1971
13.135	 3.27	 1	 -42.5075	  172.0013
13.139	 2.59	 1	 -45.4580	  168.1982
13.143	 2.72	 1	 -42.6945	  173.6441
13.152	 2.03	 1	 -43.3067	  173.0956
13.159	 2.11	 1	 -43.4941	  173.7365
13.162	 2.45	 1	 -43.5905	  174.8484
13.163	 2.83	 1	 -40.0120	  172.7917
13.164	 3.16	 1	 -42.9506	  172.8833
13.166	 2.69	 1	 -43.9174	  167.1357
13.172	 2.12	 1	 -41.8166	  172.8689
13.178	 2.90	 1	 -47.1890	  173.0616
13.179	 4.37	 1	 -42.1454	  173.5412
13.183	 2.10	 1	 -45.9745	  171.3472
13.218	 2.53	 2	 -41.7156	  174.2442
13.227	 2.24	 1	 -45.3389	  177.8326
13.232	 2.03	 1	 -46.6147	  170.0302
13.236	 2.12	 1	 -43.8118	  172.6819
13.236	 2.28	 1	 -44.0519	  172.0258
13.242	 3.21	 1	 -38.9571	  176.4278
13.252	 3.26	 1	 -42.8676	  174.2152
13.255	 2.62	 1	 -41.9623	  171.9108
13.281	 2.23	 1	 -40.8542	  174.2894
13.282	 2.45	 1	 -43.1529	  173.3367
13.288	 2.10	 1	 -42.9647	  172.5814
13.303	 2.76	 1	 -46.3843	  176.5148
13.330	 2.62	 2	 -44.1550	  170.8158
13.344	 2.04	 1	 -42.5572	  173.6075
13.347	 2.58	 1	 -44.5718	  171.5031
13.347	 2.25	 1	 -42.7803	  173.4510
13.350	 2.16	 1	 -42.0471	  174.1056
13.359	 2.48	 1	 -46.1083	  171.1203
13.363	 2.40	 1	 -42.8240	  172.4364
13.367	 3.20	 1	 -41.7290	  174.2757
13.375	 2.14	 1	 -42.6417	  174.1395
13.410	 2.93	 1	 -42.8548	  173.1704
13.413	 2.53	 1	 -43.1170	  172.2547
13.416	 2.03	 1	 -41.0680	  169.3383
13.425	 3.01	 1	 -41.7552	  174.4925
13.451	 2.07	 1	 -42.8748	  172.8883
13.451	 2.11	 1	 -42.8373	  172.7211
13.462	 2.40	 1	 -41.8881	  174.1630
13.469	 2.01	 1	 -42.6054	  173.0772
13.494	 2.59	 1	 -44.6043	  172.3112
13.500	 3.43	 1	 -42.5902	  173.6981
13.505	 2.16	 1	 -43.1541	  169.4426
13.507	 2.00	 1	 -42.4986	  172.6777
13.512	 2.18	 1	 -44.9697	  171.8746
13.518	 3.25	 1	 -42.0714	  172.2800
13.522	 2.67	 1	 -40.7972	  172.2807
13.529	 2.05	 1	 -38.3195	  174.4464
13.538	 2.33	 1	 -40.6306	  172.9793
13.560	 3.02	 1	 -42.9586	  171.0707
13.584	 2.30	 1	 -39.3682	  177.1418
13.587	 3.51	 1	 -42.4924	  173.1227
13.591	 2.10	 1	 -44.7897	  172.4683
13.591	 2.09	 2	 -42.0212	  173.6017
13.593	 2.24	 1	 -40.3353	  178.2319
13.597	 2.11	 1	 -43.0482	  173.6902
13.638	 2.07	 1	 -41.9042	  171.7445
13.649	 2.33	 1	 -42.5816	  173.0878
13.650	 2.09	 1	 -40.5490	  171.1406
13.655	 2.86	 1	 -42.1972	  173.5840
13.658	 3.86	 1	 -41.6276	  172.6460
13.660	 2.05	 1	 -42.2122	  172.8079
13.672	 2.90	 1	 -42.6206	  173.2789
13.682	 2.10	 1	 -42.3401	  173.0719
13.717	 2.43	 1	 -45.0003	  172.9346
13.735	 2.03	 1	 -41.3742	  173.1088
13.746	 2.23	 1	 -42.9878	  174.0221
13.756	 2.37	 1	 -43.0352	  173.5152
13.757	 2.31	 1	 -38.3331	  174.5217
13.775	 2.16	 1	 -41.7224	  173.6376
13.777	 2.10	 1	 -44.0074	  171.7244
13.780	 2.35	 1	 -43.5279	  171.5519
13.783	 2.10	 1	 -41.7931	  170.6462
13.793	 2.03	 1	 -46.1758	  169.1532
13.800	 2.29	 1	 -42.4187	  174.6189
13.869	 2.27	 1	 -42.7505	  173.6550
13.870	 2.19	 1	 -42.3285	  173.9250
13.884	 3.56	 1	 -42.9157	  173.0316
13.890	 2.46	 1	 -43.0009	  172.4770
13.915	 2.21	 1	 -42.3459	  173.5579
13.934	 2.61	 1	 -42.5041	  175.7829
13.941	 2.96	 1	 -42.7761	  173.5737
13.951	 2.01	 1	 -41.0994	  171.9681
13.971	 2.91	 1	 -43.5308	  175.7879
13.981	 2.05	 1	 -38.2911	  171.7699
13.982	 2.30	 1	 -43.0171	  173.5068
13.987	 3.82	 1	 -42.2141	  172.0080
