# Simulation 365
# RelativeTime(days) Magnitude Generation Latitude Longitude
Time Mag Gen Lat Lon
0.501	 2.58	 1	 -42.6055	  173.2477
0.501	 2.23	 1	 -42.0022	  174.0937
0.501	 2.22	 1	 -42.3174	  173.8410
0.502	 2.23	 1	 -40.4402	  167.7271
0.502	 3.10	 1	 -41.7188	  173.8194
0.502	 2.03	 1	 -46.1873	  176.8717
0.503	 2.07	 1	 -42.7225	  173.9645
0.504	 2.14	 1	 -42.8773	  172.8188
0.504	 3.85	 1	 -42.8313	  172.6399
0.505	 2.77	 1	 -42.6283	  172.8557
0.506	 2.36	 1	 -42.1862	  174.1081
0.508	 2.00	 1	 -42.5536	  173.2607
0.508	 2.06	 1	 -42.1973	  173.8861
0.508	 3.32	 1	 -42.6958	  172.8538
0.509	 2.19	 1	 -42.0366	  173.8325
0.509	 2.03	 1	 -42.5834	  173.0006
0.510	 2.04	 1	 -42.5340	  173.6194
0.511	 2.71	 1	 -41.8724	  174.2250
0.512	 2.79	 1	 -42.3715	  172.9492
0.512	 2.67	 1	 -42.0251	  173.7782
0.513	 3.69	 1	 -41.7223	  174.3437
0.514	 3.32	 1	 -42.1560	  173.8037
0.516	 2.16	 1	 -42.0757	  173.6923
0.516	 2.06	 1	 -42.1423	  173.5864
0.516	 2.53	 1	 -42.2470	  173.4731
0.516	 2.12	 1	 -43.1464	  173.8936
0.517	 3.29	 1	 -41.7541	  174.2787
0.517	 3.85	 1	 -43.1578	  173.8241
0.518	 2.39	 1	 -42.7049	  172.8986
0.519	 4.24	 1	 -42.3413	  173.9260
0.521	 2.79	 1	 -42.2935	  173.6776
0.522	 2.43	 1	 -42.3794	  173.0538
0.523	 2.40	 1	 -42.3224	  173.7352
0.523	 2.17	 1	 -42.2196	  173.5864
0.523	 2.78	 1	 -43.1285	  172.7071
0.525	 2.27	 2	 -43.1667	  173.7996
0.526	 2.38	 1	 -42.1341	  173.6092
0.526	 2.45	 2	 -42.3759	  173.0441
0.527	 2.46	 1	 -42.7838	  172.6926
0.527	 2.11	 1	 -42.2211	  173.6130
0.528	 2.10	 1	 -41.7824	  174.3733
0.528	 2.08	 1	 -42.3234	  173.0866
0.529	 2.02	 1	 -42.5791	  173.1132
0.530	 2.32	 1	 -43.2611	  172.9259
0.531	 2.08	 1	 -41.4796	  174.4328
0.531	 2.84	 1	 -42.3772	  174.0088
0.532	 2.28	 1	 -42.5598	  173.8433
0.533	 2.05	 1	 -41.7145	  174.2845
0.533	 2.23	 1	 -42.2089	  173.3416
0.535	 2.39	 1	 -41.6801	  174.2335
0.536	 2.40	 1	 -42.6369	  172.8251
0.537	 2.25	 1	 -41.6773	  174.2441
0.537	 2.34	 1	 -42.2633	  173.4977
0.538	 2.51	 1	 -42.2070	  173.5956
0.539	 2.39	 1	 -42.1566	  174.0268
0.540	 3.05	 1	 -43.2017	  172.3675
0.541	 2.80	 1	 -41.7645	  174.2256
0.541	 2.33	 1	 -42.1256	  173.5774
0.541	 2.17	 1	 -42.5166	  173.3148
0.544	 2.40	 1	 -43.9454	  172.9497
0.545	 3.31	 1	 -42.6186	  172.8317
0.546	 2.04	 1	 -41.8822	  174.2904
0.547	 2.67	 1	 -42.3210	  173.4577
0.548	 2.02	 1	 -42.6280	  172.8789
0.548	 2.07	 1	 -42.6020	  173.1364
0.549	 3.09	 1	 -43.8974	  170.9505
0.549	 2.23	 1	 -41.7023	  174.3306
0.550	 3.13	 1	 -43.0817	  173.7611
0.550	 2.21	 1	 -42.1564	  171.6602
0.551	 2.10	 1	 -44.0096	  172.5107
0.551	 2.13	 1	 -42.3367	  173.7626
0.553	 2.01	 1	 -42.1870	  174.0592
0.554	 2.05	 1	 -42.6346	  173.1447
0.556	 2.22	 1	 -41.7867	  174.1104
0.557	 2.40	 1	 -41.7211	  174.3367
0.557	 3.10	 1	 -41.7984	  174.0711
0.558	 2.13	 1	 -41.7067	  174.2777
0.558	 2.14	 1	 -42.6214	  172.7397
0.559	 2.17	 1	 -42.6549	  172.7182
0.559	 2.11	 1	 -41.5980	  174.0005
0.561	 2.50	 1	 -41.6974	  174.3105
0.562	 2.35	 1	 -41.7704	  174.1387
0.563	 2.42	 1	 -42.3876	  179.1259
0.565	 2.14	 1	 -41.9722	  174.0568
0.565	 2.93	 1	 -42.2471	  173.8487
0.565	 2.45	 1	 -42.2678	  173.6542
0.565	 2.20	 1	 -41.6806	  174.2851
0.566	 2.09	 1	 -42.6587	  172.7528
0.566	 2.49	 1	 -41.3332	  174.7223
0.567	 2.19	 1	 -43.2967	  173.2797
0.568	 3.14	 1	 -45.2419	  178.0617
0.569	 2.17	 1	 -45.6136	  176.2592
0.569	 2.73	 1	 -42.6472	  172.7519
0.569	 2.06	 1	 -41.7112	  174.2393
0.570	 2.61	 1	 -41.8225	  174.3331
0.571	 2.54	 1	 -42.1025	  172.9328
0.572	 3.36	 1	 -44.7791	  168.0153
0.573	 2.18	 1	 -47.1697	  173.5902
0.575	 2.01	 1	 -41.9258	  173.5972
0.576	 2.13	 1	 -41.9909	  173.9774
0.578	 2.22	 1	 -38.8957	  171.7221
0.579	 2.40	 1	 -43.0646	  174.0921
0.580	 2.94	 1	 -42.3987	  173.4869
0.582	 3.05	 1	 -41.7268	  172.4086
0.585	 2.96	 1	 -42.4024	  174.0019
0.585	 2.28	 1	 -42.2259	  173.5491
0.586	 2.24	 1	 -42.0901	  172.9201
0.586	 2.71	 1	 -44.6488	  173.8461
0.586	 2.42	 1	 -41.9908	  173.5816
0.587	 2.30	 1	 -42.6137	  172.9087
0.588	 2.02	 1	 -41.8059	  171.4486
0.588	 2.74	 1	 -42.5312	  173.1818
0.589	 2.33	 2	 -41.8292	  173.9212
0.589	 2.25	 1	 -42.4741	  173.3086
0.590	 2.23	 1	 -42.5340	  173.9258
0.590	 2.10	 1	 -42.4192	  172.8450
0.591	 2.12	 1	 -43.5484	  175.0659
0.593	 2.08	 1	 -42.3730	  173.1095
0.593	 3.02	 1	 -43.7919	  173.6215
0.595	 3.14	 1	 -42.6022	  171.3885
0.595	 3.01	 1	 -41.5609	  174.2373
0.599	 2.45	 1	 -42.5630	  173.1450
0.600	 2.33	 1	 -42.8943	  172.5919
0.600	 2.25	 1	 -42.8984	  168.2489
0.600	 2.19	 1	 -42.5536	  173.4157
0.600	 2.31	 1	 -42.3536	  175.1321
0.603	 2.68	 1	 -42.3214	  173.7464
0.603	 2.06	 1	 -42.2702	  173.8170
0.603	 2.37	 1	 -42.1811	  173.5884
0.604	 2.20	 1	 -42.0343	  173.6906
0.606	 2.25	 1	 -39.9537	  168.7090
0.606	 2.05	 1	 -42.3691	  173.2923
0.607	 2.02	 1	 -42.4683	  173.2947
0.607	 2.17	 1	 -42.1355	  172.8620
0.607	 3.04	 1	 -42.4290	  173.8388
0.607	 2.40	 1	 -42.0814	  172.0580
0.608	 2.23	 1	 -41.7036	  173.4262
0.608	 2.19	 1	 -42.2975	  173.5930
0.609	 2.69	 1	 -41.8153	  174.4966
0.609	 2.89	 1	 -42.3967	  173.7686
0.612	 2.06	 1	 -42.6253	  172.9968
0.613	 2.67	 1	 -42.6447	  171.6125
0.613	 2.90	 1	 -42.4580	  173.2874
0.613	 2.78	 1	 -42.1107	  173.3042
0.615	 2.46	 1	 -41.8000	  174.3170
0.619	 3.56	 1	 -43.6633	  172.9614
0.619	 2.37	 1	 -42.1680	  168.8367
0.620	 2.36	 1	 -40.6222	  172.9281
0.621	 2.04	 1	 -41.6873	  174.2690
0.622	 2.16	 1	 -42.3401	  173.5259
0.622	 2.47	 1	 -43.1478	  172.7343
0.622	 2.31	 1	 -41.6108	  174.3352
0.623	 2.04	 1	 -42.4134	  173.7328
0.624	 2.82	 1	 -41.6804	  174.2901
0.625	 2.25	 1	 -41.8443	  173.6390
0.627	 2.89	 1	 -41.7077	  174.2813
0.627	 2.72	 1	 -42.4369	  173.8171
0.627	 2.03	 1	 -43.1416	  173.0674
0.628	 4.25	 1	 -42.5219	  173.1124
0.629	 2.14	 1	 -41.8212	  174.4315
0.629	 2.33	 1	 -42.4280	  173.7917
0.629	 2.05	 1	 -41.7821	  174.2034
0.630	 2.43	 1	 -42.0656	  173.7212
0.631	 2.64	 1	 -41.8824	  174.1794
0.631	 2.00	 1	 -39.1686	  176.8222
0.631	 2.03	 1	 -42.4509	  173.1595
0.633	 2.25	 1	 -43.7475	  172.4741
0.634	 2.36	 1	 -41.8840	  174.5084
0.634	 2.11	 1	 -42.1821	  173.6343
0.635	 2.83	 1	 -42.0356	  173.7596
0.641	 2.55	 1	 -41.7947	  174.2474
0.642	 2.40	 1	 -42.4831	  173.2658
0.643	 3.02	 1	 -42.4934	  173.2760
0.643	 2.74	 1	 -41.7778	  174.2466
0.645	 2.10	 1	 -39.9208	  177.8395
0.645	 2.16	 1	 -41.7920	  174.2838
0.648	 3.37	 1	 -42.3299	  173.6490
0.649	 2.18	 1	 -43.7708	  171.7901
0.650	 2.78	 1	 -41.8147	  174.1403
0.650	 2.60	 1	 -41.9879	  173.7712
0.651	 2.94	 1	 -41.8020	  174.2523
0.652	 3.11	 1	 -42.5105	  171.9909
0.652	 2.05	 1	 -41.9452	  173.7054
0.654	 2.04	 1	 -42.2253	  173.7269
0.655	 2.36	 1	 -41.7421	  174.3307
0.655	 2.08	 1	 -41.8112	  174.2541
0.656	 2.18	 1	 -42.2896	  173.2214
0.657	 2.23	 1	 -41.6485	  174.0846
0.657	 2.18	 1	 -42.3304	  173.8667
0.659	 2.09	 1	 -43.4812	  173.2421
0.659	 3.67	 1	 -42.2075	  173.6998
0.659	 2.13	 1	 -44.3716	  171.8956
0.660	 2.34	 1	 -41.7572	  174.2169
0.661	 2.28	 1	 -42.6915	  172.8810
0.662	 2.27	 1	 -41.9313	  174.1413
0.662	 2.05	 1	 -42.2981	  173.7273
0.662	 2.24	 1	 -42.3510	  173.4583
0.663	 2.00	 1	 -42.7301	  173.1560
0.664	 2.31	 1	 -42.4726	  173.9860
0.666	 2.07	 1	 -41.6452	  167.0726
0.668	 2.15	 1	 -42.4051	  173.2535
0.669	 2.38	 1	 -42.1262	  173.6272
0.670	 2.15	 1	 -42.3333	  173.7305
0.671	 2.10	 1	 -41.9011	  173.6036
0.672	 2.17	 1	 -42.4239	  173.2315
0.674	 2.16	 1	 -41.6244	  174.1661
0.676	 2.49	 1	 -42.3427	  173.9402
0.678	 2.02	 1	 -42.3957	  173.7950
0.678	 2.26	 1	 -45.0224	  175.2155
0.679	 3.19	 1	 -42.6333	  172.9229
0.679	 2.52	 1	 -42.4507	  173.1400
0.681	 2.46	 1	 -42.4009	  173.6244
0.683	 2.04	 1	 -43.1448	  172.2446
0.684	 3.17	 1	 -41.9676	  174.0483
0.685	 2.00	 1	 -42.6699	  172.7779
0.685	 2.13	 1	 -43.3210	  173.1591
0.685	 2.47	 1	 -42.0999	  172.9056
0.686	 2.21	 1	 -41.6833	  174.3000
0.686	 2.50	 1	 -42.6739	  173.7166
0.687	 2.25	 1	 -42.9309	  172.5021
0.687	 2.78	 1	 -41.8652	  173.2043
0.687	 2.04	 1	 -42.4266	  174.8207
0.689	 2.67	 1	 -42.4244	  173.6999
0.689	 2.52	 1	 -41.5289	  174.3063
0.692	 2.56	 1	 -42.3775	  170.3990
0.693	 2.25	 1	 -41.7888	  174.1542
0.693	 2.41	 1	 -42.4868	  173.2009
0.693	 2.15	 1	 -42.4300	  173.0013
0.694	 2.33	 1	 -43.0892	  169.8781
0.694	 2.76	 1	 -41.3507	  172.7686
0.695	 2.13	 1	 -42.8507	  173.7233
0.696	 2.34	 1	 -42.9932	  173.7046
0.697	 2.24	 1	 -41.7744	  174.2141
0.698	 3.25	 1	 -42.2713	  173.7764
0.699	 2.43	 1	 -42.2681	  173.6723
0.699	 3.12	 1	 -45.2070	  178.0940
0.700	 2.22	 1	 -42.2469	  172.7939
0.701	 2.72	 1	 -42.2376	  173.6829
0.701	 2.43	 1	 -43.2780	  173.6964
0.702	 2.11	 1	 -41.8154	  179.0224
0.704	 2.02	 1	 -41.7967	  174.2194
0.704	 2.89	 1	 -42.4059	  173.3254
0.704	 2.14	 1	 -41.7400	  174.2533
0.705	 2.31	 1	 -43.5854	  167.0261
0.706	 2.06	 1	 -42.3995	  173.6393
0.707	 3.18	 1	 -41.7308	  174.2574
0.708	 2.66	 1	 -39.2290	  174.1231
0.710	 2.06	 1	 -41.7692	  174.2355
0.711	 2.22	 1	 -41.8973	  176.4624
0.711	 2.81	 1	 -42.5343	  172.9560
0.712	 2.42	 1	 -44.3469	  178.4034
0.713	 2.24	 1	 -41.8112	  174.2033
0.713	 2.49	 1	 -41.9588	  173.7858
0.714	 2.68	 1	 -42.5627	  172.8184
0.715	 3.33	 1	 -41.7806	  174.1700
0.715	 3.11	 1	 -42.7484	  173.6174
0.715	 3.78	 1	 -42.5037	  173.1339
0.716	 2.29	 1	 -42.3576	  172.5715
0.717	 2.43	 1	 -41.6584	  174.4936
0.718	 2.19	 1	 -42.4171	  173.9698
0.721	 2.44	 1	 -42.5552	  173.0374
0.722	 2.29	 2	 -42.5199	  173.1724
0.723	 2.43	 1	 -43.3617	  171.4577
0.724	 2.55	 1	 -41.7811	  174.4072
0.724	 2.17	 1	 -42.4959	  173.3381
0.727	 2.39	 1	 -42.5452	  173.0689
0.727	 2.58	 1	 -47.1043	  174.2050
0.728	 2.34	 1	 -45.7149	  168.4924
0.728	 2.22	 1	 -42.1174	  173.3641
0.728	 2.16	 1	 -41.8043	  174.1544
0.729	 2.01	 1	 -42.3690	  173.6605
0.730	 3.00	 1	 -42.4136	  174.0026
0.731	 2.17	 1	 -39.0413	  173.1082
0.732	 2.07	 1	 -42.1154	  173.6448
0.734	 2.54	 1	 -42.7094	  172.8470
0.737	 2.17	 1	 -42.7642	  172.6724
0.738	 2.08	 1	 -42.3351	  173.7057
0.739	 2.34	 1	 -43.1394	  179.1097
0.739	 2.04	 1	 -42.4580	  173.2027
0.741	 2.49	 1	 -42.2890	  173.7758
0.742	 2.45	 1	 -43.0268	  173.1628
0.743	 2.08	 1	 -43.4883	  172.9684
0.744	 3.04	 1	 -41.7951	  173.4479
0.744	 2.74	 1	 -41.6845	  174.2807
0.745	 2.15	 1	 -41.5809	  170.5432
0.746	 2.07	 1	 -41.9952	  174.1663
0.750	 2.38	 1	 -41.1050	  175.8116
0.751	 2.91	 1	 -42.0260	  172.5949
0.753	 2.74	 2	 -47.0968	  174.2221
0.753	 3.07	 1	 -42.3604	  173.5311
0.754	 2.33	 1	 -42.1700	  170.1805
0.755	 2.49	 1	 -43.3927	  173.4756
0.757	 2.01	 1	 -41.7281	  174.3786
0.762	 2.08	 1	 -41.7650	  174.3179
0.762	 2.08	 1	 -42.4319	  172.3135
0.764	 2.17	 1	 -41.8947	  173.8572
0.767	 2.69	 1	 -41.8355	  173.4243
0.771	 2.39	 1	 -44.2095	  167.2477
0.773	 2.10	 1	 -42.4094	  173.3605
0.775	 2.26	 1	 -42.3113	  173.4245
0.778	 2.51	 1	 -42.4111	  173.1098
0.778	 2.06	 1	 -41.7781	  171.2038
0.780	 2.28	 1	 -41.7672	  174.1591
0.781	 2.00	 1	 -41.9652	  174.0339
0.782	 2.30	 1	 -42.5281	  173.7619
0.782	 2.30	 1	 -42.4701	  175.0282
0.783	 2.66	 1	 -42.5298	  173.1094
0.784	 2.64	 1	 -42.4034	  173.4989
0.785	 2.07	 1	 -42.3133	  173.1446
0.787	 2.44	 1	 -41.9481	  173.7505
0.790	 2.05	 1	 -41.3877	  174.2324
0.790	 3.31	 1	 -42.5946	  173.3563
0.791	 2.33	 1	 -42.0189	  173.6998
0.794	 2.41	 1	 -42.3190	  173.9488
0.794	 2.36	 1	 -42.4142	  173.8293
0.795	 2.40	 1	 -41.7045	  174.2642
0.796	 2.08	 1	 -42.5445	  173.3885
0.797	 2.10	 1	 -38.5196	  175.3014
0.797	 2.53	 1	 -42.1549	  173.5148
0.798	 2.01	 1	 -41.8262	  174.2138
0.798	 2.15	 1	 -43.1334	  172.8005
0.801	 2.05	 1	 -42.2837	  173.6399
0.805	 2.09	 2	 -41.6753	  174.2916
0.805	 2.17	 1	 -42.6336	  173.3655
0.805	 3.06	 1	 -42.4400	  173.1323
0.806	 2.33	 1	 -39.3642	  168.9086
0.807	 2.01	 1	 -42.0218	  173.8808
0.810	 2.18	 1	 -42.4041	  173.1419
0.811	 2.39	 1	 -42.8904	  171.8877
0.811	 2.11	 1	 -41.9647	  174.0305
0.811	 2.78	 1	 -42.2327	  172.8561
0.812	 2.26	 1	 -43.2444	  173.5762
0.813	 2.07	 1	 -41.7183	  174.0002
0.814	 2.21	 1	 -42.9227	  174.4828
0.815	 2.02	 1	 -42.2491	  173.1867
0.816	 2.04	 1	 -41.9727	  173.9839
0.816	 2.56	 1	 -42.1347	  173.5686
0.819	 2.18	 1	 -42.9479	  172.7825
0.821	 2.20	 1	 -42.3573	  173.7023
0.823	 2.19	 1	 -42.5408	  173.2179
0.823	 2.38	 1	 -41.4578	  173.8871
0.828	 2.54	 1	 -42.7412	  172.6441
0.828	 2.49	 1	 -42.2004	  173.2942
0.829	 2.42	 1	 -42.9825	  172.9669
0.830	 2.09	 1	 -43.0284	  173.2033
0.831	 2.20	 1	 -42.3777	  173.6697
0.832	 3.25	 1	 -42.1620	  173.5816
0.832	 2.14	 1	 -42.3148	  173.7695
0.835	 2.22	 1	 -42.6370	  173.3962
0.835	 2.79	 1	 -41.8273	  174.2083
0.839	 3.34	 1	 -42.7714	  174.4760
0.839	 2.31	 1	 -42.1101	  174.1465
0.843	 2.40	 1	 -43.1622	  173.3337
0.844	 2.27	 1	 -42.1174	  173.7523
0.844	 2.48	 1	 -42.6155	  173.5692
0.844	 4.27	 1	 -42.7928	  172.4586
0.845	 2.55	 1	 -41.6812	  174.2724
0.847	 2.55	 1	 -42.5646	  172.9296
0.849	 2.13	 1	 -42.6555	  172.8954
0.849	 3.40	 1	 -42.4188	  174.5095
0.850	 2.96	 1	 -42.3559	  174.0736
0.852	 2.58	 1	 -42.6335	  172.5925
0.852	 2.06	 1	 -42.3601	  173.8358
0.853	 2.26	 2	 -42.3549	  174.0738
0.853	 2.39	 1	 -40.6159	  175.4170
0.856	 2.57	 1	 -41.6831	  174.2880
0.861	 2.35	 1	 -41.8683	  173.6436
0.861	 2.21	 1	 -43.0515	  172.7414
0.862	 2.04	 1	 -41.8671	  173.9980
0.863	 2.98	 1	 -42.4207	  173.1102
0.871	 2.12	 1	 -41.7841	  174.2611
0.872	 2.64	 1	 -42.1377	  173.6133
0.873	 2.19	 1	 -42.3285	  173.0847
0.873	 2.29	 1	 -41.9133	  174.2056
0.876	 2.48	 1	 -42.7568	  172.7594
0.878	 2.61	 1	 -42.7384	  173.2622
0.879	 2.10	 1	 -42.8611	  173.8676
0.880	 2.16	 1	 -41.7926	  174.2090
0.881	 2.93	 1	 -42.9185	  173.1856
0.881	 2.14	 1	 -42.2771	  173.7451
0.881	 2.35	 1	 -41.7859	  174.2605
0.881	 2.30	 1	 -41.0580	  169.7924
0.887	 3.36	 1	 -41.8046	  174.2325
0.889	 2.20	 1	 -43.4756	  172.7505
0.889	 2.91	 1	 -41.9810	  173.7120
0.893	 2.19	 1	 -42.5031	  173.9482
0.894	 3.06	 1	 -42.5912	  172.9297
0.894	 2.46	 1	 -42.1435	  173.6317
0.894	 2.24	 1	 -42.5879	  172.9604
0.895	 2.08	 1	 -41.8420	  172.5540
0.895	 3.00	 1	 -41.8168	  173.9629
0.897	 2.19	 1	 -42.2371	  173.6506
0.897	 2.53	 1	 -41.7942	  174.2293
0.898	 3.38	 2	 -42.9166	  173.1854
0.899	 2.04	 1	 -41.6817	  175.3992
0.900	 2.18	 1	 -42.4962	  173.1886
0.901	 2.16	 1	 -42.2619	  173.3327
0.906	 2.10	 1	 -42.3399	  174.1177
0.906	 2.25	 1	 -41.8676	  171.5113
0.910	 2.16	 1	 -41.8408	  173.5750
0.911	 2.51	 1	 -42.8194	  172.7944
0.913	 2.17	 1	 -42.2775	  173.9748
0.915	 2.26	 1	 -41.7270	  174.1610
0.916	 2.02	 1	 -42.1926	  173.3787
0.916	 2.31	 1	 -41.6099	  174.3731
0.919	 2.12	 1	 -42.5881	  173.1321
0.919	 2.05	 1	 -42.3388	  173.0621
0.920	 2.09	 1	 -42.2973	  173.6771
0.921	 2.45	 1	 -41.7086	  174.2365
0.922	 2.24	 1	 -43.6530	  173.1135
0.923	 2.27	 1	 -43.4827	  171.4764
0.924	 2.44	 1	 -42.1643	  174.0706
0.925	 2.08	 1	 -42.3209	  175.1434
0.926	 2.45	 1	 -41.6337	  172.9921
0.929	 2.60	 1	 -42.4012	  173.5342
0.931	 2.33	 1	 -42.0897	  174.1265
0.931	 3.18	 1	 -41.3064	  178.6710
0.935	 3.84	 1	 -43.0669	  172.7613
0.937	 2.27	 1	 -42.3835	  173.1846
0.937	 2.64	 1	 -42.5462	  173.1840
0.940	 2.50	 1	 -42.0925	  173.2632
0.941	 4.53	 1	 -41.4692	  173.8641
0.942	 2.18	 1	 -42.3970	  171.2915
0.942	 2.39	 1	 -42.5032	  173.6312
0.943	 2.90	 1	 -42.6087	  172.9692
0.944	 2.13	 1	 -42.5533	  173.5729
0.945	 2.15	 1	 -42.1614	  174.0336
0.947	 2.02	 1	 -41.7174	  174.3330
0.948	 2.01	 1	 -41.7364	  174.1027
0.948	 2.26	 1	 -41.9795	  173.6782
0.949	 2.05	 1	 -42.7714	  174.6147
0.949	 2.14	 1	 -41.6988	  174.2392
0.953	 3.22	 1	 -42.5864	  173.9678
0.953	 2.14	 1	 -42.6593	  172.8686
0.954	 2.97	 1	 -42.5262	  173.0958
0.955	 2.04	 1	 -42.6770	  173.3131
0.956	 2.46	 1	 -42.3010	  173.5936
0.956	 2.48	 1	 -41.8101	  174.1313
0.963	 2.08	 1	 -42.2808	  173.6129
0.964	 3.04	 1	 -41.7683	  174.4364
0.965	 2.03	 1	 -42.3631	  174.0554
0.966	 2.03	 1	 -40.6314	  173.3947
0.975	 2.21	 1	 -41.6716	  171.9545
0.975	 2.24	 1	 -42.6811	  172.0881
0.978	 2.09	 1	 -41.7148	  174.2695
0.983	 2.08	 1	 -42.2754	  173.7480
0.984	 2.94	 1	 -42.6008	  173.0072
0.987	 2.02	 1	 -41.7344	  174.2968
0.987	 2.04	 1	 -41.7445	  174.1945
0.989	 2.60	 1	 -42.4794	  173.6460
0.991	 2.72	 1	 -42.6828	  172.9556
0.992	 2.38	 1	 -42.5763	  173.1619
0.993	 2.02	 1	 -41.7852	  174.2894
0.996	 2.55	 1	 -43.4798	  175.6121
0.998	 2.17	 2	 -42.6943	  172.9380
0.999	 2.33	 1	 -42.3499	  173.2442
1.000	 2.59	 1	 -42.2957	  173.3728
1.004	 2.03	 1	 -43.0752	  173.1170
1.004	 2.23	 1	 -42.2440	  173.8469
1.007	 2.18	 1	 -43.0600	  173.8905
1.011	 2.16	 1	 -42.0127	  173.7497
1.012	 2.17	 1	 -41.7718	  174.1919
1.015	 2.89	 1	 -41.8406	  174.2366
1.016	 2.01	 2	 -42.0929	  173.2621
1.016	 2.84	 1	 -41.7529	  174.4446
1.016	 2.44	 1	 -42.1618	  173.5851
1.023	 2.16	 1	 -42.2429	  173.7079
1.024	 2.89	 1	 -38.5782	  170.5538
1.024	 2.08	 1	 -41.7583	  174.2794
1.027	 2.23	 1	 -41.5836	  173.1538
1.027	 2.82	 2	 -42.4806	  175.1803
1.028	 4.29	 1	 -42.2549	  173.5041
1.028	 2.14	 1	 -41.4245	  173.9932
1.031	 2.06	 1	 -43.1686	  172.5629
1.033	 4.16	 1	 -42.2653	  173.9624
1.034	 2.19	 1	 -43.2083	  172.6949
1.035	 2.39	 1	 -42.7049	  172.4781
1.035	 2.07	 1	 -41.7139	  174.1659
1.037	 2.08	 1	 -42.4179	  173.8408
1.042	 2.05	 1	 -42.2169	  173.5344
1.042	 2.24	 1	 -42.2355	  173.7737
1.042	 2.36	 1	 -42.0100	  172.9585
1.044	 3.06	 1	 -42.2028	  173.7607
1.047	 2.99	 1	 -42.8081	  172.7706
1.051	 2.59	 2	 -41.9764	  173.7923
1.052	 2.83	 1	 -41.8736	  174.1823
1.053	 2.61	 1	 -42.0896	  172.9490
1.056	 2.96	 1	 -41.7689	  174.1798
1.056	 2.28	 1	 -43.5296	  174.5684
1.060	 2.43	 1	 -42.6181	  172.9565
1.060	 2.53	 1	 -42.2943	  173.7701
1.060	 2.16	 1	 -42.5431	  172.4720
1.063	 2.03	 1	 -42.2454	  173.6733
1.066	 2.36	 1	 -42.2340	  173.5437
1.067	 2.25	 1	 -43.1040	  173.2354
1.067	 3.65	 1	 -42.2501	  173.6543
1.067	 2.11	 1	 -42.3448	  172.4475
1.068	 2.08	 1	 -42.2059	  166.9403
1.069	 2.39	 1	 -41.6754	  174.0007
1.070	 2.26	 2	 -42.5408	  173.1769
1.076	 3.90	 1	 -41.7903	  174.2616
1.076	 2.15	 1	 -40.3116	  167.8324
1.079	 2.26	 1	 -41.6577	  173.4974
1.079	 2.39	 1	 -42.3801	  172.9574
1.080	 2.22	 1	 -42.6098	  172.9362
1.087	 2.34	 1	 -41.6741	  174.2127
1.089	 2.20	 1	 -42.7460	  173.2638
1.089	 2.16	 1	 -42.6323	  173.8161
1.090	 2.86	 1	 -41.9468	  173.6195
1.090	 2.17	 1	 -43.0894	  169.7538
1.091	 2.06	 1	 -42.4847	  174.0202
1.093	 2.02	 1	 -41.3035	  174.6530
1.095	 2.25	 1	 -43.2024	  174.5674
1.096	 2.10	 1	 -42.6089	  173.0185
1.099	 2.55	 1	 -43.7443	  172.2854
1.102	 2.30	 1	 -42.3417	  173.9154
1.104	 2.12	 1	 -42.1821	  173.4973
1.105	 2.08	 1	 -42.8098	  172.7987
1.108	 2.02	 1	 -42.3304	  173.8026
1.110	 2.25	 1	 -41.4921	  173.8740
1.110	 2.81	 1	 -42.4247	  173.3147
1.117	 3.35	 1	 -42.4349	  173.3256
1.118	 2.06	 1	 -41.9588	  174.2447
1.119	 2.09	 1	 -42.6144	  173.1292
1.119	 2.08	 1	 -37.8991	  175.0491
1.119	 2.76	 1	 -41.6784	  174.1387
1.122	 2.06	 1	 -42.9383	  172.9523
1.123	 2.15	 1	 -42.4615	  173.1233
1.123	 3.80	 1	 -42.2195	  173.8121
1.126	 2.69	 1	 -43.2610	  173.2209
1.126	 2.14	 1	 -41.6828	  174.2735
1.127	 2.58	 1	 -42.0986	  172.8624
1.127	 2.03	 1	 -41.7471	  174.2072
1.130	 2.19	 1	 -42.2853	  173.6772
1.131	 2.51	 1	 -43.2097	  172.8572
1.134	 2.16	 1	 -42.4968	  173.2853
1.134	 3.32	 1	 -41.6980	  174.3041
1.136	 2.47	 1	 -42.3886	  173.3943
1.138	 2.61	 1	 -42.1340	  174.7727
1.139	 2.04	 1	 -42.6825	  172.9021
1.140	 2.87	 1	 -45.7019	  177.2228
1.141	 2.40	 1	 -42.9196	  172.9293
1.142	 2.42	 1	 -42.5884	  172.8008
1.150	 2.35	 1	 -42.9542	  179.1296
1.151	 3.33	 1	 -46.3150	  176.6466
1.156	 2.14	 1	 -41.8570	  173.9458
1.158	 2.15	 1	 -42.4851	  173.9882
1.160	 2.39	 1	 -42.0189	  173.7332
1.162	 2.99	 1	 -42.1064	  173.9416
1.164	 5.46	 1	 -42.2987	  174.0587
1.165	 2.48	 1	 -43.4690	  174.2237
1.165	 3.52	 1	 -41.7448	  174.2323
1.166	 2.06	 1	 -42.6698	  172.8915
1.172	 2.96	 1	 -38.6092	  175.0823
1.172	 2.03	 1	 -42.1758	  173.6598
1.175	 2.21	 1	 -43.3468	  173.0134
1.179	 2.45	 1	 -43.0309	  172.4827
1.182	 2.48	 1	 -42.3324	  173.8785
1.184	 2.83	 1	 -42.6549	  172.3730
1.186	 2.74	 1	 -42.4030	  174.0483
1.189	 2.23	 1	 -41.7878	  174.2131
1.192	 3.27	 1	 -43.1141	  172.9798
1.193	 2.17	 1	 -42.0722	  173.7550
1.193	 3.69	 1	 -42.3410	  174.0516
1.193	 2.22	 1	 -42.9598	  172.8671
1.195	 2.31	 1	 -42.2583	  173.8613
1.197	 2.21	 1	 -42.1917	  173.5207
1.198	 3.11	 1	 -41.9866	  173.7229
1.199	 2.00	 1	 -41.8670	  172.4763
1.202	 2.82	 1	 -43.6419	  172.5037
1.207	 2.01	 1	 -42.3609	  174.0098
1.208	 2.40	 1	 -41.7674	  174.2151
1.210	 2.01	 1	 -42.5425	  172.9247
1.214	 3.74	 1	 -42.3335	  173.6001
1.219	 2.19	 1	 -43.1656	  173.6876
1.220	 2.95	 1	 -42.3834	  173.6110
1.220	 2.31	 1	 -42.4355	  173.1724
1.220	 2.39	 1	 -41.8945	  173.5962
1.224	 2.97	 1	 -43.0986	  172.6065
1.224	 2.30	 1	 -41.7598	  174.2063
1.226	 2.11	 1	 -43.1348	  172.1541
1.231	 2.57	 2	 -42.4332	  173.5547
1.232	 2.66	 1	 -42.2652	  173.7804
1.238	 2.24	 1	 -42.7954	  173.9561
1.238	 2.54	 1	 -42.3901	  172.8773
1.239	 2.36	 1	 -42.1282	  173.5741
1.239	 2.87	 1	 -41.7380	  174.2493
1.240	 2.17	 1	 -42.0344	  174.1332
1.240	 2.05	 1	 -42.0605	  173.5553
1.240	 2.10	 1	 -42.2272	  173.7792
1.245	 2.43	 1	 -42.2212	  173.6714
1.248	 2.76	 1	 -42.6539	  173.1758
1.248	 2.36	 1	 -42.4814	  173.0075
1.249	 2.15	 1	 -42.5518	  173.7474
1.249	 2.08	 1	 -42.7117	  172.7475
1.249	 2.02	 1	 -41.8234	  174.0182
1.252	 2.45	 1	 -42.4442	  174.0652
1.254	 3.09	 1	 -42.0969	  173.7656
1.257	 2.04	 1	 -42.5353	  173.0427
1.258	 2.89	 1	 -43.8035	  173.9955
1.258	 2.40	 1	 -41.8112	  174.1876
1.258	 2.29	 1	 -41.2299	  174.3419
1.261	 2.01	 1	 -42.6711	  172.8683
1.261	 2.89	 1	 -42.8676	  172.8753
1.262	 2.56	 2	 -42.3257	  174.0320
1.266	 2.30	 1	 -42.9069	  169.3433
1.267	 2.64	 1	 -38.2303	  173.7771
1.269	 2.08	 1	 -42.4886	  172.8437
1.272	 2.17	 1	 -41.6326	  173.9681
1.275	 2.23	 1	 -42.3251	  172.7621
1.278	 2.38	 1	 -42.1631	  173.6411
1.279	 2.12	 1	 -41.7371	  174.3697
1.280	 2.18	 1	 -42.0503	  174.2796
1.281	 2.65	 1	 -41.7226	  174.2737
1.289	 2.18	 1	 -44.7413	  178.4680
1.290	 2.39	 1	 -42.3506	  173.7608
1.290	 2.78	 1	 -42.2537	  173.4694
1.292	 2.65	 2	 -42.6126	  173.2434
1.293	 2.66	 1	 -43.0320	  172.9981
1.294	 2.40	 1	 -42.1967	  172.8036
1.295	 2.05	 1	 -41.7876	  174.2504
1.298	 2.01	 1	 -42.5105	  173.0645
1.298	 2.05	 1	 -42.1122	  172.9210
1.300	 2.95	 1	 -42.2698	  174.1298
1.305	 2.97	 1	 -41.7930	  173.9685
1.308	 2.13	 1	 -42.5583	  173.3500
1.314	 2.58	 2	 -42.7020	  172.8537
1.315	 2.17	 1	 -41.7299	  174.3521
1.316	 2.20	 1	 -41.9820	  173.8212
1.320	 2.20	 1	 -41.7550	  174.1921
1.321	 2.28	 1	 -42.2816	  174.0322
1.323	 2.07	 2	 -42.3062	  174.1025
1.324	 2.61	 1	 -42.2779	  173.5963
1.327	 2.27	 1	 -41.7604	  174.3954
1.328	 2.13	 1	 -41.9272	  173.3312
1.329	 2.04	 1	 -44.0446	  170.6361
1.329	 3.13	 1	 -42.2048	  173.4456
1.330	 2.51	 1	 -42.0139	  173.7246
1.331	 2.99	 1	 -41.8421	  174.2144
1.331	 2.50	 1	 -42.1078	  172.7557
1.333	 2.03	 1	 -41.7085	  174.3142
1.335	 2.88	 1	 -42.1703	  173.5883
1.337	 2.00	 1	 -42.6494	  172.7784
1.338	 2.18	 1	 -42.3465	  174.0639
1.342	 2.24	 1	 -40.5444	  167.6476
1.344	 2.18	 1	 -42.5669	  172.9438
1.346	 2.20	 1	 -41.2750	  173.5447
1.347	 2.17	 1	 -41.9354	  174.1648
1.348	 2.34	 1	 -43.7303	  172.8767
1.350	 2.05	 1	 -42.3839	  173.5994
1.351	 2.33	 1	 -41.2990	  174.6396
1.355	 2.44	 1	 -41.8465	  174.2227
1.361	 2.93	 1	 -42.4120	  173.7200
1.361	 2.70	 1	 -42.1523	  173.6418
1.363	 2.31	 1	 -42.5841	  172.9814
1.364	 2.21	 1	 -42.8005	  172.5105
1.367	 2.47	 1	 -42.2993	  173.6481
1.368	 2.42	 2	 -42.3491	  173.8680
1.369	 2.11	 1	 -43.3412	  171.7169
1.371	 3.10	 1	 -42.5943	  173.5476
1.372	 2.22	 1	 -42.5545	  173.2062
1.373	 2.47	 1	 -42.3516	  179.1223
1.374	 2.39	 1	 -42.2696	  173.4483
1.376	 3.05	 1	 -41.4673	  172.0423
1.379	 2.25	 3	 -42.9605	  173.1785
1.379	 2.84	 1	 -42.2639	  173.6153
1.381	 2.21	 1	 -42.0876	  174.1061
1.387	 2.46	 1	 -41.6911	  174.2839
1.388	 2.04	 1	 -42.7476	  173.9433
1.389	 2.71	 1	 -44.3395	  172.1043
1.395	 3.22	 1	 -42.0231	  173.7454
1.395	 2.86	 1	 -42.2761	  173.5387
1.399	 2.01	 1	 -42.0591	  173.6371
1.400	 2.08	 1	 -42.5522	  173.7072
1.402	 2.07	 1	 -44.4414	  171.7068
1.402	 2.18	 1	 -41.7155	  174.2848
1.402	 2.12	 1	 -42.1466	  173.6312
1.405	 2.58	 1	 -42.2467	  173.6055
1.405	 2.34	 2	 -42.1055	  173.9447
1.405	 2.21	 1	 -42.3484	  173.0965
1.407	 2.06	 1	 -41.7826	  174.2107
1.407	 2.15	 1	 -41.6343	  174.1361
1.407	 2.13	 1	 -42.4582	  173.7800
1.408	 3.07	 1	 -42.8871	  175.1888
1.411	 2.06	 1	 -42.5317	  173.9577
1.413	 2.09	 1	 -43.0307	  173.4923
1.413	 2.14	 1	 -42.2357	  173.5837
1.421	 2.47	 1	 -42.6708	  173.0894
1.421	 2.16	 1	 -41.8122	  172.8384
1.421	 2.55	 1	 -42.1091	  173.8616
1.424	 5.11	 1	 -42.0310	  173.9833
1.425	 2.07	 1	 -42.8344	  172.7368
1.427	 2.40	 1	 -41.8763	  173.7179
1.432	 2.67	 1	 -42.3247	  176.3001
1.432	 2.86	 1	 -42.1173	  173.6038
1.434	 3.25	 1	 -43.2387	  173.0844
1.439	 3.11	 1	 -42.5126	  173.8170
1.441	 2.84	 1	 -42.7124	  173.0664
1.445	 2.80	 1	 -43.0872	  172.5305
1.449	 2.06	 1	 -44.0304	  173.1424
1.453	 3.08	 1	 -44.1570	  170.6694
1.453	 2.13	 1	 -42.9295	  171.1021
1.454	 2.03	 1	 -42.1583	  173.7131
1.454	 2.01	 1	 -42.4593	  174.7578
1.454	 2.93	 1	 -42.7486	  173.1685
1.457	 2.60	 1	 -41.7477	  174.4249
1.457	 2.23	 1	 -41.8487	  174.0616
1.457	 2.39	 1	 -44.1838	  174.3246
1.459	 2.26	 1	 -43.3865	  173.6725
1.460	 2.94	 1	 -42.1794	  172.6349
1.463	 2.05	 1	 -42.1674	  173.5395
1.463	 2.92	 1	 -41.7733	  174.4222
1.465	 2.04	 1	 -41.3551	  173.2811
1.465	 2.28	 1	 -45.4618	  169.1841
1.468	 2.10	 1	 -42.9510	  173.0802
1.470	 4.47	 2	 -41.8918	  174.2416
1.471	 2.44	 1	 -42.3781	  173.1312
1.474	 3.04	 1	 -41.9911	  174.0106
1.475	 2.01	 1	 -42.2818	  173.6001
1.481	 3.34	 1	 -42.3317	  173.9913
1.483	 2.13	 1	 -42.3950	  173.5387
1.491	 2.06	 1	 -42.5430	  173.0952
1.500	 2.21	 1	 -42.3653	  174.0027
1.507	 2.34	 1	 -42.2886	  173.7097
1.508	 2.79	 1	 -41.7818	  174.2768
1.508	 2.11	 1	 -42.2632	  173.9376
1.511	 2.15	 1	 -41.7751	  174.2613
1.512	 2.03	 1	 -41.6149	  174.1908
1.513	 2.15	 1	 -41.9325	  173.1364
1.514	 2.27	 1	 -41.8601	  174.2502
1.522	 2.75	 1	 -42.7461	  173.3273
1.527	 2.22	 1	 -42.1696	  173.7088
1.527	 2.36	 1	 -41.7117	  174.1411
1.532	 2.06	 1	 -42.2728	  173.9049
1.535	 2.01	 2	 -42.0571	  173.9911
1.536	 2.37	 1	 -42.4688	  173.3458
1.539	 2.61	 1	 -41.8104	  174.2071
1.540	 3.77	 1	 -42.3974	  172.8797
1.542	 2.05	 1	 -42.6847	  172.8284
1.545	 2.18	 1	 -42.2756	  173.5777
1.548	 3.15	 1	 -41.0464	  175.1411
1.549	 2.10	 1	 -43.3320	  174.5746
1.549	 2.47	 1	 -41.7731	  174.2984
1.550	 2.42	 1	 -42.2212	  173.4082
1.554	 2.27	 1	 -42.1848	  173.5888
1.554	 2.15	 1	 -42.2327	  173.7703
1.560	 2.96	 1	 -41.7044	  174.2977
1.561	 2.94	 1	 -42.2247	  173.6512
1.563	 2.16	 1	 -42.1388	  173.5593
1.563	 2.23	 1	 -42.1182	  172.2994
1.566	 4.14	 1	 -41.5359	  175.7385
1.567	 2.57	 1	 -41.6704	  173.2685
1.582	 2.45	 1	 -41.7259	  174.2785
1.584	 2.22	 1	 -41.6853	  174.2277
1.584	 2.07	 1	 -41.7628	  174.1916
1.584	 2.06	 1	 -42.6500	  172.8781
1.585	 2.01	 1	 -42.6383	  172.1416
1.587	 2.32	 1	 -42.0419	  173.8230
1.589	 2.82	 1	 -42.5684	  174.3015
1.589	 2.51	 1	 -42.4238	  173.3381
1.593	 2.02	 1	 -41.7665	  174.2256
1.594	 2.31	 1	 -41.7200	  174.5913
1.597	 2.07	 1	 -44.7191	  171.2067
1.598	 2.42	 1	 -42.1597	  173.0313
1.599	 2.12	 1	 -42.0774	  173.8998
1.600	 2.01	 2	 -42.0493	  173.9665
1.600	 2.19	 1	 -42.2944	  173.5718
1.607	 2.04	 1	 -42.5428	  173.7209
1.608	 2.15	 1	 -41.6007	  174.0557
1.608	 2.52	 1	 -41.7548	  173.9856
1.611	 2.11	 1	 -42.2081	  173.6804
1.615	 2.20	 1	 -42.7358	  174.2793
1.616	 3.06	 1	 -42.4978	  173.5917
1.617	 2.17	 1	 -41.9824	  174.0141
1.618	 2.08	 1	 -41.7866	  174.2236
1.620	 2.07	 1	 -42.5922	  172.9339
1.621	 2.22	 1	 -42.2360	  172.7218
1.622	 2.59	 1	 -42.0838	  173.8669
1.623	 3.32	 1	 -40.5049	  173.8887
1.623	 2.06	 1	 -42.3457	  173.9219
1.625	 3.15	 1	 -42.6045	  172.5648
1.625	 2.16	 1	 -42.6025	  172.9321
1.625	 2.27	 1	 -42.9627	  173.2733
1.627	 2.02	 1	 -42.2549	  172.8640
1.629	 2.45	 1	 -41.6975	  174.1583
1.631	 3.38	 1	 -43.3403	  172.9008
1.632	 2.47	 1	 -42.1160	  172.0124
1.634	 2.09	 1	 -41.8238	  174.3427
1.635	 2.22	 1	 -41.8326	  174.2752
1.636	 2.10	 1	 -41.6921	  174.3595
1.637	 2.42	 1	 -40.0189	  174.1774
1.641	 2.15	 2	 -41.7380	  174.2504
1.641	 2.34	 1	 -42.1653	  173.7217
1.642	 2.17	 1	 -42.5153	  173.8217
1.645	 2.37	 1	 -41.9480	  173.8457
1.646	 3.88	 1	 -41.9404	  174.2930
1.646	 2.27	 1	 -42.0035	  173.6926
1.647	 2.77	 1	 -42.4816	  173.0605
1.648	 2.30	 1	 -41.8891	  173.9146
1.650	 2.50	 1	 -42.1961	  172.9905
1.650	 2.10	 1	 -41.5792	  172.7777
1.658	 2.10	 1	 -42.3351	  173.8974
1.664	 2.17	 1	 -42.2415	  173.3778
1.667	 2.07	 1	 -41.8400	  173.6777
1.667	 2.22	 1	 -44.0784	  170.1708
1.671	 3.14	 1	 -41.8839	  174.2921
1.671	 2.09	 1	 -42.5385	  173.7559
1.672	 2.78	 1	 -42.4858	  173.0695
1.673	 2.41	 1	 -41.3576	  173.4574
1.676	 2.09	 1	 -42.3035	  173.5921
1.678	 2.10	 1	 -42.9679	  173.1480
1.684	 2.53	 1	 -42.5139	  173.0994
1.686	 2.36	 1	 -41.7787	  174.1884
1.689	 2.31	 1	 -38.9707	  171.2920
1.692	 2.81	 1	 -42.6219	  172.8867
1.694	 2.17	 1	 -41.8857	  174.3091
1.696	 3.01	 1	 -41.9827	  174.2809
1.703	 2.00	 1	 -43.4085	  172.8424
1.707	 2.23	 1	 -38.5717	  170.5739
1.711	 2.46	 1	 -44.6818	  170.2025
1.711	 2.64	 1	 -42.3726	  174.0164
1.715	 2.11	 1	 -42.0063	  173.7716
1.716	 2.35	 1	 -42.6607	  173.5318
1.716	 2.33	 1	 -41.1036	  174.8607
1.720	 2.11	 1	 -41.7148	  174.3094
1.724	 3.40	 1	 -43.2492	  173.1068
1.731	 2.08	 1	 -42.1904	  173.6236
1.737	 2.45	 1	 -42.2874	  173.0218
1.748	 2.89	 1	 -42.3954	  173.8244
1.748	 2.19	 1	 -45.2233	  178.0133
1.750	 2.85	 1	 -41.8830	  174.2505
1.751	 2.76	 1	 -42.3287	  173.9126
1.752	 2.21	 1	 -42.4070	  174.3232
1.755	 2.59	 2	 -41.7206	  174.5911
1.756	 2.03	 1	 -42.4963	  173.7558
1.757	 2.04	 1	 -44.3535	  173.1622
1.758	 2.25	 1	 -42.8052	  173.5303
1.762	 2.09	 1	 -40.4297	  171.0387
1.763	 2.71	 1	 -42.1910	  173.6163
1.764	 2.07	 1	 -42.3912	  172.6773
1.764	 2.82	 1	 -41.8945	  174.1412
1.765	 2.03	 1	 -42.1977	  173.5845
1.767	 2.28	 1	 -42.4535	  173.7589
1.769	 2.26	 1	 -42.3118	  173.8925
1.770	 2.12	 1	 -42.7699	  172.8775
1.770	 2.72	 1	 -42.5329	  173.1699
1.770	 2.88	 1	 -44.4437	  173.5329
1.772	 2.25	 1	 -42.0450	  172.8222
1.775	 2.47	 2	 -42.3260	  174.0511
1.781	 2.48	 1	 -42.8983	  172.9606
1.782	 2.13	 1	 -42.2229	  174.2958
1.782	 2.50	 1	 -41.8520	  173.9809
1.786	 2.30	 1	 -42.3419	  173.4550
1.787	 2.41	 1	 -41.7443	  174.2915
1.787	 2.34	 1	 -42.0747	  174.1614
1.788	 2.00	 1	 -42.2727	  173.4412
1.792	 2.09	 1	 -43.1595	  173.1881
1.798	 2.11	 1	 -42.9875	  170.8406
1.800	 2.02	 1	 -42.3558	  173.1586
1.805	 2.04	 1	 -42.7734	  176.4343
1.806	 2.12	 2	 -42.3039	  174.0755
1.809	 2.42	 1	 -41.7592	  174.4282
1.816	 2.38	 1	 -42.0860	  173.6875
1.817	 2.24	 1	 -42.2911	  172.6199
1.819	 2.12	 1	 -42.3370	  173.6957
1.819	 2.00	 1	 -42.7395	  173.1402
1.820	 2.44	 1	 -41.9238	  173.4376
1.821	 2.17	 1	 -42.2524	  173.6067
1.823	 2.09	 1	 -42.5418	  173.7315
1.827	 3.14	 1	 -44.1083	  172.6083
1.827	 2.01	 1	 -42.9584	  173.1024
1.828	 3.57	 1	 -42.2334	  174.0186
1.831	 2.00	 1	 -43.2427	  172.8501
1.832	 2.29	 1	 -42.3920	  174.2773
1.835	 2.46	 1	 -41.6940	  174.3359
1.841	 3.38	 1	 -42.7123	  172.8432
1.844	 2.44	 1	 -42.1685	  173.3177
1.847	 2.60	 1	 -42.2451	  173.6987
1.849	 2.83	 1	 -42.5379	  172.7692
1.851	 2.40	 1	 -42.5351	  173.0463
1.863	 2.54	 1	 -41.6972	  174.2805
1.890	 2.39	 1	 -42.3530	  173.6671
1.891	 2.86	 1	 -42.3504	  174.0352
1.892	 2.88	 1	 -42.8088	  173.3703
1.893	 2.12	 1	 -42.3492	  174.0094
1.893	 2.64	 1	 -43.2253	  168.6146
1.896	 2.17	 1	 -42.1568	  173.6795
1.898	 2.23	 1	 -42.7721	  173.2646
1.900	 2.79	 1	 -42.6432	  173.0580
1.908	 3.07	 1	 -42.3230	  173.8914
1.908	 2.27	 1	 -42.5326	  174.6641
1.909	 2.44	 1	 -41.7242	  174.1600
1.910	 2.32	 1	 -41.7604	  174.2524
1.913	 2.04	 1	 -38.3767	  174.7394
1.925	 2.76	 1	 -40.6485	  174.8132
1.926	 2.15	 1	 -42.4358	  171.0817
1.929	 2.53	 1	 -42.7554	  173.7337
1.930	 2.04	 1	 -42.2655	  173.6179
1.932	 2.01	 1	 -42.3271	  171.1850
1.933	 2.24	 1	 -43.3166	  173.7999
1.948	 2.52	 1	 -42.8647	  173.2971
1.950	 2.00	 1	 -42.1301	  173.6320
1.952	 2.35	 1	 -42.6312	  172.8777
1.953	 2.05	 1	 -42.4202	  173.8131
1.957	 2.27	 1	 -42.3278	  173.9048
1.958	 2.67	 1	 -42.2785	  173.4236
1.960	 2.07	 2	 -41.6725	  179.9855
1.961	 2.12	 1	 -42.9113	  173.2898
1.962	 2.16	 1	 -41.8391	  173.2445
1.965	 2.52	 1	 -43.1163	  172.4040
1.967	 2.01	 2	 -42.1938	  173.6895
1.968	 2.12	 1	 -42.5892	  172.9701
1.979	 2.96	 1	 -42.4910	  173.5395
1.982	 2.09	 1	 -42.5862	  172.9344
1.983	 3.46	 1	 -41.7705	  174.2467
1.985	 2.70	 1	 -41.9371	  173.7177
1.986	 2.59	 1	 -41.7739	  173.4202
1.988	 2.17	 1	 -41.8738	  174.1828
1.990	 2.47	 1	 -42.1346	  174.4189
1.991	 2.34	 1	 -42.3426	  173.0920
1.992	 2.05	 1	 -43.1204	  173.6459
1.996	 2.06	 1	 -43.6177	  175.6710
1.998	 2.79	 1	 -42.3976	  173.9310
1.999	 2.24	 1	 -41.4748	  174.0560
1.999	 4.12	 1	 -47.1125	  174.1467
2.000	 2.46	 1	 -41.6572	  174.3229
2.001	 2.21	 1	 -42.1841	  173.4464
2.002	 2.46	 1	 -42.8229	  166.9069
2.002	 2.31	 1	 -42.3368	  173.4403
2.004	 2.31	 1	 -42.0999	  179.0866
2.008	 2.27	 1	 -42.6954	  174.0160
2.012	 2.50	 1	 -42.9286	  173.3940
2.014	 2.09	 2	 -42.3789	  173.9047
2.026	 2.38	 1	 -42.1964	  173.2852
2.026	 2.23	 1	 -42.6352	  172.7875
2.028	 2.89	 1	 -41.7963	  174.2361
2.031	 2.13	 1	 -42.4364	  173.6154
2.036	 2.26	 2	 -41.7455	  174.2347
2.036	 2.46	 1	 -41.7148	  174.9338
2.039	 2.44	 1	 -42.3498	  173.7975
2.042	 2.55	 1	 -42.2754	  173.9448
2.046	 2.15	 1	 -42.9035	  173.1098
2.048	 2.32	 1	 -41.2440	  173.3777
2.053	 2.56	 1	 -42.3436	  173.2247
2.060	 2.19	 1	 -42.1564	  171.4921
2.065	 2.23	 1	 -41.3805	  173.5958
2.068	 2.44	 1	 -41.8592	  172.2020
2.072	 2.01	 1	 -42.6862	  173.1424
2.078	 3.04	 1	 -41.6057	  174.7834
2.078	 2.10	 1	 -42.4330	  173.7984
2.078	 2.26	 1	 -42.5323	  173.0854
2.084	 2.96	 1	 -42.4567	  173.3485
2.086	 2.15	 1	 -42.2525	  173.4875
2.090	 2.86	 1	 -41.7266	  174.3165
2.091	 2.12	 1	 -42.0879	  173.6882
2.091	 2.48	 1	 -42.1056	  173.7639
2.092	 2.85	 1	 -42.4636	  173.6538
2.093	 2.61	 1	 -42.4514	  173.8461
2.093	 2.36	 1	 -42.1684	  173.3452
2.097	 3.10	 1	 -41.7097	  174.3083
2.098	 2.28	 1	 -43.3766	  173.4382
2.102	 2.19	 1	 -42.4788	  173.7108
2.102	 2.14	 1	 -42.3515	  173.0743
2.102	 2.29	 1	 -42.1277	  173.6726
2.110	 2.46	 1	 -42.4843	  174.0223
2.112	 2.00	 1	 -42.6758	  172.7795
2.119	 2.22	 1	 -41.7118	  174.2371
2.126	 3.07	 1	 -42.7780	  173.5805
2.129	 2.26	 1	 -43.6522	  174.0088
2.134	 2.14	 1	 -42.5615	  173.4097
2.136	 2.01	 1	 -42.4945	  173.7583
2.150	 2.90	 1	 -42.4147	  174.1797
2.154	 2.76	 1	 -46.1562	  171.2942
2.157	 2.84	 1	 -41.7496	  174.1616
2.158	 2.13	 1	 -41.2611	  169.7256
2.165	 2.11	 1	 -41.8263	  174.4502
2.176	 2.05	 1	 -42.8121	  172.4565
2.178	 2.78	 1	 -42.6285	  172.7904
2.188	 2.51	 1	 -43.1642	  173.5573
2.209	 2.43	 1	 -41.7223	  174.2668
2.209	 2.25	 1	 -43.7229	  172.5232
2.214	 2.21	 1	 -40.7158	  173.3074
2.214	 2.66	 1	 -42.3894	  172.6487
2.214	 2.38	 1	 -41.7417	  174.1761
2.215	 2.02	 2	 -42.3541	  172.6406
2.217	 2.09	 1	 -43.2230	  172.7258
2.217	 4.20	 1	 -41.9487	  174.0552
2.219	 2.72	 1	 -43.4364	  172.5418
2.223	 2.72	 1	 -42.2298	  173.6142
2.232	 2.72	 2	 -41.9632	  174.0898
2.249	 2.58	 1	 -42.2681	  173.6401
2.249	 2.17	 1	 -42.3492	  174.0407
2.249	 2.67	 1	 -42.3850	  173.9537
2.250	 2.13	 1	 -41.7003	  174.3657
2.251	 2.39	 1	 -43.1212	  171.3178
2.251	 2.12	 1	 -42.1504	  174.7003
2.251	 2.43	 1	 -41.8199	  174.1433
2.256	 2.47	 1	 -42.1613	  174.0164
2.273	 2.18	 1	 -42.3515	  174.1189
2.275	 2.14	 1	 -42.0485	  173.7304
2.276	 2.59	 1	 -42.6212	  173.6806
2.280	 3.00	 1	 -42.5213	  173.0932
2.284	 2.05	 1	 -42.1637	  173.8278
2.288	 2.18	 1	 -42.5589	  173.7880
2.291	 2.72	 1	 -42.8933	  173.3304
2.292	 2.70	 1	 -45.4639	  168.2044
2.303	 2.15	 1	 -42.0507	  173.7607
2.305	 2.53	 1	 -41.7223	  174.1871
2.306	 2.12	 1	 -44.4125	  177.4385
2.312	 2.16	 1	 -41.7658	  174.2030
2.314	 2.10	 1	 -42.1699	  173.3057
2.315	 2.06	 1	 -42.4328	  173.8077
2.316	 2.40	 1	 -42.6337	  173.0515
2.322	 2.09	 1	 -41.8911	  174.0886
2.323	 2.16	 1	 -42.5049	  173.2101
2.325	 2.44	 1	 -41.7910	  174.0039
2.330	 2.50	 1	 -42.8992	  173.6017
2.331	 2.58	 1	 -44.6010	  173.9032
2.331	 2.48	 1	 -42.2000	  173.6804
2.331	 2.12	 1	 -42.7075	  172.9464
2.333	 2.22	 1	 -44.7984	  172.3497
2.336	 2.22	 1	 -42.3904	  173.8608
2.337	 3.17	 1	 -42.9204	  172.6138
2.340	 2.25	 1	 -39.5889	  172.5393
2.348	 2.13	 1	 -41.8304	  174.1736
2.348	 2.03	 1	 -41.8985	  174.2083
2.349	 2.01	 1	 -42.4085	  173.8291
2.351	 2.19	 1	 -42.3539	  173.0757
2.352	 2.23	 1	 -41.6364	  174.5696
2.356	 2.28	 1	 -42.2892	  173.6527
2.360	 2.66	 1	 -42.0648	  174.2832
2.362	 2.41	 1	 -42.9096	  170.3918
2.367	 2.24	 1	 -43.0434	  174.2636
2.371	 2.19	 1	 -42.0506	  173.8342
2.371	 2.69	 1	 -42.1937	  173.6114
2.373	 2.46	 1	 -42.1790	  173.7390
2.374	 3.91	 1	 -42.3165	  173.5961
2.374	 2.16	 1	 -42.2194	  173.6171
2.376	 2.06	 1	 -41.7147	  174.2908
2.384	 3.03	 1	 -42.2759	  173.7169
2.385	 2.11	 1	 -42.5916	  176.6761
2.396	 2.50	 2	 -41.5430	  173.8785
2.402	 2.16	 1	 -42.8397	  172.9359
2.408	 2.12	 1	 -42.3515	  173.0747
2.417	 2.18	 1	 -41.7127	  174.2661
2.419	 2.38	 1	 -42.2263	  173.6610
2.419	 2.23	 1	 -46.8512	  171.7284
2.420	 2.52	 1	 -43.4607	  172.2743
2.425	 2.01	 1	 -41.7900	  174.1135
2.433	 2.09	 1	 -42.5685	  172.8474
2.435	 2.86	 1	 -41.9244	  174.5084
2.436	 2.31	 1	 -39.5966	  177.4590
2.438	 2.34	 1	 -41.6119	  174.2843
2.438	 2.93	 2	 -41.6243	  175.7923
2.442	 2.00	 2	 -42.2110	  174.0546
2.444	 2.08	 1	 -42.5160	  173.7978
2.445	 2.13	 1	 -41.9924	  174.0934
2.447	 2.12	 1	 -41.7872	  174.3150
2.449	 3.59	 1	 -44.6901	  175.7052
2.452	 2.53	 1	 -47.1630	  173.6814
2.476	 2.49	 1	 -43.0263	  173.5598
2.479	 2.82	 1	 -42.0487	  174.0193
2.483	 2.19	 1	 -42.3491	  173.2126
2.486	 2.28	 1	 -41.9692	  173.5052
2.498	 2.01	 1	 -42.3493	  173.0844
2.500	 2.00	 1	 -42.4387	  173.4038
2.501	 2.05	 1	 -41.7187	  174.2852
2.508	 2.18	 1	 -41.7038	  174.1736
2.516	 3.20	 1	 -42.4916	  173.1189
2.517	 2.05	 1	 -41.8025	  174.0279
2.519	 3.36	 1	 -41.8213	  174.2048
2.522	 2.71	 1	 -42.4840	  173.7586
2.524	 2.02	 1	 -41.8749	  173.9762
2.541	 2.65	 1	 -42.3059	  173.6384
2.544	 2.73	 1	 -42.4763	  173.6407
2.550	 2.17	 1	 -42.5019	  173.8699
2.553	 2.26	 1	 -41.8865	  173.6988
2.554	 2.91	 1	 -42.5111	  173.0137
2.554	 2.21	 1	 -43.2764	  174.4066
2.557	 2.86	 1	 -42.6522	  172.7820
2.558	 3.28	 1	 -40.2234	  174.4026
2.559	 2.19	 1	 -42.6903	  172.9267
2.571	 2.83	 1	 -38.5118	  175.2746
2.577	 2.73	 1	 -41.8159	  173.9494
2.579	 2.25	 1	 -46.1221	  174.1935
2.586	 3.13	 1	 -41.8486	  173.9272
2.590	 2.23	 1	 -42.7752	  172.9769
2.592	 2.51	 1	 -42.5834	  174.0919
2.596	 2.06	 1	 -42.3669	  173.0871
2.606	 3.13	 1	 -41.8161	  174.3779
2.617	 2.30	 1	 -42.4749	  173.1388
2.620	 2.68	 1	 -42.9766	  171.2621
2.625	 2.01	 1	 -42.3001	  173.6459
2.636	 2.01	 1	 -41.9740	  174.0085
2.650	 2.24	 1	 -42.3681	  173.6028
2.654	 2.72	 1	 -42.1820	  173.6434
2.660	 2.32	 1	 -42.5500	  172.4678
2.665	 2.10	 1	 -41.2730	  173.0169
2.667	 2.22	 1	 -42.3666	  173.7761
2.670	 2.08	 1	 -42.1372	  173.8411
2.672	 2.05	 1	 -42.4636	  174.1863
2.673	 2.81	 1	 -42.1218	  173.0139
2.673	 3.12	 1	 -41.7853	  174.1484
2.678	 2.20	 1	 -42.6151	  173.1075
2.688	 2.25	 1	 -42.1199	  173.5934
2.691	 2.21	 1	 -38.0735	  171.8092
2.694	 2.23	 1	 -42.3561	  176.5750
2.699	 2.56	 1	 -42.8133	  172.1220
2.704	 2.66	 1	 -42.4240	  173.8365
2.705	 2.15	 1	 -41.8321	  174.3018
2.707	 2.04	 1	 -41.7785	  174.1641
2.711	 2.05	 1	 -42.3933	  173.9900
2.751	 2.05	 1	 -41.8189	  174.3227
2.753	 2.88	 2	 -42.0952	  174.0917
2.753	 2.71	 1	 -41.7021	  174.3070
2.759	 2.23	 1	 -43.2447	  173.7658
2.762	 2.05	 1	 -42.6371	  172.6511
2.776	 2.24	 1	 -42.5275	  173.8129
2.778	 2.48	 1	 -42.3194	  173.8453
2.780	 2.02	 1	 -41.6892	  174.3514
2.781	 2.80	 1	 -42.9646	  172.6286
2.781	 2.32	 1	 -45.6169	  173.9194
2.786	 2.30	 1	 -42.2870	  172.3345
2.786	 3.72	 1	 -42.4439	  174.4307
2.788	 2.82	 1	 -42.8860	  172.8318
2.793	 2.85	 1	 -42.6011	  173.4417
2.794	 2.08	 1	 -42.3401	  173.6421
2.803	 2.45	 1	 -42.1290	  172.8671
2.804	 2.61	 1	 -41.8562	  173.9272
2.813	 2.59	 1	 -42.2729	  173.7192
2.823	 2.66	 1	 -41.9015	  174.4876
2.828	 2.32	 1	 -42.9399	  171.2912
2.828	 2.44	 1	 -42.3553	  173.7487
2.835	 3.37	 1	 -44.3077	  172.0358
2.842	 2.87	 1	 -42.6853	  172.8388
2.844	 2.49	 1	 -42.0635	  172.0798
2.844	 2.16	 1	 -42.7064	  172.6544
2.846	 2.85	 1	 -39.3540	  171.3153
2.848	 2.22	 1	 -42.5781	  173.0182
2.851	 2.24	 1	 -42.6200	  173.1077
2.859	 2.22	 1	 -42.6299	  172.8455
2.861	 2.02	 1	 -42.2319	  173.8061
2.862	 3.26	 1	 -42.0206	  173.6603
2.863	 2.22	 1	 -42.6097	  173.0213
2.867	 3.16	 1	 -40.8592	  167.4359
2.868	 2.58	 1	 -42.2632	  173.6697
2.873	 2.50	 1	 -42.5118	  173.4715
2.877	 3.85	 1	 -43.1799	  172.8807
2.878	 2.72	 1	 -42.1755	  173.6568
2.881	 2.80	 1	 -42.0863	  173.8809
2.891	 2.11	 2	 -42.5933	  172.5521
2.897	 2.56	 1	 -42.6404	  172.9007
2.898	 2.66	 1	 -42.7955	  173.4157
2.912	 2.12	 1	 -41.8754	  174.2084
2.921	 2.48	 1	 -41.7807	  174.2268
2.921	 2.58	 1	 -42.2951	  173.9498
2.925	 2.43	 1	 -42.2169	  172.3939
2.927	 2.12	 1	 -42.1182	  173.6716
2.927	 2.13	 1	 -39.3907	  176.7758
2.944	 2.11	 1	 -42.3463	  173.7146
2.949	 2.91	 1	 -42.3984	  173.7197
2.950	 2.37	 1	 -38.1960	  173.0438
2.954	 2.01	 1	 -42.7723	  173.8652
2.959	 2.19	 1	 -41.7926	  174.1895
2.964	 2.17	 1	 -42.3060	  173.7883
2.967	 2.20	 1	 -42.6888	  172.9399
2.977	 2.00	 1	 -41.7790	  174.1855
2.979	 2.26	 1	 -42.4123	  173.2792
2.987	 2.87	 1	 -41.7300	  174.2714
2.989	 2.69	 1	 -42.6021	  173.0862
2.992	 2.71	 1	 -42.3606	  173.2875
3.004	 2.05	 1	 -45.5546	  171.2195
3.008	 2.69	 1	 -41.7142	  174.2104
3.017	 4.01	 1	 -42.2188	  173.6951
3.019	 2.44	 1	 -42.2160	  173.6160
3.019	 2.41	 1	 -42.0355	  173.0958
3.026	 3.30	 1	 -42.4557	  172.9274
3.031	 2.56	 1	 -43.0392	  172.6685
3.032	 2.96	 1	 -42.5424	  173.1339
3.037	 2.65	 1	 -42.7252	  173.9414
3.047	 3.55	 1	 -42.2978	  172.9574
3.050	 2.14	 1	 -42.6409	  172.8520
3.051	 2.10	 1	 -41.8086	  174.2118
3.062	 2.23	 1	 -39.4152	  171.7060
3.066	 2.68	 1	 -41.6531	  174.0231
3.067	 2.84	 1	 -44.1011	  174.7220
3.075	 2.03	 1	 -41.9049	  174.2478
3.083	 3.14	 1	 -42.8426	  171.2742
3.089	 2.35	 1	 -42.7212	  172.1989
3.090	 2.29	 1	 -42.4543	  173.8421
3.111	 2.50	 1	 -42.3275	  173.0042
3.116	 3.15	 1	 -42.5761	  173.8320
3.122	 2.50	 1	 -42.2553	  174.1129
3.123	 2.26	 1	 -42.2165	  172.6873
3.130	 2.18	 1	 -41.6178	  173.7849
3.145	 2.12	 1	 -42.9427	  177.5029
3.157	 2.20	 1	 -46.1649	  169.1352
3.162	 2.72	 1	 -42.6708	  173.0068
3.164	 2.46	 1	 -43.0806	  172.3513
3.172	 2.00	 1	 -41.6574	  174.2471
3.175	 2.70	 1	 -46.9247	  175.0891
3.184	 2.13	 1	 -42.6605	  172.7980
3.186	 2.41	 1	 -42.3356	  174.0825
3.188	 2.78	 1	 -42.6764	  172.9448
3.193	 3.53	 1	 -42.8769	  173.6325
3.201	 3.93	 1	 -42.7251	  173.6202
3.203	 2.18	 1	 -41.7749	  174.3123
3.204	 2.91	 1	 -42.5244	  172.5646
3.208	 2.24	 1	 -42.5482	  172.8237
3.212	 2.36	 1	 -42.8746	  173.3692
3.216	 2.06	 1	 -42.4830	  173.2684
3.218	 2.18	 1	 -41.7141	  174.1937
3.226	 2.04	 1	 -43.0216	  172.4251
3.232	 3.51	 1	 -43.2170	  171.0904
3.233	 2.02	 1	 -41.8247	  174.2998
3.238	 2.24	 1	 -41.6507	  174.2411
3.240	 2.17	 1	 -41.6411	  174.3328
3.241	 3.10	 1	 -42.2166	  173.6862
3.249	 2.64	 1	 -42.4708	  173.7881
3.252	 3.65	 1	 -41.6888	  174.2340
3.255	 2.01	 1	 -41.7155	  174.2876
3.255	 2.26	 1	 -41.7092	  174.3487
3.257	 2.71	 1	 -42.6012	  172.1387
3.259	 2.12	 1	 -41.8458	  174.1693
3.264	 2.77	 1	 -42.5726	  172.6308
3.265	 4.78	 1	 -42.1449	  172.3122
3.266	 2.53	 1	 -42.4595	  172.2373
3.266	 2.80	 1	 -42.2334	  173.4160
3.275	 2.23	 2	 -42.4367	  172.3045
3.277	 2.31	 1	 -42.4034	  173.3328
3.283	 2.61	 1	 -42.8380	  173.7380
3.285	 2.21	 1	 -42.4931	  173.2532
3.293	 2.51	 1	 -42.2756	  173.9719
3.295	 2.97	 1	 -42.1282	  173.3277
3.318	 2.03	 1	 -41.3947	  169.7121
3.331	 2.54	 1	 -42.0858	  173.9307
3.333	 2.32	 1	 -42.3686	  173.0939
3.342	 2.19	 1	 -42.2977	  172.1006
3.346	 2.12	 1	 -42.6257	  172.7836
3.353	 4.36	 1	 -43.4041	  171.7889
3.356	 2.78	 1	 -42.2498	  173.6165
3.357	 2.32	 1	 -42.6258	  172.8869
3.362	 2.24	 2	 -44.6944	  175.7072
3.363	 2.11	 1	 -43.5724	  173.9034
3.368	 2.04	 1	 -44.7778	  172.9888
3.369	 3.89	 2	 -43.3954	  171.7961
3.369	 2.23	 1	 -42.3302	  173.4797
3.375	 2.06	 1	 -41.3758	  172.6327
3.375	 4.13	 1	 -43.1158	  173.2921
3.376	 2.30	 1	 -42.6787	  172.0780
3.376	 2.38	 3	 -43.3845	  171.7579
3.386	 2.09	 1	 -42.3166	  173.5965
3.396	 2.32	 1	 -42.4223	  173.7887
3.401	 2.72	 1	 -41.8288	  173.7244
3.402	 2.31	 1	 -42.2202	  173.5695
3.417	 2.60	 1	 -42.2195	  172.3425
3.418	 2.03	 1	 -42.7728	  173.0972
3.434	 2.38	 1	 -42.8139	  173.6926
3.437	 2.07	 1	 -42.5042	  173.0300
3.441	 2.59	 1	 -42.2820	  173.4200
3.443	 2.31	 1	 -42.3537	  170.8646
3.451	 2.66	 1	 -42.3232	  173.9914
3.452	 2.36	 1	 -42.2007	  172.7160
3.461	 2.32	 1	 -42.4246	  173.5003
3.463	 2.04	 1	 -42.1006	  172.8875
3.466	 2.46	 1	 -42.3379	  173.5543
3.469	 2.33	 1	 -43.0837	  169.1451
3.488	 2.81	 1	 -42.2598	  173.6180
3.489	 2.13	 1	 -42.3024	  174.0756
3.493	 3.35	 1	 -42.2274	  173.5714
3.495	 2.47	 1	 -42.2044	  171.0684
3.498	 2.40	 1	 -41.7779	  174.2722
3.509	 2.71	 1	 -42.3375	  173.7850
3.509	 2.91	 1	 -42.4909	  173.4553
3.509	 2.28	 1	 -42.6055	  172.8028
3.518	 2.42	 1	 -41.7739	  174.2336
3.549	 2.43	 1	 -42.3636	  173.3179
3.552	 2.01	 1	 -43.0203	  173.5272
3.557	 2.32	 1	 -43.0134	  173.6295
3.569	 2.42	 1	 -38.2677	  171.9334
3.571	 2.35	 1	 -42.0016	  173.7292
3.572	 3.44	 1	 -41.6997	  174.2685
3.573	 2.21	 1	 -41.7221	  173.8863
3.575	 2.23	 1	 -42.2071	  173.5600
3.581	 2.36	 1	 -42.2118	  173.6691
3.586	 2.15	 1	 -42.8352	  173.6299
3.586	 2.15	 1	 -42.5351	  173.0068
3.592	 2.12	 1	 -41.0574	  172.9552
3.593	 3.24	 1	 -43.0179	  172.4071
3.597	 2.14	 1	 -42.1642	  173.5790
3.602	 2.54	 1	 -41.7779	  174.0926
3.619	 2.09	 1	 -42.1724	  173.6595
3.626	 3.13	 1	 -41.7613	  173.7714
3.630	 2.28	 1	 -43.2544	  174.0934
3.635	 2.08	 1	 -42.4533	  173.7131
3.638	 2.26	 1	 -41.9758	  173.7563
3.645	 2.28	 1	 -41.8235	  174.2073
3.652	 2.40	 1	 -41.7881	  174.2022
3.654	 3.72	 1	 -42.3094	  173.6367
3.658	 2.35	 1	 -42.3508	  173.2789
3.664	 3.02	 1	 -44.0398	  173.7063
3.674	 2.61	 1	 -41.7693	  174.2014
3.676	 2.16	 1	 -42.3258	  173.7932
3.684	 2.47	 1	 -41.7960	  174.2536
3.692	 2.16	 1	 -44.7610	  173.1398
3.693	 2.02	 1	 -41.7283	  172.4919
3.694	 3.03	 1	 -42.3829	  173.9181
3.697	 2.83	 1	 -41.6934	  174.3049
3.700	 2.08	 1	 -41.7086	  174.2992
3.718	 2.22	 1	 -43.2713	  174.1243
3.726	 2.48	 1	 -42.5046	  177.3810
3.733	 2.38	 1	 -42.1377	  173.6005
3.735	 2.40	 1	 -42.2569	  172.7290
3.737	 2.21	 1	 -41.6476	  174.2042
3.740	 2.97	 1	 -42.5759	  177.2346
3.743	 2.39	 1	 -41.7966	  174.1747
3.754	 2.49	 1	 -41.7297	  174.2944
3.756	 2.15	 1	 -42.9263	  172.5140
3.767	 3.88	 1	 -42.8376	  172.5964
3.781	 2.37	 1	 -41.8098	  174.1508
3.784	 2.11	 1	 -42.5701	  173.0191
3.786	 2.05	 1	 -41.9450	  175.0110
3.793	 2.92	 1	 -42.4090	  173.3395
3.841	 2.09	 1	 -42.1575	  173.6300
3.842	 2.19	 1	 -41.9304	  172.3446
3.850	 2.08	 1	 -42.0798	  173.7618
3.856	 2.05	 1	 -41.8804	  173.8834
3.862	 2.53	 1	 -42.5518	  173.0431
3.871	 2.04	 1	 -42.6216	  173.0487
3.872	 2.40	 1	 -39.6709	  173.8789
3.875	 2.27	 1	 -42.0441	  173.7542
3.877	 2.10	 1	 -41.9852	  171.7810
3.884	 2.02	 1	 -41.6885	  174.2606
3.888	 2.01	 1	 -41.6740	  173.8205
3.901	 2.10	 1	 -45.6098	  173.5172
3.922	 2.21	 1	 -42.2243	  173.4836
3.926	 2.16	 1	 -42.6369	  173.6718
3.926	 2.08	 1	 -42.3817	  173.5752
3.936	 2.21	 2	 -42.9291	  172.5816
3.954	 2.06	 1	 -42.7633	  173.4853
3.964	 2.33	 1	 -42.4517	  173.1914
3.965	 2.23	 1	 -42.2691	  173.8343
4.000	 2.48	 1	 -41.3028	  174.1038
4.007	 2.18	 1	 -42.3731	  173.8803
4.013	 2.07	 1	 -42.7342	  173.1538
4.020	 2.09	 1	 -44.1003	  172.4026
4.022	 2.24	 1	 -42.6394	  173.4368
4.025	 2.51	 1	 -44.5296	  167.4382
4.030	 2.26	 1	 -41.6814	  174.1553
4.038	 2.64	 1	 -43.1052	  173.4104
4.046	 2.12	 1	 -41.8205	  174.2177
4.047	 2.24	 2	 -42.4587	  174.0434
4.066	 2.28	 1	 -42.2451	  173.6037
4.071	 2.56	 1	 -42.1062	  175.0857
4.072	 2.66	 1	 -41.8737	  173.9535
4.077	 2.16	 1	 -41.9860	  174.0502
4.080	 2.41	 1	 -41.7355	  174.3082
4.084	 2.26	 1	 -41.9249	  173.5408
4.091	 2.50	 1	 -41.7518	  174.4769
4.093	 2.15	 1	 -42.5585	  173.9445
4.099	 2.16	 1	 -42.0456	  173.9419
4.101	 2.30	 1	 -43.0515	  174.0984
4.103	 2.86	 1	 -41.9715	  173.6534
4.109	 2.20	 1	 -40.0090	  177.9310
4.140	 2.69	 1	 -42.5171	  173.2060
4.142	 2.12	 1	 -46.6792	  170.1924
4.150	 3.19	 1	 -42.0564	  173.7388
4.177	 2.00	 1	 -42.2824	  173.5355
4.179	 2.28	 1	 -42.2122	  173.5841
4.184	 2.22	 1	 -43.1028	  173.3236
4.189	 2.05	 1	 -41.1588	  171.3850
4.193	 3.43	 1	 -41.5460	  174.5354
4.203	 2.41	 1	 -42.3775	  174.0137
4.208	 2.19	 1	 -41.7969	  174.3632
4.210	 2.97	 1	 -42.3058	  173.9996
4.218	 3.03	 1	 -47.1129	  171.9005
4.218	 2.58	 2	 -42.3306	  174.0802
4.225	 2.15	 1	 -42.5905	  173.0323
4.230	 3.30	 1	 -42.2871	  173.4503
4.236	 3.20	 1	 -42.4342	  173.6811
4.237	 2.81	 1	 -42.5233	  172.9720
4.247	 2.06	 1	 -42.7103	  172.2676
4.256	 2.06	 1	 -42.1238	  173.8114
4.256	 2.03	 1	 -41.4575	  172.2576
4.272	 2.03	 1	 -42.8087	  172.6807
4.274	 2.21	 1	 -42.4488	  173.7781
4.285	 2.39	 1	 -41.7451	  174.0665
4.295	 2.20	 1	 -41.7602	  174.3861
4.298	 2.66	 1	 -42.2707	  172.9233
4.314	 3.43	 1	 -42.6250	  173.2059
4.323	 2.88	 1	 -42.4689	  173.7405
4.323	 2.01	 1	 -43.5799	  173.2209
4.326	 2.11	 1	 -47.1883	  172.9045
4.326	 2.08	 1	 -42.3338	  173.5007
4.351	 2.50	 1	 -42.7908	  173.3461
4.354	 2.23	 1	 -42.3848	  173.8357
4.364	 2.49	 1	 -42.3821	  172.7465
4.364	 2.29	 2	 -42.1426	  173.4341
4.368	 2.89	 1	 -41.7489	  174.2517
4.377	 3.42	 1	 -42.9683	  172.9091
4.434	 2.23	 1	 -41.5647	  174.5381
4.445	 3.29	 1	 -42.1132	  174.0019
4.462	 2.51	 1	 -42.2407	  173.9332
4.465	 3.35	 1	 -42.5412	  173.1502
4.468	 2.06	 1	 -42.2900	  173.5687
4.475	 2.63	 1	 -41.7309	  174.2929
4.476	 3.15	 1	 -42.9113	  174.6438
4.499	 2.23	 1	 -43.4733	  173.6942
4.524	 2.71	 1	 -42.7398	  171.2379
4.529	 2.12	 1	 -42.4131	  173.7669
4.544	 2.00	 1	 -41.8182	  174.2713
4.548	 2.76	 1	 -41.8772	  173.9785
4.556	 2.61	 1	 -43.1304	  172.3543
4.557	 2.59	 1	 -42.7379	  173.1023
4.562	 2.50	 1	 -38.9529	  169.6250
4.568	 4.13	 1	 -42.2579	  173.6489
4.569	 2.16	 1	 -42.4851	  173.1708
4.569	 2.38	 1	 -41.6603	  174.2929
4.570	 2.08	 1	 -41.7208	  174.2521
4.586	 2.26	 1	 -41.8916	  174.2020
4.589	 2.28	 1	 -42.3526	  173.9626
4.594	 2.56	 1	 -42.2230	  174.1469
4.595	 3.19	 1	 -42.4334	  173.6286
4.600	 2.51	 1	 -38.5219	  175.3091
4.602	 2.24	 1	 -43.3055	  173.1692
4.618	 2.43	 1	 -42.4108	  173.7963
4.628	 2.08	 1	 -41.9632	  173.7299
4.634	 3.17	 1	 -43.9764	  175.2472
4.653	 2.26	 1	 -42.2194	  173.5221
4.653	 2.39	 1	 -41.8107	  174.1963
4.659	 2.53	 1	 -41.6979	  174.1559
4.660	 2.26	 1	 -42.0383	  173.7373
4.663	 2.12	 1	 -42.6445	  172.5320
4.665	 2.36	 1	 -43.2570	  172.8284
4.678	 2.04	 1	 -42.6199	  172.8716
4.681	 2.28	 1	 -42.1926	  173.8427
4.681	 2.09	 1	 -45.4323	  176.6120
4.707	 2.23	 1	 -42.5653	  172.8787
4.708	 2.12	 1	 -42.2001	  173.7754
4.710	 2.13	 1	 -43.2936	  173.3974
4.713	 3.11	 1	 -42.4677	  173.7282
4.721	 2.96	 1	 -43.8411	  175.0759
4.727	 2.08	 1	 -42.6639	  172.7547
4.733	 2.24	 1	 -41.7907	  174.2075
4.742	 2.49	 1	 -43.4380	  179.0553
4.743	 3.00	 1	 -42.0613	  173.6820
4.745	 2.08	 1	 -42.1888	  174.0553
4.750	 2.40	 1	 -42.1185	  174.8346
4.750	 2.71	 1	 -42.2580	  173.6351
4.754	 2.81	 1	 -41.7655	  173.2533
4.757	 2.09	 1	 -41.6746	  174.2564
4.775	 2.43	 1	 -41.7077	  174.1226
4.778	 2.23	 1	 -42.0083	  173.5769
4.778	 2.25	 1	 -41.7038	  174.2715
4.794	 3.79	 1	 -43.3423	  172.4966
4.796	 3.40	 1	 -41.2601	  175.4543
4.806	 2.86	 1	 -43.8630	  173.3653
4.807	 2.26	 1	 -43.2698	  174.1583
4.811	 2.34	 1	 -42.3261	  173.3680
4.826	 2.04	 1	 -40.5104	  167.6730
4.836	 2.21	 1	 -42.6860	  173.0079
4.836	 2.28	 1	 -42.5874	  173.4135
4.837	 2.28	 1	 -43.1198	  171.5294
4.840	 2.20	 1	 -41.7587	  174.1413
4.842	 2.26	 1	 -42.5019	  172.2970
4.853	 2.22	 1	 -42.1359	  173.6904
4.865	 2.08	 1	 -42.9410	  172.8324
4.869	 2.91	 1	 -42.3038	  173.5517
4.872	 2.11	 1	 -42.0204	  179.0712
4.887	 3.30	 1	 -42.5921	  173.7008
4.906	 2.68	 1	 -42.3278	  172.6703
4.916	 2.06	 1	 -42.3923	  173.7470
4.916	 2.03	 1	 -41.8856	  173.9243
4.918	 2.49	 1	 -41.8182	  174.2269
4.922	 2.64	 1	 -42.2472	  173.6441
4.943	 2.06	 1	 -41.9064	  173.6043
4.950	 2.11	 1	 -42.7044	  173.1492
4.953	 2.27	 1	 -42.5872	  173.1807
4.980	 2.88	 1	 -43.1290	  173.3414
4.985	 2.25	 1	 -41.7989	  174.1758
4.985	 2.23	 1	 -42.4914	  174.6521
4.997	 2.92	 1	 -42.6997	  172.9284
5.006	 3.45	 1	 -42.2529	  173.9769
5.023	 2.37	 1	 -42.8160	  172.5087
5.029	 2.10	 1	 -41.9496	  173.7532
5.032	 2.95	 1	 -42.7283	  172.8348
5.034	 2.18	 1	 -42.9206	  172.9725
5.035	 2.42	 1	 -41.9349	  173.9525
5.039	 2.09	 1	 -43.5874	  171.5752
5.059	 2.22	 1	 -42.4493	  173.9070
5.061	 2.49	 2	 -47.1093	  174.1408
5.076	 2.25	 1	 -42.2848	  173.6192
5.077	 2.01	 3	 -42.0951	  174.0922
5.078	 2.10	 1	 -43.1300	  171.7680
5.082	 2.28	 1	 -43.6041	  172.4766
5.087	 2.40	 1	 -42.4079	  173.2959
5.088	 2.21	 1	 -42.8511	  173.4408
5.091	 2.03	 1	 -42.3956	  174.0341
5.101	 2.26	 1	 -42.4126	  173.3799
5.110	 3.24	 1	 -41.8274	  174.1082
5.139	 2.52	 1	 -42.6403	  171.3837
5.143	 2.39	 1	 -42.8567	  172.1838
5.159	 2.16	 1	 -42.3948	  172.4763
5.177	 2.31	 1	 -41.7707	  174.4049
5.180	 2.04	 1	 -42.5698	  173.0107
5.180	 2.56	 1	 -42.7000	  172.7762
5.189	 2.68	 1	 -41.7632	  171.3105
5.195	 2.12	 1	 -41.8157	  174.2079
5.208	 2.19	 1	 -42.7141	  173.1607
5.209	 2.86	 1	 -41.8846	  173.7174
5.209	 2.04	 1	 -42.0684	  173.6589
5.215	 2.71	 1	 -42.2634	  173.7309
5.223	 2.24	 1	 -41.6862	  174.3194
5.226	 2.23	 2	 -42.5606	  173.8356
5.236	 2.62	 1	 -42.4613	  173.9228
5.243	 2.56	 1	 -43.0812	  174.0926
5.248	 2.33	 1	 -41.8138	  174.5007
5.253	 2.60	 1	 -43.5516	  169.5913
5.261	 3.39	 1	 -42.4467	  173.8559
5.301	 2.13	 1	 -41.7564	  174.5113
5.308	 2.26	 1	 -41.7645	  174.1810
5.321	 2.20	 1	 -42.2397	  172.0098
5.322	 2.02	 1	 -42.5023	  172.9796
5.326	 2.53	 1	 -41.7747	  174.2755
5.356	 2.00	 1	 -42.1105	  172.9100
5.360	 2.37	 1	 -42.4378	  173.1422
5.363	 2.01	 1	 -43.2956	  170.8430
5.367	 2.67	 1	 -41.6211	  174.2035
5.370	 2.83	 1	 -42.8841	  173.0460
5.370	 2.98	 1	 -42.6721	  172.9258
5.374	 2.10	 1	 -43.6319	  174.1312
5.380	 2.80	 1	 -42.0226	  173.6523
5.382	 2.28	 1	 -42.4355	  173.7779
5.414	 2.44	 1	 -41.6642	  174.2210
5.421	 2.03	 1	 -41.0073	  174.1793
5.425	 2.14	 1	 -41.4977	  172.5059
5.428	 2.46	 1	 -41.9602	  173.6667
5.435	 2.29	 1	 -41.1118	  170.6846
5.449	 2.18	 1	 -42.4223	  173.7926
5.467	 2.16	 1	 -42.1552	  167.4362
5.476	 2.21	 1	 -42.7006	  174.0077
5.494	 2.07	 1	 -42.0294	  172.9243
5.497	 2.32	 1	 -43.1754	  172.6909
5.501	 2.18	 1	 -42.6503	  173.1342
5.503	 2.82	 1	 -42.0398	  174.0971
5.507	 2.47	 1	 -42.3027	  173.7095
5.516	 3.02	 1	 -41.7036	  174.2733
5.526	 2.29	 1	 -42.5216	  173.1721
5.535	 2.12	 1	 -41.7464	  174.1836
5.536	 3.74	 1	 -42.1442	  173.1553
5.542	 2.24	 1	 -42.8792	  172.6749
5.545	 2.52	 1	 -43.0824	  172.4339
5.580	 2.08	 1	 -43.0665	  173.1539
5.581	 2.01	 1	 -42.1576	  174.4458
5.582	 2.05	 1	 -42.3156	  173.5036
5.594	 2.97	 1	 -43.2699	  173.6550
5.595	 3.20	 1	 -42.3006	  173.5887
5.606	 2.41	 1	 -41.7790	  174.1036
5.614	 2.45	 1	 -43.0166	  172.8771
5.624	 2.09	 1	 -42.9963	  173.2719
5.663	 2.13	 1	 -42.5811	  172.4779
5.664	 2.08	 1	 -41.6944	  174.3199
5.671	 2.29	 1	 -42.0914	  173.9132
5.678	 2.62	 1	 -43.1888	  170.9245
5.683	 2.03	 1	 -42.6475	  173.0345
5.685	 2.12	 1	 -42.6516	  172.7788
5.697	 2.21	 1	 -42.0407	  173.6693
5.708	 2.04	 1	 -41.7998	  174.1847
5.720	 2.15	 1	 -42.6576	  172.9072
5.722	 3.28	 1	 -42.6415	  172.8544
5.726	 2.16	 1	 -42.0710	  173.3827
5.737	 2.82	 2	 -42.0027	  174.0436
5.737	 3.41	 1	 -43.4374	  170.7265
5.746	 2.20	 1	 -42.1195	  172.5433
5.765	 2.53	 1	 -41.7109	  174.1658
5.770	 2.95	 1	 -41.7376	  174.1865
5.785	 2.06	 1	 -41.5796	  174.0329
5.790	 2.30	 1	 -42.4006	  175.0655
5.795	 3.60	 1	 -42.0345	  173.7579
5.796	 2.58	 1	 -42.1769	  173.6007
5.797	 2.16	 2	 -42.2528	  173.6566
5.837	 2.38	 1	 -42.0254	  171.9206
5.845	 2.10	 1	 -40.8787	  173.7263
5.852	 3.05	 1	 -42.1077	  173.4535
5.855	 2.29	 1	 -43.1848	  173.2202
5.863	 2.04	 1	 -41.6756	  174.2984
5.865	 2.27	 2	 -42.2634	  174.0852
5.870	 2.37	 1	 -42.1709	  173.8217
5.889	 2.03	 1	 -42.6225	  173.5180
5.898	 2.09	 1	 -42.8726	  173.0771
5.905	 2.01	 1	 -42.5678	  172.3320
5.947	 2.32	 1	 -43.2139	  179.0987
5.971	 2.01	 1	 -41.7686	  174.2199
5.973	 2.32	 1	 -42.6232	  173.8200
5.981	 2.10	 1	 -41.8165	  174.0383
5.983	 2.31	 1	 -42.5844	  173.0228
5.985	 2.18	 1	 -42.6290	  172.9292
5.994	 2.15	 1	 -41.9321	  174.3047
5.998	 2.11	 1	 -43.0455	  170.8562
6.006	 2.59	 1	 -42.4891	  173.7154
6.019	 2.26	 1	 -42.7924	  173.1140
6.023	 2.05	 1	 -42.6342	  173.0464
6.024	 2.33	 1	 -41.8156	  173.8179
6.038	 2.68	 1	 -41.9448	  171.3147
6.047	 2.03	 1	 -41.7679	  174.2954
6.055	 2.24	 1	 -41.8550	  179.1236
6.055	 2.23	 1	 -41.7069	  174.3389
6.071	 2.51	 1	 -42.9284	  172.5400
6.088	 2.44	 1	 -42.3220	  173.9454
6.093	 2.43	 1	 -41.9689	  174.0851
6.099	 2.59	 1	 -43.4889	  172.9358
6.100	 2.35	 1	 -43.7877	  173.1791
6.109	 3.05	 1	 -42.4500	  173.8422
6.112	 3.27	 1	 -41.9897	  173.8635
6.115	 2.77	 1	 -42.8179	  173.6205
6.127	 2.10	 1	 -41.8654	  173.9165
6.147	 2.96	 1	 -43.2928	  172.9590
6.151	 2.47	 1	 -42.4092	  172.7797
6.152	 2.09	 1	 -42.1423	  173.5911
6.177	 2.37	 1	 -43.3561	  172.4109
6.181	 3.22	 1	 -42.5283	  173.1634
6.193	 3.75	 1	 -41.7796	  174.2296
6.194	 2.10	 2	 -42.5015	  173.3140
6.197	 3.01	 1	 -42.5477	  173.1544
6.199	 2.95	 1	 -42.2772	  173.7703
6.204	 2.43	 1	 -42.4032	  173.9402
6.216	 2.28	 1	 -42.2622	  173.9084
6.217	 2.02	 1	 -42.0367	  173.9896
6.230	 2.78	 1	 -42.6328	  173.5587
6.235	 2.21	 1	 -42.9513	  173.6479
6.252	 2.33	 1	 -42.3053	  173.5715
6.285	 2.74	 1	 -41.7839	  174.1469
6.304	 2.39	 1	 -42.1229	  173.6507
6.314	 3.02	 1	 -47.0670	  171.6058
6.314	 2.18	 1	 -40.7922	  173.4697
6.317	 2.05	 1	 -41.9708	  173.7131
6.319	 2.65	 1	 -42.0670	  174.3000
6.319	 2.43	 1	 -42.2735	  173.2509
6.321	 2.43	 1	 -41.7364	  174.1825
6.326	 3.72	 1	 -41.6942	  174.2390
6.342	 3.04	 1	 -41.6914	  174.2668
6.342	 2.01	 1	 -41.8056	  174.2246
6.347	 2.64	 1	 -41.7572	  174.5276
6.349	 2.40	 1	 -41.8446	  173.9581
6.360	 2.41	 1	 -41.8781	  173.9085
6.363	 2.01	 2	 -42.2165	  173.8237
6.369	 2.31	 1	 -42.3753	  174.0316
6.378	 2.50	 1	 -43.2227	  169.6510
6.386	 2.17	 1	 -41.8022	  173.4203
6.391	 2.09	 1	 -41.8097	  174.3220
6.395	 2.74	 1	 -43.2075	  173.3738
6.396	 2.25	 1	 -42.3435	  173.7222
6.402	 2.09	 1	 -42.2623	  173.5845
6.443	 2.36	 1	 -42.2581	  173.6967
6.462	 2.04	 1	 -41.9276	  174.4569
6.512	 2.17	 1	 -43.0780	  178.8353
6.542	 2.18	 1	 -42.1320	  173.6840
6.554	 2.17	 1	 -42.6811	  172.8688
6.564	 2.44	 1	 -42.3653	  173.0047
6.582	 2.02	 1	 -43.0717	  171.8356
6.608	 2.55	 1	 -42.7621	  173.4767
6.613	 2.25	 1	 -42.5304	  173.8718
6.629	 2.24	 1	 -42.4526	  174.5650
6.631	 2.11	 1	 -41.9886	  173.6286
6.631	 2.91	 1	 -42.9568	  173.5044
6.651	 5.09	 1	 -41.8048	  174.2535
6.666	 2.56	 1	 -43.2255	  173.2660
6.679	 2.69	 1	 -42.8248	  172.9958
6.685	 2.42	 1	 -42.3791	  174.0521
6.690	 2.44	 1	 -41.9917	  173.6707
6.692	 2.62	 1	 -42.2582	  173.3828
6.697	 2.12	 1	 -42.2400	  173.6547
6.717	 2.17	 1	 -42.2678	  173.5520
6.719	 2.43	 1	 -39.2989	  174.1293
6.731	 2.94	 1	 -42.8228	  171.9971
6.732	 2.17	 1	 -42.2879	  173.6943
6.740	 3.44	 1	 -42.5499	  173.0743
6.755	 2.13	 1	 -42.4770	  172.8000
6.759	 2.68	 1	 -41.6538	  174.0467
6.763	 2.24	 1	 -42.5362	  173.5827
6.772	 3.66	 1	 -41.7152	  174.2882
6.789	 3.06	 1	 -42.3013	  173.5637
6.794	 2.99	 1	 -42.9046	  172.6204
6.797	 2.72	 1	 -41.7007	  174.3039
6.801	 2.42	 1	 -42.4804	  173.1632
6.805	 3.06	 1	 -42.4991	  173.4494
6.814	 2.12	 1	 -43.2436	  173.5694
6.833	 2.37	 1	 -41.9416	  173.9827
6.864	 2.29	 1	 -41.8334	  174.1620
6.866	 3.59	 1	 -43.2200	  172.8456
6.868	 2.35	 1	 -41.7004	  174.3010
6.878	 2.27	 1	 -42.5238	  173.1183
6.880	 2.64	 1	 -42.2146	  173.7038
6.893	 2.44	 1	 -42.8832	  173.2072
6.908	 2.27	 1	 -43.7557	  173.2139
6.911	 2.75	 1	 -42.7831	  172.9339
6.913	 2.02	 1	 -42.1853	  173.7108
6.921	 2.85	 1	 -42.4143	  173.3232
6.932	 2.31	 1	 -41.8717	  174.1843
6.936	 2.34	 1	 -43.3356	  172.9878
6.941	 2.11	 1	 -42.1258	  173.5802
6.951	 2.07	 1	 -42.5000	  173.1132
6.966	 2.16	 1	 -42.2547	  173.6800
6.967	 2.12	 1	 -41.6968	  174.3142
6.973	 2.06	 1	 -42.4736	  173.0064
6.996	 2.39	 1	 -41.9474	  173.9568
7.004	 2.15	 1	 -42.1943	  173.7011
7.004	 2.08	 1	 -46.6889	  175.8266
7.015	 2.48	 1	 -41.7336	  172.7553
7.018	 2.78	 1	 -42.1114	  174.0073
7.051	 2.25	 1	 -41.7681	  174.2424
7.053	 2.19	 1	 -42.7307	  173.4417
7.072	 2.02	 1	 -42.3654	  173.8423
7.098	 2.06	 1	 -42.4600	  173.0327
7.114	 2.02	 1	 -42.3746	  173.2166
7.132	 5.22	 1	 -41.9235	  173.3046
7.137	 2.51	 1	 -42.8162	  173.3877
7.141	 3.08	 1	 -42.0743	  166.9624
7.147	 2.27	 1	 -41.7496	  174.2040
7.152	 2.29	 1	 -41.9594	  173.6623
7.171	 2.64	 1	 -42.1979	  173.6035
7.172	 2.64	 1	 -43.0732	  172.6358
7.186	 2.07	 1	 -42.4233	  171.9589
7.192	 2.43	 1	 -42.4855	  172.4134
7.193	 2.29	 1	 -42.2358	  173.4795
7.195	 2.31	 1	 -43.2354	  172.0203
7.213	 2.54	 1	 -42.4677	  174.1474
7.215	 3.19	 1	 -42.4224	  173.2053
7.222	 2.05	 1	 -41.8768	  173.9443
7.266	 2.20	 1	 -41.4215	  173.1555
7.278	 2.02	 1	 -42.2378	  173.6857
7.287	 3.29	 1	 -41.9347	  174.0834
7.293	 2.39	 1	 -42.3878	  173.9112
7.296	 2.15	 1	 -42.4182	  173.3225
7.303	 2.71	 1	 -42.6442	  172.9419
7.308	 2.01	 1	 -41.6178	  174.4636
7.309	 3.23	 1	 -41.8415	  173.6256
7.314	 2.02	 1	 -42.8240	  172.3719
7.320	 2.20	 1	 -39.3730	  174.8212
7.340	 2.09	 1	 -42.1396	  173.6571
7.342	 2.14	 1	 -44.5248	  172.5597
7.355	 2.49	 1	 -41.7229	  174.2963
7.356	 2.11	 1	 -40.8899	  170.2467
7.359	 2.14	 1	 -42.5609	  173.2087
7.410	 2.26	 1	 -42.7062	  173.3545
7.420	 2.16	 1	 -42.0329	  173.7209
7.441	 2.20	 1	 -42.4335	  173.3132
7.446	 2.08	 1	 -42.5746	  173.4735
7.449	 2.54	 1	 -41.7806	  174.3450
7.451	 2.30	 1	 -41.8218	  172.9476
7.455	 2.20	 1	 -42.2870	  173.6835
7.459	 2.60	 1	 -44.1025	  172.6110
7.462	 2.63	 1	 -43.3393	  171.8990
7.465	 2.62	 1	 -41.9273	  175.3771
7.485	 2.48	 1	 -39.4793	  177.3018
7.487	 3.52	 1	 -42.5367	  173.5347
7.489	 2.56	 1	 -42.3151	  173.5461
7.517	 2.15	 1	 -45.4751	  176.8596
7.535	 2.75	 1	 -41.6975	  174.2499
7.538	 2.67	 1	 -42.2787	  173.8851
7.541	 2.27	 1	 -41.9013	  173.2756
7.544	 2.03	 1	 -42.0525	  173.4044
7.570	 2.06	 1	 -41.5980	  167.4510
7.571	 2.41	 1	 -42.5487	  172.0230
7.584	 2.35	 1	 -42.2415	  173.8526
7.584	 2.53	 1	 -44.9192	  171.3821
7.603	 2.51	 1	 -41.7618	  174.2417
7.604	 2.02	 1	 -41.7659	  174.2250
7.611	 2.11	 1	 -42.3604	  173.6610
7.634	 2.09	 1	 -41.7012	  174.2401
7.636	 2.20	 1	 -42.9350	  171.8070
7.657	 2.27	 1	 -42.4803	  171.7931
7.666	 2.24	 1	 -42.1731	  173.4294
7.667	 2.49	 1	 -42.1238	  172.5627
7.682	 3.61	 1	 -42.5225	  173.0865
7.705	 2.46	 1	 -42.7341	  171.0652
7.708	 2.36	 1	 -41.7898	  174.4296
7.751	 2.61	 1	 -42.7155	  173.7999
7.753	 2.27	 1	 -42.2165	  173.7087
7.755	 2.02	 1	 -42.3160	  171.9290
7.779	 2.15	 1	 -42.9583	  172.1578
7.791	 2.40	 1	 -42.2717	  173.6842
7.822	 2.01	 1	 -43.2549	  171.7640
7.831	 2.18	 1	 -38.2122	  172.5030
7.866	 2.07	 1	 -42.2483	  173.6051
7.867	 2.45	 1	 -42.2998	  172.7887
7.868	 2.30	 1	 -42.6745	  172.8180
7.888	 3.22	 1	 -43.1107	  172.5906
7.893	 2.22	 1	 -41.6218	  174.5755
7.897	 2.44	 1	 -43.4249	  170.4510
7.900	 2.09	 1	 -42.3436	  173.8865
7.908	 4.26	 1	 -42.5335	  173.0518
7.918	 2.71	 1	 -41.7231	  174.3057
7.933	 2.03	 1	 -43.8766	  173.5193
7.938	 2.75	 1	 -42.3902	  173.6643
7.965	 2.38	 2	 -42.2651	  173.9611
7.975	 2.37	 1	 -42.2394	  173.6154
7.982	 2.98	 1	 -42.5618	  173.6538
8.025	 2.73	 1	 -42.0402	  173.7547
8.029	 2.00	 1	 -42.6297	  172.9913
8.037	 3.12	 1	 -42.4739	  174.0466
8.087	 2.68	 1	 -42.0035	  173.6901
8.208	 2.50	 1	 -43.3075	  170.9530
8.214	 2.32	 1	 -41.5834	  174.3601
8.263	 2.03	 1	 -42.6076	  173.4113
8.274	 2.21	 1	 -42.6087	  172.8227
8.298	 2.39	 1	 -42.4208	  173.0196
8.307	 2.10	 1	 -42.2506	  173.7550
8.314	 2.49	 2	 -41.2735	  175.4374
8.316	 2.10	 1	 -42.3426	  174.0164
8.364	 3.72	 1	 -42.3105	  173.6664
8.365	 2.31	 1	 -39.2758	  169.0680
8.366	 3.22	 1	 -41.6502	  174.2129
8.421	 2.14	 1	 -42.2595	  173.7139
8.442	 2.95	 1	 -41.7383	  174.2132
8.479	 2.39	 1	 -42.0234	  173.8932
8.479	 2.61	 1	 -42.5019	  173.1150
8.481	 2.19	 1	 -42.1401	  173.6152
8.491	 3.69	 1	 -42.0513	  172.5195
8.496	 2.39	 1	 -42.5757	  171.7231
8.515	 2.73	 1	 -41.8135	  174.2779
8.538	 3.01	 1	 -43.5934	  172.9319
8.565	 2.73	 2	 -41.9457	  173.2448
8.583	 2.40	 1	 -43.8489	  171.7071
8.610	 2.34	 1	 -43.1024	  178.5840
8.614	 3.11	 1	 -41.6778	  174.3651
8.617	 2.48	 2	 -42.5069	  174.1240
8.623	 2.43	 1	 -42.0035	  173.9939
8.628	 3.65	 1	 -42.0516	  173.6900
8.640	 2.39	 1	 -43.6136	  174.3189
8.641	 2.08	 1	 -42.8681	  173.2284
8.645	 2.37	 1	 -41.3561	  174.8407
8.647	 2.33	 1	 -43.1304	  173.5922
8.648	 2.43	 1	 -41.7874	  174.2189
8.680	 2.24	 1	 -42.1561	  173.9834
8.691	 2.87	 1	 -41.5136	  174.2798
8.726	 2.44	 1	 -41.7393	  173.9779
8.736	 2.15	 1	 -41.9689	  173.4504
8.740	 3.32	 1	 -41.7653	  171.9474
8.740	 2.23	 1	 -42.3404	  173.8798
8.750	 2.22	 1	 -42.1907	  173.5455
8.785	 3.87	 1	 -42.3233	  174.4953
8.813	 2.53	 1	 -42.0870	  173.6447
8.816	 2.37	 1	 -41.9422	  173.8176
8.819	 2.00	 1	 -41.6667	  174.4523
8.823	 2.43	 1	 -46.6884	  175.4276
8.850	 2.01	 1	 -42.7622	  173.3769
8.863	 2.04	 1	 -41.7194	  174.3412
8.868	 2.40	 1	 -42.5837	  173.4315
8.895	 2.28	 1	 -41.9539	  173.9198
8.895	 3.31	 1	 -39.1968	  176.6196
8.898	 2.77	 1	 -42.2549	  172.9391
8.903	 2.17	 1	 -42.3758	  173.9618
8.920	 2.09	 1	 -42.7138	  172.9325
8.921	 2.21	 1	 -41.9722	  174.0258
8.940	 2.87	 1	 -43.8065	  174.9570
8.944	 2.92	 1	 -41.9934	  174.0966
8.950	 2.23	 1	 -42.1450	  174.2232
8.991	 2.24	 1	 -41.7577	  174.2962
9.007	 2.24	 1	 -42.5110	  173.8152
9.022	 3.46	 1	 -43.4940	  173.1655
9.023	 2.41	 1	 -41.7240	  174.2099
9.037	 2.19	 1	 -43.1700	  173.3339
9.048	 2.19	 1	 -41.8108	  174.1382
9.055	 2.13	 1	 -42.5125	  172.6829
9.057	 2.09	 1	 -43.3149	  179.0811
9.066	 2.08	 1	 -41.6880	  174.4080
9.074	 2.13	 1	 -42.2982	  173.8294
9.078	 2.28	 1	 -42.6849	  172.7719
9.098	 2.27	 1	 -42.1952	  174.2768
9.138	 2.46	 1	 -42.3328	  172.8910
9.223	 2.26	 1	 -42.1390	  173.9949
9.223	 2.68	 1	 -42.0821	  173.6779
9.227	 2.07	 1	 -42.8917	  173.3926
9.243	 2.40	 1	 -41.5399	  172.6036
9.257	 2.17	 1	 -41.7878	  174.4038
9.270	 3.80	 1	 -41.4558	  173.2630
9.278	 2.04	 1	 -42.2170	  173.5236
9.285	 2.26	 1	 -42.8041	  175.5622
9.289	 2.71	 1	 -42.3215	  173.7971
9.304	 2.63	 1	 -42.9938	  172.1631
9.336	 2.02	 1	 -42.9457	  172.2907
9.346	 4.75	 1	 -41.7066	  174.3043
9.356	 2.74	 1	 -42.4777	  173.5905
9.373	 2.98	 1	 -41.7471	  174.1870
9.395	 2.49	 1	 -43.0039	  172.0647
9.409	 2.06	 1	 -42.1658	  173.6264
9.415	 2.06	 1	 -42.4794	  173.8068
9.437	 2.93	 1	 -46.6623	  170.1487
9.447	 2.98	 1	 -41.9638	  173.7763
9.516	 2.14	 1	 -42.3145	  174.0633
9.527	 2.07	 1	 -42.0157	  173.6932
9.570	 2.22	 1	 -42.2446	  173.6284
9.604	 2.11	 1	 -46.6144	  176.0149
9.612	 2.27	 1	 -42.5952	  172.7542
9.620	 2.37	 1	 -42.3354	  173.4474
9.648	 2.54	 1	 -42.0319	  173.6223
9.666	 2.15	 1	 -42.2634	  173.6288
9.670	 2.03	 1	 -42.7638	  173.6500
9.677	 2.75	 1	 -40.8860	  178.6245
9.697	 2.31	 1	 -42.9953	  174.3800
9.712	 2.10	 1	 -42.3500	  173.4827
9.727	 2.18	 1	 -41.6735	  174.2009
9.754	 3.67	 1	 -42.2554	  172.8970
9.760	 2.06	 1	 -41.6209	  174.2524
9.763	 2.77	 3	 -41.8798	  174.2590
9.791	 2.32	 1	 -42.1707	  173.7985
9.792	 2.08	 1	 -41.7568	  174.3419
9.822	 2.16	 1	 -42.6371	  173.1811
9.836	 2.37	 1	 -42.2677	  173.8131
9.849	 2.17	 1	 -42.5510	  172.2793
9.867	 2.34	 1	 -41.8648	  173.3538
9.899	 2.01	 1	 -40.9665	  173.8307
9.901	 2.50	 1	 -41.9434	  173.8835
9.917	 2.47	 1	 -41.9484	  173.6913
9.945	 2.09	 1	 -43.3522	  172.7718
9.947	 2.44	 1	 -42.1585	  173.8678
9.957	 2.03	 1	 -42.7224	  173.8203
9.969	 2.72	 1	 -42.2571	  173.5906
9.972	 2.05	 1	 -42.0696	  173.7172
9.974	 4.22	 1	 -42.7560	  174.2144
10.009	 3.61	 1	 -42.3397	  173.9914
10.017	 2.63	 1	 -45.1655	  172.1474
10.022	 2.12	 1	 -42.2349	  173.5882
10.028	 2.61	 1	 -42.5437	  173.1428
10.034	 2.10	 1	 -42.3656	  173.0987
10.039	 2.36	 2	 -42.1186	  174.0078
10.050	 2.20	 1	 -42.4982	  173.2670
10.050	 2.16	 1	 -42.5938	  173.4288
10.050	 2.03	 1	 -42.4660	  173.1278
10.085	 2.63	 1	 -41.8194	  174.4306
10.117	 2.23	 1	 -41.6816	  174.1322
10.126	 2.30	 1	 -42.0622	  172.3349
10.155	 3.02	 1	 -42.8136	  174.1776
10.157	 4.66	 1	 -42.2231	  173.9890
10.191	 2.24	 1	 -42.4911	  173.2775
10.197	 3.18	 1	 -42.0065	  173.9313
10.197	 2.16	 1	 -41.7127	  174.0634
10.210	 2.03	 1	 -45.6260	  173.4603
10.219	 2.16	 1	 -42.4960	  172.7428
10.231	 3.02	 1	 -41.7863	  174.2343
10.284	 2.44	 1	 -39.7743	  171.7480
10.287	 2.13	 1	 -42.4010	  173.9836
10.305	 2.08	 1	 -42.4378	  174.0526
10.317	 2.86	 1	 -42.9476	  173.8685
10.325	 2.24	 1	 -44.3665	  174.9951
10.342	 2.51	 1	 -41.3394	  172.2177
10.371	 2.07	 1	 -41.7204	  174.3306
10.372	 2.34	 1	 -41.7868	  174.1966
10.390	 2.10	 1	 -42.6828	  170.6814
10.397	 2.83	 1	 -41.8082	  174.2198
10.414	 2.53	 1	 -42.4486	  173.1732
10.425	 2.45	 1	 -42.6550	  173.1445
10.447	 2.49	 1	 -41.6645	  174.3679
10.460	 2.15	 1	 -42.4503	  173.3787
10.468	 2.25	 1	 -41.8280	  174.2505
10.470	 2.06	 1	 -42.8375	  173.4693
10.509	 3.27	 1	 -42.3801	  173.7947
10.532	 3.04	 1	 -41.6001	  174.3292
10.532	 2.01	 1	 -40.0238	  168.0983
10.551	 3.09	 1	 -42.3164	  173.6832
10.552	 2.09	 1	 -42.5470	  172.9243
10.557	 2.07	 1	 -42.3641	  173.4969
10.619	 2.16	 1	 -43.4412	  172.6786
10.641	 2.33	 1	 -42.1475	  173.6874
10.645	 2.60	 1	 -45.5006	  168.2440
10.661	 2.11	 1	 -42.6724	  172.9174
10.667	 2.07	 1	 -42.1030	  173.6327
10.683	 2.47	 1	 -42.8909	  172.7592
10.699	 2.05	 1	 -43.0357	  172.9496
10.709	 2.79	 1	 -39.4098	  168.8413
10.734	 2.13	 1	 -41.2246	  172.3981
10.748	 3.21	 1	 -42.2575	  173.7237
10.772	 2.85	 1	 -42.8955	  172.8315
10.774	 2.77	 1	 -41.7655	  174.1182
10.803	 2.16	 1	 -42.4365	  173.6898
10.820	 2.06	 1	 -43.5182	  171.8468
10.826	 2.71	 1	 -41.8236	  173.5857
10.839	 2.11	 1	 -42.5424	  172.7796
10.865	 2.14	 1	 -42.2549	  173.9408
10.903	 2.20	 1	 -41.7366	  174.3564
10.997	 2.04	 1	 -42.2905	  174.1995
11.050	 2.28	 1	 -42.7077	  173.0360
11.062	 2.20	 1	 -42.5336	  173.3130
11.078	 2.32	 1	 -42.4061	  171.0517
11.079	 3.02	 1	 -42.7180	  173.0133
11.086	 2.02	 1	 -41.6564	  174.1445
11.094	 2.10	 1	 -41.7956	  174.0677
11.098	 2.14	 1	 -42.2409	  173.6297
11.108	 2.30	 1	 -41.9227	  173.8901
11.113	 2.15	 1	 -43.0378	  174.5798
11.126	 2.15	 1	 -41.9710	  173.9535
11.144	 2.52	 1	 -42.2050	  173.7149
11.144	 2.17	 1	 -41.6612	  172.4152
11.168	 2.87	 1	 -42.6383	  172.6261
11.172	 2.31	 1	 -42.4424	  173.7495
11.191	 2.33	 1	 -42.3163	  173.9003
11.203	 2.25	 1	 -42.3331	  173.8835
11.227	 2.30	 1	 -42.3795	  173.9249
11.275	 2.45	 1	 -42.0188	  173.5297
11.293	 2.09	 1	 -41.5484	  171.3611
11.295	 2.26	 1	 -42.4620	  169.3588
11.296	 2.31	 1	 -42.4938	  173.7867
11.302	 2.53	 1	 -41.9591	  174.0597
11.305	 2.63	 1	 -42.0764	  173.6689
11.319	 2.07	 1	 -42.7229	  173.0909
11.343	 2.04	 1	 -42.3678	  173.4985
11.363	 3.10	 1	 -43.8288	  174.9180
11.406	 2.43	 1	 -41.8956	  172.5755
11.413	 2.66	 1	 -41.9414	  173.7122
11.459	 2.03	 1	 -39.0918	  172.0559
11.473	 2.57	 1	 -42.1914	  173.4577
11.481	 2.66	 1	 -42.4939	  173.1765
11.533	 2.10	 1	 -41.9817	  172.7080
11.534	 2.15	 2	 -41.8587	  172.2015
11.564	 2.35	 1	 -42.2315	  173.4601
11.576	 2.60	 1	 -42.5207	  173.1416
11.581	 2.22	 1	 -42.3067	  173.1367
11.589	 2.59	 1	 -44.3546	  176.2663
11.597	 2.37	 1	 -41.9413	  173.7231
11.609	 2.74	 1	 -42.6725	  173.1424
11.610	 2.62	 1	 -42.1996	  173.6116
11.634	 2.48	 1	 -41.7468	  174.3415
11.674	 2.83	 1	 -42.9487	  173.3008
11.687	 2.13	 1	 -42.5106	  174.3023
11.687	 2.85	 1	 -41.9567	  173.6956
11.701	 2.19	 1	 -39.1398	  172.6685
11.819	 2.06	 1	 -40.4380	  168.2602
11.851	 2.23	 1	 -42.6523	  172.8235
11.858	 2.19	 1	 -42.6869	  172.8098
11.863	 2.11	 1	 -42.4960	  173.3134
11.867	 2.12	 1	 -42.2926	  173.5206
11.894	 2.94	 1	 -42.1787	  173.5190
11.898	 2.04	 1	 -42.3118	  173.7392
11.910	 2.08	 1	 -41.5223	  172.6140
11.921	 2.41	 1	 -41.7143	  174.2229
11.939	 3.55	 1	 -42.6645	  172.6951
12.055	 2.28	 1	 -41.8520	  173.9876
12.081	 2.37	 1	 -42.4183	  174.7295
12.103	 2.81	 1	 -42.1216	  174.2644
12.113	 2.21	 1	 -41.9147	  174.2406
12.128	 3.20	 1	 -42.9631	  172.7952
12.131	 2.37	 1	 -41.0722	  174.6123
12.135	 2.22	 1	 -42.6955	  173.8249
12.135	 2.05	 1	 -42.6108	  172.8991
12.149	 2.69	 1	 -41.7766	  174.2097
12.229	 2.49	 1	 -44.0297	  171.7306
12.239	 2.24	 1	 -42.5132	  173.1016
12.240	 2.33	 1	 -42.3360	  173.2330
12.256	 2.02	 1	 -42.7357	  172.9167
12.260	 2.05	 1	 -41.7234	  174.2170
12.313	 2.91	 1	 -41.9578	  173.6765
12.348	 2.06	 1	 -41.9593	  174.2000
12.364	 2.92	 1	 -41.7050	  174.2844
12.365	 2.03	 1	 -41.9449	  174.2504
12.396	 2.37	 1	 -42.5655	  172.8972
12.400	 2.42	 1	 -41.6457	  174.1564
12.406	 2.10	 1	 -41.6681	  174.3413
12.407	 2.80	 1	 -45.3541	  177.9531
12.436	 3.14	 1	 -41.8896	  173.7436
12.438	 2.16	 1	 -41.7742	  174.2651
12.500	 2.15	 1	 -41.9893	  173.7627
12.516	 2.87	 1	 -42.1797	  172.5704
12.520	 2.08	 1	 -41.6907	  174.1799
12.527	 2.51	 1	 -38.7513	  170.0768
12.551	 2.17	 1	 -42.9288	  173.2585
12.551	 2.54	 1	 -42.6137	  172.9743
12.554	 2.71	 1	 -43.1838	  173.9917
12.570	 2.41	 1	 -42.5982	  175.2870
12.595	 3.01	 1	 -42.6637	  172.3661
12.599	 2.71	 1	 -41.4158	  178.8882
12.614	 2.73	 1	 -42.3877	  172.9877
12.637	 2.24	 1	 -42.1397	  173.4023
12.655	 4.78	 1	 -42.5132	  167.1120
12.710	 2.69	 1	 -42.1547	  173.6440
12.745	 2.53	 1	 -44.0804	  172.4303
12.748	 2.03	 1	 -41.5491	  174.4370
12.779	 2.29	 1	 -44.1081	  172.6990
12.836	 2.30	 1	 -42.0344	  173.6755
12.850	 2.61	 1	 -42.4246	  173.3298
12.854	 2.17	 1	 -42.0518	  173.7581
12.862	 2.42	 1	 -40.1652	  170.2049
12.879	 2.15	 1	 -42.8608	  173.4897
12.914	 2.14	 1	 -42.7068	  172.7422
12.917	 2.08	 1	 -42.6028	  174.0050
12.993	 2.51	 1	 -43.0503	  172.9585
13.018	 2.44	 2	 -42.9771	  172.9666
13.018	 2.16	 1	 -41.3815	  173.3897
13.113	 2.11	 1	 -43.4602	  173.6758
13.120	 2.29	 2	 -42.3100	  174.0884
13.121	 2.46	 1	 -41.7159	  174.2030
13.129	 2.04	 1	 -43.3247	  173.5297
13.130	 2.48	 1	 -41.9397	  173.6881
13.142	 2.14	 1	 -42.8033	  172.9204
13.154	 2.11	 1	 -42.4918	  173.5086
13.186	 2.27	 1	 -43.2946	  174.5002
13.189	 2.02	 1	 -42.6542	  172.7940
13.208	 2.24	 1	 -42.8703	  170.9172
13.226	 2.65	 1	 -42.1416	  173.5802
13.249	 2.07	 1	 -42.0599	  173.7132
13.253	 2.84	 1	 -42.1313	  173.8203
13.255	 2.09	 1	 -42.1597	  174.2573
13.286	 2.08	 1	 -41.8152	  174.4165
13.351	 2.03	 1	 -43.5316	  173.4037
13.358	 2.42	 1	 -43.0283	  172.9341
13.433	 3.30	 1	 -42.5618	  172.8816
13.443	 3.37	 1	 -45.8470	  168.6623
13.448	 2.25	 1	 -42.3051	  173.3640
13.454	 2.22	 1	 -41.9775	  174.0476
13.496	 2.72	 1	 -42.3421	  173.9593
13.497	 2.44	 1	 -41.7986	  174.1832
13.540	 3.16	 1	 -41.7712	  174.1337
13.558	 2.37	 1	 -42.9777	  173.1206
13.570	 2.92	 1	 -42.5527	  170.8433
13.572	 2.23	 1	 -42.1393	  172.2679
13.599	 2.16	 1	 -42.5340	  171.5690
13.609	 2.34	 1	 -41.7616	  174.2092
13.641	 2.79	 1	 -42.4146	  174.1883
13.643	 2.71	 1	 -43.0932	  172.0921
13.666	 2.03	 1	 -42.4579	  173.6564
13.679	 2.60	 1	 -41.7161	  174.2649
13.694	 3.27	 1	 -42.0583	  173.8611
13.705	 2.57	 1	 -42.3717	  172.9325
13.712	 2.02	 1	 -42.7753	  173.2978
13.714	 2.28	 1	 -42.1682	  173.5815
13.799	 2.00	 1	 -42.1681	  172.0248
13.855	 2.27	 1	 -43.1568	  173.4130
13.884	 2.27	 1	 -42.2956	  173.6680
13.887	 2.53	 1	 -42.2729	  173.6005
13.908	 2.55	 1	 -42.5192	  173.1998
13.954	 2.53	 1	 -42.2843	  173.4910
13.962	 2.40	 1	 -42.4288	  173.4032
13.963	 2.48	 1	 -41.4274	  174.0758
13.985	 3.27	 1	 -42.2598	  173.6534
13.990	 2.09	 1	 -44.7982	  173.3049
14.002	 2.03	 1	 -41.6035	  172.9520
14.037	 2.72	 1	 -43.2390	  167.8522
14.048	 2.00	 1	 -41.9897	  174.0135
14.144	 2.34	 1	 -43.1409	  173.3957
14.145	 2.58	 1	 -42.7290	  175.4397
14.148	 2.30	 1	 -43.4138	  174.5957
14.179	 2.38	 1	 -42.6489	  172.1002
14.229	 2.03	 1	 -41.8198	  174.1721
14.257	 2.04	 1	 -42.3511	  173.4871
14.257	 2.03	 1	 -42.7087	  172.7708
14.267	 2.42	 1	 -41.8199	  174.2019
14.294	 2.20	 1	 -41.5092	  174.3319
14.309	 2.02	 1	 -42.4689	  173.7835
14.380	 2.04	 1	 -41.7803	  173.9724
14.387	 2.10	 1	 -41.8161	  174.0425
14.408	 2.24	 1	 -42.2478	  173.6216
14.413	 3.23	 1	 -44.0162	  171.7874
14.415	 2.15	 1	 -42.0770	  173.3226
14.474	 2.12	 1	 -42.6177	  172.9263
14.491	 2.29	 1	 -42.9172	  174.8759
