# Simulation 883
# RelativeTime(days) Magnitude Generation Latitude Longitude
Time Mag Gen Lat Lon
7.010	 2.25	 1	 -42.3615	  173.4431
7.016	 2.41	 1	 -42.7938	  173.1916
7.018	 2.76	 1	 -41.6703	  174.2574
7.023	 2.11	 1	 -43.1335	  172.5915
7.029	 2.32	 1	 -42.4134	  173.7579
7.035	 2.31	 1	 -42.7303	  172.6927
7.039	 2.20	 1	 -42.5667	  173.5315
7.042	 2.56	 1	 -43.0463	  173.5486
7.045	 2.11	 1	 -42.4238	  173.2237
7.050	 2.15	 1	 -42.7864	  170.6503
7.051	 2.49	 1	 -43.5182	  173.4595
7.067	 2.61	 1	 -43.1114	  173.4645
7.068	 2.05	 1	 -42.2330	  172.5681
7.070	 2.28	 1	 -43.3933	  173.6979
7.078	 2.49	 1	 -43.3086	  173.4412
7.078	 2.13	 1	 -42.9580	  172.9532
7.081	 2.43	 1	 -45.5767	  177.7157
7.085	 2.77	 1	 -43.0502	  168.6965
7.089	 2.22	 1	 -42.9727	  173.3588
7.097	 2.41	 1	 -42.6855	  172.7327
7.097	 2.53	 1	 -43.2743	  172.5167
7.102	 2.04	 1	 -42.9259	  172.2768
7.109	 2.36	 1	 -42.1005	  173.6880
7.109	 2.53	 1	 -42.3681	  172.5222
7.111	 2.14	 1	 -42.1735	  172.4554
7.115	 2.07	 1	 -42.2295	  173.5625
7.116	 2.31	 1	 -42.2148	  173.0726
7.132	 4.14	 1	 -41.5694	  174.5586
7.137	 2.30	 1	 -46.0182	  171.5928
7.142	 2.14	 1	 -41.7526	  174.2746
7.144	 2.13	 1	 -42.6764	  172.9375
7.147	 3.17	 1	 -42.0347	  174.4235
7.159	 2.46	 1	 -42.1488	  173.5707
7.164	 2.47	 1	 -42.5355	  174.0732
7.171	 2.10	 1	 -43.0882	  173.0212
7.172	 3.55	 1	 -44.1000	  174.1105
7.178	 2.38	 1	 -42.6691	  172.7932
7.180	 2.64	 1	 -38.3134	  171.6330
7.184	 2.95	 1	 -42.3457	  173.1203
7.187	 2.01	 1	 -42.6787	  173.4311
7.191	 2.89	 1	 -42.6082	  172.9988
7.192	 2.67	 1	 -42.7194	  173.2702
7.195	 2.14	 1	 -42.4084	  173.3624
7.204	 2.18	 1	 -42.8094	  173.6073
7.209	 2.00	 1	 -42.2423	  173.6074
7.210	 2.05	 1	 -41.7497	  174.2901
7.213	 2.30	 1	 -41.7779	  174.3237
7.221	 2.03	 1	 -42.8339	  173.4663
7.225	 2.35	 1	 -42.5058	  172.7045
7.225	 2.38	 1	 -42.5319	  172.7921
7.227	 2.58	 1	 -42.3926	  173.4646
7.227	 2.08	 1	 -42.9514	  179.1298
7.231	 2.16	 1	 -38.5934	  175.5370
7.232	 2.76	 1	 -42.5754	  173.1348
7.235	 2.00	 1	 -43.2738	  179.0886
7.239	 2.61	 1	 -43.0244	  173.3255
7.239	 2.10	 1	 -42.6787	  173.0464
7.245	 2.13	 1	 -42.2312	  173.3819
7.251	 2.49	 1	 -42.7019	  172.9783
7.253	 2.12	 1	 -42.9731	  172.5731
7.256	 2.01	 1	 -41.9706	  173.6965
7.257	 2.13	 1	 -42.7233	  172.6671
7.260	 2.18	 1	 -42.4486	  173.4847
7.273	 2.10	 1	 -43.2327	  173.2100
7.276	 2.87	 1	 -43.5388	  172.9542
7.278	 2.46	 1	 -42.3055	  174.0052
7.280	 2.37	 1	 -43.3759	  172.6396
7.297	 2.13	 1	 -44.1674	  169.3733
7.297	 2.18	 1	 -41.7590	  174.2616
7.298	 2.25	 1	 -42.1699	  173.5575
7.311	 2.45	 1	 -42.7367	  174.4203
7.315	 2.20	 1	 -43.1757	  173.2101
7.317	 2.91	 1	 -41.7475	  173.9734
7.322	 2.11	 1	 -44.2419	  169.7679
7.329	 2.20	 1	 -43.0621	  174.1991
7.335	 2.03	 1	 -42.2620	  173.3451
7.343	 2.71	 1	 -42.5391	  173.3342
7.345	 2.17	 1	 -43.3541	  173.0413
7.350	 2.02	 1	 -42.8370	  172.9908
7.352	 2.12	 1	 -46.0151	  177.1341
7.363	 2.20	 1	 -41.9832	  173.7392
7.365	 2.29	 1	 -42.9346	  173.0793
7.366	 2.01	 1	 -42.4851	  174.0190
7.367	 2.08	 1	 -42.7842	  172.5752
7.388	 2.73	 1	 -42.2395	  173.4051
7.389	 2.07	 1	 -42.6830	  173.1022
7.390	 3.49	 1	 -41.5474	  174.4061
7.390	 2.19	 1	 -41.9677	  173.3152
7.392	 2.02	 1	 -42.2829	  172.9524
7.394	 2.36	 1	 -42.9203	  173.0845
7.395	 3.45	 1	 -42.6368	  173.2031
7.395	 2.67	 1	 -43.0417	  172.7080
7.397	 2.01	 1	 -43.4488	  173.2195
7.404	 2.64	 1	 -42.3540	  173.9069
7.405	 2.19	 1	 -41.8200	  174.2732
7.415	 2.12	 1	 -42.7548	  173.2380
7.417	 2.07	 1	 -42.7210	  173.4065
7.417	 2.00	 1	 -41.8834	  174.1588
7.421	 2.01	 1	 -42.8071	  173.0851
7.432	 2.28	 1	 -42.2763	  173.8246
7.435	 2.24	 1	 -42.1818	  172.8053
7.435	 2.10	 1	 -43.2149	  173.7206
7.436	 2.30	 1	 -41.6985	  174.4222
7.445	 2.16	 1	 -42.2843	  173.6428
7.452	 2.66	 1	 -40.7264	  173.5682
7.472	 2.58	 1	 -42.3929	  173.7318
7.476	 2.57	 2	 -41.6041	  174.5705
7.484	 2.24	 1	 -42.5669	  173.7416
7.486	 3.41	 1	 -43.1895	  174.6155
7.490	 2.67	 1	 -41.6225	  173.9925
7.491	 4.12	 1	 -42.2806	  173.6751
7.492	 2.21	 1	 -46.7906	  170.5964
7.493	 2.11	 2	 -43.0762	  173.0252
7.507	 2.00	 1	 -46.8818	  175.2449
7.514	 2.49	 1	 -42.4633	  174.2197
7.517	 2.09	 1	 -42.3176	  173.6528
7.520	 2.87	 1	 -38.9601	  169.6104
7.528	 2.02	 1	 -42.7232	  172.6604
7.534	 2.62	 1	 -42.0319	  173.5033
7.535	 2.50	 1	 -41.6153	  171.8635
7.539	 2.86	 1	 -42.9036	  173.4589
7.544	 2.69	 1	 -41.7433	  174.2895
7.548	 2.46	 1	 -42.6841	  173.0377
7.553	 2.55	 1	 -41.4950	  172.8244
7.553	 3.37	 1	 -42.6721	  172.5156
7.556	 2.67	 1	 -42.3807	  174.3517
7.561	 2.23	 1	 -41.9658	  173.5797
7.561	 3.02	 1	 -41.5650	  173.7632
7.573	 2.14	 1	 -42.4078	  173.7755
7.577	 2.06	 1	 -41.5214	  174.0409
7.586	 2.37	 1	 -41.9532	  173.1575
7.589	 2.03	 1	 -43.1895	  172.1896
7.591	 4.09	 1	 -41.6406	  172.2671
7.591	 2.35	 1	 -42.1614	  174.0789
7.600	 2.02	 1	 -43.2072	  172.4804
7.605	 3.21	 1	 -38.9920	  176.4977
7.607	 2.04	 1	 -44.9202	  169.3570
7.607	 2.02	 2	 -41.9896	  173.2927
7.613	 2.99	 1	 -43.7417	  175.7517
7.634	 2.27	 1	 -42.2559	  173.7238
7.635	 2.47	 1	 -42.6153	  173.4322
7.637	 2.50	 1	 -42.6688	  171.2819
7.641	 2.19	 1	 -42.0301	  172.8071
7.658	 2.31	 1	 -41.2529	  171.9926
7.664	 2.16	 1	 -42.2458	  173.3398
7.671	 2.02	 1	 -42.7995	  172.9808
7.671	 2.25	 1	 -42.2051	  173.5919
7.674	 2.64	 1	 -41.8831	  173.9196
7.675	 2.21	 1	 -42.7838	  171.7110
7.682	 2.63	 1	 -42.6394	  173.1454
7.696	 2.18	 1	 -43.0347	  173.5618
7.698	 2.17	 1	 -41.4294	  171.6853
7.699	 2.09	 1	 -42.5751	  172.8003
7.704	 2.18	 1	 -42.1521	  173.6724
7.705	 2.52	 1	 -41.7393	  174.1829
7.719	 2.08	 1	 -43.2068	  173.0465
7.721	 2.31	 1	 -42.5764	  173.1058
7.722	 2.93	 1	 -42.8012	  171.2439
7.724	 2.17	 1	 -42.7325	  172.7731
7.725	 3.16	 1	 -43.2621	  173.1209
7.729	 3.12	 1	 -40.9581	  174.6263
7.729	 2.30	 1	 -45.6842	  169.9952
7.740	 2.42	 1	 -42.9404	  173.3361
7.743	 2.56	 1	 -41.6856	  174.2178
7.743	 2.18	 1	 -42.5856	  172.5522
7.748	 2.10	 1	 -42.6601	  174.3356
7.753	 2.12	 1	 -42.9001	  172.5698
7.763	 2.16	 1	 -42.9767	  173.1266
7.767	 2.03	 1	 -42.3199	  173.3203
7.774	 2.14	 1	 -43.1532	  173.3483
7.779	 2.17	 1	 -42.1863	  173.3932
7.785	 2.68	 1	 -42.5469	  173.0983
7.789	 2.01	 1	 -42.1651	  173.6279
7.795	 2.08	 1	 -41.5446	  169.6243
7.796	 2.24	 1	 -42.3289	  174.4081
7.809	 3.00	 1	 -43.3901	  173.2934
7.810	 2.09	 1	 -42.4494	  173.6419
7.811	 2.17	 1	 -41.3807	  171.9549
7.819	 4.55	 1	 -41.7735	  174.3204
7.826	 5.08	 1	 -42.9416	  172.0089
7.826	 2.06	 2	 -42.9417	  172.0104
7.828	 2.95	 1	 -41.8752	  174.1942
7.840	 2.05	 1	 -42.3064	  173.0745
7.843	 3.21	 1	 -43.5540	  171.8874
7.846	 2.29	 2	 -42.9631	  172.0176
7.847	 4.03	 2	 -42.9542	  172.0932
7.848	 2.07	 2	 -42.9395	  172.0194
7.854	 2.63	 2	 -41.7693	  174.3148
7.858	 2.24	 1	 -41.9106	  174.1128
7.862	 2.05	 1	 -43.0739	  173.0614
7.863	 2.02	 1	 -41.9957	  171.6318
7.866	 2.75	 1	 -42.1832	  173.5725
7.879	 2.19	 1	 -42.5087	  173.4232
7.880	 2.78	 2	 -42.5925	  170.8264
7.882	 2.28	 1	 -42.3289	  173.3543
7.883	 2.41	 2	 -41.8068	  174.2704
7.885	 2.44	 1	 -41.5276	  173.2886
7.886	 2.02	 1	 -42.9618	  173.2114
7.887	 2.65	 2	 -41.7505	  174.3277
7.888	 2.02	 1	 -43.3943	  167.9719
7.893	 2.54	 1	 -42.3204	  173.5472
7.899	 2.02	 1	 -43.7852	  173.9130
7.901	 2.12	 3	 -42.9332	  172.0233
7.903	 2.04	 1	 -43.5264	  173.6963
7.904	 2.51	 2	 -42.9126	  172.0009
7.907	 2.08	 2	 -41.7626	  174.3303
7.910	 2.02	 1	 -42.7063	  172.8417
7.914	 2.26	 2	 -41.7688	  174.3273
7.915	 2.02	 1	 -42.8589	  166.9085
7.917	 2.53	 1	 -42.1626	  173.4542
7.918	 2.77	 2	 -42.9438	  171.9964
7.922	 2.95	 2	 -42.9606	  171.8708
7.928	 2.09	 1	 -42.4428	  173.2249
7.928	 2.69	 1	 -44.1470	  173.0305
7.933	 2.61	 1	 -41.8924	  173.2287
7.934	 2.41	 2	 -42.8670	  171.9574
7.949	 2.62	 1	 -45.7605	  168.5495
7.952	 2.12	 1	 -42.0063	  173.6871
7.953	 2.01	 1	 -41.9460	  172.8126
7.954	 2.78	 1	 -46.2047	  169.2020
7.955	 2.24	 1	 -43.9104	  171.9508
7.956	 2.17	 1	 -43.1393	  170.4854
7.959	 2.06	 1	 -42.6764	  173.1913
7.967	 2.00	 3	 -42.9591	  171.8678
7.969	 2.30	 1	 -43.6210	  179.0081
7.973	 2.15	 1	 -42.6703	  173.0360
7.985	 2.14	 1	 -42.3369	  172.0827
8.003	 2.66	 1	 -42.0119	  173.9029
8.007	 2.10	 1	 -41.9787	  173.4398
8.013	 2.52	 1	 -42.6564	  175.6046
8.018	 2.28	 1	 -42.2660	  173.6609
8.027	 2.06	 1	 -41.7077	  174.3077
8.030	 2.35	 1	 -45.7085	  169.6096
8.031	 2.08	 1	 -42.6635	  173.7370
8.032	 2.48	 1	 -42.8041	  173.0092
8.034	 2.44	 1	 -43.9910	  172.1547
8.036	 2.72	 1	 -42.1524	  173.0844
8.057	 2.12	 1	 -42.9479	  172.8988
8.064	 2.23	 1	 -42.3551	  173.1186
8.078	 2.41	 1	 -42.6054	  172.9493
8.081	 2.11	 1	 -42.2070	  174.0367
8.089	 2.60	 1	 -42.1030	  177.4051
8.090	 4.42	 1	 -41.7155	  174.2348
8.103	 2.02	 1	 -43.3211	  174.2088
8.108	 2.21	 1	 -41.7272	  174.2247
8.120	 2.31	 1	 -43.7115	  173.5789
8.122	 2.56	 1	 -42.3246	  173.5448
8.125	 2.39	 1	 -41.7998	  174.1820
8.131	 2.22	 1	 -42.2712	  173.2068
8.134	 2.51	 1	 -42.3607	  173.7336
8.134	 2.41	 1	 -42.4896	  173.3788
8.142	 2.31	 1	 -40.0423	  171.2309
8.149	 2.69	 1	 -39.1207	  176.7385
8.156	 3.02	 1	 -43.3196	  172.1550
8.159	 2.07	 1	 -41.0625	  175.5332
8.160	 2.06	 1	 -42.9164	  172.0251
8.164	 2.87	 2	 -41.7925	  174.2260
8.168	 2.63	 2	 -42.9456	  172.0518
8.168	 2.42	 1	 -42.1258	  174.5920
8.169	 2.80	 1	 -42.8137	  172.1647
8.170	 2.44	 1	 -42.3032	  173.6978
8.173	 2.45	 1	 -43.5914	  174.3181
8.175	 2.54	 1	 -42.0289	  173.9247
8.179	 2.10	 1	 -42.3313	  173.5400
8.180	 2.34	 1	 -42.0144	  176.1845
8.181	 2.23	 1	 -42.8517	  172.9179
8.185	 2.38	 1	 -40.7200	  179.0050
8.190	 3.21	 1	 -42.9323	  173.0307
8.199	 2.49	 1	 -42.2324	  172.8485
8.209	 2.26	 1	 -42.4638	  173.6116
8.212	 2.08	 2	 -41.7800	  174.3162
8.222	 2.26	 1	 -42.9271	  170.5560
8.227	 2.30	 1	 -42.9381	  173.3121
8.232	 2.47	 1	 -42.7267	  173.3492
8.233	 2.40	 1	 -42.1635	  173.6177
8.240	 2.39	 1	 -42.4239	  166.9153
8.241	 2.50	 1	 -42.5370	  172.7433
8.241	 3.63	 1	 -41.0928	  168.9842
8.248	 2.04	 1	 -43.0980	  173.2649
8.249	 3.56	 1	 -42.3411	  173.9248
8.255	 2.00	 2	 -42.9082	  171.8409
8.257	 2.49	 1	 -43.3745	  171.8812
8.262	 2.39	 1	 -42.9628	  172.8402
8.263	 2.11	 2	 -41.6646	  174.7417
8.268	 2.78	 1	 -42.5192	  173.3410
8.272	 2.03	 1	 -47.0066	  173.0811
8.283	 3.07	 1	 -43.4324	  170.9327
8.284	 2.25	 1	 -42.1954	  173.6632
8.285	 2.03	 1	 -41.7812	  174.4683
8.290	 4.56	 1	 -42.6236	  173.1275
8.291	 2.29	 2	 -42.6364	  173.1288
8.292	 2.06	 1	 -41.9679	  173.6717
8.294	 2.66	 1	 -42.0185	  172.3580
8.297	 2.03	 1	 -41.7281	  174.2784
8.297	 2.05	 1	 -41.7426	  174.2412
8.303	 2.39	 1	 -42.5793	  172.4300
8.306	 2.45	 2	 -42.9458	  171.9936
8.307	 2.39	 1	 -42.6261	  172.6721
8.309	 2.10	 1	 -42.5288	  173.0802
8.309	 2.31	 1	 -43.7157	  171.1481
8.320	 2.15	 1	 -41.7850	  174.4694
8.323	 2.60	 1	 -42.4626	  173.1125
8.331	 2.61	 1	 -42.0453	  173.5976
8.331	 2.53	 1	 -42.6531	  173.4541
8.340	 2.39	 1	 -42.3839	  172.5119
8.353	 2.14	 2	 -42.6266	  173.1384
8.362	 2.91	 1	 -42.4872	  173.0498
8.363	 2.12	 2	 -41.7960	  174.3410
8.363	 2.24	 1	 -42.5351	  173.2536
8.372	 2.13	 1	 -42.2257	  173.9233
8.372	 2.37	 1	 -43.0238	  173.3916
8.380	 2.62	 1	 -42.6615	  172.7188
8.389	 2.07	 2	 -42.4951	  172.9248
8.395	 3.00	 1	 -41.4095	  174.5181
8.395	 2.92	 2	 -42.6322	  173.2287
8.401	 2.00	 1	 -42.7521	  173.0507
8.410	 2.34	 1	 -42.6156	  172.7217
8.412	 2.04	 1	 -42.0400	  174.0992
8.425	 2.05	 1	 -42.8346	  172.4230
8.431	 3.11	 1	 -42.2372	  174.3424
8.435	 3.11	 1	 -42.8001	  173.7299
8.441	 2.36	 1	 -42.3315	  173.4843
8.443	 2.82	 1	 -42.2093	  173.1690
8.451	 2.43	 1	 -42.4271	  172.9264
8.468	 2.18	 1	 -41.9033	  173.6311
8.469	 2.00	 1	 -42.3423	  173.9364
8.474	 2.37	 1	 -42.0652	  173.8071
8.477	 3.30	 1	 -41.7080	  174.1519
8.478	 2.09	 1	 -42.7342	  172.3254
8.479	 2.07	 1	 -45.3228	  170.4541
8.490	 2.14	 1	 -41.3270	  174.0441
8.497	 2.02	 1	 -42.2516	  173.9402
8.502	 2.40	 1	 -42.1993	  173.6447
8.512	 2.29	 1	 -43.5384	  175.9934
8.520	 2.37	 1	 -42.5631	  174.0740
8.525	 2.11	 1	 -43.2755	  173.2984
8.534	 2.12	 1	 -38.6601	  175.7291
8.538	 2.06	 1	 -40.2339	  170.1048
8.538	 2.01	 1	 -41.9197	  174.9659
8.540	 2.30	 1	 -42.4345	  173.6048
8.555	 2.08	 1	 -41.7314	  174.2368
8.574	 4.42	 1	 -42.4050	  173.0754
8.578	 2.33	 1	 -47.0605	  174.4750
8.579	 3.03	 1	 -42.7034	  173.1774
8.579	 2.12	 1	 -42.5260	  172.9482
8.583	 2.33	 1	 -40.4898	  178.3557
8.589	 2.03	 1	 -42.1068	  172.9411
8.598	 2.16	 1	 -41.9642	  174.3771
8.598	 2.07	 1	 -42.3755	  173.5807
8.598	 2.07	 1	 -41.7943	  174.4737
8.599	 2.30	 1	 -44.8859	  176.2982
8.603	 2.04	 1	 -41.9275	  173.4400
8.613	 2.17	 1	 -42.8343	  173.6904
8.615	 2.47	 1	 -43.0957	  172.8820
8.622	 2.00	 1	 -42.1029	  173.1791
8.650	 2.23	 2	 -42.4115	  173.1044
8.651	 2.91	 1	 -42.0562	  173.8427
8.656	 2.21	 1	 -42.7643	  172.8174
8.665	 2.30	 1	 -43.0485	  173.3346
8.670	 2.04	 1	 -42.8024	  172.9887
8.678	 2.06	 1	 -41.9297	  174.1999
8.678	 2.01	 1	 -42.1420	  171.5494
8.679	 2.15	 2	 -42.4098	  173.0614
8.688	 2.16	 1	 -43.1809	  172.2162
8.693	 2.05	 1	 -41.7679	  174.2076
8.694	 2.21	 2	 -42.6246	  173.1149
8.696	 2.92	 1	 -42.7417	  173.3407
8.697	 2.49	 1	 -46.1358	  172.6842
8.721	 2.34	 1	 -42.1281	  172.3497
8.724	 3.30	 1	 -42.6952	  172.7852
8.734	 2.52	 1	 -41.7975	  174.2279
8.736	 2.41	 1	 -38.2846	  171.8135
8.738	 2.61	 1	 -43.2922	  173.7910
8.740	 3.06	 1	 -42.6419	  173.7605
8.754	 2.46	 1	 -43.2004	  173.5286
8.754	 2.17	 1	 -43.0259	  173.6505
8.757	 2.06	 2	 -43.7143	  171.1506
8.763	 2.32	 1	 -42.7448	  171.2570
8.770	 2.17	 1	 -42.6615	  172.8172
8.777	 2.13	 1	 -42.8865	  172.0494
8.785	 2.05	 1	 -43.3035	  173.1464
8.796	 2.98	 1	 -42.1741	  173.5914
8.796	 2.01	 2	 -42.4069	  173.0962
8.800	 2.87	 2	 -42.6456	  173.7616
8.800	 2.20	 1	 -47.1873	  172.8467
8.804	 2.09	 1	 -42.8329	  172.9890
8.824	 2.17	 1	 -42.6628	  173.1360
8.825	 2.10	 1	 -42.7281	  173.1063
8.833	 2.54	 1	 -42.7160	  173.1177
8.839	 2.08	 1	 -42.5726	  172.4262
8.845	 2.33	 1	 -43.3731	  172.7873
8.853	 3.49	 1	 -42.2431	  173.3985
8.857	 2.52	 1	 -42.7430	  172.8067
8.868	 2.19	 1	 -42.6795	  172.3544
8.878	 2.04	 1	 -42.0113	  173.6741
8.878	 2.01	 1	 -42.6604	  172.6836
8.889	 2.94	 1	 -43.1800	  173.0429
8.904	 2.37	 1	 -42.1297	  171.9575
8.905	 2.58	 1	 -42.2666	  173.6177
8.905	 2.01	 2	 -42.8854	  172.0476
8.909	 2.09	 1	 -42.2386	  173.6659
8.941	 2.44	 1	 -43.0563	  172.8070
8.951	 2.36	 2	 -42.6298	  173.1009
8.955	 2.13	 2	 -42.7554	  173.2378
8.956	 2.11	 1	 -41.8683	  174.6619
8.958	 2.96	 1	 -42.3096	  173.6235
8.966	 2.06	 1	 -42.1006	  173.6653
8.966	 2.33	 1	 -42.3429	  173.3033
8.974	 2.03	 1	 -42.8124	  172.9026
8.985	 2.02	 1	 -42.2847	  173.2090
8.989	 3.97	 1	 -43.2430	  172.3978
8.999	 2.00	 2	 -43.2369	  172.4010
9.011	 2.17	 1	 -42.8214	  172.7083
9.013	 2.14	 1	 -43.8532	  174.8716
9.020	 2.15	 1	 -41.9896	  172.1877
9.024	 2.56	 1	 -42.5781	  173.1583
9.036	 2.12	 1	 -42.6311	  173.1682
9.042	 2.16	 1	 -42.3987	  173.7369
9.049	 2.74	 2	 -42.7798	  173.1846
9.052	 2.06	 1	 -43.1970	  172.4270
9.056	 2.86	 1	 -41.7739	  174.2545
9.056	 2.11	 1	 -42.7390	  173.5339
9.061	 2.88	 1	 -41.9626	  174.0390
9.071	 2.01	 1	 -41.1054	  167.7584
9.081	 2.28	 1	 -42.1334	  172.5899
9.092	 2.63	 1	 -42.4328	  173.1516
9.119	 3.02	 1	 -43.8066	  173.8277
9.120	 2.02	 1	 -43.0208	  173.1226
9.128	 2.23	 1	 -43.1799	  172.5176
9.140	 2.17	 2	 -42.3178	  173.9287
9.146	 2.27	 1	 -42.5522	  173.0880
9.148	 2.24	 1	 -45.1703	  168.1567
9.151	 2.04	 1	 -43.1173	  172.4490
9.157	 2.37	 1	 -42.4984	  172.9132
9.158	 2.03	 1	 -42.5893	  170.4150
9.159	 2.45	 1	 -43.0504	  172.6759
9.159	 2.15	 1	 -42.5947	  173.1305
9.160	 2.78	 1	 -42.3910	  171.1624
9.162	 2.44	 1	 -42.5599	  172.9044
9.164	 2.80	 1	 -41.9883	  173.3205
9.174	 2.31	 1	 -43.0924	  172.7993
9.181	 2.36	 2	 -42.9300	  171.9996
9.207	 2.24	 1	 -42.4000	  173.8061
9.212	 2.03	 1	 -39.5387	  169.1442
9.213	 2.35	 1	 -42.2364	  174.3591
9.222	 2.66	 1	 -42.8814	  172.9824
9.237	 2.14	 1	 -42.5635	  172.8902
9.237	 3.07	 1	 -42.9513	  172.5512
9.248	 2.30	 1	 -46.0199	  173.8061
9.252	 2.96	 1	 -42.7232	  173.5796
9.256	 2.69	 1	 -44.5933	  176.0396
9.258	 2.68	 1	 -42.6986	  172.9137
9.262	 2.06	 1	 -43.2812	  173.1017
9.267	 2.93	 1	 -41.2451	  173.2261
9.271	 2.77	 1	 -40.9810	  170.1185
9.285	 2.03	 1	 -41.7799	  171.5779
9.288	 2.42	 1	 -42.6969	  172.5372
9.295	 2.23	 1	 -42.6484	  172.9894
9.312	 2.46	 1	 -41.2400	  170.7697
9.321	 2.46	 1	 -38.8103	  170.3639
9.323	 2.19	 1	 -42.5837	  172.2355
9.329	 2.25	 1	 -41.7513	  174.2140
9.334	 2.59	 1	 -43.1702	  171.6756
9.334	 2.04	 1	 -41.8601	  173.7795
9.348	 2.15	 1	 -38.7484	  170.0842
9.369	 2.14	 1	 -42.3939	  173.0652
9.388	 2.14	 1	 -41.7894	  174.3302
9.393	 3.49	 1	 -42.1142	  172.9037
9.395	 2.24	 1	 -42.0805	  174.1526
9.398	 2.07	 2	 -41.7478	  174.2200
9.402	 2.15	 1	 -42.0295	  173.6492
9.413	 4.19	 1	 -42.7477	  166.9048
9.422	 2.07	 1	 -41.8483	  173.9736
9.422	 2.07	 1	 -42.1901	  170.3354
9.423	 2.44	 1	 -43.1083	  172.9872
9.428	 2.54	 1	 -42.9507	  173.4378
9.441	 2.12	 1	 -42.6336	  173.0359
9.444	 3.79	 1	 -46.7677	  175.6081
9.450	 2.31	 2	 -42.7358	  166.9112
9.454	 2.06	 2	 -42.7237	  166.9018
9.463	 3.42	 1	 -42.7874	  173.5288
9.465	 2.26	 1	 -43.1913	  172.9660
9.473	 2.05	 1	 -41.8910	  172.2589
9.476	 2.26	 2	 -42.7548	  166.9049
9.487	 2.84	 1	 -42.9034	  173.6438
9.507	 2.07	 1	 -42.3815	  174.0475
9.510	 2.08	 2	 -41.3696	  171.9616
9.513	 2.24	 1	 -42.4288	  172.5325
9.519	 2.52	 1	 -42.2289	  171.9686
9.519	 2.45	 1	 -42.6117	  173.0299
9.520	 2.09	 1	 -42.6661	  173.9644
9.521	 2.76	 1	 -42.5278	  172.6040
9.533	 2.61	 1	 -41.7786	  174.2835
9.538	 2.41	 1	 -43.1050	  170.2853
9.548	 2.11	 1	 -42.4165	  173.5472
9.555	 2.01	 1	 -42.7567	  172.9075
9.563	 2.10	 1	 -43.3222	  179.0797
9.566	 2.52	 1	 -41.7438	  174.1657
9.567	 3.41	 1	 -40.2648	  172.1366
9.569	 2.64	 2	 -38.2808	  175.6028
9.573	 3.03	 1	 -39.9598	  170.9391
9.582	 3.05	 1	 -42.5959	  173.1144
9.588	 2.11	 2	 -42.4929	  167.1423
9.602	 2.02	 1	 -42.0535	  173.7053
9.612	 2.07	 2	 -42.4501	  173.1608
9.618	 2.65	 1	 -42.8198	  173.2785
9.618	 3.18	 2	 -42.4676	  173.1698
9.639	 2.06	 1	 -42.5102	  173.0114
9.643	 2.44	 2	 -42.7034	  173.1227
9.644	 2.52	 1	 -43.2761	  172.1721
9.647	 2.47	 1	 -42.7624	  173.0960
9.655	 2.01	 1	 -42.8696	  171.3446
9.655	 2.29	 1	 -42.2756	  173.2579
9.658	 2.03	 1	 -42.3300	  171.4017
9.659	 2.63	 1	 -42.5694	  173.0090
9.666	 2.06	 1	 -42.1409	  173.6133
9.674	 2.06	 1	 -41.4999	  174.0698
9.678	 2.06	 2	 -42.2819	  173.6453
9.682	 2.56	 1	 -42.9101	  173.1657
9.685	 2.33	 1	 -42.5226	  172.6044
9.687	 2.42	 1	 -42.5481	  173.4524
9.692	 2.19	 1	 -42.9734	  172.6140
9.695	 2.53	 1	 -40.0517	  168.7261
9.698	 2.30	 1	 -41.0533	  174.1555
9.699	 2.06	 1	 -42.9205	  173.1180
9.701	 2.13	 1	 -39.3420	  177.1023
9.702	 2.08	 1	 -42.5832	  174.5170
9.703	 2.09	 1	 -39.1929	  169.1806
9.704	 2.83	 1	 -42.3030	  172.4377
9.712	 2.23	 1	 -43.0601	  173.6824
9.715	 2.01	 2	 -41.6805	  174.2693
9.730	 3.14	 1	 -42.5179	  174.2514
9.747	 2.41	 1	 -41.8677	  174.1237
9.749	 2.54	 1	 -41.3143	  178.8455
9.751	 2.45	 1	 -40.2470	  168.6497
9.754	 2.02	 1	 -42.7588	  174.9299
9.766	 2.06	 1	 -42.7621	  172.8575
9.770	 3.39	 1	 -42.8610	  173.1312
9.782	 2.06	 1	 -41.7385	  174.3732
9.786	 2.06	 1	 -43.1397	  172.4985
9.787	 2.45	 2	 -42.0293	  174.4116
9.791	 2.32	 1	 -42.8107	  174.0018
9.800	 2.04	 1	 -42.8460	  173.3343
9.800	 3.48	 1	 -42.5450	  172.9002
9.806	 2.04	 1	 -41.6579	  173.3687
9.808	 2.01	 1	 -46.8730	  170.7686
9.810	 3.09	 1	 -43.3585	  174.8659
9.823	 2.89	 1	 -42.5554	  172.8690
9.825	 2.45	 1	 -42.2444	  173.5950
9.830	 2.66	 1	 -41.7199	  174.2762
9.844	 2.03	 1	 -44.4761	  171.3163
9.845	 2.33	 1	 -42.2915	  173.1582
9.850	 2.95	 1	 -41.9859	  173.6519
9.877	 2.10	 1	 -42.0367	  173.0688
9.886	 2.04	 1	 -42.1034	  174.3600
9.886	 2.22	 1	 -42.0398	  174.1108
9.887	 2.04	 2	 -42.9487	  171.9755
9.889	 2.55	 1	 -42.6204	  173.1129
9.896	 3.20	 1	 -42.8851	  172.8904
9.897	 2.72	 1	 -42.7048	  171.9235
9.905	 2.25	 1	 -42.2474	  174.0068
9.913	 2.40	 1	 -42.6681	  172.0229
9.918	 2.50	 1	 -42.8068	  173.1301
9.919	 2.30	 1	 -42.0709	  172.5716
9.926	 2.55	 1	 -42.0522	  173.9976
9.931	 3.32	 1	 -42.0925	  172.9710
9.936	 2.50	 1	 -42.9101	  173.0237
9.944	 2.89	 1	 -40.7689	  167.4924
9.953	 2.00	 1	 -42.2867	  174.1000
9.959	 2.15	 2	 -41.7682	  174.3743
9.961	 2.24	 1	 -41.6643	  174.2293
9.968	 2.69	 2	 -42.5661	  172.8790
10.004	 2.07	 1	 -42.6984	  172.9019
10.008	 3.31	 2	 -42.0507	  174.0006
10.021	 3.86	 1	 -43.0638	  171.2026
10.021	 3.00	 1	 -42.2424	  170.0327
10.025	 3.02	 1	 -42.7803	  173.0560
10.045	 2.14	 1	 -42.6724	  173.0714
10.055	 2.91	 1	 -43.0018	  172.4279
10.058	 3.10	 1	 -43.3278	  172.6511
10.059	 2.05	 1	 -42.2409	  173.8266
10.063	 2.06	 1	 -41.8338	  174.2452
10.066	 2.40	 1	 -41.7105	  174.2531
10.069	 3.65	 1	 -42.7453	  173.2742
10.081	 2.43	 1	 -46.1480	  175.2719
10.097	 3.13	 1	 -42.2292	  171.4617
10.100	 3.49	 1	 -42.6828	  173.1038
10.102	 2.15	 1	 -42.8345	  172.4059
10.108	 2.74	 1	 -41.9886	  174.4855
10.109	 2.40	 1	 -44.6520	  169.4471
10.111	 2.07	 1	 -42.4587	  173.5468
10.119	 2.30	 1	 -41.7484	  174.0532
10.122	 2.66	 1	 -42.3577	  173.5347
10.124	 2.14	 1	 -41.9350	  173.6245
10.127	 2.91	 1	 -41.9930	  173.7060
10.129	 2.28	 1	 -42.4922	  172.8360
10.133	 2.34	 2	 -42.6876	  173.1150
10.151	 2.09	 1	 -42.8151	  173.0145
10.151	 2.44	 1	 -42.2110	  173.6322
10.154	 2.17	 1	 -42.3183	  174.6738
10.161	 2.94	 1	 -45.9677	  168.8302
10.180	 2.09	 1	 -41.9487	  174.0560
10.183	 3.02	 1	 -42.5104	  173.6089
10.189	 2.93	 1	 -41.8439	  174.0548
10.208	 2.27	 1	 -43.1147	  173.6534
10.219	 2.76	 1	 -41.8494	  174.1910
10.222	 2.45	 1	 -42.3398	  173.8170
10.227	 2.19	 1	 -40.7899	  172.3003
10.234	 2.64	 1	 -42.3005	  173.0820
10.235	 2.72	 1	 -46.4470	  176.3890
10.243	 2.11	 1	 -42.6384	  172.7799
10.243	 2.05	 1	 -42.1913	  174.4793
10.248	 2.20	 1	 -43.4308	  173.5464
10.255	 2.05	 1	 -43.3997	  176.1255
10.256	 2.21	 2	 -43.1896	  174.5260
10.285	 2.33	 1	 -42.9966	  172.8535
10.286	 2.19	 1	 -42.5071	  173.5152
10.295	 2.09	 1	 -41.4843	  170.0858
10.299	 2.19	 1	 -41.8037	  174.1831
10.304	 2.66	 1	 -42.3461	  172.7642
10.318	 2.09	 2	 -41.7043	  174.2047
10.322	 2.85	 1	 -43.1678	  174.9945
10.323	 2.68	 1	 -42.2266	  173.6515
10.329	 2.10	 1	 -42.4182	  173.6034
10.329	 2.35	 1	 -41.6672	  174.2128
10.332	 2.18	 1	 -43.1286	  172.9816
10.334	 2.76	 1	 -41.7605	  174.1981
10.338	 2.84	 1	 -42.0403	  174.4279
10.339	 2.24	 1	 -42.3726	  172.6108
10.340	 2.35	 2	 -42.6204	  173.1371
10.348	 2.26	 1	 -46.0364	  168.9320
10.359	 2.11	 1	 -42.2505	  173.6118
10.361	 2.05	 1	 -42.4529	  172.2407
10.369	 2.24	 1	 -41.7447	  174.2592
10.372	 2.47	 1	 -38.7659	  170.0411
10.376	 2.50	 1	 -42.4874	  172.8790
10.387	 2.05	 1	 -42.3941	  174.0632
10.388	 2.65	 2	 -42.0410	  174.4301
10.392	 2.13	 1	 -42.3205	  173.9863
10.392	 2.14	 2	 -43.1619	  174.9974
10.396	 2.14	 1	 -42.3487	  173.9378
10.400	 2.47	 1	 -42.8637	  173.3081
10.404	 2.18	 1	 -44.6970	  173.1778
10.405	 2.28	 1	 -39.8755	  177.7906
10.406	 2.69	 1	 -44.2430	  168.8210
10.409	 2.17	 1	 -42.3093	  173.9282
10.410	 3.34	 1	 -42.6940	  173.2426
10.429	 2.12	 1	 -42.8695	  172.9693
10.436	 3.18	 1	 -43.9415	  179.1357
10.438	 2.51	 1	 -39.7082	  170.6070
10.442	 2.35	 1	 -42.2380	  173.7179
10.447	 2.57	 1	 -42.3078	  173.7986
10.454	 2.40	 1	 -42.8268	  173.1712
10.461	 2.41	 1	 -42.2406	  173.6246
10.471	 3.12	 1	 -43.5967	  172.7349
10.477	 2.09	 1	 -43.1021	  168.7892
10.478	 2.58	 1	 -42.9915	  173.3372
10.482	 2.17	 1	 -45.8713	  168.6950
10.493	 2.22	 1	 -41.8970	  173.7534
10.496	 2.44	 1	 -44.6017	  174.9330
10.500	 2.12	 1	 -42.6735	  173.3107
10.501	 2.22	 2	 -42.9387	  172.0084
10.520	 2.13	 1	 -40.8998	  170.7553
10.529	 2.52	 2	 -42.8556	  173.1245
10.536	 2.57	 1	 -42.1695	  173.6321
10.541	 2.21	 1	 -42.7349	  172.5907
10.541	 2.15	 1	 -42.6650	  173.0277
10.546	 2.27	 1	 -41.7156	  174.1893
10.556	 2.61	 1	 -43.0095	  172.2133
10.561	 2.09	 1	 -41.7126	  174.2479
10.564	 2.34	 1	 -41.7418	  174.1892
10.569	 2.13	 1	 -41.7330	  174.0959
10.574	 3.04	 1	 -42.1801	  172.8053
10.588	 2.33	 1	 -42.7553	  173.2451
10.602	 2.58	 1	 -42.7372	  172.9964
10.604	 3.04	 1	 -42.5333	  172.8386
10.605	 2.53	 1	 -41.8879	  173.0116
10.615	 2.25	 1	 -41.8902	  173.6937
10.624	 3.02	 1	 -44.2133	  171.2425
10.627	 2.84	 1	 -42.8289	  173.1126
10.629	 2.23	 1	 -42.2101	  173.8526
10.629	 2.03	 1	 -43.1858	  173.2277
10.631	 2.56	 2	 -42.7518	  173.2635
10.636	 3.04	 1	 -41.8900	  174.1904
10.648	 2.35	 1	 -40.7791	  170.5268
10.650	 2.01	 1	 -46.6494	  175.9283
10.660	 2.35	 1	 -42.2051	  171.3391
10.666	 2.49	 1	 -42.6983	  172.5643
10.667	 2.71	 1	 -42.4459	  172.5767
10.672	 2.42	 1	 -42.7526	  171.9862
10.678	 2.56	 1	 -42.6193	  173.0861
10.678	 2.09	 1	 -43.4412	  172.5333
10.678	 2.05	 2	 -45.7485	  168.5414
10.681	 2.68	 1	 -41.5825	  171.6096
10.681	 2.48	 1	 -42.7567	  173.5890
10.690	 2.72	 1	 -42.7197	  172.7310
10.701	 3.22	 1	 -42.0226	  173.7042
10.708	 2.09	 1	 -42.6445	  172.7908
10.729	 2.27	 1	 -40.4688	  171.7644
10.734	 2.33	 1	 -42.3010	  174.1152
10.735	 2.16	 1	 -42.6022	  173.1681
10.746	 3.16	 2	 -42.3906	  173.0662
10.762	 2.05	 1	 -42.6079	  172.9947
10.763	 2.61	 1	 -42.6292	  172.9954
10.769	 3.82	 1	 -42.6023	  172.8560
10.783	 3.31	 1	 -42.8866	  173.2133
10.783	 2.14	 1	 -42.4413	  173.1254
10.790	 2.50	 1	 -42.0562	  172.3834
10.795	 2.25	 1	 -41.8983	  173.7720
10.796	 2.70	 2	 -42.6308	  172.9936
10.802	 2.22	 1	 -42.9614	  173.6030
10.804	 2.81	 1	 -43.3806	  172.7319
10.812	 2.16	 1	 -42.5712	  173.1594
10.815	 2.14	 1	 -40.9666	  174.3065
10.821	 2.54	 1	 -42.9529	  173.2602
10.827	 2.70	 1	 -42.8860	  172.6685
10.829	 2.07	 1	 -42.3932	  172.6461
10.830	 2.25	 1	 -43.2466	  172.4840
10.834	 3.41	 1	 -43.2327	  171.7243
10.836	 2.03	 1	 -42.2112	  173.6054
10.838	 2.01	 1	 -42.8673	  172.9459
10.843	 2.20	 1	 -41.6013	  174.3051
10.848	 2.38	 1	 -42.1523	  173.5837
10.849	 2.19	 2	 -42.4027	  173.1001
10.866	 2.02	 1	 -41.8339	  174.1645
10.874	 2.04	 1	 -42.8120	  173.0441
10.881	 2.54	 1	 -42.8783	  172.4412
10.884	 2.02	 1	 -42.2053	  173.6195
10.891	 2.57	 1	 -42.6210	  174.3109
10.896	 2.26	 1	 -41.9693	  173.5564
10.901	 2.50	 1	 -43.3265	  173.5742
10.908	 2.29	 2	 -42.6065	  172.8650
10.914	 2.09	 2	 -41.6699	  174.2090
10.915	 2.21	 1	 -42.5179	  173.2388
10.925	 2.19	 1	 -42.8737	  174.5725
10.928	 2.51	 1	 -42.6487	  172.6389
10.934	 2.36	 1	 -42.8107	  173.1054
10.937	 2.15	 1	 -42.5960	  173.1841
10.940	 2.15	 1	 -43.0251	  172.6801
10.943	 2.13	 1	 -42.6920	  174.2405
10.953	 2.75	 1	 -44.1996	  172.0716
10.963	 2.45	 1	 -42.2324	  173.6285
10.968	 2.58	 1	 -42.7908	  172.8588
10.978	 2.18	 1	 -41.6547	  172.9921
10.978	 2.15	 1	 -42.1630	  173.5873
10.985	 2.91	 1	 -42.3945	  173.7907
10.985	 2.45	 1	 -42.7270	  173.3064
10.989	 2.18	 1	 -41.6514	  174.3504
10.993	 2.43	 1	 -42.1304	  173.5864
11.001	 2.03	 1	 -41.6958	  172.6525
11.006	 2.37	 2	 -42.0595	  172.3838
11.008	 2.31	 1	 -41.7971	  174.2875
11.010	 2.12	 1	 -41.7283	  174.2988
11.020	 2.25	 1	 -44.1357	  171.1989
11.036	 2.19	 1	 -42.6235	  173.0050
11.036	 2.55	 1	 -42.8030	  172.7133
11.042	 2.37	 1	 -45.9226	  177.2783
11.046	 3.12	 1	 -42.9033	  173.9038
11.046	 2.10	 1	 -42.9201	  173.1821
11.063	 2.52	 1	 -45.1888	  167.9336
11.067	 2.39	 1	 -42.4699	  173.1495
11.078	 2.03	 1	 -43.9095	  174.6283
11.094	 4.02	 1	 -42.6304	  172.9242
11.095	 2.26	 1	 -42.4911	  173.2764
11.121	 2.22	 1	 -43.0590	  171.2691
11.127	 2.02	 1	 -45.4278	  172.5018
11.139	 2.41	 1	 -41.1173	  172.9355
11.139	 2.85	 2	 -41.4086	  174.5197
11.147	 2.48	 1	 -42.8126	  172.0535
11.152	 2.77	 2	 -42.8255	  172.5869
11.160	 2.23	 1	 -46.8657	  170.7438
11.163	 2.08	 1	 -41.7990	  174.1590
11.173	 2.36	 1	 -42.6568	  173.3097
11.174	 2.33	 1	 -42.6513	  172.7787
11.176	 2.57	 2	 -41.6334	  172.2711
11.184	 2.40	 2	 -42.6525	  172.7785
11.189	 3.61	 1	 -42.8404	  173.8310
11.191	 2.65	 1	 -43.3699	  173.3398
11.209	 2.26	 1	 -38.7500	  175.9641
11.213	 3.38	 1	 -43.2502	  179.0927
11.216	 2.11	 1	 -42.3525	  173.6071
11.219	 3.39	 1	 -40.6505	  167.5716
11.228	 3.37	 1	 -42.6603	  169.9450
11.253	 4.24	 1	 -41.6992	  174.2827
11.254	 2.12	 1	 -42.3139	  171.8472
11.262	 2.47	 1	 -42.4357	  179.1300
11.266	 2.18	 2	 -41.6883	  174.2822
11.268	 2.31	 1	 -42.3332	  173.1780
11.268	 2.57	 2	 -43.1741	  171.6884
11.275	 2.15	 1	 -43.4136	  173.2988
11.277	 2.65	 1	 -42.6374	  172.4816
11.287	 2.02	 1	 -42.5385	  172.6085
11.290	 2.03	 1	 -42.0004	  172.5859
11.294	 2.04	 1	 -41.8737	  173.9654
11.296	 2.34	 1	 -41.2146	  172.3987
11.304	 3.01	 1	 -42.1880	  170.5881
11.305	 2.67	 1	 -41.9887	  173.6839
11.324	 2.09	 2	 -42.6167	  172.8141
11.336	 2.13	 1	 -42.0680	  173.7753
11.337	 2.00	 1	 -43.4374	  172.0736
11.339	 2.33	 1	 -42.1828	  173.7081
11.343	 2.01	 1	 -43.6180	  173.1313
11.349	 2.37	 1	 -43.4218	  171.7986
11.352	 3.43	 1	 -41.7813	  174.2956
11.358	 2.15	 1	 -43.1560	  173.4734
11.362	 3.06	 1	 -42.5589	  172.8435
11.367	 2.34	 1	 -40.5532	  170.7953
11.381	 2.14	 1	 -42.7411	  172.7827
11.387	 2.03	 1	 -42.4292	  173.1538
11.397	 3.25	 1	 -43.9191	  173.1854
11.400	 2.14	 1	 -41.9748	  173.6999
11.402	 2.07	 2	 -42.8075	  173.1335
11.416	 2.95	 1	 -43.6703	  173.6279
11.421	 2.36	 1	 -42.5006	  172.5516
11.431	 2.07	 2	 -43.9178	  173.1796
11.447	 2.60	 1	 -42.2434	  173.6776
11.458	 2.27	 1	 -42.0683	  173.9941
11.460	 2.39	 1	 -42.7737	  173.0003
11.482	 2.59	 1	 -43.2348	  179.0953
11.485	 2.84	 2	 -41.8795	  174.2022
11.492	 2.67	 1	 -42.3657	  173.1274
11.496	 3.15	 2	 -44.5985	  174.9368
11.506	 3.49	 1	 -40.2306	  176.4825
11.508	 2.47	 1	 -43.9027	  175.0743
11.511	 2.47	 1	 -42.1545	  173.4539
11.513	 2.47	 1	 -41.7212	  173.9657
11.516	 2.40	 1	 -42.4666	  173.9067
11.516	 2.72	 1	 -42.2644	  173.6061
11.521	 2.89	 3	 -44.6027	  174.9318
11.526	 2.03	 2	 -45.7201	  168.8815
11.536	 2.44	 1	 -42.7790	  173.1035
11.537	 2.77	 1	 -42.2074	  173.6411
11.545	 2.09	 1	 -42.5886	  173.1633
11.547	 3.92	 1	 -41.8287	  174.4605
11.568	 3.28	 2	 -41.8360	  174.4935
11.569	 2.90	 2	 -42.6146	  173.1418
11.573	 2.20	 1	 -42.3756	  172.4923
11.590	 2.10	 3	 -42.6113	  173.1200
11.594	 2.25	 1	 -42.3683	  174.0156
11.595	 2.37	 1	 -40.6307	  174.9678
11.613	 3.81	 1	 -41.7789	  174.3376
11.623	 3.13	 2	 -41.7745	  174.3756
11.625	 3.05	 2	 -42.8448	  173.8576
11.645	 2.07	 1	 -45.5097	  174.9869
11.645	 2.12	 1	 -42.6985	  173.3607
11.656	 2.03	 1	 -43.5952	  167.3336
11.667	 2.32	 1	 -41.7207	  170.1299
11.680	 2.23	 2	 -42.9194	  171.9747
11.688	 2.35	 1	 -46.2390	  170.9070
11.697	 2.13	 1	 -42.5209	  173.2490
11.702	 2.05	 1	 -41.7523	  174.2434
11.708	 2.92	 1	 -43.0214	  174.6879
11.710	 3.20	 2	 -41.7911	  174.3264
11.714	 2.50	 3	 -42.9168	  171.9763
11.716	 2.06	 1	 -40.5307	  171.0584
11.719	 2.35	 1	 -42.0947	  172.9911
11.723	 2.25	 1	 -42.7430	  173.5839
11.745	 2.04	 1	 -42.6679	  173.4339
11.759	 2.46	 1	 -41.8356	  175.1807
11.771	 2.24	 1	 -42.5076	  172.4537
11.771	 2.25	 1	 -41.7623	  174.2855
11.772	 2.01	 2	 -42.6288	  172.9589
11.776	 2.22	 2	 -42.9435	  172.1438
11.777	 3.39	 1	 -41.6653	  174.2983
11.786	 2.39	 1	 -41.4398	  172.2617
11.788	 2.07	 1	 -42.1128	  174.0009
11.800	 2.41	 1	 -42.1906	  173.8425
11.803	 2.56	 1	 -42.6591	  173.1723
11.819	 2.11	 1	 -43.1418	  169.6014
11.848	 3.19	 1	 -42.4854	  173.1755
11.848	 2.58	 1	 -42.9066	  173.1672
11.851	 2.65	 1	 -42.9446	  175.1521
11.859	 2.26	 1	 -43.0010	  172.9501
11.860	 2.38	 1	 -42.3665	  173.2793
11.864	 2.22	 1	 -42.8113	  172.8312
11.877	 2.06	 1	 -42.9446	  172.6931
11.883	 2.24	 1	 -42.4858	  173.3742
11.888	 2.03	 2	 -41.6703	  174.2810
11.893	 3.32	 1	 -42.2649	  172.2142
11.896	 2.76	 1	 -42.3479	  172.9303
11.896	 3.45	 1	 -41.6955	  174.5931
11.900	 2.52	 1	 -42.6273	  172.4297
11.901	 3.33	 1	 -42.5988	  173.1959
11.905	 2.63	 1	 -42.6180	  172.9114
11.917	 2.24	 1	 -41.8897	  173.9534
11.922	 2.77	 1	 -42.3126	  173.2753
11.928	 2.08	 1	 -41.2850	  174.2618
11.935	 2.29	 1	 -42.1026	  173.2215
11.937	 2.11	 1	 -42.6900	  173.5854
11.940	 2.27	 2	 -42.2651	  172.2110
11.951	 2.59	 1	 -40.3133	  176.0960
11.954	 2.07	 2	 -42.1887	  173.5805
11.957	 2.04	 1	 -42.6206	  173.8743
11.981	 2.03	 1	 -42.5558	  173.3101
12.004	 2.12	 1	 -41.0635	  167.3199
12.009	 2.21	 1	 -43.0469	  173.3765
12.010	 2.15	 1	 -41.8644	  174.6167
12.019	 2.30	 2	 -41.6933	  174.5921
12.019	 2.95	 1	 -41.9506	  173.9180
12.049	 3.76	 1	 -45.3720	  177.9351
12.081	 2.53	 1	 -42.8865	  173.3598
12.082	 2.25	 1	 -42.8978	  173.0639
12.083	 2.16	 1	 -42.0405	  173.4422
12.085	 2.79	 1	 -41.9276	  171.4696
12.092	 2.99	 1	 -42.2537	  173.6788
12.096	 2.80	 1	 -42.8616	  172.7840
12.105	 2.67	 1	 -40.7620	  172.1091
12.114	 2.54	 1	 -40.0368	  177.9590
12.116	 2.09	 1	 -41.3285	  171.0378
12.120	 2.03	 1	 -42.1289	  172.9687
12.140	 2.20	 1	 -42.4062	  173.1027
12.146	 2.72	 1	 -43.6220	  171.7365
12.156	 3.33	 3	 -42.6098	  173.2262
12.167	 2.20	 2	 -42.0373	  173.5548
12.171	 2.51	 1	 -41.9206	  173.6933
12.171	 2.37	 1	 -42.9006	  173.5500
12.179	 2.01	 2	 -41.6510	  174.5766
12.189	 2.37	 1	 -42.6596	  173.4386
12.191	 2.65	 1	 -43.2709	  173.3527
12.210	 2.11	 1	 -42.2037	  173.4726
12.238	 2.00	 1	 -42.2392	  173.9381
12.240	 3.61	 1	 -41.6088	  174.4195
12.252	 3.34	 1	 -42.8925	  172.6401
12.264	 2.01	 1	 -41.6820	  174.2067
12.266	 2.33	 1	 -40.4776	  167.6980
12.272	 2.21	 1	 -42.0875	  173.1178
12.283	 2.46	 1	 -46.3918	  175.0812
12.287	 2.42	 1	 -41.9671	  174.0267
12.293	 2.33	 1	 -39.8840	  174.9423
12.293	 2.16	 1	 -41.7692	  174.1790
12.295	 3.22	 1	 -42.2797	  173.6810
12.306	 2.82	 1	 -42.1762	  173.1627
12.314	 2.17	 1	 -43.3203	  173.2757
12.320	 2.08	 1	 -42.2764	  173.4962
12.324	 2.72	 1	 -43.4197	  173.8161
12.333	 2.72	 1	 -41.7449	  174.2359
12.343	 2.67	 1	 -42.3229	  172.8801
12.348	 2.18	 1	 -42.8045	  171.6798
12.349	 2.69	 2	 -46.4004	  175.0595
12.359	 2.22	 1	 -43.0154	  172.8591
12.361	 2.47	 1	 -41.7859	  174.1804
12.367	 2.25	 1	 -39.5859	  177.4451
12.370	 2.10	 2	 -42.6356	  172.9335
12.397	 2.20	 2	 -39.8865	  174.9500
12.401	 2.00	 1	 -42.9703	  173.2311
12.430	 2.43	 2	 -42.1856	  173.1609
12.434	 2.16	 1	 -42.1756	  173.1994
12.436	 2.39	 1	 -43.1156	  170.3071
12.437	 2.17	 1	 -41.6694	  174.3594
12.439	 2.67	 1	 -42.3224	  173.4608
12.448	 2.18	 1	 -40.1424	  178.0610
12.453	 2.23	 1	 -42.6560	  172.8714
12.455	 2.09	 1	 -43.0167	  171.7452
12.457	 2.20	 1	 -42.9568	  172.9229
12.460	 2.93	 2	 -42.2788	  173.4461
12.472	 2.16	 1	 -42.3136	  173.7616
12.483	 3.06	 1	 -41.2157	  173.4790
12.484	 2.87	 1	 -42.0180	  173.7337
12.487	 2.21	 1	 -42.8150	  172.8810
12.495	 2.04	 1	 -42.6328	  173.4054
12.497	 2.36	 1	 -42.7551	  173.0690
12.498	 2.31	 2	 -40.6481	  174.7980
12.509	 2.24	 1	 -42.6997	  173.3918
12.529	 3.65	 1	 -42.6665	  173.3145
12.534	 2.11	 1	 -42.6897	  172.8830
12.546	 2.62	 1	 -42.1462	  173.4137
12.553	 2.16	 1	 -39.6991	  170.3450
12.556	 2.31	 1	 -41.7164	  174.2601
12.559	 2.16	 1	 -42.3406	  172.6039
12.562	 3.43	 2	 -41.6745	  174.2112
12.566	 2.05	 1	 -42.7272	  172.9647
12.572	 2.12	 1	 -42.8987	  173.1573
12.573	 2.29	 1	 -44.5022	  173.0350
12.574	 2.04	 2	 -41.7237	  174.2746
12.583	 2.95	 1	 -42.3452	  173.8592
12.594	 2.18	 1	 -42.5034	  172.9135
12.596	 2.34	 1	 -43.4404	  173.2194
12.597	 2.06	 1	 -46.6439	  170.1233
12.607	 2.07	 1	 -42.5923	  172.4780
12.616	 2.36	 1	 -42.4159	  171.9770
12.623	 2.17	 1	 -42.6471	  173.0635
12.635	 2.42	 1	 -43.5986	  172.2846
12.639	 2.32	 1	 -45.3924	  173.8987
12.640	 3.65	 1	 -43.8996	  174.4988
12.645	 2.70	 1	 -42.3150	  172.7915
12.646	 2.90	 1	 -42.9529	  173.0458
12.649	 2.28	 1	 -42.2538	  172.7470
12.653	 2.50	 1	 -41.9399	  174.0730
12.695	 2.31	 1	 -42.6618	  171.2600
12.711	 2.86	 1	 -43.3446	  170.8083
12.734	 2.47	 1	 -43.8721	  172.8584
12.746	 2.23	 1	 -42.4801	  172.5075
12.770	 2.01	 1	 -41.7011	  172.8005
12.793	 2.64	 1	 -43.3166	  173.0374
12.809	 2.19	 1	 -42.4520	  173.1909
12.815	 2.00	 1	 -43.3702	  173.0046
12.819	 2.15	 1	 -42.8248	  173.1309
12.823	 2.54	 1	 -42.6905	  173.0121
12.833	 2.31	 1	 -41.9947	  173.9902
12.839	 2.12	 1	 -42.6955	  172.8949
12.845	 2.00	 1	 -43.5964	  172.1810
12.851	 2.43	 2	 -41.7998	  174.1817
12.860	 2.06	 2	 -42.6018	  173.0681
12.885	 4.23	 2	 -41.5959	  174.4917
12.896	 2.13	 1	 -42.6626	  173.1323
12.912	 2.24	 1	 -42.5108	  176.1927
12.912	 2.40	 1	 -42.8244	  172.7843
12.916	 2.08	 2	 -42.9583	  171.9534
12.916	 2.36	 1	 -44.3817	  167.3524
12.917	 2.41	 1	 -47.0322	  174.6243
12.917	 2.47	 1	 -42.8428	  174.3876
12.921	 2.18	 2	 -43.3183	  173.0386
12.932	 2.15	 1	 -42.3480	  172.7605
12.945	 3.35	 1	 -42.0512	  173.7626
12.947	 2.14	 1	 -42.4858	  173.5571
12.957	 2.12	 1	 -42.6569	  173.6901
12.966	 2.11	 1	 -44.6068	  173.5801
12.972	 2.52	 1	 -41.1056	  178.7463
12.974	 2.04	 1	 -41.7727	  174.1776
12.976	 2.16	 1	 -42.7626	  172.7259
12.988	 2.08	 1	 -40.7528	  173.4808
12.995	 2.15	 1	 -42.8463	  172.9995
13.004	 2.37	 1	 -43.6649	  172.8592
13.014	 2.83	 2	 -42.0584	  173.7870
13.017	 2.41	 1	 -41.5715	  173.3617
13.018	 2.19	 1	 -42.1428	  172.9949
13.021	 2.75	 1	 -42.5163	  172.0299
13.032	 2.74	 1	 -43.0748	  173.6464
13.032	 2.19	 1	 -42.3484	  173.7381
13.032	 2.61	 1	 -41.7061	  174.2741
13.042	 2.54	 1	 -42.0271	  174.4472
13.048	 2.38	 1	 -42.2230	  173.7481
13.059	 2.22	 1	 -43.5426	  172.9068
13.061	 2.30	 1	 -42.2968	  174.3388
13.064	 2.11	 1	 -42.8767	  173.6414
13.076	 3.92	 1	 -42.8528	  172.2797
13.085	 2.02	 1	 -42.2116	  173.6874
13.092	 4.93	 2	 -43.1772	  171.5608
13.092	 2.09	 3	 -42.9828	  171.2908
13.093	 2.02	 1	 -42.6808	  172.8409
13.093	 2.99	 1	 -42.7384	  172.5835
13.099	 2.07	 1	 -42.2145	  173.7137
13.101	 2.31	 3	 -42.8314	  171.6717
13.102	 2.09	 3	 -43.3939	  174.2590
13.114	 2.78	 3	 -43.0596	  171.5274
13.118	 2.00	 1	 -38.6106	  175.5883
13.126	 2.47	 1	 -42.1777	  173.6666
13.136	 2.08	 1	 -43.1064	  172.9070
13.139	 2.33	 1	 -42.6203	  172.2735
13.140	 3.25	 3	 -41.6022	  174.4758
13.170	 2.80	 1	 -41.1869	  171.3735
13.190	 2.34	 1	 -42.3641	  172.3647
13.195	 2.24	 1	 -42.7920	  172.9589
13.203	 4.41	 2	 -42.7430	  173.3180
13.213	 2.08	 3	 -42.7429	  173.3159
13.225	 2.22	 1	 -42.5006	  172.8054
13.228	 2.09	 1	 -41.7495	  174.1012
13.230	 2.62	 1	 -42.8032	  172.4219
13.236	 2.46	 2	 -42.5209	  172.0788
13.243	 2.29	 1	 -42.9084	  173.4810
13.251	 2.16	 1	 -41.8356	  174.1292
13.251	 2.44	 1	 -42.8193	  173.4216
13.252	 3.17	 3	 -42.7408	  173.3625
13.255	 2.03	 1	 -42.7110	  173.6737
13.263	 2.06	 1	 -42.6914	  172.9438
13.269	 2.64	 1	 -42.2883	  173.6001
13.273	 2.04	 1	 -42.4673	  173.0432
13.278	 2.43	 1	 -41.7558	  174.2908
13.283	 2.42	 1	 -41.8483	  172.8336
13.284	 2.69	 1	 -42.0844	  172.5763
13.293	 2.09	 1	 -42.5345	  173.0597
13.297	 3.14	 1	 -42.4663	  171.4077
13.307	 2.79	 1	 -43.1582	  172.4332
13.314	 2.32	 1	 -42.8810	  173.1226
13.323	 2.06	 1	 -42.4375	  172.8524
13.326	 2.17	 1	 -42.8755	  172.7239
13.326	 4.14	 3	 -43.2225	  171.6096
13.331	 2.55	 1	 -42.4193	  172.7286
13.333	 2.57	 1	 -42.7999	  172.7201
13.337	 2.05	 1	 -43.0157	  171.8058
13.357	 2.05	 1	 -41.7623	  174.3018
13.362	 2.01	 3	 -43.4134	  169.7799
13.365	 2.13	 1	 -42.8258	  172.4756
13.365	 2.25	 4	 -43.1964	  171.6379
13.376	 2.04	 2	 -43.1180	  178.9696
13.388	 2.71	 3	 -43.1610	  171.4812
13.388	 2.04	 1	 -42.0861	  171.8589
13.393	 2.28	 1	 -41.9253	  173.0025
13.415	 2.18	 1	 -42.3766	  173.7502
13.429	 2.33	 1	 -42.4347	  173.3025
13.431	 2.04	 1	 -41.8901	  172.6447
13.433	 2.33	 1	 -42.8825	  172.4002
13.436	 2.24	 4	 -43.2138	  171.6404
13.440	 2.48	 1	 -41.9642	  173.7443
13.440	 2.59	 1	 -43.6483	  173.0887
13.451	 2.05	 1	 -46.9881	  174.8311
13.455	 2.87	 1	 -42.0161	  172.6692
13.476	 2.42	 3	 -43.1619	  171.6088
13.478	 2.08	 1	 -42.4848	  172.7194
13.482	 2.56	 1	 -43.0103	  172.9015
13.491	 3.81	 3	 -42.7855	  173.3620
13.493	 2.32	 1	 -42.1868	  173.5313
13.511	 2.37	 1	 -42.4320	  173.1466
13.514	 2.63	 1	 -41.7206	  174.3205
13.520	 2.30	 1	 -42.0672	  173.2028
13.535	 2.21	 1	 -43.4900	  173.2990
13.536	 2.01	 1	 -42.0522	  173.4980
13.543	 3.46	 1	 -41.7155	  174.2891
13.545	 2.03	 1	 -40.4006	  175.5840
13.547	 2.79	 4	 -42.7847	  173.3663
13.557	 2.65	 1	 -42.7655	  172.6781
13.558	 3.37	 1	 -41.8298	  174.1273
13.560	 2.91	 1	 -42.4374	  173.3411
13.565	 2.32	 1	 -42.6753	  173.0413
13.570	 2.35	 1	 -42.6773	  172.6969
13.576	 2.35	 1	 -40.8353	  173.8157
13.577	 2.15	 1	 -43.0822	  179.1169
13.583	 2.25	 1	 -43.1962	  173.3647
13.589	 3.51	 1	 -42.3711	  173.6640
13.590	 2.22	 1	 -41.8353	  174.0213
13.592	 2.20	 2	 -41.8400	  174.1499
13.593	 2.55	 1	 -42.5643	  172.6781
13.598	 2.68	 2	 -41.7234	  174.2772
13.601	 2.63	 1	 -42.2715	  172.2123
13.609	 2.99	 1	 -42.8192	  173.5253
13.617	 2.34	 3	 -41.7771	  174.3236
13.620	 2.46	 3	 -42.2861	  172.7030
13.641	 2.12	 1	 -43.0803	  171.2665
13.643	 2.53	 1	 -41.6772	  174.2623
13.645	 2.09	 3	 -43.1726	  171.5664
13.651	 2.36	 1	 -42.6550	  173.1612
13.671	 2.56	 1	 -42.6634	  174.1571
13.680	 2.09	 3	 -42.7497	  173.3296
13.683	 2.01	 1	 -42.1258	  173.6576
13.685	 2.28	 1	 -43.7856	  167.0878
13.686	 2.26	 1	 -42.3875	  168.4295
13.693	 2.39	 1	 -42.8705	  172.8191
13.697	 2.27	 1	 -42.7803	  173.3225
13.698	 2.58	 1	 -41.9737	  173.3759
13.698	 2.33	 2	 -42.6898	  172.9411
13.715	 2.18	 1	 -42.4450	  173.7181
13.716	 2.22	 1	 -41.5948	  178.3522
13.722	 2.84	 1	 -42.7937	  173.4667
13.725	 2.04	 1	 -42.8238	  179.1373
13.725	 2.08	 1	 -42.0260	  174.8333
13.726	 2.17	 1	 -42.9001	  173.0672
13.748	 2.17	 2	 -42.7950	  173.4659
13.751	 2.86	 2	 -42.6725	  172.8314
13.755	 2.51	 1	 -40.9675	  168.4882
13.758	 4.02	 1	 -42.4266	  174.0527
13.763	 2.78	 1	 -42.3071	  173.7342
13.764	 2.07	 2	 -42.4682	  174.1323
13.769	 2.07	 1	 -43.1839	  172.6653
13.783	 2.25	 1	 -44.9437	  178.3181
13.786	 2.06	 1	 -42.2575	  173.6465
13.813	 3.42	 1	 -41.3052	  174.3268
13.814	 2.19	 1	 -42.3170	  174.4362
13.820	 3.52	 1	 -42.6710	  172.3004
13.821	 2.71	 1	 -40.8176	  173.6897
13.822	 2.02	 3	 -43.1703	  171.5809
13.832	 2.55	 1	 -42.4532	  173.2122
13.837	 2.45	 3	 -41.5732	  174.5625
13.856	 2.12	 2	 -42.4265	  174.0472
13.873	 3.18	 1	 -43.6936	  173.7836
13.877	 2.05	 1	 -42.3266	  173.1543
13.881	 2.46	 2	 -43.6939	  173.7812
13.889	 2.00	 1	 -42.5157	  172.8997
13.893	 2.87	 2	 -42.8020	  173.4598
13.897	 3.09	 1	 -43.3659	  173.3088
13.900	 2.63	 1	 -43.1116	  173.9865
13.904	 2.02	 2	 -42.3870	  168.4278
13.904	 2.33	 1	 -43.3146	  173.7354
13.907	 2.06	 1	 -42.4574	  173.2968
13.941	 2.22	 1	 -41.6969	  174.1551
13.949	 2.32	 1	 -42.4800	  173.2975
13.953	 2.18	 1	 -42.2790	  173.8611
13.957	 2.37	 1	 -42.9235	  173.0016
13.971	 3.68	 1	 -42.1808	  173.7479
13.976	 2.76	 2	 -43.6472	  173.0888
13.981	 2.17	 1	 -38.9210	  170.3500
