# Simulation 956
# RelativeTime(days) Magnitude Generation Latitude Longitude
Time Mag Gen Lat Lon
0.500	 2.58	 1	 -39.0504	  169.8088
0.504	 3.06	 1	 -42.7708	  173.6174
0.506	 2.32	 1	 -42.8908	  174.3094
0.506	 2.04	 1	 -42.8916	  173.1035
0.513	 3.31	 1	 -40.9801	  174.4177
0.513	 2.79	 1	 -42.8305	  173.0812
0.514	 2.37	 1	 -42.9049	  166.9112
0.517	 2.09	 1	 -43.5164	  172.9508
0.527	 2.69	 1	 -42.1864	  179.1011
0.529	 2.26	 1	 -42.4594	  173.1520
0.534	 3.11	 1	 -42.0499	  171.4020
0.538	 2.46	 1	 -42.2699	  173.2735
0.539	 2.11	 1	 -42.0753	  173.6714
0.540	 2.04	 1	 -42.9014	  173.6898
0.541	 3.07	 1	 -42.9367	  172.5647
0.544	 2.29	 1	 -40.8305	  173.3133
0.545	 2.08	 1	 -42.5568	  174.4370
0.547	 2.99	 1	 -42.4986	  172.7100
0.552	 3.39	 1	 -43.4370	  175.4467
0.555	 2.84	 1	 -42.8771	  172.9291
0.555	 2.24	 1	 -43.1847	  174.3508
0.556	 2.14	 1	 -41.4601	  173.6178
0.558	 2.52	 1	 -42.6270	  172.9530
0.560	 5.17	 1	 -44.1030	  173.9788
0.560	 2.55	 1	 -40.8128	  178.5797
0.560	 2.15	 2	 -44.0677	  173.9773
0.561	 2.05	 2	 -44.2999	  173.4989
0.561	 2.42	 1	 -41.8457	  170.7235
0.562	 2.39	 1	 -42.4040	  172.8932
0.564	 2.31	 1	 -45.8041	  174.1687
0.565	 2.39	 1	 -42.3643	  174.2645
0.565	 2.32	 2	 -44.2044	  173.8955
0.566	 3.06	 2	 -44.0595	  173.9359
0.566	 2.36	 1	 -42.7127	  172.5755
0.568	 2.06	 1	 -41.9066	  171.8715
0.568	 2.07	 1	 -42.3891	  173.1168
0.569	 2.76	 1	 -42.0571	  172.4886
0.569	 4.12	 2	 -44.0412	  173.1604
0.570	 2.09	 1	 -43.4730	  172.5991
0.571	 2.33	 1	 -43.1604	  173.2809
0.572	 2.02	 1	 -43.1284	  173.8341
0.573	 2.22	 1	 -41.9651	  176.9615
0.574	 2.40	 3	 -44.0874	  173.0573
0.575	 2.31	 1	 -43.2933	  172.7895
0.576	 2.07	 1	 -41.7536	  173.6206
0.577	 2.66	 1	 -42.1838	  172.9474
0.578	 2.06	 1	 -41.5875	  175.0104
0.579	 2.95	 1	 -40.4506	  169.8502
0.582	 2.00	 2	 -44.0971	  173.9856
0.584	 2.09	 1	 -38.7517	  175.9685
0.590	 2.32	 1	 -45.5615	  168.3114
0.590	 2.73	 1	 -42.5808	  173.1202
0.592	 2.44	 1	 -42.9305	  173.4852
0.593	 2.18	 1	 -40.4686	  175.8525
0.597	 2.25	 1	 -42.9763	  173.0169
0.599	 2.22	 2	 -44.1014	  173.9699
0.600	 2.27	 1	 -42.4226	  172.7845
0.605	 2.27	 2	 -44.1856	  173.8538
0.608	 3.01	 1	 -43.4402	  173.3502
0.609	 2.55	 2	 -44.0120	  173.9247
0.610	 2.03	 1	 -44.0874	  169.7214
0.610	 3.63	 1	 -45.5814	  177.1254
0.611	 2.67	 1	 -46.1150	  169.0541
0.612	 2.08	 2	 -44.0963	  173.9986
0.614	 2.23	 1	 -42.9701	  172.0087
0.616	 2.11	 1	 -42.1306	  173.5475
0.617	 3.34	 1	 -43.0689	  171.6004
0.620	 2.16	 1	 -42.5404	  173.1663
0.620	 2.00	 2	 -43.7736	  174.0748
0.621	 2.18	 1	 -45.5334	  175.9957
0.623	 2.04	 1	 -42.5000	  173.7789
0.624	 3.06	 1	 -42.2973	  172.2761
0.626	 2.46	 1	 -38.2677	  174.1105
0.627	 2.22	 1	 -42.4853	  172.7318
0.627	 2.06	 1	 -42.2529	  173.8911
0.630	 2.02	 1	 -42.3413	  172.4201
0.636	 2.11	 1	 -42.5508	  172.4490
0.637	 2.07	 1	 -40.9096	  171.2999
0.637	 2.83	 1	 -41.1709	  169.2946
0.637	 2.31	 1	 -41.9315	  174.0014
0.641	 2.75	 1	 -42.2214	  172.3881
0.642	 2.01	 1	 -42.7173	  172.8812
0.643	 3.54	 1	 -38.2310	  172.2595
0.644	 2.31	 1	 -42.7269	  173.0569
0.644	 2.15	 1	 -42.7879	  171.4920
0.644	 2.39	 1	 -42.8187	  172.0758
0.646	 2.07	 1	 -41.8064	  172.6366
0.647	 2.03	 1	 -42.1232	  170.9930
0.647	 2.25	 1	 -40.5612	  172.0615
0.647	 2.28	 1	 -41.8458	  173.6204
0.649	 2.40	 1	 -39.0269	  176.5654
0.650	 2.15	 1	 -41.8665	  172.8929
0.651	 2.45	 1	 -42.2716	  173.6697
0.654	 2.01	 1	 -43.1689	  172.5691
0.662	 2.08	 1	 -43.1048	  173.3152
0.665	 2.43	 1	 -40.6330	  173.2541
0.667	 2.32	 1	 -42.2705	  173.2062
0.669	 2.16	 1	 -42.0805	  174.2141
0.669	 2.95	 1	 -42.7685	  173.6498
0.670	 2.35	 1	 -41.7727	  173.3783
0.671	 2.31	 1	 -42.7300	  172.8432
0.672	 2.04	 1	 -41.7123	  171.2976
0.672	 2.51	 1	 -42.1394	  173.3354
0.675	 2.33	 1	 -43.0984	  174.1100
0.676	 5.15	 1	 -42.1323	  172.6281
0.676	 2.12	 1	 -43.8717	  178.9258
0.677	 2.01	 1	 -43.3831	  173.9872
0.677	 2.14	 2	 -42.1534	  172.6234
0.681	 2.02	 1	 -42.9860	  172.7959
0.684	 2.80	 1	 -42.7318	  174.0067
0.688	 3.09	 1	 -46.4812	  169.7272
0.692	 2.31	 1	 -39.3255	  168.9672
0.695	 3.03	 1	 -42.8802	  173.2202
0.696	 2.38	 1	 -43.2475	  172.6119
0.697	 2.06	 1	 -43.0947	  172.2438
0.701	 2.54	 2	 -40.8150	  178.5728
0.703	 2.00	 2	 -42.2876	  172.6151
0.704	 2.32	 2	 -42.1781	  172.6797
0.706	 2.62	 2	 -42.1375	  172.6184
0.707	 2.07	 2	 -42.1010	  172.6818
0.707	 2.22	 1	 -42.2423	  174.1604
0.707	 2.22	 1	 -41.6065	  169.7894
0.708	 2.17	 1	 -42.7210	  172.1679
0.713	 2.62	 1	 -42.4425	  173.8930
0.715	 3.00	 1	 -42.2060	  166.9403
0.717	 2.06	 1	 -42.4951	  176.1946
0.718	 2.09	 1	 -42.8127	  173.2230
0.718	 2.12	 1	 -42.3482	  173.9149
0.720	 2.81	 1	 -42.3374	  172.1686
0.722	 2.08	 1	 -42.5764	  171.3321
0.722	 2.49	 1	 -44.7977	  174.2343
0.725	 2.08	 1	 -43.3505	  172.3283
0.726	 2.27	 1	 -43.6149	  167.0344
0.726	 2.33	 1	 -43.1457	  171.6125
0.728	 2.23	 1	 -41.6927	  172.2053
0.728	 2.51	 1	 -43.8119	  173.1557
0.728	 3.03	 1	 -42.7659	  173.4835
0.729	 2.75	 1	 -39.6302	  177.5019
0.730	 2.06	 1	 -42.2582	  172.9453
0.731	 2.24	 1	 -45.0988	  178.1903
0.731	 3.02	 1	 -42.0978	  174.5353
0.732	 2.09	 1	 -42.8643	  171.9130
0.736	 2.14	 1	 -42.2482	  173.2785
0.739	 2.01	 1	 -42.9774	  172.6408
0.739	 2.01	 1	 -42.8213	  171.9566
0.741	 2.19	 2	 -42.9850	  172.7690
0.742	 3.19	 1	 -42.9108	  172.5649
0.744	 3.84	 1	 -42.3744	  173.7228
0.747	 2.15	 1	 -41.8651	  174.8342
0.749	 2.35	 1	 -42.4252	  173.4500
0.751	 2.54	 2	 -42.1191	  172.6034
0.753	 2.08	 1	 -44.1191	  171.1508
0.754	 2.32	 1	 -39.8782	  168.2507
0.754	 2.89	 1	 -41.7348	  171.3651
0.755	 2.55	 1	 -38.6326	  170.3923
0.756	 2.48	 2	 -42.1153	  172.6150
0.759	 2.25	 1	 -42.9322	  170.5508
0.760	 2.08	 2	 -44.1024	  174.0115
0.762	 2.67	 1	 -38.6836	  175.7930
0.762	 2.15	 1	 -38.3355	  174.5343
0.764	 2.18	 1	 -42.8081	  174.5072
0.765	 2.26	 1	 -43.4501	  170.9233
0.765	 2.04	 1	 -44.8154	  175.3583
0.768	 2.25	 1	 -43.0644	  173.1310
0.769	 2.33	 1	 -41.3603	  173.6549
0.769	 2.49	 1	 -41.3884	  173.8396
0.774	 2.46	 2	 -42.1224	  172.5834
0.774	 3.48	 1	 -47.1821	  172.6797
0.774	 3.86	 2	 -44.7798	  174.1993
0.781	 2.40	 1	 -42.2225	  172.7331
0.781	 2.06	 1	 -42.4860	  168.4998
0.788	 2.32	 2	 -42.3755	  173.7233
0.789	 2.70	 1	 -42.9471	  172.0803
0.790	 3.12	 1	 -41.7040	  173.9643
0.791	 2.49	 1	 -42.5962	  171.2407
0.793	 2.37	 1	 -42.8502	  172.3436
0.793	 2.09	 1	 -42.0678	  172.0337
0.795	 2.04	 1	 -42.6993	  172.4362
0.800	 2.22	 2	 -42.0913	  172.3422
0.807	 2.00	 1	 -42.9615	  172.8734
0.810	 2.73	 2	 -42.1071	  172.6520
0.811	 2.02	 1	 -47.0855	  171.7163
0.816	 2.05	 2	 -43.7379	  173.6968
0.823	 2.28	 1	 -42.8137	  173.1506
0.824	 2.22	 1	 -41.5828	  175.1559
0.825	 2.15	 1	 -42.3827	  172.6607
0.825	 2.87	 1	 -43.4556	  171.4857
0.826	 2.85	 1	 -41.5348	  167.9482
0.827	 2.05	 1	 -42.8410	  173.1451
0.832	 2.60	 1	 -42.0860	  173.6137
0.839	 2.81	 1	 -42.0856	  172.9878
0.841	 2.07	 1	 -42.3439	  172.8359
0.845	 2.76	 1	 -42.9276	  170.2941
0.846	 2.20	 1	 -42.2710	  172.4913
0.847	 2.05	 2	 -41.5848	  175.1539
0.850	 2.45	 1	 -46.3854	  169.5315
0.851	 2.90	 1	 -42.9360	  173.4544
0.862	 2.24	 1	 -41.0181	  175.1514
0.865	 2.66	 1	 -43.0149	  172.1266
0.875	 2.05	 1	 -42.8179	  172.5626
0.876	 2.07	 1	 -46.5025	  176.2713
0.882	 2.54	 1	 -42.6856	  173.0026
0.882	 2.87	 1	 -46.2028	  172.1221
0.882	 2.35	 1	 -44.6117	  173.4077
0.883	 2.04	 2	 -44.1530	  173.9378
0.887	 2.09	 1	 -44.7209	  171.9929
0.890	 2.14	 1	 -44.4242	  174.2998
0.894	 2.64	 1	 -43.7090	  173.8930
0.905	 2.20	 1	 -42.7684	  172.6877
0.908	 2.30	 1	 -43.1276	  172.7580
0.908	 2.43	 1	 -42.7109	  170.7422
0.908	 2.40	 1	 -43.3832	  173.6326
0.915	 2.26	 1	 -43.3748	  172.9631
0.916	 2.42	 2	 -42.3694	  173.7123
0.924	 2.87	 1	 -43.9782	  172.1559
0.924	 2.00	 1	 -42.2042	  172.9466
0.926	 2.33	 1	 -42.7128	  172.9520
0.931	 2.36	 1	 -42.5012	  172.2280
0.936	 2.68	 1	 -40.4551	  178.3289
0.938	 2.33	 1	 -42.5388	  172.5463
0.941	 2.22	 1	 -42.2027	  173.9797
0.943	 3.22	 1	 -42.8811	  173.7713
0.949	 2.66	 1	 -42.8325	  173.4064
0.950	 2.02	 1	 -42.1650	  173.2674
0.952	 2.22	 1	 -41.1709	  173.1631
0.959	 2.56	 1	 -42.9751	  169.7080
0.960	 3.16	 1	 -41.8665	  172.0079
0.960	 2.18	 1	 -38.3916	  171.2372
0.970	 2.45	 1	 -42.8233	  174.7989
0.976	 2.08	 1	 -44.8548	  176.5937
0.977	 2.06	 1	 -40.4456	  178.3214
0.979	 2.77	 1	 -39.5977	  172.7230
0.980	 2.37	 1	 -42.2495	  172.2959
0.982	 2.69	 1	 -42.8333	  171.9243
0.988	 2.38	 1	 -42.1719	  175.8735
0.991	 2.12	 1	 -42.0694	  175.2970
0.991	 2.38	 1	 -41.9388	  168.5149
0.994	 2.10	 3	 -44.7796	  174.2000
0.996	 2.10	 1	 -42.4056	  173.1581
1.000	 2.47	 1	 -43.2416	  170.1362
1.005	 2.10	 1	 -44.9296	  169.1532
1.006	 2.01	 1	 -42.7721	  172.6217
1.006	 2.20	 3	 -42.0910	  172.3497
1.013	 2.05	 1	 -42.3493	  172.6256
1.016	 2.30	 1	 -42.5719	  173.7204
1.017	 2.11	 1	 -43.2251	  173.4683
1.020	 2.25	 1	 -42.6170	  172.1754
1.027	 2.33	 3	 -44.7527	  174.1633
1.027	 2.61	 1	 -42.7526	  171.9604
1.030	 2.38	 2	 -44.1160	  173.9900
1.031	 2.38	 1	 -43.0494	  171.2884
1.031	 2.53	 1	 -42.0795	  173.2843
1.067	 2.35	 1	 -39.5022	  168.7109
1.073	 2.16	 1	 -43.3841	  173.1385
1.082	 2.40	 1	 -42.9134	  172.9211
1.084	 2.03	 1	 -38.2025	  172.6917
1.084	 2.10	 1	 -42.9382	  172.7322
1.086	 2.40	 1	 -43.2944	  171.0495
1.087	 2.08	 1	 -43.9923	  174.6982
1.094	 2.11	 1	 -40.6199	  175.5589
1.096	 2.89	 1	 -42.5261	  173.2199
1.097	 2.70	 1	 -42.8138	  172.6003
1.099	 3.86	 1	 -42.2030	  172.1108
1.103	 2.03	 1	 -42.9313	  173.1791
1.105	 2.56	 2	 -44.2370	  173.9741
1.106	 2.16	 1	 -42.5233	  173.5894
1.112	 2.20	 1	 -38.5171	  170.7516
1.121	 2.48	 1	 -41.8394	  173.9901
1.125	 2.24	 1	 -38.2688	  174.1188
1.134	 2.07	 1	 -42.6670	  173.1971
1.135	 2.58	 2	 -42.2054	  172.4649
1.140	 2.05	 1	 -42.2918	  172.4679
1.144	 2.01	 1	 -42.1673	  174.2793
1.146	 2.20	 1	 -44.2506	  170.0059
1.161	 3.01	 1	 -43.2287	  172.8924
1.169	 2.24	 2	 -41.7229	  171.3662
1.173	 2.35	 1	 -42.1098	  173.3034
1.176	 2.12	 1	 -42.4034	  172.7103
1.177	 2.40	 1	 -38.8623	  176.2271
1.181	 2.34	 1	 -43.2332	  174.6231
1.182	 2.70	 1	 -42.6385	  169.5069
1.186	 2.36	 1	 -43.3804	  173.4499
1.195	 2.50	 1	 -42.0022	  166.9769
1.197	 2.15	 2	 -42.9148	  170.2743
1.203	 2.17	 1	 -40.9468	  170.3878
1.204	 2.50	 1	 -42.9780	  174.8357
1.205	 2.34	 1	 -42.2480	  173.6809
1.207	 2.60	 1	 -42.4705	  172.9589
1.216	 2.42	 1	 -44.1964	  171.0672
1.227	 3.36	 1	 -42.1203	  174.7471
1.229	 2.31	 1	 -42.2396	  172.4451
1.230	 2.48	 1	 -43.4836	  170.9188
1.233	 2.62	 1	 -42.6208	  172.8412
1.241	 2.32	 2	 -42.4731	  172.9588
1.247	 4.17	 1	 -44.1014	  171.5724
1.250	 2.13	 2	 -44.0207	  171.5548
1.253	 2.89	 1	 -42.3385	  171.4138
1.256	 4.51	 1	 -41.6287	  176.0205
1.256	 3.20	 1	 -42.1317	  169.6093
1.261	 2.61	 1	 -43.0721	  173.5584
1.271	 2.09	 1	 -42.1149	  173.5388
1.274	 2.15	 1	 -42.5860	  172.6495
1.281	 2.06	 1	 -41.9885	  174.2524
1.282	 2.45	 1	 -42.3408	  176.1894
1.286	 2.10	 1	 -42.8226	  177.9290
1.289	 2.85	 1	 -43.0838	  171.2971
1.297	 3.33	 2	 -42.0860	  172.1128
1.298	 3.14	 1	 -44.4348	  172.1175
1.299	 2.33	 1	 -39.5750	  177.4308
1.318	 2.13	 1	 -42.9719	  172.9539
1.325	 2.61	 1	 -44.2747	  171.3578
1.329	 2.26	 1	 -42.7390	  173.1764
1.331	 2.91	 1	 -39.4933	  172.8214
1.336	 2.12	 1	 -39.4205	  168.8258
1.340	 2.47	 1	 -41.9874	  173.0491
1.342	 2.47	 1	 -46.2336	  169.2517
1.344	 2.69	 1	 -42.5856	  173.3021
1.347	 2.20	 1	 -40.8666	  178.6129
1.347	 2.06	 1	 -43.8203	  173.1145
1.347	 2.09	 1	 -43.7319	  172.6797
1.354	 2.01	 1	 -42.8897	  173.0390
1.358	 2.68	 1	 -41.5664	  171.8531
1.364	 2.25	 1	 -42.9699	  171.3184
1.365	 2.23	 1	 -42.8967	  173.0111
1.365	 2.01	 1	 -46.3926	  169.5457
1.385	 2.03	 1	 -43.1807	  172.9523
1.386	 2.01	 1	 -44.9940	  169.8541
1.397	 2.53	 2	 -44.1008	  171.5730
1.406	 2.23	 1	 -42.4688	  173.1170
1.422	 2.53	 1	 -43.7074	  173.4965
1.423	 2.02	 1	 -42.5999	  172.6239
1.425	 3.55	 1	 -43.2761	  173.6562
1.452	 2.19	 1	 -43.0983	  173.6572
1.466	 2.44	 2	 -41.5636	  171.8534
1.475	 2.24	 1	 -46.1404	  176.9494
1.494	 2.58	 1	 -41.7187	  175.3768
1.509	 2.33	 1	 -43.5014	  171.2376
1.517	 2.68	 1	 -43.2110	  173.3497
1.519	 2.12	 2	 -43.2122	  173.3466
1.524	 3.17	 1	 -39.8488	  174.2112
1.546	 3.13	 1	 -41.4828	  173.3633
1.559	 2.02	 1	 -42.7994	  173.8281
1.565	 2.92	 1	 -43.1239	  173.1369
1.573	 2.02	 1	 -41.9078	  172.3100
1.573	 2.01	 1	 -40.6030	  172.0202
1.580	 2.64	 1	 -42.8425	  179.1366
1.580	 3.33	 1	 -42.8169	  173.4929
1.588	 2.05	 1	 -42.1613	  173.3734
1.590	 3.42	 1	 -43.1418	  174.0981
1.591	 2.06	 1	 -41.9448	  172.0840
1.597	 3.67	 1	 -42.0816	  172.9651
1.598	 2.47	 1	 -43.2773	  178.5443
1.602	 2.40	 1	 -43.0702	  172.7141
1.603	 2.36	 1	 -40.7237	  173.1766
1.604	 2.38	 1	 -38.8169	  169.9200
1.609	 2.78	 1	 -43.7410	  171.2005
1.610	 2.55	 1	 -42.1501	  171.6135
1.612	 2.30	 1	 -42.8493	  172.8196
1.614	 2.93	 1	 -42.6312	  168.6690
1.620	 3.44	 1	 -42.4522	  173.2044
1.623	 2.13	 1	 -42.6528	  179.1397
1.633	 3.00	 1	 -42.1518	  173.6097
1.636	 2.30	 1	 -42.9610	  172.9387
1.648	 2.02	 2	 -43.7451	  171.2079
1.654	 3.29	 2	 -44.4285	  172.1190
1.656	 2.18	 1	 -42.9769	  174.9538
1.660	 2.64	 2	 -43.1438	  174.1098
1.660	 2.43	 1	 -43.4877	  173.8338
1.665	 2.38	 1	 -42.9427	  173.4571
1.672	 2.67	 1	 -43.2905	  173.3052
1.673	 2.32	 1	 -39.3588	  168.9167
1.677	 2.44	 3	 -44.4324	  172.1046
1.696	 2.50	 1	 -42.0153	  170.6085
1.698	 2.82	 1	 -42.9654	  166.9156
1.700	 2.20	 1	 -44.2397	  173.2737
1.712	 2.02	 1	 -40.6476	  167.5736
1.716	 3.78	 1	 -41.3433	  173.6819
1.719	 2.22	 1	 -43.1477	  171.3310
1.728	 2.64	 2	 -42.0821	  172.5966
1.731	 2.13	 1	 -42.2487	  171.7618
1.746	 2.43	 1	 -39.2155	  169.1429
1.756	 2.25	 1	 -42.6251	  171.8266
1.760	 3.26	 1	 -42.6154	  171.2765
1.780	 2.31	 1	 -41.7014	  175.3971
1.784	 2.06	 1	 -40.8855	  173.8426
1.789	 2.14	 1	 -41.7323	  176.4007
1.805	 2.47	 1	 -42.1622	  166.9470
1.820	 2.29	 1	 -43.2523	  172.3271
1.823	 2.93	 1	 -42.2588	  173.5540
1.831	 2.21	 1	 -38.4209	  174.9329
1.832	 2.13	 1	 -40.8907	  171.6088
1.834	 2.86	 1	 -43.0210	  171.7859
1.839	 2.24	 1	 -42.5234	  173.4355
1.841	 2.25	 1	 -38.6335	  173.5256
1.842	 3.00	 1	 -42.8624	  172.1145
1.842	 2.29	 1	 -41.2242	  172.5811
1.844	 2.29	 1	 -41.2071	  172.2629
1.846	 2.81	 1	 -42.1766	  173.5871
1.869	 2.33	 2	 -41.5728	  171.8547
1.876	 2.79	 1	 -41.9522	  173.8745
1.883	 2.05	 1	 -44.8150	  167.6288
1.886	 2.38	 1	 -41.9950	  172.9131
1.911	 2.12	 1	 -42.7961	  173.1469
1.917	 2.10	 1	 -42.3603	  173.3103
1.932	 2.86	 1	 -42.2310	  173.2432
1.933	 2.05	 1	 -42.3628	  173.3177
1.938	 4.71	 1	 -42.1697	  173.7801
1.944	 2.18	 1	 -41.5463	  174.9054
1.950	 2.05	 1	 -43.1700	  176.1745
1.951	 2.33	 2	 -41.6501	  176.0291
1.972	 2.25	 1	 -43.8366	  170.9970
1.983	 2.41	 1	 -44.7420	  178.4675
1.986	 2.01	 1	 -43.1955	  175.2281
1.992	 2.09	 1	 -40.2266	  173.4297
1.995	 2.43	 1	 -43.5624	  174.3848
1.998	 2.13	 1	 -42.2256	  172.3724
1.998	 2.07	 2	 -42.1739	  173.7764
2.007	 2.08	 1	 -45.1966	  172.5224
2.008	 2.36	 1	 -42.3993	  172.0330
2.010	 2.87	 1	 -42.4759	  174.1834
2.013	 2.41	 1	 -44.4113	  172.4188
2.023	 2.26	 1	 -39.2982	  169.0097
2.030	 2.00	 1	 -42.2949	  173.9788
2.052	 2.34	 1	 -41.6884	  174.7048
2.062	 2.08	 1	 -42.5704	  171.1553
2.063	 2.14	 1	 -41.6515	  174.3620
2.069	 4.21	 1	 -43.1296	  172.9075
2.079	 3.03	 1	 -42.3576	  173.5971
2.081	 2.08	 2	 -42.4730	  171.9536
2.088	 2.50	 1	 -43.5651	  173.7623
2.092	 2.34	 1	 -42.9737	  173.0866
2.106	 3.88	 1	 -46.2269	  172.6959
2.120	 2.31	 1	 -43.9094	  172.8929
2.136	 2.21	 1	 -42.2154	  170.5312
2.138	 2.08	 1	 -42.8068	  173.1490
2.138	 2.17	 1	 -42.9858	  173.7352
2.150	 2.29	 1	 -42.1738	  174.8836
2.155	 2.08	 1	 -42.7918	  173.2925
2.164	 2.47	 1	 -41.5134	  173.0449
2.180	 2.24	 1	 -40.9377	  173.0517
2.182	 2.07	 1	 -43.1000	  173.4270
2.188	 2.18	 1	 -43.0943	  173.2592
2.199	 2.07	 1	 -42.7642	  173.3903
2.201	 2.90	 1	 -42.1573	  173.0465
2.208	 2.64	 1	 -43.6742	  172.9251
2.228	 2.08	 1	 -39.2306	  176.9263
2.230	 2.51	 1	 -46.6423	  170.0983
2.237	 2.71	 1	 -46.8942	  170.8430
2.237	 2.64	 1	 -42.4961	  173.1839
2.251	 2.27	 2	 -42.1111	  172.7184
2.256	 2.99	 1	 -46.9535	  171.0677
2.258	 2.62	 2	 -42.1577	  173.0461
2.263	 2.44	 1	 -42.6688	  172.1539
2.264	 2.73	 1	 -42.8036	  172.4107
2.271	 2.37	 1	 -38.9527	  171.4662
2.280	 2.05	 1	 -42.5858	  172.8059
2.283	 2.29	 2	 -42.6686	  172.1565
2.283	 2.30	 1	 -42.7095	  174.1776
2.296	 2.03	 1	 -39.4706	  172.0111
2.302	 2.75	 1	 -42.5107	  173.2961
2.317	 2.69	 1	 -42.7348	  172.9917
2.326	 2.30	 1	 -43.4010	  173.8431
2.329	 2.56	 1	 -40.3625	  173.9618
2.331	 4.12	 1	 -42.3846	  171.4858
2.335	 2.31	 1	 -45.4496	  168.7936
2.358	 2.13	 1	 -38.5376	  175.3614
2.359	 3.22	 1	 -42.9150	  174.1965
2.365	 3.33	 1	 -41.2595	  178.8210
2.371	 3.22	 2	 -42.4341	  171.5434
2.382	 2.06	 2	 -46.9534	  171.0640
2.399	 2.49	 1	 -38.2960	  174.3056
2.403	 2.47	 1	 -42.7261	  172.2857
2.408	 2.02	 1	 -43.1348	  174.0776
2.412	 2.51	 1	 -41.8536	  173.2312
2.449	 2.00	 1	 -41.6419	  178.9706
2.462	 2.20	 1	 -43.1542	  173.5354
2.473	 2.69	 2	 -42.0835	  174.1749
2.480	 2.09	 1	 -44.2824	  173.4384
2.491	 2.22	 1	 -42.6806	  173.2053
2.506	 2.41	 1	 -42.1389	  173.7431
2.509	 2.30	 1	 -42.8132	  173.0474
2.511	 2.76	 1	 -43.5832	  173.9929
2.524	 2.34	 1	 -40.0899	  171.9363
2.530	 2.43	 1	 -39.9398	  168.1846
2.556	 2.73	 1	 -43.0511	  173.0488
2.579	 2.72	 1	 -43.0283	  178.4412
2.614	 2.27	 1	 -46.0257	  173.9642
2.622	 3.34	 1	 -44.5508	  173.0722
2.630	 2.38	 1	 -42.5439	  173.7509
2.631	 2.55	 2	 -43.5691	  173.9535
2.636	 2.05	 1	 -42.7247	  172.2079
2.645	 2.06	 1	 -42.2496	  172.6310
2.677	 2.11	 1	 -42.6613	  173.0027
2.679	 2.52	 1	 -42.4532	  172.8382
2.684	 2.86	 1	 -41.7796	  172.9268
2.685	 2.25	 1	 -44.3433	  171.4736
2.686	 2.51	 1	 -41.8348	  176.3180
2.695	 2.08	 1	 -42.5894	  175.2762
2.721	 2.65	 1	 -41.8405	  170.5719
2.724	 3.58	 1	 -42.3207	  179.1190
2.747	 2.58	 1	 -42.2487	  172.4248
2.752	 2.50	 1	 -43.5359	  173.4364
2.754	 2.27	 1	 -42.6450	  173.2735
2.775	 4.16	 1	 -43.2823	  172.8184
2.798	 2.63	 1	 -42.7631	  172.2102
2.810	 2.13	 2	 -43.5830	  173.9960
2.816	 2.11	 1	 -44.6207	  167.4953
2.823	 2.63	 2	 -41.7215	  175.3823
2.830	 3.07	 1	 -42.6265	  173.5090
2.831	 2.15	 1	 -41.9874	  172.5021
2.837	 2.38	 1	 -42.9371	  172.0842
2.847	 2.43	 2	 -43.2844	  172.8176
2.858	 2.50	 1	 -42.7844	  172.9570
2.859	 2.02	 1	 -42.1810	  172.9759
2.874	 2.25	 1	 -42.0209	  173.4923
2.877	 2.49	 1	 -42.5333	  172.9914
2.890	 2.01	 1	 -42.8967	  172.8535
2.898	 2.10	 1	 -44.1013	  169.0291
2.899	 2.05	 1	 -43.0279	  169.7294
2.917	 2.54	 1	 -46.9613	  171.0993
2.918	 2.19	 1	 -43.0740	  172.7458
2.965	 2.68	 1	 -42.9272	  173.3979
2.978	 2.08	 1	 -41.8626	  171.7819
3.013	 2.83	 2	 -42.8440	  179.1636
3.028	 2.05	 1	 -45.3544	  168.0915
3.050	 2.91	 1	 -42.9610	  172.9261
3.061	 3.83	 1	 -43.4659	  169.2935
3.077	 2.04	 1	 -41.1814	  173.1060
3.092	 3.01	 2	 -43.4876	  169.3327
3.116	 2.31	 1	 -44.5935	  171.7152
3.127	 2.47	 1	 -42.8291	  171.0333
3.128	 2.37	 1	 -42.5299	  172.9284
3.132	 2.20	 1	 -42.5776	  173.0566
3.151	 2.62	 1	 -42.2787	  170.9881
3.153	 2.11	 1	 -43.5245	  172.7309
3.165	 2.50	 1	 -42.7687	  172.8967
3.189	 2.11	 1	 -42.6231	  172.6921
3.205	 3.09	 1	 -42.6829	  173.2266
3.205	 2.69	 2	 -42.0746	  172.9729
3.212	 2.43	 1	 -43.1235	  171.5285
3.217	 2.21	 1	 -41.4157	  171.6479
3.221	 2.35	 1	 -44.7768	  178.4430
3.312	 2.16	 1	 -38.8838	  169.7702
3.316	 2.50	 1	 -40.9463	  167.3845
3.326	 2.25	 1	 -42.6202	  172.8061
3.335	 2.22	 1	 -42.3935	  173.0260
3.337	 3.27	 1	 -42.0037	  173.9823
3.346	 2.31	 1	 -43.2557	  173.7874
3.356	 2.22	 1	 -42.6500	  172.0244
3.362	 2.25	 1	 -42.5862	  174.6958
3.409	 2.25	 1	 -42.7569	  170.8926
3.439	 2.56	 1	 -42.1548	  173.7618
3.475	 2.07	 1	 -42.8844	  172.6289
3.507	 2.13	 1	 -42.3293	  172.6425
3.516	 2.61	 1	 -42.8420	  172.7681
3.523	 2.56	 1	 -38.6376	  174.9383
3.525	 2.70	 1	 -43.0705	  173.8280
3.542	 2.30	 1	 -43.3200	  172.9865
3.598	 2.05	 1	 -42.5836	  172.8656
3.599	 2.45	 1	 -40.6316	  174.3283
3.623	 3.28	 1	 -42.4684	  173.2931
3.666	 2.07	 1	 -42.0631	  174.4179
3.670	 2.67	 1	 -42.9871	  173.1776
3.678	 3.14	 1	 -41.4381	  169.6859
3.683	 2.07	 1	 -45.7597	  170.7030
3.698	 2.06	 1	 -38.8739	  176.2524
3.706	 3.77	 1	 -42.0930	  172.1534
3.710	 2.01	 1	 -44.2139	  171.1052
3.763	 2.47	 1	 -47.1538	  173.7881
3.799	 2.37	 1	 -41.9144	  173.2891
3.825	 2.24	 1	 -42.9558	  173.8211
3.826	 2.12	 1	 -42.8749	  171.8523
3.834	 2.05	 1	 -43.0356	  172.5143
3.843	 2.05	 1	 -44.0277	  172.0750
3.845	 2.10	 1	 -42.4458	  173.3577
3.873	 2.03	 1	 -41.8540	  179.0326
3.885	 2.42	 1	 -42.9845	  170.5819
3.886	 2.06	 1	 -44.1033	  171.9486
3.924	 2.56	 2	 -47.1529	  173.7904
3.928	 2.56	 2	 -42.1664	  173.7837
3.933	 2.64	 1	 -45.2125	  172.8599
3.943	 2.43	 1	 -42.9834	  172.7781
3.944	 2.30	 3	 -47.1077	  173.5560
3.987	 2.18	 1	 -42.4597	  170.4176
4.010	 2.01	 2	 -42.4671	  173.2935
4.015	 2.20	 1	 -42.9952	  173.0397
4.020	 2.14	 1	 -41.9332	  173.5104
4.079	 2.55	 1	 -42.2569	  173.6494
4.121	 2.05	 1	 -44.4653	  172.0332
4.126	 2.02	 1	 -40.8065	  171.8126
4.132	 2.01	 1	 -43.3176	  172.5410
4.140	 2.74	 1	 -42.8807	  172.9211
4.149	 3.26	 1	 -42.8340	  173.7690
4.177	 2.49	 1	 -43.0808	  173.0244
4.178	 2.31	 1	 -38.2195	  173.6476
4.187	 3.24	 1	 -42.0207	  170.4265
4.196	 2.56	 2	 -42.0157	  170.4224
4.199	 2.42	 1	 -42.5947	  173.6548
4.218	 2.03	 1	 -42.6595	  170.3611
4.232	 2.12	 1	 -46.4487	  174.1716
4.274	 2.21	 1	 -42.2086	  172.9198
4.299	 2.05	 1	 -42.7679	  173.3926
4.327	 2.16	 1	 -45.3947	  175.5035
4.386	 2.10	 1	 -44.1781	  170.5870
4.400	 2.10	 1	 -42.2647	  174.8498
4.407	 2.05	 1	 -42.9729	  173.6382
4.413	 2.94	 1	 -42.4547	  174.2346
4.419	 2.29	 1	 -41.9422	  174.8705
4.492	 2.40	 1	 -41.9469	  171.9436
4.524	 2.02	 1	 -42.6262	  173.1499
4.539	 2.05	 1	 -41.8762	  173.0294
4.559	 2.01	 2	 -43.9925	  174.3039
4.564	 2.17	 1	 -42.7107	  173.6127
4.578	 2.23	 1	 -44.9070	  174.6029
4.582	 2.18	 1	 -42.6158	  172.1745
4.606	 2.62	 1	 -43.8776	  173.9388
4.608	 2.29	 1	 -42.7950	  173.1832
4.615	 2.04	 1	 -42.5210	  170.9710
4.630	 2.52	 1	 -42.1939	  173.5041
4.633	 2.10	 1	 -42.9756	  172.2671
4.664	 3.83	 1	 -42.5197	  173.2424
4.667	 2.75	 1	 -42.1329	  173.5145
4.668	 2.39	 1	 -43.9613	  173.7301
4.674	 3.09	 1	 -41.4228	  171.5483
4.675	 2.57	 2	 -41.4003	  171.5536
4.683	 2.17	 1	 -42.7768	  173.4077
4.696	 2.61	 1	 -42.2645	  172.9984
4.705	 2.17	 2	 -44.4150	  172.4145
4.716	 2.04	 1	 -42.7911	  172.3923
4.723	 2.16	 1	 -44.2037	  175.7509
4.724	 2.60	 1	 -44.6842	  174.8932
4.726	 2.57	 1	 -42.9967	  173.7692
4.741	 2.12	 1	 -42.8090	  172.2670
4.771	 2.21	 1	 -42.0227	  173.0295
4.798	 2.93	 1	 -46.5647	  176.1322
4.809	 2.22	 1	 -39.9560	  172.1030
4.841	 2.13	 1	 -42.5441	  179.1366
4.841	 2.16	 1	 -40.8911	  174.2326
4.855	 3.49	 1	 -39.3307	  175.5537
4.892	 3.10	 1	 -43.3981	  171.2304
4.916	 2.06	 1	 -43.0748	  173.1961
4.922	 2.34	 1	 -42.4338	  172.7728
4.923	 2.11	 2	 -43.3961	  171.2131
4.925	 2.24	 1	 -42.4136	  172.4510
4.955	 3.10	 1	 -42.4148	  172.6806
4.976	 2.20	 1	 -42.8630	  172.5218
5.041	 2.02	 1	 -42.7021	  174.2748
5.073	 2.03	 1	 -43.1919	  172.4410
5.089	 3.46	 1	 -38.9705	  169.7282
5.104	 2.40	 1	 -41.4941	  172.4227
5.126	 2.63	 1	 -43.2873	  172.8211
5.126	 2.14	 1	 -42.4834	  173.2746
5.140	 2.09	 1	 -42.7484	  172.7254
5.142	 3.52	 1	 -41.5838	  175.9055
5.213	 2.61	 1	 -41.9944	  172.8291
5.230	 2.26	 1	 -42.3939	  177.1163
5.233	 2.44	 1	 -40.7301	  174.1472
5.288	 2.29	 1	 -44.3762	  167.3494
5.292	 2.27	 1	 -42.9890	  171.7379
5.302	 2.21	 1	 -42.6077	  172.9141
5.304	 2.10	 1	 -47.1852	  173.2794
5.336	 2.25	 1	 -43.2414	  175.0042
5.348	 2.04	 2	 -43.1197	  172.9021
5.443	 2.17	 1	 -45.2976	  178.0087
5.477	 2.23	 1	 -41.2279	  174.2983
5.491	 3.27	 1	 -42.9394	  174.4439
5.495	 2.06	 1	 -42.6994	  173.1798
5.510	 2.10	 1	 -42.4574	  173.5585
5.540	 3.10	 2	 -41.6577	  176.0518
5.543	 2.33	 1	 -42.6356	  172.5901
5.554	 2.61	 1	 -41.8431	  172.0660
5.573	 2.54	 1	 -41.2062	  173.2373
5.575	 2.15	 1	 -38.2813	  174.2087
5.579	 2.74	 1	 -42.4731	  174.1849
5.650	 2.18	 1	 -43.1417	  172.9353
5.728	 3.43	 1	 -43.0096	  172.5368
5.730	 2.06	 1	 -38.8508	  174.7700
5.770	 2.06	 1	 -42.4649	  171.8794
5.805	 2.66	 1	 -40.8207	  171.3555
5.834	 4.34	 1	 -44.1964	  173.4342
5.837	 2.14	 2	 -44.1915	  173.4344
5.838	 2.14	 2	 -44.2039	  173.4200
5.840	 2.67	 2	 -41.4293	  171.6550
5.854	 3.16	 1	 -42.6665	  174.3198
5.860	 2.19	 2	 -42.4587	  174.1572
5.868	 2.45	 1	 -41.2919	  167.2087
5.907	 2.35	 1	 -44.7088	  171.7964
5.929	 2.12	 1	 -39.0533	  176.6154
5.936	 2.97	 1	 -43.5109	  174.0820
5.946	 2.97	 1	 -43.9189	  171.0334
5.977	 3.21	 1	 -42.9874	  172.3481
5.994	 2.90	 2	 -44.1908	  173.4216
6.013	 2.45	 1	 -42.2209	  173.3792
6.029	 2.35	 1	 -42.3619	  173.3278
6.060	 2.16	 1	 -42.2507	  172.5157
6.063	 4.27	 1	 -39.5428	  168.6560
6.064	 2.49	 2	 -39.5497	  168.6801
6.069	 2.13	 1	 -42.5196	  173.3441
6.070	 2.09	 2	 -39.5509	  168.6227
6.089	 3.17	 1	 -40.7971	  169.1194
6.131	 3.18	 2	 -39.6690	  168.9884
6.172	 2.02	 2	 -39.5387	  168.6082
6.181	 3.25	 1	 -42.6668	  172.3292
6.188	 2.15	 1	 -43.3260	  171.5343
6.201	 2.58	 2	 -39.5115	  168.3363
6.261	 2.25	 1	 -44.1755	  176.8132
6.280	 2.65	 1	 -39.8901	  173.4393
6.343	 3.16	 1	 -42.8808	  172.2514
6.346	 2.10	 1	 -40.6568	  176.7692
6.351	 2.08	 1	 -42.4024	  173.2725
6.364	 2.28	 1	 -42.4701	  173.6377
6.397	 2.05	 2	 -39.5873	  168.6892
6.416	 3.56	 1	 -41.2561	  172.5939
6.432	 3.32	 1	 -46.4592	  173.4721
6.529	 2.33	 1	 -43.6575	  173.2332
6.563	 2.01	 1	 -42.5743	  173.4590
6.634	 2.70	 1	 -40.5760	  171.2684
6.658	 2.21	 1	 -42.8005	  172.3721
6.688	 2.27	 2	 -38.2351	  172.2628
6.715	 2.52	 1	 -40.9396	  167.3884
6.716	 2.22	 1	 -42.9076	  172.9901
6.754	 3.46	 1	 -43.0319	  172.6513
6.791	 2.73	 1	 -42.8808	  172.6012
6.818	 2.67	 1	 -42.6139	  172.7921
6.849	 2.01	 1	 -42.2769	  174.5162
6.870	 3.07	 1	 -43.1899	  178.0393
6.912	 2.18	 1	 -41.5846	  178.9513
6.939	 2.16	 1	 -42.6975	  173.5578
6.946	 2.04	 1	 -42.4255	  172.7789
6.971	 2.18	 1	 -43.6748	  173.7708
7.006	 2.66	 1	 -42.7749	  174.5223
7.031	 2.12	 1	 -44.0983	  175.0338
7.032	 2.39	 1	 -41.0576	  171.7054
7.050	 2.94	 1	 -42.8490	  173.4985
7.052	 2.33	 1	 -42.6656	  173.3498
7.053	 2.67	 1	 -43.5528	  173.5372
7.058	 2.14	 1	 -42.6918	  173.8135
7.066	 3.56	 1	 -42.3755	  172.7320
7.072	 2.84	 1	 -43.5308	  173.6763
7.083	 2.16	 1	 -44.0186	  172.9724
7.103	 2.91	 1	 -42.5248	  172.6104
7.108	 2.27	 1	 -42.6403	  173.0494
7.145	 3.33	 1	 -43.2767	  172.9794
7.159	 2.13	 1	 -41.8883	  167.0030
7.248	 2.06	 1	 -42.6679	  172.3680
7.261	 2.38	 1	 -44.9978	  168.9486
7.291	 2.46	 1	 -40.6720	  169.3843
7.356	 2.85	 1	 -43.0429	  172.6562
7.371	 2.59	 1	 -42.1863	  172.6548
7.416	 2.16	 1	 -43.8176	  170.0941
7.485	 2.41	 1	 -43.9650	  173.4087
7.557	 2.68	 1	 -43.7649	  174.7711
7.595	 2.00	 2	 -44.0828	  174.0411
7.625	 3.52	 1	 -41.4195	  173.4689
7.625	 2.03	 1	 -42.5768	  172.7914
7.660	 2.40	 1	 -42.9674	  171.3835
7.772	 2.99	 1	 -43.1519	  172.2095
7.811	 2.41	 1	 -42.9521	  174.3194
7.861	 2.43	 1	 -44.3997	  172.5340
7.869	 2.09	 1	 -43.1199	  172.4127
7.894	 2.75	 1	 -41.7597	  175.3943
7.940	 2.11	 1	 -42.0302	  169.0456
8.232	 2.80	 1	 -40.4253	  178.3053
8.302	 2.02	 1	 -42.4644	  173.9276
8.309	 2.70	 1	 -42.3554	  179.1227
8.474	 3.52	 1	 -42.7364	  173.2844
8.482	 2.14	 2	 -42.7326	  173.2863
8.494	 2.41	 1	 -41.4869	  173.9390
8.530	 2.05	 1	 -47.1758	  172.5516
8.609	 4.41	 1	 -42.3577	  173.5374
8.627	 2.17	 1	 -38.3203	  171.5930
8.634	 2.28	 2	 -42.3555	  173.5883
8.709	 2.02	 2	 -42.3686	  173.5452
8.741	 2.21	 2	 -42.7363	  173.3186
8.752	 3.28	 1	 -43.3279	  173.9607
8.800	 2.06	 1	 -39.5967	  177.4591
8.801	 2.70	 1	 -42.6588	  173.5632
8.811	 2.15	 2	 -42.6747	  173.5686
8.853	 2.04	 1	 -44.2179	  173.8177
8.933	 2.57	 1	 -43.6551	  173.0884
8.954	 2.50	 1	 -42.6980	  173.5804
9.067	 2.58	 1	 -42.8789	  173.3553
9.088	 2.09	 1	 -43.9740	  170.4983
9.096	 2.12	 1	 -42.3264	  173.0075
9.239	 3.33	 1	 -43.3880	  173.7172
9.247	 2.29	 2	 -42.3376	  173.5171
9.273	 2.31	 1	 -43.0078	  171.9534
9.428	 2.75	 1	 -41.8160	  168.1864
9.504	 2.84	 1	 -38.2676	  171.9343
9.750	 2.32	 1	 -45.5062	  168.2500
9.978	 2.41	 1	 -43.0550	  174.1936
10.183	 3.43	 1	 -43.8290	  169.3726
10.218	 2.29	 1	 -41.6084	  174.5256
10.493	 2.57	 1	 -42.5769	  172.9483
10.498	 2.10	 1	 -43.9263	  171.0934
10.501	 2.42	 2	 -42.9468	  177.9653
10.636	 2.25	 1	 -42.8182	  173.3805
10.683	 2.03	 1	 -43.0297	  172.6960
10.719	 2.25	 1	 -43.3939	  173.6994
10.772	 2.15	 1	 -43.0324	  172.5984
10.779	 3.54	 1	 -42.4254	  173.6700
10.867	 2.68	 1	 -41.1890	  172.4424
10.943	 2.03	 1	 -44.5392	  178.6003
11.023	 2.50	 1	 -42.8000	  172.7276
11.026	 2.52	 1	 -46.9066	  170.8879
11.125	 3.79	 1	 -43.4721	  171.4740
11.133	 2.29	 2	 -43.4669	  171.4666
11.142	 2.11	 2	 -38.7321	  175.9220
11.173	 2.39	 1	 -43.5178	  172.5993
11.316	 2.18	 1	 -42.1020	  172.5981
11.379	 2.15	 1	 -42.3740	  171.2181
11.599	 2.33	 1	 -41.9556	  172.9464
11.692	 2.10	 1	 -42.5366	  174.4511
11.698	 2.15	 2	 -43.4674	  171.4847
11.718	 2.13	 1	 -41.8265	  175.3182
11.747	 2.27	 1	 -42.7333	  173.5226
11.808	 2.03	 1	 -42.9189	  171.9204
11.925	 2.12	 1	 -43.0150	  172.6271
11.974	 2.23	 1	 -43.4056	  178.5433
12.039	 2.03	 1	 -42.6731	  172.3287
12.048	 2.07	 1	 -47.0147	  173.0527
12.076	 2.07	 1	 -40.5189	  167.6666
12.149	 2.06	 2	 -43.4876	  172.6819
12.234	 2.04	 1	 -45.2707	  173.3421
12.367	 2.11	 1	 -46.4880	  171.0211
12.421	 2.05	 1	 -42.4905	  173.7708
12.557	 2.26	 1	 -41.9304	  172.8959
12.576	 2.56	 1	 -40.5853	  172.2209
12.610	 2.28	 1	 -42.8561	  172.9214
12.765	 2.28	 1	 -45.2116	  169.3931
12.956	 2.36	 1	 -42.2516	  173.3114
13.013	 2.20	 1	 -40.3069	  174.1871
13.081	 2.30	 1	 -42.5992	  173.0854
13.119	 2.15	 1	 -42.9741	  173.1721
13.187	 2.00	 2	 -42.3465	  173.5561
13.276	 2.51	 1	 -42.6420	  171.9717
13.291	 2.12	 1	 -42.2486	  172.6104
13.350	 2.23	 1	 -41.6764	  178.8339
13.353	 2.40	 1	 -40.3922	  178.2788
13.383	 2.16	 1	 -44.9013	  168.6359
13.503	 2.10	 1	 -41.5020	  178.9216
13.586	 2.82	 1	 -43.1101	  172.5570
13.659	 3.12	 1	 -42.2054	  172.7257
13.662	 3.62	 1	 -42.3737	  171.9270
13.671	 2.06	 2	 -42.3806	  171.9275
13.675	 2.65	 2	 -43.7672	  171.1201
13.719	 2.12	 1	 -42.4192	  172.7445
13.758	 3.49	 1	 -42.9666	  171.6143
13.758	 2.16	 2	 -42.9705	  171.6065
13.767	 2.14	 1	 -45.1673	  172.2507
14.022	 2.06	 1	 -38.6896	  175.8092
14.209	 2.21	 1	 -40.8486	  167.4424
14.324	 2.09	 1	 -42.6871	  173.4888
14.360	 2.84	 1	 -41.5060	  172.8782
14.454	 4.10	 1	 -42.8910	  173.7419
14.493	 2.04	 2	 -42.8850	  173.7675
