# Simulation 179
# RelativeTime(days) Magnitude Generation Latitude Longitude
Time Mag Gen Lat Lon
0.504	 2.66	 1	 -45.2451	  169.5034
0.506	 2.12	 1	 -42.6560	  173.3462
0.509	 3.67	 1	 -44.4929	  170.9089
0.511	 4.71	 1	 -42.8324	  172.9692
0.511	 2.54	 1	 -41.9946	  173.3102
0.511	 2.28	 1	 -42.8547	  173.1133
0.512	 2.32	 1	 -43.3526	  177.9770
0.513	 2.13	 1	 -43.4098	  172.7969
0.515	 2.55	 1	 -44.7484	  173.6705
0.516	 2.42	 1	 -43.7832	  173.1366
0.518	 2.08	 1	 -42.3673	  173.4648
0.521	 2.46	 1	 -42.8744	  173.6480
0.524	 2.05	 1	 -42.2388	  172.3821
0.524	 2.21	 1	 -45.4719	  173.0616
0.527	 2.02	 1	 -40.0008	  173.8810
0.531	 2.28	 1	 -46.5641	  169.9107
0.532	 2.80	 1	 -44.9372	  170.8710
0.533	 2.31	 1	 -42.5796	  172.8715
0.534	 2.08	 1	 -43.6026	  172.7677
0.535	 2.25	 1	 -43.8841	  170.2943
0.535	 2.38	 1	 -43.0551	  173.4720
0.536	 3.07	 1	 -45.9877	  174.5038
0.540	 2.69	 1	 -38.8884	  176.2841
0.543	 2.19	 1	 -42.8651	  173.7486
0.544	 2.02	 1	 -43.4184	  170.7393
0.544	 2.71	 1	 -43.1210	  173.5526
0.545	 2.12	 1	 -41.4301	  170.9016
0.545	 2.00	 1	 -38.9408	  176.3945
0.549	 2.20	 1	 -39.7577	  168.3870
0.549	 2.03	 1	 -43.8781	  167.1208
0.552	 2.03	 1	 -42.7139	  172.9480
0.553	 2.77	 1	 -42.3841	  173.2219
0.553	 2.09	 1	 -42.9891	  173.2002
0.553	 2.76	 1	 -41.5921	  171.8640
0.553	 2.82	 1	 -45.0347	  172.4187
0.553	 2.58	 1	 -39.3401	  177.0993
0.555	 2.65	 1	 -42.4898	  172.6238
0.555	 2.36	 1	 -42.7223	  172.5290
0.559	 2.42	 1	 -43.4562	  174.1247
0.560	 2.18	 1	 -43.1873	  174.4643
0.562	 2.29	 1	 -42.2237	  175.0875
0.562	 2.08	 1	 -38.8938	  169.7485
0.562	 3.31	 1	 -45.1537	  172.4468
0.563	 2.11	 1	 -42.7733	  172.9379
0.564	 3.11	 1	 -43.2015	  173.1710
0.571	 3.24	 1	 -43.1803	  173.1712
0.572	 2.98	 1	 -42.6840	  172.8199
0.575	 2.85	 1	 -42.9266	  172.9538
0.581	 3.52	 1	 -42.6720	  173.1243
0.587	 2.14	 1	 -42.0993	  174.0837
0.589	 2.73	 1	 -42.4312	  172.9274
0.591	 2.03	 1	 -42.6767	  173.1616
0.595	 2.85	 1	 -42.6212	  173.6518
0.599	 2.00	 1	 -43.0404	  172.0930
0.600	 2.23	 1	 -42.3805	  173.9407
0.602	 2.42	 1	 -43.4272	  173.5426
0.602	 2.09	 1	 -42.0924	  175.0993
0.603	 2.29	 1	 -41.8956	  171.5586
0.606	 2.34	 1	 -41.9785	  173.3044
0.610	 2.15	 1	 -39.6896	  168.4685
0.615	 2.31	 1	 -42.5951	  173.0615
0.618	 2.84	 1	 -42.8023	  172.9084
0.620	 2.25	 1	 -44.4511	  178.6527
0.621	 2.68	 1	 -46.0300	  177.0466
0.621	 2.84	 1	 -43.1947	  174.8005
0.622	 2.14	 1	 -42.5600	  173.6890
0.623	 2.02	 1	 -42.2984	  173.9104
0.624	 2.01	 1	 -42.7902	  173.8604
0.625	 2.35	 1	 -42.9341	  172.6373
0.631	 2.30	 1	 -41.8360	  171.7080
0.641	 2.19	 1	 -43.3709	  173.3460
0.642	 3.06	 1	 -43.0976	  173.7934
0.645	 2.53	 1	 -42.3693	  173.0496
0.648	 2.02	 1	 -41.8081	  171.7193
0.650	 2.24	 1	 -42.1224	  173.9765
0.653	 2.19	 1	 -43.1310	  173.1661
0.658	 2.36	 1	 -42.6026	  173.3266
0.660	 2.20	 1	 -38.3112	  174.3986
0.660	 2.82	 1	 -42.7481	  172.9426
0.667	 2.98	 1	 -43.4038	  173.8939
0.669	 2.20	 2	 -43.4036	  173.8933
0.672	 2.50	 1	 -44.0227	  170.6404
0.674	 2.29	 1	 -42.6491	  173.6753
0.679	 2.63	 1	 -43.1694	  172.6760
0.682	 2.27	 1	 -42.7039	  173.3062
0.685	 2.73	 1	 -42.6511	  172.0809
0.685	 2.07	 1	 -44.1845	  173.4955
0.686	 2.15	 1	 -42.8338	  173.9517
0.689	 2.01	 1	 -44.5979	  172.1661
0.694	 2.64	 1	 -42.3087	  172.5292
0.700	 3.31	 1	 -42.8640	  172.5780
0.706	 2.38	 1	 -42.9464	  172.7971
0.708	 2.05	 1	 -42.5222	  172.9106
0.709	 2.01	 1	 -42.4352	  173.3469
0.710	 4.25	 1	 -42.1115	  173.5866
0.713	 2.56	 1	 -43.8242	  172.9510
0.716	 2.37	 1	 -43.7897	  167.0892
0.719	 2.08	 1	 -42.8636	  172.7767
0.722	 2.78	 1	 -42.3032	  172.8101
0.730	 2.83	 1	 -43.0001	  172.7935
0.731	 2.60	 1	 -43.0195	  172.7596
0.732	 2.14	 1	 -42.9776	  173.3835
0.732	 2.52	 1	 -43.6478	  174.0257
0.736	 2.25	 1	 -42.5530	  173.2813
0.737	 2.02	 1	 -47.1773	  173.4660
0.738	 3.04	 1	 -42.0741	  178.5983
0.744	 2.12	 1	 -43.0084	  172.8794
0.744	 2.64	 1	 -39.8014	  176.4431
0.747	 2.13	 1	 -42.1257	  175.6918
0.748	 3.65	 1	 -43.3435	  173.4573
0.749	 2.26	 1	 -42.6684	  172.4617
0.755	 2.44	 1	 -42.5085	  173.3509
0.756	 4.40	 1	 -42.6214	  173.1900
0.758	 2.17	 1	 -42.7773	  173.2653
0.759	 2.78	 1	 -42.8844	  174.9246
0.762	 2.29	 1	 -42.6414	  173.8170
0.766	 3.10	 1	 -42.6527	  174.4404
0.767	 2.38	 1	 -42.6768	  172.7715
0.771	 2.26	 2	 -42.4727	  173.0997
0.773	 2.24	 1	 -42.8145	  174.3635
0.774	 3.67	 1	 -42.5123	  172.6087
0.783	 4.40	 1	 -41.9766	  171.2190
0.789	 2.11	 1	 -40.4476	  172.9248
0.789	 2.10	 1	 -42.7140	  173.5457
0.794	 2.76	 1	 -42.4741	  173.5236
0.797	 2.58	 1	 -43.6892	  173.8040
0.803	 2.65	 1	 -41.7491	  172.5882
0.809	 2.08	 1	 -42.6858	  173.0922
0.811	 2.78	 1	 -42.9303	  171.9241
0.820	 2.30	 1	 -41.5518	  172.7133
0.823	 2.22	 1	 -42.5302	  173.2650
0.826	 2.02	 1	 -43.6195	  171.7022
0.830	 2.48	 1	 -42.3646	  173.0963
0.831	 2.51	 1	 -42.8405	  173.2236
0.832	 2.56	 1	 -43.6532	  173.1389
0.845	 2.12	 1	 -43.1167	  174.9908
0.847	 2.02	 1	 -43.5838	  173.3530
0.854	 2.07	 1	 -43.0665	  172.1400
0.861	 2.05	 1	 -42.7028	  173.0768
0.861	 2.31	 1	 -42.6391	  176.2530
0.864	 2.06	 1	 -42.7088	  173.3916
0.864	 2.32	 1	 -43.1785	  172.5613
0.868	 2.20	 1	 -42.8415	  173.2831
0.869	 2.66	 1	 -42.2512	  171.1890
0.879	 2.52	 1	 -42.7691	  173.1207
0.880	 2.12	 1	 -41.3844	  172.2390
0.890	 2.73	 1	 -43.6341	  172.6358
0.891	 2.04	 1	 -41.3599	  167.1792
0.905	 2.34	 1	 -42.5653	  171.5847
0.905	 2.20	 1	 -40.2893	  170.5412
0.918	 2.47	 1	 -41.5793	  173.0709
0.924	 2.04	 1	 -42.6114	  172.8153
0.925	 2.59	 1	 -42.3817	  172.1436
0.925	 2.78	 1	 -42.3695	  173.6617
0.927	 2.33	 1	 -43.1208	  172.6735
0.927	 2.98	 1	 -43.7046	  171.9078
0.933	 2.08	 1	 -43.2250	  173.4699
0.934	 2.47	 1	 -45.6372	  168.3987
0.936	 2.61	 1	 -40.4316	  178.3103
0.937	 2.13	 1	 -44.5217	  178.6109
0.946	 2.44	 2	 -42.0906	  173.6273
0.951	 2.09	 1	 -41.8357	  172.6132
0.955	 2.14	 1	 -42.9352	  172.2666
0.956	 2.36	 1	 -41.8224	  173.1540
0.958	 2.46	 1	 -43.1056	  172.8982
0.960	 2.15	 1	 -41.6925	  171.4802
0.963	 2.48	 1	 -43.7271	  174.5474
0.963	 2.11	 1	 -44.6651	  173.7098
0.966	 2.02	 1	 -43.0456	  172.5024
0.988	 2.78	 1	 -42.5199	  173.8567
0.988	 2.11	 1	 -43.6109	  171.2306
0.994	 3.20	 1	 -42.3821	  175.5883
0.999	 2.04	 1	 -41.4100	  175.9469
1.001	 2.40	 1	 -42.3559	  172.1645
1.008	 2.09	 1	 -42.4950	  173.9810
1.011	 2.56	 1	 -43.1109	  172.2382
1.013	 2.43	 1	 -42.6604	  173.3472
1.016	 2.27	 1	 -39.2161	  174.7946
1.024	 2.48	 1	 -42.9319	  177.1221
1.026	 2.57	 1	 -43.1114	  172.8998
1.028	 2.34	 1	 -43.3443	  171.3134
1.034	 2.44	 1	 -40.1707	  172.1570
1.038	 3.14	 1	 -42.9467	  172.8671
1.042	 2.05	 1	 -42.5519	  171.8298
1.042	 2.03	 1	 -42.9902	  171.9286
1.045	 2.05	 1	 -42.4546	  172.5002
1.047	 2.79	 1	 -42.4847	  173.0321
1.048	 2.11	 1	 -42.7720	  172.9980
1.048	 2.51	 1	 -42.9919	  173.8634
1.056	 2.70	 1	 -42.5571	  174.5815
1.061	 2.07	 1	 -42.7772	  173.2819
1.071	 2.88	 1	 -42.4974	  172.7630
1.078	 2.36	 1	 -42.8801	  172.6949
1.084	 2.52	 1	 -42.6946	  171.8558
1.087	 2.28	 1	 -45.4200	  177.8860
1.090	 2.01	 1	 -43.1951	  174.1969
1.090	 2.03	 1	 -41.9891	  169.9121
1.092	 2.04	 1	 -41.7587	  174.1710
1.097	 2.12	 1	 -42.9418	  172.3787
1.098	 2.22	 1	 -44.0302	  173.9834
1.111	 2.06	 1	 -43.6746	  173.3735
1.111	 2.80	 1	 -41.7021	  167.0546
1.124	 2.38	 1	 -43.6595	  173.7323
1.127	 2.14	 1	 -41.6270	  178.0922
1.130	 2.13	 1	 -42.9101	  173.1679
1.142	 2.82	 1	 -42.8031	  173.3293
1.165	 2.40	 1	 -42.3615	  172.9645
1.166	 2.06	 1	 -38.5765	  170.8917
1.172	 2.08	 1	 -42.8850	  171.2906
1.183	 2.86	 1	 -42.9571	  172.4552
1.184	 2.17	 1	 -42.8023	  173.4132
1.194	 2.45	 1	 -42.3088	  173.3842
1.196	 2.30	 1	 -42.5747	  173.2613
1.200	 2.36	 1	 -41.4446	  172.2298
1.201	 2.30	 1	 -42.4231	  173.2515
1.205	 2.07	 1	 -41.7688	  175.4840
1.220	 3.24	 1	 -41.1232	  169.0336
1.222	 2.86	 1	 -42.6332	  172.5419
1.224	 2.14	 1	 -43.2806	  173.6626
1.225	 2.40	 1	 -42.8410	  172.6945
1.228	 2.38	 1	 -42.2618	  172.8073
1.234	 2.63	 1	 -43.9414	  171.1535
1.240	 2.51	 1	 -42.4767	  172.5153
1.263	 2.25	 1	 -43.2168	  172.0137
1.268	 2.97	 1	 -41.3708	  172.7297
1.274	 2.16	 1	 -42.6837	  172.0966
1.279	 2.79	 1	 -40.9090	  172.9033
1.281	 2.51	 1	 -41.8056	  172.9753
1.287	 2.14	 1	 -43.4234	  171.4825
1.287	 2.32	 1	 -42.2187	  173.0287
1.289	 2.44	 1	 -42.8819	  174.3453
1.296	 2.04	 1	 -44.0983	  170.4263
1.302	 2.48	 1	 -42.1061	  173.7965
1.305	 2.79	 1	 -41.8063	  172.6140
1.310	 2.21	 1	 -42.2832	  174.0861
1.318	 2.23	 1	 -42.8037	  173.1855
1.321	 2.09	 1	 -41.5968	  173.0387
1.324	 2.03	 1	 -42.7030	  173.3908
1.326	 2.46	 2	 -42.3769	  175.5952
1.328	 2.12	 1	 -44.5283	  172.3014
1.334	 2.07	 1	 -44.0572	  172.1317
1.334	 2.23	 1	 -42.1456	  173.9211
1.337	 2.06	 1	 -42.8595	  172.7300
1.342	 2.07	 1	 -42.5860	  174.2372
1.348	 3.11	 1	 -43.3366	  171.3816
1.350	 2.06	 1	 -42.5078	  173.5849
1.352	 2.82	 1	 -41.5326	  168.8614
1.368	 2.74	 1	 -42.4052	  173.7566
1.370	 2.24	 1	 -42.8105	  172.6834
1.371	 2.45	 1	 -43.8002	  172.5599
1.375	 2.15	 1	 -41.4711	  177.6158
1.389	 3.07	 1	 -42.9878	  173.4251
1.390	 2.18	 1	 -42.8552	  173.3877
1.390	 2.51	 1	 -42.4123	  172.8706
1.394	 2.48	 1	 -42.9021	  172.9285
1.396	 2.08	 1	 -42.4253	  172.2938
1.397	 2.75	 1	 -40.5684	  178.4144
1.399	 2.22	 1	 -42.6778	  172.8902
1.408	 2.12	 1	 -42.0998	  173.5849
1.408	 2.08	 1	 -43.1603	  173.7849
1.410	 2.94	 1	 -43.2685	  173.9294
1.435	 2.32	 1	 -42.3979	  172.9059
1.436	 2.02	 1	 -42.7785	  172.9642
1.438	 2.25	 1	 -42.7631	  179.1392
1.442	 2.17	 1	 -42.7808	  173.4923
1.446	 2.60	 1	 -44.7690	  176.9559
1.448	 2.07	 1	 -42.6733	  173.4520
1.453	 2.03	 1	 -42.2119	  173.1952
1.457	 2.61	 1	 -43.0391	  173.4873
1.459	 2.36	 1	 -42.4608	  173.4392
1.465	 2.95	 1	 -41.2592	  173.1527
1.476	 2.41	 1	 -45.1098	  178.1807
1.482	 2.21	 1	 -42.7658	  172.4802
1.499	 3.05	 1	 -42.8721	  173.2972
1.504	 2.10	 1	 -39.3334	  171.8744
1.511	 2.32	 1	 -42.1332	  170.2397
1.517	 2.32	 1	 -42.7169	  172.6754
1.532	 2.24	 1	 -41.5676	  172.6583
1.537	 2.44	 1	 -41.7925	  171.9685
1.543	 2.23	 1	 -40.2936	  167.8477
1.549	 2.00	 1	 -42.3398	  174.4613
1.555	 2.12	 1	 -39.4908	  176.2419
1.562	 2.75	 1	 -38.5480	  175.3951
1.565	 2.81	 1	 -42.3607	  174.3288
1.565	 2.27	 1	 -42.3606	  173.7047
1.566	 2.14	 1	 -42.6069	  173.1783
1.570	 2.51	 1	 -46.1381	  173.6087
1.572	 2.40	 1	 -43.0134	  173.7810
1.591	 2.44	 1	 -42.8095	  172.6760
1.599	 2.43	 1	 -42.7582	  172.7831
1.628	 2.28	 1	 -42.7256	  172.9758
1.634	 2.11	 1	 -43.5333	  172.8025
1.635	 2.42	 1	 -42.8913	  173.0101
1.648	 3.28	 1	 -42.5166	  172.9245
1.657	 2.44	 1	 -42.8366	  174.6160
1.658	 2.67	 1	 -42.2239	  173.1889
1.662	 2.29	 1	 -42.8193	  172.7992
1.664	 2.04	 1	 -44.9470	  172.5041
1.684	 2.95	 1	 -42.7300	  173.4552
1.685	 2.07	 1	 -41.5509	  170.7006
1.698	 2.04	 1	 -46.7200	  171.9708
1.710	 2.24	 1	 -47.0481	  171.5022
1.713	 2.03	 1	 -42.4456	  173.0359
1.713	 2.26	 1	 -43.0737	  172.9194
1.726	 2.15	 1	 -43.1611	  173.4048
1.727	 2.55	 1	 -40.9850	  172.8665
1.731	 3.15	 1	 -41.9691	  175.6121
1.739	 3.11	 1	 -42.7940	  175.0358
1.753	 2.02	 1	 -42.3602	  171.8431
1.755	 4.63	 1	 -42.7957	  173.0720
1.756	 2.49	 2	 -42.7698	  173.1011
1.757	 3.02	 2	 -42.6235	  173.1861
1.764	 2.13	 2	 -42.7647	  173.0959
1.791	 2.27	 2	 -42.3806	  175.5863
1.800	 2.05	 1	 -43.2398	  173.3288
1.824	 3.10	 1	 -42.5863	  175.5039
1.827	 2.40	 1	 -42.8330	  174.4621
1.831	 2.36	 1	 -42.0542	  170.7773
1.832	 2.02	 1	 -44.5461	  169.5991
1.836	 2.73	 1	 -42.1963	  173.6847
1.847	 2.12	 1	 -42.3430	  172.9319
1.847	 3.05	 1	 -43.0279	  172.7039
1.852	 2.29	 1	 -40.9756	  172.5157
1.854	 2.29	 1	 -42.6927	  173.5560
1.867	 2.28	 1	 -41.9522	  172.9911
1.886	 2.10	 1	 -42.4318	  173.3235
1.899	 2.33	 1	 -43.2664	  174.1047
1.906	 3.16	 1	 -47.1790	  172.6120
1.913	 2.06	 1	 -44.6660	  173.3684
1.937	 2.07	 1	 -42.5199	  173.0387
1.942	 2.40	 1	 -42.7924	  172.9655
1.950	 3.31	 1	 -46.5910	  169.9734
1.978	 2.84	 1	 -42.3426	  173.3168
1.994	 2.03	 1	 -43.0812	  173.8343
1.997	 2.04	 1	 -42.7057	  173.4188
2.005	 2.42	 1	 -42.8954	  172.7416
2.008	 2.55	 1	 -41.1389	  172.9644
2.074	 2.16	 1	 -42.5437	  172.8310
2.089	 2.14	 1	 -44.1106	  173.9773
2.092	 2.10	 1	 -47.1861	  172.7974
2.093	 2.04	 1	 -42.6562	  173.9515
2.096	 2.11	 1	 -43.0899	  173.7184
2.097	 2.28	 1	 -42.8220	  171.3359
2.098	 2.09	 1	 -44.9723	  177.2685
2.100	 2.09	 1	 -42.6190	  175.1086
2.109	 2.13	 1	 -46.2036	  170.7202
2.129	 2.13	 1	 -42.7318	  173.3971
2.133	 2.04	 1	 -43.1311	  172.5911
2.165	 2.04	 1	 -43.1922	  173.2043
2.175	 2.55	 1	 -42.6605	  172.9522
2.175	 2.80	 1	 -43.5393	  171.0615
2.182	 2.06	 1	 -42.2467	  172.7062
2.200	 3.52	 1	 -42.9810	  173.2705
2.202	 3.19	 1	 -42.1652	  173.5559
2.218	 2.55	 1	 -42.5995	  172.9139
2.230	 2.22	 1	 -43.4325	  172.9389
2.230	 2.20	 1	 -38.1994	  173.2640
2.231	 2.07	 1	 -47.1777	  172.5867
2.238	 2.51	 1	 -41.9258	  172.9371
2.242	 2.39	 1	 -42.6364	  173.1104
2.260	 2.45	 1	 -42.5803	  172.2556
2.279	 2.07	 1	 -42.5822	  173.4289
2.286	 2.01	 1	 -38.4290	  174.9662
2.286	 2.03	 1	 -43.5348	  167.0126
2.289	 3.15	 1	 -42.6531	  173.3608
2.291	 2.67	 1	 -43.0297	  170.6068
2.295	 2.07	 1	 -43.1870	  172.6091
2.312	 2.80	 1	 -45.0278	  167.7940
2.312	 2.34	 1	 -42.9596	  174.4862
2.318	 3.19	 1	 -42.6912	  173.1383
2.332	 2.41	 1	 -42.4343	  172.8039
2.335	 2.19	 1	 -44.3144	  167.3162
2.354	 2.20	 1	 -42.0475	  175.4240
2.355	 2.20	 1	 -43.5968	  173.1096
2.421	 2.48	 1	 -42.3726	  173.2316
2.430	 2.07	 1	 -43.8716	  167.1184
2.452	 2.35	 1	 -38.3791	  171.2940
2.453	 3.08	 1	 -42.3031	  173.4612
2.472	 2.31	 1	 -42.5858	  172.4271
2.474	 2.23	 1	 -42.6116	  173.2147
2.478	 3.05	 1	 -45.0205	  170.1513
2.498	 4.16	 1	 -41.9572	  171.7029
2.511	 2.52	 1	 -42.9548	  173.0258
2.533	 2.14	 1	 -44.6684	  171.8496
2.539	 2.60	 1	 -45.4886	  172.0865
2.544	 2.23	 1	 -44.5860	  174.4569
2.545	 2.03	 1	 -42.7641	  174.4718
2.576	 2.46	 1	 -43.2982	  171.3768
2.577	 2.61	 1	 -41.7811	  172.4666
2.582	 2.27	 1	 -44.2552	  172.6122
2.592	 2.04	 1	 -42.8551	  172.6343
2.608	 2.67	 1	 -46.5084	  176.2585
2.618	 2.32	 1	 -43.3842	  173.8390
2.621	 2.06	 1	 -42.2988	  172.9246
2.714	 2.47	 1	 -42.2362	  173.0252
2.716	 2.00	 1	 -42.6808	  174.5435
2.733	 2.44	 1	 -43.1349	  175.1974
2.735	 2.02	 1	 -40.3925	  178.2791
2.760	 3.46	 1	 -42.4628	  169.4417
2.851	 3.23	 1	 -42.4016	  173.2982
2.873	 3.04	 2	 -42.8538	  173.0858
2.874	 2.78	 1	 -42.3380	  173.1821
2.874	 2.30	 1	 -42.4069	  172.3996
2.877	 2.02	 1	 -42.1118	  172.6261
2.886	 3.67	 1	 -41.6657	  173.3245
2.891	 2.13	 2	 -42.6290	  173.1885
2.893	 2.30	 1	 -43.0985	  174.0612
2.896	 3.86	 1	 -43.2323	  172.7784
2.917	 2.22	 1	 -43.1286	  174.0986
2.931	 2.06	 1	 -46.6376	  175.9580
2.950	 2.08	 1	 -42.6893	  172.9235
2.962	 2.16	 1	 -39.6729	  175.8027
2.983	 2.27	 1	 -43.5814	  173.1636
3.007	 2.15	 1	 -42.7573	  172.6301
3.008	 2.04	 1	 -42.9878	  172.8228
3.020	 2.41	 1	 -42.8461	  172.5907
3.020	 3.72	 1	 -41.2196	  173.6031
3.042	 2.18	 1	 -41.7623	  173.4179
3.048	 2.15	 1	 -42.9431	  173.2067
3.085	 2.04	 1	 -42.9283	  172.0975
3.087	 3.05	 1	 -42.2475	  172.3752
3.137	 2.81	 1	 -42.1716	  172.6916
3.150	 3.82	 1	 -42.8990	  172.0407
3.180	 2.07	 1	 -42.2331	  173.0455
3.199	 2.17	 1	 -41.5960	  174.5782
3.220	 2.02	 1	 -42.2556	  173.0607
3.230	 2.28	 1	 -41.0246	  173.1512
3.230	 2.56	 1	 -42.1956	  173.0990
3.244	 3.21	 1	 -42.1480	  173.9103
3.259	 2.10	 1	 -41.9463	  170.8993
3.262	 2.55	 1	 -43.3763	  173.0490
3.272	 2.67	 1	 -44.2376	  173.6157
3.289	 2.39	 1	 -43.5292	  174.5040
3.294	 2.58	 1	 -41.9827	  172.9955
3.304	 2.33	 1	 -43.4831	  170.6988
3.312	 2.55	 1	 -44.5692	  171.7701
3.322	 2.76	 1	 -42.4223	  171.6583
3.327	 2.50	 1	 -43.5001	  170.0749
3.327	 2.32	 1	 -41.4828	  171.9518
3.368	 2.05	 1	 -41.4573	  168.2654
3.392	 2.94	 1	 -42.8775	  174.3462
3.402	 2.22	 1	 -42.2217	  173.1583
3.427	 2.45	 1	 -42.2547	  173.2570
3.459	 2.91	 1	 -43.8967	  174.2193
3.466	 2.06	 1	 -43.5086	  174.0118
3.473	 2.03	 1	 -43.0351	  173.5451
3.492	 2.85	 1	 -43.1787	  174.4776
3.505	 2.34	 1	 -41.7860	  173.1101
3.509	 2.69	 1	 -42.1355	  173.3562
3.520	 2.00	 1	 -43.1065	  172.4007
3.542	 2.63	 1	 -42.7585	  173.2315
3.547	 2.13	 1	 -43.0860	  173.2038
3.569	 2.73	 1	 -43.2319	  171.4817
3.577	 2.17	 1	 -42.1931	  172.5356
3.599	 2.42	 1	 -42.7791	  169.0307
3.625	 2.00	 1	 -41.8200	  174.0634
3.638	 2.80	 1	 -42.5213	  172.7798
3.639	 2.76	 1	 -42.3250	  172.7920
3.639	 2.50	 1	 -42.5364	  172.8620
3.642	 2.34	 1	 -42.5383	  172.6149
3.645	 2.16	 1	 -46.4135	  176.4570
3.664	 2.52	 2	 -41.7456	  173.3181
3.672	 2.69	 1	 -41.1893	  176.0115
3.684	 3.06	 1	 -41.3905	  169.5180
3.701	 2.67	 1	 -42.4124	  173.0672
3.709	 2.83	 1	 -43.2140	  173.1084
3.709	 2.52	 1	 -41.6836	  173.9357
3.709	 2.04	 1	 -41.8387	  179.0286
3.715	 2.02	 1	 -42.6409	  172.7695
3.740	 2.51	 1	 -43.2311	  170.7640
3.815	 2.27	 1	 -42.7285	  173.4542
3.840	 2.10	 1	 -41.3665	  172.1276
3.859	 2.04	 1	 -42.7457	  172.2573
3.914	 2.00	 1	 -39.2009	  169.1672
3.915	 3.26	 1	 -41.8761	  172.1734
3.958	 2.44	 1	 -42.0186	  172.3754
3.959	 3.23	 1	 -43.3289	  172.1715
3.994	 2.70	 1	 -38.4031	  174.8575
4.025	 2.58	 1	 -42.2374	  172.6958
4.050	 2.68	 1	 -42.6450	  173.2113
4.082	 2.05	 2	 -42.7486	  172.9131
4.083	 2.46	 1	 -43.1086	  173.1802
4.083	 2.09	 1	 -45.2400	  167.9808
4.090	 2.63	 1	 -43.3956	  173.5817
4.097	 2.14	 1	 -43.4230	  174.3531
4.101	 2.03	 1	 -42.1905	  173.2032
4.147	 2.20	 1	 -40.1458	  175.0439
4.199	 2.11	 1	 -44.1306	  175.1156
4.240	 2.41	 1	 -43.1541	  173.4021
4.240	 3.08	 1	 -43.8813	  176.9384
4.240	 2.18	 1	 -41.0188	  178.7003
4.244	 2.51	 1	 -42.2111	  172.5708
4.244	 3.15	 1	 -44.9539	  178.3100
4.245	 2.05	 1	 -41.7053	  172.0709
4.255	 2.39	 1	 -43.2225	  171.9882
4.277	 2.47	 1	 -41.6308	  167.0773
4.284	 2.90	 1	 -42.6750	  172.7317
4.331	 2.11	 1	 -41.9994	  176.1893
4.340	 2.08	 1	 -43.4200	  166.9849
4.347	 2.05	 1	 -44.4070	  172.2642
4.347	 2.14	 1	 -42.7290	  172.4200
4.451	 2.52	 1	 -38.2808	  174.2050
4.471	 2.37	 1	 -42.4066	  173.0048
4.486	 2.40	 1	 -38.2794	  174.1957
4.490	 2.38	 1	 -42.7033	  173.3723
4.501	 2.05	 1	 -42.5817	  172.6525
4.518	 2.60	 1	 -43.3395	  176.8290
4.547	 2.29	 1	 -45.1670	  168.6391
4.555	 2.29	 1	 -42.0893	  172.6685
4.600	 2.51	 1	 -44.9924	  171.2412
4.620	 2.39	 1	 -44.1825	  172.6027
4.650	 3.12	 1	 -40.6656	  175.9494
4.699	 2.06	 1	 -42.8352	  172.6817
4.727	 2.26	 1	 -41.6877	  174.1137
4.734	 2.48	 1	 -40.9701	  173.7905
4.740	 2.28	 1	 -42.9237	  173.1469
4.755	 2.32	 1	 -42.2632	  176.0270
4.756	 2.14	 1	 -43.7174	  172.6916
4.766	 2.08	 1	 -43.2596	  173.9165
4.769	 3.97	 1	 -42.1665	  173.0809
4.823	 2.02	 1	 -42.8906	  175.2034
4.824	 2.37	 1	 -41.5792	  174.4125
4.872	 2.62	 1	 -47.0133	  171.3278
4.883	 3.16	 1	 -42.9734	  172.5942
4.908	 2.14	 1	 -42.4569	  173.5464
4.924	 2.13	 1	 -42.4782	  173.1223
4.993	 4.26	 1	 -42.6998	  172.7842
4.998	 2.45	 1	 -43.6034	  173.2979
5.011	 2.01	 1	 -42.6036	  172.7073
5.078	 2.20	 1	 -42.6954	  173.3139
5.084	 4.96	 1	 -43.0300	  172.8352
5.103	 2.12	 1	 -44.1348	  178.8167
5.122	 2.37	 2	 -43.0296	  172.8290
5.145	 2.28	 1	 -42.5755	  172.4850
5.145	 2.04	 1	 -43.8563	  171.4034
5.155	 2.11	 1	 -42.2887	  173.0249
5.194	 2.34	 1	 -42.5646	  173.8803
5.219	 2.29	 1	 -47.1637	  173.6723
5.240	 2.86	 1	 -43.1239	  173.7829
5.310	 2.75	 1	 -43.5238	  173.1913
5.323	 2.77	 1	 -44.0957	  172.3106
5.367	 2.24	 1	 -45.5758	  168.3276
5.376	 2.52	 1	 -42.6469	  172.6892
5.377	 2.30	 1	 -40.7165	  167.5267
5.393	 2.13	 1	 -43.4398	  173.3073
5.419	 2.34	 1	 -41.7567	  172.7172
5.452	 2.13	 1	 -42.7677	  172.7589
5.461	 4.13	 1	 -42.2890	  172.7709
5.482	 2.57	 1	 -41.8263	  174.0871
5.508	 2.43	 1	 -42.3096	  172.3629
5.517	 2.10	 1	 -43.0355	  172.0517
5.547	 2.24	 1	 -43.0745	  173.4016
5.567	 2.01	 1	 -41.8801	  172.8915
5.609	 2.15	 1	 -46.3485	  169.4604
5.682	 2.98	 1	 -42.6249	  168.7166
5.688	 2.30	 2	 -42.8163	  173.0280
5.795	 2.34	 1	 -42.9297	  179.1314
5.805	 2.78	 1	 -42.6065	  173.9176
5.810	 2.15	 1	 -42.6170	  172.7816
5.819	 2.78	 1	 -41.7683	  173.2752
5.827	 2.66	 1	 -42.4755	  166.9115
5.870	 2.24	 1	 -42.0368	  173.5926
5.914	 2.27	 1	 -40.8185	  167.4610
5.920	 2.11	 1	 -38.5588	  175.4299
5.929	 2.93	 1	 -41.9937	  174.3136
5.978	 2.57	 1	 -42.6941	  174.1547
6.028	 2.63	 1	 -45.1638	  178.1332
6.034	 2.20	 1	 -42.7139	  172.8804
6.043	 2.18	 1	 -42.6575	  172.3770
6.083	 2.15	 1	 -42.6770	  173.0081
6.113	 2.48	 1	 -43.8831	  171.4313
6.121	 2.02	 1	 -43.3664	  172.9235
6.152	 2.19	 1	 -42.2927	  172.7781
6.157	 2.22	 1	 -44.6572	  175.9733
6.165	 4.39	 1	 -44.4366	  175.1658
6.172	 2.56	 1	 -42.7742	  173.0518
6.223	 2.62	 1	 -41.8821	  174.0192
6.262	 2.37	 1	 -42.5928	  172.4356
6.275	 2.10	 1	 -43.5710	  167.0222
6.324	 2.09	 1	 -43.1134	  173.4367
6.354	 2.60	 1	 -43.2335	  173.7726
6.367	 3.30	 1	 -42.7697	  172.9228
6.389	 3.25	 1	 -42.5388	  173.2280
6.431	 2.39	 1	 -45.0238	  171.5723
6.437	 3.16	 1	 -38.8422	  171.2581
6.439	 3.49	 1	 -41.7934	  173.2060
6.453	 2.05	 1	 -43.0205	  171.0944
6.465	 2.08	 1	 -41.8607	  173.1207
6.511	 2.94	 1	 -41.8621	  173.5683
6.532	 2.41	 1	 -43.7270	  172.9329
6.533	 2.15	 1	 -39.7877	  174.6680
6.601	 2.58	 1	 -42.1443	  172.7890
6.689	 2.62	 1	 -42.3380	  176.4998
6.751	 2.12	 1	 -42.6486	  173.9284
6.758	 2.19	 1	 -42.7243	  172.8596
6.836	 2.45	 1	 -38.6487	  170.9558
6.891	 2.25	 1	 -40.9113	  173.4280
6.897	 2.15	 1	 -43.1727	  173.3081
6.908	 2.18	 1	 -43.4673	  172.4062
6.909	 2.40	 1	 -42.9848	  173.1469
6.966	 2.05	 1	 -42.2104	  173.2968
6.968	 2.11	 1	 -43.1399	  174.5603
6.996	 2.73	 1	 -43.9660	  173.5027
6.996	 2.03	 1	 -42.4965	  173.3531
7.024	 3.11	 1	 -38.4458	  175.0333
7.090	 2.24	 1	 -42.9709	  172.0952
7.133	 2.43	 1	 -42.8522	  173.6341
7.154	 2.25	 1	 -41.7553	  169.3819
7.212	 2.04	 1	 -42.8905	  172.3928
7.227	 2.34	 1	 -42.6902	  173.8789
7.252	 2.01	 1	 -42.5145	  174.1905
7.345	 2.42	 1	 -44.0492	  173.2479
7.419	 2.19	 1	 -42.7492	  172.5229
7.423	 2.85	 1	 -42.1787	  170.8892
7.430	 2.40	 1	 -44.3040	  171.8972
7.477	 2.59	 1	 -42.6777	  170.8585
7.498	 2.14	 1	 -43.6110	  174.3668
7.516	 2.47	 1	 -43.1431	  173.4315
7.531	 2.96	 1	 -41.6571	  170.6618
7.548	 2.41	 1	 -41.7409	  174.6709
7.631	 2.38	 1	 -38.3900	  174.8001
7.740	 2.03	 1	 -46.7308	  170.5139
7.750	 2.76	 1	 -41.4862	  174.8076
7.758	 2.44	 1	 -43.5379	  173.4630
7.767	 2.64	 1	 -43.6550	  172.0617
7.771	 2.04	 1	 -42.5926	  173.6324
7.789	 2.05	 1	 -42.3033	  173.7406
7.906	 2.11	 1	 -44.8306	  178.4041
7.915	 2.14	 1	 -42.4921	  172.2657
7.930	 2.05	 1	 -38.4675	  170.9282
7.961	 2.51	 1	 -46.4617	  172.8430
7.968	 2.59	 1	 -42.1294	  175.5861
8.031	 2.02	 1	 -42.5789	  172.4567
8.068	 2.46	 1	 -43.2247	  172.6694
8.077	 2.65	 1	 -42.3367	  173.4173
8.089	 2.43	 1	 -43.5049	  172.6209
8.119	 2.29	 1	 -46.3587	  170.9605
8.151	 2.11	 1	 -42.3510	  173.2904
8.226	 2.24	 1	 -42.5024	  173.0587
8.230	 2.19	 1	 -42.1593	  172.1676
8.238	 2.16	 1	 -43.7398	  171.3888
8.240	 2.58	 1	 -40.7858	  168.0184
8.251	 2.02	 1	 -42.6733	  172.9875
8.287	 2.28	 1	 -42.5726	  173.1155
8.303	 2.43	 1	 -47.0089	  171.3072
8.344	 2.16	 1	 -42.3122	  173.4907
8.344	 3.46	 1	 -42.0331	  172.2623
8.381	 2.05	 1	 -42.4441	  172.8608
8.431	 2.11	 1	 -43.7883	  178.9555
8.468	 2.37	 1	 -43.9071	  173.0374
8.486	 2.56	 1	 -42.6087	  173.0335
8.516	 2.04	 1	 -42.3097	  170.7212
8.665	 2.45	 1	 -43.0895	  173.5840
8.671	 2.07	 1	 -40.1417	  178.0603
8.739	 3.58	 1	 -40.7063	  173.1447
8.905	 2.27	 1	 -43.0321	  172.6249
8.923	 2.17	 1	 -42.9487	  179.1300
9.019	 2.17	 1	 -42.2014	  173.7347
9.147	 2.12	 1	 -42.8562	  172.8765
9.157	 3.11	 1	 -42.7440	  172.8694
9.196	 2.10	 1	 -40.6039	  178.4400
9.206	 2.65	 1	 -46.7496	  175.6601
9.243	 2.18	 1	 -43.3831	  176.0657
9.287	 2.11	 1	 -39.3506	  168.9290
9.432	 2.43	 1	 -41.7803	  172.3216
9.546	 2.52	 1	 -40.9204	  173.7058
9.682	 2.02	 1	 -43.4244	  172.5285
9.689	 2.43	 1	 -46.7230	  175.7347
9.749	 2.15	 1	 -42.7625	  173.5151
9.922	 2.29	 1	 -39.1800	  176.8418
9.992	 2.07	 1	 -40.7585	  178.5451
10.042	 2.34	 1	 -43.0124	  166.9198
10.058	 2.91	 1	 -41.9329	  172.6963
10.196	 2.06	 1	 -41.9980	  175.0309
10.284	 2.55	 1	 -41.5633	  173.4835
10.317	 2.90	 1	 -43.4442	  173.5071
10.333	 2.20	 1	 -46.3518	  169.4666
10.431	 3.44	 1	 -42.6994	  172.5260
10.517	 2.41	 1	 -42.5004	  172.3555
10.519	 2.16	 1	 -42.5912	  172.8250
10.585	 2.28	 1	 -42.5003	  172.9748
10.600	 2.05	 1	 -42.9508	  172.5874
10.636	 2.20	 1	 -46.9140	  170.9151
10.718	 2.02	 1	 -42.1876	  173.2061
10.726	 2.22	 1	 -42.6958	  172.9771
10.797	 2.17	 1	 -41.6731	  173.5040
10.799	 2.30	 1	 -43.3381	  173.4507
10.818	 2.35	 1	 -44.5625	  173.5229
10.880	 2.31	 1	 -42.2532	  172.7141
10.920	 2.49	 1	 -42.9342	  173.7238
10.972	 2.76	 1	 -42.4386	  173.8880
11.005	 2.33	 1	 -42.8999	  173.0777
11.011	 2.83	 1	 -42.9107	  171.0823
11.026	 2.40	 1	 -43.4843	  174.9165
11.165	 2.55	 1	 -40.7070	  167.5331
11.181	 2.31	 1	 -42.4522	  173.0359
11.246	 2.02	 1	 -42.8812	  173.3109
11.249	 2.52	 1	 -44.0427	  173.6824
11.270	 2.15	 1	 -42.6207	  172.8354
11.334	 2.33	 1	 -42.5826	  172.8249
11.357	 2.66	 1	 -41.6967	  170.4424
11.389	 2.30	 1	 -38.6441	  170.3595
11.431	 2.07	 1	 -42.6885	  172.9415
11.475	 2.10	 1	 -42.8486	  172.6065
11.479	 2.10	 1	 -43.7012	  172.5791
11.483	 2.21	 1	 -43.0013	  176.0361
11.528	 2.07	 1	 -42.8117	  172.9724
11.688	 3.26	 1	 -41.7073	  171.2443
11.744	 2.13	 1	 -43.2152	  172.7284
11.756	 2.01	 1	 -42.9929	  172.8231
11.773	 2.18	 1	 -43.1768	  173.7828
11.820	 2.05	 1	 -42.5586	  173.7245
11.836	 2.69	 1	 -43.0055	  172.8646
11.877	 2.09	 1	 -42.4411	  172.5227
11.934	 2.03	 1	 -43.0404	  172.2241
11.942	 2.47	 1	 -42.2519	  173.9244
12.097	 2.70	 1	 -42.8074	  172.9630
12.125	 2.29	 1	 -43.5333	  173.1029
12.158	 2.26	 1	 -41.8528	  172.6662
12.185	 2.14	 1	 -47.0215	  174.6770
12.203	 2.41	 1	 -42.8858	  172.2147
12.221	 2.02	 1	 -42.2465	  172.5747
12.239	 2.37	 1	 -42.7161	  172.7919
12.267	 2.08	 1	 -39.7664	  174.4374
12.299	 2.34	 1	 -42.9543	  173.2173
12.401	 2.02	 1	 -41.6745	  172.0721
12.424	 2.58	 1	 -42.7393	  172.2466
12.449	 2.22	 1	 -40.7273	  167.5195
12.480	 2.21	 1	 -43.7057	  174.3172
12.492	 2.36	 1	 -45.5443	  172.8566
12.514	 2.58	 1	 -42.3860	  172.7484
12.546	 2.27	 1	 -44.1125	  176.1221
12.566	 2.23	 1	 -43.2011	  171.5760
12.585	 2.39	 1	 -42.5087	  172.7792
12.596	 2.37	 1	 -42.8769	  172.3938
12.682	 2.05	 1	 -43.0804	  172.3195
12.689	 2.19	 1	 -42.1946	  172.2621
12.755	 2.08	 1	 -43.2969	  172.8201
12.763	 2.63	 1	 -43.2354	  172.1699
12.826	 2.41	 1	 -42.5967	  174.8088
12.986	 2.30	 1	 -43.3824	  173.0560
13.114	 2.37	 1	 -42.7045	  172.7546
13.151	 2.30	 1	 -41.8242	  174.7326
13.325	 3.35	 1	 -42.9587	  172.7608
13.522	 2.21	 1	 -42.4681	  172.5268
13.669	 2.40	 1	 -42.9330	  172.4740
13.714	 3.15	 1	 -42.3245	  173.6869
13.819	 3.39	 1	 -42.8506	  172.1822
13.903	 2.54	 1	 -42.6991	  173.0241
13.958	 2.05	 1	 -42.8106	  174.0244
13.970	 2.28	 1	 -42.1553	  172.3049
14.021	 2.73	 1	 -42.8501	  173.8362
14.043	 2.58	 1	 -43.1075	  174.8436
14.053	 3.16	 1	 -40.7582	  174.1234
14.089	 2.20	 1	 -47.1488	  173.8400
14.258	 2.07	 1	 -42.7604	  173.2298
14.369	 2.39	 1	 -43.0381	  172.2272
14.407	 2.07	 1	 -43.1239	  166.9325
14.413	 2.05	 1	 -41.9872	  172.4650
