# Simulation 914
# RelativeTime(days) Magnitude Generation Latitude Longitude
Time Mag Gen Lat Lon
0.502	 2.23	 1	 -44.8307	  171.3099
0.505	 2.52	 1	 -42.9695	  175.9067
0.506	 2.16	 1	 -45.8341	  177.3992
0.512	 3.47	 1	 -43.8676	  172.8381
0.515	 3.19	 1	 -42.9296	  172.2509
0.515	 2.14	 1	 -42.9362	  171.6106
0.518	 2.04	 1	 -38.8066	  172.0879
0.520	 2.25	 1	 -42.0545	  169.7017
0.523	 2.42	 1	 -46.2491	  170.3463
0.524	 2.44	 1	 -41.7139	  174.2675
0.524	 2.66	 1	 -38.6212	  175.6191
0.526	 2.14	 1	 -42.2471	  171.9338
0.526	 2.07	 1	 -41.8604	  174.1510
0.526	 2.01	 1	 -42.7368	  172.5324
0.529	 2.94	 1	 -41.8251	  174.2297
0.530	 2.21	 1	 -42.5175	  174.9711
0.531	 2.14	 1	 -42.3735	  173.8015
0.531	 2.85	 1	 -41.6824	  170.5667
0.533	 2.54	 1	 -46.9426	  175.0201
0.534	 2.12	 1	 -43.7476	  171.4545
0.535	 2.15	 1	 -43.0420	  174.3140
0.538	 2.87	 1	 -43.0516	  174.2157
0.539	 2.12	 1	 -42.9711	  173.6726
0.541	 2.43	 1	 -43.9746	  178.8860
0.545	 2.69	 1	 -42.5506	  172.7465
0.545	 2.31	 1	 -42.3370	  173.5219
0.548	 2.86	 1	 -42.7691	  173.0069
0.553	 3.47	 1	 -41.4347	  167.1486
0.556	 2.05	 1	 -38.2105	  173.5143
0.559	 2.05	 1	 -44.3636	  174.6394
0.561	 2.09	 1	 -41.7141	  174.2322
0.561	 2.04	 1	 -40.4787	  169.5158
0.562	 2.33	 1	 -42.8990	  172.5455
0.563	 2.10	 1	 -43.4279	  172.4642
0.565	 2.23	 1	 -42.6737	  173.0052
0.568	 2.17	 1	 -42.1470	  173.6191
0.569	 2.46	 1	 -42.7945	  173.9901
0.570	 3.35	 1	 -42.3312	  176.4802
0.570	 3.75	 1	 -42.5401	  179.1364
0.571	 3.37	 1	 -42.4789	  173.7561
0.573	 3.33	 1	 -42.4756	  171.8251
0.574	 2.02	 1	 -41.0622	  167.3206
0.575	 2.26	 1	 -45.7625	  172.7100
0.576	 2.16	 1	 -43.0063	  172.7535
0.578	 2.32	 1	 -42.5220	  172.9598
0.579	 2.32	 1	 -41.7889	  174.2416
0.582	 2.57	 1	 -41.5475	  173.2565
0.586	 2.13	 1	 -42.0005	  177.3334
0.586	 2.62	 1	 -42.6993	  174.4308
0.587	 2.87	 1	 -45.5349	  173.4584
0.588	 2.38	 1	 -44.2414	  171.1856
0.592	 3.24	 1	 -41.8048	  174.1949
0.598	 3.25	 1	 -42.2002	  172.9100
0.599	 2.09	 1	 -42.8780	  174.2333
0.599	 2.52	 1	 -41.8308	  173.9437
0.599	 3.08	 1	 -42.5358	  173.1231
0.599	 2.48	 1	 -42.8583	  173.7480
0.600	 2.94	 1	 -42.2845	  174.0405
0.601	 2.29	 1	 -42.8663	  173.1046
0.602	 2.26	 1	 -38.5430	  175.3791
0.603	 2.21	 1	 -39.6543	  173.1943
0.611	 2.08	 1	 -43.2130	  171.7367
0.612	 2.90	 1	 -41.6799	  174.2527
0.613	 2.84	 1	 -42.5555	  172.6904
0.619	 2.11	 1	 -41.7473	  174.2221
0.620	 2.10	 1	 -42.1316	  173.8097
0.621	 3.13	 1	 -42.3644	  174.4961
0.625	 2.14	 1	 -42.5498	  173.1046
0.628	 2.25	 1	 -39.5215	  174.3677
0.630	 2.07	 1	 -41.0414	  174.3480
0.635	 2.15	 1	 -42.4302	  173.4063
0.635	 2.06	 1	 -42.1507	  173.6982
0.635	 2.12	 1	 -40.2308	  176.0667
0.638	 2.70	 1	 -43.2780	  172.5733
0.641	 2.39	 1	 -42.3638	  173.8067
0.645	 2.23	 1	 -43.0468	  166.9234
0.648	 2.14	 1	 -42.5028	  173.1338
0.648	 2.84	 1	 -43.1244	  173.3509
0.656	 2.52	 1	 -42.0667	  174.0802
0.659	 2.37	 1	 -42.5868	  171.3177
0.663	 3.11	 1	 -42.2117	  173.5207
0.664	 2.37	 1	 -43.3301	  173.3186
0.666	 2.43	 1	 -42.3415	  173.8831
0.666	 2.07	 1	 -40.8594	  176.8706
0.668	 3.22	 1	 -38.1971	  173.1623
0.668	 2.38	 1	 -42.4027	  172.9532
0.672	 3.28	 1	 -39.3933	  177.1790
0.673	 2.97	 1	 -46.5262	  169.8248
0.676	 2.71	 1	 -42.2853	  172.4160
0.678	 2.45	 1	 -43.2124	  171.7821
0.680	 2.02	 1	 -41.0269	  178.7048
0.685	 2.03	 1	 -43.9461	  171.7448
0.686	 2.21	 1	 -42.9235	  170.5820
0.692	 2.41	 1	 -45.5907	  174.1039
0.697	 4.53	 1	 -45.3330	  173.1579
0.699	 2.85	 1	 -42.3551	  173.8626
0.699	 2.14	 1	 -42.0275	  172.2190
0.706	 2.95	 1	 -42.2858	  173.9926
0.706	 2.58	 1	 -43.4152	  171.9549
0.708	 2.32	 1	 -45.0534	  170.5401
0.710	 2.83	 1	 -41.7896	  173.1760
0.713	 2.12	 1	 -42.2111	  173.6504
0.713	 2.43	 1	 -41.7723	  174.2052
0.715	 2.89	 1	 -42.6518	  173.8951
0.716	 2.01	 1	 -42.0541	  172.9461
0.720	 3.08	 1	 -41.7327	  174.3635
0.735	 2.06	 1	 -40.3374	  167.8106
0.735	 2.02	 1	 -42.3633	  173.2106
0.738	 2.36	 1	 -43.0229	  173.2578
0.738	 2.04	 1	 -41.6925	  174.2986
0.745	 2.37	 1	 -42.3191	  173.0928
0.746	 2.30	 1	 -42.2162	  175.5609
0.749	 2.03	 1	 -42.6331	  171.4369
0.754	 3.24	 1	 -46.9695	  174.9108
0.759	 2.27	 1	 -43.2241	  172.9940
0.763	 2.04	 1	 -42.9930	  171.5745
0.766	 2.18	 1	 -46.4413	  176.4007
0.782	 2.67	 1	 -42.8790	  172.9528
0.784	 2.72	 1	 -43.1109	  172.6766
0.785	 2.15	 1	 -43.5359	  179.0314
0.786	 2.02	 1	 -42.9081	  171.7248
0.787	 2.27	 1	 -40.4821	  174.1630
0.789	 2.82	 1	 -40.0019	  171.0359
0.790	 2.17	 1	 -46.2662	  169.3090
0.791	 2.40	 1	 -41.3302	  172.3895
0.792	 2.18	 1	 -42.1804	  173.5910
0.792	 2.37	 1	 -42.4428	  172.5602
0.797	 2.00	 1	 -43.7748	  175.9988
0.798	 3.40	 1	 -42.3394	  172.6517
0.799	 2.89	 1	 -42.2928	  174.1743
0.803	 2.48	 1	 -41.5546	  172.6105
0.810	 3.42	 1	 -42.1413	  173.8215
0.812	 2.39	 1	 -42.5386	  173.6087
0.817	 2.35	 1	 -42.2450	  173.7214
0.818	 2.04	 1	 -42.7987	  172.6576
0.826	 2.35	 1	 -42.2956	  173.5669
0.829	 3.12	 1	 -41.9386	  173.7191
0.830	 3.13	 1	 -42.4958	  173.0267
0.831	 2.17	 1	 -44.3478	  167.3339
0.833	 2.59	 1	 -42.6377	  172.8234
0.836	 2.20	 1	 -43.9725	  172.5573
0.837	 2.27	 1	 -42.0111	  173.3893
0.839	 3.24	 1	 -42.2581	  174.0757
0.842	 2.03	 1	 -42.8617	  174.9645
0.846	 2.38	 1	 -42.2628	  173.6466
0.849	 2.35	 1	 -41.7951	  174.2773
0.852	 2.49	 1	 -42.4951	  174.1920
0.852	 2.46	 1	 -41.9730	  175.7363
0.853	 2.11	 1	 -42.5722	  173.0291
0.853	 2.09	 1	 -38.2329	  173.8049
0.853	 3.21	 1	 -42.3464	  173.0962
0.866	 2.06	 1	 -42.1160	  173.3170
0.868	 2.75	 1	 -43.2790	  173.4552
0.869	 2.01	 1	 -42.5482	  173.5068
0.872	 2.35	 1	 -42.5635	  173.2292
0.873	 2.22	 1	 -42.2770	  174.0065
0.875	 2.02	 1	 -42.0191	  173.7994
0.876	 3.16	 1	 -42.2328	  173.5515
0.879	 2.91	 1	 -43.3940	  174.6990
0.880	 2.11	 1	 -41.4076	  173.4153
0.881	 2.14	 1	 -41.4890	  173.2699
0.886	 2.23	 1	 -41.6873	  174.2076
0.887	 2.56	 1	 -42.0347	  171.7594
0.888	 2.83	 1	 -43.2323	  173.7486
0.889	 2.53	 1	 -42.3765	  173.2379
0.893	 2.85	 1	 -42.6258	  172.4168
0.893	 2.18	 1	 -41.7422	  174.2706
0.900	 2.61	 1	 -42.2421	  173.5322
0.902	 3.45	 1	 -44.3577	  178.7050
0.913	 2.89	 1	 -42.6165	  172.9524
0.919	 2.29	 1	 -42.2884	  171.8805
0.922	 3.67	 1	 -42.8205	  173.7407
0.927	 2.16	 1	 -40.2861	  173.5028
0.927	 2.06	 1	 -41.1497	  172.5155
0.928	 2.93	 1	 -43.2649	  174.0423
0.935	 2.01	 1	 -40.1506	  174.5871
0.938	 2.39	 1	 -41.5409	  173.0198
0.938	 2.69	 1	 -42.1954	  173.5470
0.942	 2.48	 1	 -41.6580	  173.1133
0.948	 2.13	 1	 -41.7295	  174.2181
0.952	 2.16	 1	 -41.7336	  174.2269
0.958	 3.10	 1	 -42.6698	  171.6468
0.960	 2.17	 1	 -43.0970	  172.0984
0.962	 2.88	 1	 -44.1246	  171.4478
0.964	 2.16	 1	 -41.9204	  173.6730
0.966	 3.15	 1	 -42.4992	  171.9528
0.971	 2.12	 1	 -42.6161	  172.3399
0.972	 2.84	 1	 -43.0970	  174.4753
0.973	 2.17	 1	 -42.8025	  171.2575
0.977	 2.52	 1	 -44.5733	  171.4842
0.983	 3.33	 2	 -43.0507	  174.2152
0.983	 2.15	 1	 -41.9051	  178.0482
0.988	 2.39	 1	 -41.3447	  172.3510
0.989	 2.22	 1	 -40.8690	  178.6143
0.991	 2.18	 1	 -41.7102	  174.2477
0.991	 3.55	 1	 -42.3302	  173.7997
0.998	 2.22	 1	 -42.1655	  173.6349
0.999	 2.46	 1	 -42.3030	  173.7477
1.001	 2.70	 1	 -42.9719	  172.3537
1.006	 2.11	 1	 -41.0843	  173.7656
1.008	 2.02	 1	 -43.1086	  172.3994
1.008	 2.10	 1	 -39.9637	  174.2164
1.011	 2.55	 1	 -38.6458	  175.6895
1.011	 2.51	 1	 -41.8101	  173.9570
1.012	 2.33	 1	 -44.0443	  172.1922
1.013	 2.06	 1	 -42.8420	  175.0263
1.014	 2.85	 1	 -44.6135	  170.9245
1.021	 2.12	 1	 -42.5654	  173.7484
1.021	 2.46	 1	 -43.9133	  168.8986
1.022	 2.97	 1	 -41.9776	  173.6424
1.023	 2.08	 1	 -43.7462	  172.8023
1.026	 2.00	 1	 -42.1570	  173.4607
1.034	 2.12	 1	 -42.2863	  174.0972
1.038	 2.25	 1	 -40.9289	  178.0444
1.040	 2.08	 1	 -39.8618	  177.7755
1.047	 2.12	 1	 -42.2253	  169.5495
1.053	 2.33	 1	 -41.7811	  174.2966
1.059	 2.61	 1	 -44.0089	  169.6541
1.063	 2.15	 1	 -42.1691	  173.8255
1.068	 2.33	 1	 -42.8122	  173.7658
1.072	 2.17	 1	 -41.7386	  174.2087
1.074	 3.15	 1	 -41.9786	  173.7357
1.075	 2.17	 1	 -42.4954	  173.9605
1.079	 2.04	 1	 -44.1961	  175.2381
1.085	 4.02	 1	 -39.8945	  177.8112
1.086	 2.78	 1	 -46.6224	  170.0490
1.098	 2.78	 1	 -42.4422	  173.1385
1.104	 2.22	 1	 -41.9458	  173.1029
1.109	 2.32	 1	 -38.2217	  172.3685
1.111	 3.78	 1	 -42.5857	  173.1280
1.113	 2.18	 1	 -42.2455	  174.2954
1.114	 2.12	 1	 -42.4630	  173.1583
1.115	 2.02	 1	 -42.6749	  172.4078
1.116	 2.44	 1	 -41.9046	  173.4818
1.122	 2.12	 1	 -39.2148	  176.9002
1.128	 2.19	 1	 -41.8577	  174.2381
1.136	 2.10	 1	 -43.5254	  174.8439
1.148	 2.21	 1	 -42.8983	  173.0075
1.156	 2.51	 1	 -43.3859	  173.9254
1.157	 2.02	 1	 -42.7574	  174.4649
1.162	 2.50	 2	 -39.3903	  177.0824
1.165	 2.04	 1	 -46.4710	  176.3389
1.166	 2.00	 1	 -46.3334	  169.4319
1.175	 2.44	 1	 -41.2956	  178.8372
1.175	 2.53	 1	 -42.5820	  173.0989
1.178	 2.05	 1	 -42.3189	  173.0838
1.183	 2.03	 1	 -42.1057	  173.8240
1.183	 2.87	 1	 -40.9671	  168.9282
1.184	 2.27	 1	 -42.2242	  174.0502
1.184	 2.20	 1	 -43.4890	  173.5214
1.185	 2.11	 1	 -41.5963	  172.6462
1.192	 2.03	 1	 -41.7265	  174.1328
1.196	 3.16	 1	 -42.2539	  173.8699
1.198	 2.28	 1	 -42.4684	  174.4598
1.203	 2.01	 1	 -42.6185	  173.4390
1.206	 2.36	 1	 -41.7713	  173.0767
1.226	 2.08	 1	 -42.0003	  177.1823
1.241	 2.05	 1	 -42.0959	  172.4637
1.244	 2.35	 1	 -47.1849	  172.7551
1.252	 2.22	 1	 -42.2291	  174.9876
1.253	 2.98	 1	 -44.1450	  173.7960
1.255	 2.08	 1	 -40.7159	  171.7569
1.257	 2.63	 1	 -41.7689	  174.2078
1.257	 2.34	 1	 -41.6898	  174.2703
1.259	 2.12	 1	 -38.2616	  172.6659
1.260	 2.03	 1	 -42.5342	  172.4452
1.272	 4.17	 1	 -45.0964	  175.0742
1.272	 2.29	 1	 -43.5400	  173.9655
1.273	 3.13	 1	 -42.1696	  174.0098
1.273	 2.31	 1	 -41.5420	  167.9191
1.276	 2.56	 1	 -43.7527	  171.9785
1.279	 2.56	 1	 -41.5379	  173.7868
1.280	 2.43	 1	 -42.3745	  173.4996
1.289	 2.22	 1	 -42.2900	  173.9881
1.295	 2.23	 1	 -41.5815	  174.3676
1.295	 2.07	 1	 -42.8910	  179.0871
1.296	 2.05	 1	 -40.7098	  172.8738
1.298	 3.67	 1	 -42.1072	  174.2713
1.300	 2.19	 1	 -42.3622	  174.4182
1.301	 2.35	 1	 -42.3050	  172.5394
1.303	 2.61	 1	 -41.0907	  176.0241
1.304	 3.81	 1	 -41.8226	  174.2086
1.307	 2.55	 1	 -42.6400	  174.7806
1.309	 2.35	 1	 -44.7515	  172.5073
1.310	 2.40	 1	 -40.3463	  171.7794
1.312	 3.62	 1	 -42.2400	  173.7724
1.322	 2.75	 1	 -43.7823	  170.3799
1.329	 2.52	 1	 -42.2142	  173.5893
1.330	 2.04	 1	 -42.3766	  172.9438
1.330	 2.03	 1	 -42.7248	  172.2760
1.341	 2.89	 1	 -42.5726	  175.1133
1.342	 2.12	 1	 -42.7247	  172.9889
1.351	 6.24	 1	 -43.6126	  172.3618
1.351	 2.51	 1	 -42.6406	  173.5408
1.367	 2.29	 1	 -46.3010	  176.6725
1.381	 2.15	 1	 -43.0054	  172.6620
1.391	 2.16	 1	 -41.9052	  172.1948
1.398	 2.73	 1	 -42.0692	  173.7011
1.409	 3.76	 1	 -42.8192	  173.7565
1.415	 2.32	 1	 -43.3854	  175.1448
1.415	 2.26	 1	 -42.4149	  172.6705
1.426	 2.21	 1	 -43.1747	  172.0346
1.427	 2.77	 1	 -42.8888	  172.8411
1.429	 2.21	 1	 -42.8767	  173.3161
1.431	 2.99	 2	 -43.5890	  172.3741
1.436	 4.15	 1	 -42.1946	  173.2519
1.439	 2.31	 1	 -42.9463	  171.1451
1.443	 2.03	 1	 -41.8487	  173.9900
1.444	 4.28	 1	 -43.0223	  171.9147
1.444	 2.72	 1	 -41.3307	  170.8791
1.454	 3.92	 1	 -41.8012	  174.0327
1.465	 2.56	 2	 -44.3857	  173.4855
1.470	 2.59	 1	 -41.7849	  174.1846
1.470	 2.66	 1	 -42.6165	  173.3427
1.472	 2.31	 1	 -42.2897	  172.0883
1.473	 2.19	 1	 -45.7944	  173.7149
1.485	 2.27	 1	 -42.9156	  172.9818
1.490	 2.23	 1	 -42.3620	  172.3033
1.495	 2.08	 1	 -44.1795	  173.8556
1.495	 2.16	 1	 -40.5764	  176.6324
1.497	 4.71	 1	 -39.0500	  169.4350
1.499	 2.06	 1	 -42.4453	  173.2844
1.505	 2.19	 1	 -41.6973	  174.2605
1.507	 3.49	 1	 -44.2633	  170.1950
1.507	 2.73	 1	 -44.7863	  174.3640
1.511	 2.19	 1	 -44.8814	  172.7161
1.517	 2.19	 1	 -42.4194	  173.7476
1.523	 2.97	 1	 -42.2869	  173.6757
1.525	 2.11	 1	 -42.9554	  171.6937
1.528	 2.15	 1	 -47.0579	  174.4892
1.531	 2.15	 2	 -43.7657	  172.9473
1.533	 2.37	 1	 -42.1666	  173.7377
1.540	 2.09	 2	 -39.1165	  169.3753
1.545	 2.37	 1	 -39.7817	  174.8940
1.548	 2.20	 1	 -43.0061	  172.8212
1.549	 2.16	 1	 -42.3499	  173.9974
1.551	 2.07	 1	 -42.7958	  171.7747
1.552	 2.07	 1	 -42.6499	  172.2647
1.554	 2.03	 1	 -40.1241	  175.2681
1.554	 2.25	 1	 -42.8518	  172.9491
1.560	 2.06	 2	 -44.1274	  172.6846
1.560	 2.05	 1	 -42.0403	  170.8841
1.566	 2.80	 1	 -43.2156	  171.6375
1.567	 2.12	 1	 -42.4973	  173.6455
1.571	 3.10	 1	 -42.9380	  173.0954
1.574	 2.07	 1	 -42.4905	  172.5091
1.575	 2.32	 1	 -40.8242	  173.0193
1.577	 2.50	 1	 -45.0933	  174.4901
1.580	 2.34	 1	 -42.3695	  173.9432
1.582	 2.08	 1	 -43.5574	  172.2674
1.592	 2.03	 2	 -41.7893	  174.0229
1.596	 2.39	 1	 -41.8498	  174.0974
1.608	 3.36	 2	 -43.6733	  172.3375
1.609	 2.80	 2	 -43.7166	  172.0986
1.613	 2.23	 1	 -42.3412	  174.7611
1.614	 2.10	 1	 -44.5703	  167.4633
1.630	 2.18	 1	 -38.2399	  172.1687
1.638	 2.18	 2	 -43.6432	  172.4261
1.641	 2.45	 1	 -42.7096	  173.0536
1.642	 2.13	 1	 -43.3815	  172.7189
1.648	 2.21	 1	 -43.0809	  172.8596
1.650	 2.06	 1	 -42.9451	  173.4280
1.651	 2.37	 1	 -42.1918	  173.5981
1.659	 2.96	 1	 -42.4140	  173.3828
1.664	 3.23	 1	 -42.4253	  172.2591
1.675	 2.04	 1	 -40.5857	  173.2584
1.678	 2.68	 1	 -41.7491	  174.3280
1.689	 2.59	 1	 -43.2650	  173.2611
1.689	 2.01	 1	 -43.8283	  170.0784
1.692	 2.16	 1	 -43.0554	  173.5849
1.697	 2.05	 1	 -41.9686	  174.1140
1.707	 3.09	 1	 -42.0910	  173.7415
1.717	 2.55	 1	 -46.8696	  175.2873
1.718	 2.03	 1	 -41.4687	  173.2471
1.718	 2.66	 1	 -43.6801	  171.9032
1.719	 2.05	 1	 -42.1280	  171.4932
1.723	 2.21	 1	 -42.1300	  174.7777
1.723	 2.16	 1	 -42.2813	  173.7195
1.730	 2.15	 1	 -42.7033	  172.6157
1.732	 2.34	 1	 -42.1994	  173.6309
1.735	 2.27	 1	 -42.1522	  173.9531
1.740	 2.55	 1	 -41.7153	  174.2875
1.744	 2.11	 1	 -40.4929	  174.7364
1.745	 2.16	 1	 -38.9463	  176.4058
1.751	 2.44	 1	 -42.1667	  173.1966
1.753	 2.32	 1	 -42.1864	  173.6099
1.756	 2.34	 1	 -41.9863	  173.7520
1.758	 2.22	 1	 -42.9792	  173.4084
1.760	 2.09	 1	 -42.5664	  174.9179
1.765	 2.12	 1	 -42.7972	  172.8517
1.767	 2.65	 1	 -43.0818	  170.6299
1.769	 2.14	 1	 -42.4511	  173.1714
1.779	 2.68	 2	 -43.6277	  172.3837
1.780	 2.23	 1	 -41.9837	  173.8011
1.786	 3.09	 1	 -42.1119	  173.6913
1.796	 2.95	 2	 -43.4967	  172.4439
1.797	 2.74	 1	 -42.6548	  173.6669
1.803	 2.13	 1	 -38.6793	  171.3126
1.812	 2.64	 1	 -43.8966	  175.2724
1.813	 2.19	 1	 -42.0890	  173.1164
1.813	 2.31	 1	 -42.0902	  174.9856
1.814	 2.97	 1	 -43.0309	  173.4556
1.827	 2.14	 2	 -44.1721	  174.0269
1.833	 2.41	 1	 -44.3515	  171.3230
1.833	 2.52	 1	 -42.2490	  173.5538
1.842	 3.50	 1	 -42.6804	  171.7006
1.843	 2.02	 1	 -45.3762	  174.6746
1.847	 2.09	 1	 -42.5912	  171.8729
1.858	 2.22	 1	 -42.2436	  173.1221
1.861	 4.02	 1	 -42.9836	  175.4839
1.862	 2.45	 1	 -42.1768	  173.8030
1.863	 2.20	 2	 -43.5658	  172.3379
1.878	 2.24	 1	 -45.1279	  170.5898
1.883	 2.23	 1	 -42.5643	  172.9954
1.892	 2.74	 1	 -42.9120	  172.5737
1.899	 2.38	 1	 -42.6024	  172.4365
1.901	 2.19	 1	 -43.0839	  173.4875
1.907	 3.54	 1	 -42.5844	  172.5108
1.910	 2.61	 1	 -41.7713	  174.2025
1.916	 2.64	 1	 -42.9818	  169.8147
1.944	 2.42	 2	 -41.3005	  167.0352
1.959	 2.03	 1	 -42.4698	  171.9610
1.962	 2.07	 1	 -43.0649	  173.3291
1.967	 2.02	 1	 -42.2067	  173.6039
1.976	 2.07	 1	 -42.1758	  173.7314
1.982	 2.02	 1	 -42.4580	  173.7657
1.990	 2.87	 1	 -39.1229	  172.4415
1.998	 2.31	 1	 -40.5319	  172.6717
2.001	 2.40	 1	 -42.1333	  173.0426
2.002	 2.97	 1	 -42.1802	  173.8282
2.005	 2.53	 1	 -42.3117	  173.6943
2.015	 2.02	 1	 -42.5902	  174.0604
2.026	 2.06	 1	 -42.7105	  171.6954
2.044	 2.04	 2	 -43.5830	  172.4007
2.044	 2.30	 1	 -41.8140	  167.0222
2.054	 2.10	 1	 -44.4597	  169.8389
2.054	 2.19	 1	 -41.5508	  173.6634
2.061	 2.19	 1	 -42.9515	  172.9137
2.095	 2.68	 1	 -42.0156	  173.6889
2.107	 2.27	 1	 -41.7426	  174.3062
2.113	 2.11	 1	 -43.0845	  172.1571
2.116	 2.60	 1	 -42.7599	  173.5355
2.121	 2.22	 1	 -41.7963	  174.1893
2.128	 3.23	 1	 -41.7235	  174.3165
2.138	 3.10	 1	 -42.6876	  172.9385
2.149	 3.88	 1	 -42.7155	  173.3183
2.153	 2.39	 1	 -41.5774	  174.4888
2.156	 2.27	 1	 -43.8159	  173.2455
2.163	 2.31	 1	 -42.0189	  173.8755
2.163	 3.11	 1	 -45.5295	  169.1678
2.166	 2.01	 1	 -42.8223	  173.5647
2.175	 2.03	 1	 -42.2473	  174.1840
2.180	 2.13	 1	 -42.2423	  171.4201
2.189	 2.09	 1	 -42.8839	  171.8918
2.189	 2.16	 1	 -41.4959	  173.0478
2.212	 2.09	 1	 -39.3508	  177.1155
2.215	 2.46	 1	 -41.3233	  170.3320
2.232	 2.06	 1	 -43.0990	  173.5739
2.245	 2.02	 1	 -42.9343	  174.2734
2.256	 2.07	 1	 -42.6120	  173.1584
2.268	 2.50	 1	 -42.8710	  173.2724
2.268	 2.02	 1	 -41.7420	  174.1589
2.271	 2.09	 1	 -42.9345	  179.1311
2.278	 2.47	 1	 -42.0568	  173.8073
2.280	 2.76	 1	 -42.7859	  173.3639
2.289	 2.49	 1	 -41.5533	  173.5923
2.308	 2.64	 1	 -44.5935	  172.4939
2.316	 2.93	 1	 -46.0485	  177.0940
2.325	 2.29	 1	 -43.5618	  172.1705
2.326	 2.11	 1	 -42.3857	  173.2056
2.329	 2.32	 2	 -43.5732	  172.3851
2.337	 2.38	 1	 -42.6646	  171.5515
2.350	 2.56	 1	 -44.5196	  178.6122
2.362	 2.02	 1	 -41.6598	  173.8366
2.368	 2.78	 1	 -42.1973	  171.6895
2.369	 3.00	 1	 -44.0987	  174.2453
2.370	 2.42	 1	 -42.6067	  173.8965
2.372	 2.50	 1	 -42.6712	  172.7689
2.373	 2.03	 1	 -42.3155	  173.6748
2.381	 2.80	 1	 -43.7228	  168.2066
2.399	 2.96	 1	 -41.9931	  173.8039
2.428	 2.08	 1	 -42.4103	  173.3380
2.432	 3.27	 1	 -42.9106	  173.3787
2.434	 2.94	 1	 -41.9794	  173.7424
2.436	 2.79	 1	 -41.7683	  174.2766
2.454	 2.30	 1	 -43.5429	  179.0296
2.457	 2.81	 1	 -42.0873	  172.5024
2.461	 3.27	 1	 -42.1933	  173.6499
2.470	 2.60	 1	 -42.0032	  174.0331
2.474	 2.06	 1	 -38.2036	  173.3783
2.480	 2.15	 1	 -42.1932	  173.5797
2.480	 2.59	 1	 -42.6152	  173.1865
2.481	 2.32	 1	 -42.1631	  173.9349
2.487	 2.22	 1	 -41.8977	  173.4473
2.489	 2.30	 1	 -47.1722	  172.4915
2.501	 2.98	 1	 -42.5454	  173.0490
2.506	 2.78	 1	 -44.3052	  168.3383
2.520	 2.03	 1	 -43.4126	  175.2445
2.521	 2.32	 1	 -41.6783	  174.3051
2.532	 2.23	 1	 -41.8145	  173.3165
2.537	 2.03	 1	 -42.4644	  171.2479
2.544	 2.02	 1	 -42.0712	  173.2073
2.546	 2.06	 1	 -41.9209	  172.6322
2.562	 2.05	 1	 -43.3018	  175.1658
2.574	 2.26	 1	 -42.4681	  172.4605
2.583	 2.45	 1	 -41.9235	  173.9451
2.590	 2.12	 1	 -42.7120	  172.7331
2.596	 2.40	 1	 -42.5931	  171.6391
2.602	 2.11	 1	 -39.4194	  168.8274
2.607	 2.02	 1	 -39.2496	  169.0871
2.615	 2.00	 1	 -41.9500	  173.6662
2.623	 2.22	 2	 -43.5383	  172.3620
2.623	 2.20	 1	 -42.6064	  173.1062
2.630	 2.33	 1	 -42.7199	  172.4159
2.633	 2.35	 1	 -42.1707	  173.8079
2.635	 4.16	 1	 -42.8880	  172.2810
2.637	 2.07	 1	 -42.6800	  172.7420
2.651	 2.16	 1	 -42.9653	  171.3812
2.654	 2.10	 1	 -41.8629	  173.9889
2.656	 2.74	 1	 -41.7275	  174.2372
2.674	 2.58	 1	 -42.4959	  173.3060
2.679	 2.63	 1	 -42.3018	  174.0794
2.686	 2.01	 1	 -42.5274	  173.1594
2.715	 2.53	 1	 -41.7292	  174.2720
2.719	 2.28	 1	 -42.2879	  171.6758
2.720	 2.51	 1	 -41.7499	  174.3807
2.720	 2.35	 1	 -42.6028	  175.7718
2.749	 2.64	 1	 -42.6662	  171.9628
2.758	 2.10	 1	 -41.5297	  172.4499
2.770	 2.09	 1	 -41.8026	  173.7243
2.774	 2.01	 1	 -43.0440	  173.6563
2.786	 2.29	 1	 -41.7391	  171.3254
2.789	 2.38	 1	 -41.8185	  174.2640
2.802	 2.88	 1	 -42.8161	  173.9713
2.804	 2.29	 1	 -43.8761	  173.4387
2.811	 2.27	 1	 -43.8905	  173.6859
2.823	 2.38	 1	 -43.0177	  174.1122
2.829	 2.62	 1	 -43.1237	  174.0767
2.831	 2.55	 1	 -41.4932	  171.7691
2.834	 2.10	 1	 -43.3475	  173.8850
2.841	 2.21	 1	 -39.9326	  177.8521
2.841	 2.21	 1	 -42.6085	  174.0289
2.843	 2.01	 1	 -42.4581	  173.1930
2.844	 2.70	 1	 -42.9479	  173.5470
2.851	 2.78	 1	 -42.9551	  171.6177
2.873	 2.05	 1	 -42.9650	  172.5778
2.876	 2.05	 1	 -41.6238	  173.6535
2.881	 2.31	 1	 -42.1312	  174.2189
2.907	 2.55	 1	 -42.3413	  173.8499
2.919	 2.04	 1	 -42.1468	  173.6595
2.923	 2.53	 1	 -43.1630	  168.7854
2.923	 2.57	 1	 -38.3228	  171.5792
2.939	 2.01	 1	 -41.7128	  174.3605
2.951	 2.09	 1	 -42.9716	  171.5258
2.955	 2.05	 1	 -42.3397	  173.6873
2.963	 2.76	 1	 -43.0650	  173.4032
2.966	 2.19	 1	 -42.5807	  166.9062
2.969	 2.32	 2	 -45.1030	  175.0596
2.983	 2.14	 1	 -42.4176	  173.4268
2.984	 2.02	 1	 -42.4680	  171.6142
3.003	 2.01	 1	 -45.1006	  171.1436
3.004	 2.08	 1	 -42.5211	  173.3137
3.014	 2.71	 1	 -41.9939	  174.0629
3.031	 2.02	 1	 -44.8212	  170.8710
3.036	 3.18	 1	 -42.5360	  173.1452
3.043	 2.24	 1	 -45.8795	  177.3380
3.047	 2.01	 1	 -42.1202	  173.5333
3.049	 2.31	 1	 -42.0493	  173.8668
3.056	 2.20	 1	 -42.4585	  173.6622
3.057	 2.66	 1	 -42.8917	  176.1161
3.060	 2.50	 1	 -43.0589	  173.0114
3.080	 2.13	 1	 -39.1525	  176.7944
3.088	 2.56	 1	 -38.6213	  170.4248
3.098	 2.37	 1	 -42.6434	  172.1717
3.122	 3.62	 1	 -40.7646	  173.9735
3.126	 2.21	 1	 -42.2895	  173.6998
3.133	 3.21	 2	 -43.6171	  172.4151
3.150	 2.06	 1	 -41.8963	  174.1863
3.150	 2.41	 1	 -42.5680	  172.9709
3.154	 2.40	 1	 -38.1995	  173.2666
3.154	 2.07	 1	 -39.3522	  169.5857
3.165	 3.04	 2	 -43.4109	  173.1487
3.170	 2.86	 1	 -43.0082	  173.7235
3.177	 3.36	 1	 -42.0786	  172.7485
3.180	 2.32	 1	 -42.6024	  173.7661
3.182	 2.57	 1	 -42.3448	  173.5429
3.197	 2.18	 1	 -41.6595	  174.3428
3.200	 2.86	 1	 -42.0280	  171.8372
3.201	 2.13	 1	 -42.3974	  173.2220
3.211	 2.02	 1	 -43.5251	  172.5405
3.211	 2.09	 1	 -41.4787	  178.9128
3.213	 2.44	 1	 -43.9755	  172.4390
3.220	 2.68	 1	 -41.7815	  174.2540
3.221	 2.66	 1	 -42.6335	  172.4300
3.233	 2.01	 1	 -42.5264	  173.3242
3.239	 2.19	 2	 -43.6156	  172.2601
3.240	 2.87	 1	 -42.8679	  173.3977
3.252	 2.31	 1	 -40.7869	  172.4370
3.270	 2.14	 1	 -41.3517	  172.1285
3.283	 2.59	 1	 -42.3698	  174.5415
3.288	 3.35	 1	 -41.8821	  174.3740
3.291	 2.50	 1	 -41.8221	  174.1325
3.291	 3.00	 1	 -41.7089	  173.9347
3.305	 2.08	 1	 -42.1211	  172.9501
3.318	 2.05	 1	 -38.2044	  173.3964
3.320	 2.37	 1	 -43.3475	  172.4656
3.328	 3.48	 1	 -42.5953	  173.2332
3.328	 2.56	 1	 -43.0897	  173.7083
3.329	 2.15	 1	 -38.6392	  170.3734
3.331	 2.64	 1	 -42.4406	  173.2072
3.333	 3.45	 1	 -41.2783	  171.9703
3.335	 2.59	 1	 -42.3727	  172.2472
3.336	 2.49	 1	 -43.7757	  172.7844
3.351	 2.93	 1	 -42.6192	  172.7609
3.363	 2.86	 1	 -43.8435	  172.6903
3.364	 2.71	 1	 -43.1215	  173.3030
3.377	 2.12	 1	 -42.6298	  174.0063
3.378	 2.02	 1	 -44.9856	  172.1422
3.383	 2.19	 2	 -42.4396	  173.2081
3.387	 3.60	 1	 -42.6466	  171.8735
3.393	 2.05	 2	 -42.8484	  175.3615
3.394	 2.40	 1	 -42.6741	  172.5482
3.405	 2.46	 1	 -39.3696	  168.9004
3.435	 3.77	 1	 -42.4030	  173.0233
3.442	 2.61	 1	 -43.7518	  173.2313
3.442	 2.42	 1	 -42.8571	  171.2894
3.450	 2.06	 1	 -42.3237	  172.8740
3.453	 2.64	 2	 -43.6159	  172.3040
3.458	 2.10	 1	 -41.7785	  174.2080
3.470	 2.31	 1	 -45.3073	  168.0450
3.483	 2.44	 1	 -41.7372	  174.2941
3.488	 2.71	 1	 -42.8270	  173.6692
3.494	 2.03	 1	 -41.3989	  174.4904
3.524	 2.31	 1	 -41.7114	  174.4509
3.528	 2.10	 1	 -42.2545	  173.5809
3.528	 3.20	 1	 -44.0405	  172.3786
3.540	 2.88	 1	 -43.5839	  176.5784
3.552	 2.12	 1	 -38.2701	  174.1289
3.560	 2.08	 1	 -46.3468	  176.5871
3.568	 2.27	 1	 -46.1682	  171.9381
3.569	 2.02	 1	 -42.1538	  169.6586
3.572	 2.69	 1	 -40.6732	  172.0759
3.584	 3.31	 1	 -43.6315	  171.0516
3.599	 2.26	 1	 -41.6413	  174.2860
3.606	 2.70	 1	 -41.7387	  174.2926
3.628	 2.47	 1	 -43.1715	  172.7301
3.635	 3.16	 1	 -42.8905	  173.4344
3.639	 2.31	 1	 -42.5476	  173.3673
3.642	 2.48	 1	 -43.8093	  173.5454
3.643	 2.15	 1	 -42.4546	  172.4990
3.646	 2.01	 1	 -41.6869	  174.3187
3.653	 3.24	 1	 -41.6718	  172.5349
3.680	 2.22	 1	 -42.3632	  173.8347
3.691	 2.71	 1	 -42.4558	  173.1580
3.697	 2.31	 1	 -42.1868	  173.7503
3.699	 2.11	 1	 -42.0172	  172.8257
3.709	 2.18	 1	 -42.2849	  173.6957
3.712	 2.60	 1	 -41.2569	  173.4559
3.715	 2.47	 1	 -43.2123	  169.8982
3.719	 2.37	 1	 -42.1463	  172.3748
3.757	 3.06	 1	 -45.5027	  173.8582
3.764	 2.42	 1	 -46.6197	  176.0020
3.770	 2.39	 1	 -41.8174	  173.5861
3.780	 2.14	 1	 -44.2949	  170.4461
3.783	 2.43	 1	 -42.1398	  171.0434
3.794	 2.15	 1	 -42.6749	  174.2858
3.809	 2.10	 1	 -42.6898	  172.8634
3.818	 3.28	 1	 -45.3531	  177.9542
3.835	 2.05	 1	 -41.7211	  174.2832
3.847	 2.04	 1	 -45.7595	  170.2078
3.860	 2.11	 1	 -42.2943	  173.7653
3.914	 2.98	 1	 -43.5789	  172.1339
3.935	 2.32	 1	 -42.2493	  172.0415
3.955	 2.01	 1	 -45.6534	  174.0157
3.963	 2.47	 1	 -40.2779	  175.9493
3.988	 2.68	 2	 -43.8296	  172.2397
3.998	 2.02	 1	 -43.1964	  172.2030
4.019	 2.29	 1	 -45.5582	  177.7367
4.020	 2.07	 1	 -44.2881	  171.2652
4.032	 2.14	 1	 -43.8977	  172.8213
4.056	 2.29	 1	 -41.7401	  174.1499
4.076	 2.40	 1	 -41.9346	  173.7202
4.090	 2.72	 1	 -42.8478	  172.7653
4.117	 2.40	 1	 -41.8755	  173.9507
4.122	 2.52	 1	 -38.6850	  170.2475
4.125	 2.50	 1	 -42.7054	  174.1931
4.147	 2.32	 1	 -42.5899	  173.0963
4.155	 2.50	 1	 -42.9115	  174.3141
4.159	 2.48	 1	 -43.2475	  172.5963
4.171	 2.10	 1	 -42.1607	  173.6216
4.193	 2.14	 1	 -42.4220	  166.9154
4.202	 2.08	 1	 -42.6214	  173.8249
4.203	 2.18	 1	 -42.3737	  175.4913
4.205	 2.37	 1	 -42.0212	  172.5007
4.212	 2.02	 1	 -41.8904	  174.5792
4.222	 3.12	 1	 -39.0658	  171.0264
4.222	 2.38	 1	 -41.6965	  174.2758
4.232	 3.15	 1	 -42.4268	  173.0605
4.235	 2.06	 1	 -42.4452	  173.7853
4.235	 2.01	 1	 -40.5462	  171.6081
4.238	 2.11	 1	 -38.5877	  175.5197
4.246	 3.27	 1	 -42.6303	  174.5415
4.247	 2.18	 1	 -42.0553	  170.5207
4.248	 2.07	 2	 -43.6286	  172.2790
4.261	 2.65	 2	 -43.5122	  172.2261
4.262	 2.55	 1	 -40.7194	  173.9770
4.272	 2.12	 1	 -42.9929	  170.9288
4.295	 2.08	 1	 -43.3672	  173.0366
4.298	 2.67	 2	 -43.5830	  172.2555
4.302	 2.57	 1	 -42.3879	  173.5008
4.315	 2.11	 1	 -42.0281	  173.2780
4.320	 2.17	 1	 -42.1215	  173.4810
4.324	 2.36	 1	 -43.0939	  172.9141
4.330	 2.56	 1	 -43.0239	  173.7643
4.336	 2.32	 1	 -42.1460	  171.7499
4.339	 2.07	 1	 -41.8495	  174.1933
4.344	 2.34	 1	 -42.5151	  173.3121
4.348	 2.09	 1	 -38.2009	  172.7341
4.365	 2.74	 1	 -42.0571	  173.0916
4.382	 2.33	 1	 -41.7789	  174.1512
4.396	 2.49	 1	 -43.6453	  173.8982
4.403	 2.36	 1	 -42.6584	  172.8596
4.422	 2.70	 1	 -41.4858	  172.4184
4.437	 2.04	 1	 -41.7567	  174.2668
4.438	 2.81	 1	 -44.6925	  173.2433
4.484	 2.22	 2	 -42.0573	  173.8087
4.497	 2.18	 1	 -42.1306	  173.8052
4.498	 3.17	 1	 -43.0351	  172.8414
4.515	 2.52	 1	 -42.6013	  172.3946
4.531	 3.90	 2	 -43.6737	  172.3735
4.548	 4.83	 1	 -44.2932	  168.2335
4.555	 2.94	 1	 -42.0620	  173.1192
4.568	 2.16	 1	 -42.0774	  166.9618
4.569	 2.21	 1	 -43.4505	  168.9911
4.572	 2.31	 1	 -43.1039	  173.6105
4.597	 2.97	 1	 -44.3580	  171.2014
4.636	 3.05	 1	 -39.6132	  177.4804
4.656	 2.13	 1	 -42.5219	  173.8437
4.659	 2.09	 1	 -42.1027	  173.5176
4.700	 2.19	 2	 -43.6916	  172.3483
4.721	 2.78	 1	 -42.6300	  172.2505
4.740	 3.16	 1	 -43.1488	  172.6208
4.757	 3.57	 1	 -41.7302	  173.2545
4.771	 3.15	 1	 -42.4015	  173.7094
4.786	 2.65	 1	 -43.0652	  173.0966
4.803	 2.42	 1	 -42.8465	  173.9078
4.816	 3.07	 1	 -43.1962	  172.2024
4.825	 2.01	 1	 -43.5059	  172.7985
4.827	 2.39	 1	 -42.1892	  173.6190
4.864	 2.91	 1	 -42.2489	  173.5676
4.865	 2.70	 2	 -43.5899	  172.3658
4.883	 2.30	 1	 -42.2357	  173.5475
4.889	 2.51	 1	 -42.9616	  170.8835
4.909	 2.06	 1	 -43.0942	  171.6543
4.915	 2.94	 1	 -42.7181	  173.2012
4.919	 2.38	 1	 -44.5074	  178.6195
4.930	 2.90	 1	 -45.5672	  172.0016
4.936	 2.12	 2	 -43.6520	  171.9234
4.954	 2.51	 1	 -42.3181	  173.9107
4.968	 2.21	 1	 -44.1453	  171.6657
4.975	 2.23	 1	 -46.5027	  169.7734
4.976	 2.43	 1	 -42.4649	  173.0836
4.996	 2.02	 1	 -41.9687	  172.5385
5.023	 2.43	 1	 -42.5261	  172.9610
5.031	 2.57	 1	 -41.8080	  174.2251
5.049	 2.19	 1	 -42.6330	  172.9547
5.051	 2.19	 2	 -43.4282	  172.0050
5.062	 2.14	 1	 -42.5705	  173.0460
5.088	 2.77	 1	 -44.6057	  172.1915
5.088	 2.55	 1	 -42.4279	  172.9184
5.115	 2.15	 1	 -38.5896	  175.5255
5.117	 2.29	 2	 -43.6487	  172.4443
5.120	 2.43	 1	 -41.9781	  173.6963
5.121	 2.24	 1	 -40.8529	  175.6990
5.139	 2.45	 1	 -42.9668	  168.4828
5.192	 4.32	 1	 -43.5231	  170.9714
5.243	 2.41	 1	 -41.7870	  172.9507
5.277	 2.11	 1	 -42.2445	  173.6201
5.278	 2.48	 1	 -45.3408	  172.1108
5.306	 3.91	 2	 -43.5564	  171.8181
5.310	 2.57	 1	 -43.2405	  169.7128
5.321	 2.28	 1	 -42.4444	  175.3247
5.325	 2.24	 1	 -38.4609	  175.0912
5.353	 2.62	 1	 -41.9487	  173.5829
5.365	 2.82	 1	 -46.3304	  176.6180
5.421	 4.35	 1	 -42.6642	  173.3590
5.436	 2.55	 1	 -41.8007	  173.7900
5.455	 2.62	 1	 -43.3702	  172.4155
5.464	 2.54	 1	 -42.2093	  174.1518
5.466	 2.66	 1	 -45.0316	  167.7972
5.477	 2.32	 1	 -43.0846	  172.2724
5.491	 2.14	 1	 -42.4460	  173.0902
5.548	 2.28	 1	 -42.3664	  173.1396
5.583	 2.27	 1	 -41.9953	  173.6913
5.600	 2.41	 2	 -43.1863	  172.3633
5.639	 2.16	 1	 -42.6442	  172.2992
5.651	 2.42	 2	 -43.7905	  172.3009
5.661	 2.13	 1	 -38.3471	  171.4493
5.664	 3.24	 1	 -43.0970	  174.4989
5.668	 2.02	 1	 -41.3286	  178.8517
5.679	 2.32	 2	 -42.4231	  172.9241
5.679	 2.70	 1	 -44.9034	  176.0714
5.687	 2.13	 1	 -41.8724	  169.2047
5.712	 2.35	 1	 -42.4573	  173.7565
5.747	 2.30	 1	 -42.5919	  173.2088
5.777	 2.68	 2	 -43.5615	  172.3368
5.788	 2.32	 3	 -39.1191	  169.3793
5.816	 3.16	 1	 -42.2955	  173.5235
5.834	 2.06	 1	 -42.6467	  172.9589
5.841	 2.47	 1	 -45.2984	  173.9285
5.857	 2.33	 3	 -43.6760	  172.3343
5.883	 2.45	 1	 -41.5925	  174.3278
5.913	 2.03	 2	 -43.8768	  172.4688
5.921	 3.04	 1	 -44.9047	  167.6959
5.922	 3.45	 1	 -41.6666	  176.3400
5.930	 2.09	 1	 -39.0327	  176.5765
5.940	 2.26	 1	 -43.0308	  176.4075
5.952	 2.12	 1	 -45.0237	  174.1637
5.969	 2.55	 1	 -42.5832	  173.2701
5.975	 2.31	 1	 -42.5478	  171.8242
5.991	 2.38	 1	 -41.8823	  173.9816
6.017	 2.50	 1	 -46.4878	  176.3031
6.025	 2.38	 1	 -41.9744	  176.0016
6.037	 2.44	 1	 -40.8437	  170.2933
6.056	 3.42	 2	 -41.2741	  171.9725
6.057	 2.13	 1	 -41.3860	  174.1355
6.121	 3.39	 1	 -43.3818	  177.3942
6.153	 2.38	 1	 -41.9460	  172.4476
6.168	 2.13	 1	 -43.2811	  173.4617
6.168	 2.21	 1	 -46.7532	  174.2682
6.176	 2.15	 1	 -42.6841	  172.4710
6.185	 2.77	 1	 -42.4272	  173.2047
6.224	 2.17	 1	 -42.4381	  173.7271
6.233	 2.53	 1	 -46.4810	  176.3176
6.278	 2.06	 1	 -44.3546	  173.2754
6.288	 2.00	 1	 -42.2033	  173.6122
6.343	 2.10	 1	 -42.6122	  172.9709
6.351	 2.10	 1	 -42.0149	  173.1436
6.366	 2.06	 1	 -41.7589	  174.3425
6.367	 2.18	 1	 -43.0813	  173.9362
6.410	 5.99	 1	 -42.1275	  176.0035
6.431	 4.17	 1	 -46.3279	  176.3882
6.434	 2.11	 2	 -42.1337	  176.0248
6.439	 2.02	 1	 -43.6499	  172.1667
6.479	 2.07	 1	 -41.9058	  174.0547
6.482	 3.26	 2	 -41.9450	  176.1997
6.489	 2.21	 1	 -42.2189	  179.1059
6.492	 2.09	 1	 -42.3039	  173.4285
6.500	 2.09	 1	 -42.1856	  173.9404
6.503	 2.28	 2	 -42.1249	  175.9721
6.512	 3.69	 2	 -42.1739	  175.9650
6.521	 2.20	 1	 -44.5514	  174.2882
6.524	 2.06	 1	 -41.6307	  174.3232
6.537	 2.39	 1	 -42.6479	  172.1808
6.543	 2.75	 1	 -42.5196	  173.3980
6.549	 2.19	 1	 -42.2670	  173.6771
6.568	 2.76	 2	 -43.3635	  172.5045
6.574	 2.03	 2	 -43.3479	  172.7258
6.593	 2.13	 1	 -42.5738	  172.6051
6.597	 2.48	 1	 -42.5873	  173.1547
6.597	 2.79	 1	 -45.4114	  168.5581
6.599	 2.18	 1	 -42.8805	  172.9481
6.674	 2.07	 1	 -42.2543	  173.6245
6.687	 2.18	 1	 -38.1960	  172.9899
6.691	 2.22	 1	 -42.0684	  170.9645
6.705	 2.93	 1	 -42.5540	  173.3301
6.726	 2.24	 1	 -43.7925	  172.5706
6.728	 2.19	 1	 -41.6654	  174.1824
6.730	 2.26	 1	 -41.7245	  174.3124
6.733	 3.04	 1	 -42.1309	  173.8327
6.735	 2.86	 1	 -42.6069	  173.3017
6.748	 2.47	 1	 -42.6311	  172.9572
6.749	 2.23	 2	 -42.0800	  176.0049
6.785	 2.14	 1	 -41.2731	  174.1514
6.788	 2.69	 1	 -41.8740	  172.0180
6.794	 3.36	 1	 -42.0838	  173.6965
6.796	 2.16	 1	 -42.7151	  173.1400
6.810	 2.22	 1	 -43.0205	  172.2380
6.811	 2.28	 1	 -43.5440	  172.5962
6.812	 2.84	 1	 -39.0553	  176.6192
6.829	 2.53	 1	 -43.3204	  171.3611
6.840	 2.56	 1	 -42.1107	  172.2591
6.841	 2.29	 1	 -42.1892	  172.5225
6.849	 3.21	 1	 -42.6806	  172.7650
6.858	 2.00	 2	 -42.2770	  173.4436
6.866	 2.42	 1	 -43.6557	  172.1897
6.901	 2.23	 1	 -46.3936	  176.4966
6.914	 2.18	 1	 -41.6624	  173.8842
6.932	 2.80	 1	 -38.9879	  176.4895
6.937	 2.13	 1	 -42.0872	  173.0343
6.948	 2.10	 1	 -42.8928	  174.1405
6.953	 3.92	 1	 -42.1714	  173.7978
6.962	 2.15	 1	 -43.4577	  176.5336
6.964	 2.03	 1	 -41.8432	  171.7138
6.979	 2.37	 1	 -42.8767	  179.1348
6.986	 3.07	 1	 -41.9327	  169.9939
6.987	 2.30	 1	 -42.3800	  173.6447
7.016	 2.18	 1	 -43.0169	  173.1565
7.033	 3.85	 1	 -42.1255	  172.7728
7.050	 2.73	 1	 -42.1976	  172.5361
7.107	 2.43	 1	 -41.9161	  172.2357
7.123	 2.03	 1	 -42.7241	  172.5038
7.257	 2.51	 1	 -42.7103	  172.9333
7.274	 2.40	 1	 -42.1549	  173.6244
7.280	 2.33	 1	 -41.9490	  173.9655
7.296	 2.62	 1	 -38.8495	  169.8457
7.311	 2.19	 1	 -41.3328	  167.9226
7.323	 2.47	 1	 -43.5110	  168.7446
7.330	 2.12	 2	 -42.1915	  173.6346
7.332	 2.49	 1	 -42.7482	  173.6643
7.353	 2.63	 1	 -41.8057	  174.7927
7.378	 2.29	 2	 -42.1612	  172.9254
7.389	 2.01	 1	 -47.1795	  173.4222
7.421	 2.32	 1	 -42.2881	  173.9288
7.442	 3.61	 2	 -42.1724	  176.1330
7.485	 2.15	 1	 -42.4900	  173.1008
7.543	 2.51	 1	 -42.9156	  170.2666
7.551	 2.06	 1	 -42.0322	  171.5582
7.601	 2.74	 1	 -39.0599	  176.6278
7.604	 2.12	 1	 -43.7997	  171.7315
7.635	 2.34	 1	 -42.4496	  173.7781
7.661	 2.48	 1	 -41.4290	  172.9785
7.682	 3.93	 1	 -41.9740	  173.6930
7.740	 2.19	 1	 -43.0375	  173.0270
7.753	 2.24	 1	 -38.2395	  172.1724
7.791	 2.59	 1	 -41.9914	  172.2295
7.935	 3.14	 1	 -41.2161	  172.8069
7.961	 2.58	 1	 -42.8837	  173.9271
7.977	 2.14	 1	 -38.9262	  176.3642
8.001	 2.03	 2	 -41.9415	  173.6314
8.029	 2.34	 1	 -42.4070	  174.2511
8.051	 2.21	 1	 -40.9324	  174.0769
8.148	 2.59	 1	 -45.0401	  168.0069
8.171	 3.42	 1	 -39.9024	  172.7573
8.179	 2.76	 1	 -41.9674	  173.8341
8.179	 2.09	 1	 -40.6887	  175.0273
8.195	 2.02	 1	 -39.7988	  168.3395
8.223	 2.18	 1	 -41.6668	  174.1977
8.236	 2.03	 1	 -41.8966	  172.3307
8.237	 2.01	 1	 -42.1225	  173.6026
8.245	 2.58	 1	 -42.6615	  173.5995
8.300	 2.22	 1	 -42.4071	  174.0512
8.336	 2.64	 1	 -42.0771	  173.1813
8.381	 2.61	 1	 -43.5197	  172.2291
8.421	 2.28	 1	 -39.9802	  177.9017
8.434	 2.37	 1	 -41.8972	  174.0022
8.442	 2.18	 1	 -42.4565	  172.2770
8.468	 3.81	 1	 -38.7925	  176.0671
8.469	 2.37	 2	 -43.6297	  172.2794
8.476	 2.16	 1	 -43.9710	  171.9585
8.482	 2.07	 1	 -41.8791	  173.8711
8.484	 2.38	 1	 -45.7066	  175.0557
8.485	 2.07	 1	 -42.5319	  173.1063
8.493	 2.52	 1	 -42.2334	  171.9786
8.504	 2.73	 1	 -44.1778	  170.5326
8.570	 2.11	 1	 -43.1181	  176.1718
8.605	 2.41	 1	 -42.4944	  171.9220
8.627	 2.21	 1	 -42.3569	  171.1516
8.671	 2.04	 2	 -44.2745	  172.0403
8.808	 2.35	 2	 -42.0981	  176.0522
8.832	 2.14	 1	 -41.9430	  173.9555
8.844	 2.36	 2	 -42.1573	  176.0635
8.886	 2.05	 1	 -42.4014	  173.1613
8.906	 2.58	 1	 -42.6453	  172.9548
8.952	 2.19	 1	 -42.3380	  173.9272
8.975	 2.22	 1	 -42.7097	  171.5472
8.996	 2.20	 1	 -41.8265	  172.7720
9.048	 2.24	 1	 -43.4834	  172.5380
9.141	 2.09	 1	 -41.6659	  169.0152
9.149	 2.01	 1	 -42.2131	  172.6783
9.202	 2.32	 1	 -42.6451	  173.2290
9.231	 2.12	 3	 -41.2776	  171.9668
9.285	 2.48	 1	 -41.6549	  174.3299
9.309	 2.48	 1	 -41.9733	  172.8577
9.312	 2.06	 1	 -38.4730	  175.0929
9.340	 2.01	 1	 -40.8086	  170.4426
9.340	 2.27	 1	 -41.0688	  173.0593
9.347	 2.16	 1	 -42.5310	  173.8135
9.354	 2.85	 1	 -42.3344	  173.9092
9.360	 2.11	 1	 -42.0714	  173.8255
9.442	 2.17	 1	 -45.8870	  177.3278
9.466	 2.90	 1	 -42.8218	  172.6953
9.492	 2.64	 1	 -41.7280	  174.7342
9.524	 2.04	 1	 -42.2428	  173.7230
9.557	 2.05	 1	 -42.1053	  172.0267
9.593	 2.14	 1	 -38.2035	  173.3781
9.656	 2.12	 1	 -42.4336	  173.4226
9.660	 2.45	 1	 -42.8974	  175.0116
9.705	 2.24	 1	 -40.8106	  175.5243
9.716	 2.25	 1	 -38.3154	  174.4232
9.729	 2.79	 1	 -42.5827	  172.1198
9.738	 2.74	 1	 -42.6786	  173.4081
9.778	 2.03	 1	 -41.9102	  170.8997
9.802	 2.04	 1	 -43.4949	  173.5134
9.810	 2.20	 1	 -43.1049	  173.0745
9.842	 2.74	 1	 -42.1455	  173.5832
9.859	 3.03	 2	 -42.1666	  176.4910
9.893	 2.22	 1	 -41.7766	  174.2206
9.900	 2.57	 1	 -44.2249	  174.1318
9.950	 2.02	 1	 -42.6427	  172.8003
9.951	 3.35	 1	 -42.2178	  174.2753
9.959	 2.37	 1	 -41.7206	  174.0635
9.961	 2.02	 2	 -42.0270	  175.7758
10.068	 2.19	 2	 -42.3122	  175.9810
10.126	 2.02	 2	 -43.6081	  172.3682
10.138	 2.32	 1	 -42.6427	  171.6092
10.254	 2.14	 1	 -43.5609	  173.1937
10.285	 2.07	 1	 -42.3450	  174.0774
10.362	 2.51	 1	 -43.7711	  171.4010
10.398	 2.27	 1	 -42.8050	  173.1533
10.420	 2.44	 1	 -42.7213	  172.7817
10.427	 2.01	 1	 -41.7091	  174.2591
10.468	 2.02	 1	 -42.4001	  173.7476
10.499	 2.29	 1	 -42.2198	  172.4383
10.520	 2.42	 1	 -41.5924	  169.8945
10.553	 2.65	 1	 -42.1269	  171.5229
10.608	 2.84	 1	 -41.8123	  174.3006
10.670	 2.02	 1	 -41.4123	  173.7161
10.697	 2.00	 1	 -43.5673	  172.2761
10.730	 2.85	 1	 -41.5978	  173.4852
10.734	 2.19	 1	 -46.9575	  171.0838
10.790	 2.57	 1	 -42.4688	  172.2050
10.859	 2.06	 1	 -41.7151	  174.2962
10.916	 2.02	 1	 -39.6734	  177.5559
10.952	 2.03	 1	 -41.8195	  174.2339
10.972	 2.19	 1	 -42.3170	  173.6875
10.993	 2.25	 1	 -41.9414	  173.2355
10.998	 2.88	 1	 -41.9570	  173.6917
11.024	 2.15	 1	 -38.6757	  170.2725
11.031	 2.14	 1	 -42.2847	  173.5900
11.048	 2.77	 2	 -43.6253	  172.2512
11.074	 2.58	 1	 -42.7893	  172.1310
11.091	 2.28	 1	 -41.5853	  170.7757
11.092	 2.22	 1	 -42.6713	  172.6984
11.094	 2.00	 1	 -42.0536	  173.5723
11.152	 2.19	 2	 -42.2641	  175.9553
11.248	 2.48	 2	 -43.6154	  172.2536
11.346	 3.19	 1	 -41.9107	  173.6551
11.421	 2.90	 1	 -47.1879	  172.8778
11.440	 2.05	 1	 -42.3241	  173.6345
11.501	 2.56	 1	 -41.3687	  172.1099
11.587	 2.25	 1	 -38.2643	  171.9592
11.645	 2.77	 1	 -41.1753	  170.8715
11.679	 2.18	 1	 -38.7127	  170.1745
11.685	 2.91	 1	 -41.9510	  174.0292
11.788	 2.55	 1	 -42.0361	  173.6367
11.833	 2.34	 1	 -43.0360	  173.6276
11.864	 2.15	 1	 -41.5817	  174.5857
11.877	 2.46	 1	 -42.6413	  172.7531
11.878	 2.63	 2	 -43.1252	  173.6478
12.083	 3.05	 1	 -41.9727	  174.7220
12.084	 2.93	 1	 -42.3038	  171.4899
12.097	 2.69	 1	 -41.7859	  174.6263
12.179	 2.31	 1	 -40.3066	  178.2077
12.213	 2.15	 1	 -41.9202	  173.3904
12.270	 4.46	 2	 -42.2378	  175.7749
12.276	 2.45	 1	 -42.6071	  175.2145
12.295	 2.42	 1	 -41.7471	  174.5456
12.303	 2.12	 1	 -45.6741	  169.4579
12.320	 2.50	 1	 -41.2761	  174.4520
12.325	 3.18	 1	 -43.1372	  172.4047
12.325	 2.38	 1	 -43.2380	  171.5218
12.347	 2.61	 1	 -42.3768	  171.9521
12.422	 2.08	 1	 -42.0162	  173.8227
12.431	 2.01	 1	 -41.8272	  174.2190
12.463	 2.53	 1	 -39.2634	  176.9796
12.565	 2.34	 1	 -42.5366	  173.7502
12.595	 2.07	 1	 -40.6282	  170.6658
12.596	 2.11	 2	 -39.0551	  169.4316
12.641	 2.06	 1	 -42.7238	  172.8898
12.643	 2.34	 1	 -42.6323	  173.6198
12.665	 2.43	 1	 -42.4190	  173.8114
12.707	 2.13	 1	 -42.7338	  173.8129
12.771	 2.81	 2	 -42.0320	  176.0899
12.797	 2.05	 1	 -44.2722	  175.3387
12.867	 2.15	 1	 -44.7790	  167.6028
12.872	 2.18	 2	 -41.7990	  176.0088
12.906	 2.15	 1	 -42.2920	  173.7688
13.020	 2.36	 1	 -40.9772	  167.3670
13.065	 2.60	 1	 -44.3401	  173.0684
13.088	 2.59	 1	 -41.8045	  170.9666
13.109	 2.21	 1	 -42.6881	  172.5900
13.141	 2.83	 1	 -40.3755	  167.7791
13.194	 3.14	 1	 -43.8149	  173.2823
13.309	 2.17	 1	 -42.2319	  173.8116
13.343	 2.47	 1	 -42.9219	  175.2112
13.360	 2.63	 1	 -44.5530	  172.2948
13.416	 2.85	 2	 -43.5212	  172.2220
13.459	 2.10	 1	 -42.3532	  173.6925
13.460	 2.60	 1	 -42.5514	  167.8039
13.505	 2.93	 1	 -43.0841	  172.4620
13.527	 2.16	 2	 -42.0838	  175.9238
13.532	 2.14	 1	 -43.0521	  171.9576
13.534	 2.07	 1	 -46.6591	  175.9038
13.707	 2.10	 1	 -41.8702	  173.5346
13.747	 2.05	 1	 -42.8381	  172.6660
13.776	 2.27	 1	 -41.0138	  170.9225
13.906	 2.42	 1	 -45.8900	  177.3236
13.906	 2.68	 1	 -45.4089	  172.9447
13.972	 2.25	 3	 -42.3158	  175.9602
13.984	 2.05	 1	 -42.0687	  173.8401
14.012	 2.23	 1	 -41.7522	  174.2963
14.017	 2.19	 1	 -42.6706	  173.0931
14.029	 2.18	 1	 -42.9258	  171.3042
14.080	 2.59	 1	 -42.3363	  173.8321
14.108	 2.04	 1	 -42.0660	  173.0192
14.188	 2.23	 1	 -42.3001	  173.9760
14.367	 2.93	 1	 -45.0809	  173.1275
14.454	 2.55	 1	 -43.9102	  169.1038
