# Simulation 422
# RelativeTime(days) Magnitude Generation Latitude Longitude
Time Mag Gen Lat Lon
7.009	 2.23	 1	 -43.9754	  176.4700
7.011	 2.12	 1	 -42.4378	  171.9540
7.012	 2.04	 1	 -41.7323	  172.9548
7.022	 3.08	 1	 -42.9332	  173.3097
7.024	 2.17	 1	 -42.6423	  173.1221
7.030	 2.20	 1	 -44.4333	  170.1913
7.034	 2.06	 1	 -47.1027	  171.8284
7.040	 2.15	 1	 -44.6756	  168.5218
7.044	 2.09	 1	 -46.8937	  170.8413
7.052	 3.13	 1	 -43.0962	  173.0184
7.062	 2.17	 1	 -42.1345	  173.9989
7.062	 2.25	 1	 -42.0757	  171.5409
7.067	 2.07	 1	 -43.2986	  171.7952
7.070	 2.01	 1	 -42.5373	  173.2168
7.074	 2.50	 1	 -42.8428	  173.6633
7.092	 2.00	 1	 -43.2203	  172.3155
7.095	 3.06	 1	 -42.6341	  172.0831
7.102	 2.68	 1	 -42.4555	  173.7345
7.107	 2.23	 1	 -42.9033	  173.1409
7.118	 2.84	 1	 -42.3456	  173.6076
7.119	 2.06	 1	 -41.6382	  172.8782
7.119	 2.11	 1	 -44.7625	  176.9154
7.123	 2.27	 1	 -43.7860	  178.9563
7.130	 3.37	 1	 -43.1228	  172.7186
7.131	 2.61	 1	 -38.4139	  171.1404
7.132	 2.82	 2	 -38.4122	  171.1312
7.135	 3.08	 1	 -43.0376	  172.8255
7.137	 3.33	 2	 -43.7060	  170.9909
7.142	 2.74	 1	 -43.1493	  172.6211
7.150	 4.57	 2	 -43.0375	  172.8233
7.150	 2.41	 1	 -46.1599	  176.8257
7.152	 2.10	 3	 -43.1675	  172.7781
7.154	 2.51	 1	 -41.4612	  173.7601
7.158	 2.72	 1	 -42.2739	  173.0624
7.158	 3.67	 1	 -42.5715	  173.7542
7.175	 2.04	 1	 -41.1451	  168.0679
7.178	 2.18	 1	 -42.8450	  172.9716
7.180	 2.35	 1	 -42.9303	  173.2923
7.190	 2.44	 1	 -42.2420	  172.9865
7.207	 2.40	 1	 -42.5212	  173.6603
7.218	 2.24	 1	 -41.0558	  173.6379
7.224	 3.64	 1	 -42.0970	  172.3783
7.227	 2.24	 1	 -42.4282	  172.4007
7.249	 2.52	 1	 -44.2265	  177.6576
7.255	 3.25	 1	 -43.0697	  174.5806
7.268	 2.93	 1	 -42.1284	  173.8715
7.273	 2.19	 1	 -43.0368	  172.6104
7.277	 2.10	 1	 -42.5035	  173.0091
7.285	 3.09	 1	 -44.5862	  170.3071
7.287	 2.20	 1	 -42.7653	  173.0475
7.289	 2.24	 1	 -42.4215	  173.5867
7.301	 2.19	 1	 -42.1101	  166.9559
7.303	 2.02	 1	 -41.2504	  173.0010
7.310	 2.06	 1	 -41.8644	  179.0353
7.312	 2.11	 1	 -41.5352	  171.8091
7.322	 2.10	 1	 -46.3813	  173.1876
7.324	 2.56	 1	 -38.2177	  172.4210
7.326	 2.20	 1	 -41.9810	  175.4635
7.331	 2.89	 1	 -43.7229	  172.6461
7.335	 2.01	 3	 -43.0300	  172.8251
7.346	 2.27	 1	 -42.0223	  173.1391
7.347	 2.18	 1	 -44.7693	  173.2676
7.350	 2.01	 1	 -41.4958	  173.5050
7.351	 2.87	 1	 -43.4215	  172.4582
7.352	 2.40	 1	 -42.9179	  173.2729
7.355	 3.60	 1	 -45.9125	  177.2924
7.358	 2.88	 1	 -42.2111	  173.7395
7.361	 2.79	 2	 -45.9525	  177.3518
7.366	 2.34	 1	 -43.8315	  175.0453
7.368	 2.55	 1	 -43.3941	  172.5862
7.370	 2.58	 1	 -42.0157	  172.6283
7.392	 2.41	 1	 -42.5352	  173.1429
7.392	 2.00	 1	 -42.1022	  172.1695
7.394	 2.96	 1	 -41.6593	  173.0263
7.396	 2.38	 1	 -42.3220	  173.6115
7.397	 2.38	 1	 -40.6258	  172.5914
7.400	 2.41	 1	 -43.1082	  172.5706
7.411	 2.74	 1	 -42.5216	  173.2259
7.418	 2.04	 1	 -42.7306	  172.8236
7.430	 3.38	 1	 -42.8318	  172.4158
7.432	 2.01	 1	 -43.1254	  173.1844
7.434	 2.14	 1	 -43.2791	  173.7407
7.436	 2.31	 1	 -42.1135	  173.7110
7.441	 2.68	 1	 -42.1654	  171.7238
7.442	 2.28	 1	 -43.1603	  172.8196
7.449	 2.64	 1	 -39.3750	  168.9417
7.458	 2.57	 1	 -43.3895	  171.2432
7.486	 2.57	 1	 -41.6930	  175.2027
7.498	 2.26	 1	 -41.8757	  174.2298
7.502	 2.45	 1	 -41.8288	  173.9424
7.503	 2.07	 1	 -42.0361	  172.6559
7.505	 2.86	 1	 -42.0398	  173.2486
7.510	 2.29	 1	 -40.4275	  175.4241
7.514	 2.19	 1	 -42.7619	  173.1326
7.527	 2.02	 1	 -42.6175	  172.8904
7.531	 2.59	 1	 -42.5522	  173.5744
7.533	 2.13	 1	 -43.2079	  172.6083
7.543	 2.23	 1	 -39.1365	  169.2778
7.546	 2.29	 1	 -42.2158	  171.6609
7.580	 2.08	 1	 -42.2187	  171.8820
7.595	 2.62	 1	 -42.9338	  171.5676
7.595	 2.23	 1	 -43.3488	  173.3824
7.597	 2.00	 1	 -43.8759	  173.2210
7.599	 3.23	 1	 -42.2282	  173.4751
7.603	 2.51	 1	 -47.0680	  171.6500
7.613	 2.33	 1	 -43.9866	  172.0380
7.617	 2.13	 1	 -42.6236	  171.8041
7.620	 2.48	 1	 -42.2821	  172.0834
7.621	 2.12	 1	 -43.2516	  173.9894
7.636	 2.16	 1	 -42.2794	  173.4937
7.642	 2.05	 1	 -42.8228	  172.8758
7.664	 2.13	 1	 -42.3883	  175.8550
7.678	 2.39	 1	 -42.7204	  173.0015
7.682	 2.23	 1	 -43.5126	  173.7234
7.683	 2.73	 1	 -42.7805	  172.5847
7.687	 2.21	 1	 -43.8578	  174.5850
7.689	 2.47	 1	 -43.1089	  172.5716
7.691	 2.06	 1	 -43.0082	  171.6504
7.709	 2.29	 1	 -47.1332	  173.9840
7.709	 2.29	 1	 -42.2692	  172.1598
7.718	 2.42	 1	 -42.4484	  173.0702
7.726	 2.14	 1	 -44.7098	  172.9313
7.728	 2.14	 1	 -42.9755	  173.8405
7.728	 2.55	 1	 -43.5384	  172.6372
7.731	 2.67	 1	 -42.8166	  173.4267
7.731	 2.25	 1	 -43.4891	  173.4712
7.738	 2.09	 1	 -43.0720	  171.8945
7.739	 2.28	 1	 -42.0206	  170.3389
7.752	 2.75	 1	 -42.7983	  173.5730
7.758	 2.13	 1	 -39.1108	  171.8886
7.768	 2.34	 1	 -41.6134	  174.3497
7.768	 2.42	 1	 -41.8433	  173.7795
7.776	 2.16	 1	 -43.3905	  173.6703
7.779	 2.28	 1	 -42.3183	  173.3645
7.783	 2.13	 1	 -40.2749	  172.1729
7.786	 2.61	 3	 -43.0821	  172.8396
7.794	 2.47	 1	 -42.3524	  172.4730
7.804	 2.08	 1	 -42.8482	  171.9341
7.811	 2.44	 1	 -42.5284	  173.7158
7.817	 2.93	 1	 -42.4044	  173.3305
7.822	 2.05	 1	 -42.3082	  177.4228
7.824	 2.38	 1	 -44.4075	  177.6057
7.834	 2.52	 1	 -39.2974	  169.0108
7.844	 2.10	 1	 -42.3490	  179.1221
7.845	 2.30	 1	 -42.4176	  172.6779
7.849	 2.99	 1	 -43.2463	  172.8260
7.854	 2.24	 1	 -40.8433	  172.3867
7.859	 2.22	 1	 -42.9151	  172.3486
7.865	 2.03	 1	 -43.8671	  171.7940
7.866	 2.00	 1	 -43.0758	  173.8955
7.876	 2.15	 1	 -43.3481	  175.7988
7.894	 2.66	 1	 -42.7245	  172.6577
7.895	 2.14	 1	 -42.9008	  173.2065
7.896	 2.03	 4	 -43.0835	  172.8365
7.902	 2.42	 1	 -43.5034	  173.1156
7.902	 2.11	 1	 -44.5769	  175.1335
7.904	 2.91	 1	 -39.0623	  176.6324
7.912	 2.17	 1	 -43.4215	  171.5864
7.913	 2.08	 1	 -42.9943	  173.5056
7.918	 2.26	 1	 -44.2094	  172.5582
7.930	 2.34	 2	 -39.0685	  176.6417
7.936	 2.43	 1	 -43.0789	  173.7844
7.937	 2.38	 1	 -44.9646	  173.7745
7.941	 2.03	 1	 -40.2651	  178.1720
7.942	 2.00	 1	 -43.0055	  172.9948
7.943	 2.21	 1	 -44.3655	  167.3435
7.987	 2.24	 1	 -47.1589	  173.7309
7.996	 2.82	 1	 -40.3179	  171.3297
8.003	 2.61	 1	 -42.4246	  172.6826
8.019	 2.86	 1	 -44.1367	  172.6294
8.030	 3.29	 1	 -43.3109	  172.8011
8.032	 2.22	 2	 -43.3386	  172.7650
8.034	 2.09	 1	 -42.2419	  173.6711
8.053	 2.09	 1	 -42.9916	  172.9634
8.074	 2.76	 1	 -40.9244	  167.3971
8.088	 2.07	 1	 -42.3390	  179.1210
8.091	 2.62	 1	 -42.6691	  173.7784
8.093	 2.11	 1	 -42.9424	  173.2257
8.103	 2.31	 1	 -42.6752	  173.3508
8.105	 2.31	 1	 -42.7321	  173.9268
8.112	 2.05	 1	 -39.5391	  171.8225
8.123	 2.30	 1	 -41.8423	  174.2166
8.128	 2.63	 1	 -41.7651	  172.0509
8.131	 2.07	 2	 -42.7831	  173.5648
8.132	 3.19	 1	 -42.0090	  173.6385
8.140	 2.29	 1	 -43.6206	  172.9376
8.144	 2.88	 1	 -41.7594	  174.2312
8.145	 2.13	 1	 -42.9894	  179.0605
8.147	 2.01	 1	 -41.8855	  172.4458
8.155	 3.02	 1	 -42.7343	  174.1048
8.160	 2.12	 1	 -39.2637	  169.0643
8.165	 2.57	 1	 -41.9206	  173.9573
8.179	 2.04	 1	 -43.7183	  173.5133
8.180	 3.26	 1	 -40.8126	  167.4646
8.182	 2.29	 1	 -42.4587	  174.0601
8.183	 2.05	 1	 -42.5553	  172.9687
8.184	 2.37	 1	 -41.9094	  166.9978
8.186	 2.59	 1	 -44.3017	  178.7348
8.187	 2.31	 1	 -46.6607	  175.8996
8.197	 2.04	 1	 -42.6467	  173.1403
8.207	 2.54	 1	 -42.0852	  171.7941
8.208	 2.10	 1	 -42.9865	  172.6339
8.223	 2.22	 1	 -42.8861	  173.1867
8.228	 2.63	 1	 -38.2786	  171.8546
8.230	 2.03	 1	 -38.2355	  173.8318
8.234	 2.60	 1	 -42.3038	  173.6190
8.234	 2.00	 1	 -42.9405	  173.0901
8.238	 2.41	 1	 -44.5251	  167.5590
8.246	 2.71	 1	 -43.0740	  173.0272
8.248	 2.02	 1	 -42.5710	  170.8909
8.256	 2.40	 1	 -42.5153	  173.6096
8.263	 2.71	 1	 -42.7300	  173.5130
8.281	 2.38	 2	 -42.6826	  173.8182
8.282	 3.14	 1	 -42.3746	  173.6753
8.305	 2.96	 1	 -41.5437	  174.4193
8.315	 2.18	 1	 -41.0864	  175.5505
8.322	 2.36	 1	 -42.3183	  172.6367
8.339	 2.41	 1	 -42.0250	  174.5912
8.361	 2.02	 1	 -42.8495	  172.5540
8.369	 2.62	 1	 -43.0246	  173.3068
8.381	 2.59	 1	 -42.8656	  173.1164
8.386	 2.17	 1	 -42.0430	  172.8869
8.399	 2.55	 1	 -42.2659	  172.1954
8.406	 3.60	 1	 -42.3552	  171.7068
8.434	 2.30	 1	 -42.5589	  173.0678
8.437	 3.32	 1	 -42.5470	  173.8368
8.440	 2.17	 1	 -41.6599	  172.1746
8.441	 2.16	 1	 -42.5420	  172.8452
8.443	 2.80	 1	 -42.9412	  174.6423
8.445	 2.91	 1	 -43.9421	  173.2610
8.452	 3.17	 1	 -42.1807	  172.3450
8.453	 2.06	 1	 -42.9240	  173.5137
8.455	 2.28	 1	 -43.3581	  173.7995
8.455	 2.24	 1	 -42.2713	  173.7270
8.455	 2.09	 1	 -41.8953	  173.6176
8.462	 2.14	 1	 -42.7449	  173.6425
8.482	 2.53	 1	 -38.6162	  170.4397
8.482	 2.12	 1	 -41.1015	  172.7905
8.492	 2.44	 1	 -43.2859	  171.9484
8.496	 2.25	 1	 -43.9364	  171.0376
8.501	 2.33	 1	 -45.6156	  175.1821
8.504	 2.96	 1	 -46.0821	  177.0421
8.506	 2.80	 1	 -42.9375	  173.2643
8.518	 2.15	 1	 -42.2702	  172.6694
8.524	 2.08	 1	 -42.2845	  166.9296
8.549	 2.13	 1	 -43.3080	  174.1218
8.550	 2.27	 1	 -46.0172	  168.9030
8.569	 2.91	 1	 -42.2867	  173.7763
8.572	 2.15	 1	 -42.3091	  171.8827
8.577	 2.62	 1	 -42.9007	  172.7720
8.580	 2.59	 1	 -43.3129	  174.2283
8.581	 2.83	 1	 -43.1199	  172.8569
8.584	 2.12	 1	 -43.5859	  170.9412
8.596	 2.58	 2	 -42.9006	  172.7767
8.598	 2.59	 1	 -42.4309	  173.0762
8.598	 2.94	 1	 -43.3980	  172.5541
8.616	 2.14	 1	 -41.6214	  175.0847
8.628	 3.04	 1	 -41.7782	  174.1898
8.631	 2.51	 1	 -42.4685	  173.9139
8.632	 2.33	 1	 -41.1526	  174.9383
8.634	 2.58	 1	 -42.0916	  173.1395
8.640	 2.33	 2	 -41.7767	  174.1898
8.643	 2.71	 1	 -42.5382	  171.7630
8.645	 3.10	 1	 -43.0610	  172.2465
8.650	 2.12	 1	 -43.1769	  173.8913
8.652	 2.04	 1	 -42.5804	  173.6642
8.665	 2.31	 1	 -42.0557	  172.9661
8.674	 2.75	 1	 -42.2875	  173.9869
8.674	 2.28	 1	 -41.1701	  174.0445
8.679	 2.04	 1	 -43.0402	  174.3713
8.681	 2.04	 1	 -43.6515	  174.6430
8.697	 2.38	 1	 -42.7042	  173.9556
8.700	 2.83	 1	 -43.5003	  172.1037
8.705	 2.01	 1	 -42.2426	  173.7167
8.707	 2.30	 1	 -41.7025	  174.3158
8.715	 2.49	 1	 -39.8040	  172.5397
8.717	 2.10	 1	 -43.6470	  171.9603
8.720	 2.32	 1	 -38.6984	  175.8323
8.728	 2.12	 1	 -43.2128	  172.2464
8.732	 2.49	 1	 -42.5390	  174.3401
8.742	 2.66	 1	 -46.7281	  170.3238
8.746	 2.22	 1	 -43.1433	  173.4644
8.766	 2.63	 1	 -43.3358	  173.7984
8.769	 2.28	 1	 -42.3662	  173.6246
8.774	 2.45	 1	 -42.4858	  172.6335
8.776	 2.43	 1	 -42.3237	  175.3183
8.779	 2.02	 1	 -43.3565	  173.1362
8.788	 2.04	 1	 -42.4159	  171.6194
8.793	 2.17	 1	 -43.5529	  173.3297
8.795	 2.21	 1	 -43.1170	  172.6581
8.808	 2.76	 1	 -43.3877	  176.5704
8.810	 3.12	 1	 -43.5151	  172.0531
8.812	 2.43	 1	 -42.2480	  172.2569
8.817	 2.20	 1	 -43.3626	  172.9478
8.818	 2.03	 1	 -40.9278	  168.3545
8.827	 2.60	 1	 -42.1809	  169.9833
8.828	 2.99	 2	 -43.3918	  176.5641
8.829	 2.53	 1	 -42.3267	  172.5036
8.832	 2.92	 1	 -47.0928	  172.1234
8.834	 2.12	 1	 -39.9307	  174.3736
8.835	 2.11	 2	 -47.0915	  172.1229
8.842	 2.60	 1	 -41.6469	  175.1503
8.852	 3.02	 1	 -42.0571	  173.7080
8.856	 2.89	 1	 -44.0786	  178.8421
8.861	 2.04	 1	 -40.1847	  169.3245
8.867	 3.72	 1	 -41.8279	  174.1947
8.884	 2.07	 1	 -42.2128	  173.6498
8.891	 3.86	 1	 -42.3797	  179.1251
8.898	 3.84	 2	 -42.4000	  179.1212
8.900	 2.18	 1	 -42.3695	  173.2514
8.903	 2.90	 1	 -42.8530	  172.6676
8.921	 2.08	 1	 -43.3799	  166.9762
8.941	 2.29	 1	 -40.5785	  167.6226
8.945	 2.16	 1	 -42.3326	  173.5258
8.955	 2.16	 1	 -42.6858	  171.3960
8.960	 2.85	 1	 -41.9288	  172.7994
8.972	 3.35	 1	 -43.4909	  172.6659
8.974	 2.24	 1	 -41.8234	  174.5247
8.991	 2.23	 1	 -42.5979	  174.3828
9.000	 2.20	 1	 -42.5939	  173.6436
9.047	 2.02	 1	 -42.9085	  173.6484
9.059	 2.16	 1	 -45.5480	  173.8515
9.061	 2.16	 1	 -42.7345	  173.7393
9.070	 2.28	 1	 -44.7737	  173.3066
9.070	 2.58	 2	 -44.7738	  173.3062
9.070	 2.09	 1	 -42.1208	  173.8742
9.077	 2.18	 1	 -42.4740	  173.6960
9.082	 2.27	 2	 -42.5902	  174.3515
9.090	 2.44	 1	 -46.4531	  175.4005
9.121	 2.28	 1	 -41.9843	  173.4861
9.122	 2.12	 1	 -43.0661	  172.7435
9.126	 2.71	 1	 -44.5360	  172.4653
9.128	 2.82	 1	 -43.0823	  173.0722
9.145	 2.32	 1	 -42.4575	  172.3690
9.185	 2.00	 1	 -42.2375	  173.1016
9.190	 2.19	 1	 -43.2301	  173.1956
9.210	 3.63	 1	 -42.2533	  172.7862
9.211	 2.73	 1	 -43.3635	  175.4265
9.221	 2.16	 2	 -43.0433	  172.2131
9.244	 4.17	 1	 -42.3946	  172.4940
9.256	 3.10	 1	 -41.2469	  172.3904
9.269	 2.39	 1	 -42.8051	  172.9649
9.272	 2.27	 1	 -43.7434	  173.9209
9.274	 2.36	 1	 -42.2911	  172.8377
9.291	 2.55	 1	 -45.6071	  174.2418
9.291	 2.03	 1	 -44.7958	  175.6391
9.293	 2.01	 1	 -43.3283	  172.6821
9.296	 2.22	 1	 -42.2891	  172.0193
9.325	 2.15	 1	 -42.6123	  172.1881
9.332	 2.35	 1	 -42.5123	  173.1363
9.340	 2.35	 1	 -43.0360	  172.2661
9.343	 2.58	 1	 -39.5621	  172.2031
9.345	 2.11	 1	 -42.8125	  173.0089
9.362	 3.03	 1	 -42.5368	  172.2300
9.379	 3.09	 1	 -40.8952	  172.5234
9.394	 3.67	 1	 -42.1812	  172.6170
9.396	 3.75	 1	 -46.7544	  170.3979
9.397	 3.09	 1	 -42.4386	  173.4963
9.407	 2.84	 1	 -42.9787	  174.0402
9.410	 2.19	 1	 -43.0898	  172.7607
9.414	 2.73	 2	 -42.1844	  172.6230
9.414	 2.14	 1	 -43.8876	  172.9463
9.416	 2.00	 1	 -43.0924	  168.5665
9.418	 2.13	 1	 -42.4732	  171.6106
9.423	 2.21	 1	 -43.1171	  172.8949
9.423	 2.61	 1	 -42.6168	  173.7699
9.424	 2.63	 1	 -44.1272	  171.9129
9.430	 2.89	 1	 -41.9805	  171.7258
9.433	 2.33	 2	 -41.9729	  171.7257
9.448	 3.11	 1	 -42.6196	  172.8762
9.468	 2.17	 1	 -42.8969	  173.3222
9.473	 2.64	 1	 -43.2780	  172.8348
9.512	 2.12	 1	 -42.2137	  172.6192
9.512	 3.10	 2	 -41.5558	  172.7588
9.517	 2.74	 1	 -41.3970	  173.0555
9.518	 2.34	 1	 -44.0654	  170.4300
9.525	 2.11	 1	 -42.3904	  173.3923
9.543	 2.34	 1	 -42.6773	  172.5720
9.544	 2.14	 1	 -42.3730	  173.1964
9.556	 2.29	 2	 -42.1777	  172.6222
9.563	 2.08	 1	 -43.0954	  172.2232
9.576	 2.13	 1	 -42.9373	  172.7776
9.595	 2.11	 1	 -42.6325	  175.2218
9.596	 2.16	 1	 -42.5322	  172.3812
9.601	 3.55	 1	 -43.2317	  171.9692
9.607	 2.20	 1	 -41.8077	  173.9319
9.621	 2.56	 1	 -42.9771	  174.1960
9.626	 2.07	 1	 -43.4971	  172.3204
9.637	 2.27	 1	 -41.0960	  172.4228
9.641	 2.21	 2	 -44.5336	  172.4656
9.643	 2.01	 1	 -42.0797	  173.3506
9.645	 2.29	 1	 -42.7419	  173.4342
9.651	 2.34	 1	 -42.4500	  174.0598
9.659	 2.45	 1	 -42.8479	  172.9096
9.663	 2.18	 1	 -46.6606	  170.1445
9.667	 3.40	 1	 -43.1296	  173.9865
9.676	 2.13	 1	 -39.7876	  171.9086
9.685	 2.09	 1	 -41.6586	  173.8542
9.688	 2.08	 1	 -42.3686	  172.4853
9.692	 2.73	 1	 -46.3281	  173.4075
9.692	 2.81	 1	 -42.4561	  173.0010
9.717	 2.65	 1	 -41.2986	  178.8385
9.738	 3.47	 1	 -42.0074	  172.1591
9.741	 2.45	 2	 -42.0321	  172.1707
9.763	 2.53	 1	 -42.5269	  172.9718
9.786	 2.39	 1	 -41.3291	  173.5723
9.797	 2.15	 1	 -43.1951	  172.9394
9.807	 3.08	 1	 -40.4430	  170.2657
9.811	 2.17	 1	 -43.1780	  173.3375
9.817	 2.05	 1	 -42.1259	  172.5981
9.822	 2.28	 1	 -42.5048	  172.9496
9.825	 2.20	 1	 -44.0504	  173.3179
9.825	 2.07	 1	 -42.2877	  173.1230
9.825	 2.20	 1	 -41.3927	  171.9718
9.828	 2.20	 1	 -43.9614	  173.5366
9.830	 2.94	 2	 -42.0081	  172.1641
9.848	 2.29	 1	 -42.3523	  172.1624
9.856	 2.45	 1	 -47.1494	  173.8333
9.859	 2.77	 1	 -42.7176	  175.0037
9.862	 2.25	 1	 -42.6200	  172.6020
9.873	 2.79	 1	 -44.1514	  172.9330
9.880	 2.02	 1	 -46.8126	  170.5716
9.881	 2.23	 1	 -42.8764	  169.1369
9.889	 2.33	 1	 -41.3200	  169.7418
9.919	 2.65	 1	 -41.7878	  174.3089
9.932	 2.10	 1	 -44.1889	  178.7913
9.933	 2.15	 1	 -41.6411	  174.3636
9.948	 3.36	 1	 -45.7553	  172.0505
9.948	 2.01	 1	 -42.8624	  174.0397
9.954	 2.39	 1	 -44.6057	  176.6717
9.957	 3.00	 1	 -43.1674	  176.2227
9.962	 2.19	 3	 -42.0067	  172.1640
9.966	 2.37	 1	 -40.0742	  172.4868
9.966	 2.14	 1	 -42.9983	  174.6952
9.975	 2.20	 1	 -41.9428	  173.1286
9.988	 2.89	 1	 -46.5334	  169.8410
10.007	 2.16	 1	 -41.7196	  174.3833
10.013	 2.68	 1	 -42.3041	  173.4478
10.030	 2.21	 1	 -42.6346	  173.4368
10.036	 2.06	 1	 -46.9594	  171.0918
10.044	 2.59	 1	 -43.5214	  172.0839
10.044	 2.40	 1	 -42.6415	  173.6910
10.050	 2.28	 1	 -43.3655	  171.8663
10.057	 2.69	 1	 -43.3430	  173.9769
10.069	 2.02	 1	 -40.2939	  178.1968
10.081	 2.41	 1	 -43.6119	  173.2753
10.082	 2.13	 1	 -42.4292	  173.4037
10.088	 2.19	 1	 -42.1929	  171.4711
10.100	 2.24	 1	 -43.8466	  174.5974
10.100	 2.19	 1	 -42.9671	  171.2454
10.100	 2.24	 1	 -39.5100	  177.3440
10.104	 2.11	 1	 -43.0153	  174.0211
10.104	 2.29	 1	 -42.4770	  172.3286
10.109	 2.38	 1	 -42.3444	  173.9002
10.109	 2.06	 1	 -40.7778	  175.5434
10.130	 3.24	 1	 -42.3350	  172.6955
10.135	 2.15	 1	 -43.1141	  175.2010
10.137	 3.01	 1	 -42.7011	  174.9489
10.140	 2.26	 1	 -42.6209	  172.5756
10.140	 2.34	 1	 -42.2151	  175.7995
10.172	 2.27	 1	 -42.1335	  173.6443
10.175	 2.71	 1	 -42.4713	  172.6227
10.183	 2.94	 1	 -42.7933	  174.0573
10.183	 2.48	 1	 -43.8848	  172.7661
10.193	 2.26	 1	 -43.9625	  172.8907
10.195	 2.33	 1	 -43.7318	  172.4031
10.201	 2.30	 1	 -42.2986	  172.4293
10.206	 2.88	 1	 -42.9543	  173.3645
10.216	 2.38	 1	 -42.4448	  174.7378
10.218	 2.20	 1	 -42.2540	  173.3973
10.224	 3.14	 1	 -42.9276	  172.7596
10.235	 2.21	 1	 -39.0318	  173.0078
10.240	 2.17	 1	 -42.0879	  170.6703
10.244	 2.62	 1	 -44.6551	  170.1523
10.245	 2.67	 1	 -41.7234	  171.9985
10.255	 2.14	 1	 -41.9382	  172.3071
10.256	 2.76	 1	 -45.4444	  176.4102
10.256	 2.43	 2	 -45.5396	  176.4142
10.268	 2.10	 2	 -45.4493	  176.4117
10.273	 3.62	 1	 -42.9826	  169.4304
10.283	 2.53	 1	 -42.5509	  172.6429
10.290	 2.58	 1	 -43.2248	  174.0582
10.303	 2.03	 1	 -43.3761	  173.6552
10.307	 2.23	 1	 -45.4852	  173.1242
10.316	 2.01	 1	 -42.3419	  170.3669
10.324	 2.02	 1	 -40.9873	  178.6829
10.338	 2.05	 1	 -43.6966	  170.8618
10.349	 2.22	 1	 -43.0514	  172.9919
10.355	 2.03	 1	 -47.1535	  172.2529
10.357	 2.10	 1	 -42.1712	  173.7696
10.357	 2.15	 1	 -44.4564	  173.8145
10.372	 2.09	 1	 -42.8126	  174.4481
10.375	 2.23	 1	 -42.1311	  173.9598
10.380	 2.01	 1	 -42.6334	  171.5482
10.381	 2.18	 2	 -43.2413	  173.8292
10.386	 2.21	 1	 -42.3779	  173.3509
10.388	 2.75	 1	 -42.4394	  173.1408
10.392	 2.27	 1	 -44.7300	  172.9608
10.396	 2.57	 1	 -42.7279	  173.2381
10.398	 2.19	 1	 -42.2246	  173.3669
10.398	 2.09	 1	 -42.7244	  173.0591
10.401	 2.20	 1	 -42.2492	  173.9551
10.442	 2.22	 1	 -40.8917	  170.4445
10.449	 2.67	 1	 -42.7705	  172.5164
10.452	 2.91	 1	 -42.4449	  173.2169
10.514	 2.16	 1	 -38.1969	  173.1474
10.523	 2.15	 1	 -45.1709	  172.5630
10.535	 2.47	 1	 -42.6191	  172.7507
10.548	 2.01	 1	 -41.6886	  174.2534
10.551	 2.08	 1	 -42.0351	  172.8852
10.554	 2.93	 1	 -41.8273	  171.8489
10.559	 2.78	 1	 -41.7367	  172.3343
10.584	 2.29	 1	 -42.6064	  172.8421
10.600	 2.10	 1	 -43.5491	  171.7521
10.607	 2.37	 1	 -41.9328	  172.3957
10.609	 2.44	 1	 -41.6658	  174.3702
10.615	 2.62	 1	 -38.6723	  175.7627
10.616	 2.03	 1	 -42.8083	  172.5070
10.617	 2.17	 1	 -42.4395	  172.1667
10.628	 2.05	 1	 -43.0718	  173.3295
10.647	 2.16	 1	 -42.3582	  170.0748
10.684	 2.19	 1	 -44.5949	  176.4631
10.717	 2.09	 1	 -42.6359	  172.4562
10.727	 2.03	 1	 -43.1309	  173.3386
10.752	 2.05	 1	 -42.6566	  171.5698
10.755	 3.42	 1	 -43.4182	  172.1755
10.766	 2.10	 1	 -40.8052	  172.8084
10.775	 2.30	 1	 -42.8861	  174.2572
10.775	 3.99	 1	 -43.2208	  173.0855
10.784	 3.10	 1	 -38.3657	  171.3570
10.788	 2.03	 1	 -42.9460	  179.1302
10.794	 3.02	 1	 -42.1952	  171.3926
10.796	 2.25	 1	 -42.1181	  169.7020
10.800	 2.11	 1	 -40.9122	  178.6400
10.813	 2.49	 1	 -41.4572	  172.2909
10.821	 2.31	 1	 -41.1717	  173.0504
10.835	 3.12	 1	 -43.3678	  172.5080
10.859	 2.20	 1	 -42.6742	  172.4206
10.876	 2.33	 1	 -42.0845	  170.7240
10.890	 2.96	 1	 -43.0396	  173.2276
10.897	 2.17	 1	 -43.1473	  173.6201
10.922	 2.40	 1	 -41.8513	  174.5207
10.932	 2.42	 1	 -42.4804	  173.3058
10.935	 2.61	 1	 -39.5476	  168.6496
10.941	 2.32	 1	 -40.8053	  171.5926
10.952	 2.14	 1	 -44.1654	  173.7343
10.953	 2.40	 1	 -42.7411	  173.0696
10.958	 2.03	 1	 -43.1047	  172.7962
10.962	 2.40	 1	 -42.6649	  172.9530
10.971	 2.08	 1	 -40.8254	  172.9366
10.994	 3.83	 1	 -42.6177	  173.0392
11.007	 2.24	 1	 -39.5882	  173.2761
11.020	 2.71	 2	 -42.6217	  173.0217
11.022	 2.66	 1	 -42.7848	  173.1156
11.044	 2.14	 1	 -42.6137	  173.6427
11.058	 3.45	 1	 -42.7753	  173.1126
11.068	 2.14	 1	 -42.3440	  173.4309
11.093	 3.03	 1	 -39.6208	  168.5543
11.094	 2.01	 1	 -43.5475	  173.4434
11.094	 2.29	 1	 -44.3972	  175.6527
11.098	 3.98	 1	 -41.5329	  171.4095
11.112	 2.27	 2	 -41.5037	  171.4196
11.113	 2.67	 2	 -41.5959	  171.5048
11.113	 2.01	 1	 -42.0437	  174.0118
11.115	 2.74	 1	 -43.5062	  173.0924
11.146	 2.18	 1	 -43.3054	  173.8167
11.162	 2.06	 2	 -42.9447	  172.8299
11.168	 2.36	 1	 -42.4251	  172.1110
11.177	 3.08	 1	 -42.5402	  173.1716
11.190	 2.03	 1	 -42.9557	  175.9662
11.198	 4.80	 1	 -43.8923	  172.6404
11.203	 2.18	 1	 -41.8586	  173.7783
11.211	 2.44	 2	 -43.8262	  172.7425
11.214	 2.26	 1	 -41.2103	  172.5005
11.219	 2.34	 1	 -44.9251	  178.3326
11.234	 2.37	 1	 -43.4065	  170.9839
11.235	 2.22	 1	 -40.0534	  172.6690
11.236	 3.89	 1	 -42.4785	  172.4905
11.238	 2.78	 1	 -43.9389	  178.9002
11.241	 2.18	 2	 -41.8460	  173.7439
11.255	 2.80	 1	 -42.0295	  172.5496
11.269	 2.62	 1	 -41.7817	  174.2268
11.281	 2.52	 1	 -45.6729	  171.5977
11.287	 2.06	 2	 -42.6621	  172.9531
11.288	 2.40	 1	 -42.3866	  173.8396
11.295	 2.35	 1	 -43.3062	  173.0009
11.306	 3.57	 1	 -45.2026	  172.6026
11.308	 2.02	 2	 -43.9038	  172.6558
11.332	 2.04	 1	 -42.5155	  173.7319
11.334	 3.38	 2	 -43.8698	  172.6887
11.341	 2.47	 1	 -42.4439	  173.5764
11.348	 2.82	 1	 -42.6504	  172.5138
11.374	 2.14	 1	 -42.1397	  173.4763
11.378	 2.06	 1	 -43.0795	  173.6186
11.385	 2.04	 1	 -45.4778	  177.8250
11.387	 2.44	 1	 -39.0893	  174.6525
11.389	 2.42	 1	 -42.3895	  173.9361
11.402	 2.21	 1	 -43.4846	  173.5372
11.402	 2.14	 1	 -43.2365	  173.8725
11.455	 2.07	 1	 -44.6839	  178.5073
11.471	 2.42	 1	 -43.1144	  171.7204
11.477	 2.67	 1	 -42.8711	  172.0152
11.477	 2.79	 1	 -40.0484	  171.4487
11.481	 2.07	 1	 -44.1831	  171.3173
11.486	 3.44	 1	 -42.6315	  173.0373
11.497	 3.03	 1	 -42.7706	  173.8792
11.504	 5.56	 1	 -41.7540	  174.2226
11.506	 2.03	 2	 -41.7450	  174.2074
11.506	 2.12	 2	 -41.7790	  174.3905
11.508	 2.57	 2	 -41.7564	  174.2544
11.508	 2.70	 2	 -41.7636	  174.2519
11.508	 2.46	 2	 -41.6694	  174.2625
11.508	 2.85	 2	 -41.8273	  174.3006
11.509	 2.08	 2	 -41.4781	  174.3172
11.509	 2.08	 2	 -41.7574	  174.3042
11.509	 2.07	 2	 -41.7556	  174.1963
11.509	 2.50	 2	 -41.7587	  174.1653
11.509	 2.50	 1	 -41.9938	  170.8260
11.511	 2.27	 2	 -41.6386	  174.1674
11.511	 2.01	 2	 -41.7232	  174.2689
11.514	 2.75	 2	 -41.7062	  174.2100
11.516	 2.40	 2	 -42.0733	  174.5126
11.518	 2.07	 2	 -41.7913	  174.1639
11.519	 2.07	 2	 -42.1799	  173.7310
11.521	 2.04	 2	 -41.6407	  174.2345
11.521	 2.12	 2	 -41.6021	  174.5282
11.522	 2.19	 2	 -41.8729	  174.1569
11.523	 2.17	 2	 -41.7833	  174.1507
11.525	 2.08	 2	 -41.7268	  174.1877
11.530	 2.00	 2	 -41.6061	  174.2423
11.530	 2.02	 2	 -41.9072	  174.7968
11.532	 2.61	 1	 -43.0065	  171.9613
11.533	 2.99	 2	 -41.6118	  174.3752
11.552	 2.60	 2	 -40.6635	  171.1133
11.553	 2.14	 1	 -42.0243	  172.8489
11.553	 2.14	 1	 -42.3402	  172.3142
11.562	 2.07	 2	 -41.7725	  174.2532
11.562	 2.43	 2	 -41.7782	  174.1384
11.568	 3.03	 1	 -45.2501	  173.2358
11.569	 2.66	 1	 -43.0069	  175.2515
11.571	 2.30	 2	 -41.9300	  174.1405
11.592	 2.95	 1	 -41.8994	  176.8219
11.596	 2.09	 1	 -45.3751	  168.9301
11.598	 2.19	 1	 -42.1337	  176.3717
11.601	 2.06	 1	 -44.2241	  170.4188
11.603	 2.01	 2	 -42.2633	  174.3436
11.609	 2.11	 1	 -43.0869	  179.1164
11.609	 2.16	 1	 -42.3710	  174.0242
11.632	 2.62	 1	 -41.9378	  173.1899
11.635	 3.25	 2	 -42.4075	  171.8143
11.638	 2.11	 1	 -42.7953	  172.9021
11.640	 2.21	 1	 -42.5858	  173.6617
11.652	 2.31	 1	 -46.6479	  170.1121
11.652	 2.33	 1	 -43.8523	  172.2801
11.666	 2.23	 1	 -42.2098	  172.1637
11.669	 2.45	 1	 -42.8549	  173.4894
11.675	 2.89	 1	 -42.9061	  173.5210
11.679	 2.26	 2	 -42.1989	  172.1931
11.691	 2.05	 1	 -44.5789	  167.4687
11.697	 2.14	 2	 -43.8892	  172.6344
11.699	 2.02	 2	 -41.3359	  174.1421
11.705	 2.22	 2	 -41.6191	  174.1174
11.747	 3.08	 1	 -44.5739	  171.2970
11.758	 2.02	 1	 -42.7019	  173.4423
11.763	 2.69	 2	 -43.9100	  172.5685
11.769	 2.04	 1	 -46.5822	  169.9527
11.774	 2.04	 2	 -41.7154	  174.1866
11.774	 3.12	 1	 -38.9505	  169.6298
11.787	 2.21	 1	 -41.3427	  172.8716
11.796	 2.16	 1	 -42.3856	  172.2915
11.806	 3.27	 1	 -42.3161	  174.0114
11.808	 2.25	 1	 -42.7911	  167.3578
11.813	 2.06	 1	 -42.7408	  173.4192
11.821	 2.12	 1	 -43.0777	  175.0117
11.825	 2.45	 1	 -41.6017	  172.7177
11.832	 2.36	 2	 -41.7798	  174.2416
11.838	 2.04	 1	 -42.3658	  171.6420
11.848	 2.15	 1	 -42.6757	  173.0706
11.861	 2.01	 1	 -42.9133	  171.7717
11.862	 2.25	 1	 -43.5063	  176.1675
11.867	 2.68	 1	 -42.2019	  173.1728
11.870	 2.18	 1	 -42.1194	  166.9542
11.888	 2.06	 1	 -42.4100	  173.4308
11.898	 2.12	 1	 -42.5181	  173.2404
11.900	 2.01	 2	 -41.7609	  174.2303
11.907	 2.31	 1	 -42.7235	  172.4546
11.916	 2.42	 1	 -42.9548	  173.1155
11.926	 2.12	 1	 -42.9907	  171.9571
11.930	 2.71	 1	 -41.7228	  171.3977
11.934	 2.03	 1	 -42.5812	  173.2878
11.967	 2.82	 1	 -42.3521	  172.9100
11.969	 2.27	 1	 -41.7913	  174.2461
11.982	 2.22	 1	 -40.5958	  173.0896
11.996	 2.33	 1	 -41.8177	  172.3739
12.010	 2.05	 2	 -42.0814	  174.0724
12.017	 3.68	 1	 -41.9992	  174.1110
12.022	 2.22	 1	 -44.8613	  171.6814
12.026	 2.77	 1	 -42.8847	  177.7076
12.039	 2.46	 1	 -46.7728	  175.5930
12.051	 2.01	 1	 -42.5580	  173.2415
12.072	 3.22	 1	 -42.6396	  172.0457
12.079	 2.03	 2	 -41.7520	  174.2427
12.081	 2.09	 1	 -41.4563	  174.6939
12.097	 2.74	 1	 -43.4059	  172.5640
12.110	 2.18	 1	 -43.3136	  173.6817
12.111	 2.16	 1	 -46.8159	  175.4625
12.116	 2.28	 1	 -41.7805	  174.1973
12.134	 2.26	 1	 -42.4146	  173.2413
12.135	 2.55	 2	 -41.8157	  174.2024
12.143	 2.01	 1	 -45.5524	  171.2459
12.145	 2.92	 1	 -42.9810	  172.0903
12.151	 2.81	 1	 -42.3269	  173.7887
12.155	 2.22	 1	 -42.7639	  172.9076
12.165	 2.02	 1	 -42.5006	  169.8781
12.169	 2.77	 1	 -41.9881	  173.1939
12.178	 2.39	 1	 -43.8630	  172.5553
12.186	 2.32	 1	 -41.8948	  174.1824
12.194	 2.01	 1	 -41.1141	  174.7004
12.225	 3.21	 1	 -41.8156	  172.8631
12.236	 2.08	 1	 -42.6997	  173.1801
12.251	 2.10	 2	 -42.6996	  173.1791
12.255	 2.57	 1	 -42.5200	  173.7273
12.256	 2.74	 2	 -43.8626	  172.5594
12.272	 2.06	 1	 -44.5819	  167.4706
12.273	 2.16	 2	 -41.9028	  176.7844
12.274	 2.75	 2	 -41.7820	  174.2827
12.275	 2.07	 1	 -44.5841	  173.5029
12.319	 2.04	 2	 -41.7465	  174.2234
12.325	 2.81	 1	 -41.2699	  172.2163
12.334	 2.14	 3	 -41.7460	  174.2240
12.345	 2.26	 2	 -41.7991	  174.1732
12.349	 2.40	 1	 -38.1960	  173.0485
12.351	 3.06	 2	 -41.7786	  174.2763
12.353	 2.57	 1	 -41.6981	  174.2672
12.359	 2.10	 1	 -42.3545	  172.2056
12.398	 2.61	 1	 -43.1091	  173.0995
12.408	 2.48	 1	 -45.6253	  168.3847
12.411	 2.14	 1	 -43.8164	  174.2665
12.416	 3.04	 1	 -42.1434	  166.9501
12.422	 2.56	 2	 -41.7518	  174.1910
12.425	 2.08	 2	 -42.2041	  174.1500
12.437	 3.80	 1	 -43.3975	  173.1610
12.444	 2.09	 1	 -44.3372	  174.3797
12.445	 2.18	 1	 -40.8607	  178.6093
12.455	 2.02	 1	 -42.9439	  172.8896
12.459	 2.20	 1	 -43.3954	  172.4428
12.499	 3.16	 1	 -46.8070	  170.5543
12.508	 2.24	 2	 -41.7596	  174.2149
12.531	 3.04	 1	 -42.3308	  173.9321
12.531	 2.33	 1	 -42.9425	  173.4916
12.543	 2.56	 1	 -43.2450	  173.7433
12.552	 2.64	 1	 -46.4330	  174.5349
12.555	 2.29	 1	 -43.1258	  175.6842
12.556	 2.44	 1	 -41.9112	  174.0755
12.569	 2.31	 1	 -42.4875	  173.3529
12.606	 2.37	 1	 -42.7529	  172.2032
12.626	 2.16	 1	 -43.6288	  167.0384
12.628	 2.07	 1	 -41.7988	  173.9501
12.681	 2.40	 1	 -42.5861	  172.9591
12.689	 2.04	 1	 -43.3950	  172.4594
12.692	 2.26	 1	 -45.6118	  173.7903
12.721	 2.45	 1	 -43.8870	  175.7824
12.725	 2.23	 1	 -43.1913	  172.6411
12.749	 3.71	 1	 -43.1231	  171.6631
12.754	 2.10	 1	 -46.0043	  177.1605
12.755	 2.66	 1	 -45.9061	  174.0678
12.767	 2.33	 1	 -45.2659	  175.6100
12.771	 2.00	 1	 -43.7126	  173.6589
12.775	 2.37	 1	 -41.9476	  166.9889
12.786	 2.85	 1	 -43.2533	  173.7639
12.796	 2.75	 1	 -40.2477	  167.8876
12.807	 2.51	 1	 -47.1721	  173.5536
12.811	 2.42	 2	 -47.1763	  173.5587
12.822	 2.27	 1	 -42.7688	  173.2683
12.838	 2.24	 1	 -42.4980	  171.5651
12.848	 2.18	 1	 -43.3369	  171.0218
12.849	 3.06	 1	 -43.3774	  173.0312
12.850	 2.05	 1	 -42.4739	  173.6748
12.850	 2.59	 1	 -39.6298	  168.5429
12.859	 2.16	 2	 -42.0000	  174.1172
12.868	 2.21	 1	 -41.2322	  173.5274
12.877	 2.13	 2	 -43.4374	  173.0742
12.880	 2.61	 1	 -41.7154	  174.2705
12.881	 2.04	 1	 -40.4005	  169.8531
12.896	 2.26	 1	 -43.5572	  173.0614
12.898	 2.52	 1	 -43.7283	  172.7244
12.899	 2.44	 1	 -42.8394	  173.0296
12.900	 2.07	 1	 -43.4031	  172.5789
12.949	 2.83	 1	 -38.7699	  172.3171
12.955	 3.27	 1	 -43.9016	  172.7526
12.977	 2.40	 2	 -41.7861	  174.2404
12.993	 2.17	 1	 -44.9375	  178.3229
13.033	 2.64	 1	 -43.5511	  167.7927
13.038	 3.00	 1	 -41.3465	  171.6855
13.038	 2.57	 1	 -42.2866	  172.9808
13.099	 2.79	 1	 -44.9325	  173.1447
13.119	 2.24	 1	 -43.3023	  175.0693
13.137	 2.89	 1	 -38.5952	  170.5020
13.152	 2.27	 1	 -43.2248	  172.4001
13.157	 2.08	 1	 -42.7828	  172.7750
13.162	 2.34	 1	 -42.5547	  173.1440
13.176	 2.25	 2	 -43.9406	  174.6680
13.183	 2.01	 1	 -46.2756	  174.5233
13.183	 2.37	 2	 -43.2446	  173.0557
13.193	 2.10	 2	 -43.1247	  171.6645
13.209	 2.53	 1	 -43.3123	  171.4660
13.220	 2.40	 1	 -41.1958	  173.1980
13.222	 2.31	 1	 -42.9123	  173.9430
13.235	 2.58	 1	 -42.9808	  172.8978
13.245	 2.61	 2	 -43.8839	  172.6262
13.252	 2.21	 1	 -42.8345	  173.1375
13.275	 2.72	 1	 -38.5750	  175.4807
13.288	 2.69	 1	 -40.3827	  173.6639
13.290	 3.10	 1	 -41.5351	  169.5968
13.351	 2.67	 1	 -40.3256	  178.2238
13.352	 2.26	 1	 -40.8729	  173.6644
13.366	 3.05	 1	 -42.5946	  172.9120
13.374	 2.93	 1	 -41.2705	  170.2613
13.376	 2.28	 1	 -42.5194	  172.5930
13.378	 2.00	 1	 -40.7593	  173.8860
13.410	 2.08	 1	 -42.0419	  173.6379
13.433	 2.47	 1	 -43.5241	  173.8718
13.444	 2.58	 1	 -42.3839	  174.0070
13.457	 2.03	 2	 -41.5513	  171.3891
13.458	 2.59	 1	 -43.3258	  175.8317
13.458	 2.11	 1	 -42.4783	  173.0818
13.479	 2.34	 1	 -42.8293	  172.5692
13.490	 3.49	 1	 -40.4627	  172.7245
13.509	 2.08	 2	 -40.4585	  172.7297
13.511	 2.20	 1	 -42.8643	  172.8951
13.541	 2.43	 1	 -46.1183	  176.9850
13.559	 2.07	 1	 -43.4463	  166.9909
13.577	 2.06	 1	 -42.3519	  173.1301
13.613	 2.24	 1	 -43.0451	  172.0054
13.619	 2.31	 1	 -42.8816	  169.9503
13.632	 3.37	 1	 -42.7880	  174.3319
13.648	 2.81	 1	 -42.4824	  172.7484
13.660	 2.02	 1	 -42.7788	  173.9339
13.662	 2.10	 1	 -42.3188	  173.4224
13.687	 2.24	 1	 -46.4129	  176.4581
13.689	 2.86	 1	 -42.0114	  173.7141
13.692	 2.48	 1	 -42.4864	  173.5016
13.698	 2.32	 1	 -44.9473	  173.0208
13.712	 2.28	 1	 -43.0796	  170.5722
13.715	 2.25	 1	 -43.2117	  173.7866
13.731	 3.37	 1	 -43.5079	  171.6316
13.769	 2.07	 1	 -43.9708	  173.4593
13.772	 2.12	 2	 -41.7643	  174.1651
13.779	 2.11	 1	 -45.0879	  172.0580
13.796	 3.48	 1	 -40.4772	  172.4363
13.814	 2.05	 1	 -43.2141	  172.8482
13.828	 2.38	 1	 -42.7987	  174.4552
13.839	 3.51	 1	 -42.5849	  173.4806
13.845	 2.10	 1	 -42.9174	  171.6511
13.869	 2.78	 2	 -42.5836	  173.4809
13.875	 2.71	 1	 -41.9759	  172.1954
13.878	 2.03	 1	 -42.1605	  174.0023
13.896	 2.11	 1	 -44.3434	  167.3316
13.912	 2.06	 1	 -42.8789	  178.5931
13.929	 2.04	 1	 -43.1846	  172.7108
13.935	 2.27	 1	 -45.6573	  169.0740
13.949	 2.40	 1	 -42.8251	  172.7580
13.954	 2.29	 2	 -41.7329	  174.3300
13.959	 2.13	 1	 -39.6212	  172.3252
14.000	 2.18	 1	 -44.6936	  167.5435
