# Simulation 534
# RelativeTime(days) Magnitude Generation Latitude Longitude
Time Mag Gen Lat Lon
7.004	 2.55	 1	 -42.5040	  171.5401
7.004	 2.05	 1	 -46.3534	  175.1208
7.009	 2.21	 1	 -40.3946	  169.4060
7.012	 2.36	 1	 -42.6997	  173.3554
7.013	 2.15	 1	 -43.1573	  174.5326
7.015	 2.03	 1	 -42.9727	  172.9890
7.020	 2.36	 1	 -45.0723	  175.7534
7.028	 2.14	 1	 -43.1436	  174.2659
7.028	 2.34	 1	 -43.4445	  171.9134
7.032	 2.35	 1	 -44.7878	  178.4352
7.033	 2.11	 1	 -42.1976	  173.3045
7.045	 2.12	 1	 -42.5659	  173.5617
7.062	 2.58	 1	 -43.0555	  173.0355
7.064	 2.13	 1	 -41.7246	  174.2132
7.067	 2.54	 1	 -42.7559	  173.3842
7.068	 2.53	 1	 -42.3916	  172.9764
7.075	 2.24	 1	 -41.6527	  174.3204
7.075	 2.77	 1	 -43.2827	  172.2937
7.080	 2.37	 1	 -41.9602	  173.1443
7.082	 2.05	 1	 -41.6931	  167.0574
7.085	 2.28	 1	 -44.5228	  171.3472
7.089	 2.25	 1	 -41.7533	  172.8860
7.102	 2.31	 1	 -41.6983	  172.7854
7.108	 2.09	 1	 -42.9299	  173.3969
7.111	 2.01	 1	 -42.0880	  172.7384
7.112	 2.15	 1	 -41.7856	  174.2749
7.116	 2.18	 1	 -43.6155	  175.7104
7.127	 2.27	 1	 -46.3775	  169.5162
7.127	 2.42	 1	 -47.1857	  173.2605
7.152	 2.04	 1	 -42.6466	  173.5070
7.153	 2.08	 1	 -39.9425	  175.5683
7.160	 2.47	 1	 -42.9574	  173.5883
7.161	 2.07	 1	 -41.2530	  172.9464
7.169	 3.00	 1	 -40.6865	  174.3868
7.172	 2.69	 1	 -43.8336	  176.6657
7.183	 2.19	 1	 -42.1290	  171.9750
7.189	 2.36	 1	 -41.7149	  174.2589
7.190	 2.65	 1	 -42.5505	  172.8393
7.200	 3.25	 1	 -42.2490	  174.6251
7.201	 2.42	 1	 -42.3422	  174.2237
7.203	 2.69	 1	 -42.7117	  173.0806
7.209	 2.18	 1	 -42.9849	  176.7762
7.209	 2.14	 1	 -43.0756	  173.8043
7.220	 3.03	 1	 -43.4569	  173.2139
7.221	 2.05	 1	 -42.6309	  175.8375
7.225	 2.13	 1	 -42.5928	  171.8833
7.242	 2.67	 1	 -45.7506	  177.1751
7.245	 2.20	 1	 -41.7674	  174.2168
7.245	 2.58	 1	 -42.9893	  172.6109
7.251	 2.29	 1	 -43.1785	  174.6774
7.254	 2.32	 1	 -42.8709	  173.9327
7.258	 2.02	 1	 -46.3017	  173.9644
7.276	 2.93	 1	 -42.7595	  173.5643
7.283	 2.06	 1	 -42.9301	  173.0855
7.292	 2.06	 1	 -43.1548	  172.8016
7.293	 2.14	 1	 -42.7001	  174.2516
7.294	 2.29	 1	 -43.2341	  172.4943
7.304	 2.43	 1	 -43.1056	  173.1513
7.307	 3.61	 1	 -44.8820	  171.7403
7.309	 2.86	 1	 -43.1267	  172.6949
7.312	 2.30	 1	 -44.1603	  168.8551
7.317	 2.03	 1	 -46.2014	  176.8479
7.322	 2.10	 1	 -42.0373	  174.7128
7.323	 2.20	 1	 -41.7849	  174.2467
7.323	 2.09	 1	 -42.5753	  173.1564
7.336	 2.03	 1	 -42.6652	  172.0243
7.340	 2.49	 1	 -45.7160	  175.5841
7.342	 2.56	 1	 -42.6062	  172.8771
7.345	 2.54	 1	 -43.2913	  172.7221
7.346	 2.18	 1	 -42.4842	  172.3597
7.349	 2.01	 1	 -42.9373	  172.9852
7.352	 2.11	 1	 -42.2800	  172.3855
7.371	 2.46	 1	 -41.7176	  174.1755
7.371	 2.17	 1	 -38.3946	  171.2236
7.378	 2.01	 1	 -42.0047	  176.3301
7.395	 2.37	 1	 -39.6237	  173.5232
7.396	 3.10	 1	 -41.4579	  172.6525
7.411	 2.96	 1	 -42.7587	  172.9996
7.426	 2.48	 1	 -40.3634	  178.2553
7.440	 2.54	 1	 -42.5283	  173.5070
7.440	 2.13	 1	 -42.3742	  172.6601
7.446	 2.17	 1	 -42.9975	  171.6264
7.449	 2.23	 1	 -42.5016	  173.4368
7.451	 2.13	 1	 -44.3874	  167.3555
7.452	 2.73	 1	 -42.6225	  172.6040
7.453	 2.21	 1	 -42.8493	  174.1378
7.456	 2.20	 1	 -41.5132	  173.9231
7.458	 2.16	 1	 -42.3661	  171.8787
7.459	 2.30	 1	 -42.6940	  171.7891
7.463	 2.15	 1	 -47.1882	  173.1440
7.476	 2.10	 1	 -38.7099	  170.1819
7.487	 2.03	 1	 -43.6674	  170.1230
7.487	 2.03	 1	 -42.5887	  173.3499
7.498	 2.25	 1	 -43.3499	  173.1310
7.518	 2.28	 1	 -46.1268	  169.0731
7.518	 2.40	 1	 -43.0021	  172.0999
7.526	 2.20	 1	 -41.1403	  175.1146
7.531	 2.45	 1	 -40.9706	  173.0921
7.535	 3.88	 1	 -41.6870	  171.6891
7.536	 2.08	 1	 -46.2722	  169.6664
7.548	 2.01	 1	 -42.4590	  173.0268
7.563	 2.01	 1	 -43.9188	  171.7066
7.563	 2.51	 1	 -42.3254	  173.3192
7.573	 2.48	 1	 -43.0560	  172.4825
7.573	 2.22	 1	 -42.3564	  173.5598
7.579	 2.25	 1	 -42.8505	  171.2806
7.589	 2.19	 1	 -45.3135	  174.6323
7.592	 3.51	 1	 -43.5071	  168.3564
7.597	 3.40	 1	 -42.6336	  173.9716
7.602	 3.09	 1	 -44.5005	  175.7186
7.614	 2.95	 1	 -44.8074	  174.2653
7.618	 2.21	 1	 -46.8712	  170.7626
7.625	 2.29	 1	 -42.8133	  173.3028
7.630	 2.84	 1	 -47.0958	  174.2624
7.644	 3.07	 1	 -44.0816	  172.3477
7.646	 2.02	 1	 -45.0052	  175.5778
7.651	 2.14	 1	 -41.8407	  172.6868
7.658	 2.17	 1	 -42.7490	  173.4636
7.678	 2.09	 1	 -42.4432	  172.5811
7.681	 2.04	 1	 -41.0842	  171.4806
7.690	 2.88	 1	 -41.8364	  173.2878
7.691	 2.57	 1	 -42.6780	  173.5541
7.694	 2.26	 1	 -42.3027	  171.4205
7.695	 2.04	 1	 -42.4108	  173.6142
7.696	 2.18	 1	 -43.0084	  173.3041
7.707	 2.05	 1	 -43.0576	  172.9578
7.733	 3.52	 1	 -40.2688	  175.8642
7.747	 2.13	 1	 -42.4079	  173.5065
7.748	 2.03	 1	 -38.2232	  172.3493
7.749	 2.53	 1	 -42.7839	  172.2683
7.751	 2.38	 1	 -42.0843	  173.2421
7.775	 2.41	 1	 -43.4063	  171.1781
7.789	 3.17	 1	 -43.6841	  172.1439
7.796	 2.42	 1	 -42.3226	  166.9251
7.801	 2.14	 1	 -42.2541	  173.4114
7.807	 2.15	 1	 -43.1874	  172.5869
7.807	 3.37	 1	 -42.5043	  172.6220
7.813	 2.84	 1	 -42.7672	  172.6430
7.819	 2.58	 1	 -45.4759	  177.8270
7.832	 2.02	 1	 -43.4273	  173.3299
7.836	 2.33	 1	 -42.3576	  171.9509
7.859	 2.44	 1	 -40.7375	  178.5314
7.870	 2.10	 1	 -41.9993	  173.6931
7.870	 2.17	 1	 -44.2879	  167.3023
7.871	 2.07	 1	 -43.6253	  173.8759
7.876	 2.23	 1	 -42.3708	  173.1759
7.877	 2.19	 1	 -43.4238	  174.4355
7.884	 2.46	 1	 -43.9684	  168.7299
7.892	 2.35	 1	 -38.3136	  174.4127
7.917	 2.26	 1	 -41.4448	  169.5118
7.928	 2.57	 1	 -45.9011	  177.3083
7.934	 2.17	 1	 -43.8760	  172.6878
7.938	 2.96	 1	 -41.0374	  178.7104
7.946	 2.46	 1	 -42.4872	  172.5749
7.948	 2.49	 1	 -42.8982	  175.0004
7.956	 2.00	 1	 -42.6723	  173.0371
7.960	 2.03	 1	 -43.6908	  173.1592
7.974	 2.08	 1	 -43.2645	  173.7084
7.982	 2.63	 1	 -42.9409	  172.5253
7.990	 2.01	 1	 -42.5401	  172.8107
8.009	 2.45	 1	 -42.3521	  172.3828
8.019	 2.10	 1	 -41.9117	  174.3305
8.023	 2.05	 1	 -43.9164	  173.6199
8.028	 2.37	 1	 -39.7380	  173.1432
8.036	 2.21	 1	 -42.7756	  171.4608
8.045	 2.03	 1	 -41.4902	  172.8247
8.049	 2.73	 1	 -43.1578	  173.2968
8.058	 2.38	 1	 -43.5418	  172.4241
8.060	 2.77	 1	 -42.6269	  172.5529
8.070	 2.06	 1	 -43.4357	  174.4242
8.071	 2.04	 1	 -41.8182	  174.1414
8.079	 2.00	 1	 -44.4503	  174.3143
8.083	 2.25	 1	 -42.7137	  179.1399
8.084	 2.44	 1	 -43.0471	  171.9535
8.089	 2.04	 1	 -41.6311	  174.2714
8.107	 2.70	 1	 -42.6151	  173.2360
8.131	 2.16	 1	 -42.1869	  172.6141
8.146	 2.00	 1	 -42.4201	  174.7562
8.148	 2.94	 1	 -42.6382	  172.7261
8.151	 3.40	 1	 -44.4965	  174.5010
8.160	 2.35	 1	 -39.3103	  168.9908
8.163	 2.60	 1	 -42.9524	  173.3783
8.164	 2.65	 1	 -42.7087	  169.6332
8.165	 2.48	 1	 -40.2467	  175.9656
8.173	 2.51	 1	 -42.1770	  173.3608
8.175	 2.23	 1	 -44.6556	  172.4150
8.178	 2.30	 1	 -42.0977	  173.7422
8.199	 2.21	 1	 -42.6270	  177.8291
8.205	 2.02	 1	 -43.5866	  175.0519
8.211	 2.05	 1	 -46.5742	  169.9339
8.216	 3.42	 1	 -42.1974	  170.8318
8.226	 2.13	 1	 -43.7319	  178.9743
8.234	 2.18	 1	 -42.9184	  173.8984
8.242	 2.13	 1	 -42.3651	  172.9140
8.242	 2.13	 1	 -42.0060	  173.7610
8.251	 3.39	 1	 -42.7704	  172.6249
8.282	 3.08	 1	 -43.1160	  173.4595
8.290	 2.88	 1	 -45.9267	  171.9682
8.290	 2.40	 1	 -41.7216	  174.3006
8.296	 2.74	 1	 -38.1968	  173.1459
8.297	 2.34	 1	 -42.6581	  173.1610
8.304	 2.11	 1	 -42.8722	  173.0025
8.306	 2.64	 1	 -43.2096	  171.1772
8.309	 2.12	 1	 -42.4353	  169.9477
8.310	 2.61	 1	 -42.8802	  173.1734
8.315	 2.78	 1	 -43.7300	  173.8295
8.340	 2.36	 1	 -42.4219	  171.7898
8.340	 2.16	 1	 -42.5907	  175.8522
8.344	 2.14	 1	 -39.7264	  168.4241
8.346	 2.20	 1	 -42.9257	  173.4138
8.349	 2.43	 1	 -45.3859	  176.0793
8.355	 2.85	 1	 -42.2039	  172.7667
8.359	 2.53	 1	 -43.9480	  172.0563
8.363	 2.26	 1	 -45.0869	  176.4572
8.364	 2.94	 1	 -43.0045	  173.3917
8.377	 3.69	 1	 -44.2835	  173.4478
8.379	 2.03	 1	 -43.0010	  174.0516
8.382	 2.94	 1	 -42.0726	  171.5760
8.390	 2.21	 1	 -39.9505	  177.8708
8.400	 2.69	 1	 -42.3278	  172.8397
8.408	 2.52	 1	 -43.7844	  171.3563
8.410	 2.73	 1	 -42.3059	  173.6128
8.438	 3.37	 1	 -45.2020	  178.0986
8.443	 2.81	 1	 -42.3910	  175.8388
8.455	 2.07	 1	 -42.4544	  173.0508
8.458	 2.73	 1	 -44.4409	  171.5207
8.479	 3.02	 1	 -41.9125	  173.7014
8.485	 2.14	 1	 -42.2614	  173.6293
8.489	 2.05	 1	 -44.2883	  172.7334
8.503	 2.41	 1	 -44.6804	  173.6766
8.503	 2.25	 1	 -43.0494	  167.0787
8.504	 2.05	 1	 -42.8935	  171.8902
8.505	 2.17	 1	 -42.6770	  171.3507
8.511	 2.11	 1	 -42.9761	  173.6548
8.523	 2.06	 1	 -43.2045	  172.5971
8.523	 2.02	 1	 -44.8979	  172.8173
8.528	 2.76	 1	 -42.8272	  174.3713
8.535	 2.15	 1	 -43.2215	  172.3423
8.535	 3.08	 1	 -45.5225	  169.8708
8.538	 2.48	 1	 -43.7516	  172.5455
8.542	 2.66	 1	 -40.8602	  178.6090
8.566	 2.09	 1	 -43.1169	  172.4309
8.566	 2.34	 1	 -41.6480	  173.0867
8.571	 2.22	 1	 -47.1121	  171.8945
8.576	 2.19	 1	 -41.7073	  174.1513
8.578	 2.23	 1	 -41.1856	  175.4269
8.578	 2.01	 1	 -44.8564	  175.4466
8.584	 2.14	 1	 -41.6678	  170.3230
8.584	 2.08	 1	 -41.9282	  172.0183
8.589	 2.47	 1	 -43.8284	  174.3631
8.591	 2.19	 1	 -42.0585	  175.5538
8.594	 2.46	 1	 -42.3432	  173.8272
8.598	 2.73	 1	 -42.1851	  173.6487
8.600	 2.05	 1	 -44.2149	  167.2656
8.604	 2.69	 1	 -42.2651	  171.7236
8.612	 2.05	 1	 -43.0003	  173.4139
8.613	 2.65	 1	 -41.8746	  173.3345
8.622	 2.48	 1	 -41.9080	  172.7567
8.645	 2.39	 1	 -43.5493	  169.2175
8.650	 2.13	 1	 -42.9902	  174.5977
8.685	 2.05	 1	 -43.3949	  169.8777
8.718	 2.36	 1	 -42.2749	  173.5397
8.722	 3.91	 1	 -42.8616	  172.7554
8.728	 2.35	 1	 -42.2998	  173.7652
8.734	 2.59	 1	 -43.1125	  170.7056
8.734	 2.72	 1	 -42.2799	  171.4310
8.741	 2.24	 1	 -42.5466	  172.2036
8.762	 2.31	 1	 -44.1708	  174.3120
8.767	 2.66	 1	 -43.2083	  173.3195
8.776	 2.42	 1	 -40.8711	  173.7827
8.789	 2.44	 1	 -41.4479	  172.2442
8.794	 2.80	 1	 -45.7271	  171.2852
8.816	 2.35	 1	 -42.2621	  174.5606
8.816	 2.39	 1	 -43.1616	  172.6452
8.828	 2.19	 1	 -42.8318	  173.7402
8.830	 2.44	 1	 -42.9883	  174.4151
8.838	 2.20	 1	 -44.0121	  174.2520
8.843	 2.68	 1	 -42.9640	  172.0681
8.845	 2.53	 1	 -44.0917	  173.2167
8.846	 3.35	 1	 -43.5789	  168.3594
8.850	 2.24	 1	 -42.9188	  173.5029
8.852	 2.29	 1	 -38.4159	  171.1322
8.855	 2.89	 1	 -45.9743	  177.2044
8.865	 3.31	 1	 -45.7182	  177.5478
8.866	 2.44	 1	 -42.6293	  176.1731
8.878	 2.20	 1	 -41.1458	  174.1526
8.882	 3.23	 1	 -42.1120	  173.8310
8.885	 2.16	 1	 -42.3863	  175.5654
8.886	 2.06	 1	 -42.9228	  173.7005
8.918	 2.06	 1	 -43.1939	  172.6434
8.937	 2.75	 1	 -43.7234	  172.0914
8.941	 2.59	 1	 -42.9273	  173.6694
8.961	 2.12	 1	 -38.2499	  173.9670
8.972	 2.14	 1	 -42.7812	  174.1836
8.980	 3.82	 1	 -43.6067	  173.7094
8.981	 2.35	 1	 -42.3302	  173.5620
8.985	 3.97	 1	 -43.8040	  170.3537
8.999	 2.04	 1	 -42.4697	  173.8222
9.008	 2.79	 1	 -46.5585	  169.8978
9.008	 3.32	 1	 -42.2031	  174.4199
9.011	 3.04	 1	 -38.2019	  172.7058
9.030	 2.07	 1	 -42.5745	  173.7381
9.033	 2.20	 1	 -42.4668	  173.1438
9.034	 2.37	 1	 -38.4901	  175.0439
9.046	 2.37	 1	 -44.8503	  172.1501
9.054	 4.02	 1	 -43.3491	  173.7858
9.061	 2.13	 1	 -41.5716	  173.1208
9.066	 2.43	 1	 -38.6248	  175.6297
9.088	 2.20	 1	 -41.7033	  174.2569
9.093	 2.52	 1	 -43.0275	  172.5215
9.108	 2.50	 1	 -40.4636	  174.1985
9.110	 2.02	 1	 -42.2114	  171.5890
9.114	 2.27	 1	 -41.4662	  172.7022
9.116	 3.58	 1	 -42.0743	  172.2283
9.135	 2.57	 1	 -39.7538	  172.7616
9.142	 2.40	 1	 -42.4248	  174.2009
9.158	 2.14	 1	 -42.7712	  173.9136
9.164	 2.19	 1	 -42.2222	  173.8650
9.178	 2.04	 1	 -42.5935	  172.9056
9.179	 4.18	 1	 -42.9136	  173.7454
9.180	 2.23	 1	 -42.4453	  172.7621
9.184	 2.28	 1	 -43.6621	  170.7375
9.188	 2.02	 1	 -42.1785	  172.2199
9.204	 2.20	 1	 -41.8688	  173.1506
9.206	 2.27	 1	 -42.4370	  172.7437
9.228	 2.33	 1	 -43.5126	  172.7182
9.247	 2.06	 1	 -45.2734	  173.1190
9.253	 2.07	 1	 -41.7206	  177.8602
9.255	 2.28	 1	 -42.0995	  174.1171
9.256	 2.19	 1	 -42.1765	  172.9306
9.270	 3.02	 1	 -42.8315	  174.8122
9.280	 2.20	 1	 -41.9170	  174.2466
9.294	 2.23	 1	 -45.1470	  173.4252
9.297	 2.16	 1	 -42.1539	  171.6397
9.307	 2.68	 1	 -38.2114	  173.5293
9.311	 2.19	 1	 -42.2405	  173.6335
9.330	 2.08	 1	 -41.2871	  175.9395
9.337	 2.29	 1	 -42.0203	  173.0805
9.338	 3.14	 1	 -42.8196	  172.5311
9.338	 2.07	 1	 -43.1809	  170.3022
9.340	 2.03	 1	 -42.6018	  172.8673
9.340	 2.07	 1	 -43.0637	  172.2078
9.346	 2.33	 1	 -40.7215	  173.4233
9.379	 2.18	 1	 -42.5277	  173.2327
9.385	 2.14	 1	 -42.5534	  173.3527
9.390	 2.51	 1	 -41.7097	  172.5698
9.400	 2.44	 1	 -38.2063	  172.6067
9.408	 2.18	 1	 -43.2632	  172.9850
9.430	 2.15	 1	 -43.1920	  173.0110
9.443	 2.35	 1	 -44.0243	  174.0409
9.446	 2.55	 1	 -42.5410	  172.7094
9.447	 2.02	 1	 -43.9264	  178.9051
9.454	 2.42	 1	 -45.5422	  176.2031
9.460	 4.40	 1	 -43.0124	  172.7735
9.461	 2.38	 1	 -41.9621	  173.7551
9.472	 2.33	 1	 -42.1129	  173.7270
9.473	 3.09	 1	 -42.6857	  172.4113
9.474	 2.56	 1	 -42.6731	  171.8652
9.475	 2.22	 1	 -41.4435	  171.3642
9.478	 2.28	 1	 -42.1903	  173.9182
9.480	 2.30	 1	 -42.2933	  173.7247
9.482	 2.24	 1	 -42.3923	  173.1758
9.495	 2.03	 1	 -41.3245	  172.2541
9.495	 2.74	 1	 -43.7670	  170.5675
9.519	 2.01	 1	 -42.0546	  172.0814
9.536	 2.07	 1	 -42.2797	  172.6392
9.537	 2.21	 1	 -41.8361	  173.6416
9.540	 2.12	 1	 -42.5555	  173.1268
9.545	 2.72	 1	 -42.4921	  172.4020
9.550	 3.73	 1	 -42.6515	  171.5942
9.552	 2.12	 1	 -42.2464	  173.7070
9.558	 2.09	 1	 -42.9945	  173.0774
9.567	 2.81	 1	 -42.9271	  172.2016
9.571	 2.45	 1	 -42.5223	  173.1486
9.572	 2.01	 1	 -41.9709	  171.9751
9.575	 3.91	 1	 -41.0200	  173.3191
9.577	 2.34	 1	 -42.3580	  173.3514
9.599	 3.43	 1	 -42.4174	  172.9234
9.628	 2.12	 1	 -43.0487	  172.8865
9.634	 2.38	 1	 -45.0014	  178.2719
9.655	 2.45	 1	 -44.2006	  173.0132
9.676	 2.33	 1	 -45.0343	  174.6367
9.679	 2.47	 1	 -40.8226	  171.2342
9.688	 2.45	 1	 -40.7741	  174.8476
9.700	 2.07	 1	 -42.8549	  172.9631
9.700	 2.33	 1	 -43.8878	  174.1145
9.702	 2.15	 1	 -43.8498	  172.9170
9.703	 2.27	 1	 -43.1891	  172.7166
9.717	 2.40	 1	 -41.0786	  171.0486
9.735	 2.06	 1	 -41.1566	  176.3231
9.742	 2.07	 1	 -43.0508	  172.7516
9.745	 2.04	 1	 -41.8587	  171.6146
9.749	 2.56	 1	 -45.9869	  168.8583
9.751	 2.01	 1	 -43.0896	  174.8526
9.754	 2.88	 1	 -46.7242	  170.3129
9.759	 2.42	 1	 -45.3324	  170.4945
9.761	 2.64	 1	 -41.9650	  173.2381
9.769	 2.30	 1	 -42.7442	  177.5932
9.770	 2.50	 1	 -42.1337	  179.0925
9.772	 2.02	 1	 -44.4554	  174.5695
9.785	 2.58	 1	 -40.1216	  168.6979
9.793	 2.40	 1	 -42.1235	  173.6491
9.809	 2.48	 1	 -45.7315	  174.9189
9.813	 2.08	 1	 -43.3709	  171.8973
9.830	 2.27	 1	 -43.0102	  174.5937
9.838	 2.86	 1	 -42.5927	  174.5210
9.845	 2.22	 1	 -42.6814	  173.1071
9.860	 2.13	 1	 -42.7573	  166.9050
9.876	 2.01	 1	 -45.0659	  173.5495
9.884	 2.85	 1	 -42.4769	  172.5125
9.885	 2.32	 1	 -42.1497	  173.7408
9.901	 2.97	 1	 -41.8797	  173.4314
9.903	 3.13	 1	 -46.1270	  169.0732
9.904	 2.02	 1	 -42.5273	  173.7241
9.906	 2.44	 1	 -44.0777	  174.8768
9.908	 2.37	 1	 -42.5083	  174.2906
9.913	 2.02	 1	 -38.6015	  175.5614
9.917	 2.12	 1	 -42.3980	  173.5664
9.951	 2.23	 1	 -42.1108	  173.5712
9.953	 2.02	 1	 -42.2505	  174.1279
9.957	 2.15	 1	 -40.6014	  175.2459
9.958	 2.01	 1	 -41.7799	  174.1440
9.961	 2.61	 1	 -42.2172	  173.6875
9.962	 2.70	 1	 -41.6017	  174.4063
9.968	 2.88	 1	 -42.6803	  175.8552
9.971	 2.53	 1	 -40.4529	  172.2883
9.980	 2.15	 1	 -42.7133	  175.2936
9.983	 2.33	 1	 -43.4886	  174.8712
9.984	 2.03	 1	 -41.0229	  172.5916
9.987	 2.75	 1	 -41.7668	  174.2889
9.990	 2.90	 1	 -44.7663	  172.3994
9.992	 3.24	 1	 -42.8480	  174.1168
9.994	 2.30	 1	 -42.9817	  174.9777
9.998	 2.13	 1	 -42.4943	  173.8897
10.017	 2.22	 1	 -42.2894	  173.6322
10.025	 2.07	 1	 -42.5194	  174.1298
10.027	 2.22	 1	 -39.5691	  168.6211
10.037	 2.20	 1	 -40.6988	  172.1558
10.040	 2.22	 1	 -45.9601	  170.1412
10.041	 2.23	 1	 -45.5272	  177.7712
10.043	 2.06	 1	 -41.6674	  174.2732
10.046	 2.37	 1	 -39.2802	  177.0063
10.069	 2.09	 1	 -42.8338	  166.9073
10.074	 3.96	 1	 -43.6191	  179.0087
10.075	 2.18	 1	 -38.4967	  173.0973
10.082	 2.16	 1	 -44.9185	  176.5439
10.083	 2.20	 1	 -42.5461	  172.9518
10.091	 3.50	 1	 -44.2658	  167.2910
10.091	 2.42	 1	 -42.0662	  173.4223
10.106	 2.46	 1	 -41.9930	  173.8134
10.120	 2.38	 1	 -41.7159	  172.4591
10.140	 2.67	 1	 -42.4723	  174.7054
10.146	 2.01	 1	 -44.2252	  173.2077
10.155	 2.06	 1	 -42.6055	  172.0379
10.168	 2.04	 1	 -41.7133	  173.1313
10.171	 2.12	 1	 -42.6240	  170.9091
10.171	 2.07	 1	 -42.5753	  173.6904
10.172	 2.56	 1	 -41.6591	  174.8034
10.174	 2.05	 1	 -43.5617	  172.2099
10.175	 2.17	 1	 -43.1971	  172.4964
10.185	 2.22	 1	 -41.6013	  173.3107
10.201	 2.06	 1	 -42.8470	  173.6146
10.205	 2.57	 1	 -42.8557	  173.7621
10.210	 3.01	 1	 -42.5751	  171.1633
10.223	 2.62	 1	 -42.8237	  173.5328
10.224	 2.20	 1	 -43.2381	  168.6062
10.228	 2.53	 1	 -42.7401	  173.3343
10.232	 2.44	 1	 -41.6923	  174.1899
10.249	 2.18	 1	 -42.3858	  173.6385
10.255	 2.64	 1	 -43.2521	  174.3895
10.260	 2.15	 1	 -41.8520	  172.6352
10.261	 2.60	 1	 -46.9406	  175.0278
10.262	 2.69	 1	 -42.5153	  173.1989
10.267	 2.03	 1	 -40.3967	  172.5721
10.267	 2.01	 1	 -42.2593	  173.6009
10.270	 2.75	 1	 -42.1499	  173.7184
10.275	 2.47	 1	 -42.9454	  174.8019
10.282	 2.30	 1	 -42.1949	  173.4921
10.282	 2.21	 1	 -42.3178	  172.4968
10.299	 2.56	 1	 -41.9837	  172.3680
10.303	 2.24	 1	 -42.6876	  173.9244
10.303	 2.03	 1	 -42.8586	  173.4129
10.318	 2.74	 1	 -41.8560	  172.0683
10.325	 2.66	 1	 -40.2394	  167.8950
10.328	 2.12	 1	 -43.3205	  172.4022
10.336	 2.02	 1	 -43.2770	  172.1462
10.340	 2.17	 1	 -46.9639	  171.1101
10.368	 2.28	 1	 -42.6809	  171.9832
10.390	 2.17	 1	 -43.0583	  172.9376
10.419	 2.46	 1	 -42.7433	  173.3461
10.433	 2.18	 1	 -39.9947	  171.8044
10.441	 2.17	 1	 -41.9631	  173.7469
10.453	 2.07	 1	 -42.4700	  172.6925
10.492	 2.25	 1	 -42.3348	  174.1104
10.494	 2.02	 1	 -42.7671	  173.5263
10.514	 3.37	 1	 -42.5190	  173.2628
10.518	 2.24	 1	 -44.7326	  168.6121
10.519	 3.38	 1	 -44.2305	  171.2227
10.520	 2.16	 1	 -43.4463	  179.0534
10.520	 3.34	 1	 -44.9456	  167.7277
10.520	 2.50	 1	 -44.7701	  172.8972
10.524	 2.50	 1	 -43.2839	  173.8395
10.532	 2.46	 1	 -42.4638	  173.4004
10.549	 2.28	 1	 -43.0637	  172.2210
10.555	 3.07	 1	 -40.1542	  169.2271
10.556	 2.22	 1	 -40.8835	  174.5811
10.559	 2.32	 1	 -42.5322	  173.8880
10.562	 2.59	 1	 -40.4818	  172.4633
10.565	 2.35	 1	 -41.5449	  169.7650
10.568	 3.06	 1	 -42.7776	  174.2736
10.589	 2.29	 1	 -42.7413	  174.6604
10.595	 2.45	 1	 -41.8587	  171.8809
10.601	 2.51	 1	 -42.3430	  175.7036
10.610	 2.48	 1	 -41.3051	  172.9513
10.618	 3.83	 1	 -42.8453	  173.6876
10.645	 2.04	 1	 -41.4265	  170.8352
10.664	 2.81	 1	 -46.9707	  174.9059
10.671	 2.10	 1	 -44.7951	  178.4299
10.676	 2.21	 1	 -41.2939	  174.2896
10.684	 2.25	 1	 -41.6143	  175.8341
10.684	 2.25	 1	 -43.3844	  178.0071
10.692	 2.91	 1	 -38.8532	  169.8375
10.692	 2.11	 1	 -41.0978	  172.4320
10.705	 2.60	 1	 -43.0034	  171.2638
10.711	 2.04	 1	 -41.9062	  170.9571
10.713	 2.45	 1	 -41.9272	  170.8897
10.718	 2.28	 1	 -43.3119	  179.0816
10.720	 2.06	 1	 -43.8199	  174.4815
10.728	 2.71	 1	 -42.1340	  171.1647
10.730	 2.18	 1	 -41.8900	  172.5549
10.732	 2.71	 1	 -42.9713	  173.6902
10.753	 2.27	 1	 -43.5794	  172.5851
10.757	 2.03	 1	 -41.4076	  175.8744
10.768	 2.28	 1	 -42.1951	  173.2795
10.785	 2.29	 1	 -46.1007	  172.5317
10.812	 2.16	 1	 -44.9684	  167.7458
10.823	 2.07	 1	 -42.3865	  173.8417
10.824	 3.13	 1	 -42.5957	  173.1206
10.871	 2.17	 1	 -41.4209	  172.4825
10.891	 2.31	 1	 -43.0422	  172.5486
10.892	 3.22	 1	 -39.7719	  175.8238
10.901	 2.37	 1	 -41.9522	  173.0170
10.910	 2.56	 1	 -41.7805	  174.2536
10.916	 2.61	 1	 -42.6040	  171.6854
10.919	 2.02	 1	 -42.7570	  173.4419
10.941	 2.45	 1	 -41.6310	  173.0883
10.949	 2.04	 1	 -42.2246	  170.8952
10.971	 2.77	 1	 -42.5410	  173.9184
10.981	 3.03	 1	 -42.8463	  172.2761
11.019	 3.63	 1	 -41.6985	  174.2747
11.034	 2.13	 1	 -42.4684	  172.6160
11.038	 2.21	 1	 -42.1800	  174.4371
11.041	 2.30	 1	 -40.3903	  178.2773
11.042	 2.30	 1	 -42.9397	  173.2068
11.045	 2.69	 1	 -43.5754	  167.6630
11.056	 2.36	 1	 -43.6175	  167.0352
11.059	 2.59	 1	 -42.5309	  173.1025
11.070	 2.80	 1	 -42.7781	  172.7144
11.084	 2.80	 1	 -44.2406	  174.0650
11.088	 2.61	 1	 -43.5738	  172.8903
11.089	 3.16	 1	 -42.1475	  173.6449
11.091	 2.01	 1	 -42.2234	  173.7057
11.095	 2.29	 1	 -40.0596	  175.6888
11.131	 2.39	 1	 -42.6415	  172.6593
11.149	 2.23	 1	 -40.8176	  178.5827
11.158	 2.00	 1	 -42.0680	  172.4283
11.196	 2.03	 1	 -42.4135	  174.3534
11.209	 2.08	 1	 -42.4739	  173.7738
11.214	 2.15	 1	 -40.7744	  178.5554
11.214	 3.11	 1	 -44.8315	  176.2718
11.224	 2.20	 1	 -43.7938	  174.8630
11.228	 2.15	 1	 -42.2387	  172.4198
11.232	 2.27	 1	 -44.7510	  174.8249
11.235	 2.47	 1	 -42.6811	  173.0739
11.240	 2.16	 1	 -41.4720	  173.8933
11.265	 2.21	 1	 -45.0728	  178.2126
11.277	 2.20	 1	 -43.2164	  175.7384
11.277	 2.88	 1	 -41.9386	  173.0553
11.285	 2.22	 1	 -40.4138	  173.6126
11.286	 2.71	 1	 -41.7840	  174.1355
11.300	 2.51	 1	 -41.6183	  170.0803
11.307	 3.47	 1	 -42.4230	  173.0586
11.351	 2.85	 1	 -42.3961	  172.2276
11.362	 2.52	 1	 -43.4135	  172.4265
11.392	 2.49	 1	 -42.7306	  172.4845
11.398	 2.26	 1	 -41.4711	  172.2111
11.402	 2.35	 1	 -40.5916	  175.0207
11.412	 3.27	 1	 -42.7603	  172.0714
11.412	 2.56	 1	 -42.3662	  175.9381
11.414	 2.08	 1	 -42.9348	  173.2354
11.422	 3.72	 1	 -42.2145	  171.9613
11.432	 2.74	 1	 -40.3891	  167.7680
11.457	 2.21	 1	 -43.2489	  173.3120
11.462	 2.07	 1	 -42.0804	  176.5110
11.466	 3.10	 1	 -42.5553	  173.1543
11.478	 2.15	 1	 -43.6965	  174.0415
11.505	 2.02	 1	 -42.3530	  171.7322
11.522	 2.17	 1	 -42.3126	  173.2290
11.531	 2.33	 1	 -43.2060	  176.1913
11.535	 2.49	 1	 -43.4663	  176.4996
11.564	 2.37	 1	 -42.1560	  171.2306
11.575	 2.16	 1	 -43.1698	  172.3961
11.582	 2.56	 1	 -42.8188	  173.4577
11.592	 2.21	 1	 -41.8224	  174.2495
11.599	 2.06	 1	 -42.3792	  173.2356
11.609	 2.45	 1	 -42.5755	  173.1547
11.614	 2.11	 1	 -43.0305	  173.3794
11.626	 2.13	 1	 -43.2530	  171.5799
11.633	 2.49	 1	 -43.5853	  169.3150
11.649	 2.02	 1	 -39.5905	  173.8287
11.663	 2.55	 1	 -38.9938	  174.4749
11.665	 2.14	 1	 -44.7746	  173.1727
11.675	 2.01	 1	 -41.8594	  171.4016
11.694	 2.81	 1	 -42.7205	  172.7004
11.709	 2.37	 1	 -39.4552	  171.3514
11.717	 2.19	 1	 -41.1472	  178.7673
11.723	 2.31	 1	 -43.3737	  173.5160
11.726	 2.07	 1	 -42.8003	  173.6366
11.726	 2.02	 1	 -42.0226	  173.8493
11.736	 2.31	 1	 -42.3386	  173.9772
11.743	 2.02	 1	 -42.5987	  174.4388
11.748	 2.72	 1	 -45.4807	  173.8689
11.748	 2.21	 1	 -42.1235	  172.7194
11.757	 3.65	 1	 -47.1720	  173.5564
11.774	 2.67	 1	 -43.7224	  173.1656
11.780	 2.39	 1	 -43.1903	  174.1561
11.792	 2.17	 1	 -43.2174	  172.4324
11.824	 2.64	 1	 -40.4529	  178.3271
11.831	 2.05	 1	 -42.0599	  171.4654
11.834	 2.79	 1	 -40.4266	  171.0101
11.846	 2.54	 1	 -43.1921	  173.2667
11.860	 2.03	 1	 -38.8815	  173.5061
11.866	 2.10	 1	 -41.5059	  167.1212
11.868	 2.18	 1	 -42.9263	  173.0675
11.876	 2.06	 1	 -43.7820	  174.0382
11.885	 2.11	 1	 -43.5190	  167.0086
11.887	 2.02	 1	 -43.4838	  170.3491
11.901	 2.39	 1	 -42.8084	  172.4831
11.903	 3.54	 1	 -45.4026	  172.3628
11.906	 2.15	 1	 -41.7156	  174.2564
11.914	 2.62	 1	 -42.6546	  172.8782
11.920	 3.59	 1	 -41.7519	  174.2266
11.922	 2.22	 1	 -42.8696	  166.9091
11.940	 2.59	 1	 -42.8856	  171.6136
11.947	 2.30	 1	 -42.9874	  173.0111
11.947	 2.14	 1	 -42.4783	  171.9366
11.950	 2.75	 1	 -42.5049	  173.5607
11.983	 2.15	 1	 -42.1006	  173.7218
11.984	 2.29	 1	 -41.7209	  172.4778
11.985	 3.85	 1	 -42.0896	  173.3842
11.987	 2.38	 1	 -42.3872	  174.1279
11.993	 2.49	 1	 -42.8556	  173.1694
11.998	 3.00	 1	 -47.0969	  174.2550
12.014	 2.21	 1	 -43.2945	  176.5336
12.016	 2.17	 1	 -42.5620	  172.9906
12.022	 2.02	 1	 -45.1391	  172.4219
12.037	 2.00	 1	 -42.3351	  173.8569
12.041	 2.87	 1	 -42.2575	  172.4454
12.050	 2.25	 1	 -40.4925	  171.1522
12.075	 2.03	 1	 -42.4111	  173.5714
12.081	 3.67	 1	 -43.4806	  171.2568
12.129	 2.02	 1	 -42.2674	  172.7334
12.132	 2.02	 1	 -42.8873	  172.0895
12.134	 2.49	 1	 -41.8202	  174.1948
12.163	 2.36	 1	 -42.8857	  174.2324
12.165	 2.29	 1	 -42.4718	  173.7085
12.185	 2.01	 1	 -42.6217	  172.8929
12.204	 2.26	 1	 -43.3599	  173.5923
12.206	 2.62	 1	 -42.0883	  172.9647
12.211	 2.09	 1	 -42.8251	  172.7607
12.231	 2.60	 1	 -42.6964	  172.7895
12.239	 2.29	 1	 -42.6677	  172.7595
12.240	 2.77	 1	 -42.2171	  173.5851
12.262	 3.16	 1	 -46.7579	  175.6366
12.268	 2.60	 1	 -43.2447	  179.0937
12.274	 2.34	 1	 -41.7384	  174.3400
12.279	 2.77	 1	 -42.3034	  175.1235
12.308	 2.25	 1	 -43.1885	  173.0373
12.309	 2.02	 1	 -40.9017	  178.6338
12.309	 2.48	 1	 -42.1145	  172.7740
12.321	 2.58	 1	 -41.9992	  172.3198
12.324	 2.72	 1	 -44.8679	  175.8999
12.334	 2.05	 1	 -42.8222	  172.9961
12.338	 2.50	 1	 -40.4563	  178.3297
12.346	 2.43	 1	 -42.0339	  174.9409
12.376	 2.61	 1	 -42.8546	  174.9753
12.386	 2.09	 1	 -40.7068	  174.1346
12.388	 2.00	 1	 -41.9267	  172.3210
12.411	 2.03	 1	 -43.4601	  172.9083
12.420	 2.41	 1	 -43.8937	  170.8752
12.420	 2.19	 1	 -43.6766	  169.3564
12.424	 2.03	 1	 -42.3056	  179.1172
12.427	 2.60	 1	 -41.8764	  172.3084
12.444	 2.11	 1	 -42.9534	  172.7359
12.453	 2.22	 1	 -42.6274	  173.4449
12.454	 2.11	 1	 -46.1640	  169.1337
12.519	 3.12	 1	 -43.7671	  172.8041
12.574	 2.17	 1	 -42.4785	  172.9729
12.606	 2.18	 1	 -42.3632	  173.5069
12.618	 2.86	 1	 -41.7531	  173.9650
12.629	 2.19	 1	 -44.0324	  174.2045
12.648	 2.62	 1	 -42.1456	  173.0053
12.667	 2.68	 1	 -43.8135	  172.6301
12.668	 2.89	 1	 -42.5685	  172.7670
12.681	 2.34	 1	 -42.8525	  172.9069
12.694	 2.14	 1	 -40.9878	  171.1891
12.709	 2.43	 1	 -44.5226	  175.9995
12.712	 4.41	 1	 -42.4464	  173.1568
12.715	 2.08	 1	 -42.1283	  172.1534
12.734	 2.50	 1	 -42.1515	  174.0594
12.749	 2.37	 1	 -38.5611	  170.6072
12.755	 2.99	 1	 -42.7878	  174.9026
12.767	 2.11	 1	 -42.1087	  172.9275
12.768	 2.13	 1	 -42.0173	  173.4903
12.795	 2.56	 1	 -43.9462	  173.1886
12.812	 2.03	 1	 -43.4562	  171.6094
12.812	 2.04	 1	 -42.6354	  173.6471
12.813	 2.10	 1	 -42.1403	  173.5805
12.814	 2.07	 1	 -44.2176	  171.5962
12.815	 2.14	 1	 -39.9022	  176.9741
12.820	 2.20	 1	 -42.2283	  173.0207
12.825	 2.17	 1	 -42.3497	  172.1539
12.836	 2.57	 1	 -42.6709	  172.4937
12.838	 2.87	 1	 -42.0709	  173.6122
12.844	 2.07	 1	 -39.5366	  172.6750
12.855	 2.93	 1	 -42.1419	  172.5088
12.861	 2.10	 1	 -42.9721	  173.8236
12.862	 3.74	 1	 -42.2024	  173.8239
12.868	 2.09	 1	 -43.5915	  173.9848
12.870	 2.82	 1	 -42.6733	  172.1218
12.890	 2.14	 1	 -42.8997	  174.8586
12.893	 2.47	 1	 -42.2870	  174.0098
12.901	 3.36	 1	 -42.5406	  174.5181
12.924	 2.48	 1	 -43.5392	  172.4341
12.963	 2.36	 1	 -39.5105	  168.6995
12.982	 3.44	 1	 -42.6758	  172.7841
13.025	 3.21	 1	 -45.7558	  173.7559
13.026	 2.05	 1	 -41.7277	  174.2765
13.044	 2.56	 1	 -47.1024	  171.8265
13.047	 2.08	 1	 -43.9900	  173.0241
13.059	 2.04	 1	 -42.5274	  173.9440
13.087	 3.71	 1	 -42.4447	  172.9448
13.095	 2.74	 1	 -40.5865	  172.0540
13.099	 2.15	 1	 -43.0343	  174.6573
13.120	 2.14	 1	 -42.6921	  172.7649
13.120	 2.12	 1	 -46.8618	  170.7307
13.132	 2.18	 1	 -41.3856	  167.1685
13.133	 2.39	 1	 -40.7547	  171.2500
13.142	 2.00	 1	 -42.0750	  172.4714
13.146	 2.23	 1	 -40.0600	  177.9819
13.159	 2.17	 1	 -42.4843	  173.6505
13.184	 2.09	 1	 -39.6941	  171.3387
13.214	 2.71	 1	 -42.7037	  167.1789
13.227	 2.53	 1	 -42.3822	  173.8448
13.231	 2.75	 1	 -42.3608	  173.2705
13.237	 2.26	 1	 -43.1737	  173.7650
13.260	 2.08	 1	 -42.0027	  173.2368
13.267	 2.19	 1	 -42.5587	  172.8793
13.278	 2.19	 1	 -43.2473	  170.0978
13.283	 2.13	 1	 -41.6544	  174.9960
13.302	 2.67	 1	 -42.9585	  172.4482
13.339	 3.17	 1	 -42.2489	  173.5403
13.342	 2.06	 1	 -44.9184	  167.7065
13.377	 2.57	 1	 -41.8875	  172.9564
13.384	 2.15	 1	 -41.7304	  171.8562
13.402	 2.09	 1	 -42.2053	  174.9076
13.419	 2.14	 1	 -39.4565	  177.2698
13.431	 2.46	 1	 -42.2086	  173.9600
13.436	 2.23	 1	 -44.1439	  171.4159
13.453	 2.16	 1	 -42.3929	  175.5514
13.470	 3.19	 1	 -41.9260	  173.7175
13.475	 2.18	 1	 -42.0158	  175.9136
13.511	 2.25	 1	 -38.5974	  175.5488
13.518	 2.13	 1	 -42.2756	  174.1037
13.518	 2.33	 1	 -44.3508	  172.0353
13.531	 2.05	 1	 -41.9258	  173.7265
13.547	 2.75	 1	 -42.1060	  173.0097
13.566	 2.24	 1	 -42.6622	  173.1446
13.573	 2.12	 1	 -43.6580	  173.7981
13.575	 2.59	 1	 -42.9490	  173.8075
13.580	 2.76	 1	 -46.8418	  170.6645
13.580	 2.10	 1	 -43.3096	  173.5164
13.587	 2.19	 1	 -42.6342	  172.4362
13.587	 2.02	 1	 -42.9439	  172.3263
13.588	 2.34	 1	 -39.6548	  173.9457
13.599	 2.03	 1	 -42.6639	  173.2344
13.663	 2.62	 1	 -45.2679	  175.0080
13.688	 2.08	 1	 -43.6777	  172.5262
13.725	 2.09	 1	 -43.5118	  171.4512
13.734	 3.44	 1	 -41.2625	  175.2611
13.743	 2.43	 1	 -42.1878	  173.9963
13.754	 3.29	 1	 -43.1276	  172.8071
13.777	 2.10	 1	 -42.5073	  173.6462
13.780	 2.53	 1	 -42.8678	  173.2213
13.788	 2.13	 1	 -42.6157	  172.6839
13.798	 2.23	 1	 -42.4824	  173.3223
13.807	 2.62	 1	 -43.4165	  173.2240
13.812	 2.14	 1	 -41.9220	  174.0983
13.818	 2.44	 1	 -41.0826	  173.2260
13.832	 2.40	 1	 -41.9522	  173.6847
13.833	 2.28	 1	 -42.7479	  171.8895
13.842	 2.76	 1	 -42.0288	  173.8185
13.847	 2.21	 1	 -43.5845	  173.8204
13.878	 2.21	 1	 -42.5066	  175.1132
13.896	 2.84	 1	 -43.1766	  172.9745
13.917	 2.02	 1	 -41.8157	  174.7036
13.922	 2.03	 1	 -42.7109	  173.5815
13.931	 2.01	 1	 -41.2199	  167.2417
13.934	 2.22	 1	 -41.9180	  174.0986
13.938	 2.06	 1	 -43.1596	  171.3865
13.945	 3.02	 1	 -40.4987	  171.7394
13.951	 2.80	 1	 -41.7365	  174.3138
13.964	 2.08	 1	 -41.5938	  173.1015
13.965	 2.18	 1	 -42.5502	  173.8972
13.973	 2.10	 1	 -42.5454	  174.0960
13.991	 2.92	 1	 -43.3707	  174.2362
13.993	 2.11	 1	 -42.7379	  173.4817
