# Simulation 756
# RelativeTime(days) Magnitude Generation Latitude Longitude
Time Mag Gen Lat Lon
0.501	 2.12	 1	 -43.0803	  174.8465
0.501	 2.43	 1	 -41.1213	  173.4376
0.502	 3.33	 1	 -41.9184	  174.1546
0.506	 2.21	 1	 -42.4843	  173.2760
0.507	 2.22	 1	 -41.7289	  174.4003
0.507	 2.12	 1	 -42.2697	  171.6095
0.509	 2.24	 1	 -42.7654	  172.7206
0.512	 2.12	 1	 -45.5479	  176.1194
0.513	 2.27	 1	 -41.8176	  174.0175
0.513	 2.14	 1	 -45.9599	  168.8190
0.514	 2.15	 1	 -42.0441	  173.6824
0.515	 2.67	 1	 -42.3364	  173.1039
0.515	 2.74	 1	 -42.3789	  173.6779
0.517	 2.37	 1	 -41.6837	  173.9950
0.517	 2.12	 1	 -42.6260	  175.6105
0.518	 2.21	 1	 -44.0304	  172.9812
0.519	 2.61	 1	 -41.9909	  173.7310
0.520	 2.20	 1	 -41.8159	  174.4187
0.521	 2.32	 1	 -41.7155	  174.2654
0.523	 3.30	 1	 -41.9129	  174.0978
0.523	 2.01	 1	 -39.8272	  168.3073
0.524	 2.35	 1	 -42.3678	  173.8677
0.525	 2.12	 1	 -42.2126	  173.3123
0.525	 2.88	 1	 -41.6973	  174.2554
0.526	 2.10	 1	 -42.6470	  172.4072
0.528	 3.79	 1	 -42.1650	  173.6263
0.528	 2.49	 1	 -40.4591	  178.0750
0.529	 2.16	 1	 -42.3542	  173.9452
0.530	 2.51	 1	 -41.7822	  174.2074
0.531	 2.23	 1	 -41.7974	  174.2287
0.531	 2.05	 1	 -41.8690	  173.4846
0.532	 2.06	 1	 -42.3505	  172.9114
0.535	 2.62	 1	 -45.1670	  178.1303
0.536	 2.47	 1	 -42.9378	  172.5734
0.536	 2.43	 1	 -42.3040	  173.0954
0.538	 2.72	 1	 -42.2999	  173.3934
0.538	 2.02	 1	 -42.7939	  172.9981
0.540	 2.14	 1	 -41.9768	  173.6030
0.541	 2.39	 1	 -42.2882	  173.6480
0.542	 2.70	 1	 -41.9314	  174.0077
0.543	 2.06	 1	 -42.1134	  173.9663
0.543	 2.30	 1	 -41.7506	  174.4085
0.544	 2.27	 1	 -42.7560	  173.7311
0.546	 2.09	 1	 -41.9909	  173.7143
0.547	 2.44	 1	 -41.6926	  174.2667
0.548	 2.10	 1	 -43.2987	  172.9924
0.549	 2.15	 1	 -42.0727	  173.7242
0.550	 2.63	 1	 -42.5564	  173.1363
0.550	 2.48	 1	 -41.8002	  173.9666
0.550	 2.32	 1	 -42.2864	  172.8932
0.550	 2.77	 1	 -42.5841	  173.4602
0.550	 2.06	 1	 -42.9225	  172.8761
0.551	 2.13	 1	 -42.9149	  173.0906
0.552	 2.02	 1	 -40.8498	  176.3406
0.553	 2.05	 1	 -42.1476	  173.6723
0.554	 2.81	 1	 -42.1986	  173.6323
0.556	 4.48	 1	 -42.4433	  173.6222
0.557	 3.32	 1	 -42.4574	  173.6264
0.558	 2.87	 1	 -41.9296	  173.7463
0.558	 2.09	 1	 -41.9604	  173.8164
0.559	 2.07	 1	 -42.5533	  171.8404
0.560	 2.23	 1	 -42.5328	  172.9825
0.560	 2.30	 1	 -42.0613	  173.8497
0.567	 2.03	 1	 -42.3063	  172.8984
0.567	 3.17	 1	 -42.7637	  173.5253
0.568	 2.10	 1	 -41.7270	  174.2861
0.569	 2.27	 1	 -42.3055	  173.6697
0.570	 2.02	 1	 -42.4947	  170.6818
0.576	 2.87	 1	 -42.6689	  172.7068
0.579	 2.05	 1	 -43.0883	  172.0081
0.579	 2.22	 1	 -43.9145	  173.3721
0.580	 2.14	 1	 -42.3086	  173.6055
0.580	 2.73	 1	 -41.7991	  174.0149
0.581	 3.39	 1	 -42.3425	  173.2479
0.581	 4.08	 1	 -41.7115	  174.2902
0.582	 2.37	 1	 -42.3694	  174.0378
0.584	 2.06	 1	 -41.7157	  174.3003
0.585	 2.01	 1	 -42.7035	  172.7764
0.585	 2.57	 1	 -42.6197	  172.8554
0.587	 3.02	 1	 -42.6177	  173.9422
0.589	 3.37	 1	 -41.7934	  174.2649
0.590	 2.39	 1	 -42.2280	  173.4898
0.591	 3.80	 1	 -42.7953	  172.9120
0.591	 2.15	 1	 -41.9783	  174.1118
0.592	 2.16	 1	 -42.5072	  173.1898
0.592	 2.08	 1	 -41.7619	  174.2668
0.593	 2.37	 1	 -42.3502	  173.7082
0.595	 2.01	 1	 -42.8617	  173.4295
0.596	 2.38	 1	 -42.0199	  172.9927
0.596	 2.22	 1	 -41.6757	  174.3184
0.597	 3.22	 1	 -40.1098	  168.0142
0.600	 2.07	 1	 -42.1413	  169.6827
0.601	 2.03	 1	 -42.2694	  173.6640
0.601	 2.13	 1	 -42.2754	  173.8381
0.604	 2.03	 1	 -42.4687	  174.0814
0.605	 2.10	 1	 -44.0236	  174.7702
0.606	 2.49	 1	 -43.3679	  173.2932
0.606	 2.20	 1	 -42.9273	  173.6195
0.608	 2.59	 1	 -42.5736	  173.0868
0.612	 2.22	 1	 -47.0089	  171.3073
0.613	 2.76	 1	 -43.3447	  172.6526
0.613	 2.01	 1	 -42.2747	  173.4511
0.614	 2.03	 1	 -42.8837	  173.1921
0.615	 2.62	 1	 -42.1368	  173.4681
0.616	 2.93	 1	 -42.6081	  172.9811
0.616	 3.46	 1	 -42.2581	  173.6749
0.618	 2.13	 1	 -42.4119	  172.5958
0.623	 2.21	 1	 -42.6724	  172.8785
0.623	 2.56	 1	 -41.6697	  171.8690
0.625	 2.09	 1	 -42.1866	  173.4907
0.626	 2.39	 1	 -41.9725	  173.6746
0.626	 2.82	 1	 -40.1233	  173.4463
0.626	 2.20	 1	 -42.5577	  172.8403
0.629	 2.18	 1	 -41.8783	  174.4109
0.630	 2.73	 1	 -42.8912	  172.1622
0.630	 2.35	 1	 -41.8135	  174.2731
0.632	 3.63	 1	 -43.0556	  179.6480
0.633	 2.37	 1	 -42.6677	  172.7775
0.634	 4.12	 1	 -41.7267	  174.2805
0.635	 2.06	 1	 -42.1839	  173.6794
0.636	 2.79	 1	 -42.6616	  172.6014
0.636	 2.06	 1	 -42.2764	  173.3823
0.636	 2.53	 1	 -41.7168	  174.2205
0.636	 2.29	 1	 -41.2338	  175.9394
0.638	 2.17	 1	 -43.2338	  171.8012
0.640	 2.10	 1	 -41.5662	  174.9018
0.643	 3.52	 1	 -43.3658	  173.1945
0.643	 2.71	 1	 -42.2542	  173.4834
0.647	 2.21	 1	 -44.2014	  171.7979
0.648	 2.44	 1	 -42.5062	  173.7453
0.648	 2.11	 1	 -42.2902	  173.6233
0.648	 2.04	 1	 -41.7401	  174.2408
0.650	 2.10	 1	 -41.7537	  174.2990
0.650	 3.36	 1	 -42.0110	  173.6665
0.653	 2.06	 1	 -42.3076	  173.9282
0.653	 3.69	 1	 -42.4756	  174.2445
0.653	 2.13	 1	 -41.8423	  173.4358
0.653	 2.16	 1	 -41.7686	  174.1932
0.655	 2.41	 1	 -42.6727	  172.4138
0.657	 2.34	 1	 -42.2763	  173.8399
0.658	 2.08	 1	 -41.8906	  174.1710
0.658	 2.35	 1	 -43.2688	  174.1114
0.659	 2.29	 1	 -42.4502	  173.4729
0.661	 2.23	 1	 -43.0869	  173.7600
0.662	 2.01	 1	 -42.6764	  172.9578
0.663	 2.16	 1	 -41.6929	  174.2766
0.664	 2.69	 1	 -43.6292	  173.8385
0.664	 2.78	 1	 -42.5874	  174.4800
0.665	 2.19	 1	 -41.7548	  174.1083
0.665	 2.11	 1	 -42.5104	  173.4039
0.667	 2.17	 1	 -42.0961	  173.4523
0.668	 2.44	 1	 -41.4726	  172.7580
0.669	 2.05	 1	 -41.7044	  174.0861
0.669	 2.86	 1	 -41.4478	  172.1402
0.669	 2.16	 1	 -42.7435	  172.9565
0.669	 2.14	 1	 -42.4912	  172.5858
0.669	 2.16	 1	 -42.9374	  173.3748
0.670	 2.50	 1	 -42.2511	  173.6510
0.674	 2.49	 1	 -42.6765	  172.9918
0.675	 2.41	 1	 -42.9531	  173.3092
0.676	 2.20	 1	 -42.6285	  173.7062
0.676	 2.20	 1	 -41.7628	  174.2577
0.677	 2.06	 1	 -42.0456	  173.6212
0.678	 2.39	 1	 -42.8418	  172.2229
0.680	 2.02	 1	 -42.3317	  174.0857
0.680	 2.71	 1	 -42.4254	  173.3689
0.680	 2.44	 1	 -42.0998	  173.6895
0.681	 2.29	 1	 -42.5706	  173.2232
0.682	 2.48	 1	 -41.9357	  173.7069
0.682	 2.24	 1	 -44.9796	  172.5728
0.684	 2.05	 1	 -42.0142	  173.8716
0.684	 2.65	 1	 -39.0005	  176.5143
0.688	 2.36	 1	 -41.9285	  171.6093
0.689	 2.21	 1	 -41.7531	  174.2874
0.690	 2.19	 1	 -42.9862	  172.3370
0.690	 2.37	 1	 -42.7285	  172.6693
0.691	 2.47	 1	 -42.4034	  173.8054
0.693	 2.13	 1	 -42.8081	  173.0679
0.696	 2.15	 1	 -42.1629	  173.6642
0.699	 2.02	 1	 -42.4790	  174.4801
0.702	 2.79	 1	 -42.6643	  173.1777
0.703	 2.11	 1	 -42.1704	  173.8170
0.703	 2.26	 1	 -42.2400	  173.6460
0.705	 2.48	 2	 -42.4897	  173.6123
0.707	 2.07	 1	 -42.8167	  172.6435
0.709	 2.29	 1	 -42.2967	  173.7287
0.714	 2.13	 1	 -41.7686	  174.1682
0.714	 2.55	 1	 -42.5355	  172.9977
0.716	 2.15	 1	 -42.6903	  173.1089
0.716	 2.35	 1	 -42.5335	  172.6968
0.716	 2.35	 1	 -41.6784	  174.2844
0.716	 2.21	 1	 -42.1654	  173.6470
0.717	 2.32	 2	 -42.5749	  173.0843
0.718	 2.20	 1	 -47.1807	  173.3976
0.718	 2.26	 1	 -41.7230	  174.2383
0.718	 2.74	 1	 -42.3316	  172.7619
0.719	 2.43	 1	 -42.3633	  172.8247
0.720	 2.77	 1	 -43.4348	  179.0560
0.721	 2.53	 1	 -42.1903	  173.2072
0.721	 2.28	 1	 -41.6875	  174.4572
0.722	 2.31	 1	 -42.8011	  172.8942
0.725	 2.13	 1	 -42.2878	  172.2373
0.727	 2.14	 1	 -42.7938	  172.5410
0.731	 2.24	 1	 -42.2561	  174.0706
0.731	 2.48	 1	 -42.3333	  173.1850
0.732	 2.13	 1	 -42.3614	  172.6724
0.733	 2.04	 1	 -42.2781	  173.8006
0.734	 2.73	 1	 -41.7180	  174.2724
0.734	 2.12	 1	 -42.6947	  172.3039
0.735	 2.47	 1	 -41.8595	  173.6083
0.735	 2.86	 1	 -41.8916	  173.8196
0.739	 2.33	 1	 -42.5166	  173.1597
0.742	 2.11	 1	 -42.3483	  174.0379
0.744	 2.02	 1	 -42.2174	  173.9009
0.745	 2.34	 1	 -42.3504	  173.2113
0.745	 2.02	 1	 -40.6453	  171.6935
0.747	 2.32	 1	 -42.8263	  171.4915
0.754	 2.73	 1	 -42.6839	  173.0862
0.755	 2.07	 1	 -42.1333	  173.4205
0.755	 2.61	 1	 -42.4451	  172.5597
0.756	 2.32	 1	 -42.8014	  174.1771
0.756	 2.10	 1	 -42.3987	  173.3526
0.757	 2.55	 1	 -41.9566	  173.7200
0.758	 2.60	 1	 -42.3198	  173.1373
0.759	 2.63	 1	 -42.2518	  173.6274
0.761	 4.55	 1	 -42.6439	  173.0059
0.762	 3.34	 1	 -41.3923	  173.2880
0.765	 3.25	 1	 -42.9831	  172.5554
0.765	 2.04	 1	 -41.9305	  174.2507
0.767	 2.38	 1	 -46.3889	  169.5384
0.767	 2.32	 1	 -42.2716	  173.6660
0.768	 2.15	 1	 -43.2932	  176.2725
0.769	 2.34	 1	 -42.3297	  173.1548
0.770	 2.51	 1	 -42.1186	  173.5529
0.770	 2.38	 1	 -41.9841	  173.2550
0.771	 2.02	 1	 -41.9967	  172.7742
0.771	 2.86	 1	 -46.6275	  175.9829
0.771	 2.93	 1	 -43.0704	  172.8900
0.772	 2.19	 1	 -41.6926	  174.2844
0.773	 2.82	 1	 -42.0179	  173.8032
0.774	 2.05	 1	 -42.2617	  173.4567
0.776	 2.91	 1	 -43.0223	  173.1687
0.779	 2.14	 1	 -42.7029	  172.9214
0.782	 2.11	 1	 -42.0585	  174.0530
0.784	 2.14	 1	 -41.7252	  174.2689
0.785	 2.10	 1	 -43.0578	  172.3468
0.786	 3.07	 1	 -38.6425	  174.3758
0.786	 2.52	 1	 -42.3274	  174.0359
0.786	 2.32	 1	 -41.9242	  173.5773
0.787	 2.36	 1	 -44.7726	  178.4460
0.789	 2.13	 1	 -42.5625	  173.4107
0.791	 2.47	 1	 -41.7168	  174.2116
0.791	 2.67	 1	 -41.7418	  174.2471
0.792	 2.15	 1	 -42.7516	  173.0338
0.792	 2.72	 1	 -42.6685	  172.9271
0.794	 2.01	 1	 -42.4922	  173.2260
0.794	 2.24	 1	 -42.1781	  173.4242
0.795	 2.40	 1	 -38.8190	  174.0016
0.796	 3.08	 1	 -41.7990	  174.0292
0.796	 2.36	 1	 -39.6684	  173.5899
0.799	 2.15	 1	 -42.6080	  171.9539
0.799	 2.15	 1	 -42.2573	  173.6830
0.801	 2.83	 1	 -46.3939	  169.5483
0.802	 2.04	 1	 -42.6604	  172.9589
0.806	 2.54	 1	 -41.8239	  174.0962
0.806	 2.37	 1	 -42.1975	  173.6939
0.806	 2.44	 1	 -42.2263	  173.5360
0.807	 2.57	 1	 -39.0691	  169.3994
0.808	 3.11	 1	 -41.7300	  174.1602
0.808	 2.04	 1	 -42.8826	  173.2514
0.809	 2.10	 1	 -41.8861	  174.0429
0.810	 2.03	 1	 -42.6853	  172.9017
0.816	 3.07	 1	 -42.8882	  175.5063
0.816	 3.15	 1	 -43.2116	  172.9666
0.817	 2.46	 1	 -42.3552	  174.2653
0.818	 3.85	 1	 -42.1363	  173.7644
0.819	 3.16	 1	 -41.9309	  174.2177
0.821	 2.61	 1	 -42.3653	  170.7915
0.821	 2.25	 1	 -42.3845	  173.8646
0.822	 2.44	 1	 -42.5452	  172.4720
0.828	 2.23	 1	 -42.6923	  174.6131
0.829	 2.28	 1	 -42.6370	  172.7747
0.834	 2.76	 1	 -40.7890	  171.9254
0.835	 2.18	 1	 -42.9479	  172.6315
0.836	 2.91	 1	 -42.2520	  173.4940
0.836	 2.06	 1	 -42.4535	  173.0205
0.839	 2.11	 1	 -41.7330	  174.6391
0.841	 2.69	 1	 -41.7612	  174.2210
0.841	 2.11	 1	 -40.9704	  178.6735
0.842	 2.78	 1	 -43.0052	  175.3491
0.844	 2.02	 1	 -42.4600	  173.2527
0.845	 2.19	 1	 -42.8659	  173.9650
0.847	 2.80	 1	 -42.3949	  173.4456
0.850	 2.09	 1	 -41.9908	  173.5674
0.851	 2.30	 1	 -42.2240	  173.5863
0.851	 2.35	 1	 -41.7344	  174.2018
0.854	 2.07	 1	 -41.5798	  173.9481
0.856	 2.59	 1	 -42.9404	  173.9226
0.857	 2.28	 1	 -42.6169	  173.8086
0.859	 5.08	 1	 -41.7021	  174.2625
0.859	 2.53	 1	 -39.2832	  169.0331
0.862	 2.37	 1	 -42.8394	  173.2952
0.862	 2.11	 1	 -41.8064	  174.1125
0.863	 2.14	 1	 -42.5166	  173.0982
0.864	 2.62	 1	 -42.6130	  173.3979
0.864	 2.12	 1	 -42.6176	  173.7990
0.865	 3.51	 1	 -42.2271	  172.6231
0.865	 2.28	 1	 -42.3638	  173.9932
0.867	 2.08	 1	 -43.3777	  173.2225
0.870	 2.81	 1	 -41.8422	  174.7408
0.871	 2.10	 1	 -41.8721	  173.9174
0.874	 2.33	 1	 -43.3577	  172.8048
0.874	 2.16	 1	 -42.2160	  172.3956
0.875	 3.84	 1	 -42.4356	  174.8675
0.875	 2.03	 1	 -43.0493	  172.6072
0.876	 2.12	 1	 -42.5832	  173.0055
0.877	 2.11	 1	 -43.1210	  173.1319
0.877	 2.04	 1	 -42.3501	  173.8009
0.878	 2.12	 1	 -42.3903	  173.3989
0.880	 2.83	 1	 -41.7721	  173.5090
0.881	 2.21	 1	 -42.7740	  173.2701
0.883	 3.71	 1	 -42.3587	  173.4971
0.883	 2.17	 1	 -42.3855	  173.5809
0.884	 4.28	 1	 -42.4468	  174.0253
0.888	 2.65	 1	 -43.3460	  173.5067
0.890	 2.00	 1	 -41.6856	  174.2741
0.891	 2.20	 1	 -42.9211	  173.1160
0.893	 2.44	 1	 -43.7878	  172.1350
0.893	 2.11	 1	 -42.4887	  173.2593
0.894	 2.33	 1	 -42.2971	  173.6755
0.894	 2.82	 1	 -42.1428	  173.7906
0.900	 2.10	 1	 -42.2891	  173.7920
0.900	 3.85	 1	 -43.7459	  173.1689
0.901	 2.14	 1	 -42.4464	  173.4115
0.905	 3.08	 1	 -41.7027	  174.3039
0.907	 2.30	 1	 -43.6633	  175.7754
0.908	 2.94	 1	 -42.3341	  173.4888
0.908	 2.12	 1	 -42.6893	  173.1747
0.908	 2.12	 1	 -42.3418	  173.8829
0.911	 2.70	 1	 -42.8415	  172.8631
0.912	 2.82	 1	 -42.4325	  171.2695
0.912	 2.27	 1	 -42.9978	  173.0735
0.913	 3.10	 1	 -41.3890	  176.7791
0.920	 2.41	 1	 -42.6606	  173.5797
0.920	 2.03	 1	 -42.5583	  173.1706
0.921	 2.38	 1	 -41.7053	  174.2218
0.922	 2.77	 1	 -42.5285	  173.0540
0.922	 2.33	 1	 -42.3356	  173.6762
0.923	 2.29	 1	 -42.4727	  173.1904
0.924	 2.03	 1	 -42.2620	  172.4978
0.925	 2.85	 1	 -42.5144	  173.1401
0.931	 2.05	 1	 -42.2539	  173.6001
0.933	 2.29	 1	 -42.7559	  173.1084
0.934	 2.17	 1	 -42.1367	  173.5029
0.936	 2.21	 1	 -43.2429	  172.9050
0.937	 2.31	 1	 -43.2696	  174.4034
0.938	 2.04	 1	 -45.2744	  169.5200
0.940	 2.33	 1	 -40.5986	  178.0373
0.944	 2.30	 1	 -42.7866	  173.1290
0.945	 2.83	 1	 -43.3370	  174.2253
0.947	 2.45	 1	 -41.8927	  173.8392
0.951	 3.19	 1	 -42.1677	  173.3662
0.952	 2.06	 1	 -42.3258	  173.8754
0.953	 2.02	 1	 -41.9098	  173.9527
0.954	 2.64	 1	 -42.2014	  173.6578
0.958	 2.71	 1	 -41.6292	  174.1548
0.959	 3.84	 1	 -42.6627	  173.1328
0.960	 2.77	 1	 -44.2542	  174.3184
0.964	 2.34	 1	 -44.3368	  178.7163
0.964	 3.49	 1	 -42.5261	  173.1546
0.965	 2.64	 1	 -42.4704	  173.8448
0.965	 2.50	 1	 -42.4614	  173.1761
0.966	 4.10	 1	 -42.3136	  173.4981
0.966	 2.57	 1	 -43.4527	  172.4541
0.968	 2.22	 1	 -42.3051	  173.6297
0.968	 2.19	 1	 -42.0692	  174.0831
0.969	 2.23	 1	 -42.3188	  173.4643
0.970	 2.32	 1	 -42.4047	  172.1875
0.976	 2.65	 1	 -42.2617	  173.9472
0.976	 2.36	 1	 -42.1451	  173.5697
0.977	 2.25	 1	 -42.7702	  173.4385
0.986	 3.79	 1	 -43.2647	  173.2593
0.987	 2.51	 1	 -41.7821	  174.2636
0.988	 2.13	 1	 -41.9951	  173.6546
0.996	 2.02	 1	 -42.6944	  171.5078
0.998	 2.28	 1	 -42.2486	  173.5673
0.999	 2.02	 1	 -42.4734	  173.2323
0.999	 2.25	 1	 -42.6490	  173.4511
1.002	 2.34	 1	 -40.6614	  175.0162
1.003	 2.60	 1	 -42.3005	  173.0251
1.004	 2.03	 1	 -43.1448	  172.7183
1.006	 2.44	 1	 -41.8032	  174.0600
1.009	 2.21	 1	 -43.8849	  171.4825
1.009	 2.08	 1	 -42.7165	  171.4810
1.009	 2.30	 1	 -42.0543	  173.8011
1.011	 2.44	 1	 -42.2375	  173.5727
1.012	 2.81	 2	 -42.3113	  173.5073
1.012	 2.50	 1	 -43.0327	  173.3500
1.012	 2.23	 1	 -42.1408	  173.1880
1.013	 2.48	 1	 -43.6478	  172.8753
1.014	 2.80	 1	 -42.1330	  173.8124
1.019	 3.51	 1	 -42.2785	  172.7086
1.021	 2.38	 1	 -42.8121	  171.8396
1.022	 2.43	 1	 -42.6773	  173.3828
1.025	 2.05	 1	 -41.8593	  172.3622
1.025	 2.89	 1	 -42.4590	  173.4509
1.025	 2.23	 1	 -42.6472	  172.9427
1.026	 2.55	 1	 -42.5451	  174.0996
1.026	 2.09	 1	 -42.8312	  178.3017
1.027	 2.35	 1	 -41.6648	  174.5062
1.028	 4.13	 1	 -41.8254	  174.2534
1.031	 2.68	 1	 -42.9989	  172.3371
1.033	 2.02	 1	 -42.6255	  173.0490
1.036	 2.29	 1	 -41.8464	  174.2084
1.039	 2.37	 1	 -41.7402	  174.2786
1.040	 2.28	 1	 -42.8443	  172.7476
1.042	 2.88	 1	 -46.2545	  175.8176
1.042	 3.06	 1	 -42.3347	  173.9093
1.046	 2.46	 2	 -42.3099	  173.8833
1.046	 2.19	 1	 -42.5161	  174.3553
1.047	 3.06	 1	 -42.8603	  172.9521
1.048	 2.45	 1	 -42.0204	  173.6393
1.048	 2.40	 1	 -42.3711	  173.5319
1.053	 3.41	 1	 -42.3274	  173.8251
1.056	 2.58	 1	 -43.0438	  173.1279
1.058	 2.00	 1	 -44.4965	  174.0228
1.058	 2.73	 1	 -38.1968	  172.8994
1.059	 3.23	 1	 -42.0290	  172.7224
1.059	 2.62	 1	 -43.0963	  172.6192
1.062	 2.28	 1	 -41.3709	  171.0264
1.063	 2.39	 1	 -42.5806	  173.0248
1.064	 2.00	 1	 -41.8351	  174.1380
1.064	 2.59	 1	 -44.2847	  173.5283
1.065	 2.19	 1	 -42.5969	  173.2039
1.066	 2.00	 1	 -42.0532	  173.9492
1.067	 2.40	 1	 -38.2977	  176.7388
1.071	 2.99	 1	 -41.4435	  174.3438
1.073	 2.18	 1	 -42.4099	  173.0524
1.074	 2.85	 1	 -38.1982	  172.8265
1.077	 2.14	 1	 -42.3281	  174.3418
1.080	 2.34	 1	 -42.7882	  170.9260
1.080	 2.06	 1	 -42.8127	  171.9543
1.082	 2.23	 1	 -43.1274	  173.8709
1.082	 3.11	 1	 -42.3807	  173.2463
1.082	 2.37	 1	 -42.1722	  173.0022
1.086	 2.17	 1	 -43.2925	  172.1443
1.087	 2.17	 1	 -41.6104	  174.2694
1.087	 2.51	 1	 -42.3055	  173.8524
1.088	 2.96	 1	 -43.7749	  173.0946
1.089	 2.35	 1	 -42.0611	  173.6775
1.091	 2.70	 1	 -40.9121	  171.4226
1.093	 3.11	 1	 -41.7123	  174.2813
1.094	 2.26	 1	 -42.4102	  172.5435
1.094	 2.85	 1	 -39.4640	  170.2097
1.094	 3.09	 1	 -42.3004	  173.7352
1.095	 2.37	 1	 -42.1485	  173.6793
1.096	 2.38	 1	 -42.6391	  172.7998
1.099	 2.23	 1	 -42.5868	  172.7230
1.100	 2.12	 1	 -42.4065	  173.4613
1.103	 2.13	 1	 -42.6320	  172.7843
1.104	 2.25	 1	 -42.6407	  173.0986
1.105	 2.09	 1	 -41.9569	  173.9962
1.105	 2.20	 1	 -41.7329	  174.3389
1.107	 2.30	 1	 -42.1146	  173.7003
1.114	 2.02	 2	 -42.2442	  173.6357
1.114	 2.12	 1	 -43.0983	  172.8335
1.115	 2.37	 1	 -42.4336	  173.6662
1.116	 2.12	 1	 -42.6597	  172.8021
1.116	 2.26	 1	 -42.2278	  173.8776
1.117	 2.18	 1	 -38.2564	  172.0226
1.120	 2.40	 1	 -42.5786	  173.1384
1.123	 2.32	 1	 -43.9155	  174.7594
1.126	 2.71	 1	 -42.1149	  173.0474
1.132	 2.60	 1	 -41.9539	  173.6963
1.134	 2.17	 1	 -42.5507	  173.0692
1.141	 2.06	 1	 -43.8439	  172.1285
1.142	 2.36	 1	 -42.6389	  172.8991
1.147	 2.34	 1	 -41.9870	  171.9758
1.147	 2.31	 1	 -41.6716	  174.2926
1.149	 2.39	 1	 -44.7823	  172.5322
1.150	 4.16	 1	 -42.5858	  173.0454
1.154	 2.41	 1	 -42.0006	  173.9392
1.158	 2.31	 1	 -42.0519	  173.5762
1.162	 2.27	 1	 -43.8319	  174.0464
1.162	 2.05	 1	 -41.6823	  174.1337
1.164	 2.58	 1	 -41.7081	  173.9381
1.164	 2.10	 1	 -43.0845	  176.0971
1.164	 2.29	 1	 -42.2834	  173.5882
1.174	 2.02	 1	 -41.6713	  174.2792
1.174	 3.14	 1	 -42.3118	  173.8203
1.174	 2.06	 1	 -42.3158	  173.8521
1.177	 2.19	 1	 -42.5234	  170.2066
1.177	 2.17	 1	 -42.0501	  173.8569
1.179	 2.96	 1	 -43.8087	  171.5315
1.180	 2.13	 1	 -42.2601	  173.0411
1.181	 2.02	 1	 -41.9068	  173.7216
1.187	 2.86	 1	 -42.9996	  170.4480
1.187	 2.18	 1	 -41.7704	  172.8534
1.188	 3.03	 1	 -41.6623	  174.2521
1.191	 2.26	 1	 -42.2554	  173.5410
1.192	 2.39	 1	 -42.3751	  172.8246
1.193	 2.62	 1	 -42.6919	  172.7900
1.197	 2.38	 1	 -42.4300	  173.3842
1.198	 2.04	 1	 -41.8378	  174.1649
1.202	 2.14	 1	 -42.6010	  172.8840
1.203	 2.19	 1	 -42.2928	  173.5869
1.204	 2.05	 1	 -42.3828	  173.3689
1.206	 2.79	 2	 -41.7064	  174.2523
1.206	 2.17	 1	 -42.4770	  173.3223
1.208	 2.47	 1	 -43.0613	  172.2760
1.208	 2.04	 1	 -42.9594	  173.1036
1.210	 2.78	 1	 -42.6660	  173.1102
1.212	 2.98	 1	 -42.8919	  172.9782
1.216	 2.44	 1	 -42.1753	  172.9976
1.224	 2.37	 1	 -42.5231	  173.9247
1.226	 2.24	 1	 -42.4474	  173.7772
1.227	 2.81	 1	 -41.5187	  174.0408
1.228	 2.13	 1	 -42.6414	  172.2003
1.229	 2.10	 2	 -41.5843	  174.4794
1.233	 2.45	 1	 -41.7588	  174.3570
1.235	 2.22	 1	 -41.0943	  174.5948
1.238	 2.94	 1	 -42.3302	  174.3520
1.240	 2.29	 1	 -43.6189	  172.8225
1.240	 2.36	 1	 -42.3906	  174.0495
1.245	 2.12	 1	 -42.4636	  173.1307
1.247	 2.15	 1	 -42.3994	  173.1796
1.249	 3.30	 1	 -41.6613	  174.1946
1.252	 2.27	 1	 -42.3326	  173.4418
1.253	 3.41	 1	 -41.2255	  174.2142
1.255	 2.48	 2	 -42.5852	  173.0440
1.256	 2.06	 1	 -42.4899	  173.1628
1.258	 2.32	 1	 -41.8040	  174.2178
1.258	 2.50	 1	 -41.6467	  174.4330
1.259	 2.75	 1	 -41.8032	  174.2278
1.261	 2.14	 1	 -42.2001	  173.0803
1.265	 2.26	 1	 -41.6954	  171.3318
1.267	 2.15	 1	 -41.7451	  174.8965
1.267	 3.86	 1	 -42.4958	  173.6195
1.268	 2.06	 1	 -43.0353	  173.1776
1.269	 2.43	 1	 -42.9155	  172.1936
1.270	 3.26	 1	 -41.8038	  174.2097
1.270	 2.53	 1	 -42.4494	  173.5693
1.271	 2.76	 1	 -42.2896	  173.5130
1.271	 2.50	 1	 -42.5552	  172.5641
1.272	 2.44	 1	 -41.8000	  174.2144
1.273	 2.25	 1	 -42.0140	  172.6995
1.286	 2.12	 1	 -42.2253	  173.6734
1.286	 2.87	 1	 -43.1326	  174.7474
1.288	 2.55	 1	 -42.6860	  172.7302
1.293	 2.31	 1	 -46.7618	  175.6252
1.294	 2.08	 1	 -42.0111	  173.0356
1.296	 2.34	 1	 -42.2460	  173.8909
1.298	 2.37	 1	 -41.9681	  173.6966
1.305	 2.17	 1	 -42.7268	  172.7766
1.306	 2.30	 1	 -45.2313	  171.6925
1.308	 2.84	 1	 -42.4063	  173.0950
1.310	 2.47	 1	 -40.4703	  174.2885
1.311	 2.58	 1	 -41.6951	  174.3129
1.311	 2.12	 1	 -38.5270	  170.7180
1.311	 2.22	 1	 -42.3988	  173.3165
1.312	 2.15	 1	 -42.3224	  173.4843
1.314	 2.38	 1	 -42.1758	  173.9051
1.318	 2.02	 1	 -42.1826	  173.5891
1.320	 2.31	 1	 -42.3876	  173.4200
1.321	 2.02	 1	 -41.7388	  174.2777
1.321	 2.02	 1	 -41.8166	  174.3239
1.326	 2.84	 1	 -42.4136	  173.7756
1.329	 2.67	 1	 -42.3300	  173.1064
1.330	 2.26	 1	 -42.6332	  172.5139
1.334	 2.01	 1	 -42.3436	  173.6069
1.338	 2.99	 1	 -45.2612	  171.9860
1.339	 2.27	 1	 -42.8456	  172.7459
1.340	 2.74	 1	 -42.5273	  173.8786
1.340	 2.13	 1	 -43.1704	  173.4269
1.341	 3.30	 1	 -42.4302	  173.1584
1.342	 2.35	 1	 -42.5568	  173.0379
1.344	 2.55	 1	 -42.0966	  172.8925
1.344	 2.06	 1	 -43.6957	  172.7436
1.347	 2.36	 1	 -41.7693	  174.2021
1.347	 2.95	 1	 -42.2712	  173.5902
1.347	 2.38	 1	 -42.6053	  171.7893
1.350	 2.05	 1	 -41.6903	  174.2002
1.351	 2.39	 1	 -42.2190	  173.6015
1.354	 2.09	 1	 -43.0646	  172.5354
1.355	 2.11	 1	 -43.5617	  172.5332
1.360	 2.69	 1	 -42.6716	  173.4177
1.362	 2.72	 1	 -41.9493	  173.6825
1.362	 2.02	 1	 -42.7895	  172.9882
1.366	 2.21	 1	 -41.5957	  174.3653
1.369	 2.63	 1	 -44.0062	  174.3049
1.372	 2.61	 1	 -41.1798	  172.0964
1.372	 2.05	 1	 -42.2963	  173.7008
1.373	 2.40	 1	 -42.0177	  173.6162
1.373	 3.32	 1	 -41.7945	  174.2328
1.374	 3.06	 1	 -41.5570	  173.9046
1.378	 2.18	 1	 -42.2561	  173.9422
1.380	 2.21	 1	 -42.8030	  173.7473
1.382	 2.96	 1	 -43.1529	  172.9980
1.384	 2.03	 1	 -42.6423	  172.9300
1.385	 2.81	 1	 -42.5537	  173.2143
1.387	 2.03	 1	 -42.1723	  173.1211
1.391	 2.05	 1	 -42.0383	  172.5160
1.395	 3.62	 1	 -41.6947	  174.2125
1.397	 2.10	 1	 -42.2165	  173.6312
1.397	 2.26	 1	 -42.2379	  173.5948
1.398	 2.38	 1	 -41.9621	  174.6510
1.399	 2.30	 1	 -41.8170	  174.4096
1.403	 2.25	 1	 -42.3259	  173.9224
1.404	 2.20	 1	 -43.8305	  174.2368
1.407	 2.45	 1	 -41.7253	  173.8657
1.411	 2.72	 1	 -42.4440	  172.8237
1.413	 2.11	 1	 -42.6229	  172.9393
1.413	 2.22	 1	 -42.4140	  173.7132
1.417	 2.00	 1	 -44.7430	  172.1959
1.419	 2.17	 1	 -41.7110	  174.2856
1.424	 2.06	 1	 -42.5096	  173.3732
1.428	 2.20	 1	 -42.3119	  174.0322
1.434	 2.49	 1	 -42.7872	  172.8940
1.436	 2.14	 1	 -42.2883	  173.6921
1.440	 3.28	 1	 -41.4364	  172.7964
1.446	 2.15	 1	 -42.1836	  173.6374
1.447	 2.46	 1	 -42.5743	  172.6326
1.448	 2.39	 1	 -42.4772	  169.8534
1.449	 2.15	 1	 -43.4025	  173.4181
1.457	 2.83	 1	 -42.0010	  173.6346
1.465	 2.51	 1	 -42.6263	  172.8873
1.467	 3.70	 1	 -42.4117	  173.3907
1.467	 2.09	 1	 -42.3149	  172.0967
1.467	 2.39	 1	 -42.5776	  172.8751
1.479	 2.25	 1	 -42.2802	  173.7795
1.480	 2.26	 1	 -42.9511	  174.4233
1.482	 2.95	 1	 -41.8833	  173.8295
1.483	 2.44	 1	 -42.5327	  173.1618
1.490	 2.23	 1	 -42.5957	  173.2648
1.494	 2.27	 1	 -42.8310	  172.7652
1.497	 2.02	 1	 -41.7007	  174.2693
1.510	 2.21	 1	 -42.3581	  173.4988
1.515	 4.14	 1	 -42.2930	  173.2186
1.519	 2.16	 1	 -42.2308	  173.4490
1.525	 2.16	 1	 -38.9917	  170.0508
1.525	 2.12	 1	 -42.7107	  172.8157
1.526	 2.79	 1	 -42.9153	  173.1667
1.535	 4.63	 1	 -42.3731	  172.8893
1.544	 2.98	 1	 -42.4382	  173.4484
1.548	 2.24	 1	 -42.4058	  173.5831
1.551	 2.33	 1	 -42.4700	  173.3956
1.552	 2.17	 1	 -43.8670	  167.1167
1.553	 2.32	 1	 -42.6451	  173.3119
1.555	 2.73	 1	 -42.2670	  173.9111
1.557	 2.12	 1	 -42.5917	  173.6911
1.558	 2.08	 1	 -41.9739	  173.2827
1.560	 2.19	 1	 -41.9916	  173.3621
1.562	 2.60	 1	 -43.8004	  174.8583
1.569	 2.40	 1	 -42.2123	  173.8906
1.572	 2.53	 1	 -42.7152	  173.2759
1.577	 2.25	 1	 -43.8028	  173.9281
1.581	 2.75	 1	 -42.1802	  171.8605
1.584	 2.66	 1	 -42.4060	  173.9140
1.586	 2.20	 1	 -42.4800	  172.8721
1.586	 3.88	 1	 -42.9372	  173.1401
1.590	 3.96	 1	 -42.6655	  172.6906
1.596	 2.02	 1	 -42.4306	  173.2971
1.596	 2.14	 1	 -41.7090	  174.2807
1.596	 2.36	 1	 -42.0882	  173.7048
1.597	 2.22	 1	 -42.1407	  173.8376
1.604	 2.64	 1	 -42.8838	  172.9301
1.605	 2.07	 2	 -39.4645	  170.2126
1.605	 2.51	 1	 -41.7104	  174.3406
1.611	 2.78	 1	 -41.8535	  174.1704
1.614	 2.12	 1	 -42.4486	  172.8170
1.619	 2.17	 2	 -41.8594	  174.1914
1.621	 2.60	 1	 -42.8798	  173.6951
1.622	 2.08	 1	 -42.4066	  173.5338
1.633	 2.05	 1	 -43.4594	  172.8438
1.634	 2.15	 1	 -42.5044	  173.0254
1.635	 2.16	 1	 -42.7035	  172.8142
1.636	 2.06	 1	 -42.0027	  173.8450
1.643	 3.61	 1	 -42.8019	  172.7191
1.643	 2.02	 1	 -42.1666	  173.4397
1.643	 2.10	 1	 -41.7859	  174.2605
1.651	 2.43	 1	 -42.0315	  173.7826
1.652	 3.53	 2	 -41.6943	  174.3120
1.654	 2.67	 1	 -42.5222	  173.2588
1.661	 3.24	 1	 -41.6505	  174.4086
1.663	 2.07	 1	 -42.4066	  173.3419
1.666	 2.83	 1	 -42.3662	  173.5980
1.667	 2.50	 1	 -44.2740	  170.8201
1.667	 2.33	 1	 -43.0294	  172.3533
1.668	 2.39	 1	 -42.6545	  173.2482
1.678	 2.32	 1	 -41.4322	  175.8889
1.681	 3.39	 1	 -41.9257	  173.6123
1.685	 2.06	 1	 -42.6789	  172.8254
1.687	 3.05	 1	 -42.6764	  172.9684
1.687	 2.55	 1	 -41.7859	  174.1916
1.688	 2.01	 1	 -42.0495	  173.7385
1.689	 2.46	 1	 -40.2742	  176.1215
1.692	 2.35	 1	 -42.7844	  173.0031
1.698	 2.46	 1	 -42.9995	  171.3753
1.706	 2.69	 1	 -42.8099	  172.5537
1.708	 3.37	 1	 -41.5429	  174.0093
1.709	 2.82	 1	 -42.5443	  173.0484
1.709	 2.31	 1	 -42.6865	  172.8570
1.716	 2.05	 1	 -41.7521	  174.1445
1.718	 2.50	 1	 -40.0896	  173.3860
1.718	 2.02	 1	 -42.9687	  173.2957
1.722	 2.05	 1	 -42.5097	  173.2143
1.726	 2.29	 2	 -42.4106	  173.3697
1.727	 2.38	 1	 -41.8346	  174.2624
1.729	 2.25	 1	 -41.1886	  173.5211
1.733	 3.02	 1	 -45.2812	  168.0198
1.737	 2.28	 1	 -42.1602	  173.6951
1.739	 2.16	 1	 -42.2676	  172.9326
1.741	 2.01	 1	 -42.1521	  173.8192
1.742	 2.43	 1	 -42.2817	  172.8738
1.742	 2.57	 1	 -40.5765	  173.5916
1.742	 2.45	 1	 -41.8572	  173.9974
1.747	 2.56	 1	 -42.2103	  173.8145
1.750	 2.59	 1	 -42.1804	  173.7160
1.752	 2.47	 2	 -42.4749	  173.3642
1.754	 2.40	 1	 -41.6929	  174.3263
1.756	 2.32	 1	 -43.1214	  174.1299
1.757	 2.50	 1	 -42.4334	  173.7768
1.764	 2.06	 1	 -42.8266	  172.7712
1.765	 3.03	 1	 -42.9453	  173.0383
1.766	 2.27	 1	 -42.5475	  173.6300
1.766	 2.24	 1	 -41.7621	  174.3630
1.774	 2.17	 1	 -41.4257	  174.1174
1.775	 2.20	 1	 -41.7670	  173.9073
1.776	 2.40	 1	 -42.0546	  173.5941
1.781	 2.26	 1	 -42.5038	  173.7253
1.785	 2.24	 1	 -41.7276	  174.3960
1.790	 3.35	 1	 -41.5067	  173.4040
1.792	 2.33	 1	 -41.7785	  174.2253
1.799	 2.10	 1	 -42.4139	  173.2360
1.800	 2.76	 1	 -44.3836	  167.3535
1.802	 2.42	 2	 -42.6399	  173.0162
1.809	 2.21	 1	 -42.1166	  173.6540
1.816	 2.41	 1	 -42.0094	  174.2195
1.816	 2.13	 1	 -42.3551	  173.0747
1.820	 2.46	 1	 -42.1437	  173.5834
1.824	 2.89	 1	 -43.4055	  171.2249
1.827	 2.14	 1	 -41.8523	  174.1810
1.830	 2.50	 2	 -42.2714	  173.4817
1.831	 2.21	 1	 -43.1284	  173.4535
1.832	 2.39	 1	 -44.7825	  172.6220
1.833	 2.11	 1	 -42.5461	  173.7208
1.835	 2.17	 1	 -42.1211	  173.6518
1.836	 2.00	 2	 -42.4035	  172.9289
1.838	 2.11	 1	 -42.3312	  173.8318
1.839	 2.16	 1	 -42.2250	  173.6708
1.841	 2.34	 1	 -42.2798	  172.9818
1.854	 2.10	 1	 -42.2892	  173.5438
1.854	 2.32	 1	 -42.1256	  172.8577
1.855	 2.79	 1	 -44.8619	  169.1290
1.856	 2.67	 1	 -44.4713	  173.9808
1.859	 2.44	 1	 -42.7982	  172.0695
1.860	 2.31	 1	 -42.3726	  173.7458
1.865	 2.36	 1	 -41.8195	  174.2714
1.867	 2.03	 1	 -42.6514	  172.3842
1.869	 2.99	 1	 -42.2689	  173.3685
1.874	 2.08	 1	 -41.6239	  173.8178
1.878	 2.68	 1	 -41.7972	  174.0342
1.879	 3.39	 1	 -43.0743	  172.7312
1.880	 2.15	 1	 -42.2610	  173.5619
1.882	 3.08	 1	 -42.6528	  172.8551
1.883	 2.43	 1	 -42.6787	  173.1391
1.888	 2.64	 1	 -42.6242	  172.3285
1.896	 2.62	 1	 -41.8441	  172.8533
1.898	 2.30	 1	 -42.2255	  173.8604
1.899	 2.62	 1	 -42.5124	  173.7754
1.899	 2.70	 1	 -43.0371	  172.9678
1.902	 2.13	 1	 -44.3974	  170.2630
1.903	 3.20	 1	 -47.0333	  174.6190
1.903	 2.52	 1	 -42.0953	  173.6729
1.905	 3.11	 1	 -41.6836	  174.1554
1.906	 2.21	 1	 -42.5225	  172.9824
1.908	 2.57	 1	 -41.9065	  174.0949
1.910	 3.07	 1	 -40.5746	  172.5021
1.915	 2.05	 1	 -42.2531	  173.5623
1.918	 2.19	 1	 -43.2295	  169.4825
1.920	 2.16	 1	 -41.8684	  174.3080
1.921	 2.49	 1	 -42.3242	  173.6035
1.922	 2.10	 1	 -42.7316	  173.8693
1.925	 2.46	 2	 -42.8205	  172.7466
1.930	 2.86	 1	 -42.9897	  171.8967
1.930	 2.34	 1	 -41.8945	  172.4857
1.930	 2.32	 1	 -42.6828	  173.0806
1.932	 2.32	 1	 -41.9176	  174.2602
1.933	 2.23	 1	 -42.0296	  174.1046
1.937	 2.65	 1	 -42.2881	  174.1376
1.947	 2.17	 1	 -43.2962	  172.7706
1.950	 2.46	 1	 -40.2549	  172.9786
1.950	 2.73	 1	 -42.5773	  173.1367
1.955	 2.42	 1	 -42.9365	  173.3859
1.956	 3.66	 2	 -42.4646	  174.1895
1.962	 2.76	 1	 -42.5847	  174.0318
1.962	 2.23	 1	 -42.4999	  173.1066
1.962	 2.02	 2	 -42.3713	  173.7418
1.963	 2.13	 1	 -40.9692	  170.5968
1.964	 2.80	 1	 -42.4781	  172.9944
1.965	 2.09	 1	 -41.9706	  173.7330
1.966	 2.03	 1	 -41.6808	  174.0942
1.967	 2.31	 1	 -42.1853	  173.8754
1.969	 2.13	 1	 -41.7498	  174.0858
1.970	 2.39	 1	 -41.4268	  174.4092
1.973	 2.29	 1	 -41.9177	  174.3109
1.976	 2.38	 1	 -43.1310	  173.0004
1.976	 2.25	 1	 -42.6277	  171.9923
1.978	 2.62	 1	 -40.6545	  177.3371
1.981	 3.32	 1	 -42.9195	  173.4395
1.982	 3.08	 1	 -42.5803	  172.0305
1.984	 2.24	 1	 -45.5862	  177.5203
1.987	 2.05	 1	 -42.3292	  174.1387
1.995	 2.26	 1	 -42.3238	  173.0365
1.996	 3.20	 1	 -42.4842	  174.1632
2.004	 2.04	 1	 -41.9913	  173.1717
2.006	 2.93	 1	 -42.0535	  173.6978
2.009	 2.47	 1	 -42.6886	  172.7945
2.010	 2.00	 1	 -42.7282	  172.6543
2.012	 2.05	 1	 -42.1707	  173.6034
2.013	 2.49	 1	 -42.6733	  173.1279
2.015	 3.40	 1	 -42.2219	  173.6241
2.019	 2.18	 1	 -42.3430	  172.7525
2.027	 2.54	 1	 -41.8107	  174.1883
2.031	 2.02	 1	 -42.2777	  173.4769
2.033	 2.82	 1	 -42.0899	  170.2474
2.036	 2.03	 1	 -42.2375	  173.6096
2.042	 2.33	 1	 -42.7253	  173.3385
2.043	 2.80	 1	 -42.0669	  173.7448
2.056	 2.31	 1	 -41.7320	  174.3416
2.061	 2.82	 1	 -42.6617	  173.5566
2.065	 3.15	 1	 -41.6508	  174.2178
2.075	 2.15	 1	 -42.5907	  172.9317
2.075	 2.36	 1	 -42.0632	  173.8634
2.077	 2.64	 1	 -42.4733	  173.0517
2.078	 3.09	 1	 -41.9569	  173.8472
2.084	 2.52	 1	 -43.2529	  173.6618
2.089	 2.81	 1	 -46.9128	  170.9106
2.091	 2.49	 1	 -41.3533	  174.3865
2.093	 2.60	 2	 -42.3010	  173.1989
2.095	 2.27	 1	 -42.5062	  174.3716
2.097	 2.13	 1	 -46.2215	  176.8135
2.098	 2.10	 1	 -42.3522	  173.2269
2.101	 2.18	 1	 -45.5325	  173.6233
2.103	 3.03	 1	 -42.3429	  173.8423
2.113	 2.76	 1	 -42.6537	  172.8122
2.115	 2.82	 1	 -42.6317	  172.8812
2.115	 2.27	 1	 -41.9793	  173.5856
2.117	 2.30	 1	 -41.7984	  173.5414
2.129	 3.25	 1	 -42.9249	  173.7829
2.132	 2.08	 1	 -42.6553	  172.9478
2.135	 2.27	 1	 -41.7105	  174.1817
2.137	 2.56	 1	 -41.7059	  174.3650
2.140	 3.28	 1	 -42.0317	  172.6167
2.140	 2.18	 1	 -42.5761	  172.9108
2.143	 2.33	 1	 -42.2640	  171.4384
2.148	 2.30	 1	 -42.6441	  172.9148
2.156	 2.71	 1	 -41.6561	  174.1217
2.157	 2.09	 1	 -41.7516	  174.1640
2.159	 3.96	 1	 -41.9868	  174.0492
2.159	 2.85	 1	 -42.2898	  173.1847
2.161	 2.02	 1	 -42.7056	  172.8310
2.169	 2.15	 1	 -42.7304	  174.3156
2.175	 2.14	 1	 -41.6861	  174.2220
2.178	 2.08	 1	 -42.8933	  171.7959
2.179	 3.45	 1	 -43.6793	  173.5725
2.180	 3.15	 1	 -42.2908	  172.2454
2.181	 2.04	 1	 -43.3859	  166.9775
2.184	 2.32	 1	 -42.4464	  173.5378
2.186	 2.78	 1	 -41.8335	  176.5682
2.190	 2.22	 1	 -42.5449	  173.7002
2.196	 2.31	 1	 -42.1817	  173.5887
2.198	 2.57	 1	 -41.6997	  174.3472
2.201	 2.56	 1	 -41.7940	  174.4233
2.205	 2.39	 1	 -42.3520	  173.9507
2.206	 2.27	 1	 -42.5651	  173.0730
2.207	 2.51	 1	 -42.0518	  173.8652
2.216	 2.36	 1	 -42.2634	  173.9267
2.217	 2.02	 1	 -46.6427	  170.0990
2.226	 2.50	 1	 -42.7744	  174.3113
2.226	 2.05	 1	 -41.7347	  174.2759
2.235	 2.38	 1	 -42.2942	  173.6411
2.239	 2.32	 1	 -40.6525	  167.5702
2.240	 2.31	 1	 -45.2901	  173.3205
2.247	 2.10	 1	 -43.9900	  172.6090
2.251	 2.89	 1	 -41.7535	  174.2612
2.254	 2.55	 1	 -42.5781	  173.1921
2.259	 2.11	 1	 -41.5834	  175.5656
2.263	 2.09	 1	 -42.3662	  177.7377
2.265	 2.32	 1	 -42.4799	  173.0529
2.270	 5.63	 2	 -42.2977	  173.2134
2.271	 2.79	 1	 -42.3770	  174.0413
2.271	 2.06	 1	 -42.5000	  173.2106
2.272	 2.27	 1	 -42.5338	  173.1830
2.273	 2.71	 3	 -42.4207	  173.0507
2.282	 2.13	 1	 -41.9915	  173.7230
2.295	 2.39	 1	 -42.6314	  172.9557
2.296	 2.38	 1	 -42.0778	  173.8514
2.298	 2.09	 3	 -42.7737	  173.6029
2.299	 3.53	 1	 -42.6405	  172.9598
2.300	 2.18	 1	 -43.1851	  175.0152
2.304	 2.79	 1	 -41.6721	  174.2388
2.305	 2.36	 1	 -42.4213	  173.0756
2.314	 2.29	 1	 -42.1159	  173.5623
2.322	 3.83	 1	 -42.2946	  173.6045
2.329	 2.28	 2	 -42.3277	  174.0408
2.333	 2.35	 1	 -42.6702	  172.2962
2.335	 3.24	 3	 -42.2156	  173.2161
2.337	 2.74	 1	 -41.9949	  173.7066
2.342	 2.06	 1	 -47.0851	  174.3305
2.345	 2.69	 1	 -41.6947	  174.2889
2.347	 2.14	 1	 -42.1363	  173.9106
2.352	 2.22	 1	 -42.1771	  173.5992
2.354	 2.06	 1	 -41.7158	  174.2450
2.355	 2.76	 1	 -42.6602	  172.9802
2.355	 2.79	 1	 -42.1760	  173.6979
2.362	 2.18	 1	 -42.5983	  172.9991
2.366	 2.54	 1	 -41.6124	  174.1943
2.372	 3.26	 1	 -41.9956	  174.0860
2.374	 2.60	 1	 -41.5709	  173.2198
2.379	 2.31	 1	 -42.0325	  173.3073
2.383	 2.25	 1	 -41.8642	  173.9382
2.392	 3.82	 1	 -42.3513	  174.0209
2.395	 2.51	 1	 -41.7644	  174.3004
2.396	 2.51	 1	 -42.3775	  173.4366
2.398	 3.05	 1	 -42.5960	  174.8262
2.399	 2.22	 1	 -42.3579	  173.7181
2.400	 2.07	 1	 -42.4101	  173.5910
2.401	 3.35	 1	 -42.2561	  173.6579
2.405	 2.03	 1	 -40.6306	  178.4588
2.407	 2.72	 1	 -41.6842	  174.1932
2.410	 2.08	 1	 -43.2085	  173.4100
2.411	 2.38	 1	 -42.2213	  173.5141
2.415	 2.62	 2	 -43.6113	  172.9377
2.418	 2.55	 1	 -41.3822	  170.7117
2.418	 2.59	 1	 -41.9866	  173.9587
2.419	 2.72	 1	 -42.6204	  173.8305
2.422	 2.05	 1	 -41.2623	  174.6492
2.428	 2.17	 1	 -41.6353	  174.2398
2.431	 2.22	 1	 -42.2967	  173.3641
2.434	 2.28	 1	 -41.9594	  174.4807
2.435	 2.07	 1	 -41.8028	  174.1976
2.438	 2.74	 1	 -42.6474	  173.1808
2.439	 2.06	 1	 -44.4533	  172.5022
2.439	 2.49	 1	 -42.3711	  173.6207
2.443	 4.04	 1	 -41.7957	  173.9679
2.453	 2.35	 1	 -41.2168	  176.4521
2.457	 2.43	 1	 -42.8428	  173.0970
2.470	 2.05	 3	 -42.3783	  173.1389
2.472	 2.04	 3	 -42.2092	  173.2264
2.473	 2.00	 3	 -42.3279	  173.2692
2.474	 2.14	 1	 -42.3287	  173.0331
2.477	 2.23	 1	 -42.2505	  173.4878
2.479	 2.08	 1	 -42.3610	  173.8986
2.480	 2.56	 1	 -41.7001	  174.0953
2.484	 2.07	 1	 -43.1420	  173.9431
2.488	 2.21	 1	 -41.7092	  174.3187
2.492	 2.45	 1	 -42.6180	  172.9284
2.495	 2.61	 1	 -39.6961	  177.5837
2.496	 3.22	 1	 -41.7640	  174.2641
2.499	 3.32	 1	 -44.7084	  167.7522
2.500	 2.32	 1	 -42.9735	  169.2825
2.501	 2.08	 2	 -41.7045	  174.1567
2.501	 2.18	 2	 -42.5449	  173.0503
2.503	 3.54	 1	 -42.8525	  173.8447
2.505	 2.10	 1	 -41.7661	  174.1206
2.506	 2.16	 1	 -42.8513	  174.1494
2.507	 3.48	 1	 -41.7018	  174.2631
2.508	 2.46	 1	 -43.1284	  171.8415
2.513	 2.56	 1	 -42.0322	  173.6429
2.514	 2.18	 1	 -42.3506	  172.3071
2.524	 2.08	 3	 -42.1293	  175.6701
2.527	 2.05	 1	 -41.7323	  173.7040
2.529	 2.60	 3	 -42.1923	  173.3227
2.529	 2.23	 1	 -40.0023	  175.0591
2.549	 2.13	 1	 -41.7507	  174.2489
2.554	 2.99	 1	 -42.8107	  172.7846
2.554	 3.16	 1	 -41.9913	  173.5734
2.555	 2.54	 1	 -42.1727	  173.6330
2.556	 2.92	 1	 -41.6985	  174.2815
2.556	 2.05	 1	 -42.1591	  173.8244
2.561	 2.03	 1	 -42.3905	  173.9729
2.584	 2.59	 1	 -41.8137	  173.9676
2.587	 2.28	 1	 -43.1423	  172.3484
2.596	 2.38	 1	 -41.8994	  173.8941
2.598	 2.03	 1	 -42.8054	  173.2288
2.602	 2.29	 1	 -42.2880	  173.5592
2.611	 3.63	 1	 -42.3181	  173.7108
2.619	 3.58	 1	 -41.6928	  174.3119
2.628	 2.13	 1	 -41.7018	  174.2429
2.630	 2.05	 1	 -41.7850	  174.3323
2.634	 2.05	 1	 -42.6543	  173.0406
2.635	 2.11	 1	 -42.5219	  173.1327
2.636	 2.95	 1	 -41.8074	  174.2376
2.642	 2.01	 1	 -42.2917	  173.7018
2.644	 2.77	 1	 -42.1912	  173.5818
2.644	 2.02	 1	 -42.4108	  173.3366
2.647	 2.41	 1	 -44.1449	  172.4431
2.649	 2.77	 1	 -40.9125	  178.6402
2.657	 2.26	 1	 -42.3065	  173.8188
2.662	 2.11	 1	 -41.7236	  175.8092
2.667	 2.30	 1	 -42.0511	  174.1044
2.675	 2.61	 1	 -42.4628	  171.7248
2.678	 3.03	 1	 -42.9547	  172.7248
2.678	 2.12	 1	 -42.8917	  172.3197
2.684	 2.03	 1	 -42.2159	  173.8194
2.689	 3.22	 3	 -42.3543	  173.2022
2.693	 2.42	 1	 -42.3765	  173.8147
2.708	 2.07	 1	 -39.5393	  173.5417
2.712	 2.85	 1	 -39.6709	  168.9649
2.716	 2.91	 1	 -42.2091	  173.6354
2.722	 2.08	 1	 -44.4130	  174.3784
2.729	 2.65	 1	 -42.0769	  173.6316
2.730	 2.84	 1	 -42.4252	  173.6881
2.732	 2.32	 1	 -43.3673	  174.2044
2.736	 2.09	 1	 -42.7737	  173.7119
2.737	 2.31	 1	 -40.4608	  167.7110
2.745	 2.44	 1	 -42.9778	  169.3037
2.746	 2.11	 2	 -41.9936	  173.5591
2.752	 3.58	 1	 -42.4732	  173.0628
2.754	 2.01	 2	 -41.8340	  174.0370
2.757	 2.12	 2	 -41.7131	  174.2634
2.759	 3.12	 1	 -42.0581	  173.6737
2.768	 2.41	 1	 -42.0585	  173.6728
2.769	 2.56	 1	 -41.9649	  173.6500
2.772	 2.55	 2	 -42.3008	  173.5576
2.786	 2.18	 1	 -42.5904	  173.0238
2.793	 2.09	 1	 -43.6806	  173.1747
2.804	 3.33	 2	 -42.1598	  173.8213
2.805	 2.59	 1	 -43.6074	  173.1831
2.809	 2.92	 1	 -42.3565	  173.9416
2.813	 2.16	 1	 -42.4927	  174.0043
2.815	 2.18	 1	 -42.0672	  173.1010
2.816	 2.07	 1	 -41.4183	  173.7142
2.818	 2.14	 1	 -43.2724	  173.6380
2.823	 2.52	 1	 -42.1391	  173.1779
2.832	 2.38	 2	 -41.7785	  174.2253
2.836	 2.36	 1	 -42.2660	  174.0342
2.850	 3.00	 1	 -42.2030	  173.3382
2.852	 2.46	 1	 -42.5600	  173.2814
2.853	 3.21	 1	 -42.6485	  172.9576
2.855	 2.90	 1	 -40.9051	  172.8184
2.856	 2.51	 1	 -42.2637	  173.7449
2.865	 3.85	 1	 -45.1983	  175.5106
2.870	 2.13	 1	 -42.9259	  172.9183
2.871	 2.02	 1	 -43.7012	  173.4297
2.875	 2.12	 2	 -42.3353	  173.9079
2.878	 2.01	 1	 -41.8887	  173.7413
2.880	 3.32	 1	 -41.5989	  174.3566
2.885	 2.12	 1	 -47.1807	  172.6467
2.900	 2.06	 1	 -42.2544	  173.6465
2.902	 2.16	 1	 -42.1502	  173.6895
2.905	 3.94	 1	 -42.1897	  174.0794
2.910	 2.46	 1	 -42.6001	  173.0391
2.917	 2.12	 3	 -42.3068	  173.2490
2.918	 2.41	 1	 -42.4162	  173.5280
2.920	 2.24	 1	 -42.6636	  172.8581
2.923	 2.07	 1	 -42.5030	  173.0830
2.926	 2.03	 1	 -43.0153	  173.5083
2.936	 3.27	 1	 -41.9813	  174.5719
2.937	 2.81	 1	 -42.3058	  173.5499
2.938	 2.14	 1	 -42.1941	  173.7667
2.939	 2.62	 3	 -42.3398	  173.1588
2.948	 2.28	 1	 -42.2449	  173.4538
2.956	 3.10	 1	 -47.1116	  171.8906
2.961	 2.92	 1	 -42.3989	  172.7533
2.963	 2.00	 1	 -42.2305	  173.6808
2.967	 2.74	 1	 -41.8877	  174.2040
2.970	 2.18	 1	 -42.8673	  173.5999
2.972	 2.02	 1	 -42.2454	  173.8101
2.973	 2.26	 1	 -42.7570	  172.8904
2.988	 3.39	 1	 -42.5231	  173.8703
2.988	 2.03	 2	 -41.8081	  174.2442
2.991	 2.15	 1	 -42.2286	  173.8059
2.995	 2.02	 1	 -42.2012	  172.7537
2.999	 2.32	 1	 -41.6292	  174.2645
3.000	 2.11	 1	 -43.0302	  171.8246
3.002	 3.43	 1	 -42.6651	  173.1392
3.003	 2.40	 1	 -42.2379	  172.2362
3.006	 2.03	 1	 -42.9114	  172.7958
3.007	 2.63	 3	 -42.4590	  174.2053
3.007	 2.13	 1	 -42.9392	  171.8541
3.012	 2.87	 1	 -41.9857	  174.0523
3.013	 2.26	 1	 -42.4764	  173.3097
3.020	 2.40	 1	 -42.1267	  174.4041
3.024	 2.18	 1	 -41.7097	  174.2656
3.032	 2.08	 2	 -41.7537	  174.1640
3.036	 2.29	 2	 -42.1854	  174.0803
3.042	 2.00	 1	 -42.2579	  173.6023
3.052	 2.19	 1	 -43.3652	  174.0526
3.054	 2.50	 1	 -45.7853	  168.5812
3.056	 2.00	 1	 -42.4230	  173.6381
3.065	 2.06	 2	 -42.0114	  174.0341
3.070	 2.16	 1	 -41.9427	  173.9848
3.075	 2.76	 1	 -42.1803	  173.7309
3.076	 2.07	 1	 -41.9946	  173.7968
3.077	 6.51	 1	 -42.7010	  172.8447
3.083	 2.03	 1	 -45.8570	  173.8097
3.083	 2.13	 1	 -42.4119	  173.9347
3.083	 2.22	 1	 -42.6416	  173.4008
3.084	 2.27	 2	 -42.7666	  172.8987
3.084	 2.30	 3	 -42.3048	  173.2001
3.090	 3.20	 2	 -42.7257	  172.9175
3.091	 2.05	 1	 -44.0404	  178.8586
3.095	 2.28	 2	 -43.2385	  171.7734
3.096	 2.50	 1	 -42.5848	  172.8057
3.096	 2.30	 2	 -42.7837	  172.7965
3.098	 2.14	 1	 -42.3245	  173.8748
3.099	 2.49	 1	 -41.7774	  174.2333
3.099	 2.38	 1	 -41.3838	  172.8438
3.099	 2.11	 1	 -41.9917	  173.7157
3.100	 2.24	 1	 -42.7627	  172.7297
3.108	 3.46	 2	 -43.2317	  172.0305
3.109	 2.02	 2	 -42.5023	  174.1158
3.109	 2.02	 1	 -42.6388	  173.0040
3.111	 2.04	 2	 -42.7349	  172.8762
3.113	 2.33	 2	 -42.6489	  172.8466
3.114	 2.10	 1	 -42.3418	  173.5095
3.118	 2.07	 2	 -42.4957	  172.8491
3.120	 2.00	 2	 -42.1628	  173.6188
3.121	 2.99	 1	 -42.8265	  174.0254
3.130	 2.06	 2	 -42.7511	  172.7573
3.131	 2.21	 2	 -42.7065	  172.9097
3.131	 2.17	 2	 -42.6608	  173.1641
3.137	 2.21	 2	 -44.7634	  172.6963
3.142	 2.21	 2	 -42.4290	  173.7302
3.144	 2.23	 1	 -42.4548	  172.3792
3.144	 2.16	 1	 -42.3357	  173.4761
3.147	 2.98	 2	 -42.6808	  173.3265
3.152	 3.18	 2	 -43.1182	  172.7983
3.152	 2.33	 3	 -42.3136	  173.1762
3.153	 2.32	 1	 -42.1626	  172.9407
3.159	 2.09	 1	 -41.5247	  174.8750
3.161	 2.50	 1	 -41.8677	  173.9611
3.163	 2.68	 2	 -42.2075	  173.6515
3.171	 3.17	 1	 -42.7902	  173.0650
3.171	 2.90	 1	 -42.4553	  173.8630
3.176	 2.49	 2	 -42.4143	  172.5436
3.178	 2.70	 2	 -42.6318	  172.9394
3.179	 3.34	 1	 -41.7244	  174.3513
3.181	 2.66	 1	 -43.1683	  172.5858
3.183	 2.68	 2	 -42.7253	  173.0244
3.184	 2.20	 2	 -42.6753	  172.8336
3.186	 2.20	 1	 -42.0423	  173.9788
3.189	 2.15	 2	 -42.7179	  172.9452
3.193	 2.43	 1	 -42.6952	  173.2741
3.193	 2.62	 2	 -42.6355	  173.2460
3.194	 2.13	 1	 -42.1943	  173.5746
3.194	 2.08	 2	 -46.6224	  175.8390
3.195	 3.42	 1	 -41.7586	  174.2337
3.196	 2.51	 2	 -42.6111	  172.7814
3.197	 2.00	 1	 -41.7126	  174.2814
3.197	 2.16	 1	 -45.7588	  168.5473
3.198	 2.47	 2	 -42.7403	  172.7909
3.200	 2.03	 1	 -43.2441	  173.3073
3.202	 2.00	 2	 -42.6725	  172.7768
3.203	 2.11	 2	 -42.7838	  172.8051
3.205	 2.36	 1	 -42.2341	  173.6051
3.207	 3.05	 2	 -42.9016	  172.8546
3.211	 2.32	 1	 -44.0484	  172.8952
3.211	 2.37	 2	 -42.7519	  172.7566
3.211	 2.45	 2	 -42.7604	  172.8955
3.218	 2.41	 2	 -42.6330	  173.4617
3.219	 2.19	 1	 -42.4460	  173.2134
3.223	 3.12	 2	 -42.6819	  172.9479
3.226	 2.53	 2	 -42.6678	  172.9347
3.228	 2.35	 1	 -42.3151	  172.9025
3.230	 2.22	 2	 -42.5395	  178.9594
3.235	 2.66	 1	 -38.7241	  175.8989
3.237	 2.38	 1	 -43.1162	  173.6119
3.239	 2.80	 1	 -44.2297	  174.6863
3.241	 2.31	 2	 -42.3812	  172.9675
3.246	 2.27	 2	 -42.6946	  172.7690
3.252	 2.99	 1	 -42.9516	  172.8913
3.252	 3.71	 2	 -42.6419	  172.8786
3.259	 2.28	 1	 -42.2124	  173.6767
3.260	 2.07	 1	 -42.1594	  173.5844
3.261	 2.08	 1	 -43.1712	  173.3209
3.261	 2.08	 2	 -42.8829	  172.4458
3.268	 2.45	 1	 -43.2650	  176.1173
3.269	 2.33	 1	 -42.4611	  173.8073
3.271	 2.05	 2	 -42.8776	  173.0735
3.272	 3.11	 1	 -42.0396	  173.7093
3.273	 2.15	 2	 -42.2803	  173.2992
3.278	 3.00	 2	 -42.8906	  174.2949
3.282	 2.03	 1	 -41.7784	  174.1702
3.283	 2.10	 2	 -42.7390	  172.8550
3.285	 2.53	 2	 -42.6305	  172.7413
3.288	 2.60	 1	 -43.0477	  172.9818
3.295	 2.12	 2	 -42.9565	  173.1205
3.296	 3.04	 1	 -41.6900	  174.3055
3.296	 3.08	 1	 -42.5006	  173.1250
3.302	 3.15	 2	 -42.5715	  172.8110
3.306	 2.11	 1	 -42.6167	  172.1005
3.310	 2.37	 1	 -41.9913	  166.9792
3.311	 2.02	 1	 -42.4053	  173.1478
3.314	 2.36	 1	 -42.2364	  173.6827
3.317	 2.40	 2	 -42.9523	  173.0332
3.328	 2.20	 2	 -42.6659	  172.8756
3.337	 2.14	 1	 -42.1105	  173.4917
3.340	 2.86	 1	 -42.3139	  171.2847
3.344	 2.51	 1	 -41.8186	  174.2621
3.346	 2.27	 1	 -43.3784	  174.5000
3.349	 2.22	 1	 -42.1388	  173.6258
3.353	 2.09	 2	 -42.7332	  172.4837
3.359	 2.16	 2	 -42.6726	  173.5983
3.360	 2.73	 2	 -42.6820	  172.9270
3.360	 2.99	 1	 -43.0122	  172.8671
3.363	 2.44	 2	 -41.7578	  174.2335
3.365	 2.89	 1	 -41.8143	  174.2657
3.365	 3.44	 1	 -41.7031	  174.2790
3.370	 2.65	 2	 -42.8327	  172.6707
3.372	 2.46	 1	 -42.6976	  172.8462
3.373	 2.35	 2	 -42.1482	  171.2394
3.374	 2.24	 1	 -42.3153	  173.8916
3.381	 2.62	 2	 -42.7504	  172.8591
3.384	 2.26	 1	 -42.1369	  172.9285
3.394	 2.36	 1	 -42.1466	  173.5916
3.394	 3.24	 2	 -42.6723	  173.1287
3.394	 3.89	 1	 -41.8494	  172.2875
3.398	 2.68	 2	 -42.3864	  172.5747
3.413	 2.95	 1	 -41.6829	  174.1043
3.419	 2.07	 1	 -42.7601	  171.7293
3.420	 2.64	 3	 -42.2649	  173.2815
3.421	 2.81	 1	 -43.1798	  172.4129
3.438	 3.48	 2	 -42.5010	  172.2563
3.438	 2.02	 1	 -41.6804	  176.5928
3.441	 2.02	 2	 -42.6824	  172.8173
3.441	 2.36	 2	 -45.9171	  174.9213
3.448	 2.76	 2	 -42.7766	  172.8205
3.458	 2.42	 1	 -42.6333	  173.0961
3.461	 2.06	 1	 -42.0382	  173.7471
3.465	 2.02	 2	 -42.7085	  172.8520
3.467	 2.09	 2	 -42.6600	  172.9397
3.468	 2.22	 2	 -42.4865	  173.0574
3.469	 2.22	 2	 -42.6480	  172.9055
3.471	 2.68	 2	 -42.6840	  172.6976
3.477	 2.71	 2	 -42.7295	  172.8252
3.481	 2.53	 1	 -42.3266	  173.1287
3.481	 2.89	 1	 -41.7565	  174.1740
3.482	 2.01	 2	 -41.8517	  172.2848
3.485	 3.40	 1	 -42.4578	  172.3991
3.485	 2.37	 1	 -41.9813	  173.7923
3.487	 4.06	 2	 -39.1925	  176.6716
3.501	 2.57	 1	 -42.9618	  172.5621
3.504	 2.06	 1	 -41.8555	  174.7467
3.507	 2.42	 1	 -44.6389	  177.5781
3.515	 2.37	 3	 -42.2780	  173.2059
3.515	 2.23	 1	 -43.0313	  172.9721
3.518	 2.76	 1	 -42.2602	  173.5863
3.518	 2.23	 1	 -42.3537	  174.0119
3.520	 2.46	 1	 -41.8302	  174.1349
3.523	 2.60	 1	 -41.6550	  174.3050
3.531	 2.43	 1	 -41.8456	  174.1052
3.533	 2.64	 1	 -42.4883	  173.9969
3.536	 2.12	 1	 -42.6455	  173.6558
3.544	 2.32	 2	 -42.4715	  173.2558
3.547	 2.34	 1	 -42.2607	  173.7661
3.548	 2.19	 1	 -42.5458	  172.6661
3.561	 2.04	 1	 -42.7280	  173.4926
3.564	 2.34	 1	 -42.8175	  172.8824
3.570	 2.11	 2	 -42.7738	  172.5489
3.570	 2.26	 1	 -42.5241	  173.3413
3.572	 2.06	 1	 -42.1528	  172.9473
3.572	 3.77	 1	 -42.0578	  174.0824
3.574	 2.15	 3	 -42.2872	  173.1413
3.574	 2.12	 1	 -42.6239	  172.8563
3.577	 2.04	 2	 -42.7320	  172.8163
3.584	 2.43	 2	 -42.6195	  172.7605
3.590	 2.07	 1	 -42.3849	  173.8240
3.596	 2.09	 2	 -46.9451	  170.8231
3.598	 2.22	 1	 -42.5580	  173.9813
3.602	 2.33	 1	 -41.7797	  174.2501
3.603	 3.72	 1	 -41.8163	  174.2863
3.621	 2.22	 2	 -42.5904	  171.6747
3.622	 2.08	 1	 -42.3060	  173.7436
3.624	 2.21	 1	 -42.0835	  173.7487
3.624	 2.32	 2	 -42.6130	  172.8929
3.625	 2.04	 1	 -43.5572	  172.7589
3.638	 2.16	 1	 -42.0435	  173.7739
3.649	 2.01	 1	 -43.0363	  173.1321
3.658	 2.38	 1	 -41.7460	  174.2118
3.661	 2.07	 2	 -42.6992	  172.9504
3.674	 2.81	 1	 -42.0154	  173.6233
3.676	 2.12	 1	 -44.7677	  167.5948
3.678	 2.08	 1	 -42.0458	  174.5394
3.691	 2.45	 1	 -42.1729	  174.7048
3.693	 3.19	 2	 -43.0811	  174.9707
3.696	 2.01	 1	 -43.7550	  173.1815
3.697	 2.29	 1	 -43.9775	  173.9331
3.710	 2.19	 2	 -42.7645	  172.6706
3.717	 2.22	 1	 -42.1982	  173.1880
3.718	 2.23	 1	 -42.7904	  173.3646
3.722	 2.16	 1	 -42.9429	  171.2758
3.722	 2.79	 2	 -42.6992	  172.8857
3.725	 2.43	 1	 -42.6620	  173.0155
3.725	 2.24	 1	 -41.6984	  173.7518
3.741	 2.41	 1	 -42.7492	  173.5278
3.746	 2.63	 2	 -42.6756	  173.0824
3.750	 2.04	 1	 -42.2608	  173.6333
3.754	 2.60	 2	 -42.8557	  173.0735
3.763	 2.26	 1	 -38.6331	  170.3909
3.764	 2.56	 2	 -42.2726	  174.5305
3.769	 2.31	 2	 -42.6549	  172.8406
3.772	 2.02	 2	 -42.6720	  172.8367
3.776	 2.12	 2	 -42.8035	  173.0336
3.785	 2.10	 2	 -42.4734	  172.9031
3.787	 2.23	 1	 -42.5806	  172.8407
3.787	 2.24	 2	 -42.5805	  171.4575
3.788	 2.76	 1	 -41.0338	  177.8269
3.807	 2.27	 1	 -41.8176	  174.4740
3.807	 3.43	 3	 -42.2830	  173.2366
3.815	 2.65	 1	 -42.7588	  172.4408
3.816	 2.00	 2	 -42.5802	  173.1237
3.819	 2.43	 1	 -41.8144	  174.2241
3.819	 2.47	 1	 -41.6354	  174.2584
3.822	 3.55	 1	 -41.8441	  174.0995
3.824	 2.32	 1	 -42.5774	  172.9776
3.825	 2.42	 1	 -42.2266	  173.7717
3.829	 2.12	 1	 -42.4957	  173.1122
3.835	 2.83	 1	 -42.3625	  173.0887
3.838	 2.40	 1	 -42.6124	  173.3000
3.841	 2.45	 1	 -42.4947	  173.1248
3.843	 2.56	 1	 -42.9941	  173.0524
3.851	 2.44	 1	 -42.6857	  172.8104
3.852	 2.01	 1	 -40.8069	  176.4173
3.853	 2.34	 2	 -42.6774	  172.8783
3.854	 4.15	 1	 -41.7569	  173.5885
3.858	 2.10	 2	 -41.7233	  174.2918
3.859	 2.09	 1	 -43.8726	  175.4497
3.862	 2.25	 2	 -42.6930	  172.8598
3.871	 2.01	 1	 -41.8645	  173.9735
3.878	 2.26	 2	 -42.6705	  172.8360
3.882	 2.87	 2	 -42.9250	  172.4865
3.887	 2.19	 2	 -42.7413	  172.8181
3.889	 2.12	 2	 -42.7275	  172.8089
3.900	 2.06	 2	 -42.8114	  172.9170
3.901	 2.28	 2	 -42.5223	  172.6907
3.906	 2.06	 1	 -42.5875	  173.3515
3.911	 2.38	 1	 -42.9954	  172.3413
3.914	 2.02	 2	 -42.6626	  172.8806
3.914	 2.27	 2	 -43.9369	  170.8083
3.917	 2.18	 1	 -42.1888	  173.6485
3.920	 2.40	 1	 -42.4229	  173.8332
3.920	 2.39	 2	 -42.3624	  173.2959
3.921	 2.20	 2	 -42.6476	  173.1161
3.923	 2.22	 1	 -43.2471	  174.3123
3.930	 2.10	 1	 -42.0766	  171.8205
3.944	 2.12	 1	 -44.3872	  171.4423
3.944	 3.04	 1	 -41.8114	  174.2709
3.945	 2.61	 1	 -42.2791	  173.0967
3.951	 2.46	 1	 -41.8937	  174.1059
3.952	 2.18	 1	 -42.1962	  172.7156
3.954	 2.53	 1	 -41.6155	  174.3995
3.957	 2.70	 1	 -42.3204	  174.0726
3.958	 2.06	 1	 -42.8257	  170.5353
3.968	 2.68	 1	 -42.5867	  173.0460
3.969	 4.02	 1	 -42.5764	  172.8913
3.969	 2.39	 1	 -42.0459	  173.7348
3.971	 2.55	 1	 -47.0850	  174.3311
3.972	 2.75	 2	 -43.3611	  172.6678
3.982	 3.10	 1	 -41.7283	  174.2986
3.996	 2.32	 1	 -42.6167	  173.0477
4.001	 2.01	 2	 -43.0280	  173.3288
4.011	 2.14	 1	 -42.6567	  173.2225
4.012	 2.16	 1	 -42.6984	  172.9081
4.013	 2.05	 1	 -41.9693	  174.0449
4.015	 2.45	 1	 -42.8721	  173.1497
4.024	 2.41	 1	 -42.2673	  173.6468
4.027	 2.23	 1	 -42.5506	  172.8455
4.028	 2.53	 1	 -42.8272	  173.5726
4.033	 2.04	 1	 -41.9365	  173.6844
4.038	 2.17	 1	 -41.8737	  174.0165
4.045	 2.74	 2	 -42.6895	  172.6671
4.046	 2.22	 3	 -43.5049	  174.5493
4.055	 2.44	 1	 -42.3774	  173.7223
4.062	 2.89	 1	 -42.7754	  172.1848
4.083	 2.32	 2	 -42.5208	  172.7827
4.084	 2.07	 1	 -42.4463	  173.2736
4.105	 2.55	 1	 -42.1456	  173.8200
4.106	 2.39	 2	 -42.7052	  172.8876
4.109	 2.06	 1	 -42.9841	  173.4173
4.114	 2.88	 1	 -42.4174	  173.8763
4.125	 2.99	 1	 -42.3655	  172.9588
4.131	 2.23	 1	 -42.4520	  174.1864
4.133	 2.72	 1	 -41.7864	  174.2746
4.139	 2.08	 1	 -41.7861	  173.9776
4.144	 2.27	 1	 -42.2377	  172.3848
4.147	 2.00	 2	 -42.7630	  172.9645
4.157	 2.73	 1	 -42.4442	  173.9400
4.161	 2.50	 2	 -43.0386	  173.1494
4.163	 2.19	 1	 -42.5122	  172.6091
4.163	 2.23	 1	 -47.1891	  173.0393
4.164	 2.07	 1	 -41.9955	  173.7512
4.169	 3.84	 1	 -42.5672	  172.9526
4.169	 2.12	 2	 -42.9749	  172.7559
4.171	 2.26	 3	 -42.7122	  172.8373
4.175	 2.78	 1	 -41.7915	  174.2682
4.178	 2.05	 2	 -42.3723	  173.1377
4.194	 2.70	 2	 -41.7537	  173.1481
4.196	 2.23	 1	 -42.7122	  173.2252
4.196	 2.98	 1	 -42.4150	  173.4748
4.201	 2.25	 1	 -42.3046	  173.6013
4.216	 2.09	 2	 -42.8923	  172.7926
4.223	 2.47	 2	 -42.7257	  172.8533
4.226	 2.06	 1	 -39.8230	  174.3957
4.237	 2.75	 1	 -42.6420	  172.7430
4.239	 2.20	 2	 -42.5546	  172.5870
4.242	 2.74	 1	 -42.2945	  173.7039
4.243	 2.19	 2	 -42.4648	  173.0502
4.246	 2.13	 1	 -42.2597	  173.8553
4.251	 3.13	 2	 -43.1198	  172.9496
4.253	 2.36	 2	 -42.7657	  172.8656
4.257	 2.00	 1	 -42.3222	  172.4947
4.268	 2.32	 2	 -42.3690	  173.6295
4.273	 2.32	 1	 -42.0213	  172.9852
4.276	 2.13	 1	 -41.7319	  174.2800
4.278	 2.16	 2	 -42.9010	  170.2642
4.285	 2.17	 1	 -43.4928	  173.4626
4.292	 2.19	 1	 -42.6359	  173.3385
4.294	 2.70	 3	 -42.3170	  173.2145
4.298	 2.37	 1	 -41.1650	  173.5637
4.304	 2.33	 1	 -42.1013	  172.9242
4.307	 2.45	 1	 -42.9542	  179.1296
4.309	 2.67	 2	 -42.7321	  172.8582
4.311	 2.04	 2	 -42.5532	  172.8637
4.317	 2.27	 2	 -42.5018	  171.2894
4.317	 2.97	 1	 -41.7294	  174.3016
4.319	 2.92	 1	 -42.5837	  172.9613
4.321	 2.17	 1	 -42.7112	  173.2470
4.331	 3.06	 1	 -42.0450	  173.5303
4.337	 2.02	 1	 -41.8341	  173.9714
4.341	 2.19	 1	 -42.0291	  173.5371
4.346	 4.12	 3	 -42.2783	  173.2669
4.348	 2.17	 1	 -42.6958	  173.1056
4.352	 2.08	 1	 -41.8128	  174.3892
4.358	 2.09	 1	 -42.9474	  173.5889
4.360	 2.03	 1	 -41.8262	  174.2202
4.360	 2.01	 1	 -45.4380	  177.8673
4.360	 2.73	 1	 -42.3218	  173.6787
4.378	 2.02	 1	 -42.5416	  172.5994
4.380	 2.11	 1	 -42.7671	  173.2992
4.384	 2.20	 2	 -42.6604	  172.8337
4.389	 2.21	 2	 -42.6883	  172.9141
4.398	 2.75	 1	 -44.6178	  171.3707
4.401	 2.69	 1	 -42.5180	  173.1446
4.412	 2.03	 1	 -43.0323	  173.2398
4.415	 2.65	 1	 -41.7419	  174.2834
4.419	 2.17	 3	 -42.3962	  173.4294
4.426	 2.08	 1	 -40.8013	  173.0154
4.430	 2.58	 1	 -41.9977	  173.6873
4.436	 2.14	 2	 -40.7931	  177.6476
4.438	 3.64	 2	 -42.4000	  173.5771
4.449	 2.19	 1	 -42.6168	  173.1620
4.450	 2.50	 1	 -42.3201	  172.5095
4.451	 2.11	 1	 -42.1681	  173.6024
4.458	 2.01	 1	 -42.4274	  173.3238
4.465	 2.26	 2	 -43.3987	  173.1294
4.471	 2.09	 1	 -42.7452	  172.5539
4.471	 3.19	 1	 -41.3782	  174.0733
4.472	 3.35	 3	 -41.6863	  174.2639
4.475	 2.03	 1	 -42.6028	  173.0706
4.476	 2.33	 1	 -42.0676	  173.7616
4.479	 2.40	 1	 -41.5765	  174.2951
4.491	 2.16	 1	 -42.1605	  173.6670
4.494	 2.28	 2	 -43.0101	  173.0255
4.498	 2.33	 1	 -44.4664	  178.6438
4.503	 2.13	 1	 -42.6191	  172.9329
4.529	 2.06	 1	 -43.4661	  175.7133
4.530	 2.31	 1	 -42.3506	  173.9558
4.532	 2.30	 1	 -41.8737	  174.2052
4.534	 2.11	 2	 -42.7388	  172.8684
4.541	 2.08	 1	 -42.9544	  172.5412
4.543	 2.16	 1	 -42.5469	  173.1171
4.544	 2.39	 1	 -42.4149	  173.7374
4.551	 2.03	 1	 -42.2756	  174.1130
4.551	 3.17	 1	 -42.3169	  173.9461
4.554	 2.06	 1	 -41.8356	  174.2303
4.556	 2.40	 2	 -42.5762	  172.9130
4.557	 2.03	 1	 -42.4710	  173.1464
4.557	 2.22	 2	 -42.7159	  172.8621
4.558	 2.04	 1	 -41.6722	  174.4084
4.560	 2.11	 2	 -42.9476	  172.5705
4.561	 3.47	 1	 -41.6319	  174.3816
4.562	 2.37	 1	 -43.1219	  173.7960
4.563	 2.20	 2	 -42.6587	  172.8793
4.565	 2.12	 2	 -42.6996	  172.7967
4.567	 2.14	 1	 -43.6103	  174.4627
4.579	 2.27	 1	 -41.7772	  174.2525
4.585	 2.97	 1	 -42.3461	  173.4539
4.595	 2.12	 1	 -42.9197	  169.9151
4.598	 2.11	 1	 -41.9124	  173.6609
4.601	 2.35	 1	 -43.0365	  173.5260
4.602	 2.10	 1	 -42.2429	  173.2439
4.604	 2.30	 1	 -41.9827	  173.6837
4.619	 2.58	 1	 -41.6898	  174.3988
4.619	 2.82	 1	 -42.6435	  173.2243
4.632	 2.64	 1	 -42.5639	  173.4167
4.647	 3.03	 1	 -42.4296	  173.3051
4.668	 2.20	 1	 -42.5348	  172.0084
4.669	 2.02	 1	 -43.0716	  179.1182
4.677	 2.11	 1	 -41.8195	  174.3245
4.677	 2.75	 1	 -41.9655	  173.0950
4.682	 2.23	 2	 -42.6478	  173.0075
4.693	 2.06	 1	 -42.4762	  173.9371
4.701	 3.14	 1	 -45.2617	  178.0430
4.703	 2.37	 2	 -42.5960	  172.8276
4.703	 2.09	 1	 -42.9785	  172.0979
4.704	 2.80	 1	 -42.6274	  172.9537
4.706	 2.44	 1	 -42.4973	  173.8294
4.709	 2.23	 1	 -42.9054	  174.3885
4.718	 2.05	 1	 -42.1778	  172.9987
4.727	 2.42	 1	 -44.1304	  167.2256
4.734	 2.46	 1	 -43.0386	  172.6223
4.738	 2.65	 2	 -42.9239	  172.9117
4.744	 2.66	 1	 -42.7243	  172.8196
4.756	 3.26	 1	 -41.8745	  173.9286
4.780	 2.60	 1	 -42.2678	  173.6367
4.788	 2.23	 2	 -42.9171	  172.8474
4.812	 2.07	 1	 -42.3904	  173.8394
4.837	 2.05	 1	 -43.0873	  172.6896
4.855	 2.83	 1	 -42.0712	  173.2326
4.864	 3.00	 1	 -41.7602	  174.3290
4.877	 2.24	 1	 -42.5798	  173.4297
4.891	 2.11	 2	 -42.9464	  172.6964
4.893	 2.69	 2	 -42.9372	  172.6902
4.908	 3.24	 1	 -42.6580	  172.5444
4.913	 2.11	 1	 -42.2174	  173.7185
4.915	 2.56	 1	 -42.2958	  173.7500
4.931	 2.24	 1	 -42.4166	  173.1800
4.937	 2.49	 2	 -42.7017	  172.7441
4.951	 2.36	 1	 -42.6547	  172.4857
4.960	 2.69	 2	 -42.8926	  172.8063
4.973	 2.16	 1	 -41.7737	  174.2231
5.003	 3.24	 1	 -42.3506	  173.3621
5.003	 2.58	 1	 -42.4100	  173.7972
5.005	 2.09	 2	 -42.5954	  172.9991
5.005	 2.20	 3	 -42.3206	  173.2222
5.019	 2.11	 1	 -43.4187	  173.6789
5.019	 2.87	 1	 -42.1302	  173.5427
5.027	 2.08	 1	 -42.5928	  172.8638
5.034	 2.01	 1	 -41.7948	  174.2526
5.036	 2.60	 1	 -42.2233	  173.7621
5.043	 2.07	 1	 -42.4315	  173.4173
5.064	 2.12	 2	 -42.6742	  172.8111
5.065	 2.97	 1	 -42.7606	  171.6238
5.101	 2.15	 1	 -42.4550	  173.6632
5.101	 3.20	 1	 -41.6851	  174.2748
5.104	 2.31	 3	 -42.3810	  173.1535
5.119	 2.09	 1	 -42.6325	  172.8457
5.120	 2.30	 2	 -42.8851	  172.5756
5.125	 2.95	 1	 -45.6260	  173.6152
5.126	 2.08	 1	 -42.2764	  172.6033
5.131	 3.29	 1	 -42.5454	  173.4803
5.133	 2.54	 1	 -43.4995	  173.9868
5.133	 2.14	 1	 -43.4126	  173.9041
5.147	 2.70	 1	 -41.8162	  174.2546
5.150	 2.68	 1	 -42.9832	  172.9669
5.152	 2.07	 1	 -42.0822	  173.2065
5.158	 2.24	 1	 -41.8774	  173.9215
5.162	 3.70	 1	 -43.1025	  173.2862
5.182	 2.21	 1	 -41.7052	  174.3839
5.188	 2.62	 1	 -43.1957	  172.3330
5.196	 2.74	 1	 -42.4657	  167.7541
5.199	 2.19	 1	 -42.6256	  173.7430
5.199	 2.22	 1	 -42.7271	  172.8983
5.199	 2.25	 1	 -38.9916	  169.5475
5.210	 2.24	 2	 -42.6426	  173.0078
5.212	 2.17	 1	 -43.1338	  173.1956
5.216	 2.99	 2	 -42.7119	  172.7925
5.218	 2.35	 2	 -42.6627	  172.8374
5.220	 2.04	 1	 -42.1792	  173.7109
5.222	 2.07	 1	 -42.9850	  173.1220
5.230	 2.41	 1	 -42.1747	  173.6746
5.231	 2.34	 1	 -41.8891	  173.9715
5.240	 2.06	 2	 -43.4407	  172.7405
5.240	 2.52	 1	 -41.5210	  172.2348
5.240	 2.21	 2	 -42.8062	  173.2295
5.254	 2.07	 1	 -42.5719	  172.8655
5.257	 2.03	 2	 -42.6786	  172.7716
5.270	 2.02	 2	 -42.2341	  173.2869
5.272	 4.27	 2	 -42.7059	  172.7364
5.283	 2.21	 2	 -42.8108	  172.9091
5.288	 2.91	 2	 -42.7473	  172.9901
5.291	 2.61	 1	 -41.6426	  174.1934
5.299	 2.04	 2	 -42.7231	  172.8570
5.302	 2.94	 1	 -43.2141	  173.8542
5.309	 2.10	 2	 -42.2579	  172.9534
5.319	 2.03	 2	 -42.5935	  172.4344
5.325	 2.02	 1	 -42.1361	  173.5931
5.336	 2.77	 2	 -42.8689	  172.9152
5.339	 2.25	 2	 -42.7136	  172.4261
5.344	 2.05	 1	 -41.7171	  174.2590
5.365	 2.05	 1	 -41.7857	  174.2254
5.375	 2.15	 1	 -41.6868	  174.2952
5.389	 2.74	 2	 -42.7867	  172.5464
5.391	 2.07	 2	 -42.7750	  173.1248
5.400	 2.77	 1	 -41.7216	  174.2702
5.401	 3.00	 1	 -43.2074	  171.6103
5.409	 2.18	 1	 -42.2261	  173.5830
5.411	 2.12	 1	 -41.4360	  172.9538
5.414	 2.44	 1	 -42.6593	  172.5002
5.418	 2.31	 1	 -41.7546	  174.1533
5.425	 2.04	 2	 -42.6454	  172.8129
5.431	 3.09	 1	 -42.5204	  173.2940
5.436	 2.13	 1	 -42.9253	  173.3412
5.450	 2.79	 2	 -44.9511	  173.5318
5.452	 2.36	 1	 -42.5794	  172.6342
5.460	 2.35	 1	 -42.6200	  174.5796
5.460	 2.52	 2	 -42.6954	  172.8214
5.464	 3.38	 1	 -41.9119	  173.6961
5.480	 2.29	 1	 -42.0676	  173.7300
5.480	 2.27	 2	 -42.7235	  172.9343
5.482	 2.76	 1	 -42.8697	  174.4899
5.484	 2.33	 1	 -41.8844	  173.9039
5.490	 2.31	 4	 -42.3001	  173.2920
5.496	 2.64	 1	 -42.6865	  172.8665
5.497	 3.21	 1	 -41.7315	  174.2615
5.504	 2.26	 1	 -42.6580	  174.1969
5.509	 2.00	 1	 -42.6732	  172.7586
5.515	 2.10	 1	 -40.6508	  172.2343
5.517	 2.15	 2	 -42.6573	  173.0197
5.520	 2.13	 1	 -42.1595	  173.6211
5.522	 3.00	 1	 -41.7887	  174.1511
5.540	 2.57	 2	 -43.4135	  172.5661
5.546	 2.19	 1	 -42.3074	  173.7723
5.551	 2.26	 1	 -42.1898	  173.8062
5.561	 2.55	 1	 -42.1700	  173.6076
5.565	 2.22	 2	 -42.9501	  172.7449
5.571	 2.15	 1	 -40.5202	  172.8376
5.575	 2.05	 2	 -42.7857	  172.9944
5.583	 2.03	 1	 -42.8934	  172.9753
5.591	 2.17	 1	 -42.5417	  173.0392
5.601	 2.54	 1	 -43.7438	  176.5943
5.601	 2.72	 2	 -42.6940	  172.8235
5.604	 2.17	 1	 -42.7066	  172.7153
5.607	 2.07	 1	 -42.1013	  173.3621
5.610	 2.30	 1	 -42.2156	  173.6074
5.613	 2.20	 2	 -42.7492	  172.8619
5.626	 2.11	 1	 -42.3827	  173.7946
5.630	 2.15	 2	 -42.7782	  172.1807
5.630	 2.20	 1	 -42.5488	  173.2296
5.636	 2.32	 1	 -42.4583	  173.7616
5.637	 2.17	 1	 -41.5980	  174.1300
5.646	 2.02	 2	 -42.5024	  172.8678
5.647	 2.03	 1	 -42.3438	  173.8778
5.652	 2.56	 1	 -41.9791	  173.6373
5.662	 2.65	 1	 -42.2322	  173.5925
5.675	 2.44	 1	 -43.1383	  171.9212
5.676	 2.44	 2	 -42.7050	  172.8200
5.678	 2.17	 1	 -41.7015	  174.2059
5.704	 2.77	 2	 -43.8176	  172.4804
5.720	 2.32	 1	 -43.3113	  173.3465
5.721	 4.16	 2	 -42.5473	  172.9415
5.721	 3.14	 1	 -41.8022	  174.3964
5.732	 2.20	 2	 -42.7476	  172.8946
5.736	 2.09	 1	 -43.2370	  172.8294
5.739	 2.40	 1	 -42.8780	  172.7336
5.743	 3.59	 3	 -42.7905	  172.5458
5.747	 2.34	 1	 -42.3570	  173.8259
5.748	 2.43	 1	 -42.0809	  173.5593
5.756	 2.98	 1	 -42.1895	  173.4717
5.803	 2.03	 2	 -42.6559	  172.8576
5.810	 2.60	 1	 -41.7898	  174.1850
5.813	 2.15	 1	 -42.6294	  173.7507
5.825	 2.17	 2	 -42.5729	  172.8430
5.832	 3.02	 1	 -42.1442	  173.5264
5.838	 2.30	 2	 -41.7228	  174.3157
5.838	 2.32	 1	 -42.0184	  173.0301
5.846	 2.15	 1	 -42.2521	  173.9533
5.855	 2.87	 1	 -42.1288	  173.7999
5.871	 2.01	 2	 -41.6669	  174.3261
5.881	 2.47	 1	 -42.9319	  173.3493
5.894	 2.25	 1	 -42.3823	  174.1590
5.905	 2.35	 1	 -42.1493	  173.4520
5.905	 2.22	 1	 -42.2708	  173.6535
5.907	 2.95	 1	 -42.3185	  173.7256
5.908	 2.19	 1	 -41.9434	  173.7880
5.911	 2.08	 2	 -42.5992	  172.7571
5.918	 2.12	 1	 -42.1988	  173.8226
5.919	 2.04	 1	 -42.8119	  172.7803
5.931	 2.69	 1	 -41.9940	  173.6516
5.966	 2.35	 1	 -41.8578	  173.9223
5.969	 4.57	 2	 -42.7593	  172.9758
5.971	 2.27	 1	 -42.0290	  173.8504
5.982	 2.21	 1	 -42.3482	  179.1220
5.995	 2.10	 2	 -42.3276	  171.9548
5.997	 2.50	 3	 -42.3024	  173.2214
6.004	 2.42	 1	 -42.9559	  173.9643
6.007	 2.12	 1	 -42.7739	  174.0482
6.007	 2.17	 2	 -41.7308	  174.1571
6.024	 2.12	 1	 -42.6618	  173.0987
6.029	 2.73	 1	 -41.9068	  173.8970
6.031	 2.48	 2	 -41.6104	  174.3937
6.031	 2.62	 1	 -41.6017	  173.6632
6.045	 2.83	 3	 -42.6767	  173.0252
6.047	 2.83	 1	 -41.7631	  174.2557
6.055	 2.08	 1	 -42.4033	  173.0526
6.060	 2.16	 1	 -42.3068	  173.1158
6.071	 2.06	 1	 -42.0758	  173.7549
6.073	 2.20	 1	 -43.0490	  173.8971
6.082	 2.15	 1	 -42.2047	  173.5948
6.083	 2.07	 1	 -42.0529	  173.7156
6.101	 2.57	 1	 -42.4339	  171.0392
6.104	 2.29	 1	 -42.6925	  177.1869
6.107	 2.31	 2	 -41.8318	  174.4380
6.120	 2.89	 1	 -42.4581	  173.4652
6.135	 2.69	 1	 -42.4936	  173.7650
6.135	 2.22	 1	 -42.3045	  173.8058
6.148	 2.94	 1	 -41.7859	  174.2829
6.170	 3.04	 1	 -41.8430	  172.6323
6.170	 2.11	 2	 -42.6823	  172.7896
6.176	 2.02	 1	 -46.2579	  170.8271
6.182	 3.04	 1	 -42.3031	  172.8856
6.193	 2.31	 1	 -42.4238	  173.2780
6.206	 2.12	 1	 -42.3486	  173.7428
6.221	 3.03	 1	 -42.5965	  172.6227
6.221	 2.27	 1	 -41.9387	  173.1318
6.227	 2.01	 1	 -42.3636	  173.1106
6.229	 2.20	 1	 -42.3549	  172.9089
6.240	 2.76	 1	 -41.7568	  174.2896
6.248	 2.03	 1	 -42.1339	  173.6001
6.250	 3.05	 1	 -45.2451	  173.1277
6.252	 2.19	 1	 -42.4948	  173.5497
6.259	 2.38	 1	 -42.0853	  172.8820
6.269	 2.19	 1	 -43.1660	  172.2401
6.270	 2.11	 1	 -42.2422	  172.9960
6.273	 2.45	 1	 -42.0837	  173.6763
6.306	 2.52	 1	 -43.2560	  173.3439
6.310	 2.26	 1	 -42.3819	  173.5708
6.312	 2.22	 1	 -38.2878	  174.2526
6.315	 2.16	 1	 -42.9228	  174.4936
6.320	 2.06	 1	 -42.3473	  173.9265
6.329	 2.82	 1	 -42.2740	  174.3952
6.333	 2.29	 1	 -42.3889	  174.0166
6.349	 2.60	 1	 -42.6546	  174.2310
6.363	 2.20	 1	 -42.2805	  173.7415
6.371	 2.45	 1	 -42.6441	  172.8719
6.379	 2.71	 1	 -43.6381	  173.6479
6.382	 2.21	 1	 -41.9440	  174.2397
6.399	 2.05	 1	 -42.9133	  172.4522
6.411	 2.82	 1	 -41.7860	  174.4267
6.420	 3.13	 1	 -42.4116	  173.1888
6.431	 2.05	 2	 -42.8089	  172.9505
6.432	 2.65	 2	 -42.6619	  172.8448
6.432	 2.08	 1	 -47.1048	  171.8431
6.434	 3.03	 1	 -41.7711	  174.0559
6.455	 2.04	 1	 -42.5848	  173.1378
6.477	 2.04	 1	 -41.6701	  174.2444
6.494	 2.38	 1	 -45.4575	  177.8466
6.505	 2.30	 1	 -43.5248	  172.1612
6.513	 2.26	 2	 -43.1732	  173.0704
6.545	 2.51	 1	 -41.8675	  174.1500
6.552	 2.40	 2	 -43.1726	  171.8100
6.554	 3.34	 2	 -42.6016	  172.8191
6.557	 2.49	 1	 -42.4601	  172.6536
6.557	 2.03	 1	 -42.5474	  173.8547
6.560	 2.17	 1	 -41.9674	  174.0413
6.575	 2.23	 1	 -41.8117	  174.1868
6.586	 2.20	 1	 -42.8973	  172.7504
6.588	 2.41	 1	 -42.6254	  173.3586
6.598	 2.27	 1	 -42.4838	  173.7075
6.599	 2.01	 1	 -43.0010	  172.8395
6.600	 2.19	 1	 -42.2586	  173.7285
6.605	 2.41	 2	 -43.1052	  172.6965
6.620	 2.05	 1	 -42.5583	  175.2623
6.623	 2.05	 1	 -42.3058	  173.4699
6.625	 2.06	 1	 -43.3326	  173.0668
6.634	 2.53	 1	 -42.3121	  173.6625
6.681	 3.26	 1	 -42.1421	  172.8358
6.682	 2.62	 1	 -42.6459	  173.0523
6.691	 2.85	 1	 -42.0246	  173.9870
6.707	 2.47	 1	 -43.2277	  172.5601
6.713	 2.03	 2	 -41.6161	  173.8153
6.738	 2.05	 2	 -42.2117	  171.4148
6.774	 2.98	 1	 -41.8373	  174.2243
6.781	 2.38	 2	 -42.3610	  172.1506
6.801	 2.13	 2	 -43.1251	  172.5182
6.804	 2.14	 1	 -42.3075	  173.7093
6.826	 2.25	 1	 -42.1393	  172.6299
6.831	 2.44	 2	 -42.7102	  172.7243
6.849	 2.20	 2	 -42.7547	  172.8006
6.851	 2.04	 1	 -41.7022	  174.3017
6.854	 3.80	 1	 -42.5577	  173.0770
6.855	 2.10	 1	 -42.4658	  173.4323
6.890	 2.46	 1	 -45.2294	  169.6906
6.898	 2.01	 1	 -42.4351	  173.7567
6.904	 2.06	 1	 -42.3030	  173.9508
6.907	 2.17	 1	 -41.7883	  174.1465
6.910	 2.01	 2	 -42.3363	  172.8878
6.913	 4.34	 1	 -42.5725	  173.1927
6.914	 2.62	 1	 -42.6249	  173.0316
6.938	 2.03	 1	 -43.3222	  172.9423
6.950	 2.48	 1	 -42.5713	  173.1389
6.957	 2.18	 2	 -42.2594	  171.2452
6.960	 2.31	 2	 -43.0321	  172.4912
6.969	 3.55	 2	 -42.9557	  172.9909
6.989	 2.15	 1	 -43.0665	  174.5234
6.989	 2.13	 1	 -42.0475	  173.6693
7.007	 3.59	 1	 -42.5117	  172.9964
7.012	 2.06	 1	 -42.6243	  172.7679
7.050	 2.15	 2	 -42.9108	  173.0144
7.064	 2.65	 1	 -43.0075	  173.7294
7.083	 2.50	 2	 -42.5816	  172.9067
7.090	 2.20	 1	 -43.0738	  173.7182
7.093	 2.09	 2	 -42.5834	  172.6696
7.103	 2.12	 2	 -42.6843	  172.8095
7.110	 2.51	 1	 -41.9115	  174.4808
7.136	 2.15	 1	 -42.6652	  172.4868
7.140	 2.52	 1	 -44.0958	  171.4855
7.143	 2.24	 1	 -42.2095	  173.6880
7.172	 2.20	 1	 -41.9184	  172.6674
7.177	 2.66	 1	 -44.0195	  170.9519
7.179	 2.14	 1	 -42.3902	  173.9865
7.184	 2.05	 1	 -42.2547	  173.4979
7.191	 2.21	 1	 -46.7388	  174.3784
7.199	 3.46	 1	 -42.5670	  172.9933
7.212	 2.30	 1	 -42.4758	  173.3072
7.225	 2.58	 2	 -42.6308	  172.8538
7.230	 2.42	 2	 -42.5985	  172.8631
7.238	 2.02	 2	 -42.4002	  173.4817
7.248	 3.41	 1	 -43.6148	  172.2111
7.274	 3.33	 1	 -42.6806	  172.4628
7.279	 2.75	 2	 -42.6158	  172.7231
7.282	 2.26	 1	 -42.2249	  173.6029
7.291	 2.16	 1	 -42.2986	  174.0383
7.297	 2.13	 2	 -41.7386	  174.2650
7.305	 2.05	 1	 -42.5668	  172.8131
7.321	 2.28	 1	 -42.9111	  171.9861
7.330	 2.20	 3	 -39.9353	  176.8803
7.366	 2.29	 2	 -42.5763	  172.8447
7.374	 2.11	 2	 -42.8620	  173.0028
7.374	 2.06	 1	 -42.5414	  173.2090
7.384	 2.67	 1	 -42.1697	  173.4473
7.393	 2.73	 1	 -42.4790	  173.0135
7.424	 2.19	 1	 -45.8674	  177.3545
7.432	 2.39	 1	 -41.6831	  174.4859
7.435	 2.08	 1	 -42.5112	  173.0728
7.459	 2.30	 1	 -42.1062	  174.4640
7.460	 2.33	 1	 -42.4750	  173.1841
7.465	 2.11	 1	 -41.7437	  174.2520
7.466	 2.78	 1	 -43.4099	  168.6091
7.480	 2.01	 1	 -42.4311	  173.1294
7.494	 2.03	 1	 -42.5231	  173.8965
7.496	 2.74	 1	 -42.5955	  174.2415
7.501	 2.27	 2	 -42.3468	  172.8888
7.509	 2.75	 1	 -44.0677	  174.4283
7.516	 2.01	 1	 -42.9031	  173.0555
7.517	 2.11	 1	 -40.7029	  171.7423
7.527	 2.11	 1	 -42.5234	  173.4197
7.533	 2.22	 1	 -42.5577	  173.1769
7.582	 2.08	 2	 -42.8627	  173.2267
7.586	 3.01	 1	 -42.6244	  173.5287
7.619	 2.31	 1	 -46.3799	  172.5273
7.651	 2.03	 1	 -42.1135	  173.0802
7.651	 2.47	 1	 -42.2038	  173.8484
7.653	 2.01	 1	 -42.0953	  173.5435
7.654	 3.36	 1	 -42.9614	  174.4772
7.655	 2.16	 2	 -40.3690	  176.5598
7.675	 2.93	 1	 -42.6936	  173.0581
7.688	 2.15	 1	 -41.7397	  174.2311
7.689	 2.70	 3	 -42.3502	  173.2582
7.693	 2.22	 1	 -42.3409	  173.8310
7.707	 2.62	 1	 -41.8171	  174.0425
7.709	 2.08	 1	 -42.5221	  174.0681
7.712	 3.20	 1	 -41.8936	  171.5303
7.718	 2.74	 1	 -42.4057	  173.2338
7.741	 2.04	 1	 -42.3523	  173.4394
7.744	 2.02	 1	 -42.3900	  174.0357
7.755	 2.66	 2	 -42.7775	  172.9750
7.781	 2.02	 1	 -41.7607	  174.2068
7.801	 2.24	 1	 -42.9572	  172.2107
7.816	 2.52	 3	 -42.1281	  173.6586
7.823	 3.95	 1	 -42.6817	  172.9269
7.827	 2.58	 1	 -43.1911	  172.4782
7.830	 2.51	 1	 -42.4409	  173.6335
7.856	 3.41	 1	 -42.4915	  173.0999
7.872	 2.55	 2	 -42.7041	  172.7436
7.876	 2.02	 1	 -45.2919	  178.0142
7.878	 2.09	 1	 -41.6178	  174.2876
7.914	 2.11	 1	 -42.3350	  173.7106
7.930	 3.56	 2	 -41.4968	  174.4085
7.941	 2.38	 1	 -42.7322	  173.0034
7.951	 2.38	 1	 -42.2537	  173.7109
7.956	 2.01	 1	 -41.6829	  174.3057
7.963	 2.11	 1	 -41.4059	  170.0974
7.975	 2.20	 1	 -42.1492	  173.7495
8.002	 2.39	 1	 -42.2173	  173.6385
8.008	 2.07	 1	 -42.4224	  173.6044
8.028	 2.35	 1	 -41.5706	  176.5719
8.030	 2.82	 2	 -41.7276	  174.3015
8.050	 2.18	 1	 -42.3976	  173.8905
8.052	 2.46	 1	 -41.7071	  174.2494
8.078	 2.18	 1	 -42.2976	  172.7608
8.078	 3.85	 2	 -42.8522	  173.1326
8.087	 2.75	 2	 -42.2510	  173.7099
8.095	 2.03	 1	 -42.5056	  173.1613
8.097	 3.55	 1	 -43.1278	  173.4415
8.104	 2.55	 1	 -42.4967	  173.1816
8.110	 2.72	 2	 -42.7954	  172.9975
8.118	 2.47	 4	 -42.4722	  173.7283
8.129	 2.17	 1	 -42.4338	  173.5206
8.134	 2.22	 1	 -42.5023	  173.0754
8.156	 2.44	 2	 -42.6491	  172.9376
8.186	 2.31	 1	 -42.1287	  173.2796
8.198	 2.09	 1	 -42.6636	  172.9617
8.200	 2.26	 1	 -42.2941	  172.9678
8.212	 2.23	 1	 -43.0086	  173.4754
8.212	 2.36	 1	 -42.0311	  174.1035
8.230	 2.51	 1	 -42.4012	  179.1271
8.260	 2.90	 1	 -42.8074	  173.3395
8.271	 2.81	 1	 -45.1341	  167.8847
8.281	 2.25	 3	 -42.4008	  173.3062
8.312	 2.10	 1	 -42.4068	  172.7253
8.330	 2.54	 1	 -42.3183	  173.4681
8.345	 2.03	 1	 -42.4155	  173.5366
8.347	 2.58	 1	 -41.6756	  174.2677
8.352	 2.04	 2	 -42.7130	  172.8938
8.352	 2.26	 1	 -43.5074	  173.5281
8.354	 2.53	 1	 -41.7481	  174.4885
8.367	 2.03	 1	 -42.8405	  172.4753
8.371	 2.41	 2	 -42.4584	  172.3985
8.373	 2.77	 3	 -42.8570	  173.1272
8.373	 2.09	 1	 -41.7084	  174.4120
8.375	 2.16	 1	 -42.3911	  173.9831
8.421	 2.14	 1	 -42.2146	  173.4766
8.425	 2.23	 1	 -41.5969	  174.3344
8.437	 2.20	 3	 -42.3546	  173.1856
8.438	 2.26	 1	 -42.1728	  173.5934
8.444	 4.34	 1	 -42.7870	  173.7285
8.471	 2.32	 1	 -38.2763	  171.8706
8.477	 2.74	 2	 -42.5877	  172.6651
8.489	 2.02	 1	 -42.1651	  171.7696
8.500	 2.38	 1	 -41.5187	  174.0030
8.503	 2.50	 1	 -42.7597	  171.9348
8.504	 2.19	 1	 -41.6854	  173.9203
8.529	 2.52	 1	 -43.1058	  175.5258
8.532	 2.86	 1	 -41.8339	  174.2638
8.551	 2.03	 1	 -42.5008	  172.7512
8.556	 3.01	 1	 -42.2019	  173.5715
8.556	 2.62	 1	 -42.6030	  173.0232
8.565	 2.97	 1	 -43.8768	  173.6054
8.570	 2.06	 2	 -42.7486	  172.8665
8.581	 2.47	 1	 -42.4561	  173.1037
8.582	 2.57	 2	 -40.7075	  171.7364
8.605	 2.13	 1	 -42.4855	  173.7041
8.608	 2.70	 1	 -42.9131	  172.7735
8.621	 2.31	 1	 -41.0925	  174.4026
8.635	 2.21	 1	 -41.6943	  174.2380
8.639	 2.32	 1	 -44.3938	  171.2907
8.645	 3.38	 1	 -42.4336	  173.2304
8.664	 2.94	 2	 -42.6384	  172.8698
8.667	 2.08	 2	 -42.2834	  173.3260
8.684	 2.50	 2	 -43.0577	  179.6488
8.700	 2.22	 1	 -42.6210	  173.0591
8.706	 2.34	 1	 -41.8577	  173.9854
8.730	 2.43	 2	 -40.5373	  172.8310
8.754	 2.17	 1	 -42.0328	  174.0385
8.754	 2.42	 1	 -44.4238	  174.5079
8.756	 2.52	 1	 -42.3047	  173.6977
8.767	 2.28	 1	 -41.8159	  174.1947
8.805	 3.24	 1	 -42.2553	  173.8730
8.812	 2.19	 1	 -42.2209	  173.0683
8.820	 2.52	 1	 -41.9247	  173.7265
8.834	 2.24	 2	 -42.5747	  173.2606
8.862	 2.91	 2	 -42.7325	  172.5977
8.895	 2.48	 1	 -41.1345	  178.7785
8.925	 2.25	 1	 -46.4316	  175.8943
8.937	 2.22	 2	 -42.7625	  172.9087
8.939	 2.22	 1	 -41.9517	  173.6626
8.984	 2.18	 1	 -42.9222	  174.3930
8.992	 2.47	 1	 -42.7092	  176.1254
8.998	 2.09	 1	 -42.2965	  173.6016
8.999	 3.10	 1	 -42.6150	  173.5637
9.001	 2.91	 1	 -41.9493	  173.2392
9.023	 2.24	 1	 -42.6907	  173.7452
9.024	 2.41	 2	 -42.7813	  173.7265
9.026	 4.12	 1	 -42.0694	  172.1407
9.027	 2.31	 2	 -42.7204	  172.7883
9.069	 2.05	 1	 -42.5207	  173.8091
9.079	 2.19	 1	 -42.7698	  172.3154
9.084	 2.06	 1	 -42.6687	  178.3714
9.093	 2.22	 2	 -42.0746	  172.0967
9.097	 3.13	 1	 -42.3383	  174.0126
9.107	 2.39	 1	 -42.1909	  173.6892
9.159	 2.58	 2	 -42.2079	  173.7134
9.168	 2.38	 2	 -42.5387	  172.5604
9.172	 2.02	 1	 -40.3633	  173.7783
9.177	 3.14	 1	 -43.1661	  173.1526
9.187	 2.03	 1	 -41.9597	  173.6664
9.201	 2.08	 1	 -42.3216	  174.0076
9.256	 2.35	 2	 -42.1681	  173.3666
9.262	 2.66	 2	 -42.6519	  172.9205
9.267	 3.51	 1	 -42.4978	  173.4170
9.274	 3.01	 1	 -42.7919	  172.9604
9.284	 2.25	 2	 -42.6488	  172.9071
9.314	 2.27	 2	 -42.7401	  172.6754
9.321	 2.14	 1	 -41.4990	  171.0264
9.325	 2.36	 2	 -42.5169	  173.0215
9.328	 2.13	 1	 -42.2677	  173.6062
9.329	 2.03	 1	 -42.5319	  173.1726
9.336	 3.03	 2	 -42.7577	  172.5700
9.367	 2.22	 1	 -42.7561	  173.9041
9.405	 2.50	 1	 -42.3395	  173.0645
9.411	 2.23	 3	 -42.7602	  172.9702
9.447	 3.23	 1	 -42.3599	  171.8537
9.460	 2.07	 1	 -41.8553	  174.1660
9.470	 2.79	 1	 -42.2829	  173.7174
9.522	 2.26	 2	 -42.5848	  172.8040
9.552	 2.19	 2	 -42.7756	  173.6848
9.558	 2.22	 2	 -42.6332	  172.9329
9.568	 2.05	 1	 -42.5127	  172.8966
9.595	 2.70	 1	 -42.5237	  173.1715
9.596	 2.14	 1	 -42.7610	  175.1310
9.640	 2.12	 1	 -42.1722	  173.5989
9.641	 2.04	 1	 -41.9431	  173.3585
9.651	 3.06	 2	 -42.7603	  172.8697
9.666	 2.82	 1	 -41.9175	  173.6447
9.677	 2.03	 1	 -42.6319	  172.9541
9.678	 2.42	 3	 -42.2854	  173.1955
9.704	 2.02	 1	 -42.2996	  173.9454
9.704	 3.57	 2	 -42.7412	  172.7617
9.719	 2.49	 1	 -42.2296	  173.4395
9.719	 2.01	 1	 -41.9575	  173.6237
9.822	 2.41	 1	 -41.8140	  174.1666
9.831	 2.16	 2	 -42.6273	  172.9437
9.831	 2.28	 1	 -41.6971	  174.2404
9.859	 2.17	 2	 -43.4589	  172.5454
9.911	 3.03	 2	 -42.6032	  172.9606
9.912	 2.24	 1	 -42.5804	  173.0526
9.973	 2.18	 1	 -42.4127	  173.3409
9.982	 2.29	 1	 -42.0233	  172.7994
9.984	 2.01	 1	 -41.9237	  174.1451
10.021	 2.90	 1	 -42.1958	  173.7908
10.036	 2.60	 2	 -42.8701	  173.0058
10.063	 2.62	 1	 -42.3857	  173.6746
10.070	 2.37	 1	 -43.8531	  170.3891
10.084	 2.80	 1	 -42.4749	  173.1120
10.085	 2.67	 1	 -43.3691	  172.4220
10.090	 2.86	 1	 -42.5293	  173.3204
10.094	 2.64	 1	 -42.2387	  173.3313
10.107	 2.02	 1	 -42.2554	  173.8712
10.132	 3.09	 1	 -42.0907	  173.6266
10.153	 2.03	 1	 -40.7307	  175.1877
10.156	 2.52	 1	 -42.3308	  173.9145
10.180	 2.92	 2	 -42.7222	  172.8472
10.184	 2.19	 1	 -42.4322	  174.0348
10.186	 2.47	 1	 -41.9912	  174.0973
10.230	 2.36	 1	 -42.6576	  173.1740
10.232	 2.51	 1	 -41.6771	  174.1923
10.240	 2.42	 1	 -42.2534	  173.6421
10.246	 2.33	 2	 -42.5852	  173.1728
10.265	 2.26	 1	 -42.5836	  173.1129
10.311	 2.08	 2	 -42.4207	  173.2456
10.321	 2.79	 1	 -42.2670	  173.6179
10.326	 2.12	 1	 -41.6791	  174.1414
10.330	 2.00	 1	 -42.2723	  173.7032
10.355	 2.00	 1	 -42.5486	  173.4234
10.369	 2.36	 1	 -42.5380	  172.8837
10.384	 2.38	 1	 -42.2674	  173.5043
10.439	 2.04	 1	 -41.9653	  174.1247
10.455	 2.11	 2	 -42.1827	  173.6788
10.496	 3.35	 1	 -42.2060	  173.8187
10.508	 2.02	 1	 -42.2038	  173.5982
10.532	 2.30	 1	 -42.2015	  173.5639
10.533	 2.04	 1	 -42.2920	  173.4839
10.536	 2.40	 1	 -41.7932	  174.2798
10.545	 2.28	 1	 -42.9839	  172.7719
10.553	 2.17	 1	 -42.6216	  173.8345
10.554	 2.65	 2	 -42.3620	  171.8556
10.575	 2.12	 2	 -43.1280	  173.4390
10.580	 3.13	 1	 -42.3624	  172.4619
10.596	 2.61	 1	 -42.0295	  173.7546
10.600	 2.56	 1	 -42.2158	  173.5814
10.607	 2.04	 1	 -43.0933	  173.4205
10.610	 3.56	 1	 -42.4515	  173.8978
10.614	 2.62	 1	 -42.7318	  173.2463
10.644	 2.61	 1	 -41.9799	  174.0631
10.695	 2.33	 1	 -42.4752	  173.4128
10.707	 2.39	 1	 -41.7964	  174.1403
10.739	 2.40	 1	 -45.2040	  174.3193
10.814	 2.04	 1	 -41.6283	  174.2402
10.827	 2.31	 1	 -42.1603	  179.0969
10.835	 2.42	 2	 -42.8088	  172.9496
10.854	 4.13	 1	 -42.2705	  173.4151
10.867	 2.02	 2	 -46.4652	  176.1919
10.881	 2.34	 1	 -42.0351	  174.0148
10.885	 2.08	 1	 -42.5860	  170.5859
10.898	 2.01	 1	 -42.5455	  172.8575
10.899	 2.00	 1	 -42.8830	  173.1609
10.920	 2.11	 1	 -42.1712	  173.6100
10.963	 2.18	 1	 -42.4546	  173.0419
10.982	 2.39	 1	 -41.5564	  174.2397
10.988	 2.71	 1	 -42.6360	  173.2387
11.029	 2.64	 2	 -43.2060	  173.0444
11.072	 2.12	 1	 -43.6716	  171.0807
11.087	 3.68	 1	 -42.1642	  173.4135
11.103	 2.11	 1	 -42.8540	  171.3684
11.103	 2.86	 1	 -46.0560	  172.8556
11.115	 3.22	 2	 -42.1510	  173.3483
11.119	 3.24	 1	 -42.3204	  173.7589
11.128	 2.09	 2	 -42.6137	  172.9531
11.129	 3.62	 1	 -41.7250	  174.2651
11.143	 2.18	 1	 -42.6110	  172.8553
11.148	 3.59	 1	 -44.6509	  177.9967
11.167	 2.17	 1	 -42.4278	  176.9442
11.192	 2.40	 1	 -42.4068	  172.1788
11.196	 2.37	 1	 -41.6649	  174.1301
11.285	 3.08	 1	 -42.2944	  173.6083
11.319	 2.78	 1	 -42.5206	  172.9633
11.323	 2.91	 1	 -42.0757	  173.0740
11.367	 2.01	 1	 -42.5011	  172.8912
11.367	 2.27	 2	 -42.6033	  172.8582
11.375	 3.06	 1	 -41.9039	  173.9666
11.385	 2.34	 1	 -42.3141	  173.6166
11.387	 2.62	 1	 -42.0621	  173.7113
11.400	 2.02	 1	 -42.9339	  175.1741
11.404	 2.66	 2	 -42.2031	  173.8114
11.414	 2.26	 2	 -43.0565	  172.3936
11.435	 2.01	 1	 -41.8010	  174.2109
11.471	 2.23	 1	 -42.4979	  173.2601
11.478	 2.24	 2	 -42.6559	  172.8080
11.480	 2.06	 1	 -42.3943	  174.1518
11.482	 2.00	 2	 -42.6942	  172.8739
11.490	 2.17	 1	 -43.1211	  171.6714
11.491	 2.07	 1	 -42.4936	  173.7635
11.502	 2.18	 2	 -41.6898	  174.2363
11.551	 2.19	 1	 -41.7070	  172.2552
11.566	 2.68	 1	 -45.1367	  177.3343
11.585	 2.22	 1	 -43.2196	  174.3984
11.611	 2.48	 1	 -42.6094	  173.7647
11.626	 2.24	 1	 -42.5884	  173.5114
11.631	 2.44	 1	 -42.5808	  173.0600
11.657	 2.47	 1	 -42.2747	  173.6643
11.665	 2.39	 1	 -41.7210	  174.0068
11.683	 2.41	 2	 -42.8395	  173.0433
11.692	 2.05	 2	 -42.2815	  173.5507
11.726	 2.23	 2	 -42.4609	  172.4067
11.765	 2.48	 1	 -42.0437	  173.6405
11.781	 2.06	 1	 -43.1798	  173.5872
11.785	 2.66	 2	 -42.6874	  172.8617
11.881	 2.32	 2	 -42.6205	  173.5448
11.887	 2.71	 1	 -41.9284	  173.8759
12.014	 2.20	 2	 -42.5669	  173.3692
12.032	 2.54	 3	 -42.5717	  172.9082
12.037	 2.14	 1	 -41.7333	  173.9935
12.064	 2.08	 2	 -42.6109	  172.6985
12.072	 3.58	 1	 -42.3470	  174.0341
12.074	 2.00	 1	 -42.4901	  173.6500
12.084	 2.60	 1	 -39.8045	  176.4765
12.099	 2.51	 1	 -42.8744	  173.0565
12.167	 2.33	 1	 -47.1891	  173.0279
12.195	 4.00	 1	 -43.1215	  171.0555
12.236	 2.29	 1	 -42.1719	  173.6122
12.249	 2.25	 1	 -38.8815	  176.2690
12.259	 2.33	 2	 -41.3648	  175.2152
12.301	 2.12	 1	 -42.4575	  172.1507
12.309	 2.34	 1	 -44.8690	  172.5556
12.368	 2.57	 1	 -42.5409	  172.7063
12.389	 2.57	 1	 -42.1819	  173.7406
12.436	 2.26	 1	 -42.2467	  174.0436
12.501	 2.00	 2	 -43.0056	  172.8433
12.505	 2.46	 1	 -42.2558	  173.5986
12.511	 2.33	 2	 -42.5255	  173.1723
12.523	 3.23	 1	 -42.5579	  172.9679
12.526	 2.70	 1	 -41.9411	  174.0520
12.528	 2.08	 1	 -43.1097	  173.3079
12.537	 2.04	 1	 -41.9206	  173.7234
12.569	 2.59	 1	 -41.9673	  174.1006
12.590	 2.01	 1	 -42.7455	  173.4863
12.629	 3.80	 1	 -42.3079	  173.8321
12.664	 2.62	 1	 -42.6409	  173.0066
12.679	 3.29	 1	 -42.0672	  173.6996
12.691	 3.66	 1	 -42.5432	  173.1512
12.691	 2.28	 1	 -42.5770	  173.4809
12.720	 2.01	 1	 -42.2290	  173.6641
12.721	 2.24	 1	 -41.6264	  174.2293
12.733	 2.21	 1	 -42.1720	  173.7015
12.739	 3.47	 3	 -42.2768	  173.5514
12.758	 2.09	 1	 -43.0267	  174.7768
12.766	 2.07	 1	 -42.3489	  173.1762
12.786	 2.24	 1	 -42.5895	  172.5295
12.815	 2.37	 1	 -41.7106	  174.3191
12.818	 2.47	 1	 -44.5390	  174.4017
12.840	 2.04	 2	 -41.8227	  174.2548
12.860	 2.25	 1	 -41.5639	  174.2639
12.934	 2.21	 1	 -42.3387	  173.8197
12.963	 2.01	 1	 -42.4000	  173.4072
12.968	 2.05	 1	 -41.6649	  174.2661
12.990	 2.32	 1	 -42.3904	  173.8920
12.990	 2.46	 1	 -41.7406	  174.2420
12.991	 2.91	 1	 -41.0878	  173.0461
13.009	 2.13	 1	 -42.6497	  172.9036
13.019	 3.68	 1	 -41.8228	  174.0935
13.063	 2.38	 2	 -43.4352	  179.0532
13.099	 3.77	 2	 -42.3712	  174.0163
13.133	 2.30	 1	 -41.7905	  174.0404
13.136	 2.56	 1	 -41.8363	  173.3664
13.146	 2.03	 1	 -42.7338	  173.4086
13.147	 2.16	 2	 -42.4060	  173.9157
13.147	 2.97	 1	 -42.5318	  173.1834
13.187	 2.48	 1	 -42.0429	  174.9286
13.195	 2.35	 1	 -42.9504	  173.3317
13.206	 2.06	 2	 -42.2056	  172.8963
13.207	 2.71	 1	 -44.2744	  172.6419
13.211	 2.23	 1	 -42.1481	  173.1462
13.241	 2.20	 1	 -41.3689	  173.8690
13.262	 2.31	 1	 -40.8625	  173.9991
13.270	 2.26	 1	 -42.6423	  173.3700
13.316	 2.08	 1	 -42.3826	  173.3843
13.323	 2.06	 1	 -39.6638	  173.7178
13.323	 3.64	 1	 -42.3608	  173.8920
13.344	 2.01	 1	 -42.6217	  172.9303
13.381	 2.42	 2	 -41.6514	  174.2713
13.415	 2.16	 1	 -42.3470	  172.4460
13.465	 2.87	 1	 -42.2204	  173.5792
13.471	 2.22	 1	 -42.3869	  173.0653
13.549	 2.13	 1	 -42.6992	  172.5324
13.598	 2.01	 2	 -42.3421	  174.0419
13.599	 2.41	 1	 -38.3270	  171.5561
13.605	 2.44	 1	 -42.1929	  172.6764
13.606	 2.09	 1	 -42.3613	  173.8503
13.633	 2.41	 1	 -42.4920	  173.6868
13.663	 2.36	 2	 -42.1597	  171.8546
13.667	 2.19	 1	 -42.6819	  173.1301
13.703	 2.44	 1	 -45.0169	  171.7818
13.740	 2.97	 1	 -40.9694	  171.6810
13.745	 2.38	 1	 -41.9290	  171.4555
13.766	 2.25	 1	 -42.2297	  173.7038
13.789	 2.19	 1	 -41.7281	  174.3487
13.810	 2.04	 1	 -42.6604	  174.3060
13.811	 2.06	 1	 -42.0813	  172.9387
13.874	 2.96	 1	 -42.3510	  174.0158
13.880	 2.02	 1	 -42.4338	  173.2300
13.884	 2.03	 1	 -41.7313	  174.3163
13.894	 2.32	 1	 -41.8255	  174.2939
13.905	 2.67	 1	 -43.1678	  169.6064
13.916	 2.35	 1	 -42.0506	  173.3136
13.953	 2.54	 1	 -41.9599	  172.7131
13.970	 2.29	 1	 -41.8229	  173.8298
13.986	 2.63	 1	 -42.3802	  173.2148
14.002	 4.30	 1	 -42.2207	  173.1687
14.074	 2.05	 1	 -43.5763	  173.7948
14.081	 2.28	 1	 -43.1203	  172.7870
14.084	 2.43	 2	 -45.8037	  168.4160
14.092	 2.04	 1	 -41.9432	  173.6733
14.111	 2.45	 2	 -41.7156	  174.2599
14.119	 2.53	 2	 -42.2310	  173.0230
14.125	 2.17	 2	 -42.7916	  172.8344
14.161	 2.22	 1	 -42.5967	  173.0042
14.182	 2.27	 3	 -41.7097	  174.2564
14.190	 2.72	 1	 -42.3435	  174.0262
14.201	 2.01	 1	 -42.1682	  173.6630
14.210	 2.40	 2	 -42.3884	  172.6682
14.210	 3.25	 2	 -42.7331	  172.2995
14.213	 2.52	 1	 -42.1640	  173.5150
14.278	 2.19	 1	 -41.6678	  174.1236
14.341	 2.18	 1	 -38.6280	  170.4054
14.356	 2.32	 1	 -41.8232	  173.7247
14.380	 2.23	 3	 -42.7254	  172.3069
14.404	 2.13	 1	 -42.8215	  173.5135
14.425	 3.09	 1	 -43.1096	  174.3658
14.444	 2.21	 1	 -42.3775	  173.6779
14.467	 2.09	 1	 -42.4655	  173.8655
