# Simulation 525
# RelativeTime(days) Magnitude Generation Latitude Longitude
Time Mag Gen Lat Lon
0.502	 2.22	 1	 -39.0008	  173.6693
0.504	 2.40	 1	 -43.5371	  171.0704
0.504	 2.59	 1	 -44.9767	  171.9987
0.505	 2.05	 1	 -43.0905	  172.8615
0.505	 2.68	 1	 -42.0063	  172.9332
0.506	 2.17	 1	 -42.7994	  172.3322
0.509	 2.61	 1	 -42.1262	  173.4512
0.512	 2.51	 1	 -42.3446	  173.2142
0.512	 2.25	 1	 -43.5368	  173.6042
0.516	 3.18	 1	 -43.2785	  172.8172
0.520	 2.35	 1	 -40.4899	  167.6886
0.520	 2.25	 1	 -42.9114	  173.3886
0.522	 2.98	 1	 -45.1573	  172.2789
0.522	 2.22	 1	 -41.8935	  173.2050
0.523	 2.29	 1	 -42.1051	  172.7825
0.523	 2.83	 1	 -42.5059	  171.4010
0.528	 2.03	 1	 -42.6424	  172.7163
0.529	 2.43	 1	 -43.5771	  174.5414
0.530	 2.25	 1	 -43.0908	  172.6794
0.535	 2.48	 1	 -42.7980	  173.4708
0.536	 2.67	 1	 -39.3058	  169.0793
0.542	 2.20	 1	 -42.1632	  175.0730
0.542	 2.92	 1	 -42.7367	  172.8661
0.542	 2.84	 1	 -43.7002	  170.2157
0.548	 2.40	 1	 -43.7882	  173.8747
0.549	 2.63	 1	 -42.6830	  173.1300
0.550	 2.07	 1	 -41.4643	  174.3563
0.558	 2.20	 1	 -43.1855	  172.9615
0.567	 2.61	 1	 -42.4801	  173.2410
0.568	 2.64	 1	 -42.5215	  170.1209
0.568	 3.41	 1	 -43.0157	  174.8535
0.569	 2.62	 1	 -42.8573	  174.0236
0.570	 2.56	 1	 -41.9873	  174.2402
0.578	 2.04	 1	 -45.4187	  174.2141
0.585	 2.47	 1	 -42.3136	  173.3201
0.588	 2.33	 1	 -40.0385	  171.2806
0.589	 2.77	 1	 -42.5188	  173.9362
0.595	 2.71	 1	 -42.3408	  173.0981
0.595	 2.11	 1	 -42.7656	  173.5538
0.595	 2.31	 1	 -45.0560	  173.4473
0.597	 2.60	 1	 -42.3318	  172.1346
0.605	 3.90	 1	 -43.9480	  167.1476
0.609	 2.18	 1	 -44.4970	  173.0303
0.612	 3.60	 1	 -42.5539	  172.1315
0.612	 2.38	 1	 -41.4477	  172.3714
0.615	 2.87	 1	 -42.8083	  172.8114
0.618	 2.25	 1	 -42.8805	  173.2632
0.619	 2.70	 1	 -42.5385	  173.2214
0.620	 3.10	 1	 -46.1883	  169.7507
0.623	 2.03	 1	 -45.1412	  178.1533
0.628	 3.11	 1	 -42.6822	  172.2582
0.628	 3.09	 1	 -43.0678	  175.7350
0.629	 2.40	 1	 -42.1932	  176.0081
0.630	 2.39	 1	 -42.2164	  173.7898
0.631	 2.03	 1	 -47.0000	  171.2663
0.632	 2.45	 1	 -44.2924	  167.3047
0.635	 4.19	 1	 -46.2955	  169.3618
0.638	 2.65	 1	 -42.5093	  172.6266
0.638	 3.10	 1	 -38.4065	  171.1721
0.639	 2.23	 1	 -43.4326	  173.4822
0.641	 2.13	 1	 -46.0269	  177.1267
0.641	 2.42	 1	 -46.1365	  173.3868
0.643	 2.04	 1	 -41.8142	  172.8694
0.650	 2.13	 1	 -43.1025	  170.9057
0.651	 3.00	 1	 -42.5171	  172.7651
0.653	 2.21	 1	 -42.7800	  173.2507
0.659	 2.55	 1	 -43.1982	  173.0401
0.662	 2.26	 1	 -41.9953	  174.5295
0.663	 2.93	 1	 -44.3067	  173.9693
0.665	 2.10	 1	 -40.7161	  171.9639
0.669	 2.32	 1	 -43.1425	  172.8159
0.672	 2.35	 1	 -45.1840	  167.9293
0.677	 3.02	 1	 -43.7389	  173.2576
0.679	 2.19	 2	 -46.2954	  169.2769
0.692	 2.00	 1	 -47.1891	  173.0065
0.696	 3.28	 1	 -41.4461	  173.0838
0.701	 2.23	 1	 -42.2465	  173.1597
0.705	 2.63	 1	 -42.7488	  172.9339
0.706	 2.28	 1	 -42.9836	  172.3035
0.708	 2.42	 1	 -45.2158	  172.3355
0.709	 2.68	 1	 -42.6558	  172.4822
0.711	 2.44	 1	 -45.7145	  172.8605
0.712	 2.17	 1	 -42.7285	  172.3693
0.717	 2.69	 2	 -46.3013	  169.3363
0.720	 3.03	 1	 -46.2476	  169.2760
0.721	 3.17	 2	 -39.9845	  171.2915
0.721	 2.27	 2	 -42.9823	  172.2389
0.725	 2.82	 1	 -42.2263	  173.2515
0.726	 3.65	 1	 -42.6223	  172.5981
0.737	 2.51	 1	 -42.0856	  166.9603
0.741	 3.05	 1	 -42.1459	  172.9011
0.744	 2.81	 1	 -43.4751	  174.6266
0.747	 2.28	 1	 -44.3385	  167.3289
0.748	 2.32	 1	 -43.5888	  169.8129
0.752	 2.35	 1	 -43.0431	  172.3301
0.762	 2.67	 1	 -43.0696	  173.5624
0.764	 2.30	 2	 -46.2550	  169.3316
0.782	 2.89	 1	 -43.2638	  169.0661
0.783	 2.38	 1	 -40.9414	  177.6266
0.787	 2.80	 1	 -47.0922	  171.7586
0.787	 2.08	 1	 -42.9409	  173.6363
0.790	 2.85	 1	 -45.1651	  174.4401
0.792	 2.14	 1	 -43.1428	  172.6821
0.803	 2.04	 1	 -43.4191	  174.0483
0.804	 3.18	 1	 -42.8712	  173.8967
0.811	 2.18	 1	 -45.0929	  178.1954
0.812	 2.39	 1	 -42.8794	  172.9979
0.814	 2.40	 1	 -41.7315	  178.3565
0.822	 2.24	 1	 -42.0381	  174.9106
0.827	 2.87	 1	 -43.6681	  171.5173
0.830	 2.68	 1	 -39.2968	  177.0324
0.834	 2.07	 1	 -43.2273	  172.4888
0.835	 2.54	 1	 -42.5321	  174.0384
0.840	 2.78	 1	 -41.5047	  171.6509
0.848	 2.40	 1	 -42.8185	  166.9067
0.851	 3.08	 1	 -42.9565	  173.3479
0.855	 2.80	 1	 -43.2575	  173.1568
0.856	 2.15	 2	 -43.2597	  173.1597
0.880	 2.23	 1	 -41.3971	  174.4023
0.887	 3.31	 1	 -43.8202	  171.2036
0.893	 4.05	 1	 -42.3922	  175.1369
0.896	 2.04	 1	 -45.2644	  178.0405
0.907	 2.31	 1	 -41.9951	  174.0771
0.907	 2.41	 1	 -42.5951	  174.1507
0.908	 2.14	 1	 -42.4936	  172.4185
0.909	 2.37	 1	 -42.6601	  171.5272
0.923	 2.29	 2	 -42.3923	  175.0754
0.931	 2.69	 1	 -44.0077	  175.6165
0.945	 2.41	 1	 -41.8524	  174.3046
0.946	 2.28	 1	 -41.6590	  172.9396
0.950	 3.24	 1	 -42.1373	  172.3707
0.950	 2.75	 1	 -42.1036	  173.0458
0.956	 2.36	 1	 -42.3092	  167.5857
0.959	 2.19	 1	 -43.5002	  172.7917
0.969	 2.32	 1	 -42.0642	  170.5677
0.969	 2.03	 1	 -42.2701	  176.5293
0.972	 2.18	 1	 -42.7992	  175.8466
0.975	 2.73	 1	 -46.0323	  173.2969
0.979	 2.15	 1	 -44.0868	  173.4111
0.982	 2.87	 1	 -42.7468	  173.0777
0.992	 2.79	 1	 -43.4487	  173.6678
0.994	 2.32	 1	 -44.2884	  169.5022
0.995	 2.73	 1	 -43.7158	  174.7826
1.000	 2.35	 1	 -40.9145	  178.6414
1.002	 2.06	 1	 -42.9081	  172.1693
1.003	 2.12	 1	 -44.0989	  167.3581
1.006	 3.28	 1	 -43.6096	  170.9971
1.007	 2.50	 1	 -42.1394	  173.3255
1.009	 2.35	 1	 -45.4530	  171.6445
1.010	 2.47	 1	 -42.7087	  174.1568
1.023	 2.38	 1	 -47.0023	  174.7672
1.023	 2.39	 1	 -41.8270	  173.1718
1.034	 2.10	 1	 -42.7847	  174.7098
1.055	 2.06	 1	 -42.9181	  173.3780
1.055	 2.86	 1	 -44.4879	  173.0659
1.061	 2.03	 1	 -46.8301	  170.6266
1.062	 2.31	 1	 -44.9939	  178.2779
1.068	 2.09	 1	 -42.7051	  172.8081
1.070	 2.37	 1	 -42.8824	  173.3313
1.073	 2.53	 1	 -41.8588	  167.0104
1.077	 2.23	 1	 -41.6019	  171.4507
1.078	 2.14	 1	 -42.5855	  172.9674
1.084	 2.14	 1	 -42.9852	  169.2154
1.085	 2.29	 1	 -43.5093	  168.7172
1.087	 2.71	 1	 -42.6993	  172.2316
1.103	 2.01	 1	 -42.9753	  174.2077
1.108	 2.00	 2	 -43.2690	  172.8886
1.120	 2.55	 1	 -45.2600	  178.0447
1.125	 3.11	 1	 -42.6705	  173.2984
1.125	 2.01	 1	 -42.7227	  173.9334
1.129	 2.54	 1	 -42.3479	  172.9449
1.131	 2.17	 1	 -47.1678	  173.6177
1.133	 2.06	 1	 -42.6746	  172.2634
1.136	 2.34	 1	 -42.7902	  173.3348
1.139	 2.01	 1	 -40.9374	  173.6669
1.144	 2.24	 1	 -42.6739	  173.6810
1.147	 2.65	 1	 -42.9851	  172.1068
1.167	 2.00	 1	 -42.3385	  173.9988
1.169	 2.63	 1	 -42.2305	  173.0628
1.171	 2.11	 1	 -42.9775	  173.1887
1.176	 2.09	 1	 -44.0459	  172.8838
1.177	 2.40	 1	 -43.9458	  169.6098
1.178	 2.50	 1	 -42.4227	  170.5448
1.178	 2.31	 1	 -42.0161	  172.7283
1.181	 4.70	 1	 -42.2390	  174.7149
1.183	 2.01	 1	 -42.7686	  174.9915
1.183	 2.28	 2	 -42.2421	  174.7156
1.183	 3.19	 2	 -42.2224	  174.7617
1.183	 2.17	 1	 -43.3457	  171.8882
1.189	 2.39	 1	 -42.6930	  173.1866
1.194	 2.11	 1	 -42.9238	  173.5632
1.198	 2.46	 1	 -42.2164	  172.4953
1.207	 2.67	 1	 -44.7099	  172.3093
1.210	 3.02	 1	 -42.5766	  173.1456
1.211	 2.85	 2	 -42.3331	  173.9966
1.213	 3.23	 1	 -41.0188	  171.5643
1.215	 2.34	 1	 -42.3719	  174.5652
1.216	 2.02	 1	 -42.4596	  171.9648
1.230	 2.58	 1	 -41.5840	  173.6929
1.231	 2.17	 1	 -46.3550	  170.9220
1.240	 2.07	 1	 -43.3966	  172.9914
1.250	 2.50	 2	 -38.4091	  171.1573
1.250	 2.32	 1	 -42.8059	  173.2027
1.252	 2.26	 1	 -42.8646	  173.3505
1.263	 2.64	 1	 -41.9217	  172.3419
1.269	 2.18	 1	 -43.3692	  172.6485
1.282	 2.84	 1	 -43.0988	  172.5221
1.283	 2.24	 1	 -43.2427	  173.2822
1.302	 2.16	 1	 -42.6901	  173.3745
1.303	 2.37	 1	 -41.6969	  172.9353
1.304	 2.16	 1	 -42.9927	  169.0069
1.306	 2.80	 1	 -42.8088	  172.9206
1.310	 2.17	 1	 -42.4871	  173.1805
1.327	 2.36	 1	 -38.7206	  170.1543
1.331	 2.21	 1	 -42.3151	  173.1442
1.336	 2.02	 1	 -42.9032	  172.8436
1.350	 2.51	 1	 -40.0925	  173.0367
1.352	 2.25	 1	 -43.0015	  172.7019
1.363	 3.39	 1	 -42.3244	  173.3596
1.365	 2.28	 1	 -42.2815	  173.6469
1.368	 2.62	 1	 -42.4133	  172.8433
1.375	 2.01	 1	 -43.1213	  171.3797
1.380	 2.01	 1	 -42.8896	  172.2745
1.386	 2.56	 1	 -42.5400	  173.2935
1.391	 2.08	 1	 -38.7096	  170.1827
1.398	 2.50	 1	 -40.7253	  172.6243
1.399	 2.02	 1	 -41.2777	  171.6007
1.403	 2.52	 1	 -41.7238	  167.0480
1.406	 2.23	 1	 -47.1143	  174.1337
1.407	 3.12	 1	 -46.4968	  169.7606
1.409	 2.09	 2	 -42.2234	  174.7397
1.410	 2.50	 1	 -41.2568	  173.3690
1.413	 2.15	 1	 -41.2244	  174.5949
1.415	 2.27	 1	 -42.4237	  172.6806
1.443	 2.43	 1	 -44.0282	  178.1800
1.444	 2.71	 1	 -42.6422	  173.5402
1.449	 2.65	 1	 -41.2136	  175.0493
1.449	 2.92	 1	 -38.4229	  171.6938
1.455	 2.35	 1	 -43.2827	  175.0616
1.460	 2.80	 1	 -39.1128	  171.1734
1.460	 2.05	 1	 -42.9807	  173.4102
1.476	 3.23	 1	 -42.7796	  172.7476
1.480	 2.04	 1	 -42.9789	  171.3137
1.483	 2.03	 1	 -38.5956	  175.5436
1.483	 2.23	 1	 -42.5814	  173.3609
1.486	 2.02	 1	 -42.0710	  170.4952
1.488	 2.56	 1	 -41.4909	  171.7478
1.501	 2.30	 2	 -39.1129	  171.1807
1.509	 2.10	 1	 -42.6446	  173.3824
1.511	 2.14	 1	 -44.0267	  169.8941
1.530	 2.64	 1	 -43.6053	  171.5553
1.534	 2.23	 1	 -42.1365	  175.4424
1.543	 2.06	 1	 -42.9296	  172.7454
1.548	 2.09	 1	 -42.8458	  172.9254
1.550	 2.27	 1	 -42.2380	  172.5650
1.554	 2.32	 1	 -42.7747	  172.7298
1.555	 2.50	 1	 -42.2491	  172.8502
1.566	 2.13	 1	 -39.8609	  176.9592
1.571	 2.04	 1	 -42.8063	  172.3920
1.576	 3.02	 1	 -42.2289	  173.8286
1.577	 2.17	 1	 -42.4575	  172.3900
1.589	 2.13	 1	 -42.6430	  174.6656
1.593	 2.16	 1	 -42.9178	  173.9906
1.596	 2.27	 1	 -43.3739	  172.9716
1.607	 2.02	 1	 -39.5368	  172.9892
1.608	 2.28	 1	 -43.0244	  175.4796
1.617	 2.44	 1	 -41.0951	  167.9700
1.619	 2.52	 1	 -44.5592	  172.3050
1.624	 2.37	 1	 -42.5951	  171.2449
1.633	 2.05	 1	 -41.8556	  171.5195
1.633	 2.29	 1	 -42.3490	  173.1622
1.634	 2.37	 1	 -41.2496	  176.0069
1.635	 2.54	 1	 -43.8284	  173.8184
1.641	 2.06	 1	 -42.6878	  173.1881
1.642	 3.39	 1	 -42.9227	  172.3815
1.642	 2.00	 1	 -42.5653	  173.9621
1.646	 2.45	 1	 -42.4517	  172.9014
1.647	 2.04	 1	 -42.9956	  173.1985
1.649	 2.90	 1	 -41.7653	  171.7917
1.667	 2.29	 1	 -42.1812	  172.4314
1.668	 3.18	 1	 -39.9619	  172.0473
1.680	 2.05	 1	 -40.7267	  171.2348
1.680	 2.26	 1	 -43.9614	  173.5733
1.684	 2.21	 1	 -42.6326	  173.3786
1.692	 2.17	 1	 -42.4935	  173.1975
1.697	 3.26	 1	 -43.8941	  172.7212
1.715	 2.11	 1	 -42.7749	  172.7963
1.715	 2.09	 1	 -42.4108	  171.3127
1.734	 2.10	 2	 -43.8839	  172.7344
1.734	 2.19	 1	 -43.4914	  174.6166
1.737	 2.40	 1	 -43.1259	  173.7918
1.747	 2.39	 2	 -42.3117	  174.7596
1.759	 3.71	 1	 -42.8094	  171.8519
1.761	 2.16	 1	 -40.0227	  168.0994
1.767	 2.00	 1	 -45.7207	  177.5447
1.778	 2.71	 1	 -43.4455	  170.6462
1.788	 2.03	 1	 -47.0997	  174.2363
1.797	 2.75	 2	 -42.1347	  170.4408
1.798	 2.15	 1	 -45.2502	  174.1436
1.802	 2.18	 1	 -43.4030	  172.6987
1.817	 2.15	 1	 -45.8710	  177.3496
1.842	 2.00	 1	 -42.5399	  177.5314
1.842	 2.32	 1	 -43.5959	  172.1859
1.871	 2.48	 1	 -42.5820	  179.1381
1.875	 2.08	 1	 -42.8152	  172.9667
1.880	 3.29	 1	 -42.8640	  172.8301
1.892	 2.19	 1	 -43.6472	  171.0180
1.898	 2.89	 1	 -43.2100	  166.9450
1.903	 3.15	 1	 -44.0086	  172.9950
1.916	 2.56	 1	 -43.0162	  173.2322
1.917	 2.61	 1	 -42.9789	  173.1831
1.943	 2.01	 1	 -42.9846	  174.8128
1.952	 2.89	 1	 -40.3209	  173.8233
1.965	 2.62	 1	 -40.5965	  167.6096
1.969	 2.27	 1	 -44.0524	  178.8535
1.973	 2.23	 1	 -45.0654	  175.3775
1.975	 2.19	 1	 -42.3373	  172.8952
1.981	 2.37	 1	 -42.8447	  172.5357
1.981	 2.17	 1	 -42.0782	  173.2231
1.983	 2.66	 1	 -40.8675	  174.2185
1.989	 2.01	 1	 -42.3653	  172.5749
1.994	 2.01	 1	 -42.7115	  172.6133
1.994	 2.03	 1	 -43.2638	  172.3221
2.000	 2.28	 1	 -43.2418	  172.4173
2.003	 2.11	 2	 -43.2106	  166.9512
2.014	 3.57	 1	 -43.6886	  173.3765
2.017	 2.50	 1	 -42.8544	  172.3342
2.027	 2.15	 1	 -43.0338	  173.5723
2.030	 2.83	 1	 -42.2269	  173.1750
2.031	 2.21	 1	 -42.2583	  173.1170
2.034	 2.05	 1	 -45.2140	  169.9664
2.037	 2.61	 1	 -42.8352	  172.7880
2.043	 2.10	 1	 -41.5059	  177.8028
2.055	 2.77	 1	 -43.1585	  171.2149
2.069	 2.23	 1	 -47.1889	  173.0866
2.078	 2.21	 1	 -42.1474	  172.1209
2.090	 2.34	 1	 -41.2743	  172.9663
2.091	 2.23	 1	 -47.1626	  172.3588
2.099	 2.62	 1	 -43.2237	  173.6839
2.100	 2.06	 1	 -42.8197	  173.5166
2.100	 2.38	 1	 -44.1043	  172.8687
2.112	 2.10	 1	 -42.6644	  172.8512
2.118	 2.35	 1	 -44.6604	  172.4164
2.120	 2.55	 1	 -42.9159	  172.5284
2.126	 2.36	 1	 -41.5372	  173.5978
2.130	 2.42	 1	 -43.7683	  173.8488
2.132	 2.14	 1	 -46.2064	  171.5328
2.153	 2.04	 1	 -41.8907	  173.2684
2.156	 2.27	 1	 -42.6498	  173.0291
2.157	 2.36	 1	 -41.1949	  172.5490
2.160	 3.25	 1	 -42.2876	  174.9897
2.163	 2.04	 1	 -39.1803	  176.8422
2.177	 2.04	 1	 -42.6290	  173.0714
2.178	 2.72	 1	 -43.3609	  175.8067
2.207	 2.85	 2	 -42.5624	  173.9602
2.211	 3.15	 1	 -42.4623	  171.2230
2.212	 2.46	 1	 -44.6882	  174.6198
2.220	 2.34	 2	 -42.9889	  172.7588
2.224	 2.20	 1	 -42.3182	  173.2905
2.233	 2.19	 1	 -42.2850	  172.2532
2.255	 2.31	 1	 -43.7280	  171.8119
2.276	 2.33	 1	 -43.1910	  173.2357
2.289	 2.51	 1	 -38.6632	  170.3067
2.303	 2.10	 1	 -45.8902	  174.1262
2.314	 2.33	 1	 -43.0508	  172.1673
2.317	 2.18	 1	 -42.5801	  172.2773
2.334	 2.13	 1	 -45.0668	  171.8524
2.336	 2.56	 1	 -43.1698	  173.1087
2.343	 2.07	 1	 -42.1335	  173.6682
2.344	 2.02	 1	 -43.7464	  172.1969
2.347	 2.78	 1	 -42.3575	  173.6900
2.378	 3.10	 1	 -43.4089	  172.7442
2.381	 3.50	 1	 -42.4824	  171.8282
2.433	 3.26	 1	 -43.3498	  172.4696
2.437	 3.05	 1	 -41.8434	  173.9411
2.443	 2.86	 1	 -42.8478	  171.8734
2.473	 2.16	 1	 -42.4078	  175.4043
2.477	 2.11	 1	 -42.5246	  172.5966
2.481	 2.36	 1	 -42.9500	  173.1458
2.484	 2.38	 1	 -42.5183	  173.0117
2.497	 2.30	 1	 -41.2450	  174.7913
2.501	 2.07	 1	 -43.1266	  172.5799
2.520	 2.07	 1	 -43.0361	  173.4210
2.533	 2.54	 1	 -44.6584	  171.8053
2.534	 2.14	 1	 -38.7894	  176.0599
2.545	 2.02	 1	 -43.1778	  173.8204
2.550	 2.38	 1	 -41.3642	  172.9103
2.580	 2.16	 1	 -43.2721	  172.2414
2.584	 2.16	 1	 -38.2860	  171.8038
2.586	 2.33	 1	 -44.0958	  174.1984
2.599	 2.47	 1	 -42.6395	  173.1644
2.600	 2.48	 1	 -42.3897	  171.8432
2.612	 2.11	 1	 -42.8873	  172.9879
2.632	 2.37	 1	 -43.1669	  172.0778
2.638	 2.20	 1	 -42.7062	  172.3688
2.644	 2.16	 1	 -38.2273	  173.7441
2.647	 2.39	 1	 -42.9653	  172.4247
2.652	 2.68	 1	 -43.8093	  172.8953
2.657	 2.05	 1	 -42.2425	  172.2449
2.657	 2.55	 1	 -42.1382	  172.5002
2.685	 2.42	 1	 -42.8929	  173.6435
2.691	 2.09	 1	 -42.0511	  172.5275
2.712	 2.07	 1	 -43.9030	  170.8892
2.714	 2.34	 1	 -42.8735	  172.6834
2.714	 2.29	 1	 -42.6871	  173.1755
2.714	 2.25	 1	 -42.5269	  172.1765
2.715	 2.34	 1	 -45.8985	  168.7323
2.735	 2.04	 1	 -43.1786	  173.4666
2.738	 2.44	 1	 -43.0235	  172.4968
2.751	 2.07	 1	 -43.1458	  172.5777
2.769	 2.15	 1	 -42.5547	  172.4981
2.773	 2.77	 1	 -42.1348	  172.7669
2.795	 2.08	 2	 -42.2423	  173.8361
2.796	 2.59	 1	 -44.2659	  175.4195
2.825	 2.16	 1	 -40.6999	  170.6364
2.849	 2.03	 1	 -42.3646	  173.1561
2.889	 2.26	 1	 -43.0110	  172.6739
2.909	 2.62	 1	 -43.4211	  166.9852
2.924	 3.77	 1	 -42.8175	  174.3622
2.927	 2.46	 1	 -41.6754	  176.3298
2.941	 2.90	 1	 -42.9223	  170.9007
2.943	 2.50	 1	 -42.3680	  173.6489
2.944	 2.37	 1	 -42.3023	  172.4537
2.945	 2.40	 1	 -47.1804	  173.4030
2.948	 2.16	 1	 -46.3044	  176.6663
2.964	 2.00	 1	 -38.2754	  174.1673
2.968	 3.52	 1	 -42.7690	  174.0939
2.981	 2.48	 1	 -41.2211	  176.6200
2.986	 2.58	 1	 -42.0303	  173.3618
2.987	 2.06	 1	 -42.6577	  173.2369
2.992	 2.24	 1	 -42.2506	  174.7317
3.007	 2.07	 1	 -42.9224	  175.9311
3.010	 2.05	 1	 -42.5469	  171.0229
3.013	 2.30	 1	 -42.8646	  172.9979
3.017	 2.04	 1	 -39.9983	  176.1567
3.029	 2.63	 1	 -42.3049	  173.3234
3.097	 2.06	 1	 -44.8947	  174.3917
3.103	 2.82	 2	 -42.4885	  171.8348
3.123	 2.12	 2	 -43.9534	  167.1232
3.128	 2.07	 1	 -42.4935	  173.8160
3.154	 2.12	 1	 -43.0568	  172.9939
3.165	 2.56	 1	 -42.6546	  172.5963
3.178	 2.23	 1	 -42.5708	  173.7177
3.181	 2.56	 1	 -42.4899	  173.7833
3.207	 2.40	 1	 -43.0113	  173.3546
3.211	 2.34	 1	 -42.6164	  172.0718
3.241	 2.49	 1	 -42.1372	  172.7943
3.254	 2.37	 2	 -42.7967	  174.3085
3.276	 2.57	 1	 -43.1595	  173.2076
3.298	 2.15	 1	 -42.7068	  172.5210
3.307	 4.07	 1	 -46.5831	  169.9548
3.307	 2.83	 2	 -46.5817	  169.9549
3.307	 2.38	 1	 -42.2502	  173.3677
3.317	 2.84	 1	 -43.0087	  172.5085
3.322	 2.06	 2	 -42.2480	  173.3683
3.344	 2.06	 1	 -42.7672	  172.7267
3.345	 3.13	 1	 -41.9989	  174.3101
3.361	 2.62	 1	 -44.2415	  172.5093
3.375	 2.02	 1	 -39.2474	  171.6173
3.405	 2.51	 1	 -43.2798	  174.1635
3.418	 2.12	 1	 -43.0335	  173.1803
3.445	 2.95	 1	 -41.8952	  173.5211
3.450	 2.37	 1	 -42.4640	  172.6202
3.469	 2.71	 1	 -42.4894	  173.8095
3.521	 2.80	 1	 -46.9673	  174.9200
3.538	 2.03	 1	 -42.6665	  174.0117
3.586	 2.29	 1	 -42.0760	  172.9238
3.604	 2.10	 1	 -43.5141	  171.1069
3.606	 2.15	 1	 -42.3425	  173.8359
3.621	 2.57	 1	 -39.6804	  168.4798
3.622	 2.93	 1	 -43.3833	  173.8767
3.632	 3.12	 1	 -41.9251	  172.7806
3.654	 2.82	 1	 -43.5496	  173.3647
3.721	 2.23	 1	 -43.0711	  173.3027
3.728	 2.64	 1	 -42.2453	  173.4249
3.732	 2.53	 1	 -42.0990	  174.9720
3.762	 2.07	 1	 -42.7260	  172.8514
3.789	 2.13	 1	 -38.2486	  173.9553
3.799	 2.18	 1	 -43.4314	  172.7717
3.802	 2.15	 1	 -43.6938	  178.9863
3.831	 3.15	 1	 -43.1974	  173.0380
3.857	 2.86	 1	 -42.6063	  173.3864
3.875	 2.41	 1	 -42.0045	  172.9035
3.892	 2.47	 1	 -42.4737	  173.5724
3.893	 2.39	 1	 -42.8960	  173.4652
3.895	 3.69	 1	 -42.8598	  173.5154
3.899	 2.04	 1	 -43.7416	  173.8727
3.914	 2.02	 1	 -41.7486	  171.3668
3.928	 2.01	 1	 -42.2679	  173.0249
3.953	 2.37	 2	 -43.1966	  173.0371
3.988	 2.27	 2	 -46.6250	  169.9120
4.000	 2.20	 1	 -40.7862	  175.6118
4.018	 2.65	 1	 -42.2749	  172.7405
4.040	 2.29	 1	 -42.6420	  179.1396
4.044	 2.12	 1	 -42.2901	  173.5849
4.056	 2.29	 1	 -43.7452	  171.8590
4.082	 2.26	 1	 -38.2371	  172.1958
4.123	 2.01	 1	 -44.1365	  174.3137
4.136	 2.68	 1	 -42.4517	  173.6740
4.175	 2.47	 1	 -42.6474	  172.5067
4.184	 2.07	 1	 -42.9783	  173.1144
4.200	 3.35	 1	 -39.1289	  176.7532
4.201	 2.28	 1	 -41.4691	  172.2618
4.255	 2.21	 1	 -43.3559	  172.4276
4.268	 3.03	 1	 -41.2593	  174.3262
4.305	 2.92	 1	 -42.8244	  173.1164
4.306	 2.77	 1	 -47.1859	  172.7884
4.314	 2.66	 1	 -43.6545	  171.2748
4.321	 2.46	 1	 -43.6259	  173.0573
4.331	 2.35	 1	 -40.9098	  176.7862
4.405	 2.58	 1	 -45.4768	  168.2182
4.439	 3.22	 2	 -42.3083	  174.7342
4.444	 3.62	 1	 -42.7393	  172.9879
4.474	 2.19	 1	 -43.3895	  173.1734
4.486	 2.91	 1	 -42.0970	  173.0534
4.489	 3.78	 1	 -42.2861	  172.4056
4.496	 4.11	 1	 -42.4413	  170.7468
4.500	 2.79	 2	 -42.2863	  172.4083
4.500	 2.18	 1	 -41.4735	  171.4379
4.513	 3.00	 2	 -42.3446	  170.7353
4.520	 2.14	 1	 -42.3364	  173.5134
4.541	 2.01	 1	 -47.0192	  171.3562
4.544	 2.36	 1	 -38.3269	  171.5564
4.589	 2.16	 1	 -43.2729	  166.9555
4.590	 2.24	 1	 -43.7958	  173.5587
4.608	 2.46	 2	 -42.4336	  170.7567
4.641	 2.81	 1	 -43.2699	  172.5831
4.653	 2.06	 1	 -42.7827	  173.2885
4.664	 2.48	 1	 -42.4190	  173.9162
4.668	 2.04	 1	 -43.0480	  174.2197
4.682	 2.43	 1	 -39.8718	  176.9366
4.682	 2.43	 1	 -39.1170	  176.7319
4.695	 3.44	 1	 -42.7010	  172.8547
4.723	 2.55	 1	 -42.5916	  172.5517
4.738	 2.75	 1	 -40.8376	  176.9443
4.753	 2.50	 3	 -42.3081	  174.7365
4.760	 2.13	 1	 -43.0472	  173.1807
4.773	 2.09	 1	 -42.8216	  173.7288
4.873	 2.05	 1	 -45.1688	  167.9156
4.882	 2.11	 1	 -42.0533	  171.4130
4.897	 4.43	 1	 -43.5835	  174.4690
4.919	 2.09	 2	 -43.5941	  174.4740
4.934	 2.89	 2	 -43.6075	  174.4593
4.940	 2.04	 2	 -43.5843	  174.4707
4.946	 2.29	 1	 -43.2681	  173.6233
4.953	 2.02	 1	 -42.7640	  173.0333
4.960	 2.47	 1	 -42.4150	  173.7645
5.060	 2.66	 1	 -41.8969	  173.6166
5.066	 2.25	 1	 -43.0908	  173.2533
5.091	 2.46	 1	 -43.5615	  173.5657
5.095	 2.17	 1	 -41.5178	  173.8728
5.117	 2.46	 1	 -42.0620	  179.0795
5.125	 3.15	 1	 -42.7573	  173.9589
5.126	 2.46	 2	 -42.7517	  173.9592
5.174	 2.23	 1	 -41.5571	  174.7869
5.174	 2.76	 1	 -45.2434	  173.7610
5.178	 2.42	 1	 -42.8827	  173.8762
5.206	 2.21	 2	 -43.6342	  174.4064
5.211	 2.21	 1	 -42.8821	  172.7977
5.215	 2.17	 1	 -42.8710	  172.3151
5.223	 2.45	 1	 -42.9769	  173.5116
5.227	 2.07	 1	 -42.6087	  170.2396
5.233	 2.06	 1	 -42.5205	  173.4128
5.234	 2.17	 2	 -43.5329	  174.5070
5.243	 2.09	 1	 -42.4790	  173.3342
5.258	 2.08	 1	 -42.7648	  173.8306
5.265	 2.51	 1	 -46.9435	  171.0278
5.268	 2.44	 1	 -41.9623	  172.8754
5.312	 3.03	 1	 -43.2823	  173.1086
5.342	 2.25	 1	 -43.0705	  174.0510
5.350	 3.27	 1	 -40.4520	  169.7623
5.369	 2.17	 1	 -41.7499	  173.2116
5.383	 2.25	 1	 -38.2861	  174.2412
5.396	 3.08	 1	 -43.7770	  175.1513
5.440	 3.19	 1	 -43.0883	  175.5861
5.454	 2.77	 1	 -38.2513	  173.9790
5.484	 2.35	 1	 -42.1522	  173.6170
5.487	 2.75	 1	 -43.5041	  172.1836
5.496	 2.03	 1	 -42.4929	  173.2974
5.506	 2.30	 2	 -43.7871	  175.1380
5.506	 2.09	 2	 -42.3616	  174.8663
5.509	 2.62	 1	 -42.8213	  172.6020
5.514	 2.16	 1	 -46.0778	  168.9955
5.544	 2.05	 1	 -43.5481	  173.9303
5.567	 2.20	 1	 -41.7050	  173.1622
5.588	 3.32	 1	 -41.1914	  178.7890
5.592	 2.09	 1	 -43.0480	  179.1208
5.629	 2.03	 1	 -39.9806	  170.3331
5.644	 2.17	 1	 -38.1988	  173.2396
5.668	 2.77	 1	 -39.5081	  168.7028
5.678	 2.37	 1	 -42.6206	  173.9328
5.819	 3.08	 2	 -42.2355	  174.7105
5.845	 3.01	 1	 -42.1123	  172.2825
5.852	 3.60	 1	 -41.4365	  172.8678
5.866	 3.18	 1	 -41.7358	  174.1602
5.877	 2.19	 1	 -42.7878	  173.0091
5.949	 2.85	 1	 -42.4629	  171.0510
5.955	 2.51	 1	 -42.5124	  170.2706
5.967	 2.14	 1	 -41.2455	  172.2006
5.996	 2.06	 1	 -41.1502	  173.9417
6.008	 2.10	 1	 -38.2467	  172.1053
6.020	 2.84	 1	 -46.3385	  176.6028
6.070	 2.41	 1	 -42.5414	  171.4535
6.070	 3.14	 1	 -43.9352	  173.1642
6.071	 2.27	 1	 -40.4196	  167.7434
6.088	 2.39	 1	 -42.3730	  172.8612
6.113	 3.07	 1	 -42.1072	  172.6518
6.159	 2.24	 1	 -42.8077	  173.3030
6.167	 2.01	 1	 -44.6899	  172.1828
6.244	 3.03	 1	 -44.4398	  171.1205
6.257	 2.20	 2	 -44.4375	  171.1041
6.322	 2.34	 1	 -42.5101	  172.7400
6.332	 2.42	 1	 -42.5108	  174.3789
6.377	 2.22	 1	 -42.3727	  174.1673
6.415	 2.27	 1	 -40.5251	  175.6597
6.456	 2.10	 1	 -43.0920	  170.9005
6.456	 2.28	 1	 -46.6455	  170.1061
6.461	 2.22	 1	 -41.2322	  174.2423
6.473	 2.28	 2	 -42.8186	  174.3709
6.480	 2.43	 2	 -41.1940	  178.7866
6.576	 2.49	 1	 -42.1990	  172.2105
6.613	 2.01	 1	 -41.5191	  171.5508
6.657	 2.11	 1	 -42.6670	  172.9442
6.706	 2.24	 1	 -42.8963	  173.5820
6.803	 2.08	 1	 -44.9080	  170.7270
6.811	 2.49	 1	 -41.8178	  172.8939
6.830	 2.07	 1	 -42.6195	  173.1585
6.836	 2.47	 1	 -42.1047	  172.9520
6.858	 2.61	 2	 -43.5815	  174.4695
6.869	 2.41	 2	 -42.8209	  174.3520
6.882	 2.96	 1	 -42.2152	  173.7333
6.893	 2.26	 1	 -42.8378	  172.4942
6.977	 2.04	 1	 -42.4446	  172.1964
6.979	 2.64	 1	 -43.9248	  169.5249
6.998	 2.86	 1	 -43.1295	  173.4223
7.068	 2.38	 1	 -41.6897	  171.6360
7.102	 2.16	 1	 -43.1255	  174.9738
7.117	 2.50	 1	 -42.5016	  173.1806
7.124	 2.43	 1	 -42.2508	  172.7598
7.196	 2.30	 1	 -41.5511	  172.8165
7.206	 2.14	 1	 -42.9530	  173.1911
7.226	 2.04	 1	 -42.3443	  172.9315
7.229	 2.10	 1	 -42.9030	  172.2344
7.241	 2.92	 1	 -43.8356	  172.2206
7.256	 2.13	 1	 -44.1850	  171.8447
7.293	 2.09	 1	 -42.8726	  172.8401
7.308	 2.27	 1	 -42.5626	  172.5052
7.373	 2.01	 1	 -42.5130	  173.2621
7.391	 2.30	 1	 -42.3055	  172.7239
7.404	 2.16	 1	 -42.7394	  173.1271
7.421	 2.20	 1	 -42.6450	  173.0907
7.442	 2.95	 1	 -41.1726	  171.5485
7.449	 4.12	 1	 -42.7752	  173.9102
7.468	 2.57	 1	 -43.0150	  172.0326
7.471	 2.23	 1	 -42.7851	  171.7764
7.474	 2.06	 1	 -38.1970	  173.1569
7.533	 3.33	 1	 -43.6596	  172.5271
7.538	 2.29	 1	 -43.1131	  171.6001
7.538	 2.61	 1	 -42.6108	  172.5215
7.543	 2.20	 1	 -42.4757	  172.8517
7.562	 2.15	 1	 -42.9846	  173.4569
7.565	 2.16	 1	 -42.4391	  172.4607
7.586	 2.20	 1	 -43.1565	  173.0393
7.623	 2.02	 1	 -43.2065	  174.6425
7.632	 2.34	 1	 -42.5412	  172.8855
7.710	 2.58	 1	 -43.1276	  179.1113
7.749	 2.16	 1	 -41.6977	  174.2634
7.840	 2.14	 1	 -42.5251	  179.1357
7.854	 2.62	 1	 -42.8995	  172.4243
7.886	 2.13	 1	 -42.7821	  173.3025
7.958	 3.58	 1	 -42.3374	  173.3581
7.963	 2.04	 1	 -42.4060	  173.4497
7.978	 3.41	 1	 -43.0145	  173.6542
8.021	 2.22	 1	 -43.4277	  175.4202
8.040	 2.49	 1	 -43.2885	  175.8998
8.060	 2.23	 1	 -43.2934	  173.0890
8.096	 2.18	 1	 -42.9961	  172.6265
8.106	 2.16	 1	 -43.6952	  172.7652
8.146	 2.36	 1	 -42.5555	  174.1918
8.204	 2.27	 1	 -42.7917	  173.5476
8.218	 2.01	 1	 -41.5046	  172.8820
8.234	 2.28	 1	 -41.8410	  172.1397
8.270	 2.31	 2	 -38.4035	  171.1647
8.287	 3.20	 1	 -42.4705	  174.0265
8.337	 3.04	 1	 -46.1054	  173.5296
8.357	 2.44	 1	 -43.1141	  173.8689
8.365	 2.89	 1	 -43.2611	  172.2835
8.369	 2.67	 1	 -42.1335	  174.0594
8.370	 2.28	 2	 -46.5709	  169.9559
8.449	 2.16	 1	 -42.6906	  172.2951
8.472	 2.20	 1	 -42.5131	  171.8092
8.498	 2.01	 1	 -42.4793	  172.7876
8.504	 2.35	 1	 -42.9786	  173.4806
8.506	 2.04	 1	 -43.0532	  172.8073
8.570	 2.07	 1	 -41.2639	  178.8230
8.572	 2.28	 1	 -42.8690	  173.2753
8.620	 2.04	 1	 -42.6801	  172.4823
8.631	 2.10	 1	 -41.4743	  171.1530
8.661	 2.06	 1	 -42.6739	  174.0341
8.676	 2.58	 1	 -39.4376	  172.1203
8.748	 2.32	 1	 -42.5928	  173.6815
8.756	 2.08	 1	 -42.8486	  172.5223
8.791	 2.13	 1	 -42.3885	  173.8702
8.796	 2.09	 2	 -43.5838	  174.4719
8.960	 2.29	 1	 -45.4092	  168.1471
8.965	 2.87	 1	 -42.6699	  173.5394
8.980	 4.37	 1	 -43.2463	  172.4095
8.988	 2.05	 2	 -42.4781	  172.7883
8.991	 2.30	 2	 -43.2401	  172.4910
9.043	 2.33	 1	 -43.1525	  172.6887
9.075	 2.07	 1	 -39.0422	  170.6438
9.225	 3.55	 1	 -41.5897	  174.6548
9.246	 3.52	 1	 -42.2816	  173.3662
9.247	 2.75	 1	 -41.6726	  173.4513
9.259	 2.28	 1	 -39.8178	  171.3449
9.283	 2.05	 1	 -43.4550	  173.7542
9.287	 2.10	 1	 -38.2438	  172.1320
9.330	 3.24	 1	 -38.6417	  171.6662
9.338	 2.27	 1	 -42.9752	  172.1985
9.349	 2.02	 1	 -42.4384	  173.8209
9.429	 2.25	 1	 -42.8187	  173.5163
9.444	 2.12	 1	 -44.9298	  167.7153
9.446	 2.24	 1	 -42.6433	  173.4891
9.500	 2.46	 1	 -39.4512	  168.7819
9.593	 2.09	 1	 -40.3165	  177.9045
9.618	 2.06	 1	 -41.8545	  176.3392
9.673	 2.24	 1	 -42.6598	  172.4335
9.706	 2.03	 1	 -42.4801	  173.6320
9.720	 2.05	 1	 -43.0264	  173.5123
9.744	 2.05	 1	 -43.2828	  170.0549
9.750	 3.17	 1	 -42.5679	  173.0684
9.798	 3.03	 1	 -42.5301	  171.5199
9.803	 2.87	 1	 -42.4510	  173.5013
9.815	 2.35	 1	 -42.5118	  175.3101
9.822	 2.02	 1	 -43.2511	  172.6287
9.836	 2.29	 2	 -46.1369	  173.2339
9.935	 2.32	 1	 -44.6198	  174.7654
9.972	 2.06	 1	 -42.9514	  172.8377
10.026	 2.27	 1	 -43.2182	  172.2821
10.029	 2.25	 1	 -42.9591	  171.7981
10.127	 2.09	 1	 -41.6357	  171.9313
10.157	 3.20	 1	 -42.5626	  172.8315
10.183	 2.22	 1	 -39.4806	  177.3036
10.207	 3.23	 1	 -43.6734	  178.6821
10.229	 2.05	 1	 -43.1667	  171.4629
10.262	 2.69	 1	 -41.4957	  171.4255
10.269	 2.26	 1	 -42.4984	  172.7011
10.274	 2.50	 1	 -38.6587	  175.7253
10.278	 2.11	 1	 -43.5079	  171.3775
10.333	 2.16	 1	 -42.5007	  173.0770
10.337	 2.25	 2	 -42.3359	  173.3625
10.363	 2.11	 1	 -41.6770	  171.5031
10.478	 2.08	 1	 -42.2586	  173.2459
10.516	 2.65	 1	 -42.9013	  172.4315
10.521	 2.47	 1	 -42.9912	  172.6432
10.548	 2.90	 1	 -42.5119	  173.3440
10.552	 2.51	 1	 -43.7908	  176.0011
10.642	 2.02	 1	 -42.9404	  172.6994
10.713	 2.01	 1	 -42.6988	  173.0528
10.787	 2.74	 1	 -42.4285	  172.0818
11.007	 2.09	 1	 -42.7319	  172.7907
11.027	 2.24	 1	 -42.8003	  173.6234
11.048	 2.16	 1	 -43.5377	  171.4612
11.059	 2.98	 1	 -41.7689	  172.7922
11.111	 2.50	 1	 -43.1963	  172.7579
11.124	 2.17	 1	 -42.5254	  171.4994
11.127	 2.04	 1	 -42.4849	  173.1233
11.348	 2.41	 2	 -43.5773	  174.4523
11.392	 2.67	 2	 -46.5744	  169.9203
11.471	 2.00	 1	 -42.7121	  176.4293
11.495	 2.15	 1	 -43.2108	  173.6265
11.498	 2.16	 1	 -42.7832	  173.3190
11.606	 2.36	 1	 -43.4015	  172.4150
11.629	 2.74	 1	 -42.6586	  172.8674
11.651	 2.72	 1	 -47.0303	  171.4105
11.735	 2.11	 1	 -43.2211	  172.8970
11.750	 2.47	 1	 -42.6721	  172.8735
11.877	 2.20	 1	 -42.5659	  174.8501
11.961	 2.48	 1	 -39.2266	  169.1246
11.992	 2.13	 1	 -42.0027	  173.7397
12.033	 2.53	 1	 -42.9202	  173.1077
12.035	 2.35	 2	 -42.9201	  173.1104
12.050	 2.36	 1	 -39.6081	  177.4738
12.100	 2.12	 1	 -41.8017	  171.3127
12.266	 2.09	 1	 -41.7920	  173.6766
12.308	 3.61	 1	 -42.7796	  173.4040
12.308	 2.70	 1	 -41.9763	  172.5548
12.370	 3.04	 1	 -40.4069	  167.7536
12.384	 2.24	 1	 -42.5559	  170.9935
12.467	 2.16	 1	 -42.0281	  173.3536
12.556	 2.73	 1	 -42.6047	  172.5675
12.660	 2.52	 1	 -42.7412	  172.7839
12.690	 2.24	 1	 -44.6017	  174.0778
12.723	 2.11	 1	 -41.6600	  172.4882
12.744	 2.08	 1	 -42.5629	  173.3674
12.798	 2.89	 1	 -41.1898	  170.8446
12.803	 2.32	 1	 -42.6080	  172.3219
12.831	 2.19	 1	 -42.4383	  174.0818
12.950	 2.03	 1	 -41.3251	  173.4619
12.951	 2.18	 1	 -42.7247	  173.2099
12.952	 2.41	 1	 -47.0877	  171.7298
13.010	 2.04	 1	 -45.0255	  170.6416
13.012	 2.16	 1	 -46.5563	  174.2439
13.126	 2.05	 1	 -44.6675	  178.5183
13.269	 2.46	 1	 -43.5944	  173.1977
13.317	 2.04	 1	 -41.8318	  170.8744
13.361	 2.31	 1	 -38.2163	  172.4401
13.399	 2.38	 1	 -42.6524	  172.7694
13.453	 2.70	 1	 -46.5554	  176.1537
13.498	 2.03	 1	 -39.9979	  168.1245
13.499	 2.80	 1	 -42.4847	  173.9567
13.536	 2.04	 1	 -42.8198	  172.5253
13.619	 2.12	 1	 -41.8410	  174.2213
13.730	 2.02	 1	 -40.7459	  173.6743
13.840	 2.10	 1	 -43.2212	  174.5334
13.856	 2.79	 1	 -42.7594	  172.8116
13.913	 5.88	 1	 -42.6852	  173.1197
13.913	 2.08	 2	 -42.6692	  173.0147
13.913	 2.47	 2	 -42.6129	  173.1868
13.913	 4.41	 2	 -42.4402	  172.8629
13.914	 2.02	 2	 -42.6791	  173.2184
13.914	 2.21	 2	 -42.6138	  173.1515
13.914	 2.42	 2	 -42.6440	  173.1001
13.914	 2.49	 2	 -42.6829	  173.1147
13.914	 2.39	 2	 -42.6626	  173.0113
13.915	 2.33	 2	 -42.7367	  173.1297
13.915	 2.13	 2	 -42.7742	  173.0257
13.916	 3.29	 2	 -42.6879	  173.2110
13.916	 2.49	 2	 -42.6683	  173.2503
13.917	 2.00	 2	 -42.7699	  173.4923
13.917	 2.16	 2	 -42.6887	  173.1053
13.918	 2.19	 2	 -42.7103	  172.9795
13.919	 2.03	 2	 -42.5823	  173.1020
13.919	 2.38	 2	 -42.7524	  173.0498
13.919	 3.39	 2	 -42.6574	  173.1312
13.920	 2.01	 2	 -42.4798	  172.5186
13.921	 2.69	 2	 -42.2614	  171.6069
13.922	 2.02	 2	 -42.7550	  173.1127
13.922	 2.05	 2	 -46.7310	  170.4500
13.928	 2.19	 2	 -42.5659	  172.9421
13.931	 2.35	 2	 -42.6862	  173.0453
13.931	 2.07	 2	 -42.7400	  172.9839
13.934	 2.01	 2	 -42.6882	  173.1415
13.936	 2.06	 1	 -42.4981	  172.7073
13.936	 2.36	 2	 -42.6826	  173.0704
13.948	 2.73	 2	 -42.8063	  173.7013
13.954	 2.14	 2	 -42.7325	  173.0029
13.955	 3.27	 2	 -42.7548	  172.9273
13.957	 2.26	 2	 -42.4565	  172.9783
13.968	 2.07	 2	 -41.8983	  174.0195
13.968	 2.11	 2	 -42.6419	  173.1291
13.970	 2.24	 2	 -42.6583	  173.2133
13.972	 2.24	 2	 -42.6602	  173.0403
13.972	 2.30	 2	 -42.9644	  172.9693
13.987	 2.26	 2	 -42.6686	  173.2627
13.989	 3.40	 2	 -42.5782	  173.0940
13.990	 3.45	 2	 -42.8149	  173.1505
14.022	 2.55	 2	 -43.3410	  171.5374
14.023	 2.39	 2	 -42.7039	  173.1292
14.028	 2.66	 2	 -42.6819	  173.0943
14.042	 2.00	 2	 -42.6848	  173.0863
14.048	 2.34	 1	 -42.1610	  173.0261
14.049	 2.50	 2	 -42.6778	  173.1093
14.082	 4.61	 2	 -42.7285	  173.1376
14.083	 2.30	 3	 -42.7214	  173.1241
14.084	 2.20	 4	 -42.6926	  173.1851
14.084	 2.44	 3	 -42.8543	  173.3236
14.085	 2.20	 3	 -42.7557	  173.2123
14.086	 2.02	 3	 -42.7172	  173.1471
14.097	 2.18	 1	 -41.9604	  171.7724
14.104	 2.00	 2	 -42.7726	  173.5153
14.116	 3.76	 2	 -42.4214	  173.3544
14.117	 2.11	 3	 -42.7691	  172.8771
14.121	 2.11	 2	 -42.8562	  172.9947
14.123	 2.16	 2	 -42.6633	  173.0104
14.139	 2.09	 2	 -42.5150	  173.3418
14.158	 2.03	 2	 -42.6731	  173.2015
14.170	 2.66	 2	 -42.6318	  173.0254
14.228	 2.68	 2	 -42.6942	  173.1379
14.260	 2.73	 2	 -42.8080	  171.2903
14.272	 2.22	 2	 -42.6669	  173.0386
14.281	 2.06	 1	 -42.7833	  173.8797
14.282	 2.08	 2	 -42.6416	  173.4439
14.311	 2.08	 2	 -42.6904	  173.1086
14.334	 2.19	 2	 -42.6818	  173.0923
14.355	 2.03	 2	 -40.2588	  176.7528
14.356	 3.31	 2	 -42.3718	  174.1647
14.358	 2.19	 2	 -42.7400	  173.1474
14.383	 2.14	 2	 -42.7750	  173.1246
14.425	 2.28	 2	 -42.6533	  172.8454
