# Simulation 302
# RelativeTime(days) Magnitude Generation Latitude Longitude
Time Mag Gen Lat Lon
7.017	 2.31	 1	 -41.9103	  175.2225
7.017	 2.25	 1	 -41.9011	  174.3651
7.021	 2.08	 1	 -43.2429	  172.0199
7.021	 2.20	 1	 -42.8402	  173.3599
7.025	 2.27	 1	 -42.1459	  173.7049
7.029	 2.30	 1	 -42.7641	  172.9151
7.032	 2.29	 1	 -39.7245	  173.9849
7.033	 2.02	 1	 -41.7026	  174.1718
7.041	 3.74	 1	 -42.6619	  173.7049
7.050	 2.95	 1	 -42.0991	  172.9020
7.065	 2.44	 1	 -41.9549	  166.9872
7.066	 2.26	 1	 -42.4454	  174.0108
7.074	 2.13	 1	 -40.5767	  171.4066
7.078	 2.17	 1	 -45.7402	  177.5204
7.091	 2.39	 1	 -42.7707	  176.0549
7.110	 3.26	 1	 -41.9354	  171.4093
7.112	 2.10	 1	 -43.0681	  172.5420
7.114	 2.84	 1	 -42.7143	  173.4331
7.118	 2.26	 1	 -41.8326	  174.0602
7.119	 2.62	 1	 -42.5966	  172.2636
7.123	 2.19	 1	 -43.0124	  172.8835
7.129	 2.72	 1	 -39.9634	  177.8843
7.132	 2.09	 1	 -41.5622	  173.3726
7.134	 2.68	 1	 -42.1042	  172.4495
7.136	 2.38	 1	 -42.2652	  173.1845
7.136	 2.15	 1	 -39.6762	  177.5593
7.137	 2.13	 1	 -42.5053	  173.1303
7.140	 2.89	 1	 -40.2575	  167.8790
7.145	 2.10	 1	 -42.8300	  169.4108
7.148	 2.59	 1	 -43.3803	  172.6829
7.153	 2.62	 1	 -43.0900	  175.4400
7.156	 2.18	 1	 -41.3024	  170.9838
7.168	 2.22	 1	 -41.9090	  173.7664
7.170	 2.28	 1	 -41.9042	  174.1208
7.173	 2.19	 1	 -43.4299	  174.3071
7.178	 2.34	 2	 -42.0960	  172.9118
7.180	 2.34	 1	 -42.7393	  173.5139
7.180	 2.76	 1	 -41.9678	  174.0382
7.188	 2.08	 1	 -42.7182	  172.1582
7.193	 2.90	 1	 -42.5104	  170.6127
7.198	 2.09	 1	 -42.2504	  173.8334
7.199	 2.28	 1	 -41.4499	  173.4344
7.201	 2.25	 1	 -38.2171	  173.6146
7.212	 2.71	 1	 -44.0946	  172.5376
7.218	 2.22	 1	 -39.0574	  169.4211
7.218	 2.09	 1	 -42.1546	  173.6384
7.218	 2.16	 1	 -43.6380	  172.5774
7.231	 2.19	 1	 -42.2844	  174.2068
7.232	 2.07	 1	 -41.9652	  174.0716
7.237	 2.32	 1	 -43.4622	  173.6731
7.242	 2.92	 1	 -42.5246	  173.8978
7.242	 2.15	 1	 -41.7474	  173.3170
7.253	 3.33	 1	 -42.3381	  174.0745
7.257	 2.45	 1	 -41.8870	  174.4698
7.263	 2.14	 1	 -41.9297	  173.0591
7.270	 2.45	 1	 -43.3230	  170.8773
7.271	 2.35	 1	 -39.9011	  168.2259
7.274	 2.14	 1	 -41.7320	  169.8670
7.282	 2.68	 1	 -41.2428	  174.9821
7.287	 2.36	 1	 -42.6161	  173.2442
7.287	 2.47	 1	 -46.7902	  170.5029
7.289	 2.12	 1	 -40.7969	  171.8028
7.291	 2.55	 1	 -38.4690	  170.9225
7.297	 3.85	 1	 -42.3018	  173.5151
7.309	 2.23	 1	 -43.8097	  174.2496
7.310	 2.84	 1	 -42.6381	  171.8633
7.326	 2.62	 1	 -45.2856	  176.5805
7.329	 2.19	 1	 -42.8199	  173.0021
7.337	 2.20	 1	 -43.3339	  173.0741
7.337	 2.10	 1	 -42.0966	  173.2184
7.339	 2.07	 1	 -40.1456	  174.9249
7.349	 2.03	 1	 -38.1980	  172.8361
7.350	 2.81	 1	 -41.8052	  174.3121
7.355	 2.63	 2	 -42.3001	  174.0613
7.359	 2.28	 1	 -42.9465	  173.0571
7.364	 2.13	 1	 -42.7370	  172.9034
7.364	 2.15	 1	 -43.7798	  171.7859
7.367	 2.02	 1	 -46.7732	  175.5920
7.391	 2.29	 1	 -42.6509	  172.6077
7.392	 2.67	 1	 -42.9876	  173.5977
7.392	 2.72	 1	 -41.7218	  172.4383
7.401	 2.49	 1	 -42.7488	  172.3167
7.407	 2.34	 1	 -42.8160	  172.9492
7.409	 2.13	 1	 -44.3279	  178.7210
7.411	 2.03	 1	 -42.7608	  172.7872
7.419	 2.51	 1	 -42.4867	  172.3484
7.420	 2.10	 1	 -42.1501	  173.4638
7.423	 2.31	 1	 -42.2021	  175.1885
7.427	 2.44	 1	 -40.0135	  172.6418
7.436	 2.38	 1	 -42.6632	  171.9795
7.457	 2.08	 1	 -38.2143	  173.5750
7.460	 3.03	 1	 -42.5283	  173.3414
7.461	 3.42	 1	 -41.5612	  176.1436
7.462	 2.69	 1	 -42.6709	  173.5300
7.469	 2.12	 1	 -38.3645	  171.3628
7.497	 3.48	 1	 -42.6303	  172.0995
7.501	 3.64	 1	 -42.7441	  173.8172
7.503	 2.01	 1	 -41.8883	  173.5628
7.507	 2.24	 1	 -42.6652	  174.1293
7.526	 2.47	 1	 -42.9673	  173.0185
7.528	 2.03	 1	 -42.4223	  173.6116
7.559	 3.13	 1	 -42.5286	  172.2545
7.560	 2.17	 1	 -42.6126	  172.3654
7.561	 2.85	 1	 -46.6338	  175.9672
7.562	 2.13	 1	 -42.3518	  173.0141
7.562	 2.06	 1	 -42.1738	  173.1109
7.569	 2.54	 1	 -41.7123	  174.6708
7.574	 2.72	 2	 -42.5282	  172.2720
7.583	 2.06	 1	 -42.3610	  173.6776
7.587	 2.16	 1	 -41.6180	  174.1351
7.590	 2.19	 1	 -43.3246	  173.5470
7.590	 2.28	 1	 -42.2904	  171.8764
7.593	 2.06	 1	 -42.8099	  172.9035
7.595	 2.29	 1	 -43.0361	  172.1310
7.599	 2.03	 1	 -42.1886	  172.4798
7.601	 4.62	 1	 -40.7902	  172.7125
7.610	 2.26	 1	 -38.3740	  174.7266
7.622	 3.14	 1	 -43.1170	  172.3983
7.623	 2.24	 1	 -42.5190	  172.7868
7.631	 2.26	 1	 -42.9644	  172.6119
7.639	 2.27	 1	 -45.4437	  173.2586
7.641	 4.25	 2	 -40.7487	  172.6975
7.644	 2.50	 1	 -42.2443	  170.3582
7.657	 2.29	 1	 -42.7213	  172.6456
7.659	 2.34	 1	 -41.2670	  173.0353
7.667	 2.61	 1	 -41.0252	  172.5457
7.670	 2.11	 1	 -43.1432	  173.8005
7.672	 2.28	 1	 -42.1252	  173.2360
7.673	 2.78	 1	 -43.3670	  174.0651
7.680	 2.45	 1	 -39.6423	  168.5271
7.681	 2.19	 1	 -43.0531	  173.2143
7.686	 2.13	 1	 -43.9019	  174.9708
7.690	 2.33	 3	 -40.7525	  172.6977
7.694	 2.28	 1	 -43.0632	  172.6557
7.696	 2.82	 1	 -42.5720	  173.9736
7.700	 2.60	 1	 -42.7639	  173.5419
7.706	 2.15	 1	 -44.4801	  175.0209
7.707	 3.76	 2	 -40.7701	  172.6223
7.709	 2.35	 1	 -43.8080	  167.0956
7.726	 2.32	 1	 -42.4532	  173.4695
7.733	 2.46	 1	 -43.6643	  174.3785
7.737	 2.98	 2	 -42.4819	  172.3588
7.759	 2.42	 1	 -41.6965	  174.2146
7.762	 2.27	 1	 -44.6734	  175.1002
7.767	 2.54	 1	 -46.3113	  176.6536
7.769	 2.90	 1	 -44.8685	  172.1925
7.771	 2.14	 1	 -42.6202	  173.8145
7.773	 2.40	 1	 -46.5791	  171.9307
7.776	 2.48	 1	 -41.9521	  173.9954
7.779	 2.30	 1	 -42.6585	  173.8802
7.780	 2.14	 1	 -43.0791	  173.5735
7.785	 3.07	 1	 -42.2443	  170.7278
7.786	 2.76	 1	 -42.3557	  171.1166
7.789	 2.14	 1	 -42.4242	  172.7761
7.791	 2.56	 1	 -41.4405	  172.5019
7.792	 3.51	 1	 -43.1532	  172.8545
7.796	 3.17	 1	 -42.5910	  166.9059
7.801	 2.23	 1	 -43.0401	  173.5690
7.804	 3.32	 1	 -41.6934	  174.2736
7.815	 2.56	 1	 -41.8589	  174.2790
7.819	 2.00	 1	 -43.2929	  173.2830
7.821	 2.60	 1	 -42.0674	  172.6514
7.829	 3.02	 1	 -42.1629	  174.4994
7.837	 2.15	 1	 -41.8612	  173.9718
7.844	 2.43	 1	 -42.4740	  172.0835
7.848	 2.43	 1	 -42.8636	  172.9623
7.860	 2.28	 1	 -42.5154	  173.2216
7.862	 2.45	 1	 -42.7892	  172.3611
7.878	 2.57	 1	 -46.5663	  169.9156
7.891	 2.43	 1	 -41.3807	  175.5533
7.899	 2.75	 1	 -41.6616	  170.7021
7.907	 2.28	 1	 -45.5813	  168.3338
7.913	 2.39	 1	 -41.5686	  171.2671
7.919	 2.34	 1	 -42.6656	  172.7598
7.924	 2.27	 1	 -41.6928	  174.2626
7.931	 2.12	 1	 -42.1375	  172.6176
7.959	 2.10	 1	 -41.5868	  174.3235
7.962	 2.19	 1	 -43.0976	  170.7342
7.963	 2.11	 1	 -42.5231	  173.0698
7.967	 2.51	 1	 -41.6421	  172.6153
7.982	 2.15	 1	 -43.5075	  173.2652
7.986	 2.70	 1	 -42.6960	  173.7842
7.987	 2.03	 1	 -41.8279	  174.2081
7.987	 2.78	 1	 -44.4883	  173.3191
8.001	 2.41	 1	 -42.3721	  172.6283
8.009	 3.78	 1	 -41.1035	  171.6883
8.010	 2.13	 1	 -40.9757	  173.1474
8.012	 2.41	 1	 -42.5311	  173.1381
8.015	 2.02	 1	 -45.1819	  171.1753
8.018	 2.28	 1	 -43.2672	  173.1155
8.019	 2.17	 1	 -42.6919	  174.5771
8.022	 2.43	 1	 -42.6335	  173.0947
8.023	 2.23	 1	 -40.3418	  171.2207
8.024	 2.71	 1	 -44.0538	  173.0813
8.027	 2.66	 1	 -43.3952	  173.4328
8.032	 2.04	 1	 -39.7033	  168.4519
8.043	 2.57	 1	 -45.9277	  177.2711
8.070	 2.15	 1	 -44.1265	  169.8158
8.075	 2.72	 1	 -42.9696	  173.9409
8.078	 2.17	 1	 -42.8800	  173.0368
8.084	 2.28	 1	 -43.3037	  171.3548
8.094	 2.63	 1	 -43.7528	  169.8633
8.103	 2.19	 1	 -42.6869	  173.6667
8.107	 2.03	 1	 -43.5785	  173.4935
8.123	 2.28	 1	 -43.1293	  172.3366
8.127	 2.35	 1	 -42.7806	  173.1008
8.133	 2.82	 1	 -42.3160	  173.4358
8.136	 2.23	 1	 -42.3676	  172.9104
8.141	 2.27	 2	 -41.1051	  171.6867
8.144	 2.85	 1	 -46.3846	  176.5143
8.148	 2.76	 1	 -38.6234	  175.4901
8.154	 2.52	 1	 -42.2266	  173.0743
8.156	 2.56	 1	 -42.0865	  173.1061
8.174	 2.08	 1	 -40.8676	  178.6134
8.200	 2.35	 1	 -43.2177	  174.3867
8.214	 2.64	 1	 -43.4148	  174.2989
8.215	 2.04	 1	 -43.2285	  172.4626
8.215	 2.80	 2	 -40.7806	  172.6714
8.230	 2.16	 1	 -42.3260	  173.1799
8.231	 3.13	 1	 -43.2153	  172.8302
8.232	 2.40	 1	 -43.3174	  173.0348
8.232	 2.45	 2	 -41.0956	  171.6812
8.242	 2.20	 1	 -42.1613	  173.4968
8.243	 2.31	 1	 -43.3450	  175.9561
8.247	 2.24	 1	 -42.5182	  172.9632
8.248	 2.55	 1	 -42.3375	  172.5516
8.254	 2.13	 1	 -42.4495	  171.6510
8.259	 2.23	 1	 -43.4297	  173.8709
8.260	 2.03	 1	 -42.0521	  173.3158
8.274	 3.17	 1	 -42.3137	  172.3927
8.309	 2.02	 1	 -44.3373	  174.8608
8.320	 2.85	 1	 -42.7422	  173.1868
8.339	 2.51	 1	 -40.0695	  171.0328
8.340	 4.21	 1	 -43.8593	  178.6612
8.343	 2.10	 1	 -45.5944	  175.0724
8.354	 2.68	 3	 -40.7413	  172.6795
8.363	 2.35	 1	 -40.1927	  175.0959
8.367	 2.10	 1	 -42.1756	  173.8396
8.373	 2.10	 2	 -43.4083	  173.9095
8.374	 2.88	 2	 -43.8107	  178.7424
8.379	 2.21	 1	 -42.2826	  174.0509
8.391	 2.37	 1	 -42.7002	  173.3016
8.392	 2.42	 1	 -43.0193	  173.4951
8.406	 2.56	 1	 -43.5533	  167.0175
8.407	 2.73	 2	 -42.9583	  177.6515
8.407	 2.21	 1	 -42.6442	  171.4833
8.408	 2.40	 1	 -43.8050	  175.0090
8.421	 2.04	 1	 -42.2977	  172.9931
8.432	 3.59	 1	 -43.1107	  172.3050
8.450	 2.47	 1	 -43.1622	  174.3005
8.456	 3.21	 1	 -40.4429	  173.0545
8.465	 2.08	 1	 -43.0305	  173.6415
8.474	 2.23	 2	 -42.2495	  170.7140
8.477	 2.08	 1	 -42.3881	  172.2098
8.498	 2.50	 1	 -42.8213	  172.7906
8.500	 2.44	 1	 -43.3758	  172.2044
8.509	 2.74	 1	 -41.8541	  172.2755
8.512	 2.49	 1	 -43.1179	  172.5135
8.520	 2.05	 1	 -42.1659	  173.2367
8.532	 2.30	 1	 -42.1613	  173.6313
8.548	 2.16	 1	 -43.4787	  172.6891
8.549	 2.06	 1	 -42.7670	  172.8431
8.558	 2.96	 1	 -42.2875	  176.2923
8.569	 2.31	 1	 -42.9889	  172.4898
8.580	 2.10	 1	 -42.5644	  170.8970
8.615	 2.19	 1	 -44.3602	  170.1109
8.628	 2.81	 1	 -41.7075	  173.2827
8.630	 3.49	 1	 -46.6290	  175.9136
8.651	 2.65	 1	 -42.9109	  173.5447
8.656	 2.10	 1	 -40.3052	  172.4099
8.678	 2.32	 1	 -43.1077	  172.8801
8.682	 2.56	 1	 -41.9809	  173.6329
8.694	 3.18	 1	 -43.1415	  173.1080
8.702	 2.25	 1	 -42.7227	  173.8619
8.714	 2.09	 1	 -42.7422	  172.4140
8.720	 2.93	 1	 -41.7232	  173.4173
8.722	 2.04	 3	 -40.7441	  172.6564
8.737	 2.32	 1	 -41.7160	  173.1065
8.753	 2.19	 1	 -41.7255	  175.9382
8.754	 2.17	 1	 -42.2887	  172.7209
8.760	 2.21	 1	 -40.4448	  171.5311
8.760	 2.63	 1	 -42.9845	  171.3377
8.762	 2.11	 1	 -42.8501	  166.9081
8.765	 2.30	 1	 -42.3067	  171.4259
8.769	 2.20	 1	 -42.2607	  173.5279
8.773	 2.02	 1	 -46.2798	  169.3333
8.773	 2.04	 1	 -42.7059	  173.0439
8.774	 2.15	 1	 -42.5284	  173.1565
8.775	 2.10	 1	 -42.9049	  172.1749
8.778	 2.80	 1	 -41.3982	  171.2740
8.778	 2.40	 1	 -42.2247	  173.3854
8.787	 2.05	 1	 -43.3359	  172.8686
8.806	 2.08	 1	 -39.1062	  176.7127
8.825	 2.50	 1	 -42.6795	  173.6460
8.831	 2.34	 1	 -41.7443	  174.1524
8.832	 2.26	 1	 -42.2662	  173.1246
8.862	 2.09	 1	 -43.0010	  172.4722
8.868	 2.45	 1	 -46.0101	  169.1303
8.892	 2.05	 1	 -47.1565	  173.7581
8.901	 2.16	 1	 -42.6768	  172.5018
8.902	 2.05	 1	 -47.1568	  172.2893
8.906	 3.02	 1	 -40.8125	  173.1070
8.909	 2.18	 1	 -43.0185	  173.2690
8.927	 2.56	 1	 -44.0529	  171.8134
8.929	 3.22	 1	 -42.5586	  173.1730
8.960	 2.04	 1	 -42.4642	  173.6712
8.970	 2.76	 1	 -43.3148	  170.3438
8.975	 2.03	 1	 -42.4203	  174.7821
8.976	 2.07	 1	 -42.0894	  172.8865
8.982	 2.13	 1	 -43.0165	  172.8049
8.990	 2.32	 1	 -41.9558	  174.4143
8.997	 2.19	 1	 -41.1181	  174.4911
8.997	 2.83	 1	 -47.1268	  174.0374
9.010	 3.20	 1	 -45.9167	  168.7577
9.012	 2.03	 1	 -41.8103	  175.2839
9.013	 2.36	 1	 -42.7053	  172.6907
9.018	 2.27	 1	 -41.9369	  175.2845
9.025	 2.73	 1	 -41.8962	  171.8399
9.032	 2.36	 1	 -42.2091	  174.9035
9.033	 2.06	 1	 -42.7093	  172.0699
9.038	 2.06	 1	 -42.1569	  173.5765
9.046	 3.15	 1	 -43.1612	  172.7041
9.058	 2.42	 1	 -42.7597	  169.0159
9.079	 2.17	 1	 -42.9134	  173.0605
9.107	 2.32	 1	 -42.2025	  173.7197
9.107	 2.31	 1	 -42.0261	  172.7254
9.113	 2.00	 1	 -47.0928	  171.7624
9.115	 2.03	 1	 -39.7372	  170.0709
9.118	 3.14	 1	 -41.6797	  174.2917
9.128	 2.75	 1	 -42.6984	  172.8857
9.130	 2.19	 1	 -46.1157	  174.8156
9.131	 3.88	 1	 -42.6794	  171.4379
9.136	 2.20	 1	 -43.3560	  173.6967
9.144	 2.68	 1	 -42.7592	  173.6409
9.170	 2.24	 1	 -43.5567	  167.0184
9.175	 2.05	 1	 -43.4790	  174.4859
9.182	 2.43	 1	 -43.2035	  169.7700
9.184	 2.37	 1	 -42.8272	  174.3693
9.191	 2.20	 1	 -43.0069	  172.9251
9.201	 2.13	 1	 -42.3133	  174.0211
9.225	 3.71	 1	 -43.1255	  172.8993
9.227	 2.36	 1	 -41.4788	  178.9129
9.233	 2.03	 1	 -43.4458	  172.7500
9.235	 2.91	 1	 -42.8585	  173.2764
9.238	 2.21	 1	 -43.1438	  173.1989
9.239	 2.30	 2	 -42.6455	  171.4175
9.240	 2.71	 1	 -43.0188	  172.8863
9.245	 2.08	 1	 -43.1743	  173.2320
9.270	 2.53	 1	 -42.3596	  173.6415
9.270	 2.21	 1	 -42.3313	  172.9570
9.272	 2.23	 1	 -46.0111	  173.6873
9.276	 2.11	 1	 -42.3831	  173.0731
9.294	 2.14	 1	 -42.4442	  170.9748
9.295	 2.93	 1	 -42.4358	  171.9500
9.304	 2.48	 1	 -44.3101	  173.1225
9.325	 2.35	 1	 -43.1411	  174.0191
9.340	 2.78	 1	 -41.1113	  176.9153
9.351	 3.42	 1	 -42.7775	  171.4151
9.359	 2.41	 1	 -43.4169	  172.1676
9.366	 2.02	 1	 -45.5162	  177.7833
9.377	 2.06	 1	 -41.8573	  174.1552
9.382	 2.02	 1	 -44.9988	  176.4490
9.394	 3.62	 1	 -42.4062	  173.1944
9.404	 2.00	 1	 -42.4515	  173.9362
9.405	 2.34	 1	 -41.9112	  172.8343
9.422	 2.10	 1	 -43.0340	  172.6845
9.424	 2.13	 1	 -42.9460	  173.5034
9.428	 2.09	 1	 -42.0109	  172.2150
9.430	 2.01	 1	 -41.7971	  174.2056
9.463	 2.46	 1	 -42.3199	  170.0060
9.465	 2.16	 1	 -42.2329	  172.7053
9.478	 2.01	 1	 -42.0898	  173.5953
9.482	 2.45	 1	 -42.3290	  173.6642
9.490	 2.12	 1	 -45.6365	  177.6465
9.492	 2.01	 1	 -40.2874	  168.6213
9.496	 2.22	 1	 -42.4256	  173.7925
9.501	 2.29	 1	 -43.9651	  167.1544
9.511	 2.13	 1	 -41.3613	  172.8617
9.519	 4.66	 1	 -44.9894	  167.7627
9.521	 2.21	 1	 -42.8289	  173.1410
9.526	 2.42	 1	 -44.6339	  175.1538
9.547	 2.69	 1	 -41.5613	  174.1034
9.559	 2.47	 1	 -42.0752	  175.8958
9.560	 2.32	 1	 -38.8777	  176.2607
9.563	 2.10	 1	 -43.2337	  171.5991
9.565	 2.14	 1	 -42.7640	  173.3530
9.579	 2.14	 1	 -43.1094	  177.5540
9.585	 2.03	 1	 -44.6418	  174.1020
9.586	 2.05	 1	 -41.9925	  166.9789
9.587	 2.07	 1	 -43.2369	  173.5159
9.593	 2.11	 1	 -42.3587	  172.0459
9.598	 2.49	 1	 -42.4712	  172.7129
9.600	 2.60	 1	 -43.0159	  172.2392
9.611	 2.33	 1	 -45.9021	  171.0631
9.638	 2.40	 1	 -41.8182	  174.2254
9.662	 2.05	 1	 -43.1300	  173.2126
9.672	 2.33	 1	 -42.3042	  173.7024
9.679	 2.11	 1	 -43.0649	  172.7633
9.683	 3.64	 1	 -42.6695	  173.2094
9.691	 2.21	 1	 -43.1042	  174.2930
9.692	 2.18	 1	 -42.7871	  179.1386
9.716	 2.11	 1	 -41.8460	  173.9763
9.724	 2.30	 1	 -43.2819	  174.1489
9.734	 2.17	 2	 -46.1131	  174.8153
9.741	 2.78	 1	 -42.7746	  173.3754
9.747	 2.61	 1	 -41.9248	  173.2931
9.753	 2.30	 1	 -42.9864	  173.2416
9.753	 2.21	 1	 -42.2640	  174.3164
9.763	 3.15	 1	 -42.3742	  173.4876
9.763	 2.07	 1	 -42.2934	  173.3388
9.770	 2.34	 1	 -43.1151	  173.2469
9.778	 2.60	 1	 -43.2060	  173.6213
9.781	 2.01	 1	 -41.9494	  173.6875
9.784	 2.26	 1	 -45.0334	  172.7793
9.784	 2.05	 1	 -42.8627	  173.2327
9.793	 2.27	 1	 -43.1786	  171.0275
9.793	 2.53	 1	 -42.0273	  173.7350
9.794	 2.25	 1	 -44.7910	  173.7569
9.796	 2.12	 1	 -41.7579	  174.2417
9.801	 2.68	 1	 -42.1965	  173.4904
9.807	 5.07	 1	 -42.1980	  173.1211
9.808	 2.24	 1	 -42.4640	  173.3538
9.820	 2.10	 1	 -42.6821	  174.7125
9.822	 2.11	 1	 -42.6809	  175.3914
9.829	 2.38	 1	 -42.9171	  172.9583
9.833	 2.00	 1	 -42.8626	  172.4608
9.841	 2.66	 2	 -40.7984	  172.7130
9.864	 3.02	 2	 -44.9821	  167.8007
9.868	 2.02	 1	 -44.5731	  172.4917
9.870	 2.59	 1	 -42.5285	  173.3773
9.902	 2.50	 1	 -44.1310	  178.8185
9.934	 2.31	 1	 -42.3779	  173.2356
9.935	 4.14	 1	 -43.2125	  171.8787
9.952	 2.69	 2	 -44.9830	  167.7623
9.954	 2.14	 1	 -42.1631	  172.8846
9.965	 2.06	 2	 -44.8990	  167.8001
9.974	 2.24	 2	 -43.2176	  171.8685
9.975	 3.83	 1	 -42.1170	  173.1587
9.986	 2.17	 1	 -43.7629	  172.4064
9.989	 3.01	 2	 -42.1171	  173.2184
9.996	 2.92	 1	 -42.7837	  172.2526
10.004	 2.40	 1	 -42.3178	  173.7714
10.004	 2.91	 1	 -42.3389	  173.6506
10.011	 2.28	 1	 -44.8908	  169.9855
10.012	 2.04	 1	 -46.6904	  175.8226
10.026	 2.44	 1	 -42.5088	  172.7285
10.033	 2.01	 2	 -42.1807	  173.1132
10.051	 2.25	 1	 -41.7689	  171.0876
10.051	 2.17	 1	 -42.6957	  172.9812
10.054	 2.27	 1	 -41.7982	  170.3686
10.063	 2.79	 1	 -42.2537	  172.7165
10.082	 2.01	 1	 -42.3289	  173.6631
10.097	 2.10	 1	 -41.7906	  179.0156
10.108	 2.83	 1	 -42.0603	  172.9038
10.109	 2.09	 1	 -43.8013	  173.8509
10.124	 2.35	 1	 -42.5414	  172.8372
10.145	 2.39	 1	 -43.4772	  171.5487
10.154	 2.05	 1	 -42.9406	  173.2539
10.169	 2.18	 1	 -43.7253	  171.5537
10.175	 2.20	 1	 -42.2059	  172.2548
10.190	 2.00	 1	 -43.4845	  171.3734
10.201	 2.01	 1	 -44.3526	  173.3427
10.220	 3.12	 1	 -43.2010	  172.1846
10.243	 2.40	 1	 -45.6653	  173.7631
10.243	 2.76	 1	 -42.7388	  173.6705
10.263	 2.29	 1	 -42.3270	  173.4765
10.286	 2.26	 1	 -45.2670	  168.0063
10.294	 2.89	 1	 -42.5843	  172.8722
10.300	 2.45	 1	 -42.6371	  173.2611
10.300	 3.27	 1	 -45.6511	  176.1024
10.305	 2.23	 1	 -41.8530	  167.0119
10.322	 2.08	 1	 -42.9989	  173.2883
10.331	 3.97	 1	 -43.7555	  172.1348
10.341	 3.73	 1	 -41.3251	  171.3113
10.345	 2.36	 1	 -41.7546	  174.2657
10.354	 2.16	 1	 -42.5844	  172.7245
10.372	 3.57	 1	 -42.4314	  172.9412
10.374	 2.01	 1	 -41.7572	  171.6067
10.379	 2.22	 1	 -42.0215	  172.5272
10.383	 2.20	 1	 -41.3603	  172.5442
10.384	 2.03	 1	 -42.9036	  173.3431
10.403	 2.81	 1	 -42.0595	  173.3639
10.403	 2.77	 1	 -40.8682	  174.3503
10.406	 2.07	 1	 -42.8972	  172.9622
10.419	 2.15	 1	 -39.0316	  169.4698
10.422	 2.27	 1	 -42.3628	  173.3826
10.432	 3.56	 1	 -42.9893	  171.9845
10.439	 2.59	 1	 -41.9675	  171.8613
10.447	 2.09	 1	 -43.0139	  173.9190
10.456	 2.14	 1	 -42.1417	  174.7090
10.456	 2.03	 1	 -43.1057	  173.5206
10.475	 2.18	 1	 -43.7223	  170.6280
10.487	 2.04	 1	 -42.5659	  173.6341
10.505	 2.69	 1	 -45.8581	  168.6772
10.516	 2.27	 1	 -42.7123	  170.4942
10.517	 2.07	 1	 -41.7502	  172.4650
10.538	 2.05	 1	 -43.7342	  172.1250
10.540	 2.12	 2	 -42.4117	  172.9462
10.545	 2.50	 1	 -42.4022	  171.9514
10.564	 2.71	 2	 -42.1857	  173.0699
10.569	 2.00	 1	 -42.4781	  173.0685
10.569	 2.06	 1	 -44.5646	  174.7129
10.575	 2.20	 1	 -41.7394	  174.2173
10.591	 2.29	 1	 -40.9450	  169.1498
10.598	 2.26	 1	 -42.2782	  173.3184
10.600	 2.41	 1	 -42.9808	  173.1863
10.613	 2.34	 1	 -41.1038	  172.3866
10.616	 2.64	 1	 -43.1375	  173.3978
10.622	 2.06	 1	 -46.9195	  175.1089
10.630	 2.85	 1	 -42.6048	  173.0097
10.635	 2.23	 1	 -42.2884	  171.7193
10.636	 2.34	 1	 -43.2172	  173.1622
10.647	 2.09	 1	 -42.1097	  173.6073
10.665	 2.18	 2	 -43.2150	  171.8513
10.678	 2.10	 1	 -41.8225	  171.3559
10.684	 2.31	 1	 -42.4176	  173.0632
10.685	 2.07	 1	 -42.5993	  173.6802
10.690	 2.35	 1	 -43.2238	  173.1154
10.698	 2.88	 2	 -42.0983	  172.9829
10.713	 2.57	 1	 -42.7090	  172.5480
10.714	 3.23	 1	 -42.7715	  173.4126
10.717	 2.39	 1	 -42.5389	  173.6381
10.717	 2.54	 1	 -42.5516	  173.4395
10.720	 2.11	 1	 -42.5106	  172.5612
10.728	 2.05	 1	 -42.8973	  172.0491
10.736	 2.21	 1	 -42.2199	  173.6847
10.738	 2.06	 1	 -38.4722	  174.1163
10.743	 2.67	 1	 -43.1300	  171.5199
10.745	 2.48	 1	 -42.0452	  173.4678
10.751	 2.09	 1	 -42.2367	  173.3960
10.761	 2.19	 1	 -42.0528	  173.5437
10.768	 2.06	 1	 -42.7670	  172.2856
10.770	 2.05	 1	 -41.7589	  174.3169
10.779	 2.27	 1	 -42.2732	  173.8611
10.788	 2.42	 1	 -43.2225	  167.7144
10.788	 2.01	 1	 -42.3208	  172.8089
10.792	 2.50	 2	 -42.1886	  173.1005
10.796	 2.25	 1	 -43.1500	  171.9032
10.802	 2.33	 1	 -44.3956	  173.8681
10.807	 3.22	 1	 -43.8146	  170.9017
10.812	 2.13	 1	 -44.3258	  177.1273
10.822	 2.17	 1	 -42.7158	  172.4225
10.850	 2.73	 1	 -38.5568	  175.4234
10.851	 3.19	 1	 -44.0278	  174.1018
10.852	 2.33	 1	 -44.3876	  172.1496
10.863	 2.05	 1	 -42.6707	  172.6408
10.866	 2.03	 1	 -42.1059	  173.8410
10.868	 3.05	 1	 -42.2380	  172.5070
10.873	 2.00	 1	 -45.0111	  174.8250
10.877	 2.34	 1	 -41.5235	  173.7612
10.878	 2.21	 1	 -42.6612	  172.8558
10.891	 2.30	 1	 -42.3807	  173.1165
10.899	 2.06	 1	 -42.2049	  173.5320
10.913	 2.11	 1	 -42.6004	  172.9560
10.939	 2.07	 1	 -42.5901	  173.8967
10.941	 2.22	 2	 -43.8270	  178.6214
10.946	 2.15	 1	 -42.9520	  171.6747
10.951	 2.47	 1	 -44.2485	  167.2823
10.955	 2.38	 1	 -40.5631	  172.6174
10.957	 2.02	 1	 -46.2256	  169.2377
10.962	 2.68	 1	 -38.6768	  175.7748
10.963	 2.16	 1	 -38.2066	  173.4426
10.963	 2.27	 1	 -41.5015	  167.1228
10.970	 2.42	 1	 -44.5078	  173.3380
10.989	 2.27	 1	 -41.9014	  174.1417
10.992	 2.08	 1	 -42.9718	  172.6654
11.013	 2.40	 1	 -42.7521	  172.9963
11.013	 2.02	 1	 -39.4880	  177.3139
11.062	 2.30	 2	 -42.2009	  173.1207
11.089	 3.13	 1	 -43.5351	  172.6775
11.091	 2.09	 1	 -42.2675	  173.9040
11.108	 2.10	 2	 -42.1832	  173.1174
11.117	 3.50	 1	 -43.5999	  176.7771
11.125	 2.14	 1	 -42.7392	  173.8352
11.176	 2.12	 1	 -41.9207	  173.6486
11.187	 2.22	 1	 -43.3670	  169.9473
11.192	 2.52	 1	 -42.4798	  173.1547
11.194	 2.17	 1	 -42.0705	  174.0264
11.196	 2.06	 1	 -44.4733	  173.8523
11.197	 3.18	 1	 -42.7557	  171.7546
11.199	 3.08	 1	 -42.4528	  172.9389
11.215	 2.07	 1	 -42.4140	  173.3353
11.220	 2.15	 1	 -43.5161	  173.0815
11.221	 2.45	 1	 -41.9988	  173.1623
11.222	 2.88	 2	 -44.9496	  167.7784
11.223	 2.12	 1	 -41.9224	  172.4898
11.231	 2.05	 1	 -43.6814	  174.3660
11.234	 2.02	 1	 -42.4187	  173.8403
11.253	 2.02	 1	 -43.2436	  172.1771
11.256	 2.03	 1	 -44.5562	  178.5897
11.265	 2.31	 1	 -42.5851	  173.9565
11.268	 2.30	 1	 -42.2977	  172.6032
11.271	 2.46	 1	 -41.5921	  172.2062
11.272	 2.40	 1	 -42.7608	  173.6027
11.286	 2.09	 1	 -42.8014	  173.2809
11.290	 2.40	 1	 -41.4101	  169.9044
11.302	 2.13	 1	 -43.7249	  173.3174
11.302	 2.20	 1	 -39.4119	  177.2060
11.309	 2.01	 1	 -42.7516	  173.5906
11.327	 2.15	 1	 -42.4636	  173.0273
11.332	 3.80	 1	 -42.5971	  173.1429
11.334	 2.05	 1	 -44.9354	  171.7487
11.339	 2.62	 2	 -42.5987	  173.1334
11.341	 2.09	 1	 -42.2303	  172.1299
11.346	 2.11	 1	 -42.1352	  172.9078
11.348	 2.72	 1	 -42.9056	  172.6073
11.350	 2.12	 1	 -41.2312	  168.3124
11.351	 2.06	 1	 -42.3330	  172.7929
11.363	 2.39	 2	 -42.1113	  173.1607
11.368	 2.47	 1	 -40.9955	  172.2191
11.370	 2.18	 2	 -42.2258	  173.1396
11.386	 2.84	 1	 -41.2291	  175.9178
11.386	 2.06	 1	 -41.7159	  175.3033
11.396	 3.13	 1	 -42.2704	  172.6317
11.403	 2.27	 1	 -42.3245	  173.5701
11.423	 2.58	 1	 -45.9564	  171.9390
11.427	 2.94	 2	 -44.9574	  167.7210
11.429	 2.42	 1	 -42.9520	  175.9361
11.437	 2.92	 1	 -40.7488	  167.5054
11.439	 2.30	 1	 -42.5123	  174.4161
11.457	 2.71	 1	 -38.5125	  170.7674
11.460	 2.17	 1	 -42.1645	  173.2733
11.464	 2.09	 1	 -41.3866	  173.7138
11.467	 2.05	 1	 -43.1499	  176.4120
11.474	 2.10	 1	 -43.8069	  172.5763
11.475	 2.00	 1	 -42.9772	  174.7949
11.481	 2.57	 1	 -43.3381	  174.8000
11.488	 2.46	 1	 -42.2789	  173.3866
11.510	 2.25	 2	 -42.1841	  173.1188
11.520	 2.37	 1	 -42.0190	  171.7538
11.526	 2.13	 1	 -43.6231	  173.2321
11.540	 2.47	 1	 -41.7733	  173.1829
11.550	 2.01	 1	 -42.3333	  179.1204
11.561	 2.01	 1	 -42.2980	  172.8704
11.569	 2.05	 1	 -43.0228	  172.8753
11.570	 2.87	 1	 -42.7904	  172.5846
11.571	 2.44	 1	 -42.6041	  172.1485
11.589	 2.21	 1	 -42.6772	  172.8828
11.607	 3.51	 1	 -42.7027	  172.5242
11.618	 2.41	 1	 -44.0204	  178.8671
11.650	 2.48	 1	 -42.0459	  171.0402
11.661	 2.35	 1	 -42.5496	  172.0383
11.670	 2.37	 1	 -41.4192	  174.6410
11.672	 3.57	 1	 -44.4600	  173.9929
11.678	 2.78	 1	 -42.4832	  172.9539
11.686	 2.35	 1	 -42.7148	  176.4232
11.688	 2.63	 1	 -43.3551	  175.2834
11.698	 2.04	 1	 -42.9583	  174.7467
11.698	 2.18	 1	 -46.5462	  174.8967
11.710	 2.49	 1	 -39.3428	  169.6652
11.729	 2.43	 1	 -41.9873	  174.4745
11.739	 2.26	 1	 -42.3727	  172.9701
11.756	 2.00	 1	 -43.8605	  174.7483
11.761	 4.55	 1	 -42.3756	  173.7753
11.762	 3.75	 1	 -43.0604	  173.8022
11.763	 3.98	 1	 -45.1094	  168.5549
11.764	 2.02	 1	 -39.9238	  174.0513
11.790	 2.44	 1	 -44.2621	  176.4839
11.812	 2.26	 1	 -42.9062	  169.5616
11.818	 2.20	 1	 -46.6247	  170.0545
11.824	 2.08	 1	 -42.8194	  172.7849
11.824	 3.13	 1	 -39.8759	  176.2417
11.832	 2.02	 1	 -43.2415	  174.2649
11.836	 2.41	 1	 -41.3419	  173.0770
11.854	 3.34	 1	 -42.2811	  173.9155
11.883	 2.08	 1	 -42.2768	  175.9322
11.888	 2.91	 2	 -42.3712	  173.7830
11.895	 2.40	 1	 -43.0284	  172.5462
11.898	 3.49	 1	 -43.1545	  172.5751
11.898	 3.83	 1	 -42.2486	  172.6311
11.899	 3.62	 1	 -43.6085	  172.2009
11.906	 2.01	 1	 -39.4892	  171.6228
11.913	 2.19	 1	 -47.1101	  174.1642
11.913	 3.31	 2	 -42.3681	  173.7745
11.924	 2.21	 1	 -44.6111	  172.7854
11.934	 2.14	 1	 -43.2497	  174.9625
11.943	 3.31	 1	 -47.1834	  172.7127
11.975	 3.54	 1	 -38.1993	  173.2599
11.996	 2.93	 1	 -42.2730	  172.5119
12.004	 3.24	 1	 -43.0850	  169.9238
12.018	 2.45	 1	 -43.0513	  173.7943
12.019	 3.11	 1	 -42.6834	  173.1091
12.021	 2.03	 1	 -42.8111	  170.9938
12.021	 2.19	 1	 -43.8795	  171.8271
12.042	 2.29	 1	 -43.5218	  172.6734
12.055	 2.55	 2	 -42.2325	  172.6496
12.068	 2.20	 1	 -42.9456	  175.0895
12.075	 2.16	 1	 -42.6066	  173.0742
12.077	 2.40	 1	 -41.8375	  171.4393
12.082	 2.04	 1	 -43.3412	  172.9338
12.094	 4.34	 1	 -42.3692	  172.8343
12.115	 2.60	 2	 -42.3865	  172.8088
12.143	 2.12	 1	 -44.4249	  170.0776
12.145	 3.16	 1	 -41.6789	  174.1715
12.151	 2.03	 1	 -42.3943	  173.0183
12.158	 2.20	 1	 -42.4479	  173.5606
12.164	 2.21	 1	 -41.7552	  174.3356
12.172	 2.16	 1	 -41.8485	  174.0926
12.177	 2.65	 1	 -40.9191	  170.9102
12.181	 2.17	 3	 -42.4931	  172.5908
12.201	 2.02	 1	 -42.8222	  171.9940
12.206	 2.14	 1	 -42.0440	  174.3735
12.210	 2.14	 1	 -42.5652	  173.1175
12.213	 2.29	 1	 -42.4171	  173.8203
12.223	 2.32	 1	 -42.8155	  173.0735
12.230	 3.37	 1	 -38.7153	  175.8763
12.242	 2.20	 1	 -43.6820	  172.2052
12.255	 2.60	 1	 -43.0653	  173.0547
12.259	 2.34	 1	 -40.9075	  172.9974
12.288	 2.71	 1	 -41.8680	  167.3419
12.291	 2.55	 3	 -42.3715	  173.7719
12.291	 2.53	 1	 -43.3958	  173.8533
12.291	 2.04	 1	 -42.3966	  168.7980
12.292	 2.33	 1	 -43.0397	  179.1217
12.319	 2.69	 1	 -43.3921	  173.7307
12.344	 2.06	 1	 -42.1160	  172.2484
12.349	 2.19	 2	 -42.1340	  173.1716
12.364	 2.52	 1	 -42.1041	  173.5545
12.371	 2.25	 1	 -42.9985	  178.9593
12.383	 2.05	 1	 -43.0998	  173.5461
12.384	 2.29	 1	 -43.0611	  173.3024
12.385	 2.40	 1	 -42.5753	  177.0302
12.398	 3.18	 1	 -42.6478	  173.2427
12.404	 2.40	 1	 -43.8163	  174.4766
12.408	 2.02	 1	 -42.2875	  172.6395
12.419	 3.14	 2	 -42.6511	  173.2378
12.423	 3.46	 1	 -41.8860	  173.7551
12.426	 2.12	 1	 -40.9425	  167.3867
12.432	 2.99	 1	 -42.7736	  172.5128
12.433	 2.06	 1	 -42.8646	  172.2240
12.435	 2.47	 1	 -42.1184	  173.7425
12.506	 2.58	 1	 -42.7340	  173.4393
12.507	 2.39	 1	 -42.6354	  172.0972
12.520	 2.39	 1	 -43.1753	  173.8372
12.531	 2.05	 1	 -38.1981	  172.8333
12.536	 2.09	 1	 -42.4590	  173.1038
12.538	 2.22	 1	 -42.8067	  173.6179
12.540	 2.35	 1	 -43.3672	  174.8951
12.540	 2.16	 1	 -44.1216	  178.8228
12.560	 2.87	 1	 -42.1615	  173.0760
12.563	 3.30	 2	 -42.5773	  173.4066
12.567	 2.13	 1	 -39.2895	  177.0210
12.575	 2.41	 1	 -42.5395	  174.4085
12.578	 2.22	 1	 -43.3027	  173.1062
12.582	 2.17	 1	 -40.9214	  172.2521
12.582	 2.34	 1	 -43.8789	  168.8308
12.592	 2.62	 1	 -42.1987	  175.0783
12.601	 2.08	 1	 -42.5393	  173.3991
12.604	 2.70	 1	 -42.9335	  173.0302
12.608	 2.14	 1	 -42.9641	  174.2827
12.618	 2.05	 1	 -42.6612	  172.8300
12.618	 2.97	 1	 -41.8052	  173.1692
12.650	 2.55	 1	 -43.0189	  171.5330
12.663	 2.75	 1	 -42.5532	  173.1868
12.668	 2.55	 1	 -42.3257	  173.5622
12.668	 2.16	 1	 -42.5252	  173.3759
12.691	 2.20	 1	 -41.9541	  173.2483
12.696	 2.63	 1	 -40.6336	  173.0611
12.713	 3.10	 1	 -42.4249	  173.3634
12.730	 2.67	 1	 -42.8780	  174.6080
12.735	 2.11	 1	 -42.3599	  173.7075
12.737	 2.33	 1	 -42.3184	  173.6843
12.740	 2.75	 1	 -42.9050	  172.9308
12.755	 2.02	 1	 -40.6779	  178.2905
12.763	 2.87	 1	 -42.9208	  172.4751
12.766	 2.01	 1	 -42.2439	  173.6007
12.778	 2.03	 1	 -42.6289	  172.9396
12.780	 2.43	 1	 -44.2262	  175.1960
12.785	 2.39	 1	 -42.8406	  176.1394
12.789	 2.31	 1	 -42.8359	  172.7842
12.791	 2.24	 1	 -42.6144	  174.9639
12.791	 2.45	 1	 -41.8470	  173.9770
12.810	 2.22	 1	 -42.5149	  173.4513
12.816	 2.68	 1	 -42.7917	  173.2056
12.827	 2.86	 1	 -41.6999	  174.1429
12.849	 3.41	 1	 -42.8869	  172.8684
12.861	 2.24	 2	 -42.4156	  173.8676
12.869	 2.16	 1	 -43.0439	  172.2566
12.890	 2.08	 1	 -43.5324	  171.9883
12.902	 2.04	 1	 -41.9671	  173.9732
12.923	 2.29	 1	 -42.2714	  173.2144
12.924	 3.85	 1	 -42.5009	  173.3002
12.927	 2.31	 1	 -41.5059	  172.3598
12.958	 2.45	 1	 -42.2889	  173.6750
12.969	 2.72	 1	 -42.3610	  171.5704
12.969	 2.40	 2	 -42.9519	  172.7621
12.975	 2.62	 1	 -43.2421	  172.4230
12.995	 2.05	 2	 -45.1427	  168.5513
13.000	 2.16	 1	 -41.5578	  171.4872
13.003	 2.57	 1	 -42.9267	  166.9126
13.010	 3.06	 1	 -43.0386	  173.3885
13.012	 2.47	 1	 -42.2214	  172.7241
13.035	 2.53	 1	 -42.8622	  172.9086
13.056	 2.01	 1	 -42.4245	  173.1141
13.061	 3.25	 1	 -43.0041	  173.0113
13.085	 2.31	 1	 -42.8524	  169.8508
13.086	 2.79	 1	 -42.8631	  172.1040
13.087	 2.08	 2	 -41.1325	  171.7284
13.118	 2.04	 1	 -42.2565	  173.8932
13.134	 2.23	 1	 -42.5408	  172.7964
13.141	 2.25	 1	 -42.3111	  173.6279
13.142	 2.63	 1	 -42.2390	  171.8292
13.144	 2.49	 1	 -41.9855	  174.4227
13.150	 2.08	 1	 -41.8495	  173.0962
13.165	 2.45	 1	 -42.3238	  173.0733
13.168	 2.33	 1	 -42.6707	  174.4863
13.179	 2.92	 1	 -42.5506	  173.7495
13.184	 3.95	 1	 -41.1038	  174.3026
13.195	 2.12	 1	 -42.1162	  173.3332
13.219	 2.44	 1	 -41.9289	  173.6812
13.226	 2.54	 1	 -42.6770	  173.6037
13.250	 2.55	 1	 -38.2872	  174.2482
13.251	 2.33	 1	 -43.5109	  177.1816
13.278	 2.01	 1	 -43.0591	  172.4342
13.291	 2.01	 1	 -40.7317	  173.9193
13.308	 3.56	 1	 -43.2767	  173.8350
13.317	 2.48	 1	 -43.1810	  172.0156
13.344	 2.12	 1	 -42.0421	  173.8040
13.350	 2.20	 1	 -42.4535	  173.2095
13.358	 2.22	 1	 -42.9038	  173.5161
13.387	 3.19	 1	 -42.4645	  172.9589
13.391	 2.12	 1	 -42.8999	  173.0195
13.394	 2.51	 1	 -38.3096	  171.6554
13.400	 2.34	 1	 -42.5814	  172.5982
13.410	 2.04	 1	 -41.4096	  167.1586
13.423	 2.07	 1	 -42.4223	  173.8001
13.437	 2.27	 1	 -42.2905	  175.2609
13.451	 2.17	 1	 -42.2290	  172.7550
13.496	 2.62	 1	 -42.5881	  166.9060
13.498	 3.19	 2	 -43.1769	  172.8280
13.500	 2.26	 1	 -44.9156	  178.3400
13.511	 2.21	 1	 -42.8507	  173.2061
13.517	 2.21	 1	 -42.4945	  173.2458
13.525	 2.21	 1	 -42.1882	  173.6896
13.562	 2.13	 1	 -42.9304	  179.1314
13.583	 2.54	 1	 -43.0301	  173.0076
13.588	 2.32	 1	 -42.4404	  172.2176
13.616	 2.17	 1	 -42.2013	  173.6054
13.621	 2.02	 1	 -42.3891	  173.4082
13.624	 3.15	 1	 -42.5819	  172.6509
13.643	 2.67	 1	 -42.7383	  173.6518
13.652	 2.80	 1	 -43.1421	  173.9830
13.657	 2.04	 1	 -41.7771	  174.2966
13.672	 2.20	 1	 -42.5116	  171.6495
13.679	 2.30	 1	 -41.3150	  175.3155
13.685	 2.00	 1	 -43.2113	  172.7631
13.694	 2.09	 1	 -40.9306	  169.3401
13.724	 2.60	 1	 -42.1145	  173.5357
13.758	 2.05	 1	 -41.5736	  171.1718
13.764	 2.53	 1	 -41.8142	  172.1009
13.799	 2.15	 1	 -42.7927	  173.2739
13.828	 2.90	 1	 -45.5188	  168.2638
13.829	 2.66	 1	 -42.9161	  173.4836
13.833	 3.40	 1	 -42.8020	  168.5277
13.857	 2.18	 1	 -41.6279	  173.0638
13.862	 2.22	 1	 -42.6966	  174.2280
13.868	 2.22	 1	 -38.5836	  175.5073
13.885	 3.82	 1	 -42.3886	  173.5379
13.903	 2.11	 1	 -42.6082	  172.9141
13.915	 2.01	 1	 -38.2793	  171.8494
13.918	 2.61	 1	 -42.5009	  172.0270
13.930	 2.08	 1	 -39.6483	  177.5247
13.939	 3.09	 1	 -43.1799	  172.8524
13.946	 2.33	 1	 -42.6009	  173.0064
13.948	 2.11	 2	 -40.8076	  172.6949
13.953	 2.26	 1	 -41.6921	  174.2429
13.973	 2.64	 1	 -43.0445	  173.1520
13.985	 2.18	 1	 -43.8570	  167.1130
13.986	 2.67	 1	 -44.1877	  171.5474
13.998	 2.61	 1	 -43.0729	  172.8968
