# Simulation 702
# RelativeTime(days) Magnitude Generation Latitude Longitude
Time Mag Gen Lat Lon
0.500	 2.71	 1	 -42.5660	  173.1816
0.500	 2.22	 1	 -41.8497	  173.9593
0.500	 2.03	 1	 -42.4191	  174.0305
0.502	 2.07	 1	 -42.3660	  173.5533
0.502	 2.24	 1	 -42.8676	  172.4549
0.502	 2.27	 1	 -43.6421	  168.4187
0.503	 2.47	 1	 -42.5887	  172.6224
0.504	 2.51	 1	 -42.4022	  174.1725
0.505	 3.37	 1	 -42.7330	  174.8477
0.505	 2.13	 2	 -42.7389	  174.8559
0.505	 3.21	 1	 -42.2900	  173.6325
0.506	 2.11	 1	 -42.6626	  172.6926
0.507	 2.26	 1	 -46.3377	  169.1697
0.509	 2.58	 1	 -43.9874	  171.9152
0.509	 3.18	 1	 -41.8736	  174.1779
0.510	 2.59	 2	 -41.9075	  174.1270
0.510	 2.75	 1	 -42.8052	  172.7499
0.511	 2.64	 1	 -42.1164	  173.7681
0.511	 2.18	 1	 -41.7772	  174.2119
0.512	 2.51	 1	 -42.9356	  173.2804
0.512	 2.45	 1	 -42.4563	  173.5554
0.514	 3.32	 1	 -41.8839	  174.3297
0.515	 2.16	 1	 -42.4406	  172.0553
0.516	 2.24	 1	 -39.5637	  172.0018
0.516	 2.07	 1	 -41.8398	  174.2270
0.517	 3.39	 1	 -42.2111	  173.6978
0.517	 2.00	 1	 -42.3426	  173.7728
0.517	 2.35	 1	 -47.0747	  174.3935
0.518	 3.27	 1	 -41.6238	  174.2854
0.519	 2.09	 1	 -41.7837	  174.4109
0.519	 2.03	 1	 -42.3181	  173.6340
0.519	 2.38	 1	 -41.3234	  171.7482
0.520	 2.70	 1	 -46.4504	  169.6624
0.521	 3.29	 1	 -42.3330	  173.6210
0.521	 2.14	 1	 -42.2750	  173.6570
0.521	 2.91	 1	 -42.3601	  173.7958
0.522	 2.68	 1	 -42.9534	  172.9692
0.522	 2.00	 1	 -41.9623	  173.8463
0.522	 2.56	 1	 -41.8951	  174.2863
0.522	 2.67	 1	 -42.7039	  172.8189
0.522	 2.46	 1	 -42.4208	  173.3147
0.522	 2.05	 1	 -42.8309	  172.8356
0.522	 2.79	 1	 -41.6459	  174.7795
0.523	 2.45	 1	 -42.1267	  174.2705
0.524	 2.31	 1	 -42.2531	  173.6048
0.525	 2.39	 1	 -41.7060	  174.1734
0.526	 2.95	 1	 -42.5531	  173.9067
0.526	 2.19	 1	 -45.1681	  170.7987
0.526	 2.48	 1	 -42.6486	  172.2008
0.526	 2.17	 1	 -41.9020	  174.4422
0.526	 2.09	 1	 -42.3036	  173.7317
0.527	 2.09	 1	 -41.7180	  174.1986
0.527	 2.36	 1	 -41.7764	  174.4175
0.528	 2.19	 1	 -43.6429	  176.4733
0.529	 2.40	 1	 -41.6549	  173.4372
0.529	 2.72	 1	 -42.4802	  173.8302
0.529	 2.01	 1	 -42.3539	  173.9292
0.530	 2.19	 1	 -42.6206	  173.7638
0.531	 2.50	 1	 -42.2673	  173.6052
0.531	 2.99	 1	 -41.7727	  174.1626
0.533	 3.58	 1	 -42.1318	  173.6460
0.533	 2.26	 1	 -41.7037	  174.2583
0.533	 2.15	 1	 -45.3854	  173.3480
0.533	 2.40	 1	 -42.8105	  172.8563
0.533	 2.88	 1	 -42.1187	  173.5485
0.537	 2.49	 1	 -42.2929	  172.5203
0.538	 2.32	 1	 -42.2416	  172.7816
0.540	 2.06	 1	 -42.0645	  175.5106
0.541	 2.21	 1	 -44.1600	  167.2393
0.542	 2.74	 1	 -41.8382	  174.1510
0.543	 2.16	 1	 -42.5910	  173.3956
0.543	 2.13	 1	 -41.8649	  173.9534
0.544	 2.05	 1	 -42.3747	  173.1036
0.544	 2.21	 1	 -42.1009	  172.9343
0.544	 2.02	 1	 -42.3471	  173.8518
0.545	 2.16	 1	 -42.0931	  174.0829
0.545	 3.19	 1	 -41.7177	  174.2055
0.546	 2.25	 1	 -41.8813	  173.9678
0.548	 2.11	 1	 -42.1661	  172.9878
0.548	 2.18	 1	 -41.8127	  174.1855
0.548	 2.64	 1	 -42.5043	  173.3010
0.549	 2.32	 1	 -42.6102	  172.9518
0.550	 2.01	 1	 -43.6375	  167.0409
0.551	 2.11	 2	 -41.8910	  174.2741
0.551	 2.24	 1	 -41.8056	  173.0131
0.551	 2.15	 1	 -42.3725	  174.1788
0.552	 2.04	 1	 -42.5000	  173.0960
0.552	 2.48	 1	 -42.1090	  172.8681
0.552	 3.31	 1	 -42.0744	  175.1432
0.553	 2.45	 1	 -42.0074	  173.7303
0.553	 2.77	 1	 -40.6798	  173.7606
0.555	 2.22	 1	 -45.1352	  175.4184
0.556	 2.37	 1	 -42.2065	  173.6828
0.556	 2.08	 2	 -42.1454	  172.9217
0.557	 2.20	 1	 -41.7173	  174.2442
0.558	 2.49	 1	 -40.5470	  180.1183
0.559	 2.85	 1	 -42.6629	  172.7688
0.560	 2.01	 1	 -42.2693	  173.6254
0.560	 2.09	 1	 -42.1438	  172.8700
0.562	 2.55	 1	 -41.8040	  174.0117
0.562	 2.45	 1	 -41.8196	  174.4028
0.563	 2.31	 1	 -42.3944	  173.3004
0.563	 2.32	 1	 -42.3763	  172.9802
0.563	 2.49	 1	 -42.3063	  173.5688
0.564	 2.36	 1	 -42.6642	  172.7987
0.565	 3.40	 1	 -42.6312	  172.9597
0.567	 2.29	 1	 -42.2956	  173.6566
0.569	 2.07	 1	 -42.3972	  173.7186
0.570	 2.14	 1	 -42.8105	  172.5830
0.570	 2.16	 1	 -41.9051	  174.1653
0.571	 2.00	 1	 -44.8472	  175.1231
0.573	 2.07	 1	 -42.3825	  173.4731
0.573	 2.23	 1	 -42.1393	  173.6543
0.574	 2.43	 1	 -42.3414	  173.8700
0.574	 3.20	 1	 -41.8217	  174.2887
0.574	 2.43	 1	 -41.6855	  174.2660
0.576	 2.27	 1	 -42.9812	  174.4457
0.577	 2.46	 1	 -42.5105	  173.7714
0.577	 2.16	 1	 -41.9117	  174.1515
0.577	 2.36	 1	 -42.3171	  173.7648
0.578	 3.21	 1	 -43.4666	  171.6823
0.578	 2.59	 1	 -42.4214	  173.2496
0.579	 2.34	 1	 -45.5058	  175.4328
0.580	 2.19	 1	 -39.4095	  177.2026
0.580	 2.58	 1	 -41.7442	  174.1733
0.582	 2.54	 1	 -38.2470	  172.1026
0.584	 2.45	 1	 -41.6772	  174.2677
0.585	 2.78	 1	 -41.6306	  174.1405
0.587	 2.65	 1	 -44.7486	  178.7198
0.588	 2.08	 1	 -42.3042	  173.4218
0.588	 2.18	 1	 -41.3480	  173.5617
0.590	 2.86	 1	 -41.7648	  174.2012
0.590	 2.93	 1	 -38.6821	  175.7890
0.591	 2.16	 1	 -41.9709	  173.6773
0.591	 2.71	 1	 -41.7384	  174.0239
0.592	 2.32	 1	 -41.6136	  174.3739
0.593	 3.54	 1	 -41.7219	  174.3212
0.594	 2.30	 1	 -42.6685	  172.9150
0.594	 2.55	 1	 -42.2075	  173.6896
0.595	 2.30	 1	 -42.3747	  173.3675
0.596	 2.10	 1	 -43.3653	  179.0711
0.596	 2.03	 1	 -41.9773	  171.8391
0.596	 2.46	 1	 -44.3963	  173.0183
0.597	 2.02	 1	 -41.7312	  174.1889
0.598	 2.39	 1	 -42.3181	  172.9815
0.598	 4.59	 1	 -42.4188	  172.3466
0.599	 2.19	 2	 -42.4736	  172.3449
0.600	 3.13	 1	 -42.1332	  173.6661
0.601	 2.65	 1	 -42.2868	  173.9414
0.603	 2.22	 1	 -42.8275	  172.5234
0.603	 2.44	 1	 -42.4960	  173.1030
0.603	 2.75	 1	 -41.8843	  174.0652
0.605	 2.24	 1	 -42.2616	  173.5875
0.605	 2.19	 1	 -42.2194	  173.8468
0.606	 2.88	 1	 -42.5995	  173.7813
0.609	 2.06	 1	 -41.7214	  174.1646
0.611	 2.16	 1	 -42.1984	  173.5897
0.612	 2.53	 1	 -45.1855	  172.6657
0.613	 2.02	 1	 -42.4621	  173.4989
0.613	 2.21	 1	 -42.6784	  173.2422
0.613	 2.33	 1	 -42.6498	  173.1077
0.614	 2.13	 1	 -42.6883	  172.7869
0.615	 2.46	 2	 -42.4340	  172.3319
0.617	 2.28	 1	 -42.2820	  174.0994
0.621	 2.09	 1	 -43.3851	  172.7270
0.621	 4.15	 2	 -42.4506	  172.3838
0.622	 2.24	 1	 -41.8318	  174.2329
0.623	 2.04	 1	 -42.6093	  172.9913
0.623	 2.02	 1	 -42.2359	  173.4997
0.624	 2.26	 1	 -41.7302	  172.7437
0.624	 2.06	 1	 -42.4378	  173.7925
0.625	 2.03	 1	 -42.7375	  173.3004
0.625	 3.00	 1	 -42.3233	  173.4890
0.625	 2.45	 2	 -42.3438	  173.3773
0.626	 2.09	 1	 -42.3531	  173.4351
0.628	 2.20	 1	 -42.6549	  173.1288
0.628	 2.55	 1	 -42.2431	  172.7618
0.628	 2.30	 1	 -41.9471	  172.5347
0.629	 2.13	 1	 -40.8049	  167.4695
0.631	 2.75	 1	 -41.6966	  174.1748
0.631	 2.62	 1	 -42.7183	  173.2488
0.631	 2.06	 1	 -44.4855	  173.5207
0.632	 2.53	 1	 -42.5020	  172.7412
0.635	 2.02	 1	 -41.4657	  177.6555
0.635	 2.12	 1	 -38.9252	  174.3955
0.635	 2.03	 1	 -42.2836	  173.2087
0.636	 2.38	 1	 -42.8596	  173.6876
0.636	 2.08	 1	 -42.6590	  173.0655
0.640	 3.20	 1	 -42.7286	  172.4570
0.643	 2.01	 1	 -42.5088	  172.5978
0.643	 2.60	 1	 -41.8685	  174.0526
0.643	 3.11	 1	 -41.9289	  170.0974
0.645	 2.41	 1	 -41.1308	  174.9757
0.646	 2.07	 1	 -41.8003	  174.1458
0.646	 2.12	 1	 -42.3075	  173.8995
0.646	 2.38	 1	 -43.1962	  172.0779
0.647	 2.30	 1	 -39.3361	  168.9511
0.648	 2.04	 1	 -41.9972	  173.7137
0.650	 2.06	 1	 -42.0861	  172.9144
0.650	 2.27	 1	 -42.5982	  173.1027
0.651	 2.12	 1	 -41.7844	  174.1799
0.651	 2.07	 1	 -42.2857	  173.7689
0.653	 2.23	 1	 -41.7733	  174.3933
0.654	 2.04	 1	 -42.4429	  174.1402
0.655	 2.53	 1	 -42.5634	  173.1745
0.655	 2.60	 1	 -42.2507	  173.3941
0.658	 2.58	 1	 -41.6881	  174.3549
0.659	 2.00	 1	 -43.0373	  172.6082
0.659	 2.10	 1	 -41.7271	  174.1718
0.660	 2.30	 1	 -42.0547	  173.6314
0.661	 2.38	 1	 -41.7924	  174.1963
0.661	 2.37	 1	 -42.3456	  173.6757
0.663	 2.09	 1	 -40.5324	  170.9032
0.663	 2.07	 1	 -42.8771	  173.4016
0.664	 3.24	 1	 -42.8322	  173.5835
0.665	 2.68	 1	 -41.7889	  174.1552
0.666	 2.20	 1	 -41.8143	  174.3577
0.667	 2.10	 1	 -42.4598	  173.1510
0.668	 2.13	 1	 -42.3753	  173.5232
0.668	 2.24	 1	 -42.3451	  173.8436
0.668	 2.52	 1	 -41.8675	  173.5425
0.670	 2.50	 1	 -42.3856	  170.4326
0.670	 3.45	 1	 -42.2139	  172.8520
0.670	 2.33	 3	 -42.4494	  172.3772
0.671	 2.10	 1	 -42.5656	  172.4621
0.672	 2.77	 1	 -41.9059	  174.1829
0.672	 2.23	 1	 -42.0403	  173.6710
0.673	 2.14	 1	 -42.0260	  173.7392
0.675	 2.02	 2	 -42.5189	  172.2445
0.676	 2.71	 1	 -42.6720	  172.8013
0.678	 2.04	 1	 -41.7957	  174.2782
0.678	 2.55	 1	 -42.1025	  173.6446
0.679	 2.59	 1	 -42.0920	  173.6979
0.685	 2.77	 1	 -38.1979	  173.2013
0.686	 2.04	 1	 -42.9747	  172.0519
0.689	 2.53	 1	 -42.1193	  173.4188
0.690	 2.94	 1	 -43.0416	  172.8568
0.691	 2.15	 1	 -42.3136	  173.8353
0.693	 2.77	 1	 -42.2884	  175.3414
0.694	 2.13	 1	 -41.8737	  174.0501
0.694	 2.09	 1	 -41.8287	  174.2255
0.697	 2.13	 1	 -41.8773	  173.7145
0.697	 2.25	 1	 -41.7276	  174.3376
0.698	 2.23	 1	 -42.3802	  172.8600
0.699	 3.16	 1	 -42.5697	  172.6258
0.699	 2.31	 1	 -42.2494	  173.7688
0.701	 2.01	 1	 -43.3658	  173.2773
0.701	 3.56	 1	 -42.3345	  173.0509
0.701	 2.51	 1	 -42.5055	  173.0572
0.702	 2.39	 1	 -41.9380	  174.2332
0.702	 2.26	 1	 -41.1238	  172.2382
0.703	 3.45	 1	 -41.2184	  169.9824
0.707	 2.13	 1	 -42.5921	  172.8409
0.707	 2.86	 1	 -42.4452	  173.9386
0.710	 2.08	 1	 -42.2554	  173.7728
0.712	 2.28	 1	 -41.9291	  173.8599
0.715	 3.13	 1	 -41.8107	  174.2905
0.715	 2.32	 1	 -42.4154	  173.3755
0.716	 2.04	 1	 -42.3714	  173.5084
0.719	 2.82	 1	 -42.4574	  173.7845
0.722	 2.06	 1	 -42.3021	  173.9324
0.724	 2.15	 1	 -42.6540	  173.2872
0.730	 2.03	 1	 -42.4765	  172.8780
0.730	 3.07	 1	 -42.2777	  173.6891
0.731	 2.11	 1	 -42.8625	  172.2679
0.731	 2.18	 1	 -42.9881	  175.1275
0.732	 2.93	 2	 -41.7577	  174.1287
0.732	 3.02	 1	 -41.9849	  173.7276
0.734	 2.29	 1	 -44.0146	  172.5358
0.734	 2.24	 1	 -42.5769	  172.5699
0.735	 2.63	 1	 -42.0318	  173.3886
0.737	 2.00	 1	 -42.2946	  173.6970
0.738	 2.02	 1	 -41.8915	  172.7105
0.738	 2.91	 1	 -42.4777	  173.1453
0.738	 2.02	 1	 -41.8520	  173.9319
0.741	 2.24	 1	 -42.2429	  173.8747
0.741	 2.18	 1	 -40.9141	  178.6411
0.743	 3.08	 1	 -42.6569	  172.8788
0.744	 2.56	 1	 -41.8312	  174.0697
0.746	 2.04	 1	 -42.4243	  172.5783
0.747	 3.70	 1	 -40.5432	  169.5487
0.748	 2.24	 1	 -42.7465	  173.1356
0.748	 2.91	 1	 -42.3061	  173.3476
0.749	 2.86	 1	 -43.3951	  173.9088
0.751	 2.15	 1	 -43.1906	  173.3774
0.753	 2.04	 2	 -42.6543	  172.8798
0.756	 2.44	 1	 -42.2725	  173.6423
0.756	 2.10	 1	 -42.0223	  173.5685
0.757	 2.76	 1	 -42.3520	  174.0206
0.757	 2.34	 1	 -43.0083	  173.0312
0.759	 2.14	 1	 -42.9268	  166.9126
0.759	 2.44	 1	 -41.7847	  174.1226
0.761	 2.19	 1	 -42.3038	  174.0070
0.762	 2.13	 1	 -41.6787	  174.2620
0.763	 2.51	 1	 -42.3135	  174.0755
0.764	 2.45	 1	 -42.3336	  173.5093
0.764	 2.20	 1	 -41.6259	  174.3347
0.765	 2.82	 1	 -42.5455	  173.1348
0.765	 2.36	 1	 -46.4821	  176.3153
0.765	 2.06	 1	 -42.5812	  173.1081
0.765	 3.35	 1	 -42.7323	  173.1099
0.765	 2.34	 2	 -42.7712	  173.0613
0.768	 2.79	 1	 -42.5025	  173.1971
0.768	 2.91	 1	 -41.9792	  173.8741
0.769	 2.17	 1	 -42.5827	  172.8248
0.770	 2.59	 1	 -42.7249	  172.8649
0.770	 2.04	 1	 -42.1355	  173.6932
0.773	 2.04	 1	 -39.0404	  169.4532
0.773	 2.05	 1	 -41.7318	  174.4702
0.775	 2.09	 1	 -42.3454	  173.4394
0.781	 2.61	 2	 -42.4082	  172.4462
0.782	 2.05	 1	 -42.9349	  172.8980
0.784	 3.12	 1	 -42.5644	  172.4259
0.787	 2.22	 1	 -41.9968	  173.7623
0.787	 2.04	 1	 -42.3754	  173.6999
0.788	 2.59	 1	 -42.1747	  172.8129
0.791	 2.29	 1	 -42.5031	  173.6981
0.793	 3.09	 2	 -41.9769	  173.8746
0.793	 2.65	 1	 -42.0303	  173.7464
0.795	 2.13	 1	 -41.9769	  173.6635
0.795	 2.57	 1	 -41.8412	  174.3035
0.796	 2.13	 1	 -41.8919	  173.6826
0.796	 2.85	 1	 -42.4807	  173.1659
0.797	 2.29	 1	 -42.3221	  173.1432
0.799	 2.08	 1	 -42.3156	  173.9372
0.802	 2.06	 1	 -47.1135	  171.9049
0.802	 2.15	 1	 -42.2757	  172.9575
0.805	 2.03	 1	 -42.2447	  168.9685
0.808	 2.36	 1	 -41.8147	  174.2112
0.808	 2.92	 1	 -43.0218	  172.5168
0.809	 2.67	 1	 -42.3761	  173.1463
0.811	 2.35	 1	 -42.4382	  172.3869
0.815	 2.14	 1	 -41.7529	  174.2363
0.815	 2.65	 1	 -41.6979	  174.3202
0.815	 2.12	 1	 -43.0759	  173.2192
0.815	 2.15	 1	 -43.6669	  176.4082
0.818	 3.30	 1	 -41.7217	  174.2009
0.820	 2.02	 1	 -41.9659	  173.6951
0.821	 2.23	 1	 -42.8963	  173.2611
0.824	 2.12	 2	 -42.2939	  173.9323
0.825	 2.01	 1	 -43.2458	  172.7792
0.826	 2.13	 1	 -42.2739	  173.7560
0.827	 2.14	 1	 -42.3105	  173.2703
0.828	 2.45	 1	 -41.7008	  174.2795
0.829	 2.50	 1	 -41.7131	  174.3235
0.829	 2.11	 1	 -41.7831	  174.4365
0.831	 2.22	 1	 -41.5467	  174.2144
0.837	 2.12	 1	 -42.3312	  174.8936
0.838	 2.04	 1	 -43.6769	  172.8215
0.839	 2.03	 1	 -42.8329	  173.1095
0.840	 2.55	 1	 -42.7391	  173.2573
0.842	 2.38	 1	 -39.5737	  177.4291
0.842	 2.54	 1	 -42.6356	  173.2540
0.843	 2.23	 1	 -42.7997	  173.1201
0.843	 2.20	 1	 -40.6557	  173.6266
0.843	 2.13	 1	 -42.2924	  173.1955
0.843	 2.29	 1	 -44.1600	  176.9115
0.844	 4.39	 1	 -42.6004	  173.4750
0.844	 2.10	 1	 -42.2601	  173.4531
0.844	 2.21	 1	 -42.2570	  170.6083
0.844	 2.18	 1	 -41.1082	  173.7288
0.844	 2.10	 2	 -42.5962	  173.4813
0.845	 2.70	 1	 -42.0428	  173.3055
0.846	 2.02	 1	 -46.9141	  170.9152
0.846	 2.08	 2	 -42.6270	  173.4207
0.847	 2.17	 1	 -41.9817	  173.6373
0.848	 2.20	 1	 -42.8065	  172.2053
0.849	 2.28	 1	 -42.3507	  172.8406
0.849	 2.30	 1	 -42.2948	  173.7144
0.850	 2.36	 1	 -42.3719	  174.0251
0.850	 2.62	 1	 -42.0558	  173.7158
0.853	 2.32	 1	 -40.4945	  176.5500
0.857	 3.22	 1	 -42.5653	  173.1235
0.857	 2.26	 1	 -42.6444	  173.9836
0.858	 2.01	 1	 -41.6668	  174.3398
0.859	 2.32	 1	 -42.3923	  173.2307
0.861	 2.19	 1	 -42.3644	  174.0064
0.863	 2.27	 1	 -41.7545	  174.2717
0.863	 2.19	 1	 -41.4129	  174.2337
0.864	 2.26	 1	 -41.6613	  170.9380
0.864	 2.81	 1	 -42.7454	  173.4269
0.866	 3.29	 1	 -42.3533	  173.8225
0.866	 2.20	 1	 -42.5902	  173.0076
0.867	 2.57	 1	 -41.7726	  174.0783
0.869	 2.22	 1	 -42.4888	  173.2884
0.870	 2.79	 2	 -42.5382	  173.3709
0.874	 2.36	 1	 -42.4405	  174.1956
0.875	 2.64	 1	 -41.7641	  174.1866
0.876	 2.05	 2	 -41.8052	  174.1787
0.877	 2.25	 2	 -42.5576	  173.9158
0.877	 2.39	 1	 -42.1804	  173.6388
0.878	 2.02	 1	 -41.7332	  174.2610
0.879	 2.11	 1	 -43.0001	  172.7431
0.879	 2.59	 1	 -41.7225	  174.2483
0.880	 2.03	 1	 -42.2584	  173.7722
0.880	 2.25	 1	 -42.1191	  173.8178
0.881	 2.50	 1	 -42.4175	  171.6167
0.882	 3.29	 1	 -38.4682	  170.9257
0.883	 2.57	 1	 -44.2202	  173.1503
0.886	 2.07	 2	 -38.5185	  170.9318
0.893	 2.19	 1	 -42.0902	  174.0787
0.898	 2.02	 1	 -42.7120	  172.7600
0.899	 3.00	 1	 -42.2422	  173.6259
0.899	 2.54	 1	 -42.3199	  172.1342
0.900	 2.33	 1	 -42.2787	  173.7417
0.900	 2.26	 1	 -42.6755	  172.8113
0.901	 2.24	 1	 -42.4707	  173.1971
0.901	 2.02	 1	 -41.9281	  173.5529
0.904	 2.10	 1	 -42.5693	  172.5977
0.904	 2.01	 1	 -42.0334	  173.6902
0.905	 2.02	 1	 -43.1254	  172.6440
0.905	 2.01	 1	 -42.5137	  173.2811
0.906	 2.22	 1	 -42.1516	  173.6348
0.906	 2.28	 1	 -45.5901	  171.6363
0.909	 2.10	 1	 -41.7665	  173.5336
0.914	 2.17	 1	 -42.3358	  173.4923
0.915	 3.31	 1	 -43.2072	  173.8633
0.916	 2.17	 1	 -42.1801	  173.6142
0.917	 2.00	 1	 -42.5551	  173.1302
0.917	 3.06	 1	 -42.5897	  173.3247
0.919	 2.33	 1	 -46.9462	  175.0058
0.920	 2.26	 1	 -42.1463	  173.9821
0.920	 2.25	 2	 -42.1351	  173.9911
0.921	 2.37	 1	 -41.7509	  174.2872
0.923	 2.88	 1	 -42.2022	  173.8307
0.923	 2.28	 1	 -43.7921	  174.9134
0.929	 2.40	 1	 -40.2433	  172.6208
0.932	 2.25	 1	 -42.1324	  173.7792
0.935	 2.42	 1	 -41.7646	  174.1517
0.937	 2.28	 1	 -42.2568	  172.8392
0.938	 2.16	 1	 -41.7654	  174.2710
0.939	 2.18	 1	 -41.7271	  174.1824
0.940	 2.27	 1	 -41.6357	  172.6617
0.943	 2.11	 1	 -41.5605	  175.7330
0.943	 2.32	 1	 -41.7036	  174.2626
0.947	 2.32	 1	 -43.1459	  174.0433
0.951	 3.15	 1	 -42.7774	  173.2619
0.952	 2.35	 1	 -42.1557	  173.4605
0.953	 2.72	 1	 -41.9817	  173.7390
0.953	 2.14	 1	 -42.6424	  173.2033
0.955	 2.04	 1	 -41.9188	  173.6460
0.957	 3.04	 1	 -42.2442	  173.5258
0.959	 2.03	 1	 -42.8024	  173.3538
0.961	 2.26	 1	 -42.0409	  174.0684
0.964	 2.33	 1	 -41.7069	  174.3884
0.968	 2.83	 1	 -41.9992	  173.7876
0.973	 2.83	 1	 -42.2399	  173.6772
0.976	 2.50	 1	 -41.7182	  173.2367
0.976	 2.33	 1	 -42.2122	  168.1132
0.978	 2.07	 1	 -42.6224	  173.0061
0.980	 2.58	 1	 -41.7794	  174.2743
0.982	 2.64	 1	 -41.8351	  174.2628
0.987	 3.09	 1	 -42.9659	  171.3793
0.989	 2.16	 1	 -42.3494	  173.4448
0.989	 2.47	 1	 -41.7849	  174.0364
0.994	 2.42	 1	 -42.5108	  173.4248
0.994	 2.07	 1	 -41.5644	  173.7254
0.995	 2.81	 1	 -41.8442	  174.2134
0.996	 2.60	 2	 -43.1731	  173.9073
0.997	 2.05	 1	 -41.7492	  174.3622
1.000	 4.53	 1	 -42.2537	  173.5909
1.001	 2.05	 2	 -42.1103	  173.4942
1.001	 2.23	 1	 -41.6963	  174.3203
1.001	 2.54	 2	 -42.2385	  173.6201
1.001	 2.17	 2	 -42.1847	  173.5295
1.002	 2.10	 1	 -41.8523	  174.2998
1.003	 2.38	 1	 -42.7125	  173.5671
1.003	 2.04	 2	 -42.7130	  173.5660
1.005	 2.11	 1	 -41.9492	  173.6279
1.006	 3.12	 1	 -44.1305	  174.4441
1.007	 2.83	 1	 -40.8686	  170.2124
1.007	 2.26	 1	 -42.9217	  175.2874
1.010	 2.50	 1	 -42.5310	  173.9331
1.014	 2.51	 1	 -42.7111	  173.0409
1.015	 2.03	 1	 -42.7076	  172.7007
1.020	 2.67	 1	 -42.1256	  173.5224
1.024	 2.03	 1	 -42.0412	  173.3507
1.027	 2.47	 1	 -42.4248	  173.8113
1.027	 2.08	 1	 -42.6168	  172.9046
1.031	 2.86	 1	 -42.5749	  174.0885
1.037	 2.08	 1	 -42.0083	  173.7925
1.037	 2.09	 1	 -42.3309	  173.4127
1.037	 2.06	 1	 -42.2923	  173.0969
1.038	 2.29	 1	 -38.5508	  170.6401
1.043	 2.16	 2	 -41.5862	  174.1096
1.044	 2.29	 1	 -42.6285	  172.2863
1.044	 2.09	 1	 -42.0527	  173.9351
1.045	 2.09	 1	 -42.4626	  173.7462
1.048	 2.41	 1	 -43.2903	  173.1711
1.049	 2.47	 1	 -43.2835	  172.8852
1.049	 2.13	 2	 -43.2863	  172.8761
1.051	 2.01	 1	 -41.8905	  173.9040
1.054	 2.16	 1	 -43.7632	  175.0900
1.054	 2.29	 1	 -42.4730	  172.8710
1.056	 2.09	 1	 -41.7600	  173.8777
1.059	 2.08	 1	 -42.1202	  174.2443
1.062	 2.21	 2	 -42.3524	  173.8281
1.064	 2.91	 1	 -42.4918	  173.1483
1.064	 2.49	 1	 -42.2541	  173.4378
1.067	 2.67	 1	 -41.9811	  174.0398
1.068	 2.28	 1	 -42.4389	  173.7215
1.069	 2.46	 1	 -42.6907	  172.8466
1.071	 2.38	 1	 -43.1565	  173.1265
1.071	 2.04	 1	 -42.0136	  172.8967
1.072	 2.63	 1	 -42.7514	  171.3911
1.073	 2.20	 1	 -42.0081	  174.0568
1.073	 2.51	 1	 -43.7872	  172.6086
1.074	 2.00	 1	 -42.6211	  172.8240
1.075	 3.42	 1	 -42.3759	  173.8613
1.076	 2.17	 1	 -42.2420	  174.6526
1.077	 2.14	 1	 -42.6780	  172.9527
1.078	 2.05	 1	 -43.2439	  172.7215
1.078	 2.08	 1	 -42.1098	  173.6702
1.082	 2.03	 1	 -41.7363	  174.1853
1.083	 2.19	 1	 -42.2921	  172.2064
1.086	 3.75	 1	 -42.2785	  173.8842
1.088	 2.27	 2	 -42.2522	  173.8200
1.090	 2.20	 1	 -41.7818	  174.2203
1.090	 2.13	 2	 -42.3036	  173.9129
1.091	 2.25	 1	 -42.4206	  173.7152
1.093	 2.27	 1	 -42.1076	  173.6532
1.093	 2.84	 1	 -41.7972	  174.1571
1.095	 2.64	 1	 -43.4050	  171.9441
1.098	 2.38	 1	 -42.3627	  173.0604
1.100	 2.73	 1	 -41.8699	  174.0412
1.100	 2.45	 1	 -42.3819	  173.9494
1.100	 2.75	 2	 -43.1507	  173.1275
1.101	 2.03	 1	 -42.6967	  173.2446
1.103	 2.92	 1	 -42.4021	  173.9246
1.104	 2.31	 1	 -43.4516	  175.1736
1.105	 3.49	 1	 -43.0449	  173.6316
1.106	 2.02	 1	 -42.4906	  172.8248
1.108	 2.57	 1	 -42.9217	  172.8916
1.109	 2.00	 1	 -41.9724	  174.0455
1.110	 3.18	 1	 -41.8114	  173.7760
1.110	 3.27	 1	 -42.4994	  173.3123
1.110	 2.16	 1	 -42.6029	  173.0166
1.114	 2.18	 1	 -41.9319	  173.9868
1.115	 2.41	 1	 -42.3162	  173.2616
1.115	 2.19	 1	 -41.6086	  174.2792
1.120	 2.26	 1	 -43.2510	  172.1914
1.121	 2.07	 1	 -41.7844	  174.2404
1.121	 2.11	 1	 -41.9883	  174.0623
1.127	 2.11	 1	 -42.7909	  172.9239
1.127	 2.56	 1	 -42.5450	  173.4877
1.128	 2.02	 1	 -42.5605	  179.1373
1.129	 2.31	 1	 -41.7726	  174.4106
1.131	 2.44	 1	 -41.7454	  174.2337
1.134	 2.06	 1	 -42.3832	  173.7561
1.136	 2.33	 1	 -42.2366	  173.6107
1.138	 2.30	 1	 -42.6498	  172.8754
1.138	 2.39	 1	 -41.6317	  174.1724
1.138	 3.44	 1	 -42.1021	  173.5854
1.141	 2.08	 1	 -42.7434	  174.0203
1.144	 2.04	 1	 -42.1606	  171.6403
1.145	 2.50	 1	 -43.7122	  172.0109
1.147	 2.48	 1	 -42.2051	  171.2149
1.155	 2.92	 1	 -42.1849	  173.6783
1.157	 2.29	 1	 -42.2256	  173.9358
1.158	 2.22	 1	 -41.6456	  174.1467
1.159	 2.84	 1	 -42.0270	  173.7426
1.160	 2.29	 1	 -41.7926	  174.2367
1.162	 2.44	 1	 -41.7389	  174.3012
1.163	 3.47	 1	 -42.6178	  172.5207
1.163	 2.90	 1	 -42.0382	  172.8464
1.164	 3.73	 2	 -42.0430	  172.8520
1.166	 2.08	 1	 -39.0481	  169.4386
1.177	 2.14	 1	 -41.9958	  175.1293
1.177	 2.39	 1	 -42.1187	  173.2567
1.178	 2.79	 1	 -42.8258	  172.4249
1.179	 2.39	 1	 -42.3110	  173.6784
1.183	 2.88	 1	 -43.3861	  174.9839
1.184	 2.22	 1	 -42.3353	  173.7107
1.186	 3.12	 1	 -43.6248	  167.9266
1.188	 2.48	 1	 -43.0612	  173.7133
1.190	 2.03	 1	 -41.7531	  174.2117
1.194	 2.03	 1	 -38.9233	  176.3582
1.196	 2.03	 1	 -42.0897	  173.9466
1.201	 2.34	 2	 -42.6027	  173.4859
1.202	 3.16	 1	 -42.9165	  173.0780
1.203	 2.12	 1	 -42.5386	  173.0395
1.203	 2.06	 1	 -42.1250	  173.7303
1.209	 2.76	 1	 -42.5501	  173.8444
1.209	 2.46	 1	 -46.9195	  170.9357
1.210	 3.21	 1	 -45.8846	  170.7283
1.210	 2.63	 1	 -43.7640	  173.7370
1.210	 2.63	 1	 -41.7656	  174.3160
1.211	 2.03	 1	 -42.4461	  173.2597
1.211	 2.15	 2	 -43.7706	  173.7414
1.212	 2.12	 1	 -42.5357	  173.9082
1.213	 2.18	 1	 -42.2310	  173.6154
1.213	 2.36	 1	 -43.3145	  173.5454
1.214	 2.20	 1	 -42.0170	  173.7763
1.216	 2.30	 1	 -41.6107	  173.9767
1.222	 2.47	 1	 -42.3359	  173.5471
1.223	 2.20	 1	 -42.4033	  177.8584
1.227	 2.66	 1	 -42.0516	  173.0197
1.231	 2.20	 1	 -42.5476	  173.0851
1.234	 2.32	 1	 -44.2970	  175.5695
1.237	 2.69	 1	 -41.7933	  174.2417
1.237	 2.21	 1	 -41.7502	  174.2733
1.237	 3.13	 1	 -42.4154	  173.7457
1.240	 2.85	 1	 -42.0443	  172.8780
1.242	 2.62	 1	 -42.2793	  173.7249
1.242	 2.40	 1	 -42.4182	  173.2378
1.247	 2.56	 1	 -42.2735	  173.5884
1.248	 2.45	 1	 -42.7072	  175.0863
1.251	 2.49	 1	 -41.8614	  174.0760
1.252	 3.51	 2	 -42.3717	  173.7551
1.252	 2.38	 1	 -41.9494	  174.4741
1.254	 2.32	 1	 -41.7870	  172.2926
1.255	 2.03	 1	 -42.2417	  173.6359
1.256	 3.85	 1	 -42.4069	  173.7895
1.260	 2.29	 2	 -41.2200	  169.9819
1.260	 2.32	 1	 -42.7560	  172.8116
1.261	 2.61	 1	 -44.5649	  173.9946
1.261	 2.63	 1	 -41.8503	  173.4317
1.263	 2.02	 1	 -42.2991	  173.2538
1.266	 2.04	 1	 -42.7648	  172.6152
1.268	 2.51	 1	 -42.3948	  173.3162
1.271	 2.30	 1	 -42.2280	  173.5349
1.272	 2.33	 1	 -41.7211	  174.2580
1.272	 2.46	 2	 -43.3678	  174.9553
1.273	 2.27	 1	 -42.7107	  173.6214
1.274	 2.24	 1	 -42.9910	  172.9486
1.274	 2.49	 2	 -41.7251	  174.2062
1.274	 2.49	 1	 -41.8028	  174.0632
1.276	 2.02	 1	 -42.5675	  173.2369
1.279	 2.66	 1	 -42.1335	  173.4329
1.283	 2.04	 1	 -41.0119	  174.3812
1.287	 3.17	 1	 -43.0944	  171.5787
1.288	 2.11	 1	 -43.1993	  173.0814
1.290	 2.07	 1	 -42.8022	  173.1615
1.290	 3.36	 1	 -42.0512	  173.6453
1.293	 2.12	 1	 -42.6627	  172.8704
1.299	 2.25	 1	 -42.6318	  173.9295
1.300	 2.04	 1	 -42.3112	  173.0577
1.302	 2.51	 2	 -45.7005	  171.0330
1.302	 3.69	 1	 -38.3259	  171.5617
1.303	 2.52	 1	 -42.6097	  172.6955
1.303	 2.63	 2	 -38.3316	  171.5630
1.303	 2.09	 1	 -42.2935	  173.6370
1.308	 2.13	 1	 -42.7284	  172.9876
1.312	 2.20	 1	 -42.4961	  173.0124
1.317	 2.60	 1	 -41.7855	  174.2302
1.318	 2.06	 1	 -41.6917	  174.3328
1.319	 2.08	 1	 -43.3593	  172.4749
1.320	 2.52	 1	 -44.1710	  178.7998
1.325	 2.33	 2	 -41.7733	  174.2177
1.329	 2.34	 1	 -42.6891	  172.8735
1.335	 2.11	 1	 -42.2722	  173.8527
1.337	 2.20	 1	 -42.1717	  173.6867
1.342	 2.03	 1	 -42.0679	  173.9767
1.343	 2.52	 1	 -41.7940	  174.2486
1.343	 2.52	 1	 -42.0989	  173.7247
1.344	 2.46	 1	 -44.3203	  178.7250
1.349	 2.06	 1	 -42.3533	  173.9476
1.350	 2.03	 1	 -41.7211	  174.1302
1.357	 2.32	 1	 -42.6160	  172.8552
1.360	 2.26	 1	 -42.4577	  174.1026
1.373	 2.60	 1	 -42.6741	  172.7906
1.374	 2.77	 1	 -42.0971	  173.8950
1.378	 3.12	 1	 -42.0667	  172.6783
1.379	 2.52	 1	 -41.3141	  171.7308
1.380	 2.38	 2	 -42.0632	  172.6762
1.381	 3.45	 1	 -42.5055	  172.5424
1.385	 2.04	 1	 -42.7077	  173.5941
1.386	 2.18	 1	 -41.6751	  174.2028
1.386	 2.55	 1	 -42.6637	  172.7773
1.387	 2.23	 1	 -42.4099	  172.9659
1.387	 2.22	 1	 -41.7689	  174.2671
1.390	 2.08	 1	 -42.6511	  172.9309
1.395	 2.45	 1	 -43.3601	  166.9721
1.398	 2.28	 2	 -42.0528	  173.6433
1.398	 2.36	 2	 -42.8231	  172.4208
1.399	 2.04	 1	 -41.7808	  174.0628
1.401	 2.15	 1	 -40.8366	  173.7307
1.401	 2.35	 1	 -42.2700	  173.6434
1.402	 2.25	 1	 -41.9681	  173.8573
1.404	 2.40	 1	 -42.0406	  173.6232
1.407	 2.01	 1	 -41.0904	  174.4444
1.410	 3.29	 1	 -42.5190	  173.0659
1.413	 2.08	 1	 -42.0898	  173.1818
1.414	 3.14	 1	 -42.6055	  172.6804
1.416	 2.21	 1	 -41.9338	  173.7943
1.417	 2.60	 1	 -41.7486	  174.1013
1.417	 2.69	 1	 -41.9938	  173.7798
1.422	 2.12	 1	 -42.0722	  173.7568
1.425	 2.92	 1	 -42.2634	  173.8090
1.427	 2.14	 1	 -43.4289	  173.8802
1.427	 2.03	 1	 -43.5396	  173.4835
1.431	 2.01	 1	 -45.8899	  168.7205
1.432	 2.56	 1	 -42.4571	  173.7781
1.435	 2.02	 1	 -41.8104	  174.0457
1.437	 2.05	 1	 -42.5130	  173.7382
1.439	 2.27	 1	 -42.1499	  173.6863
1.440	 2.14	 1	 -42.1471	  173.5198
1.447	 2.36	 1	 -41.8195	  174.0685
1.447	 2.65	 1	 -41.7256	  174.2672
1.453	 2.16	 1	 -42.4784	  173.1655
1.454	 2.57	 2	 -41.7239	  174.2683
1.457	 2.14	 1	 -42.9426	  172.6645
1.457	 2.36	 1	 -40.3392	  174.0796
1.459	 2.17	 1	 -41.9336	  173.9291
1.463	 2.62	 1	 -42.5274	  173.8091
1.471	 2.53	 1	 -42.4698	  173.1588
1.478	 3.36	 1	 -38.1959	  173.0297
1.479	 5.36	 1	 -42.1910	  175.0739
1.480	 2.03	 2	 -42.1958	  175.0892
1.480	 2.14	 2	 -42.1859	  175.0701
1.480	 2.72	 2	 -42.2182	  175.1170
1.481	 2.44	 2	 -42.1894	  175.0731
1.481	 2.13	 2	 -42.1780	  175.0460
1.481	 2.71	 2	 -42.1984	  175.1508
1.481	 2.38	 2	 -42.1844	  175.0644
1.482	 2.75	 2	 -42.1801	  175.0655
1.482	 2.24	 2	 -42.0323	  174.6819
1.483	 2.66	 1	 -42.5753	  172.6268
1.484	 2.17	 2	 -42.1473	  174.8687
1.484	 2.32	 1	 -42.1610	  175.0385
1.484	 2.02	 2	 -41.9860	  174.5090
1.485	 2.14	 1	 -41.4790	  174.2414
1.486	 2.19	 1	 -41.6430	  174.2860
1.486	 2.01	 2	 -42.1567	  175.1105
1.491	 2.61	 2	 -42.1728	  175.0779
1.498	 3.13	 1	 -42.1740	  174.0383
1.498	 2.48	 2	 -42.2183	  175.0371
1.499	 2.07	 1	 -42.3303	  173.9238
1.501	 2.66	 1	 -42.3530	  174.0260
1.502	 2.01	 1	 -41.8696	  174.9163
1.502	 2.14	 1	 -41.7587	  174.1946
1.503	 3.51	 1	 -42.2570	  173.6617
1.504	 2.11	 1	 -43.5005	  167.7916
1.505	 2.26	 1	 -42.1839	  173.6106
1.508	 2.21	 1	 -42.9053	  173.4623
1.512	 2.03	 1	 -46.2546	  169.2884
1.514	 4.03	 1	 -41.8819	  170.6427
1.515	 2.07	 3	 -42.4502	  172.4106
1.516	 4.38	 2	 -42.1299	  175.0816
1.516	 2.46	 1	 -42.4424	  173.6500
1.518	 2.12	 1	 -44.5019	  173.2789
1.519	 2.34	 1	 -42.2179	  173.7156
1.520	 2.12	 3	 -42.1209	  175.1250
1.522	 2.43	 2	 -42.1537	  175.1253
1.523	 2.31	 1	 -42.1508	  173.7165
1.523	 2.14	 3	 -42.1410	  175.0757
1.525	 2.49	 1	 -43.9022	  167.1299
1.525	 2.21	 2	 -41.9202	  170.5816
1.528	 3.41	 1	 -42.5233	  172.8748
1.528	 2.56	 1	 -39.8885	  175.1023
1.531	 3.15	 1	 -43.0680	  174.3646
1.533	 2.36	 1	 -41.8681	  174.2701
1.534	 2.12	 1	 -41.7382	  174.2100
1.534	 2.26	 1	 -42.2301	  173.7315
1.534	 2.35	 1	 -42.5054	  172.8100
1.535	 2.20	 1	 -42.2607	  173.5925
1.539	 2.02	 1	 -42.6709	  174.2053
1.542	 2.26	 1	 -41.9444	  173.7395
1.542	 2.26	 1	 -42.6376	  172.7088
1.543	 2.33	 2	 -42.1454	  175.0984
1.548	 2.04	 1	 -42.4622	  173.1898
1.552	 2.36	 1	 -42.5599	  172.1573
1.553	 2.75	 1	 -42.8713	  172.7538
1.555	 2.84	 2	 -42.1607	  175.0913
1.555	 2.17	 1	 -42.5297	  173.0635
1.556	 2.07	 1	 -41.9241	  173.8202
1.558	 2.00	 2	 -42.1660	  175.0612
1.558	 2.34	 2	 -42.2324	  175.0605
1.563	 2.51	 1	 -42.4407	  173.2422
1.567	 2.42	 1	 -41.8299	  174.1775
1.569	 2.68	 1	 -42.6654	  172.8726
1.570	 2.00	 1	 -42.6919	  172.9163
1.571	 3.59	 1	 -42.3066	  173.6579
1.572	 2.29	 1	 -41.8086	  174.2063
1.577	 2.08	 1	 -42.1458	  172.9137
1.581	 2.24	 1	 -43.2936	  173.9032
1.584	 2.04	 1	 -42.2383	  173.6295
1.588	 2.81	 1	 -42.4354	  173.7971
1.589	 2.86	 1	 -42.3422	  173.1320
1.591	 2.22	 1	 -43.1815	  172.7224
1.592	 2.93	 1	 -42.4125	  173.8353
1.593	 2.04	 1	 -42.2722	  171.9487
1.597	 2.65	 2	 -41.8911	  170.6587
1.597	 2.27	 1	 -43.0293	  173.3580
1.598	 2.17	 1	 -42.1325	  172.6960
1.607	 2.56	 1	 -42.3468	  173.7261
1.609	 2.03	 2	 -42.5325	  172.8920
1.611	 2.39	 1	 -42.6051	  172.8727
1.614	 2.11	 1	 -41.7005	  174.7212
1.619	 2.14	 2	 -43.2680	  173.8886
1.620	 2.06	 1	 -42.7221	  173.6773
1.620	 2.22	 2	 -42.9150	  173.0822
1.623	 2.59	 1	 -41.7328	  174.1827
1.624	 2.04	 1	 -41.9910	  173.7136
1.625	 2.55	 1	 -41.7897	  174.2090
1.625	 2.02	 2	 -42.1866	  175.0722
1.625	 2.22	 1	 -42.4467	  172.9238
1.631	 2.03	 1	 -41.8780	  174.2431
1.634	 2.05	 2	 -42.1909	  175.0095
1.639	 2.02	 2	 -42.5984	  174.1084
1.640	 2.02	 1	 -42.9374	  173.6349
1.641	 2.27	 1	 -41.7669	  174.2543
1.645	 2.01	 1	 -41.8288	  174.4267
1.646	 2.04	 1	 -42.4129	  173.4067
1.650	 3.25	 1	 -43.0145	  174.0212
1.652	 2.13	 1	 -42.4583	  173.7318
1.653	 3.70	 1	 -43.9155	  171.1159
1.655	 3.10	 1	 -44.8107	  167.6256
1.658	 2.81	 1	 -42.5781	  172.8251
1.658	 2.08	 2	 -42.2373	  175.0970
1.659	 3.20	 2	 -42.2850	  173.8796
1.665	 2.76	 1	 -42.2730	  173.6231
1.666	 2.95	 1	 -42.4201	  173.0123
1.666	 2.11	 2	 -42.4216	  173.0049
1.666	 2.14	 1	 -42.6828	  172.8663
1.670	 2.03	 1	 -42.8447	  173.4682
1.670	 2.46	 1	 -43.1966	  173.8546
1.672	 2.30	 2	 -42.4216	  173.8422
1.673	 2.14	 1	 -43.1273	  173.9836
1.678	 3.10	 1	 -40.4784	  177.1339
1.679	 2.31	 1	 -41.9706	  173.6861
1.681	 2.34	 1	 -41.7284	  174.2500
1.684	 2.69	 1	 -43.5346	  179.0317
1.693	 2.28	 1	 -43.2128	  172.0910
1.698	 2.12	 1	 -42.7099	  173.0090
1.704	 2.33	 1	 -43.1382	  172.8809
1.706	 2.22	 1	 -42.3593	  173.6711
1.708	 2.46	 1	 -42.9310	  173.4366
1.709	 2.27	 1	 -43.1168	  173.3367
1.710	 2.18	 1	 -45.4322	  169.0734
1.711	 2.41	 1	 -42.6381	  172.9578
1.713	 2.14	 2	 -42.2606	  173.5801
1.713	 2.44	 1	 -42.4942	  172.6707
1.713	 2.00	 1	 -42.5425	  171.6563
1.714	 2.19	 1	 -41.9296	  174.2999
1.723	 2.06	 1	 -43.8191	  167.0994
1.726	 2.20	 1	 -42.2241	  173.6764
1.727	 2.31	 1	 -42.3407	  172.8554
1.731	 2.70	 2	 -42.1763	  175.0844
1.732	 2.30	 2	 -41.7596	  174.0647
1.734	 3.05	 1	 -38.2982	  174.3193
1.736	 2.20	 1	 -41.8099	  174.0061
1.738	 2.47	 1	 -42.1304	  173.4665
1.741	 2.45	 1	 -43.2657	  174.3791
1.743	 3.18	 1	 -41.6819	  174.0276
1.745	 2.21	 1	 -42.4525	  173.7738
1.745	 2.44	 1	 -42.1894	  172.0095
1.753	 2.38	 1	 -42.3265	  173.9344
1.755	 3.26	 1	 -42.9471	  172.7635
1.758	 2.50	 1	 -47.0661	  171.6006
1.764	 2.02	 1	 -42.8483	  173.3311
1.767	 2.06	 1	 -42.5630	  173.9326
1.769	 2.66	 1	 -42.3472	  174.7522
1.770	 2.09	 1	 -42.4742	  172.3062
1.774	 2.04	 1	 -42.2079	  173.6625
1.775	 2.28	 1	 -41.8906	  173.4367
1.781	 3.16	 1	 -42.0523	  173.7054
1.782	 2.29	 2	 -42.0469	  173.7066
1.788	 2.21	 1	 -42.4171	  172.9143
1.792	 2.35	 1	 -42.7613	  172.9532
1.793	 2.15	 2	 -42.1779	  175.2686
1.796	 3.01	 1	 -43.7539	  172.2797
1.798	 2.03	 1	 -42.0038	  173.7798
1.799	 2.41	 1	 -42.4913	  173.8757
1.806	 2.35	 1	 -42.2771	  172.7996
1.809	 2.26	 1	 -41.7738	  174.2670
1.819	 2.06	 1	 -42.3058	  174.9657
1.825	 2.03	 1	 -42.4425	  173.5680
1.839	 2.26	 1	 -40.7068	  172.9563
1.839	 2.76	 2	 -42.1852	  175.3190
1.841	 2.18	 1	 -42.1078	  173.7216
1.845	 2.40	 1	 -42.3623	  173.6416
1.850	 2.37	 1	 -42.9674	  174.3263
1.852	 2.30	 1	 -42.1732	  173.5460
1.853	 2.74	 1	 -41.8645	  172.2900
1.854	 2.50	 1	 -43.0354	  174.6347
1.855	 2.08	 1	 -42.6114	  172.7841
1.874	 2.24	 1	 -41.5897	  174.5487
1.876	 2.29	 1	 -41.9610	  173.7124
1.877	 2.13	 1	 -42.2640	  173.6036
1.880	 2.21	 1	 -44.1425	  173.6343
1.880	 2.38	 1	 -42.4013	  173.7487
1.882	 2.22	 2	 -41.8184	  176.1155
1.888	 2.68	 1	 -42.3245	  173.1024
1.892	 3.53	 1	 -42.2400	  173.4910
1.893	 2.09	 2	 -42.1573	  175.1057
1.905	 3.25	 1	 -42.4170	  173.6287
1.911	 2.09	 1	 -42.2141	  173.8070
1.921	 2.10	 1	 -42.3874	  170.6206
1.922	 2.16	 1	 -41.9571	  174.3505
1.926	 2.01	 1	 -42.2655	  173.6355
1.928	 2.34	 2	 -42.6329	  172.5243
1.930	 2.09	 1	 -41.6478	  174.3480
1.933	 2.01	 1	 -41.8925	  173.6091
1.934	 2.59	 1	 -41.9787	  173.9788
1.936	 2.59	 1	 -41.9812	  174.0394
1.938	 2.93	 1	 -42.3026	  173.6195
1.946	 2.29	 1	 -41.7324	  174.1778
1.950	 2.07	 1	 -43.4750	  176.8535
1.954	 2.23	 1	 -42.0617	  173.5904
1.957	 2.01	 2	 -42.4228	  173.6271
1.958	 2.15	 1	 -39.4665	  172.4002
1.961	 2.10	 2	 -43.1396	  172.8759
1.962	 2.16	 1	 -42.4559	  172.4728
1.965	 2.73	 1	 -42.7011	  170.6060
1.969	 2.84	 1	 -41.8805	  173.5160
1.973	 2.57	 1	 -42.1688	  173.7603
1.982	 2.89	 1	 -43.2929	  173.4708
1.984	 2.82	 1	 -41.8608	  174.1559
1.989	 2.09	 1	 -42.8709	  172.5795
1.994	 2.10	 1	 -42.4621	  173.9081
1.994	 2.22	 1	 -41.9852	  173.2600
1.995	 2.32	 2	 -43.2923	  173.4675
2.002	 2.87	 1	 -42.0485	  173.8477
2.002	 2.00	 1	 -42.3108	  173.7963
2.005	 2.38	 1	 -42.1374	  173.6272
2.013	 2.52	 1	 -43.5049	  173.1689
2.014	 2.98	 1	 -42.7056	  170.9972
2.016	 2.18	 1	 -42.7196	  173.2763
2.022	 2.29	 1	 -42.7608	  173.4572
2.028	 2.75	 1	 -43.0729	  172.8714
2.031	 2.07	 1	 -41.6756	  174.0484
2.032	 2.06	 1	 -42.4253	  172.5210
2.034	 2.14	 1	 -42.3242	  173.8221
2.041	 2.14	 1	 -41.8121	  174.1723
2.042	 2.20	 1	 -41.1834	  174.8350
2.049	 2.25	 1	 -42.2590	  173.7353
2.059	 2.36	 1	 -43.3561	  172.4830
2.062	 3.43	 1	 -42.4734	  173.7897
2.067	 4.11	 1	 -43.0723	  173.3530
2.067	 2.06	 2	 -43.0721	  173.3491
2.073	 3.02	 1	 -42.4059	  173.6426
2.075	 2.19	 1	 -42.4565	  174.2367
2.082	 2.40	 1	 -42.4816	  173.8087
2.082	 2.30	 1	 -42.0377	  173.6709
2.083	 2.05	 1	 -43.5841	  175.1717
2.083	 2.22	 1	 -41.7980	  174.7457
2.086	 2.96	 1	 -41.7856	  174.5225
2.091	 3.85	 1	 -41.7315	  174.6048
2.091	 2.03	 2	 -41.7455	  174.6061
2.094	 2.26	 1	 -42.2762	  172.4442
2.100	 2.85	 1	 -42.5945	  172.7002
2.110	 2.21	 1	 -42.6243	  173.2804
2.112	 2.28	 1	 -42.0714	  172.8089
2.116	 2.18	 1	 -42.4881	  172.9677
2.117	 2.26	 1	 -41.9552	  173.7898
2.117	 2.12	 1	 -42.3793	  174.0275
2.131	 2.85	 1	 -42.5414	  173.5647
2.141	 2.23	 1	 -42.4620	  173.1898
2.141	 2.12	 1	 -42.3853	  170.6639
2.141	 2.30	 2	 -42.3861	  170.6616
2.146	 3.12	 1	 -42.2830	  174.1778
2.154	 2.31	 2	 -41.9384	  173.9276
2.158	 2.18	 1	 -42.1449	  173.8309
2.158	 2.10	 1	 -41.7987	  174.0437
2.166	 2.07	 1	 -42.8548	  172.8583
2.168	 2.18	 2	 -41.7944	  174.4711
2.173	 2.36	 1	 -44.2379	  167.2770
2.173	 2.47	 1	 -42.5704	  173.8248
2.194	 2.21	 1	 -42.1229	  173.8331
2.195	 2.32	 1	 -42.8832	  173.1066
2.196	 2.19	 2	 -42.2862	  174.1757
2.197	 2.66	 1	 -43.4807	  174.2063
2.197	 2.18	 1	 -41.7334	  174.2563
2.199	 2.05	 1	 -41.8038	  174.2892
2.201	 3.39	 2	 -44.2246	  167.1286
2.210	 2.33	 1	 -42.5937	  173.0317
2.212	 3.35	 1	 -42.3316	  172.4061
2.224	 2.14	 1	 -41.7590	  174.4380
2.225	 2.73	 1	 -42.9538	  172.5723
2.228	 2.33	 1	 -42.6337	  173.0277
2.231	 2.11	 1	 -46.8386	  175.3904
2.236	 2.15	 1	 -42.6260	  174.3894
2.237	 2.06	 1	 -41.8866	  172.9830
2.243	 2.20	 1	 -42.6477	  172.7946
2.245	 2.41	 2	 -41.8871	  172.9911
2.245	 2.13	 1	 -41.9913	  173.7931
2.247	 2.07	 1	 -41.8173	  174.2657
2.253	 3.60	 1	 -40.6720	  171.3684
2.255	 2.07	 1	 -44.0438	  175.6780
2.257	 2.18	 1	 -42.4016	  173.7542
2.266	 2.22	 1	 -42.3533	  174.0676
2.269	 2.19	 1	 -42.4218	  173.3357
2.272	 2.18	 1	 -41.9706	  173.6551
2.277	 2.23	 1	 -40.9244	  171.2402
2.277	 2.53	 1	 -42.4256	  173.4564
2.277	 2.15	 1	 -44.1997	  171.3461
2.280	 2.05	 1	 -43.3573	  171.6521
2.286	 2.24	 1	 -41.5401	  174.2183
2.293	 3.18	 1	 -42.6471	  172.8861
2.295	 2.64	 1	 -42.2216	  173.5555
2.299	 2.57	 1	 -42.4870	  173.1672
2.302	 2.20	 2	 -41.5064	  174.1957
2.303	 2.85	 1	 -40.8408	  174.0702
2.306	 2.32	 1	 -42.4258	  174.0575
2.310	 2.80	 1	 -41.9759	  174.2525
2.311	 3.19	 1	 -42.6725	  173.1663
2.315	 2.01	 1	 -42.1912	  173.6331
2.319	 2.59	 1	 -41.9779	  173.3499
2.320	 2.85	 1	 -39.7266	  171.4634
2.322	 2.43	 2	 -44.1999	  171.3456
2.331	 3.09	 1	 -41.9345	  172.6753
2.333	 2.54	 1	 -41.9305	  174.1239
2.338	 2.17	 1	 -42.1024	  172.9023
2.339	 3.39	 1	 -41.6303	  173.8533
2.348	 2.19	 1	 -44.1428	  178.8130
2.349	 2.48	 1	 -41.6707	  172.8988
2.361	 2.09	 1	 -42.3040	  173.4927
2.363	 2.54	 1	 -41.7540	  173.0670
2.366	 2.34	 1	 -42.4127	  171.2352
2.367	 2.68	 1	 -42.4315	  173.2114
2.373	 2.02	 1	 -41.6888	  174.1691
2.374	 2.24	 1	 -42.2538	  173.6375
2.377	 2.23	 1	 -41.8138	  174.2262
2.380	 2.12	 1	 -41.9849	  174.0497
2.384	 2.12	 1	 -42.6643	  172.6976
2.386	 2.16	 1	 -42.0383	  173.6894
2.392	 2.72	 1	 -42.1951	  172.9491
2.395	 2.13	 1	 -41.6868	  174.2027
2.396	 2.26	 1	 -41.7215	  174.3110
2.413	 2.37	 1	 -41.7789	  174.2926
2.418	 3.10	 1	 -42.6238	  173.0362
2.419	 4.56	 1	 -42.4552	  173.3188
2.420	 2.09	 1	 -42.4587	  174.0336
2.421	 2.69	 2	 -42.4596	  173.3308
2.424	 2.28	 2	 -42.4638	  173.3969
2.426	 2.34	 1	 -41.6597	  174.1433
2.429	 2.22	 1	 -42.3262	  173.1183
2.435	 2.17	 1	 -42.4491	  173.6557
2.441	 2.02	 1	 -42.8355	  173.3380
2.442	 2.09	 1	 -42.6457	  172.9705
2.442	 2.12	 1	 -42.1000	  174.3075
2.448	 2.01	 1	 -41.7652	  174.3176
2.461	 2.56	 1	 -42.2926	  173.6591
2.466	 2.66	 1	 -42.5304	  173.3159
2.468	 2.11	 1	 -41.9763	  173.9010
2.469	 3.82	 2	 -42.0639	  174.1241
2.469	 2.05	 1	 -42.2016	  173.6656
2.481	 2.05	 1	 -42.3508	  173.6933
2.487	 2.18	 1	 -42.4300	  173.9197
2.488	 2.09	 1	 -42.1105	  173.8032
2.489	 2.02	 1	 -42.4121	  172.9268
2.492	 2.03	 1	 -42.3259	  173.0711
2.503	 3.53	 1	 -42.5811	  173.1265
2.507	 2.22	 1	 -39.8207	  177.7296
2.508	 2.27	 1	 -44.8307	  176.4718
2.510	 2.15	 1	 -43.7214	  173.4592
2.512	 2.23	 1	 -42.2364	  173.5381
2.516	 3.36	 1	 -42.4414	  173.1832
2.517	 3.76	 1	 -42.3860	  173.4016
2.519	 3.16	 2	 -42.4351	  173.2260
2.525	 2.24	 1	 -42.3841	  173.5604
2.526	 2.49	 2	 -42.4243	  173.2664
2.532	 2.18	 1	 -43.6218	  170.0286
2.534	 2.34	 1	 -42.2743	  173.7300
2.538	 3.34	 1	 -44.2583	  172.8310
2.540	 2.47	 1	 -42.8448	  172.6047
2.541	 3.01	 1	 -42.0255	  173.7953
2.543	 3.10	 1	 -41.8111	  174.0978
2.547	 2.09	 1	 -42.2785	  172.7413
2.549	 2.05	 2	 -41.7339	  174.1684
2.550	 2.05	 1	 -42.2525	  173.6934
2.552	 2.06	 1	 -42.2229	  173.8648
2.554	 2.01	 1	 -42.2042	  173.7302
2.557	 2.18	 1	 -42.3978	  173.3441
2.560	 2.01	 2	 -42.1690	  175.0674
2.561	 2.13	 1	 -40.4386	  169.7966
2.562	 2.03	 1	 -42.7541	  172.2987
2.569	 2.15	 1	 -42.8625	  173.1349
2.572	 2.22	 1	 -42.7223	  172.0532
2.580	 2.47	 2	 -42.3226	  172.1340
2.580	 2.75	 1	 -42.2790	  173.0599
2.594	 2.60	 2	 -41.7003	  174.1766
2.595	 2.41	 1	 -42.3005	  174.0070
2.596	 2.12	 1	 -41.9857	  173.6489
2.598	 2.60	 1	 -39.9474	  173.7314
2.598	 2.09	 1	 -41.8439	  174.2777
2.601	 2.46	 1	 -41.7557	  174.2498
2.605	 2.04	 1	 -39.1644	  176.8150
2.614	 2.25	 1	 -44.8281	  176.4569
2.615	 2.60	 1	 -41.6920	  174.3983
2.618	 2.52	 1	 -42.5468	  173.9073
2.621	 2.19	 2	 -44.8007	  167.6211
2.632	 3.33	 1	 -42.6883	  173.5108
2.635	 2.25	 1	 -43.7447	  172.1351
2.638	 2.99	 1	 -42.3389	  173.5250
2.640	 2.58	 1	 -41.6929	  174.2637
2.650	 2.32	 1	 -42.5067	  173.9550
2.655	 2.16	 1	 -41.7970	  172.5759
2.656	 2.56	 2	 -42.3678	  175.0457
2.659	 2.98	 2	 -42.3846	  172.9834
2.666	 2.99	 1	 -42.8861	  172.7083
2.667	 2.37	 1	 -41.7382	  174.1920
2.667	 2.25	 1	 -42.5044	  172.2016
2.668	 2.23	 1	 -42.3486	  173.9241
2.674	 2.50	 1	 -40.3864	  174.1369
2.685	 2.21	 1	 -44.4073	  171.3797
2.685	 2.09	 1	 -42.0018	  173.9003
2.690	 2.21	 2	 -42.6155	  173.4745
2.691	 2.46	 1	 -42.6512	  174.0350
2.699	 2.02	 1	 -42.9745	  173.7068
2.702	 3.19	 1	 -42.4576	  173.0697
2.705	 2.44	 1	 -42.2764	  173.1431
2.715	 2.37	 1	 -41.7470	  174.2092
2.715	 2.10	 1	 -42.1730	  173.8609
2.715	 3.09	 1	 -41.5749	  171.3119
2.720	 2.41	 1	 -42.6459	  172.9521
2.727	 2.22	 1	 -42.1341	  173.7965
2.730	 2.39	 1	 -38.5677	  170.5865
2.733	 2.16	 1	 -41.4734	  173.3751
2.739	 3.12	 1	 -42.8561	  174.3285
2.739	 2.04	 1	 -42.8947	  173.4163
2.740	 2.52	 1	 -42.3492	  173.4981
2.741	 2.33	 1	 -41.7730	  174.1487
2.747	 3.40	 1	 -41.7590	  174.2902
2.749	 2.73	 2	 -42.6947	  173.5119
2.752	 2.58	 1	 -41.6868	  174.2390
2.755	 2.07	 1	 -42.5204	  173.1122
2.755	 2.06	 1	 -42.1273	  173.4550
2.757	 2.24	 1	 -42.6173	  173.0403
2.769	 2.14	 1	 -42.0197	  173.6772
2.771	 2.84	 1	 -42.5663	  172.4438
2.773	 2.94	 1	 -42.2665	  173.5765
2.778	 3.73	 1	 -42.8337	  174.1416
2.779	 2.09	 2	 -42.8326	  174.1138
2.783	 2.21	 1	 -44.2287	  172.7796
2.784	 3.03	 1	 -42.2203	  173.1503
2.791	 2.29	 1	 -42.0930	  173.5125
2.794	 2.22	 1	 -42.5298	  172.4169
2.809	 2.80	 1	 -42.2746	  173.5311
2.815	 2.58	 1	 -41.8794	  175.5615
2.823	 2.56	 1	 -42.7039	  173.7648
2.825	 2.34	 1	 -42.3595	  171.1704
2.825	 2.03	 1	 -42.5388	  173.0227
2.828	 2.42	 1	 -42.1026	  173.8541
2.829	 2.42	 1	 -42.4413	  173.1516
2.833	 2.08	 1	 -41.6847	  174.2620
2.836	 2.25	 1	 -41.3166	  174.5739
2.838	 2.39	 1	 -42.5817	  173.0956
2.841	 2.01	 1	 -42.6593	  173.1809
2.845	 2.92	 1	 -42.5998	  172.8760
2.846	 2.68	 1	 -44.1735	  174.0776
2.848	 3.23	 1	 -41.8337	  174.2803
2.848	 2.15	 1	 -41.8377	  174.0480
2.851	 4.19	 2	 -44.8075	  167.6144
2.856	 2.46	 1	 -42.3036	  173.7929
2.863	 2.10	 1	 -42.2945	  173.7056
2.866	 2.09	 1	 -42.2811	  173.6445
2.867	 2.16	 1	 -43.1012	  173.6361
2.869	 2.20	 1	 -42.9583	  171.8793
2.876	 2.49	 1	 -43.2033	  173.3295
2.882	 2.51	 1	 -42.5179	  173.7586
2.899	 2.61	 1	 -42.6594	  172.7790
2.904	 2.23	 1	 -42.2561	  173.4951
2.904	 2.03	 2	 -42.2198	  175.1493
2.904	 2.67	 1	 -42.3997	  172.8629
2.908	 2.12	 1	 -42.1104	  170.7344
2.915	 2.29	 2	 -42.8737	  174.2973
2.922	 2.00	 1	 -42.0944	  173.5522
2.922	 2.11	 3	 -42.8880	  174.2805
2.931	 2.87	 1	 -42.6709	  172.1797
2.944	 3.70	 1	 -42.3394	  173.6955
2.944	 2.04	 1	 -42.6044	  172.8504
2.955	 4.62	 1	 -42.3535	  173.7723
2.957	 2.22	 1	 -42.5546	  174.0998
2.961	 2.20	 2	 -42.3484	  173.7586
2.967	 2.15	 1	 -42.5844	  173.1439
2.969	 2.10	 1	 -42.4235	  173.8234
2.978	 2.90	 1	 -42.5578	  173.3668
2.985	 2.86	 2	 -42.2060	  175.0820
2.988	 2.02	 1	 -43.0422	  166.9229
2.989	 2.03	 1	 -43.1568	  172.9987
2.990	 2.56	 1	 -41.7733	  174.2504
2.991	 2.79	 2	 -41.7705	  174.2423
2.996	 2.09	 2	 -42.0903	  174.9455
2.996	 2.24	 2	 -41.5833	  171.2916
3.002	 2.35	 1	 -41.9142	  174.0906
3.004	 2.14	 1	 -42.1381	  173.8182
3.009	 2.32	 2	 -42.4442	  173.3265
3.009	 2.85	 2	 -42.4164	  173.8981
3.010	 2.24	 1	 -42.3292	  173.8676
3.012	 2.34	 3	 -42.4605	  173.3109
3.015	 2.93	 1	 -43.5350	  172.1781
3.020	 2.59	 1	 -42.9062	  171.9185
3.024	 2.53	 2	 -42.3564	  173.7585
3.026	 2.57	 2	 -39.2519	  179.6671
3.026	 2.19	 1	 -42.4786	  173.1942
3.030	 2.58	 1	 -42.2466	  173.6733
3.039	 2.87	 1	 -42.5775	  173.0289
3.050	 2.16	 1	 -41.8579	  175.1604
3.057	 2.76	 1	 -42.9746	  174.0955
3.059	 2.37	 1	 -41.8883	  174.6250
3.062	 2.58	 2	 -42.5237	  172.8734
3.070	 2.15	 1	 -42.7491	  173.0473
3.079	 2.07	 1	 -42.6235	  172.2379
3.079	 2.61	 1	 -42.3025	  173.1119
3.107	 2.29	 1	 -42.2092	  173.5770
3.109	 2.20	 1	 -41.8289	  174.3511
3.112	 2.96	 1	 -40.7848	  173.6147
3.113	 2.46	 2	 -42.1784	  174.7606
3.121	 3.23	 2	 -42.4277	  174.2322
3.122	 2.68	 2	 -42.5675	  173.3703
3.123	 2.37	 1	 -42.1945	  173.6384
3.129	 2.56	 1	 -41.6929	  174.3657
3.142	 2.97	 1	 -42.4963	  170.8309
3.154	 2.35	 1	 -41.9936	  173.6243
3.162	 2.21	 1	 -42.3427	  174.0225
3.169	 2.02	 1	 -41.6584	  178.9519
3.177	 2.46	 1	 -42.9173	  173.4143
3.181	 2.01	 1	 -42.5203	  172.7937
3.199	 2.01	 1	 -42.6711	  173.1492
3.239	 2.02	 1	 -41.9399	  174.1685
3.240	 2.05	 1	 -42.8075	  173.4480
3.241	 2.52	 1	 -42.7242	  172.8509
3.242	 2.12	 2	 -42.8037	  173.4491
3.243	 2.36	 1	 -41.9393	  173.5818
3.244	 2.30	 1	 -41.5744	  174.1621
3.247	 2.22	 2	 -42.7380	  173.1071
3.254	 2.06	 1	 -41.8415	  174.2472
3.259	 2.73	 1	 -40.2046	  173.9431
3.270	 2.35	 1	 -41.8795	  174.4113
3.273	 2.15	 1	 -42.5593	  173.2512
3.278	 2.54	 1	 -41.7987	  174.0959
3.279	 2.26	 1	 -41.7787	  174.0370
3.286	 2.20	 1	 -41.7877	  174.5695
3.293	 2.24	 1	 -42.2298	  173.6689
3.294	 2.73	 1	 -42.2982	  173.4748
3.308	 2.11	 1	 -41.7808	  174.1827
3.309	 2.38	 1	 -45.3330	  170.4303
3.320	 2.40	 1	 -42.8450	  172.9996
3.326	 2.02	 1	 -43.8941	  170.4158
3.339	 2.30	 1	 -41.6954	  174.2415
3.342	 2.09	 1	 -40.6785	  173.6741
3.363	 2.42	 1	 -42.5699	  172.7544
3.365	 2.53	 2	 -42.4038	  173.7531
3.371	 2.02	 1	 -44.0803	  173.9756
3.372	 2.66	 1	 -42.3111	  174.0910
3.376	 2.47	 1	 -41.8399	  173.9718
3.376	 2.23	 1	 -38.2063	  172.6078
3.379	 2.41	 1	 -46.5249	  176.2222
3.383	 2.80	 1	 -42.6297	  172.6433
3.391	 2.33	 2	 -41.9726	  172.6976
3.398	 2.79	 1	 -43.2791	  172.5545
3.401	 2.09	 1	 -41.5650	  172.6657
3.426	 2.06	 1	 -43.0438	  173.0140
3.427	 2.11	 1	 -41.7751	  174.2257
3.432	 2.54	 1	 -41.7376	  174.1920
3.440	 2.51	 1	 -42.2989	  173.7195
3.443	 2.66	 1	 -41.0093	  172.6521
3.447	 2.49	 1	 -43.6094	  172.4550
3.456	 2.47	 1	 -42.2308	  171.2663
3.457	 2.02	 1	 -42.6782	  173.5681
3.458	 2.05	 1	 -42.2563	  173.3430
3.463	 2.09	 1	 -42.0695	  172.6668
3.472	 2.12	 1	 -42.7417	  171.3671
3.478	 2.08	 1	 -43.7795	  172.7377
3.486	 2.10	 2	 -42.3374	  173.6228
3.488	 2.15	 1	 -43.6249	  174.8421
3.500	 2.93	 1	 -41.1916	  172.4144
3.520	 2.95	 1	 -41.6800	  172.2557
3.526	 2.28	 1	 -42.9818	  172.9478
3.526	 2.02	 1	 -42.1512	  173.5612
3.528	 2.41	 1	 -42.3952	  173.9563
3.537	 2.32	 1	 -43.1138	  172.1944
3.547	 2.28	 1	 -42.6620	  173.1768
3.574	 2.25	 1	 -41.9462	  173.6336
3.582	 2.09	 1	 -42.6991	  173.6023
3.587	 2.07	 1	 -42.3640	  173.0705
3.610	 2.34	 1	 -42.5346	  175.0709
3.618	 2.12	 1	 -42.3362	  173.8129
3.619	 2.13	 1	 -42.2817	  173.4677
3.630	 2.02	 1	 -42.8605	  169.3979
3.653	 4.15	 1	 -42.1144	  172.8467
3.654	 2.05	 3	 -41.8976	  172.7131
3.669	 2.32	 1	 -41.7416	  174.4144
3.697	 3.26	 1	 -42.3360	  173.5715
3.701	 3.05	 1	 -42.6830	  176.8476
3.707	 2.03	 1	 -42.4691	  174.0890
3.709	 2.10	 1	 -42.5284	  173.1572
3.721	 2.02	 1	 -42.4759	  173.6955
3.724	 3.56	 1	 -42.2470	  172.9202
3.730	 2.58	 1	 -43.2707	  172.7511
3.748	 2.02	 1	 -44.6928	  172.7027
3.754	 2.09	 1	 -42.3149	  173.4673
3.762	 2.67	 2	 -42.2240	  174.9859
3.770	 2.60	 1	 -41.8981	  173.9857
3.788	 2.15	 1	 -42.0265	  173.7003
3.790	 2.22	 1	 -42.4005	  173.5583
3.792	 2.66	 1	 -43.6255	  172.5481
3.794	 2.40	 1	 -41.7228	  174.2531
3.796	 2.13	 1	 -42.5638	  173.0322
3.800	 2.55	 1	 -41.3104	  175.3206
3.808	 2.06	 1	 -41.7459	  174.3319
3.808	 2.28	 1	 -42.7678	  173.1688
3.811	 2.34	 1	 -41.9638	  173.6378
3.813	 2.39	 1	 -42.3898	  173.5123
3.814	 2.02	 1	 -41.8125	  173.8740
3.819	 2.22	 1	 -41.3407	  178.8569
3.823	 2.28	 1	 -41.3428	  172.0246
3.825	 2.19	 1	 -42.5350	  179.1362
3.833	 2.02	 1	 -43.5763	  173.6965
3.835	 2.07	 1	 -42.6281	  173.5607
3.846	 2.77	 1	 -42.6224	  172.9588
3.863	 2.01	 1	 -41.6906	  174.2854
3.865	 2.37	 1	 -42.2923	  173.4474
3.868	 2.05	 1	 -43.0608	  172.9841
3.871	 2.08	 1	 -41.8307	  174.0880
3.878	 2.26	 1	 -42.9846	  173.6628
3.884	 2.10	 1	 -42.5906	  172.7517
3.887	 2.33	 1	 -42.5810	  173.7268
3.893	 2.81	 1	 -41.8290	  173.5146
3.894	 2.46	 1	 -42.1589	  173.6321
3.895	 2.17	 1	 -42.1186	  172.5500
3.899	 2.03	 1	 -43.3782	  173.8255
3.905	 2.03	 1	 -41.6741	  174.2662
3.906	 2.50	 1	 -41.7237	  174.2259
3.916	 2.94	 1	 -42.5251	  173.1481
3.919	 3.22	 1	 -42.6648	  173.0385
3.924	 2.62	 1	 -43.0780	  172.2340
3.926	 2.01	 1	 -42.6856	  172.7903
3.929	 2.19	 1	 -41.7934	  174.4422
3.938	 2.23	 1	 -42.1605	  173.5799
3.956	 3.29	 1	 -42.2245	  173.7957
3.960	 2.05	 1	 -44.2981	  171.5277
3.960	 2.03	 1	 -42.2355	  173.7323
3.974	 2.43	 1	 -42.0504	  169.3781
3.992	 2.16	 1	 -42.2589	  173.7112
3.992	 2.21	 2	 -42.6509	  173.0356
3.996	 3.60	 1	 -41.6638	  174.3104
4.022	 2.04	 1	 -42.1453	  172.8752
4.026	 2.10	 1	 -41.7540	  174.3726
4.030	 2.28	 1	 -41.7945	  174.1200
4.055	 2.98	 1	 -42.4142	  170.0549
4.056	 3.90	 1	 -41.7458	  174.2056
4.058	 2.47	 1	 -43.1852	  173.5276
4.058	 2.23	 1	 -42.8831	  174.3764
4.061	 2.26	 2	 -41.7456	  174.2122
4.071	 2.39	 2	 -42.8001	  173.1628
4.075	 2.25	 1	 -42.9249	  173.4756
4.079	 3.03	 1	 -42.2908	  173.1080
4.086	 3.06	 1	 -42.2661	  173.6279
4.111	 3.72	 1	 -42.1926	  175.6169
4.116	 2.05	 1	 -42.7114	  171.5937
4.136	 2.08	 1	 -42.7780	  173.9964
4.137	 2.35	 1	 -38.6635	  170.3057
4.137	 2.46	 1	 -42.7475	  173.2999
4.137	 2.74	 1	 -42.2207	  173.6212
4.139	 2.30	 1	 -42.4774	  173.8305
4.163	 2.20	 2	 -42.1972	  175.6257
4.174	 2.18	 1	 -41.7778	  174.2306
4.178	 2.55	 1	 -42.8843	  171.4290
4.178	 2.91	 1	 -42.4861	  173.8347
4.179	 2.49	 1	 -42.3845	  172.8865
4.187	 2.27	 1	 -41.6953	  174.3018
4.190	 2.26	 1	 -42.6257	  172.1490
4.196	 2.24	 1	 -43.0922	  173.8103
4.197	 4.20	 1	 -43.2937	  173.7295
4.207	 2.35	 1	 -42.4704	  173.7370
4.229	 2.18	 1	 -42.2491	  172.5049
4.232	 2.01	 2	 -42.8497	  173.4667
4.233	 2.26	 1	 -42.4519	  173.2748
4.247	 2.46	 1	 -44.3400	  176.8852
4.247	 2.75	 1	 -42.3049	  173.6696
4.251	 3.01	 1	 -42.4450	  173.6880
4.251	 2.07	 1	 -42.6872	  172.9411
4.255	 2.05	 1	 -41.0810	  171.6718
4.257	 2.10	 1	 -42.1997	  173.5781
4.260	 2.00	 1	 -41.6708	  174.1954
4.297	 3.04	 1	 -41.7006	  174.2537
4.303	 2.11	 1	 -41.8499	  173.8186
4.310	 2.49	 1	 -42.5380	  173.1335
4.312	 2.03	 1	 -43.0010	  173.1901
4.319	 2.27	 1	 -43.9226	  176.1085
4.327	 2.15	 1	 -42.1647	  173.7005
4.337	 2.11	 1	 -42.3123	  173.7910
4.339	 3.16	 1	 -38.7195	  175.8872
4.347	 2.04	 1	 -42.3121	  173.9513
4.393	 2.00	 1	 -42.9549	  174.7891
4.410	 2.28	 1	 -42.2438	  173.8129
4.410	 2.64	 1	 -41.7847	  174.2588
4.413	 2.28	 1	 -42.9003	  172.5680
4.429	 3.01	 1	 -42.8659	  172.9363
4.437	 2.05	 1	 -43.3299	  179.0782
4.448	 2.68	 1	 -42.3112	  173.6716
4.452	 2.71	 1	 -41.7485	  174.2647
4.457	 2.30	 1	 -39.9407	  174.3887
4.458	 2.42	 1	 -42.8329	  172.8676
4.467	 2.00	 1	 -47.1135	  174.1397
4.484	 2.14	 1	 -41.6939	  174.3419
4.485	 2.02	 1	 -40.6320	  172.2756
4.493	 2.04	 1	 -41.7133	  174.5772
4.495	 2.01	 1	 -42.3108	  173.6526
4.498	 2.90	 1	 -44.9936	  175.5700
4.500	 3.13	 1	 -42.5660	  173.1104
4.508	 2.35	 1	 -41.7622	  174.1810
4.516	 2.24	 1	 -43.2071	  173.6998
4.529	 2.96	 1	 -42.1662	  179.0979
4.544	 2.50	 1	 -42.2270	  176.7247
4.547	 2.13	 1	 -42.0828	  173.7635
4.554	 2.80	 1	 -42.4927	  173.8571
4.555	 2.17	 1	 -45.3014	  171.1016
4.556	 2.24	 2	 -42.6292	  172.6448
4.598	 2.58	 1	 -39.4471	  173.2803
4.604	 2.71	 1	 -41.9959	  173.6537
4.607	 2.22	 1	 -42.5277	  172.8824
4.612	 2.22	 1	 -41.9462	  173.5822
4.624	 2.30	 1	 -42.3118	  173.7499
4.625	 2.10	 1	 -41.7422	  174.1755
4.645	 2.32	 1	 -42.5681	  173.8119
4.657	 2.07	 1	 -42.1435	  173.6311
4.699	 2.37	 1	 -40.2896	  172.8532
4.704	 2.20	 1	 -42.4542	  169.6180
4.707	 2.24	 1	 -42.6606	  172.8049
4.707	 2.93	 1	 -42.1639	  173.7272
4.709	 2.03	 1	 -41.6172	  174.3493
4.716	 2.16	 2	 -42.5106	  173.8780
4.717	 2.50	 1	 -42.3393	  174.0562
4.717	 2.16	 1	 -42.8436	  170.4604
4.720	 3.15	 2	 -41.1804	  172.1848
4.726	 2.17	 1	 -42.6050	  172.9457
4.736	 2.62	 1	 -42.1595	  173.7323
4.741	 2.14	 1	 -42.4323	  173.4869
4.754	 2.22	 1	 -41.9788	  173.6904
4.766	 2.34	 1	 -42.6540	  172.8906
4.766	 2.48	 1	 -42.3300	  173.6115
4.769	 2.13	 1	 -42.2154	  173.6164
4.770	 2.26	 1	 -42.3175	  171.3831
4.788	 2.03	 1	 -42.9335	  173.3447
4.794	 2.53	 1	 -42.2204	  173.6243
4.799	 2.26	 1	 -42.6138	  172.9079
4.802	 2.23	 1	 -41.7667	  174.2344
4.836	 2.50	 1	 -42.2764	  173.3558
4.850	 3.28	 1	 -42.6655	  172.6598
4.856	 3.32	 1	 -42.4267	  173.4214
4.857	 2.35	 1	 -43.2465	  171.2549
4.858	 2.11	 2	 -42.4291	  173.4165
4.860	 2.76	 1	 -42.0514	  173.8588
4.874	 2.06	 1	 -42.0163	  166.9739
4.882	 2.63	 1	 -42.2555	  173.6710
4.886	 2.40	 1	 -43.6555	  174.3316
4.890	 2.46	 1	 -41.9187	  174.2162
4.899	 2.08	 1	 -42.1557	  173.5636
4.907	 2.76	 1	 -46.9856	  171.2025
4.913	 2.86	 1	 -41.9921	  173.7394
4.914	 2.79	 2	 -42.4182	  173.6358
4.920	 2.42	 1	 -41.7519	  179.0046
4.927	 2.51	 2	 -41.7938	  174.1571
4.931	 2.39	 2	 -42.3349	  173.7685
4.937	 3.98	 1	 -42.0014	  174.1637
4.938	 2.82	 2	 -41.9977	  174.1668
4.943	 2.22	 1	 -42.1684	  173.5260
4.945	 2.36	 1	 -40.8701	  173.9320
4.958	 2.12	 1	 -41.7955	  173.9973
4.962	 2.02	 1	 -42.3919	  173.4892
4.975	 2.41	 1	 -41.7227	  174.2911
4.975	 2.49	 1	 -41.9255	  173.6971
5.004	 2.34	 1	 -42.4641	  173.8386
5.007	 2.35	 1	 -40.5498	  178.4007
5.031	 2.02	 1	 -42.6833	  173.9756
5.054	 2.07	 1	 -42.4637	  173.1996
5.057	 3.03	 1	 -42.3686	  173.5696
5.057	 2.18	 1	 -44.0516	  173.2000
5.060	 2.44	 1	 -42.3374	  173.6493
5.063	 3.02	 1	 -42.5130	  173.1525
5.082	 2.40	 1	 -41.8398	  174.2810
5.090	 2.35	 1	 -42.7353	  173.9940
5.095	 2.23	 1	 -41.7922	  174.1643
5.101	 3.41	 1	 -42.3767	  173.4388
5.110	 2.32	 1	 -41.7431	  174.1386
5.112	 2.09	 1	 -41.8508	  174.0640
5.114	 2.19	 1	 -41.8720	  174.1633
5.120	 2.03	 1	 -41.9617	  173.7062
5.120	 2.16	 1	 -42.2381	  173.3879
5.125	 2.36	 2	 -42.0353	  173.6862
5.139	 3.37	 1	 -43.2986	  174.0245
5.141	 2.78	 1	 -42.7940	  171.7918
5.158	 2.12	 1	 -42.4961	  173.2975
5.171	 2.03	 1	 -42.6016	  173.0210
5.177	 3.01	 1	 -42.3346	  173.9311
5.180	 2.18	 1	 -44.1876	  172.1003
5.192	 2.26	 2	 -44.2099	  172.0910
5.203	 2.89	 1	 -41.9914	  173.6775
5.203	 2.48	 1	 -42.8466	  172.6446
5.206	 2.25	 1	 -41.7925	  174.3806
5.212	 2.04	 1	 -41.7530	  174.1614
5.212	 2.07	 2	 -41.7544	  174.1615
5.225	 2.06	 1	 -42.4160	  172.4652
5.231	 2.28	 1	 -42.7386	  173.1274
5.239	 2.62	 1	 -42.2108	  173.6644
5.250	 2.78	 1	 -42.0069	  173.7084
5.254	 2.14	 1	 -42.3853	  172.5804
5.258	 2.29	 1	 -42.3391	  173.0155
5.265	 2.11	 2	 -42.7493	  173.1235
5.271	 2.41	 1	 -42.3323	  173.9002
5.278	 2.33	 1	 -42.9408	  172.8844
5.279	 2.17	 2	 -42.4652	  173.4596
5.295	 2.01	 1	 -39.8648	  172.9584
5.315	 2.05	 1	 -42.2742	  173.9615
5.331	 2.26	 1	 -42.9577	  173.6504
5.332	 2.04	 1	 -41.7458	  173.8589
5.336	 2.08	 1	 -42.4394	  173.1953
5.336	 2.03	 2	 -42.9968	  173.3226
5.350	 2.04	 1	 -42.3675	  173.8292
5.353	 2.12	 1	 -42.3813	  172.1371
5.363	 2.08	 3	 -44.8344	  167.6046
5.379	 2.01	 1	 -41.7562	  174.4493
5.402	 2.36	 1	 -41.2493	  173.6047
5.409	 2.77	 1	 -41.7697	  174.1679
5.411	 2.22	 1	 -43.0415	  172.2686
5.414	 2.59	 1	 -42.0600	  166.9652
5.414	 2.50	 1	 -41.8451	  174.2121
5.420	 2.62	 1	 -42.8395	  174.4669
5.421	 3.66	 1	 -41.0198	  174.4961
5.423	 2.13	 2	 -41.0147	  174.4964
5.423	 2.73	 1	 -42.2824	  173.8228
5.426	 2.71	 2	 -42.1797	  173.7811
5.430	 4.12	 1	 -41.9589	  173.6878
5.435	 2.37	 1	 -41.7132	  171.3003
5.440	 2.12	 1	 -42.5513	  172.3812
5.446	 2.00	 1	 -42.5352	  173.0207
5.449	 2.24	 1	 -41.8338	  173.7896
5.457	 2.07	 1	 -39.4612	  171.8468
5.481	 2.09	 1	 -42.8428	  174.8016
5.512	 2.46	 1	 -45.6426	  175.7367
5.513	 2.02	 1	 -42.6151	  172.1712
5.514	 3.33	 1	 -42.8037	  173.7318
5.521	 2.50	 1	 -43.1412	  172.7379
5.522	 2.57	 1	 -44.8740	  178.3718
5.536	 3.01	 1	 -42.0405	  173.6708
5.544	 2.08	 1	 -42.1405	  173.8443
5.548	 2.99	 1	 -42.5062	  173.1059
5.550	 3.05	 1	 -42.5027	  173.1066
5.550	 3.22	 2	 -41.9818	  173.6767
5.551	 2.04	 1	 -42.5566	  173.2394
5.557	 2.70	 1	 -42.1757	  172.9784
5.559	 2.89	 1	 -43.0690	  173.3637
5.564	 2.97	 1	 -41.6970	  174.1637
5.567	 4.06	 1	 -42.2816	  173.5494
5.592	 3.29	 1	 -41.7734	  174.2453
5.598	 2.02	 1	 -41.7531	  179.0049
5.612	 2.61	 1	 -41.5747	  174.1795
5.620	 2.04	 1	 -42.1914	  173.6765
5.634	 2.31	 1	 -42.9972	  173.4090
5.648	 2.04	 1	 -41.6365	  177.0781
5.655	 2.68	 1	 -43.0396	  173.0660
5.662	 2.20	 1	 -41.7805	  174.2418
5.667	 3.83	 1	 -42.8316	  172.1521
5.674	 2.50	 2	 -42.7960	  172.1763
5.680	 2.85	 1	 -42.7347	  173.0379
5.682	 2.25	 1	 -42.1005	  172.8926
5.683	 2.35	 1	 -41.3049	  171.8755
5.690	 2.15	 1	 -43.1787	  172.5392
5.703	 2.29	 1	 -42.2754	  173.5775
5.709	 2.28	 1	 -42.5635	  173.2695
5.728	 2.23	 1	 -42.5532	  172.7129
5.758	 3.71	 1	 -41.7015	  174.2890
5.763	 2.65	 1	 -42.9673	  173.0921
5.767	 2.11	 1	 -43.1026	  170.4769
5.802	 2.06	 1	 -41.7901	  174.2100
5.805	 2.44	 1	 -42.2491	  173.7112
5.811	 2.03	 1	 -42.3319	  173.8184
5.824	 2.14	 1	 -42.8694	  172.9693
5.825	 2.27	 1	 -42.2821	  173.5908
5.828	 2.04	 1	 -42.6382	  172.8136
5.833	 3.48	 1	 -43.0235	  172.9006
5.839	 2.08	 1	 -43.2630	  171.9900
5.872	 2.21	 1	 -42.3913	  173.2962
5.890	 3.37	 1	 -42.0874	  172.8706
5.893	 2.96	 2	 -42.0817	  172.8956
5.904	 2.68	 1	 -42.0274	  174.0499
5.914	 2.34	 1	 -42.2311	  173.5942
5.918	 2.87	 1	 -43.0751	  171.9131
5.933	 2.01	 1	 -42.4987	  173.6600
5.955	 2.15	 1	 -42.5945	  173.0209
5.974	 2.57	 1	 -42.3708	  171.7620
5.979	 2.09	 2	 -41.9659	  173.7562
5.981	 2.53	 1	 -42.2846	  171.2894
6.005	 2.10	 1	 -41.7491	  174.2357
6.009	 3.00	 1	 -42.7619	  173.6310
6.009	 2.13	 1	 -45.3634	  168.1005
6.029	 2.39	 1	 -41.7434	  174.2330
6.037	 2.29	 1	 -41.7417	  174.1784
6.040	 2.00	 1	 -39.2863	  173.6752
6.042	 2.87	 1	 -42.5405	  173.1907
6.058	 2.36	 1	 -41.3256	  174.2911
6.069	 2.26	 1	 -42.4862	  174.0872
6.069	 2.10	 1	 -42.2171	  173.7558
6.097	 2.39	 1	 -42.4143	  173.3600
6.107	 3.13	 1	 -43.3673	  173.9648
6.108	 2.40	 2	 -42.6290	  172.6420
6.118	 3.20	 1	 -41.7950	  174.2462
6.130	 2.02	 1	 -42.2778	  173.6693
6.135	 3.88	 1	 -42.0578	  173.7400
6.141	 2.15	 2	 -42.0736	  173.7541
6.147	 2.04	 1	 -41.7020	  174.3024
6.151	 2.56	 1	 -41.8830	  174.1974
6.168	 2.06	 1	 -41.6957	  174.2840
6.170	 2.65	 1	 -40.4890	  174.7844
6.185	 3.22	 1	 -41.9641	  174.1092
6.194	 2.37	 1	 -42.1397	  173.6475
6.217	 2.20	 1	 -42.6303	  171.9619
6.235	 2.49	 2	 -42.6441	  174.2898
6.236	 2.70	 1	 -42.8226	  173.2066
6.239	 2.63	 1	 -42.5518	  173.1234
6.250	 2.44	 1	 -42.2245	  173.5854
6.271	 2.03	 1	 -42.3577	  174.0797
6.283	 2.65	 1	 -43.0720	  172.6629
6.285	 2.73	 1	 -43.2346	  174.1224
6.292	 3.26	 2	 -42.5104	  173.1084
6.301	 2.84	 1	 -42.3428	  173.5941
6.320	 2.01	 1	 -41.8046	  173.5970
6.339	 2.50	 1	 -41.7034	  174.1775
6.351	 2.48	 1	 -42.0801	  172.8631
6.354	 2.05	 1	 -42.0122	  172.7717
6.368	 2.33	 1	 -42.1648	  173.7015
6.369	 2.07	 1	 -42.1437	  173.3450
6.374	 2.55	 1	 -42.1451	  173.7014
6.387	 2.36	 1	 -39.5462	  173.4387
6.395	 3.26	 1	 -42.5679	  172.8534
6.413	 2.05	 1	 -42.5215	  173.1719
6.416	 2.09	 2	 -38.2028	  172.6118
6.417	 2.73	 2	 -42.6887	  173.0143
6.421	 2.08	 1	 -42.4157	  173.3706
6.428	 3.17	 1	 -42.1835	  174.0566
6.449	 2.01	 1	 -42.4646	  173.7988
6.452	 2.23	 1	 -43.1689	  172.8703
6.475	 2.22	 1	 -42.5618	  172.3074
6.494	 2.97	 1	 -42.5745	  172.7767
6.524	 2.30	 1	 -43.3291	  173.2825
6.539	 2.15	 1	 -41.9731	  173.7349
6.541	 2.36	 1	 -42.5974	  172.8817
6.563	 2.20	 1	 -42.2145	  173.6197
6.567	 2.34	 2	 -42.2741	  173.5772
6.578	 2.14	 2	 -41.7418	  174.2170
6.596	 3.49	 1	 -42.3059	  173.9742
6.596	 2.12	 1	 -41.9645	  174.1711
6.622	 2.31	 1	 -42.2364	  172.6256
6.622	 2.23	 1	 -43.0249	  172.5633
6.637	 2.02	 1	 -42.5400	  172.9368
6.646	 2.38	 1	 -42.1548	  173.6516
6.661	 2.96	 1	 -42.2436	  173.7416
6.706	 2.69	 2	 -42.2467	  174.9558
6.706	 3.83	 3	 -42.0656	  175.2257
6.715	 2.24	 1	 -41.8005	  172.0327
6.715	 2.06	 1	 -43.1317	  173.1190
6.725	 2.94	 1	 -42.5877	  171.2868
6.735	 2.53	 2	 -42.2823	  173.8245
6.747	 2.84	 1	 -42.1129	  173.7424
6.759	 3.33	 1	 -42.3596	  173.7813
6.775	 2.57	 1	 -41.7500	  174.2509
6.801	 2.39	 1	 -40.1730	  174.2919
6.815	 2.19	 1	 -42.2192	  173.7145
6.828	 2.40	 1	 -42.7293	  172.9509
6.836	 3.21	 1	 -43.9923	  177.0039
6.846	 2.51	 1	 -42.5780	  173.3035
6.850	 2.06	 1	 -38.5605	  170.0687
6.866	 2.28	 1	 -41.8148	  174.1948
6.873	 2.19	 1	 -42.0125	  174.3081
6.874	 3.17	 1	 -42.4332	  174.6526
6.883	 2.10	 2	 -42.4313	  174.6540
6.892	 2.23	 1	 -42.1650	  172.8600
6.906	 2.51	 1	 -41.7683	  174.1867
6.907	 2.29	 1	 -41.7353	  174.2461
6.916	 2.08	 1	 -39.2154	  176.9012
6.923	 2.01	 1	 -43.0964	  173.2617
6.925	 2.09	 1	 -42.2676	  179.1126
6.940	 3.07	 1	 -38.2103	  173.5116
6.945	 2.24	 1	 -42.4099	  172.7833
6.952	 3.72	 1	 -43.0981	  172.3592
6.962	 3.59	 1	 -39.0749	  176.6556
6.962	 2.44	 1	 -42.0180	  173.6621
6.974	 2.13	 1	 -42.0555	  173.0633
6.978	 2.09	 1	 -42.6166	  172.5170
6.984	 2.53	 1	 -42.5327	  173.1277
6.990	 2.01	 1	 -40.7783	  178.5579
6.996	 2.58	 1	 -41.9622	  171.8721
7.023	 2.31	 1	 -42.3892	  173.7632
7.034	 2.75	 1	 -44.5253	  175.1060
7.045	 2.52	 1	 -41.8477	  174.3557
7.048	 2.30	 1	 -43.8921	  171.1594
7.058	 2.35	 1	 -42.5898	  173.1591
7.061	 2.07	 1	 -42.0656	  173.7966
7.061	 2.35	 1	 -42.2187	  173.6468
7.091	 2.01	 1	 -41.9827	  173.6496
7.115	 2.21	 1	 -41.6558	  174.6387
7.119	 2.82	 1	 -42.5162	  173.4459
7.136	 2.06	 1	 -43.2490	  171.6681
7.140	 3.54	 1	 -42.3565	  173.5688
7.140	 2.31	 2	 -42.3416	  173.5710
7.140	 3.62	 1	 -41.9021	  174.0060
7.148	 2.09	 3	 -42.4327	  173.2234
7.153	 2.00	 1	 -42.8013	  175.0744
7.157	 2.41	 2	 -42.3577	  173.5681
7.159	 2.86	 1	 -42.9584	  172.6135
7.166	 2.06	 1	 -41.1290	  171.0973
7.174	 2.74	 1	 -42.4007	  173.8461
7.181	 2.72	 1	 -42.9870	  172.7326
7.197	 2.58	 1	 -41.9291	  174.3477
7.201	 2.07	 1	 -41.8336	  174.2666
7.213	 2.38	 1	 -42.6220	  173.0055
7.247	 3.56	 1	 -41.6907	  174.2947
7.253	 2.27	 2	 -42.2749	  173.7363
7.258	 2.16	 1	 -42.1831	  173.5345
7.259	 2.28	 1	 -43.9333	  173.2203
7.320	 2.01	 1	 -42.6646	  172.7746
7.334	 2.59	 1	 -42.6452	  172.8514
7.335	 2.22	 1	 -41.6905	  174.8796
7.338	 2.27	 1	 -42.3572	  173.9293
7.340	 2.94	 1	 -42.1334	  173.6250
7.343	 3.31	 1	 -42.3030	  173.9144
7.343	 2.01	 1	 -42.3998	  173.3211
7.348	 2.15	 1	 -42.3598	  173.8788
7.349	 2.14	 1	 -41.8329	  174.2334
7.371	 2.08	 1	 -41.7108	  174.2482
7.377	 2.18	 2	 -41.7105	  174.2487
7.403	 2.89	 1	 -42.3075	  173.8087
7.410	 2.42	 1	 -41.9794	  173.9457
7.410	 2.01	 2	 -41.9743	  173.9525
7.424	 2.16	 1	 -41.7188	  174.3068
7.426	 2.87	 1	 -42.3362	  173.6480
7.430	 2.14	 1	 -42.2634	  173.8081
7.431	 2.47	 1	 -42.0637	  172.9999
7.438	 2.44	 2	 -42.1481	  175.1276
7.450	 2.00	 1	 -41.8082	  174.3636
7.467	 2.28	 1	 -42.2108	  173.5648
7.474	 3.80	 1	 -42.2756	  172.9537
7.488	 2.24	 1	 -43.9137	  168.5017
7.493	 2.58	 1	 -42.5296	  173.1981
7.503	 2.38	 1	 -42.6797	  172.6693
7.509	 2.35	 1	 -41.5427	  173.5585
7.521	 2.74	 1	 -41.5630	  175.0393
7.546	 2.63	 1	 -42.2868	  174.0375
7.558	 2.44	 2	 -42.5829	  173.3009
7.561	 2.50	 1	 -41.3144	  174.1795
7.561	 2.02	 1	 -42.4833	  173.4049
7.566	 2.96	 1	 -42.3820	  173.3512
7.566	 2.18	 1	 -42.2382	  173.8320
7.569	 2.11	 1	 -42.3447	  173.0850
7.580	 2.04	 1	 -41.6480	  174.2370
7.589	 2.07	 2	 -41.7696	  174.1691
7.598	 2.10	 1	 -43.1028	  173.3230
7.610	 2.41	 2	 -42.4512	  173.3101
7.610	 2.63	 2	 -43.3948	  172.6849
7.619	 2.19	 1	 -42.1567	  173.5421
7.628	 2.44	 1	 -42.0076	  173.6698
7.657	 2.33	 2	 -44.4658	  175.2642
7.709	 2.05	 2	 -42.4325	  173.2948
7.713	 2.89	 1	 -38.9364	  169.6589
7.715	 2.26	 1	 -42.8062	  172.9738
7.721	 2.36	 2	 -42.2488	  173.6125
7.754	 2.10	 2	 -42.5892	  172.4324
7.756	 2.12	 1	 -45.2063	  174.6568
7.766	 2.09	 1	 -41.7475	  174.2750
7.799	 2.68	 1	 -42.8873	  173.4796
7.811	 2.31	 1	 -42.5514	  173.0851
7.811	 2.01	 2	 -42.8868	  173.4758
7.813	 2.37	 1	 -41.9905	  173.7313
7.813	 2.21	 1	 -42.0091	  173.3939
7.840	 3.08	 1	 -41.7121	  174.3056
7.841	 2.37	 2	 -42.5313	  173.1333
7.848	 2.70	 1	 -44.7724	  174.7304
7.867	 2.49	 1	 -43.2305	  173.0843
7.867	 2.46	 1	 -42.1740	  173.5238
7.901	 3.24	 1	 -42.9298	  171.9135
7.914	 2.32	 1	 -41.9233	  173.7843
7.920	 2.01	 1	 -41.5999	  174.3410
7.925	 3.02	 1	 -42.2704	  173.6638
7.936	 2.12	 1	 -42.5896	  172.7802
7.948	 3.46	 1	 -42.8410	  166.9077
7.950	 2.80	 1	 -42.4376	  173.7784
7.950	 2.17	 1	 -41.9713	  173.6340
7.988	 2.80	 1	 -41.4308	  173.0837
8.002	 2.50	 1	 -42.6380	  172.8520
8.005	 2.31	 1	 -42.5251	  174.2850
8.015	 2.16	 2	 -41.9213	  173.7806
8.015	 2.15	 1	 -39.3745	  179.4739
8.029	 2.25	 1	 -42.3568	  173.9185
8.049	 2.15	 1	 -41.4113	  172.8088
8.053	 2.08	 2	 -42.4342	  173.8226
8.066	 2.57	 1	 -42.5711	  173.8481
8.071	 2.24	 1	 -42.7288	  169.8892
8.079	 2.30	 1	 -42.1273	  173.5548
8.099	 2.84	 1	 -41.8148	  168.9615
8.117	 3.76	 1	 -42.6797	  173.1259
8.129	 2.70	 2	 -42.7618	  172.9001
8.130	 2.11	 1	 -42.5939	  171.4916
8.149	 2.25	 1	 -41.8109	  174.2131
8.152	 2.28	 1	 -43.1199	  171.8465
8.153	 2.11	 1	 -42.4138	  173.8848
8.178	 3.92	 1	 -42.3248	  173.7383
8.178	 2.03	 2	 -42.3895	  173.7733
8.189	 2.30	 1	 -42.9966	  173.1203
8.205	 2.54	 1	 -40.5832	  173.9589
8.213	 2.64	 1	 -42.6683	  172.8812
8.217	 3.27	 1	 -41.8063	  174.0007
8.261	 2.13	 1	 -42.1646	  173.5360
8.274	 2.12	 1	 -42.7672	  172.6018
8.280	 2.30	 1	 -42.5415	  173.5172
8.290	 2.41	 1	 -41.7402	  174.2974
8.318	 2.82	 1	 -42.3775	  173.7346
8.340	 2.72	 1	 -42.1893	  173.5616
8.346	 2.31	 1	 -42.0234	  173.6160
8.347	 2.05	 2	 -42.0626	  173.2477
8.349	 2.62	 1	 -41.7678	  174.5192
8.362	 2.03	 1	 -42.6004	  172.9451
8.371	 2.15	 1	 -41.7041	  174.2282
8.372	 2.31	 1	 -43.7305	  173.2673
8.391	 2.80	 1	 -42.3437	  173.9158
8.394	 2.66	 1	 -42.5983	  173.0239
8.400	 2.16	 1	 -42.8763	  172.7204
8.403	 3.32	 1	 -42.2258	  173.6674
8.432	 2.20	 1	 -41.7295	  174.2446
8.467	 2.16	 1	 -41.8108	  174.0333
8.470	 2.48	 1	 -42.9610	  172.7695
8.475	 2.34	 1	 -43.0764	  173.7153
8.490	 2.18	 1	 -42.1442	  173.8296
8.501	 2.26	 2	 -42.1802	  175.0661
8.562	 2.55	 1	 -42.1170	  173.8264
8.570	 2.38	 1	 -42.3583	  173.8285
8.575	 2.03	 1	 -42.4257	  173.5408
8.588	 2.09	 1	 -42.1622	  174.3438
8.606	 2.12	 1	 -40.3898	  167.7675
8.608	 3.25	 1	 -42.5483	  173.2068
8.610	 2.20	 1	 -42.1512	  173.6895
8.610	 2.16	 1	 -42.6260	  172.9157
8.643	 2.60	 1	 -44.1436	  171.1885
8.654	 2.76	 1	 -43.0814	  176.0315
8.655	 2.58	 1	 -43.7119	  172.6383
8.658	 2.30	 1	 -42.2749	  173.6626
8.660	 2.07	 1	 -41.6664	  174.3401
8.696	 2.15	 1	 -42.4352	  173.4750
8.697	 2.15	 1	 -45.5788	  168.3309
8.697	 2.15	 1	 -42.2937	  173.4955
8.703	 2.49	 2	 -42.6764	  173.1237
8.710	 2.63	 1	 -42.3968	  172.8043
8.712	 3.04	 1	 -41.8717	  173.9350
8.720	 2.14	 1	 -41.8137	  172.4744
8.735	 2.59	 1	 -45.2992	  172.9795
8.741	 2.31	 1	 -41.8159	  174.1812
8.746	 2.37	 1	 -42.3305	  173.7503
8.752	 2.85	 1	 -43.9047	  169.6089
8.772	 2.12	 1	 -43.4230	  174.0488
8.774	 2.03	 2	 -43.4055	  173.9843
8.794	 2.11	 1	 -42.1811	  173.5321
8.817	 4.05	 1	 -43.7145	  173.2735
8.818	 2.14	 2	 -43.7108	  173.2773
8.819	 2.34	 2	 -43.7124	  173.2578
8.821	 2.17	 1	 -41.9284	  173.9324
8.837	 2.16	 1	 -46.0481	  172.3914
8.841	 2.84	 1	 -41.8560	  174.0565
8.847	 3.27	 2	 -43.7901	  173.0384
8.863	 2.07	 1	 -42.6697	  172.7739
8.876	 2.52	 1	 -40.9304	  176.7245
8.908	 2.11	 1	 -41.8691	  173.9594
8.946	 2.43	 1	 -41.7104	  174.3787
8.955	 2.12	 1	 -42.3535	  173.8443
8.969	 2.36	 1	 -42.3537	  173.4757
8.974	 2.21	 1	 -41.7268	  173.3741
9.012	 2.07	 1	 -44.9175	  174.2464
9.061	 2.21	 1	 -38.0228	  173.1961
9.062	 2.48	 1	 -42.4387	  174.2663
9.069	 2.52	 1	 -42.3555	  172.6230
9.085	 2.21	 1	 -42.6140	  172.9049
9.094	 2.37	 1	 -42.4096	  173.8285
9.099	 2.36	 1	 -43.2544	  172.8163
9.102	 3.51	 1	 -42.3764	  174.0354
9.102	 2.42	 2	 -42.3782	  174.1105
9.116	 2.14	 1	 -41.9432	  173.7149
9.132	 2.44	 1	 -42.5441	  173.2280
9.157	 2.46	 1	 -42.3625	  173.3684
9.162	 2.68	 1	 -45.6391	  169.5116
9.182	 2.09	 1	 -42.6806	  172.7824
9.186	 2.64	 1	 -42.8608	  173.2125
9.217	 2.06	 1	 -39.8092	  172.2344
9.246	 2.41	 1	 -41.8722	  173.9355
9.248	 3.51	 3	 -42.4613	  172.3544
9.251	 2.00	 2	 -44.9194	  174.2516
9.263	 2.10	 2	 -41.8593	  172.2812
9.265	 2.18	 1	 -42.3429	  170.6689
9.275	 3.08	 1	 -41.8922	  174.2185
9.283	 2.30	 1	 -41.7560	  174.0270
9.289	 2.26	 1	 -42.7378	  172.8726
9.325	 2.16	 1	 -43.3003	  173.1650
9.338	 2.40	 1	 -42.2625	  173.5512
9.346	 2.22	 1	 -42.2882	  173.7884
9.348	 2.54	 1	 -42.1686	  174.0296
9.361	 2.37	 1	 -42.4240	  172.9940
9.377	 2.28	 1	 -42.2702	  173.8545
9.378	 3.47	 1	 -42.6716	  172.8123
9.400	 2.09	 1	 -41.9325	  173.6274
9.403	 2.15	 1	 -40.2782	  167.8610
9.404	 2.03	 1	 -42.8539	  173.2682
9.418	 2.10	 1	 -41.1173	  174.2357
9.427	 3.40	 1	 -42.2297	  173.5715
9.449	 2.39	 1	 -41.7434	  174.2404
9.477	 2.47	 2	 -46.4427	  169.6756
9.543	 2.40	 1	 -39.0944	  176.6912
9.547	 2.61	 2	 -41.8761	  173.9303
9.559	 2.14	 1	 -41.9548	  174.4236
9.570	 3.75	 1	 -42.0691	  173.3808
9.576	 2.01	 2	 -42.0711	  173.3840
9.586	 2.37	 1	 -42.3729	  173.6235
9.598	 2.15	 1	 -41.8691	  174.1124
9.619	 3.73	 2	 -42.0942	  173.3181
9.650	 3.00	 3	 -43.7222	  173.4624
9.650	 2.11	 3	 -42.0699	  173.3362
9.660	 2.04	 1	 -42.4919	  173.8557
9.709	 2.50	 1	 -39.1369	  176.7671
9.710	 2.55	 1	 -42.2127	  173.7603
9.718	 2.60	 1	 -42.3213	  173.7648
9.740	 2.66	 1	 -42.3442	  173.8122
9.758	 2.50	 1	 -42.1518	  173.5574
9.788	 2.74	 1	 -41.7595	  174.4128
9.796	 2.98	 1	 -42.2372	  173.7378
9.820	 2.07	 1	 -42.7335	  173.1133
9.824	 2.47	 1	 -42.7542	  173.0526
9.829	 2.37	 1	 -42.5070	  173.2810
9.842	 2.39	 1	 -42.2188	  173.6220
9.844	 2.12	 1	 -42.3829	  173.6305
9.877	 2.17	 1	 -42.3411	  173.8800
9.884	 2.17	 1	 -42.3414	  172.9430
9.914	 2.58	 1	 -42.7706	  173.4076
9.927	 2.25	 1	 -43.5278	  174.0737
9.936	 2.46	 1	 -41.7073	  174.2297
9.964	 2.11	 1	 -41.9057	  174.1172
9.988	 3.11	 1	 -42.4488	  175.0265
10.004	 2.13	 1	 -42.5144	  173.1792
10.027	 2.00	 1	 -39.4330	  171.0995
10.032	 2.24	 3	 -42.5348	  173.3050
10.036	 2.10	 2	 -42.2921	  173.9996
10.038	 2.29	 2	 -41.8086	  174.2087
10.039	 2.28	 1	 -42.3389	  174.0416
10.063	 2.17	 1	 -42.0916	  172.6281
10.096	 2.20	 1	 -43.3494	  174.4535
10.099	 2.58	 1	 -41.7921	  173.5555
10.116	 2.19	 1	 -42.4757	  174.3092
10.122	 3.33	 1	 -41.9899	  173.7753
10.142	 3.78	 1	 -43.1949	  171.7114
10.152	 2.25	 1	 -40.9899	  173.8057
10.157	 2.11	 1	 -38.6779	  170.2665
10.178	 2.75	 2	 -41.6303	  174.1429
10.208	 2.96	 1	 -43.6419	  169.6923
10.277	 2.27	 2	 -43.2890	  171.7869
10.305	 2.20	 1	 -41.7388	  174.4049
10.321	 2.11	 1	 -41.7196	  174.2413
10.334	 2.60	 2	 -42.6816	  173.1001
10.350	 2.14	 1	 -41.7750	  174.2769
10.353	 2.86	 2	 -42.3374	  173.8800
10.367	 2.75	 2	 -42.6298	  172.7789
10.369	 2.04	 1	 -41.7424	  174.0757
10.386	 2.30	 1	 -42.3486	  173.8805
10.388	 2.28	 1	 -42.2313	  173.5774
10.420	 3.28	 1	 -38.5112	  173.4972
10.421	 2.62	 1	 -41.3486	  174.8989
10.427	 3.18	 1	 -41.9434	  173.6650
10.435	 2.28	 1	 -41.9821	  173.6033
10.446	 2.41	 1	 -42.5246	  172.6981
10.447	 2.49	 1	 -43.3849	  173.6447
10.447	 3.10	 1	 -42.3910	  173.0844
10.450	 2.18	 1	 -42.2478	  174.0448
10.464	 2.04	 1	 -42.2515	  173.6052
10.472	 2.08	 1	 -42.3688	  173.9776
10.488	 2.26	 1	 -43.2495	  173.0342
10.500	 2.02	 1	 -41.6851	  174.2336
10.511	 3.23	 1	 -42.6489	  172.3341
10.520	 2.17	 1	 -41.8024	  174.4736
10.551	 2.48	 1	 -42.4262	  172.4944
10.581	 2.13	 1	 -42.9672	  172.1319
10.593	 2.10	 1	 -42.9496	  173.2640
10.631	 2.74	 1	 -42.0386	  173.7830
10.688	 2.57	 2	 -42.4529	  175.0325
10.693	 2.10	 1	 -42.7230	  173.5596
10.704	 2.28	 1	 -42.5913	  173.1287
10.707	 2.41	 1	 -42.6148	  173.1846
10.711	 3.29	 1	 -41.6085	  178.9595
10.734	 2.08	 1	 -42.4903	  173.8544
10.742	 2.20	 1	 -43.0426	  172.7410
10.764	 3.58	 1	 -42.6378	  173.7568
10.766	 2.16	 1	 -42.1715	  173.6102
10.773	 2.23	 1	 -42.7989	  172.8525
10.780	 2.01	 1	 -41.8318	  174.2061
10.798	 3.16	 1	 -42.9143	  172.5985
10.803	 2.10	 1	 -42.3034	  173.7940
10.803	 2.33	 1	 -38.8834	  169.7711
10.807	 2.75	 1	 -42.3096	  173.8822
10.834	 2.19	 1	 -42.2953	  173.6387
10.866	 2.46	 2	 -41.6100	  178.9619
10.879	 2.15	 1	 -43.1386	  172.5367
10.894	 2.56	 1	 -42.9003	  172.1852
10.953	 2.29	 1	 -41.9679	  173.8703
10.954	 2.66	 1	 -42.3062	  173.7908
10.986	 3.81	 1	 -42.6814	  171.3763
11.004	 2.22	 1	 -41.5676	  172.9301
11.007	 2.40	 1	 -42.1399	  173.8610
11.021	 2.12	 1	 -42.3362	  173.6993
11.029	 3.57	 1	 -43.2984	  178.0177
11.030	 2.16	 1	 -41.9964	  173.7143
11.039	 2.53	 1	 -42.6165	  172.9228
11.044	 2.18	 1	 -42.8031	  173.1717
11.051	 2.72	 1	 -42.3875	  173.3942
11.068	 2.63	 1	 -42.4621	  173.8592
11.081	 2.46	 1	 -42.4196	  173.5585
11.087	 2.02	 1	 -42.1887	  173.5823
11.108	 2.21	 1	 -42.6645	  171.8680
11.108	 3.07	 1	 -42.7346	  173.3322
11.108	 2.61	 2	 -42.7553	  173.3201
11.113	 2.31	 1	 -40.9043	  168.3016
11.117	 2.13	 1	 -41.7874	  174.2036
11.142	 2.33	 1	 -42.0385	  173.5669
11.149	 2.52	 1	 -43.1926	  172.9256
11.162	 2.45	 1	 -41.6651	  174.0157
11.166	 2.63	 2	 -41.8080	  174.3450
11.177	 3.44	 1	 -42.3973	  173.8192
11.193	 2.36	 1	 -42.1700	  172.0663
11.235	 2.27	 1	 -42.2566	  173.7797
11.250	 2.03	 1	 -42.6329	  172.8941
11.265	 2.08	 1	 -42.6800	  172.7758
11.301	 3.13	 1	 -42.6888	  172.5161
11.302	 2.09	 1	 -41.7520	  174.2120
11.345	 2.11	 1	 -42.2808	  174.1994
11.365	 2.58	 1	 -41.9269	  173.5786
11.368	 2.36	 1	 -42.2534	  173.3549
11.397	 2.09	 1	 -42.1214	  173.7584
11.403	 2.48	 1	 -41.8063	  174.2070
11.433	 2.18	 1	 -41.7911	  174.2695
11.447	 2.52	 1	 -41.7070	  174.2738
11.451	 2.29	 1	 -41.8700	  174.3974
11.459	 2.05	 1	 -42.4147	  173.8368
11.461	 2.19	 1	 -43.1490	  172.0524
11.476	 2.68	 1	 -47.1889	  172.9538
11.484	 2.37	 1	 -42.2001	  173.6532
11.484	 2.07	 1	 -46.3093	  172.1966
11.497	 3.61	 1	 -42.1657	  173.7625
11.516	 2.24	 1	 -42.7974	  172.9309
11.544	 2.45	 1	 -42.3384	  173.7215
11.569	 2.15	 2	 -42.7074	  172.4910
11.603	 2.20	 1	 -42.6816	  172.7606
11.613	 2.37	 2	 -42.2857	  173.6646
11.618	 2.02	 1	 -42.0859	  174.3354
11.637	 2.13	 1	 -42.1642	  173.6865
11.638	 2.02	 1	 -41.7725	  174.0304
11.655	 2.03	 1	 -41.6987	  174.2696
11.660	 2.31	 1	 -42.6390	  173.0956
11.682	 2.06	 1	 -41.6550	  174.1558
11.683	 2.30	 1	 -42.1589	  172.3645
11.712	 2.06	 1	 -41.8802	  173.9296
11.713	 2.16	 1	 -41.6759	  174.3209
11.721	 2.27	 1	 -41.9664	  173.7579
11.734	 2.49	 1	 -41.7586	  174.3773
11.750	 2.72	 2	 -39.0718	  176.6704
11.762	 2.26	 1	 -41.7515	  174.3424
11.771	 2.15	 1	 -42.2004	  170.7924
11.772	 2.40	 1	 -42.2978	  173.4619
11.846	 2.43	 1	 -41.8439	  172.9175
11.914	 2.18	 1	 -42.3091	  173.8998
11.921	 2.15	 1	 -42.1706	  172.7992
11.934	 2.12	 1	 -43.7265	  172.8480
11.951	 2.02	 1	 -42.1354	  173.7978
11.961	 2.39	 1	 -41.9250	  173.3407
11.962	 2.78	 1	 -41.6821	  174.3071
11.978	 2.27	 1	 -42.3840	  173.7309
11.982	 2.07	 1	 -42.5794	  173.2148
11.994	 2.08	 1	 -42.9149	  172.8460
12.002	 3.53	 1	 -43.3004	  172.5661
12.075	 2.13	 1	 -41.7147	  174.3255
12.106	 2.03	 1	 -41.8476	  173.9720
12.117	 3.64	 1	 -41.7909	  174.1277
12.128	 2.80	 1	 -42.2302	  173.6023
12.170	 2.17	 1	 -42.2332	  173.7052
12.176	 2.88	 2	 -42.2451	  173.4750
12.177	 2.28	 3	 -42.2066	  173.4622
12.194	 2.06	 2	 -42.1730	  175.1246
12.206	 2.32	 1	 -41.7251	  174.3085
12.214	 2.46	 1	 -42.1646	  173.5872
12.243	 2.02	 1	 -42.2995	  172.5572
12.251	 2.38	 1	 -42.4156	  173.7142
12.263	 2.51	 1	 -41.7098	  174.3145
12.264	 2.09	 2	 -41.7093	  174.3131
12.265	 2.01	 2	 -41.7104	  174.3161
12.292	 2.06	 1	 -42.2790	  173.6619
12.318	 2.27	 1	 -43.1650	  174.3301
12.328	 3.31	 1	 -41.7600	  174.2272
12.351	 2.10	 1	 -42.9005	  173.4379
12.360	 2.31	 1	 -42.2221	  174.2002
12.382	 2.10	 1	 -38.2101	  172.5362
12.385	 2.25	 1	 -42.8230	  174.0294
12.400	 2.13	 1	 -42.8422	  173.2043
12.412	 2.48	 1	 -42.7176	  172.5553
12.457	 2.05	 1	 -42.5534	  173.0672
12.483	 2.11	 1	 -38.7643	  174.6789
12.483	 2.44	 2	 -42.3544	  173.7541
12.493	 3.01	 1	 -40.7193	  173.8237
12.515	 2.52	 1	 -42.5098	  172.0781
12.553	 2.79	 1	 -41.7513	  174.2772
12.561	 4.40	 1	 -42.0540	  173.2660
12.561	 2.22	 2	 -42.0757	  173.2325
12.565	 2.19	 2	 -42.1189	  173.2370
12.575	 3.72	 1	 -42.6173	  173.3224
12.579	 2.01	 1	 -42.5818	  172.9414
12.585	 2.45	 1	 -42.6558	  173.2461
12.601	 2.06	 1	 -42.4787	  173.1036
12.603	 2.40	 1	 -42.0403	  173.7204
12.613	 2.25	 1	 -42.2374	  173.6098
12.641	 2.89	 1	 -42.1278	  173.4980
12.646	 2.77	 1	 -42.3113	  173.7816
12.666	 2.26	 1	 -42.3126	  173.0998
12.684	 2.29	 1	 -42.3310	  173.8389
12.735	 2.70	 1	 -42.8810	  172.3571
12.781	 2.84	 1	 -42.9731	  173.4034
12.792	 2.16	 1	 -43.5011	  171.6188
12.806	 2.03	 1	 -41.7990	  174.2398
12.817	 2.57	 1	 -41.1524	  170.3130
12.862	 2.40	 1	 -43.4238	  173.0671
12.870	 2.13	 1	 -43.0926	  173.3144
12.878	 3.34	 1	 -41.7367	  174.2662
12.886	 2.62	 1	 -42.6579	  173.1426
12.897	 2.33	 1	 -42.2685	  173.6389
12.908	 2.20	 1	 -41.7840	  174.2245
12.930	 2.03	 1	 -42.0343	  173.6408
12.991	 2.09	 1	 -42.4303	  173.1546
13.063	 2.02	 1	 -42.4096	  173.4032
13.098	 2.12	 1	 -43.0408	  172.2339
13.121	 2.52	 1	 -42.5389	  173.2287
13.131	 2.00	 1	 -42.5776	  173.1279
13.136	 2.05	 1	 -41.9769	  173.6691
13.140	 2.26	 1	 -43.8553	  172.1040
13.175	 2.50	 1	 -42.3776	  173.7930
13.225	 2.42	 1	 -41.1842	  175.7172
13.266	 2.03	 1	 -42.1650	  173.7208
13.304	 2.14	 1	 -42.3238	  172.2931
13.313	 3.01	 1	 -42.5635	  171.0869
13.346	 2.25	 1	 -44.6496	  167.5142
13.365	 2.11	 1	 -42.6659	  172.8768
13.365	 2.41	 1	 -42.6723	  173.1977
13.424	 2.29	 1	 -41.8161	  174.2000
13.457	 2.14	 1	 -41.8081	  174.2826
13.490	 2.21	 1	 -41.8051	  173.1087
13.552	 2.13	 1	 -42.7309	  173.6525
13.564	 2.06	 1	 -42.5453	  172.7992
13.649	 2.73	 2	 -42.0680	  173.4128
13.656	 3.06	 1	 -42.6758	  171.7962
13.714	 2.32	 1	 -42.4396	  173.7383
13.751	 3.57	 1	 -42.5491	  174.5544
13.751	 2.25	 2	 -42.5384	  174.5442
13.751	 2.26	 2	 -42.5519	  174.5506
13.768	 2.49	 1	 -42.5353	  171.6381
13.801	 2.38	 2	 -42.5477	  174.5466
13.814	 2.74	 1	 -41.4163	  174.1753
13.818	 2.12	 1	 -42.9612	  176.6346
13.838	 2.15	 1	 -41.7087	  174.2440
13.865	 2.34	 1	 -42.9607	  173.1325
13.884	 2.06	 1	 -42.5596	  173.7076
13.945	 2.44	 1	 -42.3765	  173.1093
13.989	 2.39	 1	 -41.8505	  174.4130
14.008	 2.01	 1	 -42.2131	  173.0587
14.018	 2.02	 1	 -42.8153	  173.2745
14.052	 2.32	 2	 -42.4895	  172.8457
14.070	 2.04	 1	 -43.1872	  173.7375
14.094	 2.40	 1	 -41.4564	  173.4029
14.117	 3.97	 1	 -42.8325	  172.3796
14.118	 2.17	 2	 -42.8167	  172.3712
14.124	 3.09	 1	 -41.5600	  174.3879
14.132	 2.13	 1	 -41.6427	  174.0973
14.136	 2.09	 1	 -42.7983	  172.6058
14.171	 2.11	 1	 -46.7203	  175.7420
14.178	 3.08	 1	 -41.2115	  174.5977
14.252	 2.36	 1	 -43.9468	  173.0154
14.265	 2.43	 1	 -41.9875	  173.7175
14.312	 2.33	 1	 -42.6604	  169.9343
14.329	 2.04	 1	 -40.6739	  178.4888
14.388	 2.32	 1	 -42.5653	  172.0036
14.399	 3.09	 1	 -38.2278	  173.7495
14.414	 2.17	 1	 -42.3824	  173.1434
14.448	 2.71	 1	 -43.3996	  173.2855
14.461	 2.17	 1	 -42.9760	  171.1041
14.463	 3.21	 1	 -42.4487	  173.1926
14.477	 2.13	 1	 -41.7151	  174.3114
14.478	 3.45	 2	 -41.2775	  174.5580
