# Simulation 819
# RelativeTime(days) Magnitude Generation Latitude Longitude
Time Mag Gen Lat Lon
0.503	 2.74	 1	 -42.5000	  171.5892
0.504	 2.94	 1	 -42.7260	  174.9695
0.505	 2.06	 1	 -40.4087	  174.7075
0.508	 2.46	 1	 -42.3048	  169.9001
0.509	 2.04	 1	 -43.2137	  172.2198
0.514	 2.20	 1	 -42.9589	  173.1472
0.515	 2.21	 1	 -42.8487	  173.9918
0.515	 2.32	 1	 -43.3499	  173.5949
0.516	 2.17	 1	 -38.3521	  171.4236
0.518	 2.76	 1	 -43.0801	  173.6872
0.520	 2.00	 1	 -41.9757	  173.1341
0.520	 2.39	 1	 -43.8692	  178.9268
0.526	 2.01	 1	 -41.8254	  174.7079
0.527	 2.55	 1	 -41.3570	  173.0151
0.530	 2.25	 1	 -42.9242	  174.4531
0.537	 2.07	 1	 -43.1848	  172.1423
0.539	 2.32	 1	 -46.6390	  170.0900
0.542	 2.16	 1	 -43.0984	  173.6007
0.542	 2.12	 1	 -39.7929	  168.3462
0.543	 3.16	 1	 -43.2110	  174.6726
0.543	 2.00	 1	 -40.6334	  174.7234
0.551	 2.22	 1	 -44.4072	  178.6777
0.553	 2.55	 1	 -41.5930	  172.7790
0.557	 2.24	 1	 -42.5906	  172.1017
0.557	 2.21	 1	 -38.2158	  173.5973
0.562	 2.00	 1	 -41.6629	  174.3285
0.563	 2.99	 1	 -42.7881	  173.6314
0.567	 2.48	 1	 -42.4427	  172.3129
0.568	 2.16	 1	 -45.6906	  168.4626
0.569	 2.41	 1	 -41.3050	  178.8414
0.571	 2.34	 1	 -42.6434	  172.9957
0.572	 2.33	 1	 -42.0259	  166.9719
0.574	 2.62	 1	 -42.5032	  171.4798
0.575	 2.59	 1	 -44.0839	  171.3689
0.575	 2.25	 1	 -41.6476	  176.6961
0.577	 2.03	 1	 -43.4659	  173.9431
0.578	 2.17	 1	 -42.8935	  179.1338
0.579	 2.42	 1	 -44.5716	  171.4447
0.579	 2.88	 1	 -42.3482	  175.4173
0.580	 2.20	 1	 -44.7753	  172.9987
0.581	 2.27	 1	 -43.1886	  173.5460
0.582	 2.56	 1	 -43.3371	  173.0502
0.582	 2.73	 1	 -42.1091	  171.6158
0.584	 2.20	 1	 -42.4171	  172.3464
0.585	 2.49	 1	 -44.2001	  173.0352
0.586	 2.09	 1	 -42.4197	  173.3047
0.587	 2.28	 1	 -42.7283	  173.6463
0.591	 2.01	 1	 -42.4859	  174.1541
0.592	 2.10	 1	 -42.7446	  174.0440
0.595	 2.23	 1	 -43.4577	  173.3609
0.596	 2.67	 1	 -42.7944	  173.4026
0.597	 3.11	 1	 -45.6280	  168.3878
0.599	 2.03	 1	 -39.2544	  169.1717
0.599	 2.09	 1	 -43.9230	  171.5203
0.604	 2.44	 1	 -42.8464	  171.5529
0.604	 2.23	 1	 -42.2758	  172.1041
0.604	 2.03	 1	 -42.7620	  173.5632
0.607	 2.37	 1	 -43.4337	  172.2688
0.613	 2.34	 1	 -44.6524	  175.2289
0.616	 2.17	 1	 -43.9547	  177.3017
0.616	 2.03	 1	 -43.9946	  172.6237
0.621	 2.58	 1	 -41.9211	  169.1021
0.622	 2.78	 1	 -44.3279	  170.8776
0.623	 2.53	 1	 -41.9750	  166.9827
0.623	 2.33	 1	 -44.0276	  172.5954
0.625	 2.52	 1	 -43.4277	  172.1873
0.629	 3.48	 1	 -43.3963	  174.0328
0.633	 2.13	 1	 -42.4614	  170.5813
0.633	 2.20	 1	 -43.0644	  172.7343
0.636	 2.94	 1	 -42.0818	  172.5624
0.638	 2.24	 1	 -43.4422	  172.8297
0.639	 2.34	 1	 -43.2249	  172.9527
0.640	 2.60	 1	 -41.5424	  176.4448
0.643	 2.61	 1	 -43.5001	  173.1818
0.643	 2.10	 1	 -42.9840	  173.1249
0.643	 2.00	 1	 -44.5882	  171.6913
0.643	 2.02	 1	 -41.3459	  175.1030
0.652	 2.30	 1	 -43.2606	  173.0898
0.653	 2.15	 1	 -44.9652	  171.0394
0.653	 2.34	 1	 -43.3031	  173.1165
0.654	 2.39	 1	 -42.6619	  171.7159
0.655	 2.67	 1	 -40.9056	  173.5841
0.658	 2.52	 1	 -43.1083	  171.3889
0.658	 2.06	 1	 -42.0001	  173.0238
0.667	 2.40	 1	 -42.7033	  170.9531
0.668	 3.32	 1	 -42.8679	  172.8439
0.669	 2.43	 1	 -41.9393	  172.4446
0.676	 2.87	 1	 -42.9621	  173.5330
0.680	 2.04	 1	 -42.5877	  172.6747
0.681	 2.01	 1	 -42.8245	  172.8875
0.681	 2.07	 1	 -43.3895	  172.8914
0.685	 2.33	 1	 -43.3632	  172.8311
0.687	 2.34	 1	 -42.6179	  173.6769
0.689	 2.17	 1	 -41.7464	  167.6072
0.690	 2.66	 1	 -43.0345	  173.6229
0.696	 2.36	 1	 -42.8331	  175.0018
0.697	 2.97	 1	 -43.2800	  173.1759
0.702	 2.06	 1	 -42.8050	  173.7045
0.707	 2.18	 1	 -43.0574	  171.9923
0.718	 2.21	 1	 -42.4290	  173.5315
0.720	 2.19	 1	 -43.2631	  170.7280
0.725	 2.62	 1	 -42.1054	  173.1648
0.727	 2.37	 1	 -43.0885	  172.5518
0.730	 2.02	 1	 -42.2156	  172.3547
0.731	 2.11	 1	 -42.5593	  173.4103
0.731	 2.29	 1	 -42.6749	  172.6107
0.736	 2.58	 1	 -42.0137	  172.3032
0.737	 2.86	 1	 -41.9722	  173.4728
0.738	 2.26	 1	 -43.4519	  174.1331
0.741	 2.16	 1	 -43.2968	  174.7216
0.741	 2.06	 1	 -42.4292	  173.6309
0.746	 2.02	 1	 -43.5211	  170.0581
0.755	 2.52	 1	 -45.3894	  176.2713
0.757	 2.70	 1	 -40.6706	  178.4866
0.760	 2.06	 1	 -42.5725	  172.8100
0.760	 2.08	 1	 -42.1706	  173.5885
0.761	 2.33	 1	 -41.8540	  173.0983
0.764	 2.98	 1	 -44.1621	  171.4174
0.766	 2.51	 1	 -42.0234	  174.1064
0.767	 2.42	 1	 -43.0306	  173.0807
0.773	 2.31	 1	 -43.4470	  173.5758
0.779	 3.69	 1	 -42.7842	  173.1719
0.779	 3.23	 1	 -43.5942	  173.3602
0.781	 2.01	 1	 -42.7120	  174.2741
0.784	 2.63	 1	 -45.3593	  174.6737
0.789	 2.39	 1	 -43.0494	  172.5924
0.803	 2.21	 1	 -42.5821	  173.0786
0.807	 3.33	 1	 -41.9299	  172.1171
0.810	 2.44	 1	 -43.0691	  173.8266
0.812	 2.33	 1	 -46.7363	  170.3464
0.819	 2.23	 1	 -42.5190	  173.6016
0.822	 2.53	 1	 -42.8149	  172.5665
0.826	 2.32	 1	 -42.3003	  173.2555
0.832	 2.16	 1	 -45.0711	  174.2090
0.836	 2.55	 1	 -38.1979	  172.8406
0.837	 3.70	 1	 -41.9767	  170.0914
0.839	 2.44	 1	 -47.1804	  172.6407
0.842	 2.09	 1	 -41.7898	  178.0376
0.842	 2.11	 1	 -41.9240	  171.8314
0.842	 2.09	 1	 -42.6112	  173.3675
0.850	 2.28	 1	 -42.5095	  172.2267
0.850	 2.05	 1	 -42.5702	  172.2744
0.852	 2.11	 1	 -42.7691	  172.4225
0.860	 3.88	 1	 -42.6572	  172.6996
0.864	 2.37	 1	 -41.6219	  174.0432
0.865	 2.83	 1	 -44.6515	  169.8602
0.877	 2.49	 1	 -38.7112	  175.8657
0.883	 2.22	 1	 -42.1472	  179.0948
0.886	 2.89	 1	 -46.0293	  177.1230
0.889	 3.98	 1	 -44.5239	  172.7311
0.890	 2.47	 1	 -42.7036	  172.7498
0.894	 2.16	 1	 -42.0670	  172.9878
0.895	 2.48	 1	 -44.1185	  173.6900
0.911	 2.02	 1	 -43.2308	  174.6810
0.914	 2.63	 1	 -42.1353	  173.0645
0.916	 2.32	 1	 -43.0396	  172.4995
0.917	 2.29	 1	 -43.1276	  174.6530
0.918	 2.65	 1	 -44.2884	  173.7135
0.918	 2.00	 1	 -43.1619	  173.5630
0.920	 2.30	 1	 -41.7116	  171.1122
0.950	 2.50	 1	 -42.8938	  173.0138
0.956	 2.08	 1	 -42.5186	  173.5358
0.959	 2.18	 1	 -44.1431	  171.8759
0.960	 2.08	 1	 -42.2053	  173.2645
0.961	 2.73	 1	 -44.4177	  177.1833
0.966	 2.61	 1	 -43.0297	  172.9410
0.966	 2.37	 1	 -41.1507	  174.7372
0.968	 2.10	 1	 -41.2438	  172.1392
0.978	 4.58	 1	 -43.2952	  172.5162
0.979	 2.14	 1	 -39.5478	  173.2920
0.983	 2.11	 1	 -41.7842	  174.0326
0.992	 2.96	 1	 -39.3146	  168.9841
0.993	 2.74	 1	 -44.0482	  170.7628
1.006	 2.10	 1	 -42.3153	  173.3210
1.008	 2.11	 1	 -38.2687	  171.9260
1.011	 2.80	 1	 -42.1407	  173.2254
1.012	 2.72	 1	 -43.5134	  173.8417
1.013	 2.48	 1	 -42.7399	  171.2354
1.016	 3.66	 1	 -43.0863	  173.8905
1.026	 2.49	 1	 -42.5789	  172.4217
1.029	 2.01	 1	 -41.6430	  172.7096
1.032	 2.03	 1	 -42.6782	  172.4876
1.037	 2.23	 1	 -42.8327	  173.3016
1.038	 2.38	 2	 -43.2850	  172.5146
1.042	 3.11	 1	 -42.7668	  173.5331
1.042	 2.00	 1	 -43.1544	  173.5591
1.050	 2.31	 1	 -42.7179	  174.3866
1.050	 2.46	 1	 -43.1757	  173.7352
1.055	 3.01	 1	 -41.0758	  170.0036
1.056	 3.11	 1	 -43.3658	  173.3527
1.063	 2.24	 1	 -43.6091	  167.0328
1.074	 2.08	 1	 -45.4287	  172.7530
1.075	 2.82	 1	 -43.0758	  172.4080
1.079	 2.74	 1	 -38.7787	  176.0343
1.083	 3.01	 1	 -43.1144	  174.4783
1.085	 2.08	 1	 -42.2316	  172.4698
1.093	 2.33	 1	 -42.6269	  175.2602
1.096	 2.01	 1	 -41.3078	  176.3103
1.100	 2.16	 2	 -43.0960	  174.4715
1.118	 2.35	 1	 -41.7082	  172.9846
1.123	 2.36	 2	 -43.3955	  172.5840
1.126	 3.04	 1	 -42.9601	  173.0000
1.131	 2.51	 1	 -42.7231	  172.0363
1.131	 2.01	 1	 -38.2993	  174.3264
1.137	 2.63	 1	 -41.8115	  171.7988
1.140	 2.29	 1	 -43.4830	  168.9376
1.140	 2.07	 1	 -44.0395	  173.9090
1.142	 2.16	 1	 -42.8588	  175.2846
1.142	 3.53	 1	 -43.5516	  170.9272
1.150	 3.16	 1	 -44.4205	  172.5783
1.154	 2.66	 1	 -40.7602	  175.7311
1.157	 3.04	 1	 -39.6035	  168.5764
1.164	 2.25	 1	 -43.1711	  171.0637
1.167	 2.51	 1	 -43.1002	  173.0301
1.174	 2.34	 1	 -42.3224	  172.9837
1.175	 2.98	 1	 -42.7214	  172.7094
1.176	 2.15	 1	 -45.5912	  177.6992
1.178	 2.12	 1	 -39.3915	  176.8277
1.193	 2.17	 1	 -41.6255	  176.9460
1.204	 2.11	 1	 -42.0500	  171.5614
1.207	 2.42	 1	 -42.4126	  174.2662
1.208	 3.63	 1	 -41.8157	  173.8868
1.212	 2.68	 1	 -39.0059	  176.5249
1.213	 2.50	 1	 -43.4153	  172.7854
1.215	 2.77	 1	 -38.6336	  175.6549
1.222	 2.62	 1	 -42.4370	  172.8998
1.225	 2.59	 1	 -42.5510	  172.5471
1.234	 2.44	 1	 -41.9165	  174.1602
1.235	 3.10	 1	 -42.8666	  172.7644
1.235	 2.36	 1	 -42.7748	  173.0854
1.251	 2.10	 1	 -42.6380	  174.2283
1.254	 2.21	 1	 -42.8042	  173.2137
1.257	 2.27	 1	 -42.7037	  176.6795
1.261	 2.10	 1	 -43.4231	  175.3391
1.265	 2.13	 1	 -42.7552	  173.4305
1.271	 2.62	 1	 -43.3866	  172.3616
1.277	 2.01	 1	 -42.3920	  172.5717
1.283	 2.26	 1	 -45.4793	  174.3080
1.284	 3.07	 1	 -43.5000	  173.4495
1.284	 3.04	 1	 -39.2704	  176.9908
1.296	 2.19	 1	 -44.4956	  178.6266
1.297	 2.01	 1	 -45.8972	  177.3137
1.299	 3.17	 1	 -41.0415	  175.6929
1.305	 2.20	 1	 -46.4549	  176.3725
1.308	 2.28	 1	 -42.4536	  171.9973
1.323	 2.64	 1	 -42.9865	  173.6681
1.323	 2.37	 1	 -42.4509	  173.0865
1.341	 2.45	 1	 -43.0204	  171.6733
1.344	 2.14	 1	 -42.8917	  173.0108
1.345	 2.11	 1	 -42.8527	  173.7339
1.359	 2.63	 1	 -43.2019	  173.2497
1.371	 2.67	 1	 -42.8913	  172.7232
1.372	 2.74	 1	 -42.9443	  172.0588
1.373	 2.92	 1	 -42.4765	  173.4644
1.376	 3.06	 1	 -43.6512	  171.1941
1.381	 2.55	 1	 -43.1040	  172.9044
1.385	 2.15	 1	 -43.0283	  173.7259
1.389	 2.23	 1	 -43.3298	  173.7690
1.398	 3.82	 1	 -42.8463	  172.2140
1.402	 2.39	 1	 -42.5823	  174.0174
1.408	 2.46	 1	 -42.8947	  172.7135
1.424	 2.05	 2	 -44.5878	  172.8005
1.434	 2.12	 1	 -43.4466	  173.2997
1.438	 2.06	 1	 -42.8486	  173.1800
1.443	 2.37	 1	 -43.1798	  172.1283
1.449	 2.23	 1	 -41.5398	  170.3085
1.460	 3.76	 1	 -40.0419	  172.1569
1.464	 2.20	 1	 -41.2298	  172.5005
1.466	 2.71	 1	 -43.9274	  167.7021
1.469	 2.22	 1	 -38.4042	  171.1819
1.472	 3.35	 1	 -43.0193	  170.1447
1.477	 3.81	 1	 -42.5479	  172.7198
1.481	 2.01	 1	 -43.5314	  172.3491
1.485	 3.57	 1	 -43.0991	  171.4067
1.494	 2.19	 1	 -46.9970	  172.2853
1.503	 2.24	 1	 -42.6099	  172.4804
1.505	 2.55	 1	 -42.6835	  172.4650
1.515	 2.76	 1	 -43.5767	  172.1477
1.519	 2.52	 1	 -42.7128	  173.3100
1.536	 3.16	 1	 -42.5930	  173.0046
1.536	 2.89	 1	 -42.7488	  168.0336
1.548	 2.69	 1	 -42.9373	  171.3520
1.548	 2.14	 1	 -41.1842	  177.6135
1.561	 2.17	 1	 -42.6613	  172.1669
1.565	 2.79	 1	 -43.0323	  174.4503
1.573	 2.01	 1	 -41.4962	  176.0426
1.574	 2.58	 1	 -39.8555	  177.7686
1.579	 2.20	 1	 -40.8244	  178.5870
1.580	 3.71	 1	 -38.2114	  172.5146
1.601	 2.04	 1	 -42.1966	  171.5834
1.605	 2.23	 1	 -44.3387	  174.0066
1.618	 3.06	 1	 -42.7624	  173.1213
1.621	 2.94	 1	 -42.3897	  173.4102
1.645	 2.76	 1	 -42.0396	  179.0751
1.646	 2.06	 1	 -41.3479	  171.0000
1.684	 2.64	 1	 -42.2467	  173.6113
1.686	 2.20	 1	 -40.6869	  174.0725
1.688	 2.27	 1	 -43.0946	  173.4363
1.693	 4.49	 1	 -42.7915	  173.2128
1.694	 3.44	 2	 -43.0184	  170.0914
1.710	 2.11	 1	 -43.9184	  171.7160
1.716	 2.18	 1	 -43.4500	  171.6147
1.718	 2.28	 1	 -43.3695	  179.0702
1.719	 2.17	 1	 -42.2108	  172.1613
1.720	 2.19	 1	 -42.8227	  173.4548
1.732	 2.71	 1	 -38.4337	  171.0592
1.739	 3.14	 1	 -40.9920	  176.1813
1.751	 2.63	 1	 -42.8311	  172.4761
1.762	 2.60	 1	 -44.8956	  172.8191
1.776	 2.87	 1	 -40.6985	  167.5388
1.782	 2.18	 1	 -42.3337	  171.4645
1.789	 2.26	 1	 -42.2761	  173.2063
1.800	 2.04	 1	 -42.0921	  166.9591
1.801	 2.09	 1	 -43.0182	  171.6182
1.804	 2.25	 1	 -43.8781	  174.7516
1.806	 2.71	 1	 -41.8987	  171.9057
1.816	 2.11	 1	 -43.8839	  171.6736
1.817	 2.71	 1	 -44.4721	  174.0456
1.839	 2.31	 1	 -41.2325	  173.1858
1.845	 2.27	 2	 -42.8373	  172.1924
1.847	 2.04	 2	 -42.8337	  172.2629
1.848	 2.02	 1	 -42.3056	  174.2589
1.854	 3.80	 1	 -42.8235	  174.5659
1.885	 2.78	 1	 -43.8213	  172.1858
1.892	 2.13	 1	 -40.3701	  173.2195
1.938	 2.45	 1	 -41.8128	  175.1716
1.958	 2.02	 1	 -43.1856	  179.1031
1.965	 2.41	 1	 -43.6120	  174.1724
1.967	 2.34	 1	 -40.6841	  173.9128
2.007	 2.69	 1	 -43.8020	  173.5548
2.013	 2.01	 1	 -43.5449	  172.9322
2.023	 3.11	 1	 -42.4462	  172.6704
2.023	 2.05	 1	 -45.3704	  171.4235
2.028	 2.82	 1	 -40.2616	  174.2861
2.035	 2.21	 1	 -40.3769	  178.2663
2.043	 2.75	 1	 -38.7518	  175.9686
2.053	 2.11	 1	 -42.9839	  172.1173
2.073	 2.02	 1	 -41.9345	  166.9919
2.074	 2.20	 1	 -46.5545	  171.0319
2.078	 2.15	 1	 -42.0446	  173.1489
2.078	 2.35	 1	 -43.5450	  171.3468
2.079	 2.49	 1	 -43.8800	  178.9228
2.084	 2.20	 1	 -41.3064	  173.0361
2.105	 3.46	 1	 -42.8431	  173.2094
2.114	 2.23	 1	 -42.4337	  175.9897
2.115	 2.87	 1	 -42.7517	  171.5751
2.126	 2.04	 1	 -43.5026	  173.1426
2.127	 2.33	 1	 -41.7022	  172.9298
2.134	 2.20	 1	 -44.2304	  178.7710
2.141	 2.23	 2	 -43.2992	  172.5371
2.142	 2.01	 1	 -43.6857	  172.5942
2.157	 2.09	 1	 -40.3315	  176.2755
2.171	 2.20	 1	 -38.8077	  172.6628
2.199	 2.17	 1	 -38.2377	  172.1899
2.206	 2.16	 1	 -43.2821	  175.2183
2.215	 2.35	 1	 -43.6840	  176.7321
2.221	 2.69	 1	 -43.2602	  173.2970
2.224	 2.01	 1	 -42.1523	  169.1563
2.232	 2.63	 1	 -42.8905	  174.4251
2.234	 2.44	 1	 -41.8938	  171.9131
2.236	 2.18	 1	 -42.0044	  173.6035
2.246	 3.61	 1	 -42.6607	  169.7373
2.247	 2.02	 1	 -42.7526	  174.0931
2.248	 2.75	 1	 -42.6301	  170.6772
2.260	 2.72	 1	 -44.5692	  172.8504
2.268	 3.79	 1	 -44.6696	  171.6409
2.275	 2.55	 1	 -42.6477	  173.3877
2.277	 2.26	 1	 -42.2716	  172.9174
2.277	 2.06	 1	 -40.7899	  175.7312
2.284	 2.04	 1	 -44.1336	  169.8296
2.327	 3.36	 1	 -42.5294	  173.3532
2.350	 2.36	 1	 -42.3863	  172.4799
2.371	 2.90	 1	 -42.6204	  172.8690
2.376	 2.50	 1	 -42.6284	  173.0340
2.389	 2.19	 1	 -42.5791	  172.3946
2.394	 2.20	 1	 -44.1604	  171.1455
2.398	 2.02	 1	 -43.2264	  172.9521
2.461	 2.78	 1	 -40.9791	  175.1150
2.467	 2.43	 1	 -41.7116	  173.6743
2.475	 2.26	 1	 -43.3268	  171.9340
2.478	 2.22	 1	 -44.8278	  171.1599
2.478	 2.03	 1	 -42.2855	  173.1922
2.488	 2.26	 1	 -42.9403	  173.4642
2.501	 2.75	 1	 -42.6218	  173.0506
2.510	 2.33	 1	 -41.3817	  172.2549
2.510	 2.50	 1	 -43.3404	  172.6624
2.518	 2.94	 1	 -42.0786	  173.2697
2.519	 2.60	 1	 -42.3261	  172.7098
2.520	 2.55	 1	 -47.0185	  174.6913
2.520	 2.42	 1	 -40.3699	  177.6462
2.544	 2.26	 1	 -43.2506	  175.5123
2.545	 2.23	 1	 -42.0845	  172.3589
2.562	 2.15	 1	 -44.7431	  170.2045
2.580	 2.12	 1	 -42.9827	  173.0785
2.601	 2.07	 1	 -45.6326	  177.6511
2.617	 2.32	 1	 -47.1380	  173.9426
2.649	 2.50	 1	 -42.5354	  174.7320
2.675	 2.47	 1	 -42.1357	  172.8296
2.677	 2.78	 1	 -42.2573	  179.1112
2.694	 2.42	 1	 -42.7243	  173.8861
2.699	 2.39	 1	 -42.5759	  172.7697
2.715	 2.11	 1	 -42.6878	  172.3963
2.716	 2.25	 1	 -43.9692	  171.9501
2.719	 2.44	 1	 -46.8721	  175.2785
2.722	 2.11	 1	 -42.1755	  173.6483
2.760	 2.89	 1	 -42.9488	  173.4295
2.762	 2.15	 1	 -42.9766	  175.1203
2.770	 2.66	 1	 -45.5790	  177.7131
2.772	 2.02	 1	 -41.2775	  172.1255
2.783	 2.57	 1	 -42.9485	  170.2824
2.783	 3.19	 1	 -41.9229	  173.1442
2.795	 2.84	 1	 -38.3076	  174.3774
2.812	 2.63	 1	 -42.5668	  174.4587
2.813	 2.28	 1	 -43.2118	  173.2223
2.818	 2.19	 1	 -42.8365	  173.3617
2.819	 2.44	 1	 -40.5862	  170.4509
2.833	 2.12	 1	 -41.8590	  173.0807
2.889	 2.42	 1	 -42.3101	  172.1006
2.900	 3.02	 1	 -43.9154	  173.2295
2.931	 3.27	 1	 -43.1196	  171.6041
2.935	 2.41	 1	 -42.4059	  172.8346
2.972	 2.16	 1	 -43.6093	  174.2154
2.983	 2.03	 1	 -44.4163	  168.5879
2.988	 2.84	 1	 -42.4956	  174.1716
2.997	 2.12	 1	 -43.1260	  169.9802
3.004	 2.01	 1	 -42.5428	  173.1814
3.006	 2.61	 1	 -41.0774	  172.9971
3.008	 2.11	 1	 -41.9507	  173.5513
3.012	 2.50	 1	 -46.0516	  171.0974
3.022	 2.24	 1	 -45.2665	  168.0058
3.033	 2.35	 1	 -39.8361	  177.5489
3.044	 2.11	 1	 -43.9042	  173.7613
3.071	 2.64	 1	 -42.2074	  173.1786
3.125	 2.22	 1	 -42.5280	  172.6314
3.125	 4.30	 1	 -42.9782	  172.2563
3.139	 2.30	 2	 -42.9766	  172.2513
3.149	 2.01	 1	 -43.6183	  179.0089
3.169	 2.63	 1	 -42.6702	  172.4688
3.170	 3.48	 1	 -43.3369	  174.2709
3.200	 2.01	 1	 -43.8615	  172.6564
3.214	 2.41	 1	 -43.3353	  172.3115
3.223	 2.07	 1	 -42.8014	  173.3837
3.239	 3.01	 1	 -41.5692	  172.6750
3.240	 2.48	 1	 -45.9086	  172.8937
3.258	 2.35	 1	 -43.4229	  173.0728
3.282	 2.18	 1	 -43.3589	  174.3202
3.289	 2.19	 1	 -43.3695	  173.6895
3.364	 2.61	 2	 -42.9771	  173.0102
3.390	 2.04	 1	 -42.7060	  173.7572
3.397	 2.30	 1	 -41.1076	  172.3648
3.406	 2.02	 1	 -40.1206	  173.5894
3.432	 2.35	 1	 -43.2863	  172.4904
3.484	 2.11	 1	 -42.4380	  173.8035
3.493	 2.24	 1	 -42.6639	  172.4852
3.547	 2.06	 1	 -42.6095	  172.1148
3.547	 2.96	 1	 -43.0815	  173.1390
3.590	 2.19	 1	 -42.0366	  171.4018
3.621	 2.08	 1	 -43.1175	  173.0406
3.666	 2.63	 1	 -41.1225	  173.9240
3.676	 2.17	 1	 -43.4412	  172.5172
3.680	 2.53	 1	 -41.8490	  171.7955
3.701	 2.20	 1	 -41.1336	  173.9893
3.701	 2.58	 1	 -42.6658	  171.5728
3.713	 2.15	 1	 -41.6507	  178.9735
3.718	 2.05	 1	 -38.7546	  170.0687
3.723	 2.23	 1	 -44.0049	  169.1122
3.725	 2.50	 1	 -43.4875	  173.0507
3.766	 2.78	 1	 -42.9613	  172.9238
3.785	 2.65	 1	 -40.8609	  175.5399
3.853	 4.07	 1	 -41.7699	  173.4955
3.873	 2.84	 1	 -42.8899	  175.2146
3.883	 2.16	 1	 -41.7860	  171.7303
3.884	 2.06	 1	 -43.9602	  172.8724
3.885	 2.50	 1	 -42.8326	  173.1213
3.898	 2.31	 1	 -42.8293	  172.5791
3.900	 2.03	 1	 -43.5238	  174.5652
3.913	 2.99	 2	 -42.9957	  172.1982
3.928	 2.56	 1	 -46.1355	  169.0870
3.936	 2.16	 1	 -40.8913	  171.0881
3.953	 2.15	 1	 -43.7728	  173.1138
3.974	 2.01	 1	 -38.6288	  175.6410
3.979	 2.41	 1	 -43.0854	  173.5833
3.981	 2.98	 1	 -43.7548	  173.2410
3.988	 2.25	 1	 -44.1841	  170.4467
3.998	 2.52	 1	 -42.2524	  172.5190
4.082	 3.14	 1	 -42.5450	  171.9052
4.108	 2.51	 1	 -42.2714	  172.3130
4.110	 3.18	 1	 -42.3572	  173.3327
4.113	 2.21	 1	 -41.3767	  174.7972
4.116	 2.01	 1	 -43.5583	  174.0634
4.119	 2.27	 1	 -43.9623	  172.6165
4.125	 2.23	 1	 -41.1344	  172.8001
4.129	 2.08	 1	 -43.5373	  172.8402
4.146	 2.94	 1	 -42.6100	  172.3445
4.176	 2.46	 1	 -42.6500	  172.9022
4.191	 2.18	 1	 -42.4374	  173.6181
4.218	 2.61	 1	 -42.8058	  172.5718
4.238	 2.54	 1	 -40.1575	  178.0750
4.258	 2.13	 1	 -41.3517	  169.4231
4.276	 2.78	 1	 -42.5067	  172.7629
4.305	 4.03	 1	 -40.5663	  174.1378
4.356	 2.03	 1	 -42.4271	  172.9721
4.379	 3.23	 1	 -40.6057	  176.6491
4.388	 2.04	 1	 -44.9755	  171.5618
4.388	 2.43	 1	 -42.9309	  174.2625
4.399	 3.01	 1	 -42.6547	  173.4111
4.402	 2.63	 1	 -42.6405	  172.8816
4.441	 2.25	 1	 -42.1017	  170.3305
4.449	 2.60	 1	 -43.5859	  173.4489
4.467	 2.43	 1	 -45.6428	  177.6390
4.486	 2.48	 1	 -44.3766	  171.1944
4.520	 2.12	 1	 -43.0968	  172.7745
4.545	 2.51	 1	 -42.3743	  173.4225
4.572	 2.22	 1	 -43.1228	  173.9670
4.588	 2.78	 1	 -42.7360	  173.3479
4.603	 2.72	 1	 -43.6111	  172.8155
4.627	 3.41	 1	 -42.5210	  174.1063
4.627	 2.32	 1	 -44.1216	  167.2215
4.665	 2.66	 1	 -41.8547	  169.8480
4.680	 3.37	 1	 -43.1196	  172.1773
4.690	 3.56	 1	 -43.4153	  166.9839
4.694	 2.11	 1	 -43.3349	  170.9643
4.726	 2.05	 1	 -44.8476	  168.3314
4.747	 2.53	 1	 -40.3873	  167.7694
4.835	 2.42	 1	 -42.6010	  172.6521
4.868	 2.21	 1	 -43.1202	  173.9016
4.914	 2.33	 1	 -47.1883	  172.9017
4.915	 2.32	 1	 -47.1880	  173.1573
4.917	 2.85	 1	 -42.0517	  172.8546
4.950	 2.00	 1	 -43.7012	  173.1242
5.035	 2.08	 2	 -40.5688	  174.1328
5.035	 2.66	 1	 -42.4457	  172.5010
5.065	 2.98	 1	 -42.9149	  173.0474
5.101	 2.25	 1	 -42.6602	  173.6176
5.145	 2.33	 1	 -44.0149	  173.5145
5.160	 2.14	 1	 -42.7237	  173.2369
5.198	 2.38	 1	 -41.7469	  172.2027
5.206	 2.62	 1	 -44.7510	  176.4164
5.271	 2.00	 1	 -40.3202	  167.8250
5.293	 2.63	 1	 -41.8677	  171.1278
5.298	 2.65	 1	 -43.3430	  172.1472
5.305	 2.36	 1	 -42.2624	  173.1257
5.305	 2.96	 1	 -43.1018	  172.6961
5.308	 2.61	 1	 -40.5758	  172.8356
5.327	 2.23	 1	 -41.5360	  175.3216
5.337	 2.24	 1	 -43.5445	  173.2078
5.340	 2.12	 1	 -42.8484	  173.5867
5.346	 2.45	 1	 -42.8757	  172.0455
5.369	 2.59	 1	 -41.2555	  171.4007
5.375	 2.51	 1	 -42.2449	  173.0822
5.385	 2.33	 1	 -41.5024	  173.2010
5.425	 2.15	 1	 -42.6635	  172.1577
5.470	 2.39	 1	 -42.4524	  172.4589
5.504	 2.43	 1	 -42.7914	  171.7472
5.525	 2.08	 1	 -42.1467	  172.7451
5.548	 2.32	 1	 -42.7856	  172.0170
5.610	 2.43	 1	 -43.1939	  173.4877
5.678	 2.10	 1	 -40.7348	  171.0657
5.702	 2.41	 1	 -42.4357	  173.6914
5.739	 3.72	 1	 -43.9614	  174.4359
5.786	 2.12	 1	 -43.3121	  173.1674
5.805	 2.80	 1	 -39.8193	  173.0709
5.815	 2.34	 1	 -41.8885	  174.2243
5.821	 2.00	 1	 -42.3499	  175.7223
5.843	 2.61	 1	 -47.0756	  171.6558
5.847	 2.20	 1	 -40.6719	  167.5568
5.875	 2.06	 1	 -42.5326	  174.4818
5.893	 2.10	 1	 -43.1947	  172.9496
5.925	 3.49	 1	 -43.1177	  173.1090
5.939	 4.43	 1	 -42.7260	  173.1255
6.044	 2.19	 1	 -42.0201	  175.9230
6.101	 2.06	 1	 -43.6887	  172.5416
6.111	 2.19	 1	 -39.9465	  169.1909
6.152	 2.03	 1	 -43.6968	  172.7971
6.161	 2.17	 1	 -42.6555	  173.1805
6.188	 2.05	 1	 -42.5908	  173.2045
6.216	 2.55	 1	 -47.0993	  174.2391
6.255	 2.58	 1	 -42.7451	  172.7099
6.283	 2.14	 1	 -46.3371	  173.4160
6.285	 2.33	 1	 -44.8211	  175.6160
6.286	 2.31	 1	 -43.0530	  171.5120
6.332	 3.50	 1	 -44.5115	  172.0840
6.353	 2.84	 1	 -38.9291	  169.6739
6.356	 2.12	 1	 -41.6211	  172.5048
6.395	 2.30	 1	 -42.3759	  174.0566
6.416	 2.68	 1	 -41.9992	  173.8379
6.428	 2.49	 1	 -43.0165	  172.4829
6.435	 2.25	 1	 -42.1624	  174.6281
6.464	 2.61	 1	 -42.8526	  172.0626
6.506	 2.00	 1	 -42.2482	  174.8327
6.506	 2.14	 1	 -42.1512	  173.4049
6.584	 2.07	 1	 -43.8345	  174.6917
6.630	 2.69	 1	 -42.7943	  173.5551
6.653	 2.03	 1	 -44.2657	  174.1490
6.795	 2.17	 1	 -43.2635	  169.0322
6.862	 2.10	 1	 -40.9296	  172.9577
6.909	 2.26	 1	 -42.8493	  173.0219
6.912	 2.21	 1	 -42.4229	  170.5704
6.917	 2.27	 1	 -43.1675	  173.0762
6.924	 2.54	 1	 -40.2374	  170.2742
6.938	 2.08	 2	 -42.7953	  173.2005
6.997	 2.46	 1	 -41.8118	  173.4828
6.997	 2.95	 1	 -42.9135	  172.7182
7.039	 2.01	 1	 -43.9241	  178.9060
7.042	 2.18	 1	 -44.3073	  172.6481
7.143	 2.53	 1	 -43.0177	  169.7857
7.143	 2.29	 1	 -43.4405	  172.2970
7.145	 2.39	 1	 -43.8091	  177.1771
7.155	 2.63	 1	 -43.6648	  172.4865
7.182	 2.10	 1	 -42.5889	  172.7638
7.259	 2.17	 1	 -42.9829	  168.9804
7.266	 2.51	 1	 -43.5986	  172.6061
7.279	 2.62	 1	 -44.1060	  173.9360
7.289	 2.05	 1	 -42.5455	  173.3638
7.324	 2.47	 1	 -40.4125	  176.9054
7.354	 2.53	 1	 -42.1975	  172.6511
7.356	 2.23	 1	 -42.8512	  172.6870
7.379	 2.15	 1	 -42.8303	  173.6553
7.380	 4.37	 2	 -42.5642	  171.8482
7.421	 3.08	 1	 -42.8162	  172.3056
7.448	 2.08	 1	 -44.3849	  173.6490
7.512	 2.08	 2	 -42.6379	  172.8808
7.544	 2.03	 1	 -42.8008	  172.6693
7.612	 2.11	 1	 -39.6781	  172.2634
7.653	 2.17	 1	 -44.2611	  178.7557
7.685	 2.25	 1	 -42.6849	  173.7101
7.766	 3.05	 1	 -42.1731	  173.0618
7.795	 2.28	 1	 -43.3416	  177.0531
7.824	 2.20	 1	 -43.6706	  172.2873
7.849	 2.40	 1	 -38.8486	  176.1966
7.860	 2.10	 1	 -42.7833	  173.0913
7.910	 4.48	 1	 -42.5800	  173.6610
7.923	 2.26	 2	 -43.0512	  174.2355
7.981	 2.62	 1	 -42.5736	  176.9638
7.992	 2.96	 2	 -42.5748	  173.6440
8.000	 2.55	 1	 -42.1128	  172.7622
8.129	 2.48	 1	 -41.2573	  168.3428
8.159	 2.11	 1	 -42.4693	  173.2179
8.165	 2.20	 1	 -39.9817	  171.2234
8.225	 2.42	 1	 -44.5405	  172.6634
8.266	 2.02	 1	 -43.3806	  173.0350
8.287	 2.27	 1	 -44.5121	  178.6167
8.304	 2.14	 1	 -41.2342	  175.9799
8.371	 2.58	 1	 -43.2745	  170.6418
8.490	 2.12	 1	 -43.3529	  172.8255
8.587	 2.74	 1	 -43.3753	  172.6727
8.662	 2.44	 1	 -42.4124	  174.2949
8.717	 2.06	 1	 -41.7639	  172.7426
8.732	 2.18	 1	 -41.6696	  174.3052
8.754	 3.40	 1	 -40.8287	  172.3566
8.789	 2.68	 1	 -43.8298	  171.7509
8.816	 2.85	 1	 -42.3688	  172.1677
8.817	 2.09	 1	 -42.6062	  173.0473
8.975	 2.75	 1	 -45.6808	  168.4508
9.029	 2.53	 1	 -41.7052	  173.3308
9.057	 2.77	 1	 -43.1875	  173.6077
9.247	 2.51	 1	 -44.7976	  170.1745
9.357	 2.16	 1	 -44.1640	  173.7423
9.386	 2.31	 1	 -42.1572	  173.3692
9.413	 2.57	 1	 -41.3219	  167.1955
9.466	 2.73	 1	 -43.3840	  173.2254
9.508	 2.01	 1	 -47.1590	  172.3149
9.656	 2.04	 1	 -42.9618	  172.9768
9.729	 2.17	 1	 -42.0092	  173.4435
9.889	 2.68	 1	 -40.1873	  174.5465
9.949	 2.38	 2	 -41.7658	  173.4905
10.064	 2.30	 2	 -40.5958	  174.1313
10.119	 2.39	 1	 -42.1996	  172.9605
10.127	 2.02	 1	 -42.4007	  179.1270
10.199	 2.13	 1	 -39.3985	  174.6351
10.374	 2.64	 1	 -43.7550	  173.8435
10.396	 2.07	 1	 -42.6097	  171.6495
10.400	 2.00	 1	 -46.2898	  169.3515
10.412	 2.07	 1	 -38.7117	  173.0999
10.435	 2.34	 1	 -42.4560	  173.9498
10.460	 2.82	 1	 -42.3123	  171.7281
10.460	 2.20	 1	 -42.9161	  174.3220
10.481	 2.12	 1	 -42.5321	  173.2935
10.501	 2.98	 1	 -43.4710	  173.6543
10.539	 2.57	 1	 -42.9977	  174.5131
10.647	 2.19	 1	 -46.8956	  173.2180
10.657	 2.66	 1	 -43.1589	  172.1223
10.661	 2.69	 1	 -46.8434	  175.3745
10.674	 2.06	 1	 -42.4795	  173.8063
10.701	 2.06	 1	 -43.2498	  173.0900
10.703	 2.34	 1	 -42.6050	  173.2385
10.730	 2.72	 1	 -38.4438	  175.0253
10.740	 2.37	 1	 -43.5778	  174.1084
10.974	 2.09	 1	 -42.3303	  173.5265
11.075	 2.04	 2	 -43.8822	  178.9283
11.088	 2.42	 1	 -42.5211	  178.4640
11.259	 3.01	 1	 -38.9739	  176.4617
11.273	 2.06	 1	 -41.6040	  173.2172
11.278	 2.10	 1	 -42.6524	  172.2430
11.365	 2.04	 1	 -41.5593	  175.9841
11.416	 3.51	 1	 -38.2787	  171.8534
11.454	 2.03	 1	 -42.9095	  173.4261
11.524	 2.25	 1	 -38.3837	  174.7717
11.531	 2.97	 1	 -38.4088	  171.1620
11.551	 2.09	 1	 -46.0102	  174.1922
11.656	 2.36	 1	 -43.9680	  172.4149
11.750	 2.22	 1	 -40.6648	  169.4844
11.869	 2.12	 1	 -43.8128	  171.8281
11.941	 2.14	 1	 -46.0879	  169.5873
12.154	 2.03	 1	 -41.6065	  172.5247
12.179	 2.25	 1	 -43.6163	  171.9519
12.321	 2.26	 1	 -42.8225	  166.9069
12.405	 2.58	 1	 -44.5157	  171.7283
12.449	 2.17	 1	 -42.7632	  172.8253
12.491	 3.13	 1	 -42.6921	  173.5198
12.564	 2.04	 1	 -42.4516	  172.7162
12.683	 3.44	 1	 -42.1268	  173.6981
12.782	 2.06	 1	 -42.5011	  172.6004
12.805	 2.31	 1	 -41.6433	  172.3621
12.809	 2.00	 1	 -42.2502	  173.6803
12.930	 2.79	 1	 -41.6215	  172.7122
12.939	 2.10	 1	 -43.5664	  172.3312
12.951	 2.24	 1	 -41.7876	  173.5875
13.083	 2.12	 1	 -43.0564	  172.9323
13.136	 2.15	 1	 -42.6027	  179.1387
13.186	 2.11	 1	 -43.4052	  172.8181
13.197	 2.17	 1	 -42.8433	  175.7136
13.314	 2.08	 1	 -41.9559	  173.7492
13.335	 2.83	 1	 -41.7201	  178.9952
13.400	 3.25	 1	 -43.6574	  178.9974
13.471	 2.13	 1	 -42.3328	  171.6160
13.480	 2.37	 1	 -42.6248	  173.7756
13.539	 2.02	 1	 -41.8056	  170.8521
13.562	 2.41	 1	 -44.5987	  171.7340
13.572	 2.02	 1	 -42.0552	  166.9661
13.640	 2.78	 1	 -43.0475	  173.2978
13.770	 2.54	 1	 -42.8506	  166.9081
13.869	 2.18	 1	 -43.0790	  168.7792
14.026	 2.38	 1	 -43.5433	  173.0705
14.085	 2.46	 1	 -42.2909	  174.2624
14.108	 2.10	 1	 -42.9906	  173.5439
14.113	 2.05	 1	 -42.7432	  171.7884
14.199	 2.40	 1	 -46.5979	  169.9898
14.208	 2.52	 1	 -42.9039	  173.9418
14.357	 2.32	 1	 -44.7423	  172.8917
14.430	 2.99	 1	 -42.3845	  172.5682
