# Simulation 886
# RelativeTime(days) Magnitude Generation Latitude Longitude
Time Mag Gen Lat Lon
7.361	 3.98	 1	 -42.5091	  173.7976
7.391	 4.25	 2	 -42.4847	  173.8325
7.511	 4.12	 1	 -42.4019	  173.1510
7.681	 4.39	 1	 -42.5631	  173.3432
7.700	 3.97	 1	 -42.1884	  173.6248
7.776	 3.86	 1	 -41.7417	  172.6912
7.813	 3.86	 1	 -42.9370	  173.1364
8.070	 3.86	 1	 -41.6087	  174.3701
8.126	 3.93	 1	 -42.4292	  173.8073
8.141	 4.01	 1	 -41.7457	  174.3786
8.424	 4.03	 1	 -42.6103	  173.0405
8.894	 3.93	 1	 -42.1525	  173.5717
9.301	 3.89	 1	 -42.7522	  172.9045
9.367	 3.89	 1	 -41.7223	  174.1675
9.518	 4.25	 1	 -42.0625	  172.5962
9.622	 5.14	 1	 -42.4174	  173.1715
9.815	 4.22	 2	 -42.5011	  173.2703
9.816	 4.05	 1	 -42.3654	  173.0559
9.905	 4.06	 1	 -42.5668	  173.2028
10.164	 4.01	 1	 -42.6995	  172.9579
10.268	 4.59	 1	 -42.0870	  173.8767
10.472	 4.58	 2	 -42.6886	  172.9535
10.668	 3.88	 1	 -41.7831	  174.2895
10.894	 4.28	 1	 -41.9515	  174.0188
10.983	 4.53	 1	 -42.9986	  173.8109
11.134	 3.93	 3	 -42.6093	  173.0104
11.251	 3.99	 2	 -42.3901	  173.3532
11.338	 4.04	 1	 -41.7349	  174.3136
11.760	 3.91	 1	 -41.8063	  173.9700
11.794	 3.89	 1	 -42.1518	  175.4677
11.873	 3.84	 1	 -42.3128	  173.9919
11.887	 4.13	 1	 -42.3188	  173.9013
12.044	 4.08	 1	 -42.1994	  173.6671
12.062	 3.87	 1	 -42.8072	  172.1214
12.249	 4.15	 1	 -42.2363	  173.6524
12.589	 4.58	 1	 -41.7030	  174.1595
13.093	 4.58	 1	 -42.7924	  173.0126
13.806	 3.94	 1	 -41.6401	  175.0275
13.821	 4.02	 2	 -41.6441	  175.0081
