# Simulation 534
# RelativeTime(days) Magnitude Generation Latitude Longitude
Time Mag Gen Lat Lon
7.074	 4.14	 1	 -42.7993	  172.6612
7.082	 4.98	 1	 -41.7386	  174.2686
7.413	 3.85	 1	 -42.1104	  173.5357
7.472	 3.91	 1	 -42.6426	  173.1449
7.479	 4.10	 1	 -42.5488	  173.7506
7.651	 4.09	 1	 -42.4133	  173.1168
7.699	 4.50	 2	 -41.7403	  174.2524
7.734	 6.03	 1	 -42.3481	  172.9395
7.744	 3.95	 1	 -41.7048	  174.2062
7.801	 3.91	 1	 -42.1877	  173.6428
7.909	 4.11	 1	 -41.9599	  173.9566
8.031	 4.12	 1	 -42.6339	  173.2205
8.086	 4.06	 1	 -42.2190	  173.5312
8.155	 4.08	 2	 -42.4691	  173.1026
8.184	 3.94	 1	 -42.6563	  172.9025
8.240	 4.32	 1	 -42.3410	  173.6035
8.241	 4.60	 2	 -42.3592	  172.9262
8.264	 5.34	 2	 -42.6533	  173.0439
8.314	 3.93	 1	 -41.9964	  173.6037
8.342	 4.31	 3	 -42.4132	  172.8814
8.410	 3.83	 1	 -42.5354	  173.7482
8.437	 4.33	 1	 -38.3428	  174.5730
8.664	 4.61	 1	 -41.6876	  174.2329
8.795	 4.07	 1	 -43.7045	  170.8642
8.885	 3.84	 1	 -41.8770	  174.1209
9.111	 3.92	 3	 -42.6488	  173.0791
9.390	 4.49	 1	 -41.7293	  174.1312
9.418	 4.04	 3	 -42.7586	  172.9275
9.489	 3.83	 1	 -41.6223	  174.3604
9.643	 4.09	 2	 -42.2740	  172.8245
9.947	 4.06	 1	 -42.2027	  173.6135
10.087	 4.47	 1	 -42.2734	  173.7257
10.091	 3.82	 2	 -42.2051	  173.6088
10.186	 4.70	 1	 -42.3602	  173.6436
10.309	 4.19	 2	 -42.2717	  173.7475
10.450	 4.09	 1	 -41.7926	  173.9895
10.486	 3.82	 1	 -42.4217	  173.9856
10.522	 4.32	 1	 -41.7807	  174.2452
10.563	 3.95	 2	 -42.3400	  173.6129
10.581	 4.29	 1	 -42.3657	  173.3045
10.750	 4.46	 1	 -42.2902	  173.6697
10.835	 3.89	 1	 -42.4865	  172.9143
11.019	 3.97	 1	 -41.8162	  174.1759
11.683	 4.11	 1	 -42.7207	  172.8584
11.786	 3.86	 1	 -42.3957	  173.6361
11.873	 4.18	 2	 -42.3532	  173.6324
12.073	 3.96	 1	 -42.0431	  173.6924
12.341	 4.68	 1	 -42.1023	  173.7110
12.498	 5.72	 2	 -42.2184	  173.9338
12.514	 4.05	 3	 -42.2773	  173.9336
12.547	 4.15	 4	 -42.5080	  173.0135
12.661	 4.68	 1	 -41.8847	  172.6819
12.684	 4.13	 1	 -42.5406	  173.0672
13.092	 5.11	 1	 -41.7215	  174.4374
13.224	 4.25	 1	 -42.1604	  173.6042
13.443	 4.05	 2	 -41.7973	  174.4496
13.718	 4.24	 1	 -41.4199	  173.6042
13.985	 4.47	 3	 -42.3589	  173.5282
