# Simulation 405
# RelativeTime(days) Magnitude Generation Latitude Longitude
Time Mag Gen Lat Lon
7.004	 4.53	 1	 -42.4823	  173.4245
7.065	 4.18	 1	 -42.3702	  173.5731
7.179	 5.85	 1	 -41.9874	  174.0838
7.194	 5.12	 2	 -41.5771	  174.6766
7.212	 3.87	 2	 -41.9622	  174.0135
7.254	 4.71	 1	 -41.7819	  174.3507
7.381	 4.15	 1	 -41.6628	  174.2090
7.395	 3.99	 1	 -42.7224	  173.2936
7.397	 5.97	 2	 -41.9593	  174.1412
7.410	 4.13	 3	 -41.9485	  174.1144
7.423	 3.88	 2	 -41.8282	  173.8648
7.523	 4.74	 3	 -41.5415	  174.7081
7.537	 4.74	 1	 -42.3299	  173.9812
7.543	 4.22	 1	 -42.4321	  173.8474
7.562	 4.94	 2	 -42.3311	  173.9630
7.648	 5.29	 3	 -42.0180	  174.0794
7.682	 4.51	 1	 -42.3743	  173.3915
7.879	 4.23	 2	 -41.9533	  174.1100
7.961	 4.85	 1	 -41.7306	  174.3192
7.978	 4.42	 1	 -42.9635	  173.4595
7.980	 4.13	 1	 -41.8075	  173.4813
8.009	 3.89	 2	 -41.7250	  174.3111
8.134	 3.95	 1	 -42.9972	  172.7233
8.155	 3.88	 2	 -42.3376	  173.9537
8.163	 4.58	 2	 -41.9599	  174.0806
8.324	 4.89	 2	 -41.9659	  174.1311
8.325	 4.07	 3	 -41.9444	  174.1088
8.369	 4.26	 2	 -40.9370	  175.7562
8.509	 4.17	 1	 -42.9146	  173.1691
8.695	 3.86	 2	 -41.9696	  174.1259
8.769	 3.87	 1	 -42.5561	  173.1214
8.906	 4.06	 1	 -43.7042	  173.8388
8.958	 4.46	 1	 -41.3723	  173.9418
8.960	 3.82	 1	 -42.4841	  173.1906
9.017	 3.95	 1	 -41.9984	  173.6365
9.043	 3.94	 1	 -42.5246	  173.0526
9.426	 4.30	 1	 -44.4114	  174.1678
9.632	 4.10	 1	 -42.4787	  173.1636
9.635	 3.99	 1	 -41.9427	  173.5329
9.684	 3.97	 1	 -42.8654	  171.7251
9.809	 3.86	 1	 -42.7573	  173.5289
10.426	 4.49	 1	 -42.0494	  173.8430
10.429	 4.50	 2	 -42.0095	  174.1294
10.537	 3.86	 3	 -42.0109	  174.1524
10.728	 4.17	 2	 -40.6358	  176.2052
10.786	 5.06	 1	 -43.1346	  173.2688
10.968	 4.04	 1	 -42.3247	  173.1478
11.005	 3.91	 1	 -42.5153	  173.1460
11.220	 4.00	 3	 -42.0612	  174.0643
11.357	 3.87	 1	 -42.4324	  173.1979
11.826	 4.23	 3	 -41.9950	  174.1231
11.923	 3.89	 1	 -41.5171	  174.4356
12.043	 3.96	 1	 -41.7225	  174.2574
12.587	 4.02	 3	 -42.2886	  174.0966
12.695	 5.15	 1	 -41.8295	  174.0532
12.705	 4.12	 1	 -42.2766	  173.5068
13.301	 4.81	 2	 -42.0492	  174.0506
13.310	 3.84	 3	 -42.1057	  174.0255
13.430	 4.02	 1	 -41.8241	  174.2125
13.715	 3.83	 1	 -41.9895	  174.1371
13.986	 4.46	 1	 -41.4595	  171.2219
