# Simulation 193
# RelativeTime(days) Magnitude Generation Latitude Longitude
Time Mag Gen Lat Lon
7.061	 3.97	 1	 -41.6943	  174.4066
7.156	 3.86	 1	 -42.5093	  173.0678
7.160	 4.13	 1	 -42.5198	  173.0718
7.351	 4.50	 1	 -42.0158	  175.4684
7.382	 4.39	 1	 -42.5284	  173.1403
7.464	 4.99	 1	 -41.8338	  174.2727
7.895	 3.88	 2	 -41.8241	  174.2432
8.091	 3.92	 1	 -42.4751	  173.6557
8.137	 4.43	 1	 -42.3843	  172.9901
8.233	 4.32	 2	 -42.3741	  172.9536
8.270	 4.04	 3	 -42.3217	  173.0066
8.477	 4.74	 1	 -41.6598	  174.2730
8.585	 4.23	 1	 -41.9616	  173.7323
8.619	 3.83	 1	 -42.6521	  173.1038
8.847	 4.12	 1	 -42.6971	  172.9257
8.885	 3.95	 1	 -41.6883	  171.9456
9.077	 3.83	 2	 -42.5433	  173.1576
9.288	 5.21	 1	 -42.2689	  173.7850
9.321	 3.91	 2	 -42.2797	  173.7940
9.361	 4.84	 1	 -42.3558	  173.8634
9.624	 4.03	 1	 -42.3903	  173.1946
9.637	 4.04	 1	 -42.3214	  173.7238
9.802	 4.02	 1	 -41.7293	  174.4050
10.002	 3.83	 1	 -42.5264	  173.5405
10.048	 3.94	 1	 -41.7305	  174.2761
10.105	 3.84	 1	 -42.3283	  173.7057
10.131	 4.52	 1	 -41.9531	  174.1581
10.185	 4.40	 1	 -42.1837	  173.6851
10.385	 4.71	 1	 -42.5358	  173.9183
10.960	 4.20	 1	 -42.4594	  173.0961
11.055	 3.92	 1	 -41.7549	  174.2145
11.204	 4.29	 1	 -42.2738	  173.9771
11.300	 4.04	 1	 -42.3658	  174.1509
11.409	 4.86	 1	 -41.9390	  173.7145
11.563	 4.56	 1	 -42.4160	  174.0173
11.644	 3.99	 1	 -42.4780	  173.6235
11.748	 4.21	 1	 -42.2573	  172.6164
11.749	 4.01	 2	 -41.9554	  173.6971
11.756	 3.97	 1	 -41.6225	  174.3831
11.936	 3.90	 1	 -42.8927	  173.2020
11.979	 4.92	 1	 -41.7019	  174.2097
11.995	 5.11	 1	 -42.7163	  173.0505
12.029	 3.82	 2	 -41.6646	  171.9642
12.092	 3.97	 2	 -42.7232	  173.3396
12.153	 4.17	 1	 -41.7960	  174.1733
12.382	 5.33	 1	 -42.7945	  173.1841
12.402	 3.88	 2	 -42.8175	  173.1232
12.448	 4.12	 1	 -42.7309	  173.1000
12.499	 4.14	 1	 -41.8158	  174.2513
12.618	 4.44	 2	 -42.2744	  173.8144
12.718	 3.92	 1	 -42.4085	  175.2381
12.738	 4.29	 1	 -42.2835	  173.8985
12.793	 4.19	 1	 -41.6956	  174.2598
13.273	 4.36	 2	 -41.7452	  174.1943
13.452	 4.38	 1	 -45.3055	  174.7423
13.485	 4.06	 2	 -42.9473	  173.3146
13.507	 3.84	 1	 -42.6745	  173.1342
13.825	 3.88	 2	 -42.6514	  173.1528
13.838	 4.10	 1	 -42.7007	  173.2084
