# Simulation 311
# RelativeTime(days) Magnitude Generation Latitude Longitude
Time Mag Gen Lat Lon
7.029	 3.91	 1	 -42.7184	  173.1685
7.183	 4.08	 1	 -41.8800	  173.9096
7.273	 4.16	 1	 -42.3705	  173.7598
7.274	 4.17	 1	 -42.6683	  172.7702
7.285	 4.91	 1	 -42.4896	  173.0287
7.316	 3.99	 1	 -42.2568	  173.3676
7.357	 4.23	 1	 -41.7837	  174.2487
7.512	 4.51	 1	 -42.1297	  174.6106
7.523	 3.83	 1	 -42.0414	  173.5860
7.765	 3.98	 1	 -42.0233	  174.0621
8.026	 6.38	 1	 -42.1913	  173.8620
8.030	 4.10	 2	 -42.1884	  174.1546
8.046	 4.32	 2	 -42.1493	  173.8945
8.130	 3.87	 2	 -42.2150	  173.8883
8.136	 4.76	 2	 -42.1964	  173.9050
8.166	 5.27	 2	 -42.5169	  174.2674
8.186	 4.90	 3	 -42.5151	  174.2565
8.202	 4.06	 2	 -42.2892	  174.0255
8.250	 4.02	 3	 -42.6386	  174.1478
8.261	 4.32	 1	 -42.4954	  173.1788
8.362	 3.94	 2	 -42.1424	  173.8424
8.403	 3.92	 2	 -42.1686	  173.8428
8.459	 4.90	 2	 -42.1597	  173.9623
8.477	 5.16	 3	 -42.2115	  173.8983
8.581	 4.44	 2	 -42.1723	  173.8885
8.582	 3.83	 2	 -42.2835	  173.8802
8.611	 3.85	 1	 -42.3699	  173.8811
8.614	 4.06	 2	 -42.1432	  173.8575
8.647	 4.10	 1	 -42.6584	  172.8815
8.893	 4.12	 1	 -41.7868	  174.2769
8.910	 4.87	 2	 -42.3069	  174.0413
8.988	 4.04	 3	 -42.5260	  174.2435
9.207	 3.99	 1	 -41.7476	  174.3672
9.265	 4.07	 1	 -42.2829	  173.7739
9.278	 4.01	 1	 -41.7240	  174.2278
9.350	 4.00	 1	 -41.9790	  173.9874
9.456	 4.23	 1	 -42.7332	  173.2172
9.551	 4.28	 2	 -42.3863	  172.9913
9.587	 4.36	 1	 -42.5333	  172.6521
9.653	 4.29	 1	 -42.5278	  173.2299
9.763	 3.96	 1	 -42.0570	  173.5221
9.787	 4.73	 1	 -41.7894	  174.2269
9.854	 4.27	 1	 -42.7813	  173.0000
10.045	 5.31	 2	 -42.1542	  173.8559
10.060	 5.15	 1	 -42.8577	  173.0320
10.062	 3.87	 2	 -42.7657	  173.3396
10.134	 3.97	 2	 -41.7647	  174.1459
10.140	 4.11	 3	 -42.1407	  173.8762
10.391	 4.96	 1	 -41.7290	  174.2668
10.433	 3.97	 1	 -40.7231	  171.6489
10.495	 5.04	 1	 -42.4404	  173.0140
10.572	 5.10	 1	 -41.7368	  172.9828
10.649	 4.44	 2	 -40.7263	  171.6581
10.776	 3.99	 1	 -41.8028	  174.1538
10.879	 3.84	 3	 -41.9846	  174.2559
10.890	 4.33	 2	 -41.7576	  172.9734
10.891	 4.07	 1	 -41.6977	  174.2649
10.932	 4.33	 1	 -42.7216	  173.2103
10.972	 4.39	 2	 -41.7476	  174.1528
10.982	 4.29	 2	 -42.8821	  176.7663
10.983	 3.99	 2	 -42.4753	  173.0264
11.013	 3.85	 1	 -42.8219	  173.1516
11.036	 4.23	 3	 -42.9534	  176.7059
11.182	 4.14	 2	 -41.7510	  172.9698
11.380	 3.87	 1	 -42.3875	  173.0666
11.390	 3.83	 1	 -42.2670	  173.6876
11.429	 5.20	 1	 -42.5106	  173.1492
11.452	 3.85	 2	 -42.5011	  173.1567
11.475	 4.04	 1	 -42.9216	  172.7952
11.587	 4.19	 2	 -42.5251	  173.1936
11.854	 4.06	 1	 -42.3565	  173.7623
11.964	 3.94	 3	 -42.2899	  174.0080
12.045	 4.60	 1	 -42.9369	  173.2437
12.057	 4.01	 1	 -42.3819	  173.2562
12.123	 4.29	 1	 -42.5516	  173.0405
12.127	 4.63	 2	 -41.5032	  171.0455
12.227	 4.46	 1	 -42.3066	  173.4113
12.242	 4.45	 1	 -42.6541	  173.9660
12.502	 3.95	 1	 -42.4887	  173.8361
13.145	 4.00	 2	 -41.9913	  173.7930
13.210	 4.01	 3	 -42.1901	  173.9067
13.220	 4.62	 1	 -41.7554	  173.8900
13.340	 3.96	 1	 -42.4618	  173.9782
13.438	 3.91	 1	 -41.7273	  173.7755
13.669	 4.66	 1	 -42.4147	  173.8968
