# Simulation 940
# RelativeTime(days) Magnitude Generation Latitude Longitude
Time Mag Gen Lat Lon
7.081	 4.10	 1	 -42.5679	  173.0384
7.147	 3.85	 1	 -42.7031	  173.6976
7.392	 4.00	 1	 -42.3174	  173.8002
7.418	 4.14	 1	 -42.5301	  173.0223
7.726	 4.13	 1	 -42.5390	  173.9017
7.744	 4.01	 1	 -41.9555	  174.4159
7.749	 4.06	 1	 -41.2798	  174.0625
7.882	 4.04	 1	 -42.5589	  173.2702
8.006	 4.32	 1	 -42.5135	  173.3662
8.007	 3.91	 1	 -41.6149	  173.9341
8.189	 3.86	 1	 -41.7451	  174.2321
8.198	 4.81	 1	 -41.9168	  174.1800
8.391	 5.28	 1	 -41.8287	  174.3297
8.422	 4.50	 1	 -42.6105	  172.8940
8.512	 4.26	 1	 -42.2059	  173.6218
8.669	 4.59	 1	 -42.6064	  172.9903
8.703	 4.32	 1	 -42.5696	  173.2394
8.718	 3.94	 1	 -42.6010	  172.9647
8.809	 4.30	 1	 -41.7629	  174.2354
8.872	 3.98	 1	 -42.4343	  173.3259
9.275	 4.25	 1	 -42.5424	  173.1363
9.650	 4.31	 1	 -42.4983	  173.0959
9.688	 4.39	 1	 -42.1004	  173.8290
9.783	 3.92	 1	 -42.6527	  172.6183
9.800	 5.04	 1	 -42.5926	  173.3518
9.812	 4.76	 1	 -41.8900	  174.0140
10.055	 4.12	 1	 -41.8220	  174.0196
10.177	 4.22	 1	 -42.2544	  173.8378
10.504	 4.63	 1	 -42.7383	  173.4494
10.727	 4.41	 1	 -42.3540	  173.4559
10.985	 4.30	 1	 -41.6231	  174.3787
11.094	 4.73	 1	 -42.6935	  172.9932
11.102	 3.84	 1	 -42.7053	  171.7508
11.532	 4.26	 1	 -38.4255	  171.0922
11.793	 4.05	 1	 -42.2393	  173.5610
11.874	 4.15	 1	 -41.9633	  174.0164
12.070	 4.35	 1	 -42.2791	  173.6746
12.161	 3.94	 1	 -41.7863	  174.2973
12.228	 5.19	 1	 -42.0903	  173.6261
12.407	 3.85	 1	 -42.3538	  173.7724
12.542	 4.02	 1	 -42.5609	  173.0844
12.606	 3.91	 1	 -41.7367	  174.2382
12.940	 4.48	 1	 -42.3087	  173.5791
13.290	 3.91	 1	 -41.7290	  174.1673
13.493	 4.56	 1	 -42.2842	  172.7641
13.756	 4.20	 1	 -42.6626	  173.0281
13.897	 3.91	 1	 -42.3353	  173.4696
13.961	 3.97	 1	 -41.9542	  173.8085
