# Simulation 119
# RelativeTime(days) Magnitude Generation Latitude Longitude
Time Mag Gen Lat Lon
7.028	 3.89	 1	 -42.0016	  173.7806
7.466	 4.08	 1	 -41.7464	  174.3275
7.512	 4.35	 1	 -42.3209	  173.9286
7.645	 4.35	 1	 -41.7978	  174.5644
7.790	 4.11	 1	 -42.9723	  172.9817
7.810	 4.49	 1	 -41.5825	  174.3355
7.927	 4.36	 1	 -42.4894	  173.0511
7.965	 3.90	 1	 -42.4563	  173.7720
8.141	 4.78	 1	 -41.6905	  174.2138
8.343	 4.00	 1	 -42.8199	  173.5198
8.412	 4.31	 1	 -42.1987	  173.7479
8.779	 4.23	 1	 -41.9508	  174.5150
8.996	 4.32	 1	 -41.9116	  172.5095
8.999	 3.85	 1	 -42.4691	  173.0454
9.148	 4.40	 1	 -42.3728	  173.4563
9.211	 3.89	 2	 -41.9297	  174.5191
9.358	 4.00	 1	 -42.3480	  174.0308
9.472	 3.83	 1	 -42.7174	  172.4577
9.543	 4.27	 1	 -42.1988	  173.1423
9.767	 4.20	 1	 -41.5982	  174.1624
9.978	 4.14	 1	 -42.6066	  172.8768
10.131	 4.09	 1	 -42.2339	  173.7006
10.177	 4.75	 1	 -42.6585	  172.8768
11.158	 4.43	 1	 -41.8979	  174.1956
11.169	 3.82	 1	 -42.6887	  173.1684
11.224	 4.81	 1	 -42.7154	  173.1884
11.244	 4.57	 1	 -42.7592	  172.6844
11.264	 4.56	 1	 -42.0000	  173.9587
11.280	 3.82	 1	 -41.6260	  174.3622
11.299	 4.18	 1	 -42.5306	  173.7886
11.303	 4.18	 1	 -41.8648	  174.2712
11.551	 3.93	 1	 -42.6802	  172.8922
11.942	 4.13	 2	 -41.8656	  174.1611
12.061	 4.72	 1	 -41.6360	  174.2012
12.530	 5.01	 1	 -41.7757	  174.2455
12.547	 5.21	 1	 -41.6536	  174.1934
12.559	 3.93	 1	 -42.6864	  173.0734
12.674	 4.00	 1	 -42.3412	  173.1579
12.680	 4.23	 1	 -42.2118	  173.1185
12.788	 3.86	 1	 -42.3624	  174.0328
12.844	 6.20	 1	 -41.6390	  174.5246
12.853	 4.72	 2	 -41.6640	  174.7782
12.870	 3.95	 2	 -41.4282	  174.6514
12.871	 4.75	 2	 -41.7291	  174.6554
12.913	 3.82	 2	 -41.6011	  174.5318
12.929	 4.25	 2	 -41.7268	  174.5426
12.941	 4.14	 2	 -44.3180	  179.3569
12.948	 6.41	 2	 -41.6834	  174.6299
12.951	 3.91	 3	 -41.7034	  174.6965
13.013	 3.84	 3	 -41.3490	  174.0521
13.021	 4.51	 3	 -41.6541	  174.5354
13.049	 3.86	 3	 -41.6700	  174.5628
13.057	 4.06	 2	 -41.2298	  174.7076
13.079	 4.00	 3	 -41.2722	  174.8159
13.083	 3.93	 3	 -41.4005	  174.2843
13.096	 4.62	 1	 -42.4663	  173.9776
13.097	 3.93	 3	 -41.6777	  174.9611
13.109	 4.34	 3	 -41.2545	  174.4142
13.193	 3.95	 3	 -41.5698	  174.6141
13.229	 4.14	 2	 -41.6044	  174.7366
13.257	 4.00	 2	 -41.4377	  174.5152
13.396	 4.01	 3	 -41.6858	  174.5741
13.401	 3.95	 2	 -41.5757	  174.4370
13.410	 4.41	 3	 -41.6082	  174.8616
13.463	 4.33	 2	 -42.0338	  176.2108
13.472	 4.15	 2	 -41.6882	  174.4962
13.505	 4.25	 3	 -41.4840	  174.8601
13.513	 4.06	 3	 -41.8509	  174.6370
13.548	 3.96	 2	 -41.6273	  174.6986
13.623	 4.92	 1	 -42.2953	  173.5618
13.632	 4.09	 4	 -41.6617	  174.6720
13.641	 3.97	 3	 -41.9594	  173.9580
13.648	 5.85	 4	 -42.2631	  176.9095
13.655	 3.93	 1	 -42.1738	  173.4876
13.667	 4.51	 5	 -42.2654	  176.6226
13.690	 4.83	 5	 -42.2725	  176.8300
13.743	 4.25	 4	 -41.6755	  174.9498
13.758	 4.17	 6	 -42.5615	  176.6867
13.810	 3.87	 2	 -42.7652	  175.3414
13.811	 5.02	 3	 -41.6955	  174.7099
13.839	 4.04	 3	 -41.6838	  174.5781
13.840	 4.75	 3	 -41.6176	  174.2834
13.904	 3.86	 4	 -41.6244	  174.2752
