# Simulation 384
# RelativeTime(days) Magnitude Generation Latitude Longitude
Time Mag Gen Lat Lon
7.004	 2.64	 1	 -42.5694	  173.5210
7.014	 2.20	 1	 -43.6201	  168.9694
7.024	 2.05	 1	 -40.4742	  178.3437
7.033	 2.15	 1	 -42.4261	  172.6747
7.041	 2.41	 1	 -43.7513	  167.0763
7.043	 2.07	 1	 -41.2805	  178.8305
7.045	 2.09	 1	 -42.1723	  173.3775
7.048	 2.04	 1	 -41.8899	  171.9685
7.049	 2.36	 1	 -42.2471	  170.3716
7.052	 3.54	 1	 -41.2370	  177.3416
7.061	 3.40	 1	 -44.4046	  172.9877
7.070	 2.77	 1	 -46.9217	  170.9439
7.072	 2.27	 1	 -45.4911	  171.4163
7.072	 2.19	 1	 -42.3965	  172.8649
7.078	 2.01	 1	 -39.9398	  168.1847
7.079	 3.14	 1	 -42.1575	  170.8916
7.087	 2.86	 1	 -39.3576	  173.2010
7.094	 2.85	 1	 -39.2401	  169.1024
7.104	 3.06	 1	 -46.6950	  175.8104
7.114	 3.21	 1	 -46.5302	  169.8338
7.123	 2.06	 1	 -42.3435	  174.0959
7.127	 2.41	 1	 -39.7743	  177.6765
7.127	 2.38	 1	 -41.8547	  173.1888
7.144	 2.99	 1	 -44.4453	  172.4101
7.152	 4.06	 1	 -42.9325	  174.5067
7.166	 2.10	 1	 -41.7603	  174.1359
7.169	 2.00	 1	 -41.4500	  168.4481
7.189	 2.77	 1	 -46.8688	  170.7545
7.191	 2.04	 1	 -41.6843	  174.2633
7.195	 2.91	 1	 -41.1087	  171.0414
7.204	 2.63	 1	 -45.4434	  173.8480
7.205	 2.06	 1	 -41.9454	  173.7249
7.206	 2.16	 1	 -40.1443	  167.9815
7.208	 2.05	 1	 -43.4721	  174.4879
7.209	 2.36	 1	 -47.0622	  171.5787
7.210	 3.12	 1	 -43.4804	  179.0453
7.214	 2.30	 1	 -47.0105	  171.3148
7.217	 2.04	 1	 -43.4207	  179.0592
7.217	 2.42	 1	 -38.2157	  172.4494
7.221	 2.14	 1	 -41.7299	  174.2614
7.223	 2.11	 1	 -40.2221	  167.9104
7.237	 2.26	 1	 -42.7039	  175.2366
7.238	 2.24	 1	 -44.0270	  167.1799
7.244	 2.32	 1	 -43.7882	  175.9695
7.251	 2.43	 1	 -43.3643	  166.9730
7.253	 2.85	 1	 -41.1385	  173.3075
7.256	 3.38	 1	 -43.0636	  172.7544
7.257	 2.38	 1	 -44.3917	  170.8349
7.259	 2.17	 1	 -47.1788	  173.4374
7.276	 2.12	 1	 -41.8512	  174.1846
7.286	 2.26	 1	 -40.4623	  171.9085
7.291	 2.71	 2	 -41.0667	  171.0944
7.297	 2.17	 1	 -43.7320	  167.0700
7.298	 2.23	 1	 -42.6086	  172.9064
7.310	 2.03	 1	 -40.5996	  167.6074
7.316	 2.28	 1	 -43.2338	  173.5840
7.325	 2.01	 1	 -40.1722	  178.0886
7.327	 2.25	 1	 -41.0580	  169.7046
7.328	 2.05	 1	 -41.5240	  174.3239
7.329	 3.87	 1	 -43.0027	  171.3164
7.330	 2.07	 1	 -46.3325	  171.6447
7.351	 2.17	 1	 -41.0101	  171.7115
7.362	 2.07	 1	 -42.4325	  170.8286
7.391	 2.20	 1	 -46.9222	  175.0988
7.392	 2.25	 1	 -44.0441	  172.6256
7.403	 2.55	 1	 -44.6435	  174.2197
7.413	 2.07	 1	 -38.3286	  174.4973
7.414	 2.53	 1	 -42.0346	  168.7853
7.415	 2.00	 1	 -42.4060	  171.1171
7.418	 2.61	 1	 -41.6757	  172.7756
7.421	 2.22	 1	 -43.6062	  174.6774
7.422	 2.96	 1	 -41.2650	  178.8235
7.430	 3.43	 1	 -41.7866	  176.8321
7.446	 2.04	 1	 -45.3940	  175.6044
7.452	 2.48	 1	 -41.8984	  173.2312
7.453	 2.08	 1	 -38.9348	  169.6622
7.454	 2.38	 1	 -42.4396	  173.7709
7.455	 2.05	 1	 -44.0790	  173.3524
7.456	 2.07	 1	 -44.7934	  174.4067
7.473	 3.77	 1	 -45.1753	  178.1229
7.481	 2.32	 1	 -42.1717	  170.9757
7.481	 2.80	 2	 -42.1691	  170.9757
7.506	 2.27	 1	 -42.6102	  173.0175
7.517	 3.13	 1	 -42.7025	  179.1399
7.530	 2.20	 1	 -42.4775	  173.4982
7.532	 2.02	 1	 -39.6415	  177.5162
7.540	 2.22	 1	 -42.6989	  169.6424
7.542	 2.04	 1	 -42.2364	  173.5114
7.549	 2.40	 1	 -47.1888	  173.0965
7.551	 2.02	 1	 -43.3146	  173.0721
7.562	 2.40	 1	 -45.6310	  174.3607
7.565	 2.85	 1	 -41.9434	  171.5600
7.574	 2.14	 1	 -43.2818	  173.4256
7.579	 2.55	 1	 -38.3091	  174.3859
7.583	 2.51	 1	 -42.9001	  175.1061
7.589	 2.36	 1	 -42.2766	  171.7776
7.598	 2.02	 1	 -41.9831	  179.0633
7.598	 2.26	 1	 -47.0094	  171.3098
7.601	 2.39	 1	 -41.5645	  174.2078
7.608	 3.42	 1	 -41.5095	  167.2268
7.609	 2.11	 1	 -39.6180	  175.9068
7.625	 2.19	 1	 -43.0689	  173.5407
7.627	 2.21	 1	 -43.9103	  177.5533
7.633	 2.90	 1	 -41.9897	  173.5994
7.640	 3.43	 1	 -46.2580	  173.1638
7.640	 2.07	 1	 -44.8390	  167.6463
7.640	 2.54	 1	 -43.4098	  171.1247
7.645	 2.37	 1	 -42.4269	  179.1293
7.646	 2.17	 1	 -43.2202	  174.1805
7.651	 2.57	 1	 -39.2224	  176.9128
7.651	 2.06	 1	 -45.9552	  173.1482
7.657	 3.47	 1	 -42.3191	  173.9586
7.659	 2.36	 1	 -45.2972	  178.0090
7.671	 2.77	 1	 -46.8273	  170.6176
7.677	 2.17	 1	 -43.8374	  173.3803
7.686	 2.78	 1	 -41.8704	  174.5301
7.697	 2.02	 1	 -43.7371	  178.9726
7.697	 2.80	 1	 -43.0805	  174.7946
7.700	 2.01	 1	 -42.2724	  173.6674
7.707	 2.53	 1	 -38.2031	  173.3665
7.711	 2.00	 1	 -42.9902	  173.6585
7.712	 2.15	 1	 -42.4871	  175.0131
7.713	 2.07	 1	 -43.5712	  171.6140
7.714	 2.23	 1	 -41.7913	  174.2533
7.716	 2.04	 1	 -42.4099	  173.5097
7.730	 2.04	 1	 -40.7863	  173.7281
7.734	 2.58	 1	 -45.3469	  174.3465
7.749	 2.53	 1	 -42.3593	  169.8239
7.750	 2.39	 1	 -41.8016	  174.0763
7.753	 3.13	 1	 -42.2438	  173.9313
7.757	 2.19	 1	 -42.7689	  176.4104
7.763	 2.25	 1	 -43.2794	  174.1602
7.765	 2.22	 1	 -46.5810	  169.9497
7.765	 2.59	 1	 -46.0987	  177.0161
7.766	 2.63	 1	 -42.6137	  166.9053
7.769	 2.05	 1	 -40.0382	  172.8986
7.779	 2.01	 1	 -46.1724	  169.1476
7.787	 2.30	 1	 -41.2279	  175.1472
7.788	 2.48	 1	 -43.3220	  171.0911
7.788	 2.30	 1	 -43.3904	  179.0658
7.789	 3.09	 1	 -43.1810	  174.7057
7.794	 2.19	 1	 -43.2944	  172.1705
7.795	 2.12	 1	 -43.2525	  174.9907
7.805	 2.08	 1	 -40.6325	  178.4602
7.814	 2.63	 1	 -43.3732	  178.1424
7.821	 2.43	 1	 -38.5664	  175.4539
7.827	 2.01	 1	 -42.5635	  174.6286
7.827	 2.83	 1	 -38.2146	  173.5789
7.828	 2.27	 1	 -41.7524	  175.4401
7.828	 2.06	 1	 -42.4730	  173.6232
7.832	 2.14	 1	 -41.4863	  175.1575
7.839	 2.02	 1	 -41.9663	  173.9833
7.848	 2.12	 1	 -42.9293	  170.8716
7.863	 2.18	 1	 -40.6219	  167.5916
7.870	 2.42	 1	 -43.2252	  173.5165
7.872	 2.72	 1	 -42.8881	  173.4622
7.872	 2.44	 1	 -45.6820	  177.4789
7.888	 2.14	 1	 -43.9254	  177.6449
7.890	 2.10	 1	 -41.4674	  173.2155
7.897	 2.59	 1	 -40.1444	  171.8943
7.900	 2.04	 1	 -47.1843	  173.3048
7.901	 2.85	 1	 -43.2499	  170.1709
7.902	 2.82	 1	 -42.3803	  174.1112
7.905	 2.69	 1	 -38.6069	  175.5771
7.908	 2.83	 1	 -46.7089	  170.2711
7.927	 2.02	 1	 -41.6739	  174.2723
7.931	 2.03	 1	 -42.7288	  173.0927
7.934	 2.42	 1	 -44.7583	  173.7935
7.944	 3.32	 1	 -40.6361	  174.4290
7.944	 3.12	 2	 -40.6705	  174.4020
7.948	 2.52	 1	 -42.4650	  172.9279
7.956	 3.45	 1	 -42.3001	  173.9068
7.961	 3.96	 1	 -42.9915	  168.8263
7.966	 2.25	 1	 -38.4217	  174.9365
7.971	 2.18	 1	 -39.4158	  168.8325
7.984	 2.38	 1	 -42.3549	  170.5352
7.993	 3.78	 1	 -45.4082	  177.8982
7.999	 4.36	 1	 -41.8803	  167.5896
8.016	 2.55	 1	 -42.0149	  171.4490
8.024	 2.12	 1	 -40.6320	  167.5845
8.028	 2.21	 1	 -46.9664	  174.9237
8.031	 2.35	 1	 -38.5717	  170.5739
8.056	 2.35	 1	 -40.9873	  174.1226
8.077	 2.05	 1	 -46.6481	  175.9317
8.077	 2.67	 1	 -45.2252	  169.9621
8.086	 2.25	 1	 -39.5594	  177.4103
8.093	 2.41	 1	 -44.0371	  178.8600
8.097	 2.60	 1	 -41.9428	  173.5781
8.100	 2.47	 1	 -43.6988	  175.0267
8.115	 2.13	 1	 -44.7478	  167.5808
8.115	 3.38	 1	 -40.3009	  178.2028
8.138	 4.07	 1	 -42.3441	  174.7220
8.140	 2.54	 2	 -42.0447	  174.9785
8.179	 2.26	 1	 -46.0380	  176.3361
8.182	 2.41	 1	 -42.2562	  172.3734
8.184	 2.24	 1	 -42.1558	  173.5482
8.188	 2.70	 1	 -44.7769	  175.3733
8.196	 3.08	 1	 -42.3906	  174.0663
8.199	 3.54	 1	 -42.1191	  173.8384
8.203	 3.51	 1	 -43.6523	  174.7471
8.218	 2.22	 1	 -42.4551	  170.5998
8.219	 2.65	 1	 -45.2165	  172.9885
8.231	 2.19	 1	 -42.6114	  175.0673
8.240	 2.44	 1	 -42.4808	  173.8798
8.241	 2.04	 1	 -43.4156	  174.7896
8.243	 2.05	 1	 -43.6957	  173.6811
8.245	 2.23	 1	 -39.6379	  168.5326
8.252	 2.58	 1	 -40.9391	  167.3886
8.254	 2.40	 1	 -45.6363	  177.6467
8.255	 2.21	 1	 -42.0492	  179.0770
8.273	 2.29	 1	 -42.6490	  179.1397
8.287	 2.03	 1	 -42.3376	  176.9157
8.287	 2.17	 1	 -39.8225	  175.3250
8.290	 2.09	 1	 -42.6486	  172.9440
8.301	 2.02	 1	 -42.7044	  173.3846
8.308	 3.25	 1	 -41.9780	  173.7706
8.311	 2.75	 1	 -43.1997	  174.6407
8.311	 2.45	 1	 -41.9052	  173.7102
8.315	 2.39	 1	 -41.6712	  174.3130
8.316	 2.67	 1	 -41.8953	  175.4708
8.324	 3.12	 1	 -41.0195	  174.9300
8.330	 3.81	 1	 -44.3320	  174.0206
8.337	 2.52	 1	 -43.7458	  171.4544
8.338	 2.26	 1	 -47.1784	  172.5994
8.365	 2.04	 1	 -42.6735	  172.8534
8.368	 2.94	 1	 -42.7022	  172.8900
8.376	 2.34	 1	 -46.7308	  170.3312
8.379	 2.33	 1	 -43.7626	  174.6734
8.386	 2.03	 1	 -43.3675	  173.2265
8.391	 2.32	 1	 -46.5300	  176.2110
8.395	 3.04	 1	 -39.0133	  169.5050
8.406	 2.39	 1	 -46.1528	  176.9291
8.406	 2.36	 1	 -41.6338	  173.0728
8.412	 2.62	 1	 -41.7254	  167.0475
8.423	 3.14	 1	 -39.3490	  175.7196
8.429	 2.38	 1	 -44.3582	  173.9821
8.432	 2.55	 1	 -38.2093	  172.5509
8.452	 2.12	 1	 -41.1976	  174.6892
8.452	 5.15	 1	 -41.7893	  174.1921
8.458	 2.08	 1	 -45.5911	  175.9044
8.458	 2.30	 1	 -44.6597	  171.6282
8.463	 2.32	 2	 -41.7382	  174.2461
8.463	 2.45	 1	 -39.6965	  168.4602
8.463	 2.62	 2	 -41.2417	  174.4164
8.464	 2.59	 1	 -40.1403	  173.3747
8.466	 2.23	 1	 -42.9993	  173.5741
8.470	 3.08	 1	 -44.6821	  176.2218
8.474	 2.60	 1	 -42.6815	  173.2459
8.479	 2.04	 1	 -42.1719	  179.0988
8.500	 2.23	 1	 -41.9898	  169.7137
8.501	 2.60	 2	 -41.7734	  174.0545
8.518	 2.22	 1	 -44.7134	  169.1260
8.532	 2.27	 1	 -46.5208	  176.2313
8.539	 2.29	 1	 -42.9418	  170.6447
8.547	 2.40	 1	 -46.0921	  169.0178
8.549	 2.09	 1	 -39.0534	  169.4287
8.557	 2.14	 1	 -39.4693	  172.7001
8.558	 2.04	 1	 -41.9490	  173.6609
8.562	 2.05	 1	 -43.7177	  167.0655
8.563	 2.30	 1	 -42.4463	  172.1045
8.570	 2.29	 1	 -43.5655	  172.3449
8.570	 2.02	 1	 -39.3343	  169.9382
8.571	 2.37	 1	 -43.1148	  176.2108
8.578	 2.06	 2	 -41.7577	  174.2400
8.581	 2.10	 1	 -42.2572	  173.6768
8.584	 2.03	 1	 -43.7524	  168.7077
8.590	 2.42	 1	 -42.0796	  167.8950
8.592	 2.22	 1	 -42.3948	  167.2625
8.597	 2.00	 1	 -40.8686	  167.4303
8.597	 2.41	 1	 -41.0644	  169.3793
8.598	 2.42	 1	 -43.6703	  178.9936
8.605	 2.19	 1	 -43.2430	  172.3249
8.607	 2.75	 1	 -42.1478	  173.4579
8.612	 2.33	 1	 -42.6181	  172.6591
8.617	 2.01	 1	 -43.3107	  171.7898
8.617	 2.41	 2	 -40.5841	  172.7438
8.617	 2.10	 1	 -42.3459	  167.2414
8.620	 2.01	 1	 -43.2128	  173.0080
8.624	 2.25	 1	 -41.6905	  172.8518
8.625	 2.33	 1	 -40.8315	  178.5914
8.633	 2.07	 1	 -41.8753	  173.9626
8.636	 2.91	 1	 -44.6821	  173.6499
8.640	 2.49	 1	 -40.2578	  176.5662
8.674	 2.41	 1	 -41.0445	  174.3964
8.676	 2.46	 1	 -41.7079	  174.0961
8.676	 2.10	 1	 -42.9633	  166.9154
8.679	 2.59	 1	 -42.6994	  172.8291
8.685	 2.13	 1	 -39.0768	  176.6590
8.687	 2.19	 1	 -38.8148	  176.1194
8.695	 2.51	 1	 -42.1831	  173.3084
8.700	 2.57	 1	 -44.8858	  172.2879
8.709	 2.53	 1	 -42.3055	  173.7688
8.715	 2.66	 1	 -43.8705	  172.0610
8.720	 2.03	 1	 -45.2548	  175.4189
8.726	 3.35	 2	 -41.8772	  167.5746
8.731	 2.13	 1	 -43.9916	  169.3831
8.732	 2.83	 1	 -42.5557	  179.1371
8.741	 2.82	 1	 -41.1165	  178.7518
8.749	 2.48	 1	 -41.9378	  166.9911
8.750	 4.05	 1	 -42.3850	  173.1876
8.751	 2.49	 1	 -43.9431	  167.1457
8.754	 2.14	 1	 -43.6283	  169.6385
8.759	 2.57	 1	 -39.5059	  177.3385
8.763	 2.23	 1	 -42.7998	  172.9233
8.770	 2.60	 1	 -44.1896	  167.2533
8.778	 2.10	 1	 -43.4948	  179.0418
8.784	 2.13	 1	 -42.2650	  173.6063
8.784	 2.27	 1	 -44.1672	  171.6929
8.787	 2.34	 1	 -44.5446	  172.2253
8.789	 2.28	 1	 -38.5003	  175.2348
8.792	 2.98	 1	 -42.9237	  172.2693
8.799	 2.69	 1	 -41.8881	  167.3670
8.805	 2.09	 1	 -46.9750	  174.8877
8.805	 2.43	 1	 -46.0787	  172.0367
8.809	 2.11	 1	 -42.9641	  177.2606
8.811	 2.06	 1	 -42.5192	  173.1582
8.815	 2.13	 1	 -45.6341	  168.3950
8.835	 2.66	 1	 -41.8748	  174.1359
8.837	 2.00	 1	 -41.9916	  172.7177
8.843	 3.80	 1	 -43.5592	  170.1369
8.843	 2.01	 1	 -42.1403	  173.5632
8.852	 3.76	 1	 -41.7252	  174.2763
8.858	 2.06	 1	 -42.2466	  173.5457
8.860	 2.46	 1	 -42.7922	  170.7050
8.860	 2.18	 1	 -42.0111	  169.4999
8.864	 2.47	 1	 -42.2498	  173.9037
8.875	 2.77	 2	 -42.5040	  179.2975
8.879	 2.12	 1	 -38.2990	  174.3244
8.883	 2.07	 1	 -42.1572	  173.5618
8.893	 2.13	 1	 -39.7036	  175.6581
8.900	 2.46	 1	 -47.0415	  171.4675
8.917	 2.83	 1	 -43.2846	  172.1556
8.918	 2.15	 1	 -42.1824	  174.1734
8.919	 2.80	 1	 -41.4497	  172.6143
8.920	 2.59	 1	 -45.3333	  175.7317
8.922	 2.37	 1	 -38.3589	  173.0788
8.926	 2.06	 1	 -43.0856	  173.4007
8.929	 2.02	 1	 -42.5251	  171.3612
8.929	 2.10	 1	 -41.7018	  172.3306
8.930	 2.14	 1	 -39.4982	  168.7164
8.942	 2.02	 1	 -40.8039	  170.3698
8.949	 2.48	 1	 -40.9490	  172.5592
8.951	 2.22	 1	 -38.4318	  171.0668
8.954	 2.56	 1	 -42.4903	  173.2559
8.963	 2.04	 1	 -42.0231	  174.3525
8.977	 2.00	 1	 -43.1650	  172.9958
8.981	 2.12	 1	 -42.0331	  173.6069
8.982	 2.17	 1	 -42.4218	  173.7813
8.982	 2.34	 1	 -41.8184	  174.2869
8.990	 2.10	 1	 -43.5721	  175.4787
8.992	 2.12	 1	 -42.3893	  173.1109
9.009	 2.48	 1	 -42.0580	  166.9655
9.027	 2.13	 1	 -40.9933	  175.1671
9.029	 2.10	 1	 -41.2784	  172.5954
9.029	 2.58	 1	 -42.2829	  173.6911
9.060	 2.14	 1	 -42.7202	  172.7650
9.061	 2.54	 2	 -41.7513	  174.3240
9.080	 2.01	 1	 -38.7711	  176.0159
9.092	 2.66	 1	 -46.6422	  175.9464
9.106	 3.58	 1	 -41.4810	  169.4767
9.110	 2.39	 1	 -38.2275	  173.7455
9.128	 2.13	 1	 -42.7463	  173.1774
9.139	 2.66	 1	 -41.8557	  174.2535
9.140	 2.03	 1	 -42.3972	  173.4988
9.140	 2.73	 1	 -46.1430	  169.0993
9.145	 2.51	 1	 -39.2898	  177.0214
9.149	 2.47	 1	 -39.6216	  177.4911
9.155	 2.28	 1	 -42.6370	  172.8691
9.160	 2.54	 1	 -42.2543	  173.5303
9.170	 2.20	 1	 -43.2333	  172.1942
9.172	 2.01	 1	 -39.2780	  177.6502
9.178	 2.65	 1	 -38.7260	  175.9038
9.181	 2.12	 2	 -38.4478	  176.2679
9.187	 2.00	 1	 -44.0070	  178.8727
9.196	 2.09	 1	 -43.7917	  173.0420
9.200	 2.25	 1	 -42.6417	  174.9724
9.200	 2.81	 1	 -39.9480	  168.1761
9.207	 2.64	 1	 -41.7224	  174.3358
9.209	 2.01	 1	 -40.7812	  167.4845
9.216	 2.29	 1	 -42.6276	  175.0963
9.223	 2.37	 1	 -41.2822	  171.7542
9.232	 2.06	 1	 -38.4537	  170.9806
9.238	 3.38	 1	 -40.4903	  173.2719
9.250	 2.12	 1	 -41.9645	  174.2997
9.264	 2.27	 1	 -41.0174	  167.3447
9.264	 4.04	 1	 -43.4987	  167.0034
9.268	 2.44	 2	 -43.4985	  166.9983
9.268	 2.27	 1	 -42.4981	  170.1358
9.274	 2.09	 2	 -41.7914	  174.2126
9.280	 2.42	 1	 -43.3947	  173.3954
9.281	 2.36	 1	 -38.8970	  176.3025
9.286	 2.41	 1	 -39.8013	  168.3366
9.287	 2.36	 1	 -44.6604	  173.4372
9.301	 2.07	 1	 -41.6691	  174.1399
9.306	 2.11	 1	 -43.4402	  166.9895
9.314	 2.22	 1	 -42.2025	  173.4156
9.317	 2.13	 1	 -41.3272	  173.3841
9.322	 2.38	 1	 -42.6940	  166.9043
9.340	 2.02	 1	 -39.0599	  176.6279
9.355	 2.09	 1	 -40.0803	  173.8150
9.359	 2.72	 1	 -42.8161	  175.3222
9.361	 2.90	 1	 -41.4183	  168.3382
9.362	 2.39	 1	 -41.7825	  174.1780
9.363	 2.16	 1	 -42.3030	  173.7043
9.413	 2.43	 1	 -43.2419	  175.1905
9.415	 2.50	 1	 -46.4503	  176.3820
9.420	 2.01	 1	 -42.7053	  172.2077
9.420	 2.36	 1	 -43.7163	  168.8364
9.428	 2.34	 1	 -46.5251	  175.4629
9.434	 2.79	 1	 -42.5312	  173.1183
9.447	 2.26	 1	 -40.4527	  172.8310
9.458	 2.52	 1	 -42.2939	  173.3282
9.473	 3.38	 1	 -46.1585	  172.1280
9.477	 3.11	 1	 -44.5936	  175.4612
9.497	 2.17	 1	 -45.9998	  177.1670
9.508	 2.54	 1	 -44.1771	  172.0971
9.517	 2.22	 1	 -45.3506	  170.6702
9.518	 3.09	 1	 -38.6405	  175.6745
9.524	 2.08	 1	 -40.5272	  167.6604
9.527	 2.47	 1	 -47.1804	  172.6399
9.540	 2.75	 1	 -43.8563	  173.5218
9.543	 2.48	 1	 -38.5479	  175.3947
9.544	 2.11	 1	 -39.1547	  176.7983
9.551	 2.18	 1	 -41.9151	  173.7706
9.556	 2.06	 1	 -44.0386	  174.9179
9.566	 2.07	 1	 -42.7141	  176.3986
9.567	 2.07	 1	 -43.1567	  176.0813
9.572	 2.31	 1	 -43.2072	  176.6574
9.575	 2.62	 1	 -41.7813	  179.0130
9.613	 2.75	 1	 -42.1193	  173.6681
9.614	 2.42	 1	 -47.1838	  173.3208
9.622	 2.55	 1	 -41.0201	  174.0997
9.626	 2.11	 2	 -47.1905	  173.2945
9.630	 2.24	 1	 -45.8842	  177.3316
9.630	 2.48	 1	 -39.5541	  175.8137
9.639	 2.05	 1	 -42.9947	  172.7269
9.648	 2.85	 1	 -41.6354	  172.5913
9.655	 2.70	 1	 -38.4065	  174.8722
9.663	 2.12	 1	 -43.1335	  172.3839
9.664	 2.03	 1	 -39.0071	  176.5272
9.666	 2.05	 1	 -43.8274	  178.9419
9.676	 3.14	 1	 -41.5192	  169.3673
9.677	 2.08	 1	 -44.9009	  178.3513
9.679	 2.45	 1	 -38.2397	  173.8738
9.680	 2.72	 1	 -46.5223	  172.7411
9.682	 2.03	 1	 -42.0356	  170.4268
9.687	 2.15	 2	 -41.7748	  174.1759
9.697	 2.29	 1	 -38.1962	  172.9509
9.702	 2.54	 1	 -41.8832	  173.8120
9.713	 2.14	 1	 -41.6904	  174.7665
9.718	 2.05	 1	 -47.1378	  172.1004
9.721	 4.54	 1	 -42.2654	  173.1327
9.723	 2.20	 1	 -43.2911	  174.4559
9.749	 2.83	 1	 -42.3380	  172.9279
9.756	 2.21	 2	 -42.2694	  173.0746
9.783	 2.37	 2	 -42.2710	  173.1036
9.787	 2.49	 1	 -42.6057	  171.3613
9.788	 2.45	 1	 -41.7974	  172.1067
9.789	 2.62	 1	 -47.0116	  174.7243
9.808	 2.12	 1	 -47.1118	  174.1521
9.809	 3.60	 1	 -41.8415	  173.9913
9.810	 2.19	 1	 -42.9532	  172.9970
9.815	 2.19	 1	 -43.0026	  179.1254
9.817	 3.58	 1	 -42.6146	  171.2922
9.819	 2.22	 1	 -43.5265	  170.4767
9.825	 2.10	 1	 -40.3607	  178.2531
9.838	 3.31	 1	 -44.4357	  171.5283
9.841	 2.24	 2	 -41.8500	  173.9818
9.842	 2.07	 1	 -40.2977	  174.5313
9.856	 2.03	 1	 -40.6831	  170.3622
9.869	 2.11	 1	 -42.8507	  172.4639
9.888	 2.64	 1	 -39.3045	  168.9997
9.898	 2.70	 1	 -41.8540	  172.9848
9.902	 2.03	 1	 -41.7701	  174.3703
9.909	 2.53	 1	 -42.2979	  173.5648
9.913	 2.49	 1	 -40.2251	  175.3414
9.920	 2.27	 1	 -44.8250	  171.4792
9.936	 2.27	 1	 -42.9536	  175.6390
9.940	 2.72	 1	 -42.0591	  173.2754
9.943	 2.24	 2	 -42.3794	  173.0178
9.945	 2.02	 1	 -44.9090	  167.6992
9.960	 2.44	 1	 -43.4165	  173.0328
9.962	 2.12	 1	 -44.3870	  178.6889
9.962	 2.10	 1	 -42.4753	  173.4275
9.965	 2.33	 1	 -42.9288	  179.1315
9.972	 2.73	 1	 -47.0222	  171.3708
9.980	 2.15	 1	 -41.5119	  178.9253
9.985	 3.53	 1	 -38.7403	  175.9399
9.985	 2.00	 1	 -46.5995	  171.8406
9.990	 2.01	 2	 -43.4204	  173.0350
9.992	 2.36	 1	 -41.0266	  167.3397
10.004	 2.11	 1	 -42.0973	  167.7564
10.005	 2.45	 1	 -43.8572	  170.1766
10.017	 2.34	 1	 -40.9805	  173.2161
10.017	 2.60	 1	 -42.1023	  173.6756
10.019	 2.30	 1	 -41.7967	  174.3155
10.033	 2.12	 1	 -44.2719	  174.3341
10.034	 2.67	 1	 -43.3575	  166.9716
10.047	 2.93	 1	 -42.3104	  173.5385
10.056	 2.40	 1	 -41.7799	  174.2782
10.065	 2.67	 1	 -42.2013	  173.5517
10.071	 3.28	 1	 -42.1596	  173.5911
10.075	 2.33	 1	 -41.9984	  173.7690
10.076	 2.77	 1	 -44.4636	  167.3989
10.079	 2.29	 1	 -44.4385	  168.4432
10.085	 2.13	 1	 -42.2650	  173.6794
10.087	 2.16	 1	 -43.1512	  176.0636
10.103	 2.17	 1	 -41.7018	  174.2690
10.103	 2.16	 1	 -45.6539	  177.6259
10.116	 2.27	 1	 -42.7737	  172.7451
10.153	 2.17	 1	 -40.1621	  175.1577
10.162	 2.28	 1	 -45.1497	  168.2616
10.162	 2.09	 1	 -42.4180	  173.7743
10.180	 2.04	 1	 -42.0623	  173.4634
10.181	 2.23	 1	 -40.7225	  167.5228
10.194	 2.45	 1	 -42.5507	  173.7945
10.196	 2.01	 1	 -44.9087	  176.8557
10.200	 2.30	 1	 -41.6925	  172.7762
10.221	 2.58	 1	 -45.9281	  168.7737
10.243	 2.05	 1	 -43.2225	  178.1127
10.250	 3.01	 1	 -43.2324	  175.8415
10.270	 2.16	 1	 -42.3842	  169.9779
10.294	 2.42	 1	 -41.7785	  167.0321
10.298	 3.28	 2	 -43.2917	  173.8965
10.321	 2.19	 1	 -42.5535	  173.9255
10.328	 2.24	 1	 -47.1891	  173.0099
10.337	 2.05	 1	 -45.6449	  168.4077
10.344	 2.33	 1	 -38.7367	  172.9138
10.351	 2.66	 1	 -43.0216	  173.3131
10.357	 2.01	 1	 -44.2096	  170.5836
10.359	 2.33	 1	 -41.9925	  173.6708
10.367	 2.02	 1	 -43.3936	  173.2768
10.374	 2.28	 1	 -47.0514	  174.5247
10.376	 3.01	 1	 -41.9302	  173.7086
10.397	 2.08	 1	 -38.4457	  175.0327
10.404	 2.06	 1	 -41.4458	  167.6749
10.405	 2.18	 1	 -41.0535	  174.7006
10.410	 2.68	 1	 -42.1405	  172.6853
10.413	 2.27	 1	 -44.4238	  171.9785
10.415	 2.09	 1	 -38.6305	  170.3983
10.425	 3.00	 1	 -44.5655	  170.6752
10.426	 2.48	 1	 -46.7192	  175.7450
10.440	 2.35	 1	 -39.8210	  174.3505
10.449	 2.69	 1	 -45.1045	  167.8589
10.460	 2.35	 1	 -39.3892	  168.8714
10.470	 2.09	 1	 -42.7109	  172.8123
10.485	 2.29	 1	 -42.1869	  173.5597
10.486	 2.91	 1	 -42.0122	  173.7163
10.487	 2.34	 1	 -42.4527	  174.0153
10.491	 2.26	 1	 -42.8677	  173.0072
10.510	 2.22	 1	 -47.1654	  172.3947
10.516	 2.29	 1	 -40.8678	  171.1801
10.544	 3.08	 1	 -42.8699	  175.5873
10.553	 3.02	 1	 -40.3456	  167.8038
10.556	 2.12	 1	 -43.5614	  172.3988
10.559	 2.24	 1	 -42.3922	  173.7025
10.585	 2.34	 1	 -43.9572	  172.4630
10.589	 2.02	 1	 -46.4665	  176.3483
10.595	 3.05	 1	 -38.7141	  170.1711
10.617	 2.30	 1	 -42.5082	  173.7998
10.619	 2.77	 1	 -40.5052	  173.6303
10.626	 2.08	 1	 -44.1211	  174.1224
10.644	 2.70	 1	 -41.8285	  174.4060
10.655	 2.10	 1	 -40.9682	  178.6723
10.683	 2.08	 1	 -42.4745	  173.2671
10.688	 2.23	 1	 -41.9101	  173.3131
10.692	 3.40	 1	 -42.4326	  179.1297
10.701	 2.20	 1	 -47.0188	  171.3541
10.702	 2.92	 1	 -44.3962	  176.1591
10.703	 2.05	 1	 -42.6738	  174.1488
10.706	 2.32	 1	 -40.5471	  171.3503
10.712	 2.87	 1	 -42.7798	  171.2152
10.716	 2.04	 1	 -41.6561	  175.3729
10.728	 2.41	 1	 -42.6715	  172.8096
10.734	 2.33	 1	 -40.4999	  178.3633
10.739	 2.12	 1	 -42.1098	  174.3000
10.740	 2.00	 1	 -39.0172	  169.4974
10.749	 3.09	 1	 -40.8777	  173.7209
10.750	 2.01	 1	 -45.6507	  173.9305
10.759	 2.02	 1	 -43.1758	  171.2995
10.765	 2.39	 1	 -45.3730	  177.9342
10.776	 3.22	 1	 -44.1579	  173.0217
10.781	 2.13	 1	 -42.2268	  177.1298
10.806	 2.28	 1	 -39.2329	  169.4336
10.808	 2.65	 1	 -41.6031	  178.9577
10.816	 2.14	 1	 -42.7701	  177.2452
10.820	 2.07	 1	 -43.8314	  178.9405
10.842	 3.08	 1	 -42.7372	  176.4194
10.887	 2.62	 1	 -41.6029	  167.3566
10.889	 2.05	 1	 -42.4957	  173.0513
10.891	 2.76	 1	 -44.4503	  171.9757
10.892	 3.01	 1	 -42.5996	  172.8612
10.895	 2.35	 1	 -41.8104	  174.2498
10.911	 2.00	 1	 -41.8958	  175.0324
10.913	 2.70	 2	 -41.7521	  174.3101
10.920	 2.27	 1	 -41.4142	  168.5669
10.944	 2.05	 1	 -38.2561	  172.0249
10.950	 2.12	 1	 -41.5565	  176.4514
10.954	 2.65	 1	 -38.3198	  171.5962
10.966	 2.28	 1	 -38.3535	  174.6275
10.996	 2.15	 2	 -42.1455	  173.3150
11.006	 2.64	 1	 -41.6604	  171.9450
11.009	 3.57	 1	 -39.9380	  168.1866
11.018	 2.53	 1	 -42.8854	  173.3648
11.032	 2.41	 1	 -47.0880	  174.3122
11.041	 4.53	 1	 -42.3098	  173.7561
11.052	 2.78	 1	 -41.7925	  174.2097
11.056	 2.69	 1	 -43.7162	  171.1286
11.057	 2.07	 1	 -41.4417	  172.0981
11.068	 2.52	 1	 -41.2306	  167.2367
11.074	 2.18	 1	 -46.3198	  176.6378
11.075	 2.84	 1	 -42.0736	  174.2848
11.077	 2.84	 1	 -42.5650	  173.0896
11.087	 2.49	 1	 -45.6045	  177.6838
11.091	 2.73	 1	 -42.8510	  171.6190
11.092	 2.18	 1	 -42.3273	  173.8461
11.106	 2.26	 1	 -40.2628	  167.8744
11.108	 2.15	 1	 -42.7757	  172.5273
11.122	 2.02	 1	 -40.9273	  172.0548
11.135	 2.23	 1	 -44.9084	  178.3456
11.137	 2.38	 1	 -44.5181	  171.1662
11.138	 2.03	 1	 -39.2258	  170.4642
11.160	 2.05	 1	 -43.2032	  179.1004
11.167	 2.14	 1	 -39.0726	  176.6514
11.175	 2.02	 1	 -46.6686	  172.8813
11.176	 2.08	 1	 -38.2885	  171.7873
11.180	 2.12	 1	 -38.7728	  175.2151
11.180	 3.40	 1	 -41.7967	  174.2168
11.184	 2.33	 1	 -39.1517	  169.2513
11.185	 2.01	 1	 -42.6065	  175.9152
11.190	 2.27	 1	 -45.7770	  173.5443
11.198	 2.02	 1	 -47.0813	  171.6902
11.200	 2.06	 1	 -42.3195	  169.9255
11.207	 4.18	 1	 -44.0623	  175.9589
11.218	 2.47	 1	 -38.8450	  170.7249
11.220	 2.28	 1	 -44.8671	  169.5165
11.245	 2.26	 1	 -44.5629	  178.5856
11.252	 2.06	 1	 -44.4074	  171.6732
11.272	 2.71	 1	 -44.9779	  168.8186
11.273	 2.71	 1	 -46.2039	  169.2006
11.275	 2.27	 1	 -40.4435	  178.3198
11.286	 2.73	 1	 -43.0027	  175.2794
11.294	 2.32	 1	 -47.1263	  172.0028
11.298	 2.11	 1	 -44.2087	  178.7817
11.299	 2.40	 1	 -38.9181	  169.6970
11.302	 2.02	 1	 -44.5415	  174.6820
11.304	 2.06	 1	 -47.1767	  173.4766
11.308	 2.11	 1	 -40.1486	  178.0667
11.329	 2.00	 1	 -43.8028	  177.0182
11.335	 2.34	 1	 -38.2536	  172.0458
11.336	 2.73	 1	 -41.2876	  172.9323
11.357	 2.79	 1	 -46.9867	  174.8369
11.368	 2.83	 1	 -41.6470	  173.6066
11.370	 2.47	 1	 -42.3197	  173.8381
11.383	 2.53	 1	 -45.9988	  170.9310
11.405	 2.75	 1	 -42.4380	  173.0716
11.406	 3.68	 1	 -43.6024	  178.3788
11.425	 3.45	 1	 -42.2855	  175.4852
11.430	 2.12	 1	 -39.0374	  176.5855
11.435	 2.76	 1	 -41.7351	  178.9996
11.437	 2.08	 1	 -47.1685	  172.4360
11.449	 2.80	 1	 -43.6185	  173.2283
11.450	 3.01	 2	 -39.6380	  177.6560
11.466	 2.02	 1	 -43.1533	  172.7835
11.474	 4.51	 1	 -45.3830	  177.9240
11.482	 2.01	 1	 -44.4903	  175.0823
11.496	 2.30	 1	 -42.9324	  172.6458
11.531	 2.09	 1	 -43.3734	  179.0694
11.548	 2.23	 1	 -42.3816	  171.1995
11.550	 2.68	 1	 -44.7116	  167.5557
11.554	 2.48	 1	 -39.0124	  172.8859
11.561	 2.70	 1	 -40.7560	  167.5008
11.587	 3.33	 1	 -45.9514	  168.8068
11.589	 2.20	 2	 -42.3970	  171.1944
11.602	 2.16	 1	 -39.8047	  177.7116
11.604	 2.05	 1	 -43.0729	  172.3269
11.610	 3.37	 1	 -42.9984	  172.4534
11.615	 2.84	 1	 -42.6479	  172.7777
11.616	 3.45	 2	 -43.0026	  172.4533
11.616	 2.20	 1	 -44.3727	  167.3474
11.636	 2.15	 1	 -40.8798	  178.6208
11.637	 2.11	 1	 -39.5731	  172.0412
11.640	 2.64	 1	 -41.7053	  174.2240
11.654	 2.56	 1	 -47.1399	  172.1189
11.678	 2.13	 1	 -40.3135	  175.0961
11.685	 2.37	 1	 -40.8201	  170.4251
11.686	 2.42	 1	 -44.9615	  170.4995
11.690	 3.09	 1	 -42.2664	  173.7923
11.697	 2.16	 1	 -40.3112	  176.0524
11.712	 2.34	 1	 -41.7257	  174.3214
11.726	 2.31	 1	 -43.2501	  171.1166
11.733	 2.35	 1	 -39.5190	  174.7140
11.747	 2.15	 1	 -42.8191	  169.9995
11.766	 2.06	 1	 -41.7530	  174.4939
11.769	 3.18	 1	 -46.2301	  176.7987
11.789	 2.62	 1	 -42.8922	  174.1789
11.791	 2.85	 1	 -40.6656	  167.5612
11.798	 2.07	 1	 -46.8664	  175.2980
11.807	 2.27	 1	 -42.2930	  179.1157
11.809	 2.35	 1	 -41.8910	  173.4718
11.816	 2.09	 1	 -41.2853	  173.3378
11.816	 2.62	 1	 -39.8440	  168.2596
11.828	 3.22	 1	 -42.3319	  166.9240
11.861	 2.85	 1	 -46.0487	  173.3940
11.862	 2.26	 1	 -38.8677	  169.8054
11.867	 2.91	 1	 -42.2010	  173.6509
11.875	 2.11	 1	 -43.4452	  168.7763
11.882	 2.17	 1	 -43.0292	  172.9485
11.882	 2.81	 1	 -42.6606	  172.8940
11.910	 2.47	 1	 -41.7878	  174.4317
11.916	 2.01	 1	 -40.1197	  168.0047
11.920	 2.39	 1	 -44.9675	  172.8873
11.942	 2.14	 1	 -42.2396	  173.8416
11.946	 2.58	 1	 -43.1191	  179.1124
11.950	 2.53	 2	 -44.0597	  175.9634
11.958	 2.22	 1	 -42.0808	  174.2172
11.965	 2.83	 1	 -46.1807	  176.8828
11.982	 2.61	 1	 -43.0180	  175.4367
11.982	 2.21	 1	 -38.2354	  173.8311
11.983	 2.45	 1	 -43.0432	  171.0631
11.988	 2.55	 1	 -43.4412	  174.0813
11.989	 3.01	 1	 -43.3234	  171.6957
11.989	 3.11	 1	 -41.7285	  174.3286
11.990	 2.21	 1	 -41.7383	  173.9834
11.994	 2.23	 1	 -42.8638	  175.2441
11.999	 2.27	 1	 -42.6811	  173.2824
12.011	 2.46	 1	 -40.6818	  178.4942
12.015	 2.02	 1	 -40.5199	  177.8602
12.016	 2.31	 1	 -44.4425	  175.1541
12.016	 2.84	 1	 -40.3105	  171.9729
12.017	 2.65	 1	 -43.4159	  169.8842
12.018	 2.20	 1	 -39.6221	  177.4917
12.022	 3.60	 1	 -42.9345	  171.6701
12.025	 2.41	 1	 -45.6130	  172.1758
12.029	 2.78	 1	 -42.2448	  171.4802
12.050	 2.43	 1	 -42.0323	  173.6697
12.058	 2.28	 1	 -43.3973	  172.8686
12.065	 2.29	 1	 -39.9608	  177.8816
12.066	 2.06	 1	 -43.0207	  166.9206
12.074	 2.83	 1	 -43.3627	  172.1718
12.082	 2.45	 1	 -42.5071	  172.2088
12.082	 2.12	 1	 -43.4424	  173.4331
12.087	 3.02	 1	 -46.9555	  174.9684
12.106	 2.91	 1	 -42.8019	  173.5503
12.125	 2.03	 2	 -44.3291	  174.0249
12.145	 2.44	 1	 -41.8850	  173.4513
12.148	 2.44	 1	 -42.3359	  173.3033
12.156	 3.18	 1	 -47.1630	  173.6803
12.160	 2.25	 1	 -43.0204	  172.2319
12.177	 2.42	 1	 -45.2509	  171.1705
12.180	 2.10	 1	 -42.4197	  173.7692
12.182	 3.29	 1	 -44.9095	  167.6996
12.187	 2.03	 1	 -43.5899	  173.7442
12.187	 2.25	 1	 -45.9247	  177.2753
12.211	 2.04	 1	 -42.6214	  172.4184
12.217	 2.86	 1	 -44.2673	  167.2918
12.222	 2.51	 1	 -43.0432	  173.4163
12.242	 2.59	 1	 -39.9811	  168.1417
12.243	 2.63	 1	 -46.4250	  176.4339
12.256	 2.06	 1	 -38.5295	  175.3345
12.257	 2.36	 1	 -42.5315	  174.7716
12.258	 2.12	 1	 -38.2018	  172.7090
12.259	 2.08	 1	 -41.7568	  174.1649
12.265	 2.05	 2	 -42.9393	  171.6651
12.269	 2.38	 1	 -41.4461	  174.9795
12.271	 2.09	 1	 -42.3462	  173.8900
12.283	 2.22	 1	 -39.9504	  172.9890
12.286	 2.08	 1	 -45.0410	  173.3178
12.286	 2.34	 1	 -42.3436	  178.9263
12.288	 2.29	 1	 -42.2810	  169.7958
12.292	 2.04	 1	 -38.5391	  175.3662
12.313	 2.39	 1	 -43.0294	  172.8274
12.323	 2.27	 1	 -42.2110	  173.6273
12.338	 2.07	 1	 -46.9887	  174.8286
12.362	 2.13	 1	 -45.7878	  169.9406
12.382	 2.18	 1	 -40.5933	  167.6120
12.387	 2.04	 1	 -43.0123	  172.8066
12.392	 2.50	 1	 -43.2806	  176.8158
12.406	 2.33	 1	 -41.8874	  175.0952
12.408	 2.08	 1	 -42.5417	  173.8574
12.432	 2.20	 2	 -45.3736	  177.9174
12.437	 2.08	 1	 -46.7117	  175.7654
12.449	 2.38	 1	 -44.1779	  171.8306
12.450	 2.19	 1	 -42.8145	  172.8002
12.468	 2.33	 1	 -38.9618	  176.4375
12.477	 2.82	 1	 -42.9223	  171.5424
12.494	 2.11	 1	 -41.6227	  171.7559
12.496	 2.31	 1	 -41.8505	  173.9095
12.537	 3.22	 1	 -43.1114	  173.6010
12.555	 2.16	 1	 -40.5366	  173.1197
12.555	 2.20	 1	 -41.8299	  174.0718
12.575	 2.33	 1	 -41.9002	  172.7257
12.579	 2.29	 1	 -44.9026	  178.3500
12.601	 2.36	 1	 -41.7002	  171.8607
12.605	 2.53	 1	 -42.0513	  173.6515
12.608	 3.76	 1	 -39.1112	  169.3227
12.611	 2.64	 1	 -41.7841	  174.2438
12.624	 2.30	 1	 -45.7963	  177.4488
12.624	 2.17	 1	 -43.8425	  177.4876
12.642	 2.21	 1	 -43.1378	  172.7623
12.645	 2.16	 1	 -42.6167	  172.6688
12.652	 2.08	 1	 -44.6586	  173.4760
12.663	 2.40	 1	 -41.8706	  179.0369
12.666	 2.07	 1	 -41.7022	  172.9790
12.669	 2.02	 1	 -38.8227	  176.1376
12.673	 2.44	 1	 -41.9268	  174.1409
12.676	 2.09	 1	 -41.2908	  167.2092
12.678	 2.57	 1	 -47.1891	  173.0211
12.689	 2.04	 1	 -46.8985	  175.1860
12.691	 2.72	 1	 -43.2104	  174.0485
12.705	 2.24	 1	 -44.7014	  171.8513
12.706	 2.26	 1	 -41.8859	  175.9994
12.739	 2.41	 1	 -42.5869	  166.9060
12.743	 2.08	 1	 -40.8950	  172.1728
12.745	 2.12	 1	 -42.8023	  173.4747
12.745	 2.13	 2	 -45.3597	  177.9466
12.753	 2.69	 1	 -40.9982	  178.6890
12.763	 2.07	 2	 -39.1342	  169.2809
12.765	 2.13	 1	 -43.8245	  173.1354
12.770	 2.76	 1	 -44.9840	  176.8327
12.782	 2.52	 1	 -46.0696	  174.2701
12.783	 2.13	 1	 -47.0289	  174.6409
12.789	 2.11	 1	 -45.5436	  170.6285
12.813	 2.14	 1	 -42.6479	  173.3508
12.821	 2.26	 1	 -42.2242	  174.0387
12.835	 2.38	 1	 -40.8904	  173.6481
12.838	 2.09	 1	 -41.8324	  172.8250
12.850	 2.35	 1	 -44.9827	  178.2870
12.872	 2.90	 1	 -43.0296	  173.7343
12.881	 2.13	 1	 -38.7915	  169.9795
12.890	 2.30	 1	 -41.4622	  167.1378
12.902	 2.64	 1	 -40.2068	  176.3007
12.914	 2.10	 1	 -43.6903	  173.6378
12.916	 2.67	 1	 -42.1900	  175.0853
12.931	 3.72	 1	 -46.6043	  176.0102
12.936	 2.08	 1	 -41.8154	  174.2301
12.945	 2.20	 1	 -47.1523	  172.2407
12.960	 2.39	 1	 -43.5157	  175.9945
12.970	 2.51	 1	 -40.6742	  176.5885
12.989	 2.72	 1	 -39.3835	  177.1645
12.995	 2.07	 1	 -41.5420	  174.3949
13.060	 2.89	 1	 -42.9482	  166.9142
13.069	 2.83	 1	 -40.2994	  178.2015
13.117	 2.07	 1	 -42.2203	  172.7188
13.130	 2.37	 1	 -44.7230	  171.7066
13.132	 3.07	 1	 -43.0638	  166.9252
13.135	 2.30	 1	 -47.1758	  173.4926
13.149	 3.11	 1	 -41.7983	  174.0995
13.153	 2.90	 1	 -47.0397	  171.4579
13.160	 2.46	 2	 -41.7633	  174.1041
13.166	 2.24	 1	 -43.3376	  173.3560
13.178	 3.46	 1	 -40.9222	  167.3984
13.180	 2.10	 1	 -42.5423	  173.0758
13.240	 2.29	 1	 -42.1408	  174.2117
13.277	 2.25	 1	 -42.4437	  174.0472
13.283	 3.09	 1	 -44.4929	  167.4161
13.284	 2.66	 1	 -43.6650	  178.9952
13.320	 3.54	 1	 -40.8836	  176.5208
13.322	 2.10	 1	 -42.3706	  173.4740
13.322	 2.26	 1	 -47.0246	  174.6620
13.324	 2.79	 1	 -41.8221	  174.0422
13.325	 2.43	 2	 -40.8850	  176.5237
13.333	 2.82	 1	 -43.5048	  172.5441
13.335	 2.04	 1	 -45.7327	  177.4129
13.339	 2.10	 1	 -41.8348	  174.2484
13.347	 2.45	 1	 -45.4309	  177.8747
13.349	 2.08	 1	 -42.7657	  173.8316
13.355	 2.31	 1	 -41.1244	  173.2839
13.384	 2.45	 1	 -43.3760	  171.3726
13.386	 2.17	 1	 -42.0834	  173.5608
13.387	 2.30	 1	 -45.8968	  168.7300
13.388	 2.29	 1	 -38.6050	  170.4725
13.393	 2.16	 1	 -44.8851	  174.5567
13.411	 3.56	 1	 -40.7906	  174.7872
13.413	 2.07	 1	 -42.5486	  173.0951
13.418	 2.89	 1	 -42.1448	  173.4471
13.427	 2.09	 1	 -42.5644	  171.6355
13.427	 2.03	 1	 -41.2733	  174.9322
13.442	 2.61	 1	 -43.4177	  174.6658
13.448	 2.22	 1	 -38.5142	  175.2827
13.462	 2.33	 1	 -38.3629	  174.6738
13.465	 2.19	 1	 -44.4957	  168.3079
13.482	 2.09	 1	 -41.0879	  173.7379
13.489	 2.05	 1	 -44.1629	  173.9192
13.496	 2.92	 1	 -42.0213	  179.0714
13.529	 2.21	 1	 -47.0971	  171.7907
13.535	 3.71	 1	 -43.4626	  173.0875
13.540	 2.21	 1	 -38.8490	  171.4725
13.564	 2.34	 1	 -41.6213	  173.1675
13.600	 2.09	 1	 -38.2354	  173.8305
13.617	 2.26	 1	 -38.9221	  176.2711
13.635	 2.05	 1	 -43.0708	  173.1338
13.638	 2.06	 1	 -42.9208	  170.2341
13.641	 2.37	 1	 -42.2884	  173.7825
13.648	 2.27	 1	 -43.1234	  179.1118
13.685	 2.61	 1	 -44.0785	  172.7694
13.707	 2.34	 1	 -42.8789	  171.2579
13.732	 2.08	 1	 -41.8405	  174.1636
13.739	 2.20	 1	 -38.8247	  176.1424
13.740	 3.49	 1	 -43.9967	  172.9046
13.758	 2.20	 1	 -40.1148	  178.0349
13.764	 2.13	 1	 -42.5713	  166.9066
13.777	 2.97	 1	 -43.4118	  172.5888
13.777	 2.04	 1	 -46.9403	  171.0152
13.784	 2.56	 1	 -41.1647	  174.6924
13.803	 2.42	 1	 -42.3690	  175.0795
13.810	 2.71	 1	 -46.1275	  176.9702
13.815	 2.86	 1	 -41.8247	  173.9442
13.815	 2.06	 1	 -42.3011	  173.9791
13.820	 2.06	 1	 -46.9088	  170.8960
13.828	 2.57	 1	 -42.2707	  173.7402
13.839	 2.77	 1	 -47.0341	  174.6149
13.843	 2.04	 1	 -43.7582	  175.6240
13.857	 2.27	 1	 -44.0682	  172.9514
13.865	 2.09	 1	 -42.0897	  174.4125
13.880	 2.87	 1	 -42.2304	  173.6694
13.888	 2.07	 1	 -42.6910	  169.4625
13.899	 2.59	 1	 -42.8160	  173.1974
13.916	 2.37	 1	 -42.4108	  173.8108
13.943	 2.19	 1	 -40.3936	  174.1678
13.961	 2.46	 1	 -44.1465	  178.8113
13.981	 2.15	 1	 -43.7183	  169.8102
13.982	 2.13	 1	 -42.9153	  171.5442
