# Simulation 504
# RelativeTime(days) Magnitude Generation Latitude Longitude
Time Mag Gen Lat Lon
7.003	 3.13	 1	 -43.0278	  172.1262
7.016	 2.84	 1	 -41.4160	  178.1635
7.020	 2.37	 1	 -38.7596	  173.3439
7.021	 4.47	 1	 -44.8227	  175.2728
7.027	 2.06	 1	 -45.8471	  168.6624
7.028	 2.09	 1	 -41.5738	  178.9476
7.029	 2.27	 1	 -42.3380	  173.7203
7.030	 2.85	 1	 -42.6499	  171.7235
7.030	 2.27	 1	 -38.3632	  171.3690
7.037	 2.02	 1	 -39.2613	  169.0681
7.043	 2.49	 1	 -47.1603	  172.3299
7.062	 3.68	 1	 -38.9807	  173.4986
7.066	 3.08	 1	 -44.7483	  167.5811
7.079	 2.32	 1	 -40.5283	  171.2623
7.084	 2.67	 1	 -42.6917	  172.8407
7.094	 2.79	 1	 -42.4701	  175.9534
7.101	 3.02	 1	 -44.4998	  170.8501
7.103	 2.36	 1	 -38.5642	  170.5974
7.118	 2.19	 1	 -38.4225	  174.9396
7.124	 2.25	 1	 -42.6077	  179.1389
7.128	 2.17	 1	 -38.6865	  175.8008
7.130	 2.28	 1	 -40.3497	  168.7962
7.131	 2.40	 1	 -40.6110	  169.9154
7.132	 2.01	 1	 -42.3995	  168.8344
7.138	 4.15	 1	 -40.2156	  178.1281
7.138	 2.52	 2	 -44.8098	  175.2796
7.145	 2.57	 1	 -42.3847	  172.9260
7.158	 2.01	 1	 -39.4308	  168.8110
7.187	 2.34	 1	 -39.0345	  176.5800
7.196	 2.08	 1	 -42.1218	  166.9538
7.204	 2.41	 1	 -43.3654	  173.2569
7.229	 2.46	 1	 -42.4586	  173.7353
7.229	 2.25	 1	 -38.9385	  169.6545
7.231	 2.77	 1	 -46.8720	  175.2399
7.237	 2.31	 1	 -44.9958	  178.2765
7.238	 2.03	 1	 -46.9525	  174.9805
7.240	 2.30	 1	 -47.1890	  173.0724
7.243	 3.92	 1	 -38.1977	  173.1936
7.249	 2.13	 1	 -38.3479	  171.4453
7.269	 2.64	 1	 -39.9983	  177.9202
7.285	 3.48	 1	 -42.2588	  174.1793
7.291	 2.38	 1	 -47.1342	  172.0688
7.315	 2.18	 1	 -46.8934	  175.2043
7.317	 2.38	 1	 -47.1283	  174.0248
7.324	 2.72	 1	 -40.9763	  171.2901
7.325	 2.02	 1	 -44.4635	  167.3988
7.332	 2.07	 1	 -47.0800	  174.3620
7.346	 2.25	 1	 -45.4421	  169.7158
7.349	 2.37	 1	 -42.5916	  170.4180
7.350	 2.41	 1	 -42.7443	  173.3507
7.361	 3.28	 1	 -38.2968	  171.7335
7.380	 2.52	 1	 -40.3079	  178.2088
7.382	 2.29	 1	 -45.4349	  169.0327
7.391	 3.06	 1	 -44.7948	  167.6141
7.394	 2.06	 1	 -39.4684	  176.5566
7.395	 2.34	 1	 -39.4307	  177.2332
7.396	 2.37	 1	 -38.4279	  171.0824
7.398	 2.03	 1	 -43.9293	  178.9040
7.401	 2.43	 1	 -39.4781	  168.7441
7.415	 2.07	 1	 -38.1967	  173.1331
7.421	 2.04	 1	 -40.9160	  176.3847
7.425	 2.26	 1	 -42.5444	  179.1366
7.426	 2.18	 1	 -46.0822	  172.1214
7.455	 2.04	 1	 -40.9324	  167.3925
7.466	 2.45	 1	 -42.6545	  176.5922
7.482	 2.22	 1	 -39.3368	  177.0944
7.483	 2.09	 1	 -44.9481	  176.2560
7.504	 2.16	 1	 -47.1708	  172.4709
7.505	 3.09	 1	 -41.3510	  178.8613
7.506	 2.48	 1	 -46.7735	  175.5911
7.516	 2.19	 1	 -38.4983	  175.2276
7.521	 2.34	 1	 -46.2722	  169.3198
7.521	 2.88	 1	 -43.9767	  167.1591
7.530	 2.18	 1	 -42.9227	  179.1319
7.533	 2.21	 1	 -38.4613	  175.0928
7.541	 2.24	 1	 -43.4573	  178.7758
7.542	 3.86	 1	 -38.5747	  170.5646
7.555	 2.01	 1	 -42.4777	  173.7541
7.561	 2.52	 1	 -45.4106	  177.8957
7.571	 2.64	 1	 -47.1803	  172.6392
7.579	 2.08	 1	 -42.4001	  173.6301
7.579	 3.09	 1	 -41.1491	  167.2760
7.587	 3.23	 1	 -44.6874	  178.5049
7.598	 2.33	 1	 -44.5645	  167.4597
7.598	 3.74	 1	 -38.2007	  173.3040
7.599	 3.06	 1	 -41.7600	  174.3309
7.601	 2.02	 1	 -38.1964	  173.1116
7.606	 2.37	 1	 -47.1513	  173.8146
7.625	 2.19	 1	 -40.0174	  171.2245
7.627	 2.25	 1	 -42.8503	  171.4745
7.646	 2.21	 1	 -41.7752	  169.7599
7.655	 2.02	 1	 -45.8900	  171.2477
7.660	 2.85	 1	 -42.6682	  179.1399
7.677	 2.77	 1	 -44.4276	  168.5262
7.678	 2.72	 1	 -43.5633	  171.3316
7.678	 2.36	 1	 -38.6084	  175.5817
7.692	 2.09	 1	 -38.7088	  175.7729
7.695	 2.28	 1	 -39.6067	  168.5723
7.697	 2.17	 1	 -38.6308	  175.2261
7.706	 2.58	 1	 -45.3245	  168.0618
7.722	 2.25	 1	 -41.3581	  170.2989
7.733	 2.09	 1	 -39.0097	  176.5322
7.735	 2.66	 1	 -46.8006	  175.5097
7.744	 2.66	 1	 -42.5379	  173.8172
7.745	 3.28	 1	 -38.2549	  172.0347
7.757	 2.26	 1	 -38.3142	  171.6284
7.760	 2.44	 1	 -38.5031	  175.2446
7.767	 2.06	 1	 -42.2717	  173.6526
7.772	 2.10	 1	 -38.9095	  169.7151
7.779	 2.13	 1	 -39.0258	  176.5634
7.780	 2.27	 1	 -44.9449	  167.7272
7.789	 2.58	 1	 -41.7690	  175.8435
7.789	 3.12	 1	 -44.8125	  172.7445
7.801	 2.15	 1	 -46.5355	  169.8457
7.802	 2.45	 1	 -39.4739	  177.2943
7.804	 2.34	 1	 -46.1038	  177.0080
7.811	 2.35	 1	 -42.6349	  179.1395
7.811	 2.26	 1	 -43.6183	  169.5484
7.813	 2.12	 1	 -39.2891	  177.0203
7.814	 2.29	 1	 -41.4309	  170.4957
7.825	 2.51	 1	 -38.3434	  171.4681
7.826	 2.28	 1	 -45.5071	  174.3063
7.826	 2.81	 1	 -43.3947	  179.0649
7.827	 2.95	 1	 -40.9856	  167.3623
7.832	 2.02	 1	 -44.0143	  178.8697
7.840	 2.10	 1	 -44.6312	  174.9255
7.841	 2.10	 1	 -40.2349	  178.1453
7.842	 2.21	 1	 -46.8705	  175.2841
7.852	 2.59	 1	 -45.5913	  168.3453
7.867	 2.51	 1	 -44.2693	  178.7515
7.871	 2.32	 1	 -38.1966	  172.9192
7.881	 2.38	 1	 -38.4982	  175.2275
7.883	 2.59	 1	 -45.7494	  168.5354
7.884	 3.17	 1	 -40.8638	  175.2859
7.887	 2.92	 1	 -40.3616	  167.7905
7.898	 2.21	 1	 -43.6170	  174.5521
7.910	 2.32	 1	 -40.5642	  171.8532
7.913	 2.28	 1	 -39.5488	  177.3962
7.916	 2.06	 1	 -42.4099	  173.7761
7.922	 2.14	 1	 -44.2330	  177.4260
7.922	 2.16	 1	 -46.9338	  175.0545
7.938	 2.11	 1	 -41.7872	  174.2630
7.946	 2.16	 1	 -42.3192	  173.7462
7.962	 2.05	 1	 -43.6400	  179.0026
7.962	 4.08	 1	 -43.4061	  173.3721
7.969	 2.17	 1	 -47.1209	  174.0841
7.982	 2.12	 1	 -46.4723	  176.3361
7.994	 2.07	 1	 -39.9798	  170.4510
7.997	 2.16	 1	 -39.8261	  177.7358
7.999	 2.45	 1	 -45.4578	  168.1979
8.018	 2.45	 1	 -38.5084	  175.2630
8.026	 3.38	 1	 -41.2875	  172.6434
8.031	 3.20	 1	 -41.9769	  179.0620
8.034	 2.93	 1	 -47.1701	  173.5849
8.046	 2.27	 1	 -40.5066	  167.6759
8.046	 2.05	 1	 -45.1143	  178.1768
8.051	 2.58	 1	 -42.6263	  172.9355
8.053	 2.19	 1	 -46.2550	  174.4171
8.063	 2.68	 1	 -44.5962	  172.8041
8.071	 2.63	 1	 -39.8005	  168.3376
8.075	 2.66	 1	 -38.1972	  173.1700
8.085	 2.01	 1	 -40.2765	  167.8624
8.088	 2.41	 1	 -44.6772	  167.9187
8.097	 2.33	 1	 -41.1041	  178.7455
8.099	 2.68	 1	 -46.7231	  173.9770
8.101	 2.65	 1	 -46.2186	  176.8185
8.107	 3.00	 1	 -38.8868	  176.2806
8.112	 2.69	 1	 -42.4465	  172.8402
8.122	 2.32	 1	 -41.5522	  171.7180
8.127	 2.28	 1	 -46.9783	  171.1708
8.132	 2.99	 1	 -44.7682	  167.5951
8.133	 2.54	 2	 -44.7750	  167.5913
8.149	 2.25	 1	 -38.7335	  170.1215
8.151	 2.37	 1	 -42.3976	  172.4972
8.155	 2.31	 1	 -47.1822	  172.6832
8.155	 2.02	 1	 -43.3166	  175.2011
8.179	 2.85	 1	 -43.1483	  172.0355
8.179	 2.28	 1	 -40.0380	  177.9601
8.191	 2.37	 1	 -46.2402	  169.2631
8.199	 2.00	 1	 -42.1338	  172.8419
8.203	 3.38	 1	 -47.0947	  171.7749
8.208	 2.26	 1	 -45.0450	  178.2359
8.217	 2.41	 1	 -44.5152	  177.7086
8.221	 2.36	 2	 -41.2760	  172.6321
8.231	 2.18	 1	 -44.9213	  171.3934
8.232	 3.01	 1	 -45.0479	  167.8107
8.235	 2.08	 1	 -39.6353	  168.5359
8.244	 2.19	 1	 -42.2004	  174.1988
8.251	 2.36	 1	 -41.7556	  174.7002
8.254	 2.10	 1	 -42.3998	  179.1270
8.259	 2.33	 1	 -42.5411	  173.5733
8.265	 2.58	 1	 -42.3636	  179.1236
8.265	 2.14	 1	 -38.8591	  176.2199
8.276	 2.91	 1	 -45.7611	  177.4940
8.284	 2.04	 1	 -44.8930	  178.3574
8.313	 2.28	 2	 -43.3949	  173.3827
8.313	 3.06	 1	 -46.9765	  171.1629
8.333	 2.72	 1	 -42.8540	  175.6145
8.337	 2.04	 1	 -42.2464	  174.1254
8.346	 3.08	 1	 -45.0289	  167.7950
8.347	 2.80	 1	 -41.9149	  179.0478
8.350	 2.04	 1	 -42.4505	  173.7394
8.356	 2.20	 1	 -43.6561	  178.9978
8.361	 2.03	 1	 -42.4631	  169.4755
8.364	 2.16	 1	 -41.7839	  174.2627
8.368	 2.10	 1	 -47.1631	  173.6800
8.369	 2.20	 1	 -39.3773	  176.8739
8.370	 2.04	 1	 -41.7877	  174.0523
8.370	 2.10	 1	 -39.0812	  176.6672
8.380	 2.02	 1	 -42.3701	  173.6143
8.388	 2.08	 1	 -38.7207	  170.1539
8.388	 2.07	 1	 -45.2556	  167.9955
8.406	 2.10	 1	 -41.5852	  178.9515
8.408	 3.18	 1	 -38.7834	  176.0455
8.418	 2.05	 1	 -44.5301	  175.4873
8.418	 2.02	 1	 -45.3869	  168.1243
8.429	 2.65	 1	 -43.9593	  172.1250
8.431	 2.19	 1	 -46.9981	  174.7862
8.436	 2.60	 1	 -42.7565	  171.9689
8.444	 2.59	 1	 -44.8279	  167.6382
8.446	 2.39	 1	 -41.9498	  173.7086
8.452	 2.18	 1	 -41.2849	  167.2118
8.455	 2.04	 1	 -47.0015	  174.7710
8.456	 2.43	 1	 -41.1956	  173.5222
8.462	 2.24	 1	 -42.8884	  168.0392
8.464	 2.93	 1	 -43.5907	  172.2068
8.469	 2.53	 1	 -40.6390	  170.4109
8.472	 2.28	 1	 -44.8615	  172.3531
8.475	 3.36	 1	 -42.7881	  166.9057
8.481	 2.61	 1	 -41.7815	  174.1953
8.488	 3.01	 1	 -45.3216	  177.9853
8.495	 2.11	 1	 -46.2262	  176.8055
8.513	 2.01	 1	 -42.5542	  173.1167
8.515	 2.27	 1	 -40.2091	  173.1198
8.518	 2.22	 1	 -42.0558	  173.7408
8.522	 2.47	 1	 -43.4781	  174.1714
8.543	 2.02	 1	 -46.8709	  175.2828
8.545	 2.05	 1	 -43.2552	  179.0919
8.548	 3.39	 1	 -41.8140	  167.0222
8.549	 2.09	 1	 -40.3818	  172.5148
8.551	 2.12	 1	 -46.9444	  175.0131
8.560	 2.07	 1	 -44.1305	  176.3344
8.564	 3.25	 1	 -39.8167	  168.7837
8.568	 2.80	 1	 -41.9941	  169.2145
8.568	 2.11	 1	 -42.2258	  167.9777
8.574	 2.03	 1	 -38.3169	  171.6127
8.584	 2.37	 1	 -46.2704	  176.7278
8.593	 2.83	 1	 -39.1528	  176.7950
8.596	 2.68	 1	 -40.3573	  178.2502
8.598	 2.01	 1	 -43.4154	  166.9839
8.600	 2.00	 1	 -42.3000	  173.7302
8.600	 2.61	 1	 -43.8267	  172.0923
8.600	 2.10	 1	 -40.2729	  178.1787
8.604	 2.90	 1	 -43.4002	  172.5187
8.605	 2.98	 1	 -44.4858	  175.8429
8.612	 3.15	 1	 -44.1519	  169.6360
8.643	 2.14	 1	 -39.3436	  177.1047
8.644	 2.54	 1	 -46.8649	  170.7411
8.648	 2.30	 1	 -39.2737	  169.3280
8.659	 2.76	 1	 -40.2005	  173.8672
8.659	 3.58	 1	 -42.2958	  173.8165
8.659	 2.06	 1	 -42.3601	  173.7901
8.659	 2.01	 1	 -40.1653	  173.8832
8.672	 2.54	 1	 -42.9361	  166.9133
8.695	 2.08	 1	 -42.7094	  171.8134
8.695	 2.61	 1	 -41.6818	  174.2353
8.699	 2.10	 1	 -47.1890	  172.9722
8.718	 2.05	 1	 -47.0606	  171.5700
8.719	 3.32	 1	 -42.3002	  173.5627
8.724	 2.64	 2	 -43.4127	  173.3853
8.725	 2.44	 1	 -40.9958	  174.7290
8.740	 2.31	 1	 -44.8576	  170.7694
8.740	 2.25	 1	 -42.6592	  172.7735
8.746	 2.28	 1	 -38.5744	  175.4788
8.748	 2.72	 1	 -38.9087	  172.0438
8.753	 2.77	 1	 -44.9519	  167.7327
8.769	 2.22	 1	 -44.3290	  178.7204
8.778	 2.18	 1	 -45.2456	  174.7330
8.781	 2.01	 1	 -46.5723	  176.1147
8.791	 2.55	 1	 -45.5811	  173.0552
8.803	 2.21	 1	 -38.5533	  175.4123
8.807	 2.42	 1	 -45.6180	  177.5027
8.813	 2.07	 1	 -39.0875	  176.6788
8.826	 2.87	 1	 -40.0267	  174.9838
8.827	 2.14	 2	 -43.6258	  169.5434
8.829	 2.88	 1	 -41.6905	  174.2098
8.831	 2.25	 1	 -42.1177	  173.6398
8.847	 2.40	 1	 -46.3411	  169.4463
8.857	 2.20	 1	 -38.3572	  171.3985
8.868	 2.20	 1	 -41.3112	  174.0095
8.876	 2.58	 1	 -45.0542	  167.8161
8.877	 2.37	 1	 -43.1589	  169.2067
8.883	 2.06	 1	 -39.5377	  177.3815
8.886	 3.20	 1	 -42.0098	  179.0690
8.888	 3.10	 1	 -46.9988	  174.7832
8.902	 2.06	 1	 -39.5384	  168.6618
8.909	 2.27	 1	 -42.0199	  166.9732
8.914	 2.29	 1	 -41.7624	  174.2734
8.916	 2.04	 1	 -40.7487	  167.5055
8.920	 2.15	 1	 -40.9701	  172.8800
8.926	 2.25	 1	 -42.4048	  175.7567
8.928	 2.41	 1	 -46.7918	  170.5077
8.934	 2.54	 1	 -46.5021	  169.7719
8.938	 2.33	 1	 -39.4174	  168.8302
8.942	 4.27	 1	 -41.7306	  172.5289
8.944	 2.05	 1	 -47.1842	  173.3098
8.950	 2.36	 1	 -38.6940	  170.2234
8.955	 2.08	 1	 -38.8313	  169.8870
8.959	 2.48	 1	 -39.1300	  171.6387
8.961	 2.33	 1	 -44.6130	  172.9836
8.968	 2.29	 1	 -44.6853	  177.4987
8.972	 2.23	 1	 -40.1925	  167.9371
8.995	 2.21	 1	 -41.7301	  174.3123
8.996	 2.19	 1	 -44.5506	  167.5496
8.999	 3.11	 1	 -41.3470	  172.3837
9.003	 2.24	 1	 -40.1620	  169.5710
9.018	 2.03	 1	 -39.7330	  168.4162
9.027	 2.05	 1	 -39.5764	  168.6115
9.031	 2.22	 1	 -43.2438	  173.2216
9.032	 2.41	 1	 -38.3023	  174.3452
9.035	 2.07	 1	 -42.1916	  168.4854
9.037	 2.02	 1	 -40.4431	  173.3009
9.058	 2.21	 1	 -38.5888	  175.5229
9.058	 2.36	 1	 -43.1028	  176.6657
9.065	 2.51	 1	 -47.0681	  174.4319
9.069	 2.66	 1	 -38.6927	  170.2270
9.075	 2.12	 1	 -42.4576	  173.1951
9.077	 2.27	 1	 -46.0167	  168.9023
9.095	 2.29	 1	 -40.3018	  178.2036
9.109	 2.20	 1	 -42.3474	  173.8446
9.114	 2.60	 1	 -46.9029	  170.8742
9.121	 2.15	 1	 -38.6086	  170.4620
9.127	 2.06	 1	 -46.4513	  172.1103
9.128	 2.84	 1	 -41.1585	  167.2714
9.135	 2.28	 1	 -40.1526	  167.9738
9.155	 2.79	 1	 -44.0724	  171.0690
9.173	 3.09	 1	 -42.3368	  173.9568
9.181	 2.92	 1	 -45.1449	  170.6105
9.197	 2.01	 1	 -41.0714	  167.3157
9.199	 2.31	 1	 -44.5250	  178.6089
9.199	 2.72	 1	 -38.7053	  170.1939
9.217	 2.15	 1	 -44.3125	  171.2447
9.217	 2.67	 1	 -43.8916	  172.5365
9.225	 2.49	 1	 -45.9686	  168.8315
9.236	 2.65	 1	 -46.4289	  169.6184
9.238	 2.24	 1	 -41.4263	  178.8924
9.238	 2.48	 1	 -41.8140	  168.6015
9.239	 2.60	 1	 -46.8143	  175.4675
9.245	 2.19	 1	 -45.5453	  168.2931
9.245	 2.18	 1	 -44.7469	  171.2665
9.253	 2.08	 1	 -42.1595	  174.6536
9.259	 2.76	 1	 -42.5461	  169.1180
9.279	 3.43	 1	 -38.5318	  175.3421
9.283	 3.48	 1	 -43.6044	  179.0128
9.285	 2.08	 1	 -38.8359	  176.1678
9.285	 3.71	 1	 -41.1556	  178.7715
9.299	 2.22	 1	 -41.1858	  170.5361
9.304	 2.11	 1	 -43.5565	  167.6725
9.305	 2.22	 1	 -41.7518	  174.0378
9.307	 2.24	 1	 -44.9107	  170.0983
9.308	 2.27	 1	 -43.3706	  166.9743
9.311	 2.09	 1	 -42.2631	  173.4149
9.331	 4.08	 1	 -40.8843	  167.4208
9.342	 2.47	 1	 -43.4609	  166.9943
9.344	 4.22	 1	 -41.8102	  174.1669
9.354	 2.17	 1	 -39.2122	  169.1483
9.360	 4.47	 1	 -46.9500	  171.0538
9.366	 2.01	 1	 -38.2579	  174.0343
9.373	 2.02	 1	 -45.4447	  170.1862
9.380	 2.07	 1	 -42.7672	  166.9052
9.383	 2.12	 1	 -46.0205	  174.5217
9.385	 2.04	 1	 -41.8368	  176.4472
9.393	 2.05	 1	 -43.2252	  171.6023
9.412	 2.69	 1	 -41.8626	  174.2195
9.413	 2.37	 1	 -40.8183	  178.5832
9.430	 2.36	 1	 -41.9655	  174.0381
9.431	 2.68	 1	 -38.2187	  173.6373
9.439	 2.11	 1	 -43.7167	  172.8710
9.442	 3.28	 1	 -40.4785	  167.6973
9.445	 2.21	 1	 -39.8343	  176.2352
9.454	 2.74	 1	 -39.7308	  175.8828
9.454	 2.11	 1	 -42.6940	  173.7229
9.456	 2.31	 1	 -42.0858	  173.6475
9.462	 3.27	 1	 -38.6683	  175.7516
9.465	 2.99	 1	 -46.1212	  169.3219
9.476	 2.69	 1	 -42.4892	  167.4404
9.476	 2.04	 1	 -45.7768	  168.5703
9.477	 2.11	 1	 -44.7000	  178.4964
9.481	 2.01	 1	 -46.5051	  169.7786
9.491	 3.12	 1	 -40.6644	  178.4823
9.520	 2.06	 1	 -43.1023	  172.9391
9.543	 2.76	 1	 -38.4126	  171.1460
9.547	 2.24	 2	 -38.2086	  173.2169
9.558	 3.47	 1	 -43.9922	  172.7448
9.565	 2.37	 1	 -39.2140	  176.8989
9.567	 2.06	 1	 -46.2020	  169.1973
9.573	 2.94	 1	 -41.6910	  174.2018
9.577	 3.01	 1	 -44.5435	  175.2779
9.588	 2.02	 1	 -46.6305	  175.9754
9.588	 2.23	 1	 -39.1690	  176.8230
9.595	 2.10	 1	 -42.7879	  179.1386
9.610	 2.56	 1	 -46.8163	  175.4614
9.616	 2.35	 1	 -40.9185	  175.2159
9.621	 3.23	 1	 -46.2604	  169.2987
9.628	 2.05	 1	 -46.4305	  176.4227
9.632	 2.03	 1	 -40.3074	  178.2084
9.643	 2.06	 1	 -38.3349	  174.5314
9.644	 2.32	 1	 -47.0504	  174.5302
9.651	 2.31	 1	 -44.5043	  178.6214
9.679	 3.33	 1	 -41.1962	  169.8450
9.688	 2.10	 1	 -41.7043	  175.4388
9.691	 2.21	 1	 -40.2667	  171.0811
9.710	 2.40	 1	 -44.8870	  167.6823
9.717	 2.10	 1	 -46.9983	  171.2589
9.734	 2.81	 1	 -47.1616	  173.6977
9.736	 2.45	 1	 -42.0203	  173.8390
9.739	 2.03	 1	 -43.4527	  173.2576
9.751	 2.42	 1	 -41.5427	  177.4840
9.752	 2.10	 1	 -40.4891	  178.3551
9.759	 2.89	 1	 -41.8336	  178.6158
9.767	 2.21	 1	 -43.4942	  173.1827
9.770	 2.66	 1	 -41.8128	  174.0638
9.773	 2.02	 1	 -46.2362	  176.7881
9.787	 2.13	 1	 -41.9055	  173.6186
9.788	 2.03	 1	 -41.5668	  178.9451
9.790	 3.65	 1	 -47.0985	  174.2445
9.796	 2.27	 1	 -45.0560	  177.0635
9.798	 4.56	 1	 -46.6629	  175.8940
9.802	 2.17	 1	 -40.3136	  178.2136
9.806	 2.50	 1	 -40.1263	  178.0458
9.814	 2.46	 1	 -44.2053	  173.3324
9.816	 2.62	 1	 -40.8816	  170.7417
9.827	 2.04	 1	 -38.5019	  170.8040
9.829	 2.06	 1	 -46.5611	  176.1407
9.837	 3.66	 1	 -39.3255	  168.9672
9.841	 2.27	 1	 -41.8428	  174.2551
9.850	 2.12	 1	 -40.6322	  177.4198
9.863	 3.89	 1	 -42.1490	  166.9492
9.865	 2.32	 1	 -42.5742	  169.9590
9.868	 2.61	 1	 -45.8689	  168.6918
9.881	 2.47	 1	 -42.2285	  169.6420
9.882	 2.14	 1	 -42.3193	  173.6340
9.893	 2.19	 1	 -47.1890	  173.0744
9.894	 3.34	 1	 -38.1964	  172.9384
9.904	 2.25	 1	 -45.1890	  173.5983
9.928	 2.26	 1	 -40.1311	  167.9939
9.945	 2.08	 1	 -41.1105	  173.0293
9.946	 2.44	 1	 -44.1450	  175.2576
9.949	 2.48	 1	 -45.8093	  172.6131
9.970	 2.59	 1	 -38.5692	  175.4625
9.973	 2.16	 1	 -42.0119	  175.2020
9.974	 2.24	 1	 -44.7576	  172.2419
9.979	 2.49	 1	 -42.1996	  166.9412
9.987	 2.31	 1	 -40.2346	  178.1451
10.013	 2.25	 2	 -38.2012	  172.9408
10.015	 5.18	 1	 -39.3817	  172.7282
10.016	 3.11	 1	 -41.7957	  173.4435
10.022	 2.30	 1	 -40.7749	  171.3823
10.023	 2.38	 1	 -46.1606	  169.1281
10.048	 2.27	 1	 -46.6826	  170.2013
10.050	 2.26	 1	 -42.1118	  173.6376
10.065	 2.46	 1	 -41.3915	  178.2180
10.065	 2.07	 1	 -44.3139	  170.5980
10.069	 2.38	 1	 -46.9378	  171.0055
10.082	 2.10	 1	 -42.5164	  179.1353
10.082	 3.18	 1	 -42.1144	  172.9225
10.099	 3.12	 1	 -41.7613	  174.2251
10.125	 2.46	 1	 -46.1872	  170.1140
10.131	 2.33	 1	 -47.0338	  174.6164
10.131	 2.20	 1	 -44.2922	  167.3046
10.135	 2.87	 1	 -40.4184	  170.3948
10.141	 2.33	 1	 -46.0894	  177.0307
10.141	 2.34	 1	 -38.4258	  174.9532
10.146	 2.04	 1	 -45.3123	  170.3129
10.151	 3.75	 1	 -43.3794	  166.9761
10.161	 2.41	 1	 -46.8758	  172.0491
10.168	 2.34	 1	 -45.4247	  172.1661
10.178	 2.06	 1	 -41.4078	  176.3540
10.180	 2.13	 1	 -44.8558	  178.3855
10.184	 2.15	 1	 -45.0872	  171.8618
10.191	 3.23	 1	 -40.9681	  171.1128
10.198	 2.49	 1	 -41.9219	  174.2655
10.211	 2.35	 1	 -45.6536	  173.6359
10.220	 2.27	 1	 -42.6002	  172.9484
10.226	 2.81	 2	 -43.5396	  166.7940
10.233	 2.17	 1	 -42.2419	  173.8087
10.243	 2.19	 1	 -44.0197	  172.3201
10.249	 2.02	 1	 -41.7671	  174.0554
10.249	 4.39	 1	 -42.9147	  170.0468
10.254	 2.80	 1	 -46.2773	  172.9234
10.261	 2.50	 1	 -43.5294	  167.0112
10.263	 2.32	 1	 -38.6207	  175.6176
10.283	 2.39	 1	 -40.6127	  178.4462
10.290	 2.26	 1	 -43.9061	  173.4990
10.296	 2.03	 1	 -47.1676	  172.4239
10.297	 2.06	 1	 -41.7839	  174.1697
10.309	 3.76	 1	 -42.6656	  172.8597
10.309	 2.45	 1	 -46.9003	  174.0237
10.328	 2.32	 1	 -40.7358	  175.7491
10.330	 2.32	 1	 -44.5940	  178.5660
10.332	 2.62	 1	 -38.3961	  171.2170
10.339	 2.03	 1	 -42.1589	  173.6037
10.340	 2.10	 1	 -39.3677	  177.1409
10.340	 2.24	 1	 -42.6714	  171.7768
10.342	 2.03	 2	 -42.8853	  170.0001
10.351	 3.54	 1	 -43.9321	  176.0719
10.373	 2.43	 1	 -39.3876	  170.6248
10.379	 2.35	 1	 -44.6808	  178.5094
10.390	 2.70	 1	 -46.0343	  177.1156
10.397	 2.71	 1	 -45.1298	  167.8810
10.399	 2.74	 1	 -41.7019	  171.5161
10.404	 2.17	 1	 -41.7127	  177.0621
10.423	 2.06	 1	 -41.3633	  171.6560
10.424	 3.46	 1	 -42.4514	  171.0354
10.427	 3.77	 1	 -42.3122	  176.5185
10.450	 2.98	 1	 -46.7872	  175.5502
10.451	 2.46	 1	 -43.0663	  172.7993
10.464	 2.77	 1	 -43.2842	  176.0860
10.489	 2.35	 1	 -38.1965	  173.1231
10.494	 2.25	 1	 -39.2789	  169.0401
10.503	 2.08	 1	 -47.1818	  172.6733
10.503	 2.35	 1	 -43.7855	  167.0878
10.535	 2.04	 1	 -42.6106	  170.7562
10.540	 2.30	 1	 -45.6118	  174.4534
10.544	 2.10	 1	 -44.2896	  167.3032
10.546	 2.86	 1	 -41.0470	  178.7156
10.565	 2.42	 1	 -39.8526	  177.7654
10.586	 3.82	 1	 -41.4081	  173.2015
10.588	 2.01	 1	 -45.2010	  167.9448
10.593	 3.83	 1	 -40.8735	  167.4273
10.598	 2.03	 1	 -38.5031	  175.2446
10.618	 2.39	 1	 -46.2141	  169.2180
10.640	 2.11	 1	 -45.1525	  178.1433
10.648	 2.64	 1	 -46.8943	  173.6545
10.655	 2.50	 1	 -43.6234	  175.6714
10.656	 3.98	 1	 -41.8585	  179.0338
10.667	 2.14	 1	 -39.7527	  170.5317
10.676	 2.22	 1	 -41.9042	  169.9555
10.684	 2.50	 1	 -39.4377	  172.5386
10.684	 2.26	 1	 -40.8536	  169.8775
10.688	 2.83	 1	 -46.1412	  169.0963
10.688	 2.59	 1	 -38.6251	  174.2077
10.695	 2.35	 1	 -46.9777	  171.1680
10.695	 2.75	 1	 -42.4079	  178.0977
10.697	 2.13	 1	 -38.7180	  170.1610
10.700	 2.08	 1	 -41.8895	  174.4841
10.703	 2.10	 1	 -40.1791	  167.9493
10.743	 2.46	 1	 -40.8978	  174.3689
10.800	 2.08	 1	 -42.8113	  177.8763
10.830	 2.23	 1	 -38.2577	  172.0117
10.860	 2.01	 1	 -39.8920	  174.8340
10.890	 2.82	 1	 -42.0945	  178.0503
10.896	 2.09	 1	 -45.2655	  178.0395
10.919	 2.12	 1	 -42.1992	  166.9413
10.940	 2.06	 1	 -43.5695	  171.8839
10.959	 2.53	 1	 -42.3586	  173.7637
10.959	 2.25	 1	 -40.1884	  167.9408
10.974	 2.03	 1	 -39.2751	  176.9750
10.982	 2.03	 1	 -42.5224	  179.1356
10.998	 2.20	 1	 -41.4677	  173.4727
11.015	 2.51	 1	 -40.5448	  167.6473
11.016	 2.78	 1	 -46.7737	  170.4537
11.018	 2.48	 1	 -43.2791	  179.0877
11.020	 2.42	 1	 -43.2386	  177.6343
11.031	 2.02	 1	 -45.1107	  178.1800
11.039	 2.00	 1	 -42.6000	  173.0001
11.041	 2.24	 1	 -42.7806	  173.6957
11.043	 2.30	 1	 -41.5986	  174.2470
11.061	 2.58	 1	 -39.8038	  168.3338
11.064	 2.36	 1	 -46.5589	  169.8986
11.065	 2.08	 1	 -39.8101	  169.6850
11.076	 2.90	 1	 -44.6989	  178.4972
11.078	 2.28	 1	 -43.4148	  175.5422
11.081	 3.36	 1	 -40.8113	  167.4655
11.084	 2.83	 1	 -42.5883	  172.9653
11.093	 2.35	 1	 -38.4997	  170.8116
11.094	 2.35	 1	 -40.3398	  178.2357
11.096	 2.29	 1	 -41.5126	  167.1187
11.100	 3.24	 1	 -44.1638	  178.8032
11.135	 2.06	 1	 -44.4277	  170.2241
11.136	 2.27	 1	 -41.1213	  178.7543
11.140	 2.17	 1	 -40.4100	  167.7511
11.148	 3.40	 1	 -39.3152	  177.0612
11.151	 2.33	 1	 -44.5006	  172.0080
11.165	 2.07	 1	 -41.3840	  171.5158
11.174	 3.31	 1	 -38.7131	  175.8706
11.187	 2.20	 1	 -40.4235	  174.1364
11.189	 2.35	 1	 -42.2248	  176.8239
11.194	 2.01	 1	 -41.1972	  175.7903
11.205	 3.63	 1	 -38.1964	  172.9292
11.220	 2.15	 1	 -42.3032	  173.2821
11.223	 2.07	 1	 -41.7358	  174.2215
11.228	 2.22	 1	 -41.7269	  170.5701
11.234	 2.12	 1	 -43.5799	  167.0246
11.251	 2.36	 1	 -41.7590	  174.2110
11.252	 2.22	 1	 -39.3975	  170.8711
11.256	 2.06	 1	 -42.3955	  173.7826
11.266	 2.27	 1	 -46.1172	  176.9867
11.266	 2.22	 1	 -43.0414	  174.9122
11.267	 2.00	 1	 -45.2712	  178.0340
11.280	 2.19	 1	 -41.5107	  178.9249
11.281	 2.47	 1	 -46.6420	  170.0974
11.284	 2.23	 1	 -42.5395	  166.9079
11.323	 2.29	 1	 -42.4446	  169.4165
11.340	 2.08	 1	 -42.2323	  170.0622
11.348	 2.65	 1	 -39.5629	  168.6293
11.351	 2.28	 1	 -44.0899	  176.8246
11.367	 2.05	 1	 -44.9282	  167.7141
11.368	 2.96	 1	 -47.1767	  172.5682
11.373	 2.34	 1	 -41.7287	  168.6672
11.379	 2.16	 1	 -42.4864	  173.0646
11.394	 3.22	 1	 -41.9632	  173.6576
11.395	 2.49	 1	 -46.8047	  175.4973
11.395	 2.03	 1	 -42.9371	  170.1913
11.402	 2.03	 1	 -40.7764	  169.5719
11.404	 3.46	 1	 -38.4210	  171.1109
11.412	 2.06	 1	 -45.1659	  178.1313
11.415	 2.02	 1	 -43.4716	  176.2908
11.423	 2.47	 2	 -39.3762	  172.7415
11.433	 2.08	 1	 -46.9181	  175.1141
11.434	 2.37	 1	 -43.7049	  167.0614
11.435	 2.08	 1	 -45.2355	  172.2481
11.437	 2.60	 1	 -39.4518	  168.7811
11.440	 2.22	 1	 -46.2699	  176.7287
11.445	 2.09	 1	 -42.4031	  173.2726
11.454	 2.28	 1	 -44.6409	  169.5415
11.467	 3.03	 1	 -38.2750	  174.1642
11.468	 2.10	 1	 -42.3223	  173.8477
11.470	 2.38	 1	 -41.1396	  167.2808
11.470	 2.63	 1	 -40.4144	  167.7476
11.479	 2.17	 1	 -42.6494	  166.9046
11.480	 2.06	 1	 -46.3616	  176.5589
11.482	 2.21	 1	 -41.8254	  174.2062
11.493	 2.37	 1	 -42.3989	  173.2822
11.500	 2.32	 1	 -43.1157	  166.9315
11.501	 2.39	 1	 -40.7747	  178.5556
11.509	 2.52	 1	 -41.0722	  167.3153
11.511	 2.41	 1	 -38.1972	  173.1677
11.533	 2.73	 1	 -38.3701	  171.3358
11.538	 2.72	 1	 -39.2949	  177.0295
11.538	 2.08	 1	 -43.5248	  177.3481
11.539	 2.14	 1	 -39.7087	  168.4454
11.548	 2.33	 1	 -45.8664	  168.6885
11.551	 3.53	 1	 -37.6716	  171.8306
11.555	 2.61	 1	 -45.2363	  176.3358
11.556	 2.05	 1	 -44.9562	  167.7361
11.565	 2.28	 1	 -44.2533	  170.1118
11.566	 2.68	 1	 -41.0382	  177.0341
11.575	 2.52	 1	 -45.6378	  177.6449
11.580	 4.63	 1	 -45.8033	  172.5056
11.584	 3.09	 1	 -45.8210	  168.6277
11.584	 2.44	 1	 -42.2329	  173.6744
11.587	 2.06	 1	 -40.5919	  178.4313
11.591	 2.39	 1	 -44.7205	  173.8894
11.594	 2.04	 1	 -46.0359	  168.9311
11.595	 2.70	 1	 -38.2277	  172.2958
11.602	 2.10	 1	 -47.0633	  171.5851
11.613	 2.19	 1	 -42.6184	  175.2182
11.628	 2.01	 1	 -41.8598	  175.2471
11.632	 2.19	 1	 -44.0572	  178.8514
11.634	 2.08	 1	 -43.8899	  167.1252
11.637	 2.60	 1	 -41.9893	  166.9796
11.641	 2.17	 1	 -44.8728	  168.0394
11.642	 2.11	 1	 -43.8016	  178.9509
11.644	 2.61	 1	 -43.9425	  178.8988
11.646	 2.16	 1	 -42.4529	  175.0850
11.648	 2.83	 1	 -46.9911	  171.2266
11.653	 2.23	 1	 -46.2922	  169.3559
11.661	 2.05	 1	 -42.4323	  166.9146
11.676	 2.81	 1	 -41.8290	  174.2231
11.683	 3.02	 1	 -42.9911	  176.4965
11.699	 2.04	 1	 -41.4558	  174.2174
11.720	 2.09	 1	 -40.2652	  170.8448
11.742	 2.02	 1	 -42.8859	  177.5483
11.742	 2.75	 1	 -38.2007	  172.7397
11.768	 2.65	 1	 -42.3542	  173.8775
11.790	 2.55	 1	 -41.5847	  167.0929
11.792	 2.12	 1	 -42.4558	  173.6659
11.802	 2.01	 1	 -42.0974	  173.5236
11.804	 2.06	 1	 -38.2216	  173.6745
11.829	 3.61	 1	 -41.6114	  174.2997
11.833	 2.05	 1	 -39.9293	  170.3928
11.838	 2.42	 1	 -40.2237	  174.7991
11.839	 2.12	 1	 -42.8365	  179.1368
11.843	 2.34	 1	 -38.2108	  172.5251
11.845	 2.04	 1	 -38.3537	  171.4156
11.846	 2.01	 1	 -45.8290	  176.0369
11.847	 2.24	 1	 -38.3530	  171.4192
11.851	 3.22	 1	 -45.8474	  177.3814
11.852	 2.86	 1	 -43.7636	  178.9639
11.853	 2.91	 1	 -42.0546	  166.9662
11.855	 2.11	 1	 -42.7136	  172.7565
11.870	 2.59	 1	 -42.2758	  169.4465
11.880	 2.15	 1	 -42.1340	  173.6171
11.891	 2.36	 1	 -38.2385	  173.8616
11.893	 2.33	 1	 -42.7662	  173.9737
11.899	 2.02	 1	 -39.4257	  177.2260
11.913	 2.59	 1	 -41.3880	  173.8301
11.921	 2.48	 1	 -46.5860	  176.0826
11.929	 2.25	 1	 -45.1890	  178.1104
11.932	 2.76	 1	 -39.0880	  176.6796
11.936	 2.39	 1	 -44.3023	  178.7345
11.954	 2.35	 1	 -39.1696	  169.2202
11.963	 2.33	 1	 -39.2132	  169.1467
11.974	 2.67	 1	 -40.9174	  175.6900
12.007	 3.24	 1	 -42.4450	  173.9727
12.011	 2.34	 1	 -43.3223	  166.9646
12.013	 2.27	 1	 -43.7894	  173.5707
12.025	 2.13	 1	 -40.6051	  174.4853
12.033	 2.13	 1	 -44.8783	  167.6757
12.034	 2.03	 1	 -42.2214	  173.7268
12.054	 2.01	 1	 -44.7440	  178.4662
12.064	 2.15	 1	 -46.3937	  169.5478
12.074	 2.40	 1	 -38.3685	  171.3434
12.079	 3.30	 1	 -38.2471	  173.9424
12.081	 2.27	 1	 -47.1408	  173.9171
12.084	 2.64	 1	 -42.7880	  166.9057
12.084	 2.20	 1	 -40.3823	  178.2708
12.092	 3.01	 1	 -46.3601	  176.5617
12.116	 2.26	 1	 -41.8623	  172.4236
12.132	 2.21	 1	 -38.3303	  174.5065
12.144	 2.61	 1	 -43.9472	  176.2625
12.169	 2.28	 1	 -41.8177	  174.2074
12.170	 2.06	 1	 -39.0667	  169.4038
12.176	 2.42	 1	 -39.6745	  177.5572
12.196	 2.04	 1	 -45.2036	  168.8498
12.196	 2.19	 1	 -44.3500	  174.4416
12.208	 2.03	 1	 -41.6732	  174.2772
12.211	 2.03	 1	 -46.8817	  175.2454
12.219	 2.87	 1	 -38.3441	  174.5474
12.224	 2.71	 1	 -45.8446	  177.3852
12.227	 2.23	 1	 -41.6617	  174.2405
12.230	 2.42	 1	 -42.1749	  173.5854
12.235	 3.36	 1	 -38.7689	  173.0749
12.242	 2.03	 1	 -40.3322	  178.2293
12.253	 2.18	 1	 -41.1108	  178.7489
12.268	 3.01	 1	 -45.3866	  168.1240
12.295	 2.06	 1	 -42.3970	  173.9831
12.310	 2.00	 1	 -42.6920	  179.1400
12.318	 2.01	 1	 -46.8748	  170.7750
12.323	 2.98	 1	 -43.8558	  167.1126
12.324	 2.38	 1	 -38.2232	  173.6943
12.331	 2.75	 1	 -45.6311	  170.4528
12.351	 2.14	 1	 -45.9182	  177.2844
12.373	 2.17	 1	 -46.3253	  176.4069
12.393	 2.43	 1	 -41.7309	  174.2842
12.404	 2.16	 1	 -45.7183	  177.5477
12.422	 2.65	 1	 -42.9954	  173.0845
12.425	 3.10	 1	 -42.0861	  178.9654
12.444	 2.36	 1	 -40.0832	  178.0045
12.452	 2.09	 1	 -43.6448	  179.0012
12.455	 2.10	 1	 -42.7325	  172.3663
12.462	 3.00	 1	 -42.6699	  173.4444
12.471	 2.15	 1	 -39.6851	  177.5702
12.478	 2.41	 1	 -47.1828	  172.6978
12.479	 3.39	 1	 -43.9319	  167.1413
12.486	 2.06	 1	 -38.2247	  173.7126
12.493	 2.47	 1	 -41.7449	  174.2481
12.501	 2.57	 1	 -44.3216	  178.7243
12.528	 2.28	 1	 -47.0641	  171.5897
12.534	 2.02	 1	 -43.0672	  177.2968
12.558	 2.02	 1	 -39.4327	  177.2361
12.562	 2.04	 1	 -45.7642	  168.5542
12.571	 2.02	 1	 -41.5094	  174.5057
12.572	 3.20	 1	 -43.7801	  178.9583
12.576	 2.84	 1	 -46.2797	  176.7112
12.577	 2.09	 1	 -45.7153	  177.5513
12.580	 2.43	 1	 -45.4742	  175.8779
12.588	 2.66	 1	 -47.0743	  171.6486
12.594	 2.17	 1	 -40.6815	  172.9459
12.594	 2.28	 1	 -46.7853	  175.5560
12.609	 2.55	 2	 -42.1120	  173.6365
12.610	 2.24	 1	 -41.2918	  177.5941
12.616	 4.25	 1	 -46.2280	  169.2420
12.629	 3.01	 1	 -41.2678	  177.5858
12.641	 2.13	 1	 -38.9365	  169.6587
12.641	 2.25	 1	 -42.0149	  173.5644
12.646	 2.35	 1	 -42.2796	  172.2558
12.653	 3.77	 1	 -47.1105	  171.8830
12.661	 2.22	 1	 -41.7105	  174.1777
12.667	 2.03	 2	 -46.2005	  169.2725
12.679	 2.12	 1	 -43.2669	  176.8277
12.688	 2.18	 1	 -41.8325	  167.0173
12.702	 2.18	 1	 -47.1749	  173.5085
12.705	 2.26	 1	 -41.5117	  167.1191
12.708	 2.72	 1	 -44.7237	  172.1292
12.711	 2.24	 1	 -39.1325	  176.7595
12.719	 2.05	 1	 -45.6126	  177.6744
12.727	 3.04	 1	 -41.7025	  174.2324
12.733	 2.23	 1	 -46.2168	  176.8217
12.747	 2.16	 1	 -43.6429	  167.0425
12.771	 2.29	 1	 -42.6173	  166.9524
12.777	 2.28	 1	 -43.5212	  179.0352
12.791	 2.24	 1	 -46.0868	  177.0349
12.800	 3.02	 1	 -39.4869	  170.5340
12.811	 3.59	 1	 -41.4194	  167.1547
12.814	 2.04	 1	 -43.9090	  177.8989
12.814	 2.30	 1	 -40.4567	  176.6614
12.820	 3.52	 1	 -39.1015	  169.3402
12.828	 2.08	 1	 -39.0078	  169.5157
12.830	 2.90	 1	 -42.0046	  174.0352
12.832	 2.11	 1	 -42.2338	  173.8764
12.836	 2.12	 1	 -45.5586	  177.3774
12.841	 2.05	 1	 -39.2932	  177.0269
12.842	 2.06	 1	 -47.1849	  172.7555
12.857	 2.31	 1	 -41.7108	  174.0494
12.892	 2.16	 1	 -42.9991	  179.1257
12.907	 2.66	 1	 -43.3852	  179.0669
12.912	 2.01	 1	 -38.3181	  174.4386
12.925	 2.02	 1	 -41.8954	  167.0012
12.927	 3.33	 1	 -39.1453	  169.2623
12.928	 2.15	 1	 -39.9408	  176.5049
12.929	 2.26	 2	 -43.9096	  177.8989
12.931	 2.79	 1	 -46.7574	  175.6378
12.948	 2.31	 1	 -46.8264	  170.6149
12.966	 2.32	 1	 -42.6781	  166.9044
12.970	 2.32	 1	 -40.7514	  167.5037
12.976	 2.32	 1	 -39.7097	  168.4442
12.982	 2.08	 1	 -44.5235	  172.8823
12.986	 2.03	 1	 -46.1264	  176.9720
12.992	 2.37	 1	 -39.3840	  177.1652
12.997	 2.41	 1	 -41.7517	  174.1682
13.001	 2.19	 1	 -41.6895	  178.9858
13.001	 2.78	 1	 -46.1087	  177.0003
13.015	 3.12	 1	 -42.5150	  177.4911
13.016	 2.45	 1	 -42.5555	  175.4371
13.045	 2.62	 1	 -45.9201	  168.7625
13.049	 2.26	 1	 -44.2823	  167.2995
13.050	 2.16	 1	 -46.4868	  170.9873
13.054	 3.08	 1	 -38.2645	  174.0866
13.061	 2.36	 1	 -38.2117	  172.5104
13.071	 2.53	 1	 -39.3228	  177.0729
13.073	 2.72	 1	 -43.8392	  177.8263
13.117	 2.06	 1	 -42.9944	  170.0882
13.127	 2.12	 1	 -46.9010	  170.8675
13.129	 2.03	 1	 -45.0016	  167.7726
13.130	 2.23	 1	 -40.1029	  168.0208
13.132	 2.03	 1	 -44.1009	  168.5809
13.135	 2.85	 1	 -44.3362	  175.7628
13.145	 2.53	 2	 -39.3859	  177.1472
13.148	 2.32	 1	 -38.2500	  173.9681
13.172	 2.40	 1	 -41.7665	  175.2779
13.181	 2.56	 1	 -42.5603	  173.2398
13.181	 2.32	 1	 -43.0406	  166.9227
13.189	 2.16	 1	 -39.1136	  176.7258
13.193	 2.37	 1	 -41.8985	  167.0005
13.199	 3.21	 1	 -47.1626	  172.3579
13.205	 2.89	 1	 -44.7303	  173.9611
13.225	 2.10	 1	 -41.8842	  172.5526
13.229	 2.77	 1	 -44.4478	  178.6546
13.229	 2.45	 1	 -40.8353	  167.4506
13.248	 2.39	 1	 -43.0181	  166.9204
13.254	 3.80	 1	 -41.8687	  173.9402
13.262	 2.46	 1	 -40.8046	  174.8462
13.268	 2.09	 1	 -39.1915	  176.3717
13.269	 2.29	 1	 -46.1152	  176.9899
13.280	 2.38	 1	 -47.0756	  174.3883
13.284	 2.30	 1	 -40.9875	  172.4918
13.290	 2.30	 1	 -38.2218	  172.3674
13.296	 2.35	 1	 -42.3211	  173.8503
13.315	 2.40	 1	 -42.1806	  173.6770
13.323	 2.56	 1	 -40.0334	  170.6934
13.332	 2.88	 1	 -46.4370	  169.6348
13.348	 2.50	 1	 -44.7104	  172.2040
13.366	 2.07	 1	 -45.1156	  167.8686
13.386	 2.69	 1	 -39.5781	  175.9335
13.386	 2.39	 1	 -38.5465	  175.3904
13.387	 2.61	 1	 -39.4821	  168.7386
13.394	 2.68	 1	 -40.2693	  173.3866
13.402	 2.17	 1	 -46.7000	  170.2471
13.417	 2.36	 1	 -38.7387	  170.1083
13.424	 2.62	 1	 -38.2014	  173.3229
13.424	 2.49	 1	 -41.7351	  174.2888
13.425	 2.29	 1	 -39.5426	  177.3880
13.462	 2.43	 1	 -42.0544	  173.5769
13.465	 2.82	 1	 -39.5636	  168.6284
13.469	 2.11	 1	 -44.3972	  178.6833
13.487	 2.28	 1	 -47.1676	  173.6200
13.502	 2.12	 1	 -41.3172	  174.6596
13.512	 2.12	 1	 -43.5173	  179.0361
13.518	 2.98	 1	 -43.4586	  172.9123
13.523	 2.47	 2	 -43.4641	  172.9209
13.525	 2.60	 1	 -38.4142	  174.9049
13.531	 2.91	 1	 -44.9513	  175.3039
13.558	 3.71	 1	 -39.7955	  175.4277
13.569	 4.16	 1	 -42.2033	  173.6375
13.572	 2.12	 1	 -39.6917	  168.4660
13.576	 2.29	 1	 -41.7292	  167.0464
13.590	 2.20	 1	 -47.1745	  172.5283
13.610	 2.41	 1	 -45.1520	  167.9006
13.619	 2.45	 1	 -43.5389	  167.0137
13.628	 2.60	 1	 -45.9234	  169.5720
13.634	 2.54	 1	 -47.0501	  173.9668
13.639	 3.10	 1	 -38.3911	  174.8049
13.672	 2.60	 1	 -46.8108	  170.5659
13.676	 2.31	 1	 -41.6774	  177.9051
13.679	 2.17	 1	 -42.5494	  166.9074
13.680	 2.91	 1	 -39.5513	  171.9483
13.684	 2.18	 1	 -47.1755	  172.5461
13.693	 2.17	 1	 -41.9077	  173.6969
13.699	 2.45	 1	 -41.1477	  173.2764
13.721	 2.01	 1	 -38.8687	  169.8031
13.729	 2.03	 1	 -40.9053	  178.1327
13.741	 2.82	 1	 -47.1874	  173.1912
13.749	 2.34	 1	 -43.6659	  167.0494
13.752	 2.21	 1	 -41.7750	  174.6039
13.756	 2.25	 1	 -43.0360	  179.1221
13.756	 2.31	 1	 -46.1676	  176.9047
13.771	 2.66	 1	 -40.3926	  172.6685
13.782	 2.40	 1	 -42.8421	  171.0795
13.792	 2.06	 1	 -41.8709	  174.4175
13.803	 2.08	 1	 -42.3005	  173.7758
13.816	 2.14	 1	 -47.1837	  173.3236
13.821	 2.07	 1	 -46.2259	  169.2383
13.822	 2.14	 1	 -44.8554	  173.2683
13.845	 2.08	 2	 -45.7229	  172.5352
13.857	 2.33	 1	 -42.4588	  173.1905
13.868	 2.10	 1	 -45.5706	  168.3216
13.874	 2.57	 1	 -39.1501	  169.2540
13.884	 2.45	 1	 -40.3913	  174.0364
13.886	 2.09	 1	 -41.7438	  174.1925
13.895	 2.14	 1	 -40.5972	  174.2342
13.896	 2.09	 1	 -45.3371	  177.9700
13.896	 2.37	 1	 -38.2281	  173.7530
13.897	 2.16	 1	 -42.1065	  168.5023
13.902	 2.81	 1	 -43.3394	  167.7109
13.905	 2.28	 1	 -42.2095	  166.9397
13.906	 2.04	 1	 -42.3505	  175.3183
13.915	 2.07	 1	 -42.0886	  173.7352
13.915	 2.11	 2	 -43.3425	  167.7093
13.931	 2.87	 1	 -41.7947	  174.2082
13.947	 2.49	 1	 -45.3420	  177.9652
13.954	 3.78	 1	 -45.0407	  170.5095
13.963	 3.35	 1	 -40.6868	  171.6315
13.978	 2.93	 1	 -42.8080	  166.9064
13.987	 2.42	 1	 -44.6407	  178.5360
