# Simulation 183
# RelativeTime(days) Magnitude Generation Latitude Longitude
Time Mag Gen Lat Lon
7.003	 2.08	 1	 -44.8438	  177.0816
7.003	 2.16	 1	 -40.0931	  173.2449
7.011	 2.09	 1	 -43.2700	  174.5270
7.025	 2.39	 1	 -42.6865	  171.8839
7.034	 2.32	 1	 -44.1157	  172.3199
7.034	 2.10	 1	 -40.7291	  174.2138
7.036	 2.06	 1	 -41.7989	  172.4803
7.036	 2.10	 1	 -45.7479	  170.6871
7.037	 2.49	 1	 -41.4756	  177.1430
7.042	 2.21	 1	 -41.3584	  171.5633
7.044	 2.74	 1	 -41.3056	  167.2026
7.053	 2.42	 1	 -46.0939	  177.0236
7.055	 2.31	 1	 -44.4791	  172.0771
7.062	 2.40	 1	 -41.1546	  170.9618
7.066	 2.14	 1	 -43.7565	  176.4411
7.067	 2.85	 1	 -40.4258	  169.4582
7.069	 2.14	 1	 -39.4343	  168.8059
7.076	 2.21	 1	 -47.1495	  172.2112
7.093	 3.13	 1	 -39.8072	  169.8489
7.094	 2.47	 1	 -46.5174	  176.2389
7.105	 2.23	 1	 -44.0780	  167.2020
7.113	 2.11	 1	 -44.6200	  167.4949
7.115	 2.76	 1	 -43.8504	  174.7236
7.116	 2.16	 2	 -43.9072	  174.6652
7.122	 2.41	 1	 -43.8257	  173.7947
7.123	 2.66	 1	 -42.3119	  179.1180
7.141	 2.58	 1	 -42.0420	  171.0185
7.148	 3.39	 1	 -40.3047	  167.8382
7.160	 2.13	 1	 -40.5670	  167.6310
7.170	 2.50	 1	 -42.5942	  174.7571
7.171	 2.09	 1	 -41.1499	  170.2238
7.177	 2.01	 1	 -46.4291	  176.4256
7.183	 2.25	 1	 -42.3959	  171.2404
7.189	 3.30	 1	 -42.1470	  171.1768
7.196	 2.52	 1	 -42.6619	  173.2459
7.201	 2.15	 1	 -42.8617	  178.2237
7.203	 2.05	 1	 -40.6494	  172.0955
7.204	 2.34	 1	 -41.9572	  173.4333
7.214	 2.60	 1	 -39.9272	  177.8463
7.218	 2.32	 1	 -38.4088	  171.1622
7.221	 2.06	 1	 -44.5165	  177.2848
7.224	 3.06	 1	 -43.8965	  167.6211
7.234	 2.72	 1	 -43.2560	  175.9637
7.238	 2.02	 1	 -42.9587	  171.7029
7.246	 2.23	 1	 -44.2836	  176.1236
7.248	 2.52	 1	 -42.9494	  170.3625
7.256	 2.07	 1	 -45.8613	  172.6971
7.265	 2.40	 1	 -42.5799	  173.7547
7.268	 2.72	 1	 -42.6523	  172.2869
7.271	 2.46	 1	 -44.2037	  171.2313
7.274	 2.17	 1	 -41.8637	  174.2057
7.288	 2.37	 1	 -38.3324	  174.5179
7.290	 2.36	 1	 -42.4093	  173.5483
7.293	 2.06	 1	 -45.4598	  177.8442
7.294	 2.37	 1	 -40.9495	  178.6616
7.301	 2.72	 1	 -40.5681	  176.1560
7.302	 2.28	 1	 -42.6037	  179.1387
7.302	 2.02	 1	 -43.4197	  169.8736
7.312	 2.31	 1	 -42.2421	  173.9493
7.313	 2.03	 1	 -41.9109	  173.7696
7.317	 2.26	 1	 -41.9178	  173.8188
7.321	 2.65	 1	 -42.0985	  172.3921
7.322	 2.15	 1	 -40.5058	  169.6613
7.326	 2.34	 1	 -46.7545	  170.3981
7.336	 2.21	 1	 -42.7191	  171.7978
7.337	 2.03	 1	 -39.2758	  176.9993
7.340	 2.24	 1	 -46.9922	  171.2314
7.348	 2.99	 1	 -40.5734	  176.4570
7.355	 2.06	 1	 -40.2947	  167.8468
7.357	 2.70	 1	 -42.7143	  173.5330
7.361	 2.11	 1	 -44.5431	  178.5770
7.364	 2.34	 1	 -43.1966	  173.7604
7.380	 2.56	 1	 -42.3634	  174.5022
7.383	 2.07	 1	 -41.3412	  172.1802
7.392	 2.01	 1	 -42.4137	  173.8268
7.395	 2.17	 1	 -41.9185	  173.3712
7.401	 2.33	 1	 -42.1915	  169.9247
7.405	 3.85	 1	 -47.1860	  173.2509
7.424	 2.16	 1	 -46.9248	  175.0889
7.430	 2.49	 1	 -45.9907	  170.9273
7.435	 2.55	 1	 -44.3423	  167.3310
7.437	 2.15	 1	 -42.0203	  179.0712
7.441	 2.98	 1	 -42.0261	  173.9756
7.443	 2.56	 1	 -42.5513	  170.3811
7.452	 2.09	 1	 -42.0182	  173.7179
7.456	 2.28	 1	 -41.5105	  170.9454
7.469	 2.08	 1	 -40.2706	  176.0958
7.474	 2.08	 1	 -45.1476	  167.8967
7.475	 2.13	 1	 -41.3830	  169.7875
7.476	 2.25	 1	 -43.3860	  172.1991
7.477	 2.51	 1	 -44.1097	  172.4101
7.480	 2.22	 1	 -42.5523	  172.8009
7.481	 2.07	 1	 -44.3042	  172.5754
7.483	 2.48	 1	 -47.1337	  172.0648
7.486	 2.69	 1	 -45.4571	  168.2947
7.486	 2.04	 1	 -41.8859	  174.0333
7.487	 3.40	 1	 -47.1884	  173.1366
7.488	 2.22	 1	 -40.6601	  167.5649
7.495	 2.45	 2	 -42.0203	  173.9791
7.497	 2.48	 1	 -42.3242	  173.8214
7.500	 2.12	 1	 -39.2798	  177.0056
7.512	 2.82	 1	 -38.8466	  176.1919
7.515	 2.56	 1	 -42.0969	  172.9098
7.516	 2.14	 1	 -45.3456	  168.0827
7.520	 2.09	 1	 -45.1005	  176.1320
7.521	 2.35	 1	 -46.4852	  176.3088
7.523	 2.01	 1	 -40.6653	  174.8703
7.526	 2.47	 1	 -46.8853	  175.2328
7.535	 2.06	 1	 -42.1659	  169.3210
7.536	 2.33	 1	 -42.1768	  173.7084
7.536	 2.85	 1	 -45.2737	  178.0317
7.538	 2.05	 1	 -42.9562	  172.4760
7.540	 2.41	 1	 -44.4371	  172.5777
7.541	 2.32	 1	 -42.3956	  173.5065
7.547	 2.79	 1	 -43.0216	  175.9247
7.553	 2.68	 1	 -43.8620	  169.2277
7.585	 2.03	 1	 -41.8872	  174.3669
7.595	 2.19	 1	 -42.2453	  173.9291
7.604	 2.54	 1	 -44.1840	  173.0026
7.605	 2.16	 1	 -42.4784	  173.7704
7.606	 2.56	 1	 -45.3496	  174.2252
7.618	 2.35	 1	 -42.6687	  172.4730
7.623	 2.98	 1	 -47.1512	  172.2290
7.627	 2.55	 1	 -41.9139	  173.6350
7.630	 2.22	 1	 -42.5931	  172.9961
7.631	 3.06	 1	 -42.9699	  171.5146
7.638	 2.20	 1	 -42.3921	  171.7731
7.640	 2.05	 1	 -46.1358	  172.6416
7.643	 2.25	 1	 -41.6356	  174.3903
7.686	 2.24	 1	 -41.8852	  172.7666
7.702	 2.04	 1	 -39.5436	  168.6549
7.744	 2.08	 1	 -42.4518	  172.8390
7.754	 2.58	 1	 -42.1342	  173.9963
7.754	 3.25	 2	 -46.9921	  171.2391
7.757	 2.06	 1	 -43.4865	  174.0737
7.780	 3.98	 1	 -44.3247	  171.4866
7.785	 2.56	 2	 -44.5150	  170.2770
7.788	 2.73	 1	 -44.8408	  167.6477
7.789	 2.06	 1	 -42.5394	  173.3241
7.806	 2.09	 1	 -44.0556	  171.5936
7.809	 2.79	 1	 -39.0276	  169.4774
7.811	 2.33	 1	 -41.2528	  169.3867
7.814	 2.33	 1	 -44.9001	  171.4013
7.816	 3.00	 1	 -43.8113	  172.8159
7.825	 2.57	 1	 -41.4575	  178.9047
7.832	 2.28	 1	 -42.8535	  173.2566
7.842	 3.04	 1	 -43.5273	  168.9928
7.859	 2.11	 1	 -42.1820	  177.1174
7.873	 2.04	 1	 -43.4978	  172.8977
7.878	 2.35	 1	 -39.0461	  169.4423
7.885	 3.17	 1	 -41.8169	  173.8775
7.888	 2.47	 1	 -41.7745	  174.4107
7.911	 2.18	 1	 -42.2200	  172.5226
7.912	 2.08	 1	 -47.1611	  172.3400
7.922	 2.07	 1	 -43.9699	  174.0357
7.925	 2.11	 1	 -42.6047	  172.6390
7.928	 2.59	 2	 -41.7716	  173.8340
7.937	 2.27	 1	 -41.4205	  173.7910
7.942	 3.17	 2	 -42.4696	  173.7525
7.942	 2.64	 1	 -42.9493	  175.2853
7.942	 2.25	 1	 -46.8194	  175.4516
7.958	 2.82	 1	 -43.8559	  171.1242
7.958	 2.60	 1	 -38.5654	  170.5936
7.961	 3.07	 1	 -42.5222	  171.8419
7.967	 2.03	 1	 -43.9408	  173.0335
7.975	 3.07	 1	 -46.6271	  173.9292
7.978	 2.82	 1	 -46.9740	  171.1523
7.985	 2.24	 1	 -40.9338	  173.2810
8.011	 2.53	 1	 -43.4127	  173.4495
8.034	 2.44	 1	 -44.8362	  167.6443
8.035	 2.00	 1	 -43.9974	  173.5295
8.046	 2.82	 1	 -41.7366	  174.1375
8.047	 2.14	 1	 -45.5733	  176.6599
8.049	 2.06	 1	 -38.4142	  174.9050
8.049	 2.10	 1	 -47.1058	  174.1946
8.056	 2.76	 1	 -42.2790	  173.6357
8.066	 2.44	 1	 -42.3431	  173.1346
8.073	 2.17	 1	 -43.2597	  175.4267
8.084	 2.51	 1	 -42.0933	  173.5612
8.084	 2.04	 1	 -39.3737	  177.1499
8.085	 2.51	 1	 -42.6300	  173.6000
8.091	 2.19	 1	 -43.7355	  172.9535
8.091	 2.09	 1	 -41.4804	  167.1308
8.128	 2.13	 1	 -40.9786	  178.6781
8.134	 2.20	 1	 -44.9442	  171.4803
8.140	 2.23	 1	 -47.1480	  173.8480
8.140	 2.71	 1	 -41.2266	  174.4392
8.148	 2.03	 1	 -41.4254	  172.1236
8.171	 2.02	 1	 -45.0378	  171.7135
8.178	 2.18	 1	 -46.7469	  175.5832
8.191	 4.64	 1	 -42.2113	  173.4830
8.194	 2.34	 1	 -41.6365	  173.9055
8.199	 2.17	 1	 -42.2980	  173.9125
8.207	 2.23	 1	 -41.5867	  177.3737
8.208	 2.33	 1	 -41.9843	  174.3025
8.219	 2.29	 2	 -42.3135	  173.5486
8.234	 2.22	 1	 -46.7462	  172.6776
8.236	 2.00	 1	 -43.1253	  179.1115
8.255	 2.18	 1	 -44.1026	  176.4720
8.261	 2.07	 1	 -40.1715	  175.7139
8.269	 2.26	 1	 -46.5549	  169.8894
8.275	 2.04	 1	 -44.8751	  169.1765
8.281	 2.72	 1	 -41.1814	  171.3858
8.288	 2.22	 1	 -41.7694	  179.0096
8.295	 2.26	 1	 -41.3980	  174.1294
8.305	 2.53	 1	 -44.5242	  178.6094
8.309	 2.34	 1	 -43.2577	  174.8304
8.314	 2.07	 1	 -42.0333	  173.7907
8.322	 2.59	 1	 -39.8046	  177.7115
8.329	 3.67	 1	 -42.2476	  173.5977
8.331	 2.13	 1	 -44.6845	  178.5069
8.332	 2.39	 1	 -38.5852	  175.5122
8.344	 2.06	 1	 -40.9690	  167.3716
8.347	 2.11	 1	 -43.5086	  171.2427
8.348	 3.21	 1	 -43.4675	  170.9350
8.362	 2.21	 1	 -41.6847	  170.6355
8.366	 4.11	 1	 -42.1343	  173.4617
8.370	 2.56	 1	 -38.2996	  174.3284
8.377	 2.32	 1	 -46.8840	  170.8070
8.380	 2.06	 1	 -47.1251	  171.9936
8.385	 2.25	 1	 -45.8415	  168.6550
8.408	 2.47	 1	 -43.8157	  173.8991
8.409	 2.08	 1	 -44.8718	  178.3734
8.414	 2.09	 1	 -42.8841	  170.4844
8.422	 2.16	 1	 -41.6449	  171.2344
8.423	 2.42	 1	 -40.7523	  172.1744
8.426	 2.40	 1	 -44.7223	  175.2401
8.427	 2.70	 1	 -42.4571	  174.6388
8.440	 4.81	 1	 -44.8206	  168.8054
8.441	 2.28	 1	 -41.3604	  172.3542
8.455	 2.00	 1	 -41.5888	  170.3486
8.468	 2.90	 1	 -47.0195	  171.3574
8.472	 2.17	 1	 -42.0450	  173.6960
8.498	 2.28	 1	 -39.5595	  174.3316
8.500	 2.05	 2	 -45.3302	  168.6663
8.501	 2.64	 1	 -42.9042	  170.5836
8.514	 2.09	 1	 -45.6212	  168.3798
8.521	 2.12	 1	 -42.0223	  174.7305
8.525	 2.37	 1	 -41.9570	  173.9725
8.526	 2.35	 1	 -42.3881	  173.7826
8.533	 2.24	 1	 -39.8295	  177.7396
8.548	 2.07	 1	 -44.1569	  172.3823
8.557	 2.41	 1	 -44.7756	  169.3991
8.578	 2.23	 1	 -40.5640	  171.8242
8.589	 2.51	 1	 -41.7983	  174.4993
8.602	 2.30	 1	 -47.1794	  172.6191
8.608	 2.04	 1	 -42.6467	  172.5549
8.618	 2.23	 1	 -44.1455	  172.1316
8.627	 2.24	 1	 -44.9437	  176.3736
8.627	 2.19	 1	 -40.9855	  172.8166
8.629	 2.46	 1	 -43.7124	  172.6138
8.643	 2.54	 1	 -43.9722	  178.8870
8.660	 2.04	 1	 -45.3609	  170.7823
8.663	 2.78	 1	 -45.5853	  170.9916
8.675	 2.51	 1	 -47.0385	  171.4521
8.691	 2.26	 1	 -47.1888	  173.0932
8.714	 2.37	 1	 -41.6377	  174.9736
8.715	 2.81	 1	 -42.9127	  173.7434
8.719	 2.17	 1	 -39.2288	  176.9234
8.725	 2.37	 1	 -41.9193	  174.2439
8.736	 2.84	 1	 -41.8935	  170.9900
8.740	 2.45	 1	 -45.8635	  174.4532
8.744	 3.11	 1	 -44.8104	  173.0992
8.753	 2.30	 1	 -42.9057	  179.1331
8.756	 2.75	 2	 -42.1308	  173.4677
8.765	 2.37	 1	 -42.6816	  173.5673
8.766	 2.11	 1	 -46.0802	  170.2649
8.766	 2.16	 1	 -42.2653	  175.1819
8.780	 4.19	 1	 -44.4348	  171.5992
8.786	 2.04	 1	 -43.5721	  174.1741
8.795	 2.22	 1	 -43.9287	  167.1401
8.804	 2.09	 1	 -41.8111	  174.2441
8.807	 2.18	 1	 -41.2021	  174.1723
8.808	 2.33	 1	 -43.5847	  171.9842
8.812	 3.79	 1	 -43.4054	  170.4165
8.812	 2.51	 2	 -43.4050	  170.2531
8.812	 2.39	 1	 -39.9729	  176.5570
8.817	 2.09	 1	 -41.2607	  173.8442
8.826	 2.73	 1	 -46.1547	  169.1183
8.837	 2.38	 1	 -41.9140	  179.0476
8.844	 2.39	 1	 -42.7343	  179.1397
8.847	 2.23	 1	 -41.9801	  173.4174
8.848	 2.42	 1	 -43.7192	  175.8445
8.863	 2.61	 1	 -43.9541	  174.5934
8.864	 2.15	 1	 -40.9319	  173.0721
8.873	 2.51	 1	 -42.2156	  171.6604
8.882	 2.34	 1	 -38.2013	  172.7235
8.885	 2.16	 1	 -45.0782	  176.7741
8.914	 2.22	 1	 -40.5271	  173.7680
8.921	 2.00	 1	 -41.6645	  171.7120
8.930	 2.12	 1	 -42.6493	  172.8742
8.933	 2.63	 1	 -42.1154	  179.0893
8.936	 2.57	 1	 -43.6847	  167.0551
8.945	 2.91	 1	 -41.9413	  177.8034
8.958	 3.34	 1	 -45.5342	  177.7635
8.968	 2.56	 1	 -43.9325	  173.8947
8.970	 2.86	 1	 -40.7792	  173.1127
8.971	 2.43	 1	 -41.9067	  174.0578
8.978	 3.20	 1	 -41.2919	  175.6036
8.979	 2.07	 1	 -43.0585	  166.9246
8.986	 2.26	 1	 -41.8336	  174.0964
8.990	 2.01	 1	 -41.4713	  167.1343
8.991	 2.62	 1	 -42.4011	  171.3148
8.997	 2.81	 1	 -41.4862	  167.2243
9.008	 2.62	 1	 -43.3035	  175.5674
9.014	 2.89	 1	 -39.7884	  177.6928
9.020	 2.87	 2	 -43.9299	  173.8909
9.025	 2.20	 1	 -45.1014	  178.1881
9.035	 2.51	 1	 -47.1265	  172.0042
9.037	 2.72	 1	 -41.6570	  169.7010
9.039	 2.04	 1	 -42.3395	  178.1782
9.053	 3.70	 1	 -42.1429	  173.1048
9.058	 2.02	 1	 -41.5378	  167.1095
9.068	 2.13	 1	 -44.2110	  172.4982
9.070	 2.03	 1	 -42.5517	  171.0399
9.080	 2.07	 1	 -41.6609	  175.6915
9.090	 2.45	 1	 -41.6827	  174.2704
9.091	 2.06	 1	 -46.9408	  175.0272
9.099	 2.08	 1	 -45.6862	  169.4562
9.104	 2.12	 1	 -42.4617	  173.8206
9.114	 2.27	 1	 -41.7416	  174.3091
9.115	 2.90	 1	 -42.8355	  172.5261
9.119	 2.33	 1	 -41.3079	  173.1216
9.132	 2.96	 1	 -42.2417	  173.9389
9.132	 2.77	 1	 -46.5404	  169.8565
9.134	 2.32	 1	 -44.3960	  170.0182
9.146	 2.17	 1	 -41.3998	  169.0164
9.151	 2.20	 1	 -44.4649	  178.6447
9.154	 3.82	 1	 -42.2936	  173.6172
9.160	 2.03	 1	 -44.4881	  175.2270
9.165	 2.94	 1	 -38.4332	  173.0160
9.173	 2.29	 1	 -43.4828	  173.9782
9.193	 2.39	 1	 -45.3720	  177.9351
9.195	 2.27	 1	 -46.3292	  169.4240
9.209	 2.08	 1	 -42.3080	  173.6042
9.209	 2.00	 1	 -39.1865	  176.8528
9.221	 2.20	 1	 -43.7146	  170.1517
9.239	 2.45	 1	 -43.4590	  174.7206
9.241	 2.28	 1	 -42.5855	  174.4571
9.244	 2.00	 1	 -45.5283	  168.2743
9.245	 2.02	 1	 -42.1433	  173.6477
9.249	 2.17	 1	 -43.6288	  174.2287
9.252	 2.63	 1	 -45.6172	  175.4136
9.253	 2.51	 1	 -42.4797	  173.1965
9.265	 2.07	 1	 -39.9168	  168.2091
9.265	 2.86	 1	 -43.7156	  169.3255
9.267	 3.00	 1	 -42.2896	  173.7238
9.280	 3.24	 1	 -40.5644	  167.6329
9.281	 2.09	 1	 -46.9323	  170.9841
9.289	 2.15	 1	 -42.6360	  171.1879
9.290	 2.32	 1	 -46.7792	  170.4701
9.309	 2.17	 1	 -41.6982	  172.3920
9.322	 2.12	 1	 -47.0534	  174.5139
9.328	 2.87	 1	 -42.6944	  177.0943
9.336	 2.66	 1	 -40.7027	  178.1261
9.344	 2.02	 1	 -41.8424	  174.1941
9.344	 3.73	 1	 -44.1976	  167.2572
9.350	 2.50	 1	 -41.0081	  172.2465
9.353	 2.01	 1	 -42.1125	  172.8932
9.359	 2.23	 1	 -40.6272	  172.1023
9.362	 2.60	 1	 -38.2854	  171.8075
9.377	 2.13	 1	 -42.1053	  176.6632
9.391	 2.71	 1	 -42.0394	  173.7735
9.391	 2.51	 1	 -41.2241	  168.1908
9.396	 2.53	 1	 -41.6100	  171.9757
9.396	 2.15	 1	 -40.3593	  174.6157
9.400	 2.43	 1	 -43.3432	  168.8006
9.402	 2.27	 1	 -42.9174	  170.2868
9.410	 2.59	 1	 -41.8845	  170.0503
9.421	 2.48	 1	 -41.3875	  167.8996
9.438	 2.50	 1	 -42.1341	  171.9335
9.451	 2.65	 1	 -44.8402	  172.1739
9.459	 2.72	 1	 -42.1306	  173.6195
9.464	 2.45	 1	 -39.1358	  173.4818
9.466	 2.01	 1	 -42.5888	  173.4860
9.469	 2.23	 1	 -43.7225	  173.4310
9.471	 2.42	 1	 -46.5109	  176.2532
9.480	 2.14	 1	 -43.3014	  178.2136
9.486	 2.83	 1	 -42.2343	  173.7346
9.491	 2.70	 1	 -44.5939	  170.3524
9.494	 2.94	 1	 -43.5655	  172.6078
9.499	 2.22	 1	 -44.0765	  172.0522
9.503	 2.85	 1	 -42.7210	  172.6481
9.504	 2.01	 1	 -41.7420	  174.1435
9.512	 2.33	 1	 -39.6854	  168.4736
9.517	 2.69	 1	 -41.5165	  168.7903
9.529	 3.48	 1	 -41.7223	  168.7946
9.541	 2.02	 1	 -42.2837	  173.4720
9.542	 2.11	 1	 -40.1293	  171.0328
9.549	 2.13	 1	 -44.6980	  175.7428
9.553	 2.10	 1	 -41.6981	  172.7552
9.554	 2.53	 1	 -41.2966	  172.6699
9.557	 2.45	 1	 -38.3120	  174.4034
9.562	 2.19	 1	 -38.9651	  169.6002
9.568	 2.60	 1	 -46.9700	  171.1358
9.571	 2.10	 1	 -42.0017	  173.1313
9.575	 2.02	 1	 -41.3215	  167.1956
9.587	 2.26	 1	 -38.4358	  174.9936
9.590	 2.65	 1	 -42.0244	  175.1871
9.603	 2.51	 1	 -43.2154	  176.4332
9.609	 3.97	 1	 -41.4890	  176.5755
9.615	 2.82	 1	 -43.9436	  174.6112
9.615	 2.02	 1	 -42.1258	  170.8723
9.638	 2.12	 1	 -42.5313	  173.3973
9.641	 2.85	 1	 -43.4626	  177.3630
9.647	 2.76	 1	 -39.0104	  174.8894
9.659	 2.03	 1	 -42.3115	  173.8794
9.660	 2.30	 1	 -41.0597	  167.3219
9.674	 2.89	 1	 -42.2962	  172.4921
9.678	 2.03	 1	 -46.1113	  169.0481
9.687	 2.01	 1	 -38.5651	  175.4497
9.704	 2.51	 1	 -42.5780	  175.1925
9.730	 2.51	 1	 -46.7513	  170.3888
9.732	 2.21	 1	 -43.0057	  172.5213
9.766	 2.00	 1	 -41.8878	  167.0031
9.770	 3.08	 1	 -45.4378	  176.8820
9.776	 2.21	 1	 -42.0731	  173.9163
9.802	 2.12	 1	 -45.9376	  172.4283
9.810	 2.17	 1	 -44.1744	  171.9659
9.812	 2.27	 1	 -39.6394	  177.5135
9.816	 2.22	 1	 -40.9077	  171.7245
9.820	 2.75	 1	 -43.0368	  170.6370
9.821	 2.14	 1	 -41.8315	  173.1135
9.825	 2.18	 1	 -42.1622	  171.8550
9.842	 2.12	 1	 -41.6588	  174.3704
9.848	 3.64	 1	 -43.1778	  176.1275
9.855	 2.19	 1	 -43.3878	  174.3040
9.876	 2.06	 1	 -44.8510	  171.9988
9.885	 2.17	 1	 -43.7791	  171.0506
9.886	 2.44	 1	 -43.7240	  176.4957
9.893	 2.48	 1	 -43.3216	  174.1988
9.899	 3.03	 1	 -41.2557	  174.4912
9.917	 3.69	 1	 -43.0827	  173.0107
9.917	 2.61	 2	 -43.0768	  172.9968
9.924	 2.09	 1	 -42.5176	  173.1319
9.936	 2.35	 1	 -44.4859	  172.3396
9.940	 4.15	 1	 -42.4310	  173.2398
9.947	 2.42	 1	 -42.9341	  174.2664
9.958	 2.22	 1	 -44.0477	  171.7794
9.964	 2.40	 1	 -42.8370	  173.9161
9.971	 2.86	 1	 -42.0437	  173.7728
9.986	 2.15	 1	 -44.0462	  171.2316
9.999	 2.43	 1	 -46.2710	  169.3175
10.001	 3.50	 1	 -39.1787	  175.0659
10.008	 2.09	 1	 -42.8845	  175.5784
10.014	 2.61	 1	 -42.1854	  173.6284
10.020	 2.45	 2	 -39.2250	  175.1104
10.036	 2.21	 1	 -40.8884	  170.4771
10.036	 2.33	 2	 -40.8893	  170.4789
10.052	 2.01	 2	 -40.2481	  174.0781
10.061	 2.30	 1	 -45.5681	  168.3188
10.078	 3.76	 1	 -41.9470	  174.8021
10.081	 3.07	 2	 -44.3707	  168.8736
10.095	 2.12	 1	 -44.1920	  171.5992
10.099	 2.56	 1	 -46.1212	  176.9803
10.108	 2.08	 1	 -41.7679	  174.0644
10.114	 2.26	 1	 -42.3615	  179.1234
10.133	 3.09	 1	 -39.9112	  168.2150
10.138	 2.05	 1	 -41.5573	  172.4451
10.148	 2.29	 1	 -42.6752	  172.9498
10.167	 2.83	 1	 -46.9196	  175.1084
10.200	 2.96	 1	 -42.4543	  170.7616
10.207	 2.13	 1	 -45.3381	  173.6525
10.211	 2.08	 1	 -41.1015	  173.0114
10.240	 3.05	 1	 -41.4901	  167.1271
10.241	 2.60	 1	 -41.7663	  171.2724
10.255	 2.98	 1	 -44.0281	  173.4815
10.260	 2.19	 1	 -41.9502	  166.9883
10.260	 2.41	 1	 -43.8201	  167.9647
10.277	 2.13	 1	 -41.8581	  167.0106
10.323	 2.34	 1	 -42.5490	  177.0642
10.342	 2.50	 1	 -41.4447	  171.4607
10.349	 2.75	 1	 -43.3990	  178.1206
10.355	 3.27	 1	 -41.4044	  178.8835
10.365	 3.78	 1	 -42.3552	  173.1638
10.369	 2.53	 1	 -43.3016	  172.3187
10.379	 2.61	 1	 -41.3026	  172.3533
10.388	 2.08	 1	 -43.1510	  166.9362
10.399	 2.02	 1	 -42.0861	  172.6142
10.423	 2.07	 1	 -42.4410	  179.1304
10.439	 2.05	 1	 -38.9513	  176.4160
10.451	 2.05	 1	 -46.7904	  170.5034
10.455	 2.27	 1	 -42.6991	  174.7980
10.455	 2.01	 1	 -40.8174	  167.4617
10.458	 2.67	 1	 -43.6092	  172.9618
10.465	 3.22	 1	 -40.5298	  178.3859
10.468	 2.49	 1	 -41.8464	  173.9450
10.486	 2.38	 1	 -42.4754	  173.6847
10.507	 2.09	 1	 -43.7026	  171.7715
10.509	 2.19	 1	 -42.5617	  173.0825
10.511	 2.36	 1	 -38.6949	  175.8231
10.521	 2.49	 1	 -41.7435	  174.2712
10.524	 2.59	 1	 -42.2835	  173.5892
10.526	 2.84	 1	 -40.1836	  177.2185
10.540	 2.17	 1	 -44.4281	  173.2870
10.595	 2.43	 1	 -42.4840	  172.8758
10.607	 2.03	 1	 -42.9491	  170.5224
10.609	 2.34	 1	 -40.5830	  169.1260
10.627	 4.11	 1	 -39.7716	  171.7089
10.647	 2.07	 1	 -42.6800	  173.0606
10.661	 2.36	 1	 -39.3593	  171.7647
10.676	 2.25	 1	 -41.4707	  175.8291
10.708	 2.29	 1	 -43.7296	  168.7022
10.709	 2.12	 1	 -40.8834	  171.7561
10.715	 2.36	 1	 -45.3801	  175.5548
10.722	 3.79	 1	 -40.4639	  168.0432
10.727	 3.63	 1	 -42.7224	  172.8400
10.727	 2.08	 1	 -44.9941	  172.7940
10.728	 2.41	 1	 -38.3753	  171.3114
10.731	 2.33	 1	 -40.3519	  172.1439
10.736	 2.02	 2	 -42.7303	  172.8530
10.747	 2.21	 1	 -41.5839	  171.6719
10.749	 2.33	 1	 -42.2521	  173.7766
10.752	 2.29	 1	 -38.6465	  175.6913
10.754	 2.39	 1	 -46.7900	  175.5421
10.757	 2.13	 1	 -43.6918	  168.7607
10.771	 2.58	 2	 -42.6826	  172.8122
10.781	 2.72	 1	 -43.4068	  172.2622
10.787	 2.78	 1	 -41.1177	  172.5983
10.788	 2.69	 1	 -45.3288	  177.9783
10.791	 2.02	 1	 -41.8295	  174.2464
10.792	 2.31	 1	 -38.5641	  175.4467
10.802	 3.14	 1	 -42.6832	  172.0654
10.804	 3.23	 1	 -41.6077	  173.6841
10.806	 2.43	 1	 -42.3569	  168.8338
10.816	 2.13	 1	 -46.7506	  175.6573
10.816	 2.81	 1	 -42.5958	  172.8652
10.819	 2.19	 1	 -42.1627	  173.6556
10.832	 2.27	 1	 -42.9289	  172.6572
10.832	 2.22	 1	 -42.3995	  178.7134
10.835	 2.16	 1	 -43.0229	  173.7354
10.837	 2.01	 1	 -42.2809	  172.8728
10.840	 2.15	 1	 -45.9514	  177.2374
10.845	 2.13	 1	 -40.4591	  168.7295
10.859	 2.61	 1	 -45.8858	  173.0518
10.865	 2.08	 1	 -44.8823	  172.6098
10.870	 2.12	 1	 -45.5625	  174.7076
10.872	 2.12	 1	 -43.6924	  174.4117
10.881	 2.71	 1	 -41.6384	  175.2013
10.885	 2.22	 1	 -43.5439	  169.9904
10.895	 2.24	 1	 -43.2061	  175.2561
10.900	 2.20	 1	 -43.3357	  173.4824
10.902	 2.44	 1	 -43.8346	  171.6579
10.910	 2.83	 1	 -38.5284	  170.7134
10.920	 2.57	 1	 -42.2034	  177.2612
10.921	 2.19	 1	 -44.4854	  168.9195
10.927	 2.40	 1	 -43.2623	  177.8858
10.929	 2.30	 1	 -44.9133	  170.2050
10.941	 2.10	 1	 -42.3728	  173.6525
10.946	 3.07	 1	 -41.9904	  167.6858
10.972	 2.13	 1	 -42.9754	  170.4518
10.980	 2.05	 1	 -39.5416	  177.3867
10.982	 2.26	 1	 -43.4092	  173.2291
10.992	 2.43	 1	 -38.5955	  173.4539
10.998	 2.21	 1	 -43.5672	  167.0212
11.006	 2.32	 1	 -42.9934	  170.4795
11.043	 2.25	 1	 -43.1956	  166.9427
11.051	 3.04	 1	 -42.8535	  170.7131
11.070	 2.05	 1	 -44.7238	  173.9278
11.077	 2.70	 1	 -38.7730	  171.1821
11.093	 2.01	 1	 -43.3763	  172.1809
11.095	 2.44	 1	 -41.8899	  172.9400
11.098	 2.40	 1	 -42.2337	  173.6132
11.101	 2.87	 1	 -41.7226	  174.2156
11.102	 2.12	 1	 -43.7799	  174.2435
11.107	 2.03	 1	 -45.7193	  168.4978
11.108	 4.07	 1	 -42.6101	  174.3426
11.131	 3.31	 1	 -45.2673	  168.0065
11.140	 2.04	 1	 -42.1378	  173.5556
11.143	 2.35	 1	 -45.2214	  170.8318
11.150	 2.78	 1	 -40.7995	  167.4729
11.154	 2.30	 1	 -41.8328	  174.8956
11.178	 2.80	 1	 -38.2759	  171.8732
11.191	 2.02	 1	 -42.9122	  170.8190
11.206	 2.03	 1	 -44.6252	  174.4537
11.225	 2.30	 1	 -42.5764	  172.6741
11.226	 2.22	 1	 -43.6338	  172.6982
11.239	 2.08	 2	 -40.2673	  167.6003
11.243	 2.08	 1	 -42.4362	  173.8385
11.250	 2.06	 1	 -40.8054	  171.2980
11.258	 2.57	 1	 -42.3499	  173.5999
11.264	 2.62	 1	 -40.8159	  178.5817
11.282	 2.07	 1	 -46.9313	  170.9802
11.285	 2.07	 1	 -43.5727	  167.0227
11.290	 2.24	 1	 -44.2373	  174.2907
11.299	 2.54	 1	 -43.0411	  175.9398
11.312	 3.50	 1	 -41.5857	  169.0914
11.333	 2.33	 1	 -46.9087	  175.1489
11.335	 4.21	 1	 -41.2175	  167.2428
11.336	 2.66	 2	 -41.2061	  167.2756
11.359	 2.37	 1	 -41.4389	  167.1469
11.361	 2.33	 1	 -41.5855	  175.9359
11.370	 2.89	 1	 -42.7091	  174.0148
11.373	 2.27	 1	 -44.3273	  173.7835
11.386	 2.02	 2	 -39.7624	  171.7173
11.392	 3.60	 1	 -41.2258	  172.2573
11.399	 2.04	 1	 -41.7300	  172.2796
11.406	 2.00	 1	 -40.9317	  172.9316
11.407	 3.23	 1	 -41.7824	  174.3657
11.407	 2.24	 1	 -42.3851	  173.6076
11.424	 2.30	 1	 -44.7511	  178.4612
11.436	 2.39	 1	 -41.8609	  174.1193
11.450	 2.09	 1	 -41.5336	  170.4096
11.455	 2.28	 1	 -45.7811	  168.5758
11.457	 2.47	 1	 -45.8795	  170.0583
11.486	 2.16	 1	 -42.6691	  172.7602
11.514	 2.46	 1	 -44.1169	  178.8249
11.517	 3.03	 1	 -44.5669	  168.6636
11.518	 2.49	 1	 -41.8331	  174.1593
11.523	 2.08	 1	 -47.1796	  172.6247
11.526	 2.30	 1	 -42.5105	  173.5462
11.529	 2.13	 1	 -44.4989	  178.6246
11.531	 2.29	 1	 -38.2228	  172.3545
11.532	 2.27	 1	 -40.4049	  177.2591
11.545	 2.51	 1	 -46.7726	  175.5938
11.551	 2.00	 1	 -42.1116	  179.0887
11.552	 2.12	 1	 -42.7008	  173.1393
11.557	 2.76	 1	 -45.4290	  172.0296
11.566	 2.03	 1	 -41.9191	  166.9955
11.573	 2.15	 1	 -43.9575	  173.6432
11.592	 2.29	 1	 -42.3786	  174.0242
11.593	 2.10	 1	 -42.3113	  173.0654
11.602	 2.44	 1	 -43.0364	  173.9518
11.613	 2.71	 1	 -42.9074	  172.0582
11.618	 2.32	 1	 -39.3877	  175.2548
11.636	 2.16	 1	 -42.6057	  173.5754
11.637	 2.06	 1	 -40.1878	  178.1029
11.669	 2.10	 1	 -38.4761	  170.8965
11.680	 3.20	 1	 -41.8969	  174.0311
11.686	 2.66	 1	 -43.6190	  172.4654
11.689	 2.10	 1	 -43.6572	  173.5634
11.690	 2.27	 1	 -41.0001	  170.4676
11.694	 2.63	 1	 -38.3031	  174.3499
11.696	 3.04	 1	 -41.5333	  170.0615
11.696	 2.04	 1	 -43.0569	  166.9245
11.701	 2.46	 1	 -41.1536	  174.2996
11.704	 2.01	 1	 -42.1884	  173.8188
11.719	 2.02	 1	 -40.9747	  171.0093
11.723	 2.76	 1	 -42.7180	  172.5279
11.731	 2.46	 1	 -43.3960	  173.2731
11.731	 2.31	 1	 -39.2321	  172.8625
11.740	 2.79	 1	 -43.1128	  166.9311
11.754	 2.17	 1	 -43.6585	  174.3917
11.769	 2.27	 1	 -45.1939	  175.4300
11.771	 2.20	 1	 -42.7998	  172.2121
11.771	 2.40	 1	 -41.7820	  170.9005
11.773	 2.01	 1	 -46.9540	  171.0697
11.785	 2.33	 1	 -46.7538	  170.3960
11.797	 2.11	 1	 -41.9023	  171.1620
11.798	 2.17	 1	 -42.8187	  167.9910
11.800	 2.02	 1	 -38.1994	  173.2630
11.808	 3.93	 1	 -40.4569	  173.3878
11.815	 2.09	 1	 -43.0865	  171.1430
11.835	 2.08	 1	 -41.7265	  178.9971
11.837	 2.13	 1	 -42.3437	  174.0187
11.840	 2.08	 1	 -43.1356	  174.3836
11.844	 2.44	 1	 -41.9082	  174.1289
11.845	 2.24	 1	 -39.1139	  169.3178
11.882	 2.25	 1	 -42.5194	  176.9770
11.882	 2.07	 1	 -38.7090	  175.8599
11.904	 2.14	 1	 -46.4680	  171.7907
11.915	 2.52	 1	 -45.1341	  174.8357
11.916	 2.05	 1	 -47.1852	  172.7651
11.916	 2.36	 1	 -43.1570	  168.7515
11.937	 2.35	 1	 -38.5279	  170.7151
12.003	 2.04	 1	 -41.2244	  172.5275
12.011	 2.07	 2	 -42.4495	  173.2395
12.029	 2.03	 1	 -46.4990	  172.9371
12.040	 2.01	 1	 -42.3073	  173.7139
12.040	 2.13	 1	 -44.1438	  173.7131
12.041	 2.54	 1	 -45.9842	  168.8542
12.062	 2.09	 1	 -43.4963	  172.7746
12.075	 2.25	 1	 -42.2400	  173.6529
12.083	 2.72	 1	 -42.6312	  174.3533
12.095	 2.38	 1	 -43.0982	  171.9029
12.100	 2.51	 1	 -38.1979	  173.2022
12.123	 2.54	 1	 -41.7567	  173.1264
12.126	 2.32	 1	 -44.4574	  167.3952
12.131	 2.31	 1	 -42.3439	  173.2980
12.133	 2.67	 1	 -45.0659	  178.2184
12.147	 2.14	 1	 -45.5396	  177.7574
12.147	 2.60	 1	 -42.6937	  172.8917
12.149	 2.29	 1	 -43.7656	  167.5613
12.152	 2.17	 1	 -44.3191	  171.5538
12.157	 2.82	 1	 -43.4123	  175.0115
12.160	 2.12	 1	 -42.3503	  173.1350
12.162	 2.05	 1	 -42.5833	  170.4292
12.162	 2.19	 1	 -40.9160	  170.0096
12.174	 2.52	 1	 -45.7381	  177.5230
12.187	 3.34	 1	 -46.9286	  175.0745
12.221	 2.18	 1	 -39.0189	  169.4943
12.229	 2.54	 1	 -41.6097	  172.3935
12.259	 2.17	 1	 -43.2085	  166.9447
12.264	 2.14	 1	 -40.8315	  170.2220
12.271	 2.06	 1	 -42.9085	  173.4294
12.271	 2.09	 1	 -43.7673	  174.6502
12.278	 4.60	 1	 -39.1802	  172.2646
12.282	 3.29	 1	 -39.9498	  177.8701
12.290	 2.03	 1	 -40.3697	  172.7427
12.290	 2.57	 1	 -46.5816	  171.8105
12.291	 2.11	 1	 -41.1951	  178.7537
12.316	 2.51	 1	 -44.7280	  172.9276
12.324	 2.18	 1	 -45.3345	  168.0717
12.342	 2.22	 1	 -42.6039	  179.1388
12.356	 2.89	 1	 -46.3453	  169.4544
12.367	 2.62	 1	 -40.8610	  168.8190
12.369	 2.02	 1	 -41.2866	  176.3867
12.373	 4.34	 1	 -45.1786	  169.7958
12.379	 2.07	 1	 -40.2313	  173.3612
12.384	 2.04	 2	 -45.1800	  169.8021
12.388	 2.58	 1	 -39.9496	  176.3826
12.391	 2.07	 2	 -42.2060	  173.5223
12.420	 2.60	 1	 -40.1529	  174.9662
12.421	 2.29	 1	 -46.4774	  169.7190
12.438	 2.09	 1	 -41.9948	  173.8216
12.466	 2.96	 1	 -43.8405	  172.9167
12.473	 2.57	 1	 -42.1476	  173.5436
12.474	 2.41	 1	 -40.1571	  168.4389
12.476	 2.14	 1	 -43.4270	  170.6691
12.478	 2.01	 1	 -42.2551	  172.4119
12.485	 3.69	 1	 -43.5866	  172.4621
12.493	 2.52	 1	 -43.2266	  174.7499
12.497	 3.00	 1	 -40.7554	  178.5432
12.507	 2.01	 1	 -43.9157	  170.2766
12.507	 2.12	 1	 -38.2772	  171.8645
12.520	 2.06	 1	 -39.6649	  173.5235
12.528	 2.50	 1	 -40.9889	  177.2717
12.529	 2.26	 2	 -45.2002	  169.8618
12.535	 2.08	 1	 -44.9116	  167.7012
12.535	 2.44	 1	 -40.5898	  172.6396
12.540	 2.03	 1	 -43.6594	  172.0448
12.560	 2.48	 1	 -41.2630	  173.9592
12.577	 2.15	 1	 -39.2065	  176.8864
12.578	 2.96	 1	 -42.1699	  174.0182
12.587	 2.11	 1	 -40.5373	  174.2568
12.623	 2.38	 1	 -45.7077	  172.9048
12.648	 2.56	 1	 -42.7892	  176.1998
12.652	 2.01	 1	 -42.5320	  173.9364
12.653	 2.71	 1	 -40.9566	  172.1717
12.664	 2.90	 1	 -39.2346	  176.9328
12.670	 2.61	 1	 -42.7301	  173.7274
12.707	 2.00	 1	 -42.9669	  179.1285
12.720	 2.01	 1	 -42.4489	  173.8418
12.724	 2.78	 1	 -38.1966	  172.9154
12.734	 2.21	 1	 -41.8462	  167.0137
12.736	 2.73	 1	 -42.2696	  175.2507
12.738	 2.39	 1	 -41.2833	  173.9667
12.742	 2.99	 1	 -41.0765	  172.7110
12.759	 2.78	 1	 -43.3489	  179.0744
12.771	 2.25	 1	 -39.1334	  169.2832
12.777	 2.02	 2	 -42.4021	  171.3170
12.795	 3.05	 1	 -41.4246	  172.7739
12.804	 2.27	 1	 -41.7538	  173.2500
12.807	 2.06	 1	 -42.1291	  172.5260
12.816	 2.40	 1	 -42.5596	  171.8229
12.822	 2.71	 1	 -45.7173	  168.4953
12.831	 2.33	 1	 -42.3993	  173.4969
12.833	 2.22	 1	 -47.1693	  173.5968
12.873	 3.06	 1	 -42.4261	  178.8299
12.879	 2.65	 1	 -38.6191	  170.4312
12.896	 2.98	 1	 -41.8725	  172.9572
12.898	 2.05	 2	 -39.1483	  172.2757
12.900	 3.30	 1	 -42.8040	  166.9062
12.906	 2.05	 1	 -43.1785	  173.2489
12.907	 2.37	 1	 -41.6094	  172.9840
12.914	 2.63	 1	 -42.4289	  172.2304
12.922	 2.01	 1	 -41.9401	  174.7260
12.947	 2.10	 1	 -46.4166	  172.8707
12.948	 2.27	 1	 -44.4204	  167.3740
12.950	 2.74	 1	 -42.6711	  172.9487
12.972	 3.57	 1	 -42.8727	  173.5910
12.987	 2.70	 1	 -44.4674	  171.2287
12.989	 2.10	 1	 -45.2362	  175.2446
12.999	 2.01	 1	 -42.8139	  174.9705
13.004	 2.72	 1	 -44.8287	  171.0177
13.013	 2.22	 1	 -39.9769	  169.3488
13.017	 2.10	 1	 -42.1370	  171.3165
13.027	 2.24	 1	 -42.8377	  176.9258
13.032	 2.61	 1	 -39.1110	  173.3329
13.033	 2.43	 1	 -42.2301	  173.8036
13.051	 2.79	 1	 -43.2162	  179.0983
13.051	 2.45	 1	 -43.9547	  175.8769
13.052	 2.79	 1	 -46.8928	  175.2063
13.054	 2.31	 1	 -44.2296	  171.4386
13.054	 2.67	 1	 -41.0108	  168.4258
13.058	 2.23	 1	 -38.8007	  176.0865
13.062	 2.42	 1	 -41.5956	  167.7416
13.073	 2.45	 1	 -47.1572	  172.2947
13.087	 2.94	 1	 -41.5077	  175.2552
13.115	 2.49	 1	 -43.8531	  171.6545
13.150	 2.37	 1	 -41.8491	  173.9497
13.168	 2.41	 1	 -38.9468	  174.6696
13.170	 2.15	 1	 -42.9067	  175.5888
13.182	 2.50	 1	 -44.0053	  171.4483
13.193	 2.22	 1	 -38.3876	  174.7895
13.203	 2.75	 1	 -38.4716	  175.1314
13.205	 2.46	 1	 -44.3381	  174.4931
13.215	 2.18	 1	 -41.9075	  175.6767
13.236	 2.11	 1	 -43.3539	  173.2522
13.248	 2.28	 1	 -40.2463	  167.8888
13.256	 2.02	 1	 -44.7077	  174.7255
13.259	 2.03	 1	 -45.9571	  175.1710
13.263	 2.72	 1	 -41.7812	  172.2244
13.267	 2.05	 1	 -42.9366	  174.3604
13.283	 2.03	 1	 -43.2511	  173.2212
13.316	 2.17	 1	 -45.1856	  178.1136
13.317	 2.58	 1	 -43.0453	  170.7114
13.321	 2.61	 1	 -44.5091	  173.7568
13.324	 2.15	 1	 -43.6103	  172.3103
13.331	 2.46	 1	 -43.1444	  173.1598
13.346	 2.27	 2	 -47.1923	  173.2458
13.349	 2.06	 1	 -45.7930	  168.5912
13.353	 2.03	 1	 -43.1626	  172.8608
13.355	 2.66	 1	 -42.3094	  176.9238
13.356	 2.03	 1	 -46.8159	  170.5816
13.366	 2.04	 1	 -44.0788	  174.3605
13.373	 2.33	 1	 -43.1279	  173.1600
13.407	 2.12	 1	 -42.5420	  173.7497
13.429	 2.48	 1	 -41.7377	  174.2880
13.435	 2.09	 1	 -41.0982	  174.0213
13.457	 2.32	 1	 -41.6375	  173.0632
13.470	 2.63	 1	 -39.3483	  177.1119
13.474	 2.46	 1	 -38.7440	  175.9493
13.480	 2.71	 1	 -41.7923	  174.2522
13.506	 4.90	 1	 -40.3618	  171.7568
13.506	 2.13	 2	 -40.3951	  171.7937
13.506	 2.07	 2	 -38.8195	  171.5444
13.509	 2.94	 2	 -40.3398	  171.7708
13.510	 2.37	 1	 -38.2559	  174.0177
13.512	 2.24	 2	 -40.3554	  171.7651
13.516	 2.03	 1	 -39.3260	  177.0778
13.544	 2.08	 1	 -42.3804	  175.0197
13.547	 2.13	 1	 -42.3759	  174.3172
13.554	 2.41	 1	 -45.5986	  177.0783
13.558	 2.40	 2	 -40.3602	  171.7731
13.568	 2.69	 1	 -43.8170	  171.6884
13.578	 2.35	 1	 -47.0469	  174.5486
13.607	 2.37	 1	 -42.2016	  173.5742
13.631	 2.22	 1	 -42.4268	  175.9547
13.642	 2.56	 1	 -46.7211	  175.7398
13.646	 2.11	 1	 -42.3597	  179.1232
13.648	 2.46	 1	 -41.6084	  173.2020
13.654	 2.73	 1	 -39.5403	  168.6594
13.661	 2.06	 1	 -45.6824	  172.6426
13.672	 3.44	 1	 -41.8081	  174.5396
13.675	 2.39	 1	 -44.9897	  171.7737
13.706	 2.20	 1	 -45.6416	  177.6405
13.731	 2.84	 1	 -41.6934	  173.3411
13.732	 2.38	 1	 -43.7648	  175.8444
13.737	 2.16	 1	 -43.1525	  173.2353
13.737	 2.12	 1	 -45.1890	  167.9338
13.751	 2.44	 1	 -38.6916	  170.2328
13.763	 2.05	 1	 -42.5691	  173.3298
13.763	 2.31	 1	 -42.5053	  173.8092
13.772	 2.88	 2	 -40.3708	  171.7165
13.779	 2.16	 1	 -43.7493	  172.8099
13.786	 3.45	 1	 -40.3972	  174.9753
13.787	 2.69	 1	 -39.8834	  174.4110
13.790	 2.20	 2	 -42.4313	  173.5520
13.798	 2.80	 1	 -42.0483	  170.0560
13.809	 2.60	 1	 -40.2944	  177.4919
13.831	 2.03	 1	 -43.2744	  176.0508
13.840	 2.15	 1	 -42.3960	  173.5667
13.845	 2.17	 1	 -47.0682	  171.6129
13.846	 2.44	 1	 -42.3930	  169.3064
13.849	 2.25	 1	 -38.2223	  172.3611
13.881	 2.98	 1	 -38.8048	  172.2472
13.890	 2.04	 1	 -46.0678	  174.2335
13.891	 2.04	 1	 -43.8481	  175.2862
13.899	 2.06	 1	 -42.5874	  173.0106
13.902	 2.03	 1	 -43.0552	  172.4167
13.908	 2.53	 1	 -40.7223	  167.5229
13.909	 2.31	 1	 -41.0829	  173.5474
13.919	 2.27	 1	 -38.5213	  175.3071
13.933	 2.53	 1	 -43.8941	  172.4952
13.958	 2.09	 1	 -44.1219	  173.9633
13.996	 2.05	 1	 -46.7720	  170.4487
