# Simulation 852
# RelativeTime(days) Magnitude Generation Latitude Longitude
Time Mag Gen Lat Lon
7.005	 2.04	 1	 -38.2631	  174.0755
7.009	 2.28	 1	 -39.9779	  177.8993
7.014	 2.09	 1	 -41.2073	  170.9501
7.022	 2.97	 1	 -41.7800	  174.0625
7.042	 3.06	 1	 -41.7898	  170.3236
7.043	 2.38	 2	 -41.7789	  170.3297
7.043	 2.11	 1	 -41.3773	  172.1345
7.047	 2.62	 1	 -43.7300	  171.8380
7.050	 2.43	 1	 -39.7117	  176.2963
7.064	 2.19	 1	 -46.5741	  169.9337
7.066	 2.32	 1	 -45.8445	  177.3853
7.073	 2.59	 1	 -46.6384	  175.9559
7.074	 2.71	 1	 -38.2125	  173.5473
7.085	 2.12	 1	 -39.4704	  168.7549
7.089	 2.26	 1	 -40.3162	  178.1339
7.092	 2.19	 1	 -46.4659	  176.3495
7.095	 2.36	 1	 -38.2253	  173.7201
7.099	 2.43	 1	 -42.1044	  173.6441
7.104	 2.66	 1	 -40.7251	  173.7499
7.107	 2.12	 1	 -47.0379	  171.4490
7.111	 3.05	 1	 -43.0425	  179.1214
7.113	 2.12	 1	 -41.7253	  167.0475
7.114	 2.74	 1	 -44.4985	  178.6248
7.118	 4.56	 1	 -41.7099	  174.1508
7.121	 2.09	 2	 -41.7115	  174.1667
7.122	 2.22	 1	 -39.0428	  176.5956
7.126	 2.56	 1	 -41.9898	  166.9795
7.131	 2.07	 1	 -44.8365	  178.3998
7.141	 2.14	 1	 -46.5519	  169.8827
7.142	 2.04	 2	 -41.3914	  174.3078
7.145	 2.45	 1	 -41.8914	  179.0421
7.146	 2.22	 1	 -44.1470	  167.2332
7.156	 2.45	 2	 -41.6968	  174.1754
7.157	 2.35	 1	 -44.6189	  178.5501
7.157	 2.52	 1	 -42.4108	  174.0625
7.159	 2.01	 1	 -39.8683	  177.7826
7.167	 2.68	 1	 -41.7620	  172.6542
7.175	 2.14	 2	 -41.7169	  174.1399
7.177	 2.09	 1	 -46.9595	  171.0919
7.181	 2.03	 1	 -38.2196	  173.6484
7.183	 2.02	 1	 -46.5047	  175.6243
7.184	 2.53	 1	 -42.0220	  174.7204
7.188	 2.26	 1	 -42.3733	  173.9213
7.197	 2.03	 1	 -40.6372	  167.5808
7.202	 2.48	 1	 -45.9768	  177.2008
7.204	 2.78	 1	 -41.7236	  174.2343
7.216	 2.06	 1	 -38.2045	  172.6440
7.235	 2.04	 1	 -43.2999	  179.0839
7.245	 2.20	 1	 -42.8855	  166.9100
7.248	 2.03	 1	 -41.5488	  167.1056
7.248	 2.39	 1	 -38.2334	  173.8106
7.253	 2.35	 1	 -38.4640	  175.1029
7.265	 2.08	 1	 -44.1624	  178.8038
7.268	 2.41	 1	 -44.7498	  167.5822
7.269	 2.16	 1	 -42.3601	  168.3633
7.278	 2.02	 1	 -42.6906	  172.8844
7.283	 2.05	 1	 -46.7779	  175.5781
7.288	 2.02	 1	 -42.3685	  178.8482
7.291	 2.60	 1	 -44.0262	  167.1796
7.294	 3.17	 1	 -39.5093	  168.7012
7.296	 3.13	 1	 -40.7940	  178.5679
7.299	 2.12	 2	 -41.6968	  174.1319
7.308	 2.38	 1	 -44.2349	  177.5825
7.310	 2.75	 1	 -46.8517	  175.3472
7.310	 2.39	 1	 -45.4888	  168.2311
7.313	 2.31	 1	 -47.0989	  174.2416
7.318	 2.66	 1	 -45.8925	  177.3202
7.325	 2.03	 1	 -38.4067	  171.1712
7.328	 2.45	 1	 -41.6244	  167.0794
7.329	 2.22	 1	 -40.2484	  172.8352
7.347	 2.66	 1	 -38.6815	  170.2569
7.356	 2.08	 1	 -42.8992	  176.0636
7.362	 4.27	 1	 -44.1823	  168.4916
7.368	 2.35	 1	 -45.8595	  177.3651
7.376	 2.79	 1	 -39.9521	  177.8725
7.378	 2.28	 1	 -41.7043	  172.7334
7.379	 2.06	 1	 -42.2645	  173.1238
7.381	 2.61	 1	 -38.3409	  171.4813
7.394	 2.27	 1	 -38.2016	  173.3289
7.399	 2.25	 1	 -42.6826	  166.9043
7.418	 2.90	 1	 -42.4917	  173.9707
7.419	 2.08	 1	 -47.1800	  172.6313
7.423	 2.14	 1	 -44.0372	  178.8600
7.423	 2.12	 1	 -45.5866	  177.7044
7.441	 2.31	 1	 -47.0503	  171.5138
7.442	 2.74	 1	 -39.3401	  175.4598
7.450	 2.27	 1	 -38.2045	  173.3989
7.460	 2.17	 1	 -42.4580	  173.6676
7.461	 2.04	 1	 -41.7798	  167.0317
7.465	 3.75	 1	 -45.5960	  169.8053
7.473	 2.21	 2	 -45.5981	  169.8212
7.486	 2.11	 1	 -41.8805	  173.9503
7.491	 4.03	 1	 -39.6620	  177.5418
7.493	 2.60	 1	 -47.1659	  173.6433
7.495	 2.49	 1	 -46.1506	  176.9327
7.500	 2.39	 1	 -41.5319	  167.1116
7.502	 3.47	 1	 -42.3678	  174.0639
7.517	 2.66	 1	 -42.1453	  176.4890
7.529	 2.26	 1	 -42.8331	  173.0952
7.533	 2.03	 1	 -44.0438	  172.7220
7.535	 2.72	 1	 -44.4620	  169.6281
7.536	 2.79	 1	 -46.4885	  169.7426
7.536	 2.02	 1	 -46.1787	  171.4489
7.545	 3.19	 1	 -42.6263	  172.9557
7.546	 2.71	 1	 -38.6782	  170.2657
7.549	 3.34	 1	 -46.1227	  176.9779
7.554	 2.39	 2	 -44.1848	  168.4885
7.557	 2.64	 1	 -42.8406	  175.9683
7.569	 2.54	 1	 -39.5257	  168.6789
7.570	 2.27	 1	 -46.7270	  170.3206
7.571	 2.20	 1	 -47.0927	  174.2821
7.573	 2.07	 1	 -45.9797	  176.4420
7.576	 2.23	 1	 -39.1388	  169.2738
7.582	 2.48	 1	 -41.7576	  171.4775
7.584	 2.37	 1	 -40.5911	  174.8731
7.596	 2.47	 1	 -44.1966	  167.2567
7.599	 2.20	 1	 -47.1891	  173.0461
7.600	 2.10	 1	 -38.2662	  171.9445
7.601	 2.06	 1	 -44.5760	  167.4668
7.610	 2.54	 1	 -38.7325	  175.9202
7.611	 2.06	 1	 -46.5322	  176.2060
7.623	 2.23	 1	 -42.7553	  166.9049
7.624	 2.41	 1	 -39.6854	  177.5706
7.633	 2.05	 1	 -39.0127	  176.5380
7.647	 2.06	 1	 -40.0310	  174.0065
7.650	 2.50	 1	 -38.9478	  176.4089
7.651	 2.08	 1	 -38.7255	  175.9024
7.658	 2.00	 1	 -39.6857	  177.5709
7.661	 2.34	 1	 -42.3091	  178.4488
7.661	 2.52	 1	 -38.3418	  174.5676
7.666	 2.42	 2	 -41.7859	  174.1270
7.671	 2.62	 1	 -41.9465	  169.2869
7.671	 2.09	 1	 -46.6751	  170.1817
7.672	 3.09	 1	 -47.1787	  172.6050
7.674	 2.12	 1	 -38.2306	  172.2644
7.674	 2.59	 1	 -42.4964	  172.7009
7.687	 2.24	 1	 -40.2212	  178.1331
7.698	 2.20	 1	 -40.1542	  167.9723
7.714	 2.18	 1	 -40.5774	  174.5336
7.736	 2.36	 1	 -43.9180	  178.9084
7.737	 2.05	 1	 -44.2255	  177.1256
7.747	 2.03	 1	 -41.6482	  178.9727
7.751	 2.71	 1	 -39.3319	  174.7010
7.754	 2.29	 1	 -41.4543	  175.7504
7.761	 2.12	 1	 -41.5852	  178.9516
7.768	 2.32	 1	 -43.6291	  179.0058
7.780	 2.37	 1	 -45.6092	  177.6784
7.782	 2.48	 1	 -46.6506	  174.5004
7.784	 2.82	 1	 -41.9584	  173.7601
7.787	 2.48	 1	 -38.2246	  173.7117
7.791	 2.03	 1	 -40.9177	  178.6432
7.794	 2.34	 1	 -42.3692	  173.7272
7.794	 2.44	 1	 -47.1003	  174.2325
7.794	 2.38	 1	 -39.9334	  168.1914
7.800	 2.41	 1	 -42.3626	  173.9655
7.804	 2.43	 1	 -46.7409	  175.6847
7.805	 3.19	 1	 -45.3551	  175.6002
7.810	 2.12	 1	 -47.0110	  174.7272
7.810	 2.32	 1	 -41.3296	  173.8790
7.815	 2.14	 1	 -41.6720	  167.0640
7.822	 2.09	 1	 -46.3195	  169.4059
7.839	 2.15	 1	 -42.1149	  174.6311
7.844	 2.54	 1	 -43.8721	  178.9257
7.856	 2.07	 1	 -39.5736	  177.4290
7.865	 2.35	 1	 -38.2044	  172.6462
7.869	 2.86	 1	 -45.8310	  175.2884
7.882	 2.07	 1	 -38.9805	  169.5695
7.885	 2.77	 1	 -39.9516	  177.8720
7.888	 2.51	 1	 -39.5632	  168.6289
7.890	 2.22	 1	 -38.7794	  170.0083
7.894	 2.20	 1	 -42.8627	  166.9087
7.896	 2.26	 1	 -42.8845	  176.6065
7.902	 2.28	 1	 -41.1292	  167.2860
7.908	 2.13	 1	 -47.1682	  172.4331
7.924	 2.49	 1	 -46.8307	  175.4156
7.928	 2.22	 1	 -38.1983	  172.8250
7.932	 2.25	 1	 -38.1985	  173.2282
7.933	 2.37	 1	 -46.5545	  169.8886
7.935	 2.70	 1	 -44.8783	  170.3948
7.936	 2.07	 1	 -38.3155	  174.4237
7.939	 2.05	 1	 -42.2856	  174.0366
7.944	 3.12	 1	 -40.5344	  176.4062
7.946	 2.44	 1	 -46.8513	  170.6956
7.947	 2.08	 1	 -46.6294	  170.0662
7.955	 2.69	 1	 -43.8257	  175.6817
7.958	 2.12	 1	 -45.6581	  168.4234
7.959	 2.24	 1	 -43.1071	  173.2897
7.962	 2.20	 1	 -39.0478	  175.6053
7.974	 2.53	 1	 -41.8939	  167.0016
7.975	 2.03	 1	 -42.4619	  168.5225
7.979	 2.75	 1	 -42.2395	  173.5049
7.989	 2.98	 1	 -38.6704	  175.7574
8.004	 2.25	 1	 -46.2337	  169.2517
8.008	 2.47	 1	 -41.4046	  178.8836
8.008	 2.04	 1	 -44.4183	  173.3005
8.010	 2.60	 1	 -41.6708	  175.9063
8.017	 2.09	 1	 -41.7403	  174.1879
8.018	 2.35	 1	 -47.1668	  173.6310
8.024	 3.12	 1	 -38.9909	  176.4955
8.030	 3.16	 1	 -42.3164	  173.4776
8.036	 2.20	 1	 -42.6255	  172.9140
8.062	 2.37	 1	 -41.7034	  178.9901
8.068	 2.17	 1	 -42.7861	  166.9057
8.069	 2.14	 1	 -46.9986	  171.2602
8.069	 2.46	 2	 -42.7841	  166.9014
8.083	 2.48	 1	 -44.5963	  170.2351
8.097	 3.27	 1	 -44.8065	  178.4217
8.098	 2.02	 1	 -42.7972	  175.7875
8.099	 3.28	 1	 -42.1843	  170.6446
8.107	 2.45	 1	 -39.4399	  177.2463
8.107	 2.09	 1	 -41.4612	  167.1382
8.112	 2.20	 1	 -45.6280	  174.2886
8.115	 2.06	 1	 -40.3182	  178.2176
8.118	 2.27	 1	 -38.6115	  170.4534
8.122	 2.40	 1	 -42.7024	  166.9043
8.125	 3.72	 1	 -38.2548	  172.0354
8.126	 2.46	 1	 -40.7649	  171.8538
8.134	 2.18	 1	 -38.7699	  170.0312
8.134	 2.20	 1	 -41.8838	  174.8488
8.138	 3.28	 1	 -39.9372	  168.1874
8.142	 2.16	 1	 -47.0016	  171.2738
8.143	 2.09	 1	 -43.1248	  179.1116
8.150	 2.25	 1	 -41.4393	  178.8975
8.161	 2.05	 1	 -40.7250	  167.5211
8.163	 2.78	 1	 -47.1890	  172.9718
8.165	 2.02	 1	 -44.6740	  167.5303
8.171	 2.21	 1	 -43.3610	  173.8669
8.177	 2.03	 1	 -44.0909	  167.2077
8.179	 2.01	 1	 -38.9320	  169.6680
8.180	 2.07	 1	 -39.9421	  177.8621
8.202	 2.08	 1	 -41.1281	  178.1127
8.211	 2.32	 1	 -40.3580	  169.6893
8.229	 2.04	 1	 -41.5333	  167.1111
8.235	 2.48	 1	 -46.5762	  169.9386
8.235	 2.08	 1	 -41.7362	  179.0000
8.245	 2.10	 1	 -38.3753	  174.7329
8.248	 2.16	 1	 -46.3729	  176.5370
8.254	 2.52	 1	 -42.0643	  173.7321
8.263	 3.05	 1	 -46.5201	  170.9930
8.271	 3.07	 1	 -40.3554	  178.2487
8.276	 2.13	 1	 -42.6771	  166.9044
8.286	 2.25	 1	 -45.4324	  168.1711
8.292	 2.14	 1	 -44.1332	  172.0163
8.297	 2.50	 1	 -41.8936	  172.3763
8.300	 2.76	 1	 -45.6725	  176.1770
8.307	 2.13	 1	 -42.3557	  173.1003
8.308	 2.09	 1	 -43.9673	  176.0181
8.312	 2.29	 1	 -40.3147	  178.2146
8.315	 2.56	 1	 -38.9979	  169.5350
8.320	 2.40	 1	 -38.3235	  174.4693
8.325	 2.25	 1	 -43.0577	  166.9245
8.336	 2.60	 1	 -39.1639	  169.2301
8.338	 2.56	 1	 -41.7001	  174.2851
8.339	 2.06	 1	 -41.8089	  174.3717
8.343	 2.05	 1	 -44.1655	  167.2419
8.347	 2.02	 1	 -41.8290	  174.0875
8.348	 2.17	 1	 -41.9658	  173.9701
8.351	 2.08	 1	 -44.5558	  169.7750
8.353	 2.13	 1	 -46.2030	  175.0149
8.363	 2.35	 1	 -42.2954	  173.5719
8.363	 2.28	 1	 -40.8680	  175.0719
8.368	 2.42	 1	 -43.5085	  169.0760
8.380	 2.43	 1	 -38.2908	  171.7722
8.381	 3.24	 1	 -46.3877	  169.5360
8.388	 2.95	 1	 -41.7839	  174.1237
8.393	 2.09	 1	 -45.1694	  167.9161
8.395	 2.09	 1	 -40.8550	  178.6058
8.398	 2.30	 1	 -42.5454	  173.1563
8.403	 2.02	 1	 -43.0478	  166.9235
8.404	 2.29	 1	 -44.4006	  167.3629
8.404	 2.72	 1	 -38.2175	  173.6200
8.411	 2.33	 1	 -38.9875	  176.4887
8.422	 2.57	 1	 -39.2484	  169.0890
8.424	 2.35	 1	 -41.7465	  174.1981
8.430	 2.71	 1	 -45.6861	  168.5747
8.433	 2.22	 1	 -42.1354	  166.9515
8.439	 3.58	 1	 -38.1966	  173.1243
8.452	 2.37	 1	 -45.0713	  178.2138
8.457	 2.89	 2	 -45.6892	  168.5807
8.466	 2.52	 1	 -44.2048	  177.7427
8.474	 2.03	 1	 -42.5487	  166.9075
8.474	 3.32	 1	 -46.8753	  170.7768
8.481	 2.05	 1	 -38.9783	  176.4705
8.489	 2.10	 1	 -45.3450	  177.9622
8.490	 2.46	 1	 -42.2016	  173.7762
8.490	 2.55	 1	 -39.0429	  171.5510
8.491	 2.36	 1	 -41.8903	  173.6023
8.495	 2.13	 1	 -41.8041	  174.2582
8.498	 2.80	 1	 -46.7590	  170.4110
8.505	 2.42	 1	 -41.2005	  174.1835
8.520	 2.25	 1	 -44.1424	  167.2311
8.524	 2.26	 1	 -41.9737	  166.9830
8.533	 2.47	 1	 -47.1778	  173.4571
8.543	 2.51	 1	 -47.1092	  171.8736
8.548	 3.15	 1	 -46.8935	  175.2037
8.564	 2.62	 1	 -40.5152	  174.0096
8.573	 2.24	 1	 -41.0583	  167.3227
8.586	 2.37	 1	 -42.1172	  173.4694
8.588	 2.17	 1	 -41.7679	  174.1434
8.591	 2.27	 1	 -40.4967	  167.6834
8.592	 2.11	 1	 -38.3163	  174.4279
8.617	 2.20	 1	 -38.1965	  172.9209
8.617	 2.51	 1	 -41.7156	  167.0505
8.621	 3.09	 1	 -42.7370	  166.9046
8.628	 3.44	 1	 -44.1885	  175.6732
8.628	 2.10	 1	 -46.6148	  170.0305
8.637	 2.16	 1	 -41.7264	  174.3244
8.641	 2.29	 1	 -45.1674	  170.5477
8.663	 2.42	 1	 -47.1891	  173.0513
8.666	 2.45	 1	 -40.4393	  177.6875
8.677	 2.57	 2	 -46.5047	  169.4309
8.677	 2.11	 1	 -41.4767	  178.9121
8.680	 2.75	 2	 -44.1746	  175.6763
8.680	 2.01	 1	 -41.7920	  174.2607
8.682	 2.14	 1	 -42.7550	  166.9049
8.683	 2.01	 1	 -40.8768	  167.4253
8.687	 2.10	 1	 -42.3392	  173.0415
8.700	 3.60	 1	 -41.9871	  177.8210
8.702	 3.32	 1	 -44.1657	  167.2420
8.703	 3.35	 1	 -44.5432	  167.4465
8.708	 2.09	 1	 -40.4558	  171.5100
8.708	 2.25	 1	 -45.0772	  176.9429
8.716	 2.06	 1	 -38.4058	  171.1750
8.721	 2.45	 1	 -38.2550	  172.0340
8.724	 2.16	 1	 -41.2466	  178.8150
8.742	 2.29	 1	 -40.2319	  178.1427
8.745	 2.49	 1	 -38.2363	  172.2038
8.746	 2.72	 1	 -41.8792	  170.7366
8.760	 2.17	 1	 -46.2942	  169.3594
8.778	 2.82	 1	 -38.2788	  171.8531
8.785	 4.13	 1	 -45.5914	  168.3453
8.794	 2.25	 1	 -42.3427	  173.3033
8.798	 3.79	 2	 -44.8302	  171.1190
8.799	 2.65	 1	 -43.5697	  175.0296
8.809	 2.12	 1	 -42.7578	  171.0684
8.809	 3.17	 3	 -44.6914	  171.1307
8.809	 2.29	 1	 -40.2726	  178.1785
8.821	 2.68	 1	 -42.7254	  179.1398
8.842	 2.14	 1	 -38.7977	  172.3211
8.856	 2.18	 1	 -41.5818	  174.7045
8.858	 2.07	 1	 -46.5382	  169.8517
8.865	 2.35	 1	 -44.9071	  171.4281
8.865	 2.10	 1	 -38.5158	  170.7559
8.866	 2.17	 1	 -38.2037	  172.6634
8.867	 2.02	 1	 -38.9440	  170.9864
8.869	 2.63	 1	 -38.9224	  169.6879
8.874	 2.23	 1	 -42.2233	  172.8636
8.888	 2.54	 1	 -39.5171	  177.3537
8.889	 2.06	 1	 -38.6850	  175.4911
8.895	 2.13	 1	 -42.2742	  173.6487
8.904	 2.19	 1	 -38.8424	  169.8616
8.915	 3.37	 1	 -43.5627	  170.3311
8.923	 2.05	 2	 -46.4790	  171.0549
8.930	 2.16	 1	 -40.2459	  171.9748
8.930	 2.07	 1	 -41.1443	  167.2784
8.941	 2.23	 1	 -40.3448	  178.2399
8.947	 2.14	 1	 -44.7203	  172.1768
8.948	 2.46	 1	 -40.3384	  178.2345
8.960	 2.06	 1	 -40.6618	  167.5638
8.962	 2.45	 1	 -38.8961	  169.7437
8.964	 2.11	 1	 -40.8341	  167.4513
8.972	 2.28	 1	 -39.8231	  174.1195
8.980	 2.73	 1	 -40.1679	  171.8882
8.983	 2.42	 1	 -38.7776	  170.0127
8.990	 3.01	 1	 -41.8424	  169.7879
9.004	 2.01	 1	 -45.5239	  177.7749
9.020	 2.40	 1	 -43.0799	  179.1172
9.034	 2.26	 1	 -38.3628	  171.3708
9.039	 2.76	 1	 -41.8793	  171.6519
9.044	 2.88	 1	 -44.2559	  178.7583
9.057	 3.52	 1	 -42.6263	  179.1393
9.061	 2.15	 1	 -40.0943	  168.0290
9.063	 2.35	 1	 -46.0470	  177.0962
9.064	 2.26	 1	 -45.3435	  177.9637
9.073	 2.14	 1	 -41.8164	  167.0216
9.091	 3.63	 1	 -42.6197	  177.5609
9.101	 2.14	 1	 -47.1028	  171.8290
9.105	 2.30	 1	 -40.7659	  171.7653
9.105	 2.22	 1	 -45.0948	  178.1937
9.117	 2.09	 1	 -39.5859	  177.4451
9.123	 2.27	 1	 -39.6598	  168.5052
9.136	 2.53	 1	 -46.8404	  175.3844
9.146	 2.33	 1	 -39.6168	  177.4281
9.147	 2.25	 1	 -44.7982	  167.6166
9.163	 3.25	 1	 -47.1407	  173.9175
9.165	 2.21	 1	 -46.0769	  177.0502
9.176	 2.54	 1	 -42.7637	  171.7567
9.177	 3.63	 1	 -38.2892	  171.7825
9.186	 2.10	 1	 -40.9516	  170.3859
9.187	 2.20	 1	 -41.7109	  174.3817
9.190	 2.09	 1	 -44.5032	  178.6221
9.192	 2.28	 1	 -43.8873	  178.9200
9.199	 2.54	 1	 -45.8382	  177.3937
9.200	 2.37	 1	 -39.7327	  177.6277
9.215	 2.19	 1	 -39.4980	  177.3276
9.223	 2.04	 1	 -43.9315	  175.2509
9.245	 2.41	 1	 -43.7034	  167.0609
9.247	 2.30	 2	 -44.2338	  178.7583
9.264	 2.26	 1	 -45.1603	  178.1363
9.266	 2.91	 1	 -40.2340	  178.1445
9.268	 2.51	 1	 -41.0081	  172.6169
9.296	 2.25	 1	 -41.4242	  171.5557
9.304	 2.70	 1	 -42.3358	  166.9236
9.305	 2.05	 1	 -38.2858	  171.8054
9.313	 2.53	 2	 -42.3350	  166.9127
9.318	 2.07	 1	 -46.2815	  169.3364
9.321	 2.59	 1	 -41.0325	  169.9558
9.322	 2.57	 1	 -38.3070	  174.3737
9.328	 2.34	 1	 -44.8639	  167.6649
9.333	 2.67	 1	 -38.3250	  171.5669
9.342	 2.08	 1	 -41.8515	  167.0123
9.346	 2.39	 1	 -43.2040	  173.3934
9.348	 2.31	 1	 -46.4445	  169.6502
9.362	 2.00	 1	 -39.2196	  170.3928
9.366	 2.45	 1	 -39.8547	  168.2766
9.367	 2.54	 1	 -47.1229	  171.9756
9.367	 2.01	 1	 -39.2282	  176.9224
9.397	 2.19	 1	 -38.1967	  173.1349
9.408	 2.07	 1	 -40.2961	  178.1987
9.439	 3.47	 1	 -44.9944	  178.2775
9.441	 2.18	 1	 -46.8759	  170.7786
9.446	 2.49	 1	 -47.1597	  172.3230
9.456	 2.85	 1	 -44.1773	  167.2475
9.459	 2.56	 1	 -47.0714	  171.6312
9.462	 2.59	 1	 -42.2157	  166.9388
9.462	 2.66	 1	 -42.4728	  176.4526
9.469	 2.18	 1	 -45.3086	  177.9980
9.471	 2.04	 2	 -47.0292	  174.3911
9.472	 2.52	 1	 -40.4433	  178.3196
9.474	 2.60	 1	 -47.1795	  172.6219
9.479	 2.09	 1	 -45.5407	  174.8564
9.479	 2.28	 1	 -44.6388	  167.5071
9.480	 2.41	 1	 -38.2007	  173.3025
9.485	 2.55	 1	 -39.5714	  169.5346
9.488	 2.00	 1	 -38.7811	  170.0043
9.492	 2.63	 1	 -41.9544	  179.0569
9.495	 2.72	 2	 -38.3065	  174.3742
9.496	 2.09	 1	 -44.2421	  178.7652
9.503	 2.06	 1	 -38.4034	  171.1855
9.504	 4.00	 2	 -38.3090	  174.3725
9.528	 2.77	 1	 -46.3718	  169.5051
9.531	 2.08	 1	 -47.0463	  174.5518
9.541	 2.23	 1	 -39.3833	  177.1642
9.542	 2.91	 1	 -43.5583	  178.2704
9.554	 2.49	 1	 -41.7261	  174.2759
9.559	 2.29	 1	 -46.5309	  176.2090
9.560	 2.41	 3	 -38.2940	  174.3781
9.570	 2.68	 1	 -45.9895	  168.8620
9.570	 2.50	 1	 -41.7621	  173.9719
9.579	 2.16	 1	 -42.1935	  172.7728
9.585	 2.28	 1	 -41.6848	  178.9843
9.586	 2.16	 1	 -45.3186	  168.0561
9.596	 2.19	 3	 -38.3230	  174.3295
9.604	 2.26	 1	 -42.3338	  175.7500
9.611	 2.44	 1	 -41.8589	  174.1927
9.613	 2.00	 1	 -41.9741	  176.6578
9.621	 2.05	 1	 -44.4886	  167.4135
9.628	 2.04	 1	 -40.5098	  175.3660
9.637	 2.80	 1	 -41.6913	  168.8533
9.660	 2.11	 1	 -39.8328	  169.8573
9.665	 2.28	 1	 -46.9308	  175.0660
9.679	 2.30	 1	 -45.1894	  167.9342
9.684	 2.29	 1	 -41.2422	  178.8130
9.695	 2.03	 1	 -40.6927	  177.8480
9.696	 2.36	 1	 -46.5676	  176.1257
9.719	 2.35	 1	 -46.9547	  174.9717
9.727	 2.40	 1	 -46.3100	  176.6559
9.734	 2.06	 1	 -45.7278	  177.5359
9.739	 2.55	 1	 -42.0101	  173.7029
9.755	 2.09	 1	 -45.1344	  175.6163
9.781	 2.69	 1	 -39.9428	  177.8627
9.802	 2.06	 1	 -42.1438	  173.4784
9.802	 2.14	 1	 -40.1110	  171.7348
9.809	 2.57	 1	 -41.7638	  174.2379
9.820	 2.42	 1	 -42.7434	  173.2084
9.837	 2.92	 1	 -41.6430	  172.3207
9.844	 2.26	 1	 -44.1461	  167.2328
9.857	 2.84	 1	 -38.6269	  170.4086
9.874	 2.37	 1	 -44.1054	  171.7523
9.875	 3.49	 1	 -42.4734	  179.1327
9.875	 2.72	 1	 -42.6494	  172.9464
9.879	 2.48	 1	 -42.4959	  173.7541
9.882	 3.07	 1	 -46.2450	  171.6948
9.885	 2.25	 1	 -42.6608	  179.1398
9.895	 3.22	 1	 -40.2866	  171.3070
9.901	 3.72	 1	 -41.9208	  173.8734
9.902	 2.20	 1	 -39.6177	  168.5582
9.939	 2.89	 1	 -40.4593	  168.5280
9.941	 2.32	 1	 -42.4104	  173.8824
9.948	 2.12	 1	 -41.7033	  174.2772
9.951	 2.14	 1	 -47.0111	  171.3175
9.974	 2.80	 2	 -44.6108	  177.8992
9.990	 2.88	 1	 -43.8390	  169.2419
9.998	 2.35	 1	 -41.6536	  167.0699
9.998	 2.06	 1	 -39.6322	  168.5398
10.000	 2.11	 1	 -40.2418	  173.9948
10.007	 2.84	 1	 -46.9278	  170.9668
10.012	 2.22	 1	 -42.6453	  173.8216
10.024	 2.09	 1	 -41.3809	  167.1704
10.035	 2.18	 1	 -39.8083	  168.3286
10.037	 2.09	 1	 -41.5121	  178.9254
10.037	 2.51	 1	 -44.0453	  167.1877
10.067	 2.56	 1	 -40.6128	  171.0444
10.099	 2.11	 1	 -41.8026	  174.2465
10.101	 2.00	 1	 -41.7533	  174.2707
10.105	 2.53	 1	 -42.2417	  166.9352
10.108	 3.22	 1	 -47.1796	  173.4208
10.110	 2.75	 1	 -46.8981	  175.1875
10.113	 2.22	 1	 -42.2102	  166.9396
10.117	 3.70	 1	 -44.4975	  175.5112
10.135	 2.72	 1	 -44.4659	  178.5890
10.137	 2.92	 1	 -39.8134	  177.7214
10.164	 2.11	 1	 -42.6006	  168.7996
10.173	 2.28	 1	 -44.1533	  172.8597
10.185	 2.58	 1	 -42.2617	  173.4212
10.217	 2.93	 1	 -42.6470	  174.0191
10.238	 2.73	 1	 -40.3908	  178.2777
10.261	 2.48	 2	 -40.4414	  178.3261
10.281	 2.31	 1	 -39.7250	  168.4258
10.287	 2.76	 1	 -41.8321	  174.6720
10.289	 2.09	 1	 -38.6897	  175.8094
10.298	 2.10	 1	 -38.2395	  172.1723
10.323	 2.31	 1	 -45.3758	  177.9313
10.327	 2.22	 1	 -42.1834	  173.2405
10.331	 2.87	 1	 -41.5137	  178.9260
10.339	 2.73	 1	 -47.0558	  174.5010
10.340	 2.96	 1	 -39.2468	  176.9528
10.349	 2.46	 1	 -42.1684	  173.6801
10.353	 2.35	 1	 -45.8943	  177.3177
10.354	 2.06	 1	 -42.0243	  166.9723
10.362	 2.65	 2	 -42.5254	  174.2406
10.372	 2.26	 1	 -46.0061	  177.1577
10.387	 2.65	 1	 -45.7067	  177.5620
10.395	 2.22	 2	 -46.0142	  177.1681
10.406	 2.83	 1	 -43.7086	  172.9232
10.408	 2.67	 1	 -41.6150	  174.4994
10.445	 2.13	 1	 -40.8760	  177.6984
10.446	 2.64	 1	 -42.1632	  168.2070
10.458	 2.34	 1	 -46.3827	  169.5264
10.461	 2.37	 1	 -46.9836	  174.8508
10.461	 2.37	 1	 -42.4575	  170.9638
10.465	 4.80	 1	 -42.8594	  172.1786
10.479	 2.14	 1	 -43.2645	  174.2942
10.479	 2.05	 1	 -45.8409	  168.6542
10.485	 2.77	 1	 -42.8388	  175.0314
10.487	 2.38	 1	 -46.2062	  169.2045
10.488	 2.37	 1	 -46.8558	  170.7105
10.489	 3.13	 1	 -44.2944	  178.7386
10.492	 2.82	 1	 -47.1827	  173.3507
10.499	 2.37	 1	 -41.7100	  174.2443
10.509	 2.04	 1	 -41.6392	  178.9697
10.517	 4.28	 2	 -42.8634	  172.1604
10.520	 2.06	 1	 -39.6727	  168.4893
10.538	 2.40	 1	 -38.2464	  173.9365
10.550	 2.64	 1	 -38.2222	  173.6826
10.569	 2.01	 1	 -38.9425	  176.3980
10.596	 2.03	 1	 -40.9612	  173.9419
10.622	 2.21	 1	 -38.2709	  171.9093
10.631	 2.17	 1	 -38.4805	  175.1640
10.631	 2.47	 1	 -40.8224	  173.5993
10.652	 3.02	 1	 -43.9633	  178.8905
10.658	 2.35	 1	 -38.6875	  174.6595
10.662	 2.02	 1	 -42.5855	  175.6506
10.674	 3.44	 2	 -42.9210	  172.3229
10.691	 2.08	 1	 -46.2748	  169.3244
10.703	 2.08	 1	 -43.8395	  170.9516
10.721	 2.17	 1	 -43.7624	  178.9643
10.729	 2.26	 1	 -47.1887	  173.1084
10.743	 2.49	 1	 -45.0674	  178.2171
10.747	 2.30	 1	 -42.2677	  173.7973
10.750	 2.10	 1	 -40.4388	  178.3160
10.757	 2.90	 1	 -43.4072	  166.9821
10.759	 2.31	 1	 -41.7994	  174.3301
10.763	 2.38	 1	 -45.3195	  175.2766
10.765	 2.22	 1	 -44.7598	  172.4633
10.779	 2.20	 1	 -41.7691	  174.1953
10.784	 2.99	 1	 -42.6415	  173.3822
10.788	 2.67	 1	 -43.8080	  173.4813
10.791	 2.73	 1	 -41.8855	  179.0406
10.793	 2.07	 1	 -46.4436	  176.3959
10.806	 2.08	 1	 -41.7228	  174.1994
10.814	 2.27	 1	 -40.1624	  178.0796
10.829	 2.76	 1	 -41.8362	  174.9319
10.833	 2.08	 1	 -41.2909	  176.9106
10.837	 2.70	 1	 -41.9567	  173.7162
10.838	 2.23	 1	 -41.9915	  173.9198
10.845	 2.21	 1	 -46.1819	  169.1634
10.850	 3.28	 1	 -39.2423	  169.0989
10.892	 2.04	 1	 -46.8961	  175.1944
10.899	 2.42	 1	 -38.4182	  174.9217
10.906	 3.25	 1	 -38.7460	  175.9541
10.926	 3.12	 2	 -38.7352	  175.9552
10.939	 2.09	 1	 -44.6152	  167.4918
10.941	 2.43	 1	 -42.5749	  172.7793
10.965	 2.09	 1	 -43.9560	  167.1508
10.970	 2.21	 1	 -46.7569	  175.6392
10.970	 2.03	 1	 -38.3191	  171.6003
10.986	 2.36	 1	 -41.5341	  178.9334
10.995	 2.58	 1	 -44.0631	  178.8488
11.002	 2.53	 1	 -40.0904	  176.7094
11.014	 2.30	 1	 -42.6632	  179.1398
11.017	 3.67	 1	 -43.3758	  171.2825
11.024	 2.73	 1	 -44.2187	  167.2675
11.027	 2.06	 1	 -45.8770	  177.3414
11.029	 3.15	 2	 -42.9029	  172.1812
11.037	 2.12	 3	 -42.8974	  172.1580
11.044	 2.23	 1	 -40.6535	  167.5695
11.049	 2.32	 1	 -43.9174	  173.6301
11.057	 2.19	 1	 -38.2026	  172.6882
11.063	 2.65	 1	 -45.9520	  171.2370
11.067	 3.27	 1	 -41.0136	  167.3468
11.092	 2.14	 1	 -47.0974	  174.2513
11.094	 2.31	 1	 -39.3901	  176.3816
11.094	 2.50	 1	 -39.2097	  176.8917
11.105	 2.12	 1	 -44.7111	  167.5554
11.107	 2.11	 1	 -42.8403	  173.1014
11.113	 2.85	 1	 -42.8589	  166.9085
11.114	 2.20	 2	 -42.8559	  166.9117
11.123	 2.12	 1	 -41.7394	  167.9732
11.125	 2.26	 1	 -38.4426	  175.0205
11.126	 2.54	 1	 -42.1983	  173.4735
11.133	 2.10	 1	 -40.9640	  174.4158
11.135	 2.17	 1	 -42.0299	  173.6392
11.135	 2.14	 1	 -39.6955	  168.4613
11.147	 3.30	 1	 -42.4924	  166.9104
11.154	 2.08	 1	 -42.2517	  173.6069
11.175	 3.14	 1	 -45.8045	  172.6758
11.184	 2.18	 1	 -42.1164	  173.2624
11.206	 2.18	 1	 -45.3734	  172.0688
11.213	 2.66	 1	 -46.4154	  169.5911
11.221	 2.71	 1	 -41.3812	  167.1703
11.221	 2.35	 1	 -40.9518	  178.6629
11.224	 2.67	 1	 -46.5980	  171.7208
11.230	 2.01	 1	 -38.5951	  170.5022
11.240	 4.25	 1	 -42.8077	  174.8762
11.242	 2.46	 2	 -44.2936	  178.7410
11.242	 2.46	 1	 -42.1774	  179.0997
11.251	 2.26	 1	 -45.4483	  177.8564
11.259	 2.04	 1	 -46.3308	  176.6172
11.267	 2.27	 1	 -41.2824	  173.9182
11.268	 3.63	 1	 -46.4776	  169.7194
11.291	 2.06	 1	 -47.1335	  172.0627
11.293	 2.24	 1	 -39.9405	  168.1840
11.301	 3.99	 1	 -38.1974	  172.8672
11.309	 2.44	 1	 -38.4634	  175.1006
11.326	 3.22	 1	 -43.2023	  170.1937
11.334	 2.08	 1	 -38.4000	  171.2001
11.342	 2.03	 2	 -42.8125	  174.9295
11.345	 3.02	 1	 -42.9566	  170.1081
11.348	 2.37	 1	 -45.9165	  172.3437
11.352	 2.32	 1	 -38.9664	  171.5643
11.354	 3.59	 1	 -39.5550	  174.4029
11.361	 2.13	 2	 -39.5383	  174.3147
11.365	 2.34	 1	 -41.8319	  170.7124
11.366	 2.02	 1	 -44.2450	  178.7637
11.370	 2.77	 1	 -41.5907	  167.0909
11.372	 2.35	 1	 -40.8753	  169.8069
11.382	 2.52	 1	 -42.4868	  173.7896
11.385	 2.08	 1	 -46.9965	  171.2505
11.388	 2.03	 1	 -45.1903	  167.9350
11.396	 2.63	 1	 -45.7075	  177.5610
11.403	 2.06	 1	 -45.7494	  177.5088
11.406	 2.11	 1	 -38.7552	  175.9771
11.413	 2.18	 1	 -41.3295	  169.7773
11.416	 2.14	 1	 -45.3165	  177.9903
11.422	 2.04	 1	 -41.8314	  167.0176
11.431	 2.04	 1	 -38.2580	  174.0349
11.439	 2.76	 1	 -42.9867	  170.2060
11.443	 2.96	 1	 -42.1503	  173.6136
11.467	 2.23	 1	 -44.6272	  178.5447
11.487	 2.21	 1	 -45.9859	  177.1875
11.500	 2.32	 1	 -41.4036	  174.0594
11.521	 2.06	 1	 -45.9088	  177.2976
11.536	 2.01	 2	 -43.3839	  171.2570
11.543	 2.69	 1	 -40.0408	  177.9629
11.547	 2.06	 1	 -42.0341	  173.7322
11.550	 2.70	 1	 -40.2611	  178.1684
11.573	 2.65	 1	 -44.0790	  174.2014
11.577	 2.67	 1	 -41.3513	  167.1828
11.581	 3.71	 1	 -42.5593	  173.1731
11.600	 2.10	 1	 -43.9164	  178.9090
11.606	 2.19	 1	 -42.5127	  170.3534
11.638	 2.80	 1	 -45.9111	  173.9714
11.641	 3.14	 1	 -38.2903	  174.2690
11.644	 2.01	 1	 -47.1141	  171.9088
11.647	 2.12	 1	 -41.8952	  167.0013
11.656	 2.12	 3	 -42.8964	  172.3066
11.689	 2.10	 1	 -40.4858	  170.0837
11.724	 2.36	 1	 -39.2197	  176.9084
11.727	 2.49	 1	 -40.2152	  178.1278
11.735	 2.11	 1	 -42.2964	  174.1097
11.737	 2.25	 1	 -46.8519	  175.3467
11.737	 2.00	 1	 -41.1241	  178.7557
11.746	 2.10	 1	 -38.9334	  169.6651
11.748	 2.33	 1	 -42.3914	  173.7312
11.749	 2.87	 1	 -44.3754	  174.2055
11.774	 2.68	 1	 -43.9422	  174.8208
11.778	 2.33	 1	 -41.9533	  173.9920
11.792	 2.26	 1	 -47.0922	  171.7589
11.821	 2.07	 1	 -44.3426	  172.0824
11.823	 2.27	 1	 -39.6192	  172.9285
11.840	 2.15	 1	 -41.6339	  172.7744
11.844	 2.31	 1	 -38.7190	  175.8858
11.849	 2.11	 1	 -46.8263	  170.6145
11.857	 2.85	 1	 -39.1397	  169.2722
11.885	 2.02	 1	 -47.0482	  171.5024
11.902	 2.39	 1	 -44.3124	  172.0387
11.920	 2.07	 1	 -45.8912	  168.7224
11.925	 2.05	 1	 -38.3520	  174.6199
11.931	 2.34	 1	 -38.8881	  176.2833
11.948	 2.16	 1	 -38.2985	  174.3214
11.958	 2.10	 1	 -38.4754	  175.1453
11.978	 2.72	 1	 -46.9040	  175.1660
11.980	 2.95	 1	 -41.3006	  178.8395
11.984	 2.40	 1	 -45.9807	  177.1951
11.989	 3.55	 1	 -39.5210	  173.4016
12.005	 2.27	 1	 -45.4173	  177.8888
12.009	 2.36	 1	 -42.0711	  166.9630
12.011	 2.47	 1	 -42.8977	  174.4591
12.017	 2.11	 1	 -42.3308	  174.0427
12.020	 2.08	 1	 -40.7471	  167.5065
12.030	 2.05	 1	 -41.8214	  173.6431
12.031	 2.15	 1	 -44.6159	  175.5900
12.055	 2.86	 1	 -42.8005	  174.4572
12.062	 2.13	 1	 -41.9323	  173.9885
12.070	 2.24	 1	 -45.9384	  177.2560
12.074	 2.15	 1	 -38.7395	  175.9378
12.077	 2.05	 1	 -47.1520	  172.2372
12.083	 2.22	 1	 -45.9040	  168.7400
12.089	 2.64	 1	 -47.1751	  172.5388
12.095	 2.19	 1	 -39.8669	  173.7895
12.098	 2.65	 1	 -47.1889	  172.9631
12.105	 4.18	 1	 -38.3502	  174.6109
12.110	 2.52	 1	 -38.6068	  175.5771
12.114	 2.41	 1	 -40.1058	  173.1615
12.116	 2.77	 1	 -45.6194	  177.6665
12.121	 2.02	 1	 -39.6830	  171.3444
12.132	 2.64	 1	 -43.3665	  173.3598
12.133	 2.48	 1	 -47.1252	  171.9940
12.152	 2.37	 1	 -45.6667	  168.4337
12.152	 2.26	 1	 -41.6179	  173.4132
12.171	 2.78	 1	 -47.0425	  171.4726
12.172	 2.94	 1	 -47.0379	  171.4489
12.176	 2.48	 1	 -46.6897	  175.8245
12.183	 2.68	 1	 -46.2290	  169.2436
12.194	 2.18	 1	 -43.3088	  178.5649
12.221	 2.21	 1	 -43.3859	  166.9775
12.244	 2.25	 1	 -42.4320	  173.1951
12.248	 2.03	 1	 -43.7610	  178.9647
12.259	 2.53	 1	 -42.0837	  173.0672
12.263	 2.38	 1	 -41.1513	  177.3743
12.269	 3.20	 1	 -39.6031	  168.5769
12.272	 2.23	 1	 -46.4330	  169.6268
12.273	 2.27	 1	 -38.4146	  171.1375
12.275	 4.45	 1	 -44.8111	  167.6259
12.281	 2.03	 1	 -47.0022	  174.7679
12.311	 2.09	 1	 -46.8478	  170.6840
12.317	 2.72	 1	 -43.8681	  178.9272
12.319	 2.78	 1	 -44.1519	  178.8088
12.326	 2.63	 1	 -42.6951	  167.1751
12.331	 2.31	 1	 -42.3661	  173.5171
12.363	 2.43	 1	 -38.7607	  175.9906
12.389	 2.62	 1	 -45.1240	  167.8759
12.392	 2.76	 1	 -47.0374	  171.4463
12.426	 2.10	 1	 -40.7876	  169.7407
12.444	 3.35	 1	 -38.6895	  170.2354
12.445	 2.05	 1	 -47.0486	  171.5048
12.466	 3.43	 1	 -38.2096	  173.4984
12.477	 2.17	 1	 -39.3466	  169.8306
12.484	 2.73	 1	 -45.0801	  173.5344
12.490	 2.14	 1	 -38.2900	  171.7771
12.501	 2.25	 1	 -42.0204	  174.0064
12.504	 2.10	 1	 -38.8821	  169.7739
12.512	 2.42	 2	 -42.8211	  174.8749
12.524	 2.69	 1	 -43.6578	  172.3536
12.524	 2.23	 1	 -38.2460	  173.9327
12.533	 2.03	 1	 -39.5396	  168.6602
12.539	 2.10	 1	 -41.9980	  166.9778
12.546	 2.01	 1	 -46.4600	  176.3619
12.562	 2.79	 1	 -38.9834	  169.5637
12.583	 2.37	 1	 -44.5773	  176.7458
12.584	 2.13	 1	 -42.6514	  175.3209
12.585	 2.97	 1	 -43.9539	  175.8053
12.594	 2.00	 1	 -43.3598	  166.9721
12.610	 2.05	 1	 -41.4342	  173.5529
12.612	 2.55	 1	 -40.8617	  167.4344
12.616	 2.49	 1	 -46.5573	  169.8949
12.619	 3.69	 2	 -39.6041	  168.5725
12.625	 2.14	 1	 -45.0058	  167.7760
12.630	 2.20	 1	 -45.5597	  168.3094
12.644	 2.14	 1	 -38.8331	  169.8827
12.656	 3.20	 1	 -41.9426	  179.0543
12.658	 2.53	 1	 -38.1960	  173.0499
12.673	 2.10	 1	 -42.0307	  174.0660
12.677	 4.50	 1	 -39.2501	  169.0862
12.685	 2.32	 2	 -39.3226	  169.0869
12.687	 2.88	 2	 -41.9179	  173.8650
12.690	 2.37	 1	 -45.1569	  167.9049
12.694	 2.64	 1	 -42.2265	  179.1070
12.696	 3.82	 1	 -38.2887	  171.7858
12.706	 2.52	 1	 -46.9298	  175.0696
12.721	 2.36	 1	 -46.7527	  175.6512
12.724	 2.24	 1	 -45.8791	  175.6383
12.735	 2.29	 2	 -39.5559	  174.4044
12.736	 2.15	 1	 -39.6487	  168.5191
12.752	 2.79	 2	 -39.2543	  169.0877
12.758	 2.29	 1	 -42.1068	  173.5051
12.760	 2.16	 1	 -38.4890	  173.3627
12.777	 2.08	 1	 -45.8189	  168.6249
12.780	 2.61	 1	 -43.5164	  178.9479
12.783	 2.17	 1	 -40.4918	  178.3572
12.789	 2.27	 1	 -41.9581	  174.0657
12.793	 3.02	 1	 -47.0842	  174.3364
12.798	 2.22	 1	 -47.1822	  173.3610
12.801	 2.35	 1	 -45.8461	  170.9585
12.815	 2.49	 1	 -38.1962	  173.0837
12.815	 3.09	 1	 -42.8143	  168.8476
12.822	 2.45	 1	 -45.4860	  177.8162
12.848	 2.40	 1	 -39.3378	  175.1341
12.855	 2.45	 1	 -46.4592	  176.3635
12.855	 2.00	 1	 -39.1421	  176.7764
12.859	 2.79	 1	 -45.6178	  169.2400
12.861	 2.12	 2	 -39.2473	  169.0955
12.875	 2.02	 2	 -43.9617	  175.7998
12.879	 2.26	 1	 -42.8738	  179.1350
12.901	 2.41	 1	 -42.1128	  173.6841
12.907	 2.26	 1	 -45.3700	  168.1071
12.928	 2.29	 1	 -43.2397	  170.7745
12.942	 2.20	 1	 -44.4936	  176.4925
12.964	 2.12	 1	 -44.7418	  167.5766
12.984	 2.16	 1	 -38.1984	  173.2265
12.999	 2.40	 1	 -38.1961	  173.0745
13.020	 2.42	 1	 -44.0378	  178.8598
13.040	 2.44	 1	 -47.0511	  174.5266
13.046	 2.32	 1	 -47.0335	  171.4265
13.047	 2.36	 1	 -42.4113	  166.9163
13.064	 2.19	 2	 -47.0509	  174.5270
13.065	 2.10	 1	 -40.6884	  167.5456
13.085	 2.24	 1	 -42.0381	  166.9695
13.096	 3.16	 1	 -41.6516	  176.5174
13.097	 2.69	 1	 -42.7904	  166.9058
13.097	 2.19	 1	 -45.5073	  174.2363
13.116	 2.28	 1	 -46.4055	  169.5713
13.121	 2.39	 1	 -42.4852	  173.8347
13.125	 2.22	 1	 -46.3568	  169.4762
13.126	 2.50	 1	 -39.6487	  177.5252
13.137	 2.76	 1	 -46.9252	  175.0873
13.139	 2.01	 1	 -46.7882	  170.4969
13.141	 3.93	 1	 -41.8026	  174.3172
13.154	 2.12	 1	 -41.8599	  169.7942
13.172	 2.40	 1	 -41.8736	  174.1121
13.191	 2.02	 1	 -41.9068	  174.0478
13.198	 2.00	 1	 -38.9589	  170.1017
13.209	 2.12	 1	 -40.8500	  169.8756
13.213	 2.18	 1	 -44.7160	  168.5798
13.241	 2.13	 1	 -47.1367	  172.0905
13.250	 3.12	 1	 -46.8492	  172.2462
13.256	 2.08	 1	 -45.5673	  169.6193
13.257	 2.16	 1	 -38.2018	  172.7096
13.268	 2.32	 2	 -42.8159	  174.8806
13.279	 2.86	 1	 -38.6440	  170.3600
13.279	 2.60	 1	 -42.2203	  172.2897
13.289	 2.49	 1	 -45.2197	  178.0823
13.302	 2.64	 1	 -42.7153	  178.9435
13.302	 2.09	 1	 -38.9620	  176.4378
13.303	 2.68	 1	 -42.9059	  166.9112
13.307	 2.63	 1	 -43.6863	  178.9887
13.321	 2.25	 1	 -41.9969	  173.2202
13.324	 2.33	 1	 -42.5902	  172.9900
13.330	 2.55	 2	 -39.2486	  169.0921
13.340	 2.01	 1	 -42.9678	  179.1285
13.342	 2.79	 1	 -46.2229	  171.0762
13.350	 2.09	 1	 -42.6224	  178.3941
13.352	 2.92	 1	 -42.1680	  174.1866
13.359	 2.86	 1	 -39.3641	  174.0608
13.364	 2.17	 1	 -42.0049	  170.6922
13.372	 2.18	 1	 -38.2245	  172.3337
13.382	 4.39	 1	 -40.3731	  167.7810
13.383	 2.06	 1	 -38.7367	  170.1133
13.389	 2.05	 2	 -40.3725	  167.7876
13.392	 2.40	 1	 -41.8931	  175.2737
13.408	 2.63	 1	 -41.4208	  178.8902
13.419	 2.50	 1	 -41.8840	  173.6812
13.431	 2.53	 1	 -43.6633	  170.8239
13.433	 2.20	 1	 -42.3408	  179.1212
13.446	 2.20	 1	 -39.7823	  169.9085
13.460	 4.56	 2	 -40.4212	  167.7845
13.461	 2.01	 1	 -40.6838	  167.5487
13.465	 2.37	 3	 -39.6927	  167.5652
13.473	 2.12	 1	 -39.7881	  177.6925
13.485	 2.66	 1	 -39.1684	  173.1919
13.491	 3.42	 1	 -47.1395	  173.9284
13.503	 3.40	 1	 -43.1002	  167.8000
13.511	 2.12	 1	 -41.9640	  179.0591
13.523	 2.62	 1	 -41.9360	  179.0527
13.530	 2.28	 1	 -38.2195	  173.6481
13.546	 2.57	 1	 -38.5701	  170.5789
13.563	 3.02	 1	 -42.4032	  174.2937
13.570	 2.33	 1	 -44.1586	  173.8873
13.581	 2.15	 1	 -44.9567	  178.3078
13.584	 2.16	 1	 -43.8672	  167.1168
13.584	 2.13	 1	 -43.5879	  167.0269
13.589	 2.39	 1	 -44.4236	  177.1907
13.592	 2.50	 1	 -46.2893	  169.3506
13.625	 2.21	 1	 -42.1221	  166.9538
13.636	 2.47	 1	 -45.2028	  169.7984
13.640	 2.15	 1	 -45.3419	  171.0823
13.648	 2.16	 1	 -43.0753	  167.4056
13.660	 2.62	 1	 -42.5991	  179.1386
13.669	 2.41	 1	 -44.2067	  178.7827
13.673	 2.56	 1	 -40.6579	  178.2836
13.674	 2.48	 1	 -46.5081	  169.7850
13.695	 4.48	 1	 -39.5767	  168.6112
13.698	 2.10	 1	 -42.2679	  173.7844
13.699	 2.32	 1	 -46.4537	  176.3751
13.705	 2.74	 2	 -39.5586	  168.6066
13.713	 2.83	 1	 -38.2707	  171.9113
13.719	 2.21	 1	 -42.4479	  173.1340
13.733	 2.35	 1	 -45.8050	  168.6068
13.734	 2.02	 1	 -41.0067	  173.6439
13.738	 2.21	 1	 -44.1826	  173.7180
13.807	 2.65	 1	 -46.8218	  175.4441
13.808	 2.64	 2	 -46.8188	  175.4549
13.824	 2.09	 1	 -43.9757	  176.0516
13.834	 2.38	 1	 -38.7113	  170.1783
13.855	 3.01	 1	 -40.3943	  177.4979
13.866	 2.51	 1	 -39.5573	  168.6367
13.867	 2.07	 1	 -40.4971	  174.6144
13.883	 2.03	 1	 -38.2384	  173.8607
13.895	 2.53	 1	 -45.2889	  173.8568
13.904	 2.10	 1	 -42.2691	  173.5539
13.925	 2.17	 1	 -43.3288	  179.0784
13.931	 2.28	 1	 -41.9793	  173.6839
13.934	 2.02	 1	 -42.4262	  174.0017
13.954	 2.14	 1	 -45.2178	  167.9602
13.961	 2.75	 1	 -40.6719	  167.5568
13.975	 2.12	 1	 -40.7017	  167.5366
13.976	 2.76	 1	 -46.1709	  176.8991
13.980	 2.03	 1	 -44.3572	  176.7082
