# Simulation 474
# RelativeTime(days) Magnitude Generation Latitude Longitude
Time Mag Gen Lat Lon
7.009	 2.07	 1	 -41.7523	  175.7953
7.020	 2.18	 1	 -42.5474	  173.1611
7.031	 2.11	 1	 -42.1914	  173.6158
7.045	 2.10	 1	 -46.2609	  169.2996
7.050	 2.14	 1	 -42.1295	  179.0918
7.051	 3.05	 1	 -41.8303	  173.7272
7.059	 2.41	 1	 -43.1226	  172.8367
7.060	 2.60	 1	 -46.1575	  176.9214
7.063	 2.41	 1	 -42.4172	  173.3215
7.069	 2.46	 1	 -43.0847	  172.0807
7.073	 2.75	 1	 -42.2320	  166.9365
7.074	 2.45	 1	 -43.3529	  173.6728
7.087	 2.01	 1	 -41.1689	  175.7366
7.089	 3.20	 1	 -46.9513	  171.0588
7.090	 2.05	 1	 -39.9326	  168.1923
7.107	 2.08	 1	 -44.7352	  177.4765
7.119	 2.12	 1	 -43.0255	  166.9545
7.124	 2.46	 1	 -38.4606	  170.9540
7.137	 2.06	 1	 -42.4702	  170.5884
7.144	 2.26	 1	 -42.9925	  171.5946
7.151	 2.54	 1	 -41.6182	  167.0815
7.158	 2.09	 1	 -45.5478	  177.7483
7.165	 2.01	 1	 -40.5872	  167.6163
7.169	 2.89	 1	 -40.9266	  171.2207
7.189	 2.29	 1	 -41.1734	  167.2640
7.200	 2.49	 1	 -43.9551	  172.1164
7.202	 2.02	 1	 -45.3804	  177.9267
7.207	 2.02	 1	 -45.5292	  168.2752
7.211	 2.02	 1	 -40.2140	  176.4194
7.213	 2.02	 1	 -42.1049	  166.9568
7.221	 2.00	 1	 -43.0387	  172.3906
7.225	 2.03	 1	 -45.1810	  167.9266
7.235	 2.11	 1	 -43.7741	  176.7691
7.240	 2.22	 1	 -42.5864	  174.1942
7.242	 2.18	 1	 -43.7881	  170.7434
7.244	 2.66	 1	 -39.7439	  170.7247
7.245	 2.61	 1	 -46.8628	  175.3104
7.248	 2.30	 1	 -42.2084	  175.8454
7.249	 2.79	 1	 -41.5330	  178.9330
7.250	 2.20	 2	 -39.7506	  170.7205
7.251	 2.01	 1	 -38.8931	  171.6691
7.256	 2.54	 1	 -41.2609	  169.9147
7.264	 3.49	 1	 -43.0433	  175.7672
7.266	 2.16	 1	 -43.9656	  167.1546
7.280	 2.14	 1	 -42.2218	  172.8557
7.292	 2.06	 1	 -46.6471	  170.1102
7.312	 2.11	 1	 -45.1678	  173.3814
7.318	 2.58	 1	 -38.8352	  176.1663
7.323	 2.00	 1	 -41.1303	  178.7589
7.334	 2.34	 1	 -39.8707	  170.2001
7.344	 2.35	 1	 -44.9015	  176.2318
7.344	 2.11	 1	 -43.3850	  170.8584
7.344	 2.14	 1	 -46.3573	  176.5671
7.348	 5.05	 1	 -47.0622	  171.5790
7.354	 2.62	 2	 -47.0908	  171.5093
7.373	 2.17	 1	 -43.2974	  179.0844
7.391	 2.96	 1	 -38.6574	  175.7219
7.393	 3.41	 2	 -38.6516	  175.7372
7.403	 2.01	 1	 -43.5632	  173.1824
7.412	 2.24	 1	 -47.0048	  174.7556
7.431	 2.36	 1	 -38.2881	  174.2547
7.434	 2.59	 1	 -38.2026	  172.6888
7.442	 2.10	 1	 -46.0893	  169.0134
7.443	 2.37	 2	 -38.6565	  175.7237
7.448	 2.18	 1	 -38.4476	  171.0041
7.449	 2.36	 1	 -42.5181	  173.8243
7.454	 2.26	 1	 -46.1686	  169.1413
7.462	 2.20	 1	 -43.2211	  178.2757
7.471	 2.39	 1	 -39.7073	  173.4945
7.471	 2.07	 1	 -42.8250	  166.9070
7.485	 2.69	 1	 -44.5949	  170.2579
7.489	 2.79	 1	 -42.5037	  173.8401
7.494	 2.90	 1	 -45.5323	  171.7919
7.501	 2.06	 1	 -41.3863	  177.1713
7.514	 2.14	 1	 -41.6626	  170.1214
7.517	 2.13	 1	 -47.0159	  171.3405
7.522	 2.05	 1	 -43.3512	  175.1379
7.522	 3.17	 1	 -44.4435	  172.0490
7.543	 2.58	 1	 -40.1473	  178.0655
7.547	 2.31	 1	 -46.5470	  176.1727
7.553	 2.01	 1	 -45.7132	  168.4903
7.554	 2.20	 1	 -46.4991	  169.7656
7.575	 2.74	 1	 -41.7926	  175.4484
7.583	 2.30	 1	 -38.5030	  170.8001
7.586	 2.23	 1	 -40.4060	  172.2322
7.596	 2.41	 1	 -46.9319	  172.2173
7.602	 2.03	 1	 -41.5631	  176.1462
7.605	 2.07	 1	 -42.8893	  177.0035
7.614	 2.32	 1	 -42.9983	  174.1138
7.619	 2.17	 2	 -46.9935	  171.5543
7.623	 2.68	 1	 -44.7865	  167.6082
7.632	 2.31	 1	 -42.9163	  172.0029
7.641	 2.31	 1	 -47.1489	  173.8389
7.650	 2.42	 1	 -42.0168	  173.7005
7.654	 2.09	 1	 -42.0795	  172.4627
7.674	 2.29	 1	 -40.2616	  168.3843
7.674	 2.21	 1	 -38.4027	  171.8445
7.675	 2.06	 1	 -46.8108	  174.2112
7.677	 2.25	 1	 -41.5491	  175.2063
7.682	 2.80	 1	 -41.7096	  171.2871
7.685	 2.16	 1	 -41.9982	  166.9777
7.688	 2.31	 1	 -46.5459	  176.1753
7.691	 2.02	 1	 -45.9344	  173.2137
7.692	 2.80	 1	 -42.3767	  171.2550
7.713	 2.54	 1	 -42.0912	  173.6115
7.720	 2.16	 1	 -40.9361	  176.0583
7.727	 2.31	 1	 -39.2756	  169.0915
7.734	 2.81	 1	 -43.5128	  171.6620
7.736	 3.15	 1	 -42.5947	  174.3206
7.740	 2.31	 1	 -43.2175	  172.7297
7.744	 2.02	 1	 -42.4726	  175.0170
7.749	 3.12	 1	 -41.5590	  178.9424
7.755	 3.28	 1	 -42.1538	  179.0959
7.763	 3.45	 1	 -43.1708	  173.2652
7.782	 2.55	 1	 -44.6139	  171.9244
7.785	 2.02	 1	 -43.1626	  173.8416
7.789	 2.10	 1	 -38.3699	  171.3371
7.794	 3.04	 1	 -45.2108	  167.9537
7.798	 3.84	 1	 -39.3402	  177.0995
7.800	 2.57	 1	 -42.6591	  179.1398
7.801	 2.13	 2	 -41.6998	  171.2832
7.831	 2.50	 1	 -47.1652	  172.3912
7.832	 2.25	 1	 -47.0063	  171.2955
7.832	 2.14	 1	 -44.0389	  176.9369
7.842	 2.07	 1	 -41.8439	  178.0837
7.842	 2.88	 1	 -43.4741	  175.1898
7.843	 2.11	 1	 -42.8325	  166.9073
7.854	 2.48	 1	 -40.0939	  171.8579
7.868	 2.43	 1	 -47.1557	  172.2770
7.869	 2.02	 1	 -44.6814	  177.1353
7.873	 2.22	 1	 -40.4208	  178.3018
7.879	 2.47	 1	 -38.2357	  173.8342
7.894	 2.08	 1	 -38.8887	  169.7597
7.913	 2.10	 1	 -43.8212	  169.4220
7.916	 2.15	 2	 -38.2166	  173.8368
7.921	 2.01	 1	 -41.5688	  178.9458
7.921	 2.02	 1	 -41.4145	  173.4448
7.935	 2.91	 1	 -40.9229	  172.8511
7.942	 3.21	 1	 -41.8513	  174.0728
7.960	 2.47	 1	 -39.5256	  174.2594
7.967	 2.14	 1	 -38.9749	  176.4637
7.976	 2.09	 1	 -38.9060	  171.3958
7.977	 3.29	 1	 -45.4365	  172.8356
7.978	 2.30	 1	 -42.7091	  179.1399
7.979	 2.03	 1	 -44.6640	  170.6991
7.985	 2.01	 1	 -43.8252	  176.2905
7.990	 2.03	 1	 -41.2325	  173.7484
8.004	 2.48	 1	 -38.2030	  173.3652
8.007	 2.44	 1	 -46.6627	  175.8945
8.015	 2.98	 1	 -41.7537	  175.1221
8.017	 2.55	 1	 -45.3619	  177.9453
8.027	 2.71	 1	 -46.8476	  170.6835
8.032	 2.51	 1	 -38.7835	  176.0458
8.044	 3.12	 1	 -43.6019	  171.3417
8.049	 2.30	 1	 -43.8214	  169.9084
8.062	 2.13	 1	 -47.1797	  173.4187
8.062	 2.14	 1	 -41.0853	  178.7358
8.088	 2.21	 1	 -43.9866	  172.6871
8.092	 2.44	 1	 -45.1869	  168.7662
8.093	 2.62	 1	 -42.7451	  175.2549
8.098	 2.15	 1	 -45.3182	  174.9888
8.105	 2.23	 1	 -42.3919	  176.6208
8.119	 2.07	 1	 -41.1779	  169.5362
8.128	 2.06	 1	 -44.2179	  173.3646
8.136	 2.05	 1	 -40.3454	  167.8039
8.142	 2.01	 1	 -43.2493	  166.9514
8.148	 2.12	 1	 -42.5314	  176.4633
8.148	 2.72	 1	 -43.0461	  174.1625
8.151	 3.63	 1	 -41.1774	  172.7504
8.154	 2.00	 1	 -45.8844	  176.8995
8.166	 2.17	 1	 -38.2748	  174.1631
8.176	 2.02	 1	 -42.6684	  167.3251
8.177	 2.31	 1	 -42.3350	  179.1206
8.179	 2.24	 1	 -40.7253	  172.7144
8.191	 2.25	 1	 -39.9646	  168.1587
8.206	 2.13	 1	 -42.9805	  172.3142
8.208	 2.78	 1	 -45.3964	  170.0872
8.213	 2.04	 1	 -42.6713	  175.0213
8.214	 2.46	 1	 -41.7519	  167.2087
8.219	 2.29	 1	 -38.3149	  174.4201
8.224	 2.10	 1	 -43.8179	  172.0387
8.230	 4.15	 1	 -39.6245	  168.5496
8.235	 2.38	 1	 -42.4291	  171.0008
8.236	 2.30	 1	 -40.1835	  174.1190
8.242	 2.42	 1	 -43.1881	  166.9416
8.244	 2.52	 1	 -43.1312	  172.6558
8.257	 2.30	 1	 -43.9657	  173.2359
8.262	 3.09	 1	 -42.4478	  171.6917
8.264	 2.83	 1	 -44.2632	  176.3715
8.266	 2.64	 1	 -46.3496	  172.9565
8.269	 2.08	 1	 -44.5964	  174.6018
8.279	 2.56	 1	 -46.2018	  173.5078
8.305	 2.13	 1	 -40.7014	  167.7116
8.310	 2.67	 1	 -42.6620	  172.8650
8.321	 2.15	 1	 -40.1450	  178.0634
8.322	 2.80	 1	 -42.4944	  179.1340
8.327	 2.76	 1	 -45.3000	  178.0063
8.334	 2.22	 2	 -45.2985	  178.0083
8.339	 3.57	 1	 -44.4143	  178.6737
8.341	 2.14	 1	 -40.6753	  167.5545
8.341	 2.25	 1	 -39.5251	  177.3645
8.343	 2.06	 1	 -38.8640	  176.2308
8.363	 2.02	 1	 -40.1836	  167.9451
8.381	 2.13	 1	 -41.8933	  173.9607
8.411	 2.04	 1	 -45.5130	  168.2574
8.412	 2.08	 1	 -42.9872	  166.9175
8.451	 2.29	 1	 -43.5493	  177.1685
8.451	 2.01	 1	 -44.0650	  169.5044
8.452	 2.77	 1	 -45.1355	  178.1583
8.454	 2.19	 1	 -43.4462	  176.1549
8.461	 2.16	 1	 -41.4102	  167.1584
8.462	 2.22	 1	 -46.5040	  170.4970
8.467	 2.11	 1	 -45.3181	  177.9887
8.476	 2.56	 1	 -40.3417	  171.4828
8.481	 2.29	 1	 -39.6932	  168.4642
8.488	 2.55	 1	 -41.8634	  167.7224
8.491	 2.07	 1	 -42.9709	  175.7718
8.501	 3.62	 1	 -44.8053	  176.9958
8.502	 2.09	 1	 -45.9991	  168.8762
8.502	 2.24	 1	 -44.0257	  167.1794
8.507	 2.54	 1	 -44.0147	  167.1748
8.509	 2.32	 1	 -45.5998	  168.3550
8.523	 2.40	 1	 -38.2628	  174.0735
8.527	 2.10	 1	 -43.9086	  174.9502
8.537	 2.41	 1	 -38.2023	  173.3465
8.540	 3.27	 1	 -38.7502	  175.9647
8.557	 2.61	 1	 -42.3226	  174.1435
8.559	 2.01	 1	 -40.9411	  175.0066
8.563	 2.51	 1	 -39.2352	  176.9339
8.567	 2.08	 1	 -40.0064	  173.3682
8.580	 2.21	 1	 -40.4338	  167.7322
8.589	 2.01	 1	 -38.2872	  171.7957
8.596	 2.92	 1	 -41.1992	  172.1679
8.598	 3.28	 1	 -42.2129	  173.6080
8.601	 2.49	 1	 -41.7819	  168.3596
8.611	 2.24	 1	 -46.4857	  169.7366
8.628	 2.33	 1	 -47.1586	  172.3109
8.639	 2.03	 1	 -46.4222	  176.4395
8.641	 2.32	 1	 -43.7688	  178.9621
8.644	 2.13	 1	 -43.2864	  175.6125
8.658	 2.62	 1	 -44.7649	  178.4515
8.686	 3.60	 1	 -38.2188	  173.6389
8.689	 2.50	 1	 -39.0023	  169.5264
8.692	 2.33	 1	 -44.1780	  173.9093
8.728	 2.02	 1	 -44.1335	  174.4703
8.730	 2.10	 1	 -41.6806	  174.3275
8.730	 2.23	 1	 -40.2135	  171.6821
8.743	 2.45	 1	 -41.7661	  174.2087
8.750	 2.62	 1	 -40.9556	  170.8720
8.751	 2.62	 1	 -40.9826	  178.6803
8.755	 2.49	 1	 -41.6675	  175.6220
8.758	 3.01	 1	 -42.8292	  171.8125
8.759	 2.29	 1	 -42.6707	  172.9046
8.762	 2.13	 2	 -42.6707	  172.9071
8.763	 2.05	 1	 -44.5207	  178.6115
8.767	 2.11	 1	 -41.0870	  167.3076
8.778	 2.46	 1	 -41.5097	  169.4133
8.779	 2.42	 1	 -43.8368	  170.6423
8.782	 2.00	 1	 -43.9357	  167.1428
8.793	 3.85	 1	 -38.2682	  174.1146
8.812	 2.53	 2	 -38.2326	  174.1465
8.815	 2.79	 1	 -43.4229	  179.0587
8.822	 3.54	 2	 -39.6269	  168.5809
8.847	 2.44	 1	 -42.0400	  179.0752
8.850	 2.31	 1	 -42.6633	  174.1623
8.854	 2.02	 1	 -43.0741	  169.3008
8.855	 2.36	 1	 -46.0791	  177.0467
8.857	 2.32	 1	 -44.1069	  175.4153
8.872	 2.15	 1	 -47.1232	  171.9780
8.875	 2.02	 1	 -41.3982	  174.8048
8.895	 2.11	 1	 -41.2459	  178.8147
8.908	 4.32	 1	 -39.8949	  173.4508
8.914	 2.81	 1	 -39.3352	  175.2979
8.928	 2.21	 1	 -41.6826	  167.0607
8.930	 2.07	 1	 -41.1333	  167.2839
8.967	 2.24	 1	 -41.7776	  172.6335
8.968	 2.24	 1	 -45.1552	  167.9034
8.969	 2.12	 1	 -45.9014	  172.5567
8.977	 2.01	 1	 -41.7296	  178.9980
8.980	 2.12	 1	 -40.3408	  178.2365
9.012	 2.03	 1	 -43.2613	  175.6068
9.049	 2.26	 2	 -41.7334	  178.9218
9.053	 2.50	 1	 -41.0518	  175.4309
9.078	 2.43	 1	 -45.6558	  168.4207
9.079	 2.25	 1	 -39.5676	  173.7612
9.081	 2.29	 1	 -40.1797	  172.9230
9.109	 2.09	 1	 -41.9108	  169.7162
9.114	 2.22	 1	 -38.2000	  173.2830
9.120	 2.29	 1	 -46.8307	  170.6287
9.134	 2.97	 1	 -44.6173	  176.4026
9.137	 2.58	 1	 -43.4593	  169.2169
9.142	 2.13	 1	 -42.9053	  172.6545
9.146	 2.20	 1	 -42.0114	  171.5406
9.147	 2.08	 1	 -40.4660	  178.3373
9.178	 2.25	 2	 -38.3124	  173.7679
9.181	 2.06	 1	 -42.5692	  169.1288
9.196	 2.00	 1	 -41.0124	  170.5426
9.197	 2.64	 1	 -40.9741	  178.6756
9.203	 2.06	 1	 -41.2210	  171.8465
9.251	 2.35	 1	 -45.4750	  170.4831
9.252	 2.14	 1	 -42.4052	  178.0055
9.253	 2.35	 1	 -41.3991	  177.1256
9.255	 2.88	 1	 -40.0759	  171.1526
9.259	 2.50	 1	 -47.1739	  172.5193
9.264	 2.51	 1	 -43.0643	  171.7743
9.283	 2.77	 1	 -38.2589	  174.0427
9.285	 2.11	 2	 -39.8636	  173.4267
9.293	 2.02	 1	 -42.1310	  177.4983
9.302	 3.44	 1	 -45.8980	  177.3125
9.306	 2.19	 1	 -42.5759	  170.6398
9.306	 2.07	 1	 -40.8514	  170.6869
9.320	 2.67	 2	 -39.8983	  173.4584
9.325	 2.36	 1	 -45.4314	  169.9339
9.329	 2.20	 1	 -42.2355	  174.6300
9.336	 2.08	 1	 -43.3271	  173.3883
9.339	 3.24	 1	 -38.8762	  175.6041
9.342	 2.61	 1	 -42.9134	  179.1326
9.347	 2.31	 1	 -42.5412	  179.1365
9.347	 2.24	 1	 -43.1293	  179.1110
9.354	 2.20	 1	 -44.7575	  176.5787
9.359	 2.09	 1	 -41.5768	  178.9486
9.387	 2.58	 1	 -46.7418	  175.6822
9.393	 2.16	 1	 -43.1989	  176.8904
9.394	 2.24	 1	 -45.1726	  176.3691
9.408	 2.21	 1	 -38.2382	  172.1852
9.409	 2.32	 1	 -43.6294	  179.0057
9.411	 3.20	 1	 -43.8965	  171.0218
9.417	 2.44	 1	 -38.3226	  174.4642
9.420	 2.19	 1	 -42.1024	  173.7025
9.421	 2.56	 1	 -47.1656	  173.6479
9.439	 2.51	 1	 -42.5207	  174.5496
9.441	 2.77	 1	 -42.7535	  175.0435
9.449	 2.90	 1	 -41.6917	  174.2891
9.466	 2.28	 1	 -38.2249	  172.3284
9.469	 2.17	 1	 -44.5942	  170.5943
9.472	 2.18	 1	 -45.5525	  177.7430
9.484	 2.02	 1	 -41.5975	  178.9557
9.491	 3.60	 1	 -42.4933	  170.3652
9.493	 2.39	 1	 -43.1760	  166.9398
9.497	 2.11	 1	 -42.5222	  171.7705
9.503	 2.65	 1	 -40.6936	  168.4956
9.504	 2.79	 1	 -45.4873	  168.2295
9.512	 3.55	 1	 -41.3836	  173.4070
9.523	 3.02	 1	 -38.2577	  174.0325
9.532	 2.14	 1	 -41.5606	  170.4327
9.537	 2.19	 1	 -44.3837	  167.3535
9.550	 2.22	 1	 -38.2775	  171.8623
9.553	 2.64	 1	 -42.3931	  172.9559
9.569	 2.26	 1	 -43.9549	  167.1504
9.573	 2.45	 1	 -43.2376	  175.8440
9.585	 2.67	 1	 -42.3156	  171.0071
9.601	 2.10	 1	 -39.8168	  176.6954
9.603	 2.29	 1	 -39.9941	  171.0591
9.606	 2.68	 1	 -45.2048	  167.9482
9.635	 2.69	 1	 -43.3491	  175.6957
9.640	 2.33	 1	 -43.7122	  169.1618
9.649	 2.23	 1	 -47.1359	  173.9606
9.681	 3.83	 1	 -40.6212	  171.3505
9.683	 2.05	 1	 -42.6981	  168.7410
9.685	 2.74	 2	 -40.6281	  171.3605
9.689	 2.32	 1	 -45.3980	  172.2401
9.690	 2.60	 1	 -44.7618	  171.3780
9.698	 2.29	 1	 -40.6314	  169.7277
9.702	 2.05	 2	 -40.7125	  171.4039
9.709	 2.03	 1	 -42.1652	  173.7031
9.728	 2.20	 1	 -44.6185	  178.5504
9.741	 2.54	 1	 -38.4988	  175.2296
9.745	 2.16	 1	 -47.1867	  172.8213
9.768	 2.17	 1	 -41.5221	  175.1120
9.775	 2.08	 1	 -40.3438	  167.8052
9.785	 2.37	 1	 -43.2877	  172.2508
9.785	 2.38	 1	 -41.8419	  167.0148
9.787	 2.11	 1	 -45.7482	  170.8694
9.789	 2.23	 2	 -40.3446	  167.8056
9.815	 2.10	 1	 -43.5802	  167.0247
9.845	 2.03	 1	 -43.7001	  176.4462
9.868	 2.27	 1	 -43.8856	  175.6204
9.875	 2.86	 1	 -44.7806	  177.6587
9.919	 2.36	 1	 -42.2865	  175.2319
9.922	 2.67	 1	 -41.2283	  178.8065
9.925	 2.21	 1	 -41.0789	  173.6927
9.933	 2.42	 1	 -40.4725	  168.6688
9.940	 2.13	 1	 -42.4414	  172.5135
9.949	 2.17	 1	 -41.0513	  178.7178
9.956	 2.12	 1	 -41.9468	  174.1577
9.959	 2.56	 1	 -40.6161	  167.5957
9.968	 3.42	 1	 -42.8166	  172.9474
9.972	 2.94	 1	 -39.3694	  170.7198
9.975	 2.17	 1	 -44.6466	  171.6629
9.989	 2.26	 1	 -43.6916	  168.8547
9.993	 2.94	 1	 -38.2517	  173.9826
9.998	 2.19	 1	 -38.2140	  172.4743
10.016	 2.56	 1	 -41.5396	  171.9242
10.028	 2.65	 1	 -40.1639	  172.7216
10.029	 2.62	 1	 -43.0305	  170.6978
10.030	 2.48	 1	 -42.4351	  171.3673
10.032	 3.04	 1	 -44.3785	  174.6076
10.037	 2.29	 1	 -38.2861	  174.2411
10.042	 2.16	 1	 -38.3971	  174.8317
10.045	 3.43	 1	 -38.5575	  175.4256
10.056	 2.74	 1	 -45.4132	  177.8930
10.057	 2.15	 1	 -42.8708	  166.9091
10.095	 2.08	 1	 -40.7536	  169.7543
10.098	 2.90	 1	 -44.4623	  171.2177
10.107	 2.04	 1	 -42.7965	  172.3439
10.115	 2.11	 1	 -40.5899	  178.0808
10.131	 2.21	 1	 -43.5540	  172.0685
10.137	 2.21	 1	 -39.2016	  169.1661
10.139	 2.32	 1	 -41.9679	  166.9843
10.144	 3.18	 1	 -40.9925	  171.6772
10.144	 2.36	 1	 -44.2158	  174.1490
10.178	 2.96	 1	 -42.0228	  166.9726
10.194	 2.20	 1	 -46.5536	  176.1577
10.200	 2.16	 1	 -45.3083	  177.9982
10.205	 2.01	 1	 -39.6202	  177.4893
10.205	 2.12	 1	 -41.7432	  174.1169
10.222	 2.20	 1	 -38.3948	  171.2227
10.238	 2.02	 1	 -38.2525	  172.0547
10.249	 2.16	 1	 -46.0453	  174.9986
10.260	 3.09	 1	 -43.3095	  172.2336
10.264	 2.81	 1	 -39.2066	  176.8865
10.265	 2.28	 1	 -46.9366	  171.0006
10.271	 2.29	 1	 -41.0960	  167.3030
10.274	 2.30	 1	 -44.7352	  172.9071
10.279	 2.37	 1	 -40.5989	  178.4364
10.283	 2.01	 1	 -45.4482	  171.9247
10.293	 2.50	 1	 -46.0529	  177.0873
10.297	 2.37	 1	 -43.6212	  172.3518
10.301	 2.00	 1	 -45.4610	  168.2014
10.318	 2.17	 1	 -41.8614	  175.5542
10.329	 2.01	 1	 -40.3882	  170.3961
10.343	 3.18	 1	 -41.9679	  179.0600
10.360	 2.55	 1	 -45.9712	  168.8353
10.363	 2.33	 2	 -45.9683	  168.8339
10.371	 2.36	 1	 -44.4408	  171.0804
10.371	 2.00	 1	 -44.7679	  168.2839
10.379	 2.14	 1	 -42.2597	  174.8184
10.383	 2.47	 1	 -46.3858	  171.1915
10.390	 2.94	 1	 -42.2220	  171.6010
10.402	 3.12	 1	 -40.3275	  167.8189
10.409	 2.10	 1	 -41.6272	  172.8644
10.411	 2.01	 1	 -38.4258	  174.9531
10.422	 2.24	 1	 -38.7984	  176.0812
10.431	 2.11	 1	 -41.0300	  173.3331
10.449	 2.16	 1	 -39.8557	  169.6908
10.462	 2.02	 1	 -39.5633	  171.5338
10.471	 2.06	 1	 -42.4804	  179.1331
10.474	 2.15	 1	 -43.4533	  173.0056
10.490	 2.63	 1	 -44.9123	  167.7018
10.515	 2.66	 1	 -43.2409	  166.9500
10.522	 2.04	 1	 -42.9457	  169.8259
10.532	 2.00	 1	 -47.1480	  173.8482
10.535	 2.18	 1	 -46.0210	  177.1355
10.543	 2.44	 1	 -45.5115	  174.8257
10.548	 2.25	 1	 -42.9108	  175.1046
10.567	 2.38	 1	 -41.6581	  174.2660
10.569	 2.39	 1	 -43.4903	  178.5592
10.577	 2.17	 1	 -46.4610	  176.3598
10.584	 2.01	 1	 -42.8051	  172.9139
10.594	 2.66	 1	 -47.1217	  174.0777
10.597	 2.09	 1	 -41.5655	  172.0456
10.606	 3.69	 1	 -40.7889	  172.3872
10.635	 2.23	 1	 -45.1814	  175.5647
10.642	 2.17	 1	 -46.3668	  176.5489
10.643	 2.13	 1	 -43.3374	  167.8310
10.647	 2.04	 1	 -45.6711	  177.6053
10.656	 2.44	 1	 -43.8080	  171.7388
10.674	 2.01	 1	 -41.0798	  173.3422
10.675	 3.98	 1	 -47.0216	  174.6764
10.693	 2.30	 1	 -38.6499	  175.7009
10.693	 2.95	 1	 -40.7549	  167.5015
10.712	 2.68	 1	 -44.9764	  167.7522
10.719	 2.20	 1	 -46.9663	  174.9243
10.719	 2.40	 2	 -47.0239	  174.7211
10.726	 2.18	 1	 -41.8642	  173.3366
10.729	 2.40	 1	 -44.9756	  178.2927
10.748	 3.12	 1	 -41.7796	  174.2471
10.753	 2.62	 1	 -40.2937	  178.1967
10.776	 2.11	 1	 -39.3375	  168.9489
10.786	 2.12	 1	 -43.5242	  171.5073
10.799	 2.03	 1	 -42.3519	  173.7140
10.802	 2.40	 1	 -38.3446	  174.5825
10.825	 2.02	 1	 -43.7982	  178.5594
10.837	 2.04	 1	 -40.7740	  177.4881
10.844	 2.23	 1	 -38.2327	  172.2410
10.845	 2.19	 1	 -43.8126	  169.2404
10.855	 2.64	 1	 -42.8893	  172.9017
10.857	 3.36	 1	 -40.8195	  167.4603
10.859	 2.03	 1	 -45.5628	  177.7314
10.866	 2.88	 1	 -42.4570	  173.7863
10.870	 2.17	 1	 -40.4108	  171.5662
10.886	 2.53	 1	 -44.0471	  172.4988
10.891	 2.06	 1	 -40.6290	  176.4114
10.906	 2.53	 1	 -38.4787	  175.1573
10.923	 2.43	 1	 -40.3406	  173.6454
10.929	 2.07	 1	 -39.0191	  176.5504
10.949	 2.12	 1	 -46.3204	  169.4076
10.950	 2.06	 1	 -41.4645	  175.7225
10.952	 2.32	 1	 -40.2814	  167.8582
10.973	 3.25	 1	 -42.3192	  170.7795
10.976	 2.17	 1	 -42.7451	  173.2294
10.988	 3.08	 1	 -44.8886	  178.3607
10.993	 2.13	 1	 -42.7176	  166.9044
10.993	 2.09	 1	 -42.2864	  173.5269
10.995	 2.05	 1	 -46.0324	  168.9259
10.998	 2.12	 1	 -38.3984	  174.8374
11.013	 3.08	 1	 -41.1032	  167.2992
11.014	 2.10	 1	 -42.0713	  173.8568
11.017	 2.69	 1	 -46.2017	  176.8474
11.047	 2.52	 1	 -47.0418	  171.4686
11.053	 2.68	 1	 -40.4428	  173.0665
11.057	 2.70	 1	 -42.3039	  169.8654
11.058	 2.01	 1	 -45.1660	  168.0283
11.059	 2.54	 2	 -40.8206	  167.4613
11.063	 2.03	 1	 -45.6860	  177.5873
11.077	 2.03	 1	 -41.3762	  170.9890
11.079	 2.04	 1	 -39.4736	  177.2939
11.081	 2.13	 1	 -46.5398	  176.1891
11.116	 2.61	 1	 -40.0440	  175.5120
11.134	 2.20	 1	 -46.9251	  170.9565
11.136	 3.47	 2	 -47.0408	  171.4727
11.148	 2.09	 1	 -46.2201	  169.2283
11.163	 2.47	 1	 -43.0367	  173.7263
11.178	 4.13	 1	 -39.4653	  168.7620
11.182	 2.10	 1	 -40.1850	  175.8511
11.186	 2.00	 1	 -44.3063	  173.9084
11.190	 2.46	 1	 -42.8570	  179.1358
11.193	 2.13	 1	 -38.2587	  174.0406
11.197	 2.20	 1	 -41.9069	  173.3438
11.267	 2.74	 1	 -44.5030	  178.6222
11.270	 2.65	 1	 -44.7076	  178.4913
11.274	 2.03	 1	 -42.7893	  179.1385
11.279	 2.11	 1	 -42.5140	  173.1039
11.282	 2.65	 1	 -38.2818	  174.2118
11.285	 2.71	 1	 -45.3046	  174.2583
11.314	 2.59	 1	 -42.3041	  173.9231
11.319	 2.21	 1	 -38.9672	  169.5960
11.334	 2.12	 1	 -45.1305	  176.0705
11.344	 2.10	 1	 -40.4220	  176.1487
11.355	 3.25	 1	 -47.1844	  172.7406
11.365	 2.86	 1	 -38.2277	  172.2967
11.372	 2.94	 1	 -45.7032	  177.5663
11.415	 2.78	 1	 -43.4950	  175.6756
11.423	 2.56	 1	 -45.0072	  167.7771
11.433	 2.54	 1	 -42.3290	  166.9244
11.441	 2.81	 1	 -44.2796	  177.8562
11.454	 2.13	 2	 -44.2703	  177.8770
11.454	 2.33	 1	 -42.2330	  173.6016
11.458	 3.20	 1	 -42.1169	  173.6616
11.463	 2.25	 1	 -45.8674	  168.6898
11.464	 2.72	 1	 -46.0225	  177.1333
11.472	 2.81	 1	 -38.2288	  172.2837
11.500	 2.06	 1	 -45.7655	  168.5558
11.531	 2.30	 1	 -43.0556	  166.9243
11.546	 2.45	 1	 -43.7252	  178.9764
11.555	 2.31	 1	 -46.4963	  170.5224
11.557	 2.18	 1	 -44.2677	  178.7523
11.559	 2.24	 1	 -46.3482	  176.5844
11.576	 2.26	 1	 -42.4282	  169.9072
11.580	 2.01	 1	 -43.3172	  179.0806
11.587	 2.70	 1	 -43.4144	  179.0606
11.612	 2.02	 1	 -39.5315	  173.6043
11.612	 2.70	 1	 -39.2280	  169.1223
11.624	 2.90	 1	 -47.1866	  172.8173
11.633	 2.58	 1	 -39.3577	  177.1259
11.643	 2.04	 1	 -42.0779	  174.4590
11.645	 2.24	 1	 -38.2524	  172.0555
11.648	 2.03	 1	 -42.1757	  173.6055
11.657	 2.16	 1	 -42.1790	  167.2903
11.658	 3.57	 1	 -43.2853	  166.9577
11.658	 2.09	 1	 -42.6155	  174.8828
11.659	 2.57	 2	 -43.4593	  167.0974
11.667	 2.28	 1	 -45.9700	  168.8336
11.672	 2.25	 1	 -41.6658	  167.0659
11.686	 2.28	 2	 -38.7464	  175.9617
11.690	 2.11	 1	 -42.3460	  173.1148
11.707	 2.01	 1	 -44.3744	  167.3484
11.717	 2.34	 1	 -38.6818	  175.7883
11.727	 3.44	 1	 -42.2920	  177.6317
11.735	 2.38	 1	 -40.1795	  170.1247
11.741	 2.59	 1	 -42.2725	  168.9833
11.746	 2.10	 1	 -42.5785	  173.9132
11.747	 2.06	 1	 -44.5739	  171.5784
11.748	 2.81	 1	 -41.0498	  171.9527
11.773	 2.21	 1	 -42.4724	  172.3985
11.794	 2.28	 1	 -44.4817	  173.2517
11.799	 2.84	 1	 -38.8242	  169.9031
11.821	 2.86	 1	 -41.6659	  172.5049
11.825	 2.52	 1	 -42.0559	  167.0523
11.832	 2.25	 1	 -47.1357	  172.0815
11.841	 2.09	 1	 -41.9039	  170.6803
11.843	 2.29	 1	 -44.2755	  177.5523
11.859	 2.37	 1	 -47.0548	  174.5062
11.860	 4.32	 1	 -42.9282	  174.3639
11.861	 2.58	 1	 -47.1862	  173.2449
11.862	 2.30	 1	 -47.0454	  171.4874
11.876	 2.01	 1	 -39.9539	  175.5741
11.882	 2.23	 1	 -41.9374	  166.9912
11.887	 2.36	 1	 -44.1556	  178.8071
11.908	 2.43	 2	 -38.2776	  174.2079
11.911	 3.05	 1	 -43.9518	  175.6317
11.949	 2.20	 1	 -45.0121	  167.7811
11.954	 2.10	 1	 -46.5024	  169.7726
11.956	 2.54	 2	 -46.4979	  169.7795
11.989	 2.12	 2	 -39.9011	  173.4621
12.005	 3.60	 1	 -47.1886	  172.9285
12.024	 2.11	 1	 -46.5642	  169.9107
12.027	 2.29	 1	 -41.8994	  174.1408
12.032	 2.04	 1	 -42.1455	  170.9022
12.033	 2.29	 1	 -46.5016	  174.4404
12.037	 2.36	 1	 -43.1499	  173.0683
12.038	 2.90	 1	 -45.8895	  168.7199
12.040	 2.44	 1	 -42.2971	  173.6918
12.047	 2.80	 1	 -43.0328	  179.1224
12.062	 2.35	 1	 -47.1877	  172.8663
12.063	 2.03	 1	 -41.1679	  167.5540
12.070	 2.29	 1	 -38.5514	  175.4062
12.085	 2.13	 1	 -40.0743	  169.1404
12.090	 2.01	 1	 -42.6681	  173.3750
12.094	 2.58	 1	 -46.2996	  176.6750
12.114	 2.23	 1	 -38.4710	  175.1291
12.114	 2.36	 1	 -43.8520	  171.1614
12.122	 2.55	 1	 -41.0929	  168.9284
12.125	 2.42	 2	 -47.1922	  172.9525
12.134	 2.62	 1	 -47.1102	  174.1633
12.137	 2.82	 1	 -47.1880	  172.8818
12.146	 3.07	 1	 -40.5715	  178.4166
12.150	 2.70	 1	 -44.3593	  176.2107
12.159	 2.41	 1	 -42.9181	  166.9120
12.160	 2.25	 1	 -39.7967	  175.6183
12.173	 2.04	 1	 -46.4232	  169.6067
12.181	 2.12	 1	 -40.4218	  175.3708
12.187	 2.07	 1	 -41.8464	  172.8534
12.195	 4.04	 1	 -41.0902	  178.7384
12.220	 2.06	 1	 -38.3610	  171.3797
12.243	 2.05	 1	 -43.8279	  174.8044
12.253	 2.03	 1	 -43.6689	  177.5496
12.273	 2.51	 1	 -43.9515	  173.1844
12.276	 2.09	 1	 -41.6323	  171.9197
12.312	 2.26	 1	 -42.7494	  173.4038
12.323	 2.36	 1	 -43.1106	  176.2897
12.324	 2.55	 1	 -41.9770	  179.0620
12.347	 2.55	 1	 -41.6456	  171.6114
12.355	 2.46	 2	 -42.3202	  170.7747
12.378	 2.03	 1	 -45.1134	  167.8666
12.383	 2.72	 1	 -43.4030	  167.9283
12.405	 2.23	 1	 -42.0365	  174.0597
12.433	 2.07	 1	 -42.8672	  175.4234
12.438	 2.57	 1	 -41.2708	  170.2085
12.441	 3.65	 1	 -40.0920	  178.0131
12.442	 3.42	 1	 -40.3279	  168.2010
12.454	 2.07	 1	 -38.3477	  174.5983
12.469	 2.54	 1	 -44.0985	  171.7573
12.479	 2.09	 1	 -43.1452	  173.3538
12.484	 2.83	 1	 -38.3342	  174.5276
12.487	 2.27	 1	 -39.1180	  169.3105
12.514	 2.81	 1	 -46.2632	  169.3036
12.515	 2.94	 1	 -38.6383	  170.7947
12.522	 2.84	 1	 -39.3216	  177.0711
12.541	 2.42	 1	 -38.8870	  176.2809
12.555	 2.15	 1	 -47.0992	  174.2397
12.566	 2.11	 1	 -46.7242	  175.7314
12.580	 2.99	 1	 -44.0822	  167.2038
12.581	 2.46	 1	 -38.4900	  170.8462
12.583	 2.35	 1	 -42.3054	  175.0660
12.590	 2.51	 1	 -38.2405	  172.1629
12.591	 2.05	 1	 -41.8371	  174.1643
12.594	 3.15	 1	 -42.5098	  169.3683
12.598	 2.28	 2	 -46.6874	  175.6653
12.604	 2.08	 1	 -45.2017	  177.1322
12.623	 2.61	 1	 -46.7945	  170.5158
12.631	 2.19	 1	 -41.6284	  178.9662
12.634	 2.51	 1	 -44.5219	  167.4335
12.656	 2.59	 1	 -41.0427	  167.3310
12.660	 3.16	 1	 -38.1994	  173.2612
12.663	 2.17	 1	 -43.3376	  166.9676
12.676	 2.59	 1	 -41.8977	  171.9411
12.677	 2.25	 1	 -46.9105	  170.9020
12.768	 2.12	 1	 -47.0595	  171.5640
12.769	 2.06	 1	 -46.4196	  169.5995
12.777	 2.27	 1	 -42.3022	  173.7305
12.777	 2.19	 1	 -44.7437	  167.5779
12.778	 3.67	 1	 -40.5982	  173.2760
12.786	 2.01	 1	 -40.9918	  175.0851
12.798	 2.04	 1	 -42.2770	  174.9315
12.814	 2.39	 1	 -43.7645	  167.0807
12.823	 2.47	 1	 -44.1917	  174.4320
12.825	 2.44	 1	 -41.8221	  169.5361
12.844	 2.54	 1	 -38.1965	  173.1167
12.848	 2.55	 1	 -41.8955	  173.9690
12.873	 2.59	 1	 -38.2503	  172.0738
12.874	 2.05	 1	 -40.0110	  177.9331
12.881	 2.57	 1	 -44.4039	  176.7751
12.907	 2.23	 1	 -42.9592	  173.8195
12.916	 2.00	 1	 -43.6389	  179.0029
12.920	 2.55	 1	 -38.1968	  172.9016
12.942	 2.53	 1	 -42.3724	  179.1244
12.964	 2.44	 1	 -42.0791	  179.0827
12.970	 2.18	 1	 -41.2479	  178.8156
12.971	 2.39	 1	 -43.6131	  172.5947
13.009	 3.18	 1	 -47.0294	  171.4058
13.015	 2.02	 1	 -40.4684	  171.3311
13.018	 3.29	 1	 -43.8976	  167.1281
13.027	 2.50	 1	 -43.2810	  173.1889
13.050	 2.03	 1	 -44.2860	  172.7651
13.076	 2.00	 1	 -44.6105	  172.3528
13.077	 2.04	 1	 -42.2194	  169.8272
13.084	 2.27	 1	 -42.4861	  174.4201
13.085	 2.49	 1	 -41.0818	  172.8597
13.095	 2.12	 1	 -43.9349	  175.5550
13.130	 2.19	 1	 -38.8780	  169.7829
13.132	 2.32	 1	 -39.1418	  174.4109
13.146	 2.12	 1	 -43.6131	  175.4435
13.163	 2.12	 1	 -38.2763	  171.8704
13.165	 2.76	 1	 -43.3563	  179.0729
13.169	 2.16	 1	 -40.9716	  170.0836
13.177	 2.07	 1	 -40.0049	  168.1174
13.211	 2.07	 1	 -38.9740	  173.8303
13.233	 2.05	 1	 -44.0345	  169.2184
13.241	 2.96	 1	 -46.0551	  170.4758
13.241	 2.07	 1	 -44.0437	  172.5773
13.251	 2.70	 1	 -42.9111	  173.8040
13.257	 2.22	 2	 -39.2078	  176.8725
13.278	 2.80	 1	 -38.8151	  172.4608
13.302	 2.09	 1	 -39.7446	  177.6418
13.303	 2.07	 1	 -42.3911	  166.9181
13.306	 3.37	 1	 -42.5056	  171.3084
13.310	 2.47	 1	 -47.0355	  174.6079
13.317	 2.43	 1	 -40.3722	  167.7818
13.352	 2.53	 1	 -42.8122	  173.1422
13.366	 2.10	 1	 -43.9551	  175.5520
13.367	 2.24	 1	 -44.9385	  178.3222
13.377	 2.10	 1	 -40.0114	  169.8385
13.379	 2.25	 1	 -40.4201	  172.2642
13.391	 2.50	 1	 -41.2371	  178.8106
13.402	 2.09	 1	 -47.1392	  173.9314
13.418	 2.71	 1	 -41.0435	  167.3306
13.424	 3.26	 1	 -42.2713	  173.7569
13.431	 2.19	 1	 -39.3765	  177.1540
13.448	 2.17	 1	 -43.0699	  166.9259
13.450	 2.50	 1	 -42.3626	  173.7310
13.455	 3.06	 1	 -42.9371	  171.5587
13.489	 2.18	 1	 -40.3169	  172.6327
13.522	 3.46	 1	 -38.4485	  171.0008
13.529	 2.58	 1	 -44.8759	  167.6740
13.543	 2.44	 1	 -45.1707	  178.1270
13.558	 2.08	 1	 -46.7648	  175.6166
13.566	 2.29	 1	 -41.5502	  172.0148
13.595	 2.69	 1	 -42.5445	  173.9794
13.629	 2.22	 1	 -41.3749	  175.4566
13.638	 2.54	 1	 -39.6998	  176.3222
13.660	 2.24	 1	 -43.1450	  175.9649
13.666	 3.03	 1	 -40.9689	  168.8017
13.714	 2.35	 2	 -41.0729	  178.7123
13.733	 2.47	 1	 -42.8420	  166.9077
13.744	 2.36	 2	 -41.1141	  178.7444
13.759	 2.50	 1	 -45.1353	  178.1585
13.763	 3.88	 2	 -42.9704	  174.4312
13.772	 2.51	 1	 -38.3131	  174.4094
13.774	 2.13	 1	 -42.2399	  175.1687
13.793	 2.14	 1	 -38.4531	  170.9830
13.826	 2.26	 1	 -42.0046	  170.5119
13.833	 2.15	 1	 -43.5713	  174.8161
13.848	 2.27	 1	 -46.8778	  175.2590
13.874	 2.49	 1	 -40.7449	  171.8690
13.880	 2.26	 1	 -42.0766	  174.9493
13.893	 2.11	 1	 -42.4652	  175.9339
13.897	 2.43	 1	 -39.9577	  177.8784
13.902	 2.35	 1	 -42.6314	  169.3667
13.903	 2.85	 1	 -42.2393	  173.5826
13.907	 2.93	 1	 -44.8961	  169.2495
13.907	 3.41	 1	 -43.1462	  169.4037
13.923	 2.33	 1	 -42.1971	  173.2637
13.929	 2.09	 1	 -42.0303	  166.9710
13.935	 4.03	 1	 -38.3186	  174.4415
13.937	 2.15	 1	 -44.8644	  167.6653
13.944	 2.02	 2	 -38.3011	  174.4550
13.944	 2.01	 1	 -44.1460	  176.0465
13.952	 2.12	 1	 -45.5834	  171.2700
13.966	 2.75	 1	 -45.0586	  172.8685
13.974	 2.10	 1	 -42.0525	  174.4501
13.975	 3.75	 1	 -41.1053	  174.6705
13.985	 2.22	 2	 -41.1077	  174.6508
13.991	 2.13	 1	 -39.5109	  177.3453
13.992	 3.45	 1	 -41.7013	  174.5463
