# Simulation 444
# RelativeTime(days) Magnitude Generation Latitude Longitude
Time Mag Gen Lat Lon
7.001	 3.56	 1	 -45.5148	  177.7849
7.009	 2.51	 1	 -42.5045	  176.1286
7.013	 3.09	 1	 -40.5599	  171.6047
7.016	 2.83	 1	 -42.5261	  179.1358
7.017	 2.05	 1	 -45.6902	  173.8091
7.021	 2.21	 1	 -45.6867	  177.5864
7.028	 2.10	 1	 -41.8241	  179.0248
7.037	 2.21	 1	 -41.9249	  173.7205
7.049	 2.02	 1	 -44.4043	  167.7061
7.072	 2.27	 1	 -44.1454	  172.1794
7.078	 4.03	 1	 -42.5981	  172.8831
7.079	 2.33	 1	 -46.9599	  174.9504
7.086	 2.00	 1	 -43.6274	  169.1935
7.100	 2.10	 1	 -40.3759	  171.2893
7.106	 2.17	 1	 -43.1836	  166.9409
7.109	 2.85	 1	 -43.1009	  179.1147
7.113	 2.05	 1	 -41.9019	  174.8858
7.117	 2.01	 1	 -41.2579	  175.1222
7.118	 2.34	 1	 -43.2707	  175.1131
7.126	 2.05	 1	 -39.0712	  169.3955
7.134	 2.28	 1	 -45.2175	  178.0843
7.153	 2.69	 1	 -39.6040	  177.4685
7.162	 3.00	 1	 -38.5215	  170.7366
7.163	 2.17	 1	 -41.6519	  167.0704
7.169	 2.75	 1	 -46.3832	  176.5171
7.175	 2.99	 1	 -42.5898	  172.5174
7.177	 2.20	 1	 -38.4080	  174.8789
7.182	 2.21	 1	 -45.1825	  178.1163
7.184	 2.13	 1	 -47.0302	  174.6343
7.188	 2.67	 1	 -47.1473	  172.1893
7.192	 3.16	 1	 -46.6764	  175.8591
7.193	 2.64	 1	 -46.6873	  175.8307
7.204	 2.03	 1	 -45.3505	  171.3048
7.211	 2.02	 1	 -45.9895	  168.8620
7.226	 3.17	 1	 -42.8516	  172.0000
7.235	 2.01	 1	 -40.8009	  167.4720
7.237	 2.43	 1	 -43.0198	  174.4095
7.253	 2.22	 1	 -43.5316	  171.6588
7.254	 2.45	 1	 -46.6990	  170.2446
7.270	 2.44	 1	 -42.6401	  172.9539
7.284	 2.94	 1	 -45.6406	  177.6416
7.288	 2.95	 1	 -38.7965	  169.9677
7.289	 2.37	 1	 -42.5659	  173.0889
7.313	 2.04	 1	 -42.6972	  175.4352
7.329	 2.21	 1	 -41.8409	  174.2226
7.356	 2.09	 1	 -45.1627	  170.2869
7.357	 2.62	 1	 -47.1880	  172.8815
7.359	 2.09	 1	 -41.5364	  172.0405
7.361	 2.63	 1	 -39.0232	  176.5583
7.361	 3.43	 1	 -46.3018	  169.3732
7.361	 2.28	 1	 -42.2970	  173.7483
7.365	 2.93	 1	 -46.8310	  170.6294
7.377	 2.58	 1	 -38.2144	  173.5756
7.382	 2.47	 1	 -39.1537	  176.7965
7.393	 2.08	 1	 -39.1756	  173.6346
7.394	 2.89	 1	 -44.7817	  173.4531
7.414	 2.40	 1	 -38.3254	  174.4799
7.418	 2.31	 1	 -43.2179	  178.9263
7.418	 2.50	 1	 -44.2779	  171.9781
7.423	 2.14	 1	 -42.8278	  166.9071
7.423	 2.11	 1	 -38.2019	  173.3377
7.429	 2.09	 1	 -38.5201	  170.7413
7.433	 2.11	 1	 -41.7517	  177.2833
7.437	 2.06	 1	 -42.9595	  168.5214
7.437	 2.11	 1	 -43.1872	  171.9781
7.440	 2.23	 1	 -43.5279	  173.0869
7.442	 2.31	 1	 -38.8350	  171.9790
7.444	 2.33	 1	 -47.1764	  173.4830
7.452	 2.12	 1	 -40.7619	  178.0540
7.456	 2.67	 1	 -38.8673	  176.2380
7.459	 2.66	 1	 -44.2900	  174.2663
7.459	 2.60	 1	 -39.7924	  177.6975
7.461	 2.09	 1	 -38.6268	  175.6354
7.461	 2.86	 1	 -40.7430	  178.5351
7.473	 2.01	 1	 -38.3307	  174.5087
7.480	 3.85	 1	 -47.1106	  171.8834
7.487	 2.58	 1	 -45.9331	  168.7808
7.487	 2.09	 1	 -41.8776	  174.0165
7.494	 2.56	 1	 -43.8577	  172.8021
7.495	 2.09	 1	 -40.9747	  167.3683
7.495	 2.32	 1	 -42.8831	  171.3192
7.503	 2.04	 1	 -42.0475	  175.1189
7.518	 2.25	 1	 -43.8254	  174.9231
7.518	 2.06	 1	 -38.2054	  172.6253
7.521	 2.08	 1	 -44.5735	  177.9181
7.534	 2.81	 1	 -41.8929	  169.0099
7.539	 2.58	 1	 -43.0811	  172.0349
7.558	 2.10	 1	 -45.6589	  177.6199
7.564	 2.24	 1	 -47.0109	  174.7275
7.569	 2.11	 1	 -42.0443	  173.8785
7.569	 2.66	 1	 -45.8869	  175.8204
7.581	 2.16	 1	 -44.0815	  178.8408
7.581	 2.42	 1	 -38.6368	  175.6640
7.583	 2.12	 1	 -38.9068	  172.3916
7.585	 2.02	 1	 -43.9995	  175.3495
7.590	 2.59	 1	 -42.5276	  171.4281
7.604	 2.22	 1	 -45.3495	  173.1283
7.604	 2.21	 1	 -45.6911	  168.4632
7.633	 2.19	 1	 -38.4379	  175.0018
7.638	 2.15	 1	 -45.9321	  168.7794
7.639	 2.17	 1	 -42.9284	  171.4811
7.641	 2.26	 1	 -41.3660	  167.1766
7.660	 2.06	 1	 -43.1156	  168.7738
7.667	 2.10	 1	 -40.8876	  170.5541
7.669	 2.57	 1	 -47.1738	  173.5271
7.670	 2.02	 1	 -46.4837	  176.3119
7.677	 2.64	 1	 -44.4692	  170.8044
7.679	 2.25	 1	 -39.7799	  168.3612
7.688	 2.45	 1	 -41.6742	  167.0633
7.691	 2.68	 1	 -42.4007	  173.9036
7.694	 2.04	 1	 -40.0221	  168.1000
7.695	 2.67	 1	 -44.9451	  175.5079
7.717	 2.32	 1	 -40.4805	  174.0928
7.722	 2.04	 1	 -42.6373	  175.0853
7.723	 2.07	 1	 -41.5811	  172.5690
7.730	 2.04	 1	 -42.1857	  172.0072
7.731	 2.02	 1	 -41.9405	  179.0538
7.736	 2.29	 1	 -42.2570	  175.9131
7.738	 2.29	 1	 -40.7070	  167.5331
7.745	 2.63	 1	 -39.0382	  176.5871
7.750	 2.62	 1	 -43.6283	  174.6590
7.753	 2.01	 1	 -42.1208	  173.6898
7.754	 2.12	 1	 -40.1360	  178.0550
7.772	 3.02	 1	 -45.8686	  168.6915
7.774	 3.11	 1	 -43.5402	  177.1209
7.783	 2.35	 1	 -39.8288	  170.2894
7.801	 2.08	 1	 -40.8522	  174.7101
7.811	 2.03	 1	 -40.2269	  172.5096
7.811	 2.01	 1	 -41.8339	  179.0274
7.818	 2.17	 1	 -40.0474	  177.9695
7.820	 2.33	 1	 -38.7318	  175.9186
7.823	 2.03	 1	 -41.7715	  174.3362
7.825	 2.50	 1	 -45.2824	  176.2075
7.839	 2.45	 1	 -41.4025	  167.1615
7.841	 2.60	 1	 -40.3076	  169.9032
7.853	 2.49	 1	 -40.2764	  167.8625
7.857	 2.33	 1	 -46.6461	  175.9365
7.864	 2.65	 1	 -45.4075	  168.1453
7.868	 2.23	 1	 -43.1402	  171.9859
7.875	 3.44	 1	 -40.2206	  172.1786
7.883	 2.86	 1	 -40.8532	  178.6047
7.885	 2.26	 1	 -46.1255	  173.7627
7.888	 2.21	 1	 -47.1790	  172.6124
7.894	 2.14	 1	 -45.3875	  168.1248
7.895	 2.34	 1	 -41.8580	  172.6445
7.904	 2.05	 1	 -42.7213	  172.8999
7.908	 3.33	 1	 -42.2399	  173.6340
7.912	 3.17	 1	 -47.0847	  171.7112
7.916	 2.87	 1	 -44.6629	  170.6506
7.921	 2.40	 1	 -46.4677	  173.2634
7.923	 2.30	 1	 -41.4347	  171.3046
7.925	 2.24	 1	 -38.6471	  175.6932
7.943	 2.48	 1	 -42.3714	  174.0065
7.946	 2.28	 1	 -42.4191	  174.2716
7.974	 2.79	 1	 -42.4714	  166.9117
7.976	 2.38	 1	 -41.2090	  167.2469
7.978	 2.37	 1	 -38.5211	  175.3062
7.985	 3.01	 1	 -43.7232	  174.6658
7.999	 2.04	 1	 -43.8516	  178.9332
8.016	 2.17	 1	 -41.7653	  173.3378
8.022	 2.65	 1	 -38.9371	  169.6574
8.032	 2.21	 1	 -41.3997	  167.1627
8.047	 2.23	 1	 -43.0865	  174.0411
8.060	 2.54	 1	 -40.9675	  169.9766
8.066	 2.55	 1	 -38.2118	  173.5354
8.066	 2.54	 1	 -44.6025	  172.7799
8.069	 2.14	 1	 -42.0119	  172.5792
8.093	 2.39	 1	 -38.2544	  172.0388
8.094	 2.10	 1	 -46.0798	  174.1225
8.114	 2.03	 1	 -44.0026	  176.5796
8.123	 2.13	 1	 -40.2331	  170.0059
8.133	 2.01	 1	 -39.8062	  172.9389
8.142	 2.22	 1	 -41.9178	  171.6904
8.143	 2.15	 1	 -41.7221	  174.2394
8.145	 2.31	 1	 -45.8047	  168.6064
8.148	 2.16	 1	 -41.4134	  167.1571
8.152	 2.76	 1	 -42.5812	  169.8798
8.162	 2.27	 1	 -40.8703	  167.4292
8.172	 2.26	 1	 -42.9475	  179.1301
8.177	 2.37	 1	 -43.1170	  174.7948
8.190	 2.35	 1	 -43.6000	  172.5045
8.194	 2.41	 1	 -46.9337	  170.9896
8.198	 2.46	 1	 -40.9114	  172.4442
8.206	 2.33	 1	 -44.6924	  178.5016
8.213	 2.80	 1	 -38.2535	  172.0460
8.213	 2.10	 1	 -43.3796	  169.8687
8.220	 2.35	 1	 -41.5883	  167.7301
8.221	 2.29	 1	 -43.1989	  170.7391
8.239	 2.28	 1	 -44.3653	  167.3434
8.244	 2.16	 1	 -39.5916	  168.5918
8.254	 2.02	 1	 -41.7948	  167.0275
8.257	 2.39	 1	 -41.6262	  174.1793
8.261	 2.28	 1	 -44.1881	  173.5169
8.281	 2.03	 1	 -44.4113	  168.7425
8.296	 2.06	 1	 -43.6091	  174.5485
8.300	 2.37	 1	 -45.7988	  176.4147
8.301	 2.01	 1	 -41.9500	  174.3481
8.308	 2.70	 1	 -44.8769	  178.3696
8.314	 3.27	 1	 -43.7218	  174.2484
8.320	 2.55	 1	 -39.3783	  168.8875
8.322	 2.86	 1	 -46.5462	  169.8697
8.327	 2.20	 1	 -45.5076	  168.2515
8.341	 2.20	 1	 -43.1841	  174.5596
8.345	 2.36	 1	 -46.4567	  176.3688
8.351	 2.84	 1	 -41.7931	  174.0543
8.371	 2.46	 1	 -40.4322	  177.8498
8.385	 2.36	 1	 -41.7105	  174.1752
8.414	 2.02	 1	 -41.7303	  177.1948
8.421	 2.30	 1	 -43.5121	  179.0375
8.431	 2.34	 1	 -45.2551	  169.3645
8.442	 2.81	 1	 -39.2770	  169.0430
8.445	 2.04	 1	 -41.2022	  167.2501
8.445	 2.21	 1	 -45.7476	  168.5332
8.448	 2.26	 1	 -38.6367	  175.6637
8.449	 2.64	 1	 -44.6044	  169.7981
8.451	 2.31	 1	 -40.1246	  174.0943
8.460	 2.30	 1	 -41.5911	  167.0907
8.461	 2.25	 1	 -43.8674	  178.9274
8.462	 2.49	 1	 -42.1354	  173.5491
8.464	 2.24	 1	 -47.1652	  172.3918
8.475	 3.65	 1	 -41.8186	  174.2372
8.484	 2.19	 1	 -38.5920	  175.5329
8.492	 2.76	 1	 -46.7844	  175.5587
8.493	 2.86	 1	 -47.1745	  173.5158
8.497	 2.15	 1	 -43.7435	  178.9705
8.505	 2.21	 1	 -39.4008	  177.1899
8.506	 2.22	 1	 -40.1102	  168.0137
8.514	 2.12	 1	 -43.7080	  173.8726
8.519	 3.72	 1	 -39.4749	  172.6368
8.519	 2.27	 1	 -43.9849	  171.6274
8.520	 2.06	 1	 -40.8971	  177.5048
8.520	 2.34	 1	 -41.1937	  167.2542
8.528	 2.17	 1	 -41.3229	  178.4298
8.540	 2.66	 1	 -43.7409	  167.0729
8.545	 2.46	 1	 -45.4166	  168.1548
8.548	 2.73	 1	 -45.1011	  178.1883
8.568	 3.47	 1	 -44.9635	  176.6433
8.578	 2.40	 1	 -41.7207	  174.1787
8.579	 2.02	 1	 -46.2407	  176.7802
8.587	 2.24	 1	 -39.2832	  173.5413
8.590	 2.72	 1	 -45.6964	  173.0205
8.595	 2.23	 1	 -41.8580	  167.0106
8.599	 2.01	 1	 -44.0593	  172.6799
8.607	 2.14	 1	 -40.1108	  168.0132
8.607	 3.38	 1	 -45.3176	  173.7634
8.619	 2.32	 1	 -47.1890	  172.9695
8.622	 2.43	 1	 -47.0401	  171.4598
8.624	 3.05	 1	 -42.6251	  173.3292
8.632	 2.21	 1	 -38.7800	  170.0068
8.656	 2.38	 1	 -44.1004	  167.2119
8.658	 2.21	 1	 -38.8679	  169.8049
8.662	 2.54	 1	 -43.8253	  167.1016
8.667	 2.59	 1	 -44.1825	  172.6895
8.672	 3.07	 1	 -47.0073	  174.7444
8.675	 2.82	 1	 -47.1884	  172.9094
8.680	 3.22	 1	 -42.3666	  173.5213
8.719	 2.84	 1	 -41.2384	  173.9632
8.731	 2.53	 1	 -46.6657	  175.8868
8.732	 2.66	 1	 -41.3299	  169.5943
8.747	 2.99	 1	 -42.6414	  179.1396
8.753	 3.04	 1	 -42.4901	  174.0421
8.761	 2.19	 1	 -43.2503	  179.0927
8.766	 2.92	 1	 -41.5215	  172.8852
8.786	 2.37	 1	 -42.6661	  170.5727
8.808	 2.24	 1	 -41.3821	  167.1699
8.818	 2.41	 1	 -43.0480	  167.6899
8.818	 3.28	 1	 -43.7945	  175.9734
8.847	 2.04	 1	 -38.6341	  170.3879
8.857	 2.15	 1	 -43.3639	  171.5558
8.866	 2.13	 1	 -42.5119	  179.1350
8.866	 2.00	 1	 -38.3383	  174.5495
8.869	 2.86	 1	 -45.4662	  168.2069
8.875	 2.20	 1	 -42.4788	  173.2160
8.876	 2.23	 1	 -38.9962	  170.6297
8.877	 2.01	 1	 -42.7571	  172.8244
8.879	 2.35	 1	 -46.4907	  175.5652
8.882	 2.14	 1	 -41.3771	  176.4022
8.910	 2.41	 1	 -44.1530	  168.5517
8.931	 2.98	 1	 -41.8143	  174.5219
8.950	 2.08	 1	 -41.9327	  173.9398
8.952	 2.05	 1	 -38.3388	  174.5521
8.962	 2.31	 1	 -44.5520	  177.7491
8.965	 2.19	 1	 -46.5175	  169.8057
8.975	 2.54	 1	 -43.9718	  170.1247
8.975	 2.73	 1	 -39.6858	  168.4731
8.999	 2.42	 1	 -44.3274	  170.3904
9.005	 2.15	 1	 -41.2223	  167.2406
9.011	 2.90	 1	 -40.2720	  169.1667
9.020	 2.35	 1	 -46.4505	  176.3817
9.020	 2.57	 1	 -40.6695	  172.7053
9.022	 2.18	 1	 -45.3545	  177.9527
9.029	 2.60	 1	 -38.6766	  170.2701
9.035	 2.11	 1	 -45.7806	  168.5752
9.051	 2.47	 1	 -42.0360	  171.0206
9.057	 2.15	 1	 -38.3818	  171.2815
9.063	 2.67	 1	 -46.0840	  177.0392
9.069	 3.46	 1	 -46.3513	  171.6118
9.074	 2.32	 1	 -40.8953	  174.8607
9.080	 2.35	 1	 -47.0568	  171.5490
9.082	 3.34	 1	 -42.5767	  166.9064
9.084	 2.06	 1	 -44.2380	  167.2770
9.089	 2.56	 1	 -41.6478	  171.6711
9.090	 2.00	 1	 -38.2285	  173.7577
9.117	 3.36	 1	 -44.1025	  174.4659
9.143	 2.11	 1	 -41.9158	  173.6478
9.144	 3.05	 1	 -41.1346	  171.0212
9.167	 2.03	 1	 -39.1841	  171.3507
9.179	 2.01	 1	 -46.5036	  169.7752
9.187	 2.97	 1	 -45.5107	  177.7893
9.198	 2.44	 1	 -41.3659	  174.1963
9.210	 2.24	 1	 -43.8701	  177.4485
9.218	 2.46	 1	 -43.2361	  169.7589
9.221	 2.26	 1	 -39.8683	  168.2616
9.243	 2.05	 1	 -39.5561	  168.6382
9.245	 2.62	 1	 -38.4978	  175.2259
9.256	 2.29	 1	 -41.3079	  177.6998
9.281	 2.54	 1	 -43.9371	  175.3816
9.286	 2.18	 1	 -46.3031	  176.6687
9.287	 2.25	 1	 -44.5928	  174.1276
9.289	 2.44	 1	 -47.1142	  171.9101
9.299	 2.68	 1	 -46.6527	  174.5278
9.300	 2.92	 1	 -45.7395	  168.5230
9.305	 2.22	 1	 -39.2644	  169.0631
9.307	 2.52	 1	 -41.8529	  172.4600
9.317	 2.31	 1	 -38.7415	  170.1012
9.320	 2.93	 1	 -38.9696	  176.4532
9.338	 2.26	 1	 -40.5221	  178.3801
9.338	 2.03	 1	 -41.2809	  171.0649
9.346	 3.02	 1	 -42.1579	  171.8612
9.360	 2.42	 1	 -46.3570	  176.5677
9.380	 2.35	 1	 -42.3321	  173.0333
9.383	 2.09	 1	 -44.6470	  178.5318
9.385	 2.05	 1	 -39.8971	  168.2302
9.402	 2.02	 1	 -40.9187	  167.4005
9.403	 2.15	 1	 -39.4084	  177.2009
9.407	 2.03	 1	 -46.9241	  175.0916
9.427	 2.08	 1	 -44.5881	  172.6268
9.428	 2.23	 1	 -47.1079	  171.8645
9.431	 3.11	 1	 -39.1105	  176.7204
9.433	 2.17	 1	 -42.5686	  166.9067
9.441	 2.11	 1	 -42.2043	  173.6257
9.446	 2.52	 1	 -41.1466	  178.7670
9.453	 2.08	 1	 -39.7623	  173.8462
9.453	 2.01	 1	 -38.9751	  169.5802
9.465	 2.00	 1	 -41.7597	  172.5177
9.470	 2.32	 1	 -38.5383	  170.6806
9.474	 2.17	 1	 -38.9331	  176.3785
9.476	 2.32	 1	 -42.6492	  176.9768
9.482	 2.89	 1	 -40.0475	  176.1932
9.504	 2.04	 1	 -42.3112	  172.2222
9.515	 2.09	 1	 -47.1591	  172.3162
9.524	 2.12	 1	 -42.9820	  174.8427
9.528	 3.42	 1	 -41.7950	  174.8103
9.533	 2.51	 1	 -42.4551	  174.0875
9.540	 2.58	 1	 -44.1658	  173.6641
9.545	 2.77	 1	 -38.2557	  172.0279
9.549	 3.22	 1	 -38.4558	  170.9726
9.566	 2.39	 1	 -42.0452	  169.2394
9.578	 2.17	 1	 -39.8296	  170.5279
9.579	 3.19	 1	 -39.8952	  168.2322
9.582	 2.06	 1	 -45.1692	  167.9159
9.589	 2.14	 1	 -40.7589	  173.8187
9.602	 2.32	 1	 -44.2579	  173.4824
9.614	 2.21	 1	 -38.7944	  174.9984
9.615	 2.05	 1	 -46.5830	  174.2339
9.617	 2.00	 1	 -41.6939	  167.0571
9.630	 2.02	 1	 -42.6281	  178.1140
9.634	 3.19	 1	 -40.5241	  178.3816
9.637	 2.15	 1	 -45.8332	  168.6439
9.657	 2.27	 1	 -42.2315	  175.4423
9.657	 2.13	 1	 -42.5564	  172.9618
9.665	 2.65	 1	 -43.1108	  171.4856
9.667	 2.09	 1	 -43.4094	  179.0617
9.681	 2.06	 1	 -40.7457	  178.5368
9.686	 2.48	 1	 -42.3964	  173.0795
9.696	 2.26	 1	 -46.0737	  168.9891
9.697	 2.80	 1	 -43.1116	  173.0125
9.698	 2.19	 1	 -45.1376	  178.1564
9.702	 2.26	 1	 -38.7346	  175.9256
9.703	 2.02	 1	 -38.2556	  174.0155
9.704	 2.17	 1	 -41.8038	  167.5560
9.711	 2.09	 1	 -40.8770	  178.6191
9.712	 2.18	 1	 -40.8113	  167.4655
9.715	 2.11	 1	 -42.1111	  173.6539
9.715	 2.49	 1	 -43.2508	  170.6730
9.723	 2.09	 1	 -42.1201	  179.0902
9.730	 2.16	 1	 -39.0614	  175.6822
9.733	 2.77	 1	 -44.9947	  171.2679
9.741	 2.79	 1	 -44.5098	  167.4262
9.745	 2.29	 1	 -43.1411	  173.1610
9.756	 2.22	 1	 -43.7204	  173.8000
9.768	 2.66	 1	 -38.4722	  170.9108
9.779	 2.11	 1	 -41.9495	  173.6745
9.788	 2.64	 1	 -42.5075	  172.3687
9.791	 2.68	 1	 -40.0771	  171.0443
9.795	 2.21	 1	 -42.3190	  166.9255
9.796	 3.00	 1	 -40.1698	  178.0864
9.810	 2.45	 1	 -45.4654	  168.8140
9.828	 2.01	 1	 -44.4862	  167.4121
9.835	 2.75	 1	 -45.6547	  171.2484
9.837	 2.73	 1	 -47.1760	  173.4902
9.847	 2.25	 1	 -41.3923	  173.8657
9.875	 2.51	 1	 -39.3789	  168.8866
9.898	 2.14	 1	 -41.7101	  172.9447
9.899	 2.61	 1	 -44.7539	  172.6996
9.902	 2.01	 1	 -44.1548	  172.2618
9.904	 2.20	 1	 -41.4824	  172.1586
9.915	 2.26	 1	 -41.9821	  179.0631
9.924	 2.87	 1	 -41.4603	  178.9057
9.924	 2.17	 1	 -45.5166	  177.7829
9.933	 3.81	 1	 -38.9596	  174.6212
9.935	 2.51	 1	 -38.1974	  172.8640
9.935	 2.19	 1	 -38.2539	  172.0432
9.956	 2.03	 1	 -42.5051	  175.1322
9.973	 2.45	 1	 -44.2241	  172.0264
9.983	 2.18	 1	 -45.2576	  177.5627
9.985	 2.63	 1	 -40.8760	  168.7644
9.992	 3.05	 1	 -41.6004	  167.0875
9.994	 2.90	 1	 -41.0526	  175.1454
10.004	 2.15	 1	 -44.4786	  167.7078
10.011	 2.18	 1	 -41.7024	  170.0403
10.026	 2.06	 1	 -43.2251	  179.0969
10.039	 2.02	 1	 -47.0222	  171.3704
10.048	 2.13	 1	 -44.2193	  178.4303
10.057	 3.50	 1	 -42.3640	  173.9216
10.064	 2.00	 1	 -40.8661	  167.4317
10.067	 2.07	 1	 -46.1642	  176.9102
10.067	 2.35	 1	 -43.4888	  167.0010
10.090	 2.36	 1	 -46.6609	  175.8991
10.099	 2.18	 1	 -38.3519	  174.6196
10.100	 2.98	 1	 -42.9728	  174.5965
10.101	 2.22	 1	 -39.0768	  176.6591
10.115	 2.15	 1	 -41.6907	  174.1194
10.127	 2.29	 1	 -42.1646	  173.5080
10.133	 2.40	 1	 -42.5860	  172.7347
10.162	 2.00	 1	 -40.7070	  178.5112
10.177	 2.12	 1	 -42.2362	  168.8227
10.180	 2.03	 1	 -46.5720	  176.1154
10.181	 2.05	 1	 -41.0724	  172.5665
10.198	 2.19	 1	 -42.2578	  171.9115
10.200	 4.29	 1	 -41.1841	  174.6075
10.200	 2.36	 1	 -40.6414	  170.7769
10.208	 2.39	 1	 -42.2833	  173.4559
10.246	 2.01	 1	 -41.6155	  174.2379
10.250	 2.69	 1	 -41.4845	  170.5105
10.278	 2.32	 1	 -38.2454	  172.1174
10.283	 4.05	 1	 -43.2203	  179.0977
10.303	 2.28	 1	 -46.1416	  176.9473
10.312	 2.59	 1	 -39.6832	  176.7292
10.330	 2.37	 1	 -39.6028	  177.4670
10.335	 4.66	 1	 -41.3488	  167.1839
10.336	 2.93	 1	 -39.9714	  168.1517
10.339	 3.09	 1	 -44.9757	  170.0067
10.347	 2.22	 1	 -42.0419	  166.9687
10.347	 3.26	 1	 -43.7159	  178.9794
10.353	 2.81	 1	 -39.0107	  172.2739
10.354	 2.10	 1	 -43.2534	  166.9521
10.362	 2.34	 1	 -42.0109	  173.6118
10.374	 2.03	 1	 -41.4280	  173.4137
10.390	 2.12	 1	 -43.2431	  166.9504
10.392	 2.53	 1	 -40.1874	  174.8379
10.401	 2.34	 1	 -43.1991	  168.7175
10.405	 3.87	 1	 -38.5451	  175.3858
10.407	 2.33	 1	 -43.3739	  179.0693
10.416	 2.39	 1	 -42.4648	  173.7649
10.417	 2.46	 1	 -39.3822	  168.8817
10.421	 2.02	 1	 -44.7329	  168.4718
10.423	 3.36	 1	 -44.2360	  167.2760
10.424	 2.20	 1	 -42.0047	  176.9627
10.435	 2.98	 1	 -41.5168	  174.4272
10.442	 2.63	 1	 -46.6909	  170.2230
10.451	 2.18	 1	 -42.3309	  173.7743
10.454	 2.14	 1	 -47.0803	  171.6843
10.470	 2.14	 1	 -41.0079	  178.6944
10.472	 2.15	 1	 -42.5524	  174.7710
10.485	 3.25	 1	 -42.8570	  172.6325
10.513	 2.75	 1	 -43.8542	  171.0787
10.516	 2.02	 1	 -38.6461	  175.6903
10.530	 2.27	 1	 -44.6021	  172.4596
10.546	 2.51	 1	 -43.0175	  174.5502
10.548	 2.17	 1	 -40.9600	  167.3767
10.559	 2.13	 1	 -40.3900	  167.7672
10.574	 3.23	 1	 -43.0237	  167.5509
10.574	 2.27	 1	 -43.0202	  177.2001
10.577	 2.04	 1	 -45.3310	  172.2400
10.579	 2.06	 1	 -47.1891	  172.9955
10.581	 2.58	 1	 -44.8576	  167.6602
10.586	 2.81	 1	 -42.9762	  171.8152
10.588	 2.31	 1	 -44.3632	  167.3423
10.612	 2.23	 1	 -43.6779	  175.8965
10.621	 2.14	 1	 -41.4029	  167.1613
10.634	 2.70	 1	 -42.4570	  174.1287
10.638	 3.11	 1	 -43.9662	  172.5169
10.639	 2.40	 1	 -44.1260	  175.8293
10.641	 2.26	 1	 -43.6770	  174.3046
10.651	 2.54	 1	 -42.2016	  173.7251
10.681	 2.04	 1	 -44.5882	  172.0061
10.685	 2.29	 1	 -38.2655	  171.9502
10.695	 2.55	 1	 -45.8980	  171.1456
10.705	 2.20	 1	 -44.0105	  178.8713
10.723	 2.51	 1	 -40.1212	  174.9323
10.729	 2.59	 1	 -46.0932	  177.0248
10.731	 2.26	 1	 -46.7541	  170.3970
10.736	 2.58	 1	 -43.5043	  173.0522
10.736	 2.09	 1	 -41.6311	  178.9671
10.737	 2.22	 1	 -45.4270	  171.9436
10.741	 2.22	 1	 -43.5960	  172.5681
10.766	 2.10	 1	 -38.8481	  176.1954
10.772	 2.29	 1	 -44.1295	  169.4009
10.802	 2.44	 1	 -44.3854	  172.2868
10.804	 2.03	 1	 -44.7346	  167.5716
10.847	 2.87	 1	 -39.7939	  168.3451
10.849	 2.35	 1	 -43.6561	  168.7863
10.857	 2.40	 1	 -39.7916	  177.6966
10.857	 3.21	 1	 -42.2732	  173.4032
10.873	 2.28	 1	 -38.9724	  170.6394
10.873	 2.89	 1	 -39.3406	  168.9442
10.883	 2.37	 1	 -38.4062	  171.1733
10.885	 2.87	 1	 -40.4800	  178.3481
10.890	 2.18	 1	 -44.7481	  176.6630
10.892	 2.11	 1	 -47.0978	  174.2491
10.896	 2.81	 1	 -42.3668	  173.2904
10.902	 3.36	 1	 -38.8879	  176.2830
10.917	 2.10	 1	 -39.7355	  168.4133
10.918	 2.18	 1	 -41.0495	  178.7169
10.941	 2.12	 1	 -39.9151	  177.8334
10.942	 2.06	 1	 -38.2003	  173.2926
10.942	 2.75	 1	 -44.4836	  178.6337
10.964	 3.38	 1	 -46.7171	  172.4368
10.970	 2.23	 1	 -41.7704	  172.1419
10.970	 2.14	 1	 -44.3023	  168.2867
10.984	 2.57	 1	 -42.6382	  167.7318
10.986	 2.34	 1	 -42.0405	  179.0753
10.996	 2.23	 1	 -43.8176	  178.9454
10.996	 2.42	 1	 -43.1500	  169.1288
11.027	 2.51	 1	 -38.2001	  173.2850
11.068	 3.22	 1	 -43.4653	  172.0905
11.070	 2.03	 1	 -43.1209	  167.2610
11.072	 2.42	 1	 -46.1853	  172.6861
11.091	 2.03	 1	 -40.8065	  171.4446
11.109	 2.00	 1	 -46.2848	  169.3423
11.131	 2.32	 1	 -40.0668	  177.9886
11.169	 2.21	 1	 -39.5461	  177.3927
11.172	 2.55	 1	 -45.0250	  173.9825
11.175	 2.10	 1	 -44.2642	  169.8577
11.184	 2.28	 1	 -39.2943	  169.0157
11.198	 2.05	 1	 -42.4927	  173.0749
11.201	 2.12	 1	 -41.7198	  175.3333
11.203	 2.70	 1	 -40.4522	  175.2209
11.205	 2.02	 1	 -40.2555	  167.8808
11.213	 2.19	 1	 -44.0630	  171.3557
11.224	 2.44	 1	 -45.5208	  174.4056
11.224	 2.25	 1	 -42.8255	  170.8442
11.234	 3.53	 1	 -42.8494	  175.8312
11.251	 2.46	 1	 -42.6487	  172.4195
11.257	 2.76	 1	 -39.8782	  169.0659
11.270	 2.77	 1	 -38.1965	  172.9268
11.282	 2.41	 1	 -38.2940	  174.2928
11.310	 2.13	 1	 -44.0228	  178.8661
11.335	 3.43	 1	 -47.1203	  174.0889
11.343	 2.00	 1	 -46.8756	  170.7778
11.343	 2.58	 1	 -39.8217	  173.5162
11.345	 3.12	 1	 -42.2415	  166.9352
11.355	 3.15	 1	 -46.5025	  176.2713
11.372	 3.06	 1	 -47.0770	  171.6645
11.375	 2.05	 1	 -42.3894	  166.9183
11.382	 2.03	 1	 -39.2371	  176.5443
11.401	 2.29	 1	 -38.5558	  175.4204
11.403	 2.79	 1	 -44.4059	  167.3659
11.403	 2.27	 1	 -43.5467	  176.3385
11.412	 2.03	 1	 -44.2139	  172.2359
11.423	 2.18	 1	 -42.2807	  175.3771
11.440	 2.33	 1	 -40.0165	  169.5388
11.451	 2.19	 1	 -42.0834	  176.4178
11.455	 2.66	 1	 -41.9919	  173.3595
11.469	 2.74	 1	 -43.2904	  170.2685
11.479	 2.18	 1	 -45.2756	  168.0145
11.501	 3.07	 1	 -41.6674	  178.9788
11.513	 2.68	 1	 -46.9632	  174.9370
11.521	 2.40	 1	 -46.5576	  174.1334
11.531	 2.14	 1	 -42.0791	  173.6489
11.538	 2.69	 1	 -44.5062	  167.4241
11.541	 2.20	 1	 -45.0118	  167.7809
11.545	 2.65	 1	 -42.4058	  172.6731
11.558	 2.73	 1	 -38.2016	  173.3304
11.565	 2.70	 1	 -39.6324	  171.9998
11.576	 2.49	 1	 -42.7039	  167.4258
11.593	 2.43	 1	 -41.7423	  167.0425
11.602	 2.42	 1	 -38.7901	  169.9827
11.620	 2.83	 1	 -42.0128	  173.6963
11.633	 2.94	 1	 -43.6254	  168.8638
11.635	 2.09	 1	 -41.0655	  167.7662
11.641	 2.01	 1	 -45.6688	  168.4362
11.642	 2.50	 1	 -41.6223	  173.4849
11.662	 2.65	 1	 -46.4213	  176.4414
11.668	 2.95	 1	 -41.5884	  167.0916
11.669	 2.13	 1	 -39.4762	  177.2974
11.674	 2.01	 1	 -41.9065	  177.1281
11.690	 3.03	 1	 -38.4040	  171.1826
11.695	 2.19	 1	 -46.6430	  170.1000
11.736	 2.32	 1	 -44.4161	  170.2528
11.736	 2.35	 1	 -42.7129	  177.7604
11.739	 3.42	 1	 -42.4410	  179.1304
11.744	 2.10	 1	 -41.7177	  174.2694
11.745	 3.25	 1	 -42.3417	  173.9275
11.751	 2.59	 1	 -43.8856	  171.3829
11.752	 2.29	 1	 -43.1666	  171.8318
11.752	 2.22	 1	 -39.0344	  174.9590
11.759	 2.40	 1	 -46.7295	  175.7167
11.792	 2.32	 1	 -44.6602	  169.6249
11.805	 2.74	 1	 -43.2599	  170.4165
11.809	 2.02	 1	 -42.3452	  178.7212
11.816	 2.75	 1	 -43.0745	  176.9370
11.819	 2.53	 1	 -45.5614	  177.7015
11.823	 2.15	 1	 -39.7022	  177.5911
11.823	 2.40	 1	 -40.7809	  177.9060
11.832	 2.18	 1	 -42.2491	  176.4147
11.845	 3.14	 1	 -41.8520	  173.5266
11.870	 2.17	 1	 -44.3420	  177.8226
11.883	 2.22	 1	 -40.8521	  168.6661
11.885	 2.07	 1	 -45.7194	  177.5464
11.894	 2.37	 1	 -43.4203	  168.2730
11.898	 2.05	 1	 -44.2883	  168.6395
11.908	 3.01	 1	 -44.1019	  178.1793
11.909	 2.20	 1	 -43.3520	  170.9281
11.925	 2.32	 1	 -41.5980	  171.8449
11.929	 2.41	 1	 -41.6407	  172.4412
11.936	 3.16	 1	 -39.7926	  177.6977
11.941	 2.12	 1	 -42.6195	  174.4135
11.953	 3.38	 1	 -45.4526	  177.6955
11.960	 2.05	 1	 -46.0156	  177.1436
11.988	 2.39	 1	 -43.3103	  179.0819
11.995	 2.06	 1	 -45.0956	  167.8513
11.996	 2.46	 1	 -42.5431	  173.1306
11.996	 2.95	 1	 -42.5691	  167.4264
12.006	 2.18	 1	 -44.3248	  172.9561
12.017	 2.08	 1	 -45.7041	  173.5844
12.029	 2.10	 1	 -40.2035	  178.1172
12.046	 2.56	 1	 -42.3360	  173.6493
12.076	 2.10	 1	 -41.7471	  167.0411
12.081	 2.12	 1	 -43.2764	  179.0882
12.093	 2.49	 1	 -45.2706	  172.0182
12.095	 2.18	 1	 -38.2308	  173.7827
12.101	 2.00	 1	 -42.2793	  166.9302
12.105	 2.12	 1	 -43.3435	  176.8705
12.106	 2.53	 1	 -46.4034	  175.9175
12.112	 2.80	 1	 -44.3986	  170.5678
12.120	 2.95	 1	 -38.2812	  174.2082
12.128	 3.37	 1	 -38.2179	  172.4179
12.129	 2.01	 1	 -42.2495	  173.8083
12.134	 2.43	 1	 -38.2061	  172.6113
12.139	 2.26	 1	 -42.0966	  173.7350
12.150	 2.15	 1	 -42.6583	  172.8465
12.185	 2.81	 1	 -46.5204	  169.8121
12.200	 3.14	 1	 -46.8412	  175.3817
12.206	 2.26	 1	 -47.1868	  173.2174
12.206	 2.05	 1	 -41.4521	  178.9026
12.208	 2.14	 1	 -47.0863	  174.3233
12.231	 2.01	 1	 -45.4807	  177.8219
12.257	 2.95	 1	 -41.6083	  167.0849
12.258	 2.39	 1	 -40.7335	  173.5501
12.261	 2.04	 1	 -43.7229	  168.1827
12.278	 2.51	 1	 -42.3969	  166.9176
12.299	 2.79	 1	 -44.7554	  170.0314
12.301	 2.46	 1	 -40.8800	  178.6209
12.327	 2.79	 1	 -42.0331	  173.1213
12.345	 2.45	 1	 -42.4165	  173.6873
12.354	 2.29	 1	 -38.6732	  175.7650
12.357	 2.13	 1	 -46.2880	  173.0151
12.362	 2.21	 1	 -44.5222	  173.8322
12.368	 2.37	 1	 -39.3131	  168.9864
12.383	 2.21	 1	 -46.1469	  173.3816
12.397	 2.32	 1	 -42.2879	  166.9292
12.409	 3.76	 1	 -43.8149	  173.3650
12.416	 2.53	 1	 -46.3125	  173.5567
12.418	 2.02	 1	 -42.8092	  175.3463
12.433	 2.06	 1	 -38.8396	  176.1762
12.436	 2.61	 1	 -43.6758	  176.5934
12.445	 2.16	 1	 -41.1874	  174.0518
12.447	 2.68	 1	 -43.6667	  170.2163
12.448	 3.08	 1	 -42.0223	  172.8713
12.450	 2.17	 1	 -42.8452	  169.3874
12.454	 2.08	 1	 -42.2514	  173.7839
12.461	 2.97	 1	 -46.8194	  175.4514
12.463	 2.31	 1	 -47.1258	  174.0456
12.499	 2.37	 1	 -40.5700	  172.8823
12.502	 2.14	 1	 -38.2794	  174.1954
12.511	 2.05	 1	 -43.2750	  179.0884
12.512	 2.10	 1	 -42.1444	  175.2580
12.530	 2.20	 1	 -42.3211	  174.0469
12.535	 2.88	 1	 -43.1123	  174.7207
12.536	 2.05	 1	 -44.4580	  178.6487
12.549	 2.49	 1	 -40.7558	  167.5009
12.558	 2.25	 1	 -41.8213	  175.7901
12.567	 2.06	 1	 -43.9322	  172.5417
12.579	 2.09	 1	 -44.9977	  178.2749
12.588	 2.19	 1	 -43.1323	  173.4479
12.590	 2.07	 1	 -42.2682	  166.9316
12.593	 2.83	 1	 -41.9994	  173.7275
12.627	 2.51	 1	 -46.4705	  176.3399
12.648	 2.63	 1	 -42.2391	  173.6071
12.671	 2.25	 1	 -43.5660	  167.0209
12.676	 2.17	 1	 -38.4607	  175.0906
12.677	 2.19	 1	 -42.4924	  173.8062
12.682	 2.19	 1	 -42.3101	  174.3055
12.714	 2.19	 1	 -45.6826	  170.1818
12.718	 2.61	 1	 -41.3083	  167.2014
12.746	 2.23	 1	 -43.9274	  178.9047
12.747	 2.23	 1	 -42.3341	  166.9238
12.752	 2.03	 1	 -43.9150	  176.5412
12.764	 2.83	 1	 -40.9260	  167.3962
12.764	 4.27	 1	 -43.8371	  178.5772
12.765	 2.28	 1	 -40.5651	  174.2857
12.768	 2.21	 1	 -41.8809	  174.0590
12.768	 2.58	 1	 -40.1778	  178.0938
12.773	 2.16	 1	 -45.8204	  174.6393
12.785	 2.36	 1	 -38.1963	  173.1045
12.787	 2.07	 1	 -42.2919	  173.4820
12.789	 2.10	 1	 -41.6486	  174.7182
12.789	 2.17	 1	 -42.4067	  173.8615
12.805	 2.47	 1	 -42.1366	  173.5487
12.811	 3.17	 1	 -43.1814	  170.8562
12.820	 2.10	 1	 -42.8859	  171.6732
12.880	 2.33	 1	 -42.8592	  172.6406
12.884	 2.40	 1	 -46.9793	  171.1752
12.900	 2.67	 1	 -41.9786	  173.7333
12.902	 2.11	 1	 -38.9626	  176.4389
12.918	 3.32	 1	 -42.0365	  175.9305
12.924	 2.35	 1	 -41.1428	  178.7651
12.938	 2.03	 1	 -42.0890	  173.9054
12.947	 2.06	 1	 -44.8051	  167.6215
12.951	 2.10	 1	 -40.7621	  175.4123
12.965	 3.98	 1	 -44.9086	  172.1756
12.977	 2.70	 1	 -41.2820	  175.3887
12.982	 2.02	 1	 -45.6557	  172.8936
12.982	 3.34	 1	 -42.3108	  174.4657
12.983	 2.23	 1	 -45.9646	  175.8593
13.022	 2.83	 1	 -44.6408	  175.3013
13.031	 4.26	 1	 -41.4315	  176.3534
13.039	 2.19	 1	 -42.4684	  166.9119
13.047	 2.27	 1	 -41.9425	  173.9977
13.051	 2.25	 1	 -47.0089	  174.7370
13.064	 2.06	 1	 -42.2591	  173.6306
13.072	 2.91	 1	 -47.1455	  173.8721
13.092	 2.08	 1	 -40.9438	  173.2136
13.116	 2.32	 1	 -46.9307	  170.9779
13.123	 2.30	 1	 -43.8380	  167.1062
13.134	 2.42	 1	 -44.3399	  173.1162
13.135	 2.56	 1	 -40.5712	  178.4164
13.142	 2.34	 1	 -38.4369	  174.9979
13.145	 2.22	 1	 -45.9030	  170.8379
13.177	 2.61	 1	 -42.4838	  173.5177
13.199	 2.64	 1	 -45.6521	  168.8139
13.200	 3.58	 1	 -41.6187	  167.0813
13.247	 2.61	 1	 -42.1792	  173.5933
13.252	 2.68	 1	 -40.9769	  174.7036
13.253	 2.27	 1	 -38.5390	  173.1711
13.264	 2.03	 1	 -41.5319	  174.1222
13.272	 2.47	 1	 -38.2654	  173.6561
13.298	 2.00	 1	 -43.5889	  170.5632
13.300	 2.50	 1	 -44.0943	  177.2005
13.304	 2.01	 1	 -46.9757	  174.8846
13.306	 2.15	 1	 -43.8288	  174.3753
13.335	 2.38	 1	 -43.6273	  167.0380
13.336	 2.51	 1	 -38.5639	  175.4461
13.348	 2.35	 1	 -39.5662	  173.4494
13.351	 2.71	 1	 -47.1670	  173.6292
13.361	 2.78	 1	 -44.6826	  167.5361
13.363	 2.14	 1	 -46.1574	  174.0033
13.365	 2.04	 1	 -43.6245	  173.9233
13.385	 2.26	 1	 -41.9204	  174.0626
13.391	 2.47	 1	 -42.7865	  166.9057
13.392	 2.14	 1	 -40.3846	  178.2727
13.397	 2.16	 1	 -44.6522	  178.5284
13.399	 2.64	 1	 -39.8783	  177.7936
13.414	 3.57	 1	 -41.9263	  179.0505
13.416	 2.38	 1	 -41.7007	  168.8104
13.425	 2.86	 1	 -45.4027	  174.4404
13.427	 2.24	 1	 -39.3468	  168.9348
13.428	 2.15	 1	 -38.2020	  173.3391
13.461	 2.13	 1	 -42.8033	  170.6184
13.468	 2.02	 1	 -38.4459	  175.0335
13.470	 2.18	 1	 -39.2523	  176.9616
13.475	 2.03	 1	 -45.4387	  168.1778
13.505	 3.06	 1	 -38.3772	  174.7419
13.509	 2.01	 1	 -38.5320	  175.3428
13.510	 2.43	 1	 -44.5172	  167.4306
13.513	 2.02	 1	 -43.2700	  175.3308
13.535	 2.18	 1	 -43.4853	  173.7379
13.568	 3.20	 1	 -39.6963	  168.4603
13.569	 2.15	 1	 -38.4481	  175.0421
13.570	 2.06	 1	 -39.0926	  174.9314
13.597	 2.32	 1	 -44.7697	  170.3255
13.604	 2.75	 1	 -43.3634	  176.3740
13.605	 2.07	 1	 -46.3873	  176.5090
13.619	 2.45	 1	 -45.2327	  178.0702
13.640	 2.34	 1	 -42.0066	  173.5838
13.672	 2.53	 1	 -40.8935	  174.1540
13.677	 2.65	 1	 -42.0128	  177.4163
13.683	 2.89	 1	 -39.1110	  176.7212
13.684	 2.12	 1	 -46.4224	  176.4392
13.703	 2.43	 1	 -46.1365	  176.9557
13.704	 2.31	 1	 -40.1178	  168.0065
13.714	 2.48	 1	 -45.3712	  168.1083
13.721	 2.16	 1	 -41.0392	  170.4328
13.745	 2.03	 1	 -39.3822	  177.1625
13.745	 3.13	 1	 -41.3616	  174.9187
13.748	 2.39	 1	 -41.5041	  178.9224
13.762	 2.08	 1	 -41.1821	  174.9908
13.783	 2.35	 1	 -46.9725	  174.8983
13.792	 2.22	 1	 -38.4399	  171.0345
13.812	 2.05	 1	 -44.4585	  167.3959
13.854	 2.16	 1	 -38.2212	  172.3739
13.859	 2.21	 1	 -38.2914	  171.7683
13.861	 3.25	 1	 -38.3856	  174.7803
13.864	 2.05	 1	 -39.9980	  177.9199
13.871	 2.59	 1	 -42.3786	  173.0379
13.874	 3.29	 1	 -41.5211	  178.7260
13.911	 2.22	 1	 -41.9689	  177.3272
13.933	 3.77	 1	 -42.9378	  173.5582
13.939	 2.36	 1	 -39.0519	  176.6128
13.955	 2.18	 1	 -42.5153	  173.0995
13.968	 2.10	 1	 -38.3446	  171.4620
13.990	 2.56	 1	 -40.9925	  172.2975
13.991	 2.14	 1	 -38.2215	  173.6731
13.996	 2.09	 1	 -41.3050	  171.9961
