# Simulation 432
# RelativeTime(days) Magnitude Generation Latitude Longitude
Time Mag Gen Lat Lon
7.009	 2.27	 1	 -38.2814	  171.8352
7.016	 2.27	 1	 -43.4398	  173.3869
7.040	 2.06	 1	 -40.3424	  173.2526
7.044	 2.15	 1	 -41.0288	  172.5328
7.046	 2.36	 1	 -42.5152	  172.6143
7.061	 2.26	 1	 -41.8481	  174.1535
7.061	 2.17	 1	 -42.0919	  171.9418
7.069	 2.08	 1	 -40.5286	  168.4898
7.069	 2.18	 1	 -43.8553	  167.1124
7.080	 2.23	 1	 -40.8513	  172.4720
7.086	 2.27	 1	 -38.1961	  173.0757
7.093	 2.92	 1	 -42.4534	  174.6475
7.094	 2.24	 1	 -43.5925	  172.6095
7.098	 2.14	 1	 -41.8919	  167.0021
7.107	 3.04	 1	 -46.5588	  176.1459
7.108	 2.36	 1	 -39.4772	  177.2989
7.112	 2.43	 1	 -40.5528	  170.6451
7.116	 2.34	 1	 -46.2226	  176.8117
7.121	 2.46	 1	 -42.1048	  179.0875
7.124	 2.48	 1	 -44.0702	  169.0185
7.125	 2.03	 1	 -46.3319	  176.6153
7.127	 2.15	 1	 -40.2922	  174.5637
7.134	 2.46	 1	 -46.8621	  170.7317
7.137	 2.55	 1	 -42.3824	  173.5107
7.154	 2.58	 1	 -42.9794	  174.2444
7.171	 2.47	 1	 -40.9121	  170.7177
7.178	 2.19	 1	 -42.9262	  179.1317
7.179	 2.43	 1	 -46.6264	  170.0586
7.180	 2.06	 1	 -42.1814	  170.3415
7.184	 2.34	 1	 -43.4079	  174.4398
7.189	 3.28	 1	 -38.9707	  176.4552
7.192	 2.17	 1	 -43.9143	  177.2448
7.193	 2.11	 1	 -46.5383	  176.1924
7.220	 2.29	 1	 -45.8509	  169.1989
7.223	 2.04	 1	 -40.8090	  171.1501
7.240	 2.80	 1	 -38.4380	  175.0025
7.240	 2.66	 1	 -45.9147	  172.6849
7.242	 2.60	 1	 -41.1351	  178.7613
7.257	 2.31	 1	 -38.5155	  174.7194
7.259	 2.33	 1	 -42.6082	  171.7606
7.275	 2.26	 1	 -43.6227	  175.6894
7.276	 2.22	 1	 -39.8548	  174.7613
7.280	 2.78	 1	 -43.3448	  173.9902
7.281	 2.81	 1	 -42.9746	  175.1538
7.284	 2.10	 1	 -38.8748	  169.7899
7.296	 2.72	 1	 -41.0463	  168.5189
7.297	 2.95	 1	 -42.9320	  172.2999
7.303	 2.31	 1	 -38.2012	  172.7263
7.306	 2.14	 1	 -45.5061	  169.0233
7.306	 2.31	 1	 -42.6476	  173.2593
7.319	 2.13	 1	 -39.5540	  168.6411
7.322	 2.11	 1	 -41.6353	  169.6066
7.329	 2.08	 1	 -44.4695	  174.5108
7.344	 2.20	 1	 -42.7186	  167.4236
7.345	 2.02	 1	 -45.0133	  173.9054
7.355	 2.71	 1	 -41.8790	  174.8007
7.360	 3.26	 1	 -45.5673	  168.3179
7.370	 2.08	 1	 -39.7406	  171.6494
7.374	 2.96	 1	 -40.5600	  171.9235
7.386	 2.17	 1	 -41.3931	  170.3001
7.388	 2.00	 1	 -43.1143	  166.9313
7.393	 2.13	 1	 -42.8475	  176.4772
7.394	 3.34	 1	 -41.8211	  170.3234
7.394	 2.22	 1	 -43.9424	  173.4587
7.395	 2.50	 1	 -42.7327	  172.9942
7.395	 2.86	 1	 -42.4255	  168.9888
7.402	 2.86	 1	 -46.4156	  176.4528
7.403	 2.39	 1	 -41.6262	  175.2365
7.418	 2.35	 1	 -44.3920	  169.7498
7.443	 3.08	 1	 -42.5048	  172.3578
7.446	 2.20	 1	 -41.2825	  175.9184
7.446	 2.14	 1	 -42.6695	  170.3106
7.453	 2.47	 1	 -46.8252	  175.4332
7.468	 2.39	 1	 -44.8204	  174.6095
7.468	 2.01	 1	 -41.7872	  172.8317
7.468	 2.61	 1	 -41.8058	  174.2756
7.471	 2.09	 1	 -41.7648	  174.3074
7.474	 2.37	 1	 -38.3024	  171.6985
7.480	 2.09	 1	 -41.8739	  169.7710
7.481	 2.44	 1	 -47.0971	  174.2538
7.484	 2.13	 1	 -46.4868	  176.3053
7.492	 2.00	 1	 -41.1856	  176.6421
7.508	 2.21	 1	 -42.3380	  170.0585
7.509	 4.53	 1	 -41.2252	  173.5009
7.511	 2.32	 1	 -38.4034	  174.8588
7.525	 2.31	 1	 -41.3862	  172.1441
7.529	 2.59	 1	 -43.6219	  170.3005
7.557	 2.91	 1	 -43.6052	  174.7988
7.560	 2.06	 1	 -42.1993	  173.6743
7.562	 2.03	 1	 -43.9387	  167.1440
7.575	 2.53	 1	 -41.5189	  171.2434
7.577	 2.06	 1	 -46.9734	  174.8942
7.582	 2.05	 1	 -39.9041	  175.9190
7.593	 2.04	 1	 -42.7135	  176.1171
7.599	 2.13	 1	 -42.3929	  170.8330
7.604	 3.63	 1	 -41.3537	  172.7686
7.606	 2.29	 1	 -43.3405	  179.0761
7.610	 2.98	 1	 -43.9358	  172.0101
7.617	 2.04	 1	 -41.5034	  168.3123
7.635	 2.95	 1	 -42.6984	  175.4120
7.636	 2.82	 1	 -39.3132	  174.8618
7.638	 2.69	 1	 -41.8485	  175.9403
7.639	 2.28	 1	 -45.4804	  171.9815
7.639	 2.24	 1	 -42.8079	  172.8416
7.652	 3.03	 1	 -39.1849	  176.8501
7.656	 2.50	 1	 -40.6715	  169.9683
7.667	 2.22	 1	 -42.2084	  173.4601
7.677	 2.70	 1	 -43.1063	  176.4273
7.683	 2.13	 1	 -42.8479	  171.9113
7.687	 2.02	 1	 -46.8536	  175.3410
7.694	 2.91	 1	 -42.1685	  173.3670
7.704	 2.10	 1	 -45.1427	  175.6645
7.705	 2.06	 1	 -42.5865	  172.2947
7.711	 2.39	 2	 -41.5175	  171.2423
7.717	 2.66	 1	 -40.3006	  171.7781
7.720	 2.14	 1	 -43.2914	  173.0107
7.730	 2.64	 1	 -40.1630	  169.1129
7.730	 2.08	 1	 -43.3746	  172.0707
7.732	 2.16	 1	 -41.4156	  167.1562
7.740	 2.81	 1	 -44.4204	  173.2974
7.744	 2.34	 1	 -42.4828	  167.6407
7.748	 2.51	 1	 -45.2221	  167.9642
7.749	 2.08	 1	 -44.0902	  167.2074
7.750	 4.17	 1	 -42.8544	  171.5696
7.752	 2.34	 1	 -38.7130	  170.1738
7.756	 2.39	 1	 -39.9907	  168.1319
7.762	 2.00	 1	 -41.5109	  175.3484
7.781	 2.10	 1	 -42.9909	  171.3276
7.794	 2.05	 1	 -46.0320	  170.3614
7.799	 2.58	 1	 -40.9506	  167.3820
7.819	 2.18	 1	 -45.4777	  168.6494
7.840	 2.43	 1	 -38.5029	  170.8006
7.843	 2.11	 1	 -39.6207	  177.4899
7.843	 2.58	 1	 -42.0794	  179.0828
7.856	 2.62	 1	 -42.8527	  166.9082
7.862	 3.18	 1	 -41.3987	  167.1630
7.874	 2.19	 1	 -41.4988	  176.2859
7.879	 2.46	 1	 -41.0781	  169.1768
7.881	 2.17	 1	 -40.7513	  171.3937
7.882	 2.16	 1	 -40.8253	  176.2851
7.888	 2.87	 1	 -42.3791	  179.1251
7.891	 2.03	 1	 -42.1859	  173.5178
7.909	 3.78	 1	 -40.3425	  178.2380
7.913	 2.50	 1	 -38.6427	  170.3635
7.920	 2.19	 1	 -39.5203	  177.3581
7.921	 2.06	 1	 -42.7301	  171.7358
7.928	 2.28	 1	 -43.7982	  171.7654
7.948	 2.27	 1	 -39.8194	  170.8229
7.950	 2.38	 1	 -45.8473	  173.8917
7.952	 3.04	 1	 -38.9754	  169.5796
7.962	 2.11	 1	 -43.4909	  175.6265
7.969	 2.41	 1	 -42.3854	  173.0350
7.983	 2.03	 1	 -45.5911	  177.6993
7.985	 2.70	 1	 -45.9993	  168.8764
8.006	 2.02	 1	 -41.1376	  175.7462
8.009	 2.09	 1	 -42.3490	  171.6953
8.011	 2.33	 1	 -44.6103	  177.2421
8.022	 2.12	 1	 -46.7160	  170.2906
8.027	 2.33	 1	 -40.4522	  175.1970
8.029	 2.25	 1	 -41.6558	  171.5913
8.046	 2.06	 1	 -45.9574	  168.8154
8.054	 2.26	 1	 -41.7304	  178.9983
8.055	 2.81	 1	 -42.8028	  175.4559
8.057	 2.16	 1	 -41.5273	  176.4318
8.060	 2.41	 1	 -43.1561	  172.7107
8.064	 2.57	 1	 -42.4246	  173.9300
8.072	 2.26	 1	 -44.8162	  172.1521
8.075	 2.31	 1	 -41.7676	  174.2356
8.076	 2.17	 1	 -42.4864	  166.9108
8.076	 2.53	 1	 -43.0312	  173.8699
8.090	 2.68	 1	 -42.7834	  172.8813
8.102	 2.50	 1	 -39.0364	  171.8189
8.109	 2.61	 1	 -39.7270	  168.4234
8.118	 2.69	 1	 -46.7689	  170.4396
8.120	 2.09	 1	 -43.8476	  170.1790
8.123	 3.31	 1	 -41.6205	  167.0807
8.124	 2.20	 1	 -46.7543	  170.3976
8.128	 2.19	 1	 -38.2797	  174.1976
8.136	 3.62	 1	 -44.7843	  178.4377
8.141	 2.00	 1	 -41.7016	  174.8049
8.142	 2.06	 1	 -42.7059	  175.6802
8.143	 2.12	 1	 -41.4103	  167.1584
8.154	 2.21	 1	 -38.4543	  170.9783
8.154	 2.27	 1	 -46.4165	  169.5933
8.165	 2.60	 1	 -43.7057	  173.1373
8.169	 2.16	 1	 -45.4214	  169.9474
8.171	 2.08	 1	 -44.1072	  178.8293
8.173	 2.02	 1	 -41.2991	  167.2055
8.182	 2.09	 1	 -42.0682	  172.7731
8.183	 2.03	 1	 -40.7731	  178.5546
8.185	 2.72	 1	 -44.2394	  178.7666
8.193	 2.04	 1	 -46.1195	  176.9155
8.197	 2.03	 1	 -41.0186	  172.2476
8.198	 2.07	 1	 -44.2212	  172.4050
8.209	 2.30	 1	 -44.2788	  172.4731
8.217	 2.54	 1	 -41.6374	  173.7550
8.217	 2.12	 1	 -40.5562	  171.6658
8.239	 2.47	 1	 -43.7986	  171.0664
8.245	 2.28	 1	 -42.7089	  172.0434
8.250	 2.44	 1	 -39.0169	  169.4981
8.280	 3.08	 1	 -44.4972	  175.2396
8.289	 2.76	 1	 -42.2694	  174.8039
8.298	 2.49	 1	 -43.3405	  175.0347
8.303	 2.75	 1	 -42.0256	  172.8750
8.306	 2.20	 1	 -43.0384	  178.2299
8.336	 2.59	 1	 -43.2319	  172.6906
8.348	 2.42	 1	 -42.9004	  179.1334
8.360	 2.06	 1	 -47.1653	  173.6517
8.361	 2.21	 1	 -43.2016	  179.1006
8.364	 2.25	 1	 -42.4743	  169.4988
8.384	 3.02	 1	 -43.0147	  166.9201
8.392	 2.27	 1	 -38.3589	  174.6545
8.403	 2.02	 1	 -40.3087	  178.2095
8.405	 3.48	 1	 -38.6445	  170.3586
8.412	 2.37	 1	 -40.2141	  170.0078
8.412	 2.48	 1	 -45.8427	  177.3877
8.414	 2.49	 1	 -42.4242	  173.1695
8.415	 2.17	 1	 -41.6033	  175.6766
8.415	 2.36	 1	 -42.0584	  178.0242
8.417	 2.14	 1	 -41.7478	  174.2006
8.444	 2.02	 1	 -42.7304	  176.0154
8.449	 2.04	 1	 -41.8504	  171.3061
8.449	 2.52	 1	 -41.7059	  171.7727
8.454	 2.21	 1	 -45.8829	  168.7109
8.461	 2.43	 1	 -42.1332	  173.5378
8.461	 2.15	 1	 -46.6745	  170.1802
8.489	 2.39	 1	 -43.4874	  173.8512
8.489	 2.11	 1	 -45.7924	  168.5904
8.496	 2.32	 1	 -42.4630	  174.0083
8.505	 2.15	 1	 -42.9337	  172.2718
8.511	 2.07	 1	 -40.6097	  170.2213
8.531	 2.17	 1	 -43.5986	  171.4580
8.545	 2.12	 1	 -46.0336	  177.1167
8.563	 2.15	 1	 -42.7734	  174.2847
8.564	 2.09	 1	 -42.2362	  173.7964
8.564	 2.56	 1	 -41.9753	  172.2409
8.572	 2.05	 1	 -42.2855	  171.3451
8.579	 2.77	 1	 -46.2580	  176.2641
8.587	 2.40	 1	 -40.9772	  173.6044
8.588	 2.14	 1	 -43.2076	  172.4462
8.593	 2.23	 1	 -41.4335	  167.1490
8.596	 3.66	 1	 -43.6156	  177.3023
8.599	 2.22	 1	 -41.5921	  171.8059
8.599	 2.01	 1	 -47.1487	  172.2040
8.600	 2.29	 1	 -41.7391	  174.8734
8.601	 2.35	 1	 -38.9482	  169.6346
8.603	 2.78	 1	 -41.8171	  175.6849
8.606	 2.32	 1	 -47.1876	  172.8616
8.609	 2.11	 1	 -42.5453	  179.1367
8.613	 2.56	 1	 -42.2920	  175.7348
8.627	 2.10	 2	 -43.6188	  177.3050
8.632	 2.24	 1	 -42.9216	  173.0951
8.633	 2.39	 1	 -42.8968	  172.7434
8.636	 2.08	 1	 -41.5577	  173.7587
8.640	 2.06	 1	 -45.0491	  170.6427
8.642	 2.16	 1	 -45.1913	  167.9359
8.654	 3.13	 1	 -46.8512	  170.6952
8.664	 2.21	 1	 -42.0233	  179.0718
8.666	 2.62	 1	 -38.1994	  173.2610
8.676	 2.43	 1	 -42.5836	  177.8433
8.680	 2.02	 1	 -42.3088	  171.9059
8.683	 2.25	 1	 -42.7492	  175.5799
8.695	 2.39	 1	 -40.8915	  177.6640
8.698	 2.05	 1	 -41.7608	  174.2195
8.706	 2.30	 1	 -43.1517	  171.3450
8.715	 2.71	 1	 -41.3945	  172.7391
8.718	 2.78	 1	 -43.3494	  174.1443
8.729	 2.12	 1	 -42.5926	  173.9728
8.736	 2.13	 1	 -41.3926	  178.8787
8.737	 2.30	 1	 -38.7499	  175.0720
8.738	 2.01	 1	 -39.5645	  171.6714
8.742	 2.54	 1	 -44.3169	  170.3615
8.748	 2.89	 1	 -38.7726	  170.0248
8.753	 2.60	 1	 -41.4342	  171.7272
8.758	 2.31	 1	 -43.2850	  175.0115
8.768	 2.25	 1	 -41.7323	  174.2934
8.773	 2.39	 1	 -42.6878	  173.1063
8.775	 2.19	 1	 -39.6190	  168.5566
8.776	 2.64	 1	 -44.8872	  171.8629
8.793	 2.13	 1	 -42.5017	  173.1437
8.793	 2.24	 1	 -42.6233	  173.7042
8.801	 2.01	 1	 -40.2252	  173.1593
8.807	 2.00	 1	 -43.1527	  173.6893
8.832	 2.34	 1	 -41.6217	  174.3472
8.846	 3.08	 1	 -45.8474	  177.3815
8.852	 2.19	 1	 -41.7019	  178.9896
8.852	 2.09	 1	 -47.1257	  171.9978
8.852	 2.26	 1	 -47.1873	  173.1981
8.858	 2.01	 1	 -42.8560	  170.1873
8.863	 2.11	 1	 -42.2120	  177.1918
8.866	 2.11	 1	 -42.1730	  172.8916
8.866	 2.34	 1	 -41.1995	  173.5974
8.891	 2.18	 1	 -41.7972	  174.8825
8.898	 2.02	 1	 -41.7851	  177.7959
8.901	 3.15	 1	 -41.0559	  167.3239
8.910	 2.73	 1	 -38.3618	  174.6686
8.921	 2.14	 1	 -42.9717	  168.0676
8.927	 2.02	 1	 -40.9110	  170.1360
8.929	 2.25	 1	 -45.7049	  173.8674
8.934	 2.69	 1	 -45.1761	  174.2839
8.936	 4.22	 1	 -43.3994	  171.5806
8.937	 3.20	 1	 -42.3363	  173.6002
8.955	 3.28	 1	 -39.0219	  169.5193
8.962	 2.71	 1	 -41.4163	  178.8884
8.971	 2.20	 1	 -44.6169	  171.8501
8.974	 2.83	 1	 -42.8694	  174.9189
8.976	 2.87	 1	 -38.2512	  172.0657
8.997	 2.16	 1	 -43.7910	  173.0344
9.004	 2.09	 1	 -41.1738	  178.7804
9.004	 2.12	 1	 -40.8704	  171.1302
9.019	 2.05	 1	 -45.9623	  172.6413
9.020	 2.38	 1	 -42.3549	  172.5510
9.021	 2.23	 1	 -41.9291	  174.4507
9.023	 2.32	 1	 -38.2221	  173.6807
9.028	 2.04	 1	 -42.4944	  172.7512
9.045	 2.60	 1	 -47.1891	  173.0173
9.050	 2.13	 1	 -43.4764	  173.1559
9.067	 2.28	 1	 -39.5257	  177.3654
9.075	 2.04	 1	 -41.9931	  171.7923
9.083	 2.27	 1	 -44.1636	  173.2785
9.088	 2.38	 1	 -46.1470	  169.1058
9.093	 3.02	 1	 -42.0110	  173.7592
9.100	 3.41	 1	 -39.2091	  169.1535
9.110	 2.07	 1	 -42.7004	  175.8290
9.113	 2.21	 1	 -43.6593	  176.8769
9.116	 2.64	 1	 -42.6534	  172.9043
9.118	 2.15	 1	 -38.8525	  169.8391
9.137	 2.18	 1	 -39.7437	  169.4170
9.147	 2.14	 1	 -40.6759	  178.4902
9.157	 3.68	 1	 -44.3854	  177.6919
9.167	 2.56	 1	 -44.0270	  176.1332
9.172	 2.52	 1	 -39.7374	  172.4716
9.175	 2.24	 1	 -42.9145	  170.3611
9.207	 2.28	 1	 -44.7445	  178.4658
9.221	 2.29	 1	 -43.7630	  168.9404
9.224	 2.27	 1	 -42.6621	  175.1239
9.225	 2.14	 1	 -42.0642	  173.8113
9.240	 2.29	 1	 -45.8449	  168.6595
9.248	 2.28	 1	 -41.9413	  173.6001
9.252	 2.57	 1	 -46.5826	  176.0908
9.270	 2.13	 1	 -43.1849	  174.0388
9.279	 2.10	 1	 -44.5036	  167.4225
9.290	 2.01	 1	 -38.5581	  175.4277
9.292	 2.44	 1	 -45.1162	  171.3009
9.353	 2.20	 1	 -42.2197	  175.2075
9.361	 2.09	 1	 -42.6084	  173.5829
9.370	 2.01	 1	 -42.3146	  173.9013
9.372	 2.11	 1	 -40.9389	  167.3887
9.375	 2.23	 1	 -41.7738	  174.8744
9.378	 3.03	 1	 -43.8646	  176.2820
9.387	 2.38	 1	 -40.0872	  168.0359
9.399	 2.32	 1	 -41.1145	  174.9216
9.411	 2.04	 1	 -44.7327	  172.5929
9.413	 2.20	 2	 -43.8622	  176.3112
9.416	 2.19	 1	 -41.5807	  174.6812
9.417	 2.07	 1	 -47.1815	  172.6658
9.422	 2.56	 1	 -43.0676	  173.7376
9.425	 2.32	 1	 -42.7481	  171.0448
9.439	 2.39	 1	 -40.7238	  167.5219
9.446	 2.03	 1	 -39.2868	  169.0275
9.450	 2.67	 1	 -38.6864	  175.8006
9.469	 2.21	 1	 -42.9121	  166.9116
9.487	 2.07	 1	 -43.3659	  179.0710
9.488	 2.10	 1	 -43.9705	  178.8876
9.517	 2.03	 1	 -43.7415	  171.3876
9.518	 2.18	 1	 -41.9404	  169.9920
9.523	 2.81	 1	 -39.9825	  177.9040
9.528	 2.24	 1	 -40.9049	  176.2126
9.538	 2.25	 1	 -46.8753	  175.2675
9.545	 2.06	 1	 -44.1428	  172.9034
9.560	 2.49	 1	 -41.9274	  174.1760
9.569	 2.83	 1	 -40.6099	  178.4442
9.571	 2.27	 1	 -46.9417	  175.0234
9.574	 2.17	 1	 -42.6760	  171.4859
9.575	 2.11	 1	 -42.0376	  174.2853
9.590	 2.09	 1	 -40.3975	  173.0271
9.597	 2.62	 1	 -43.6984	  172.4080
9.619	 2.71	 1	 -42.8295	  168.8197
9.634	 3.09	 1	 -42.9191	  173.3508
9.646	 2.27	 1	 -43.3413	  173.0588
9.648	 2.08	 1	 -45.9437	  177.2485
9.649	 2.10	 1	 -43.2383	  172.6154
9.661	 3.61	 1	 -40.6579	  178.4778
9.677	 2.46	 1	 -43.3462	  172.1837
9.678	 2.23	 1	 -46.5290	  174.4079
9.682	 2.49	 1	 -44.2213	  175.3680
9.685	 2.04	 2	 -40.6603	  178.4702
9.693	 2.04	 1	 -44.3493	  178.7096
9.706	 2.58	 1	 -42.2686	  173.1491
9.712	 2.01	 1	 -42.2041	  166.9405
9.712	 3.16	 1	 -38.3050	  171.6830
9.714	 2.04	 2	 -38.3394	  171.4873
9.726	 2.41	 1	 -39.8290	  168.3052
9.729	 2.50	 1	 -42.3882	  174.0018
9.737	 2.08	 1	 -41.5303	  175.5406
9.743	 2.04	 1	 -43.8836	  167.1229
9.749	 2.36	 1	 -43.1192	  174.8376
9.749	 2.04	 1	 -42.5021	  173.1405
9.766	 2.96	 1	 -43.5437	  174.6595
9.770	 2.19	 2	 -43.5425	  174.6598
9.776	 2.10	 1	 -40.6436	  173.5161
9.777	 2.17	 1	 -41.7292	  174.3092
9.788	 2.57	 1	 -46.2158	  176.8234
9.789	 2.29	 1	 -44.0050	  175.8881
9.797	 2.00	 1	 -38.2609	  171.9857
9.804	 2.09	 1	 -41.9064	  173.2890
9.817	 2.27	 1	 -46.8358	  170.6449
9.817	 2.18	 1	 -42.5445	  173.1497
9.821	 2.44	 1	 -42.0505	  173.7386
9.824	 2.02	 1	 -42.2911	  167.5800
9.828	 2.50	 1	 -42.7696	  172.9959
9.840	 2.09	 1	 -46.8697	  175.2868
9.842	 2.28	 1	 -44.4923	  168.0201
9.842	 2.04	 1	 -43.2030	  179.1004
9.881	 3.32	 1	 -42.2293	  173.6030
9.893	 3.40	 1	 -41.9381	  173.7029
9.907	 3.29	 1	 -41.7854	  171.1695
9.918	 2.65	 1	 -41.8568	  179.0334
9.933	 2.74	 1	 -42.1082	  173.6151
9.941	 2.95	 1	 -42.6879	  174.3758
9.945	 3.02	 1	 -41.6108	  173.2090
9.966	 2.02	 1	 -42.2608	  173.9859
9.977	 2.03	 1	 -41.0189	  178.7004
10.005	 2.06	 1	 -43.8560	  172.7983
10.024	 2.35	 1	 -42.6186	  170.1792
10.024	 2.10	 1	 -40.0385	  171.7258
10.032	 2.61	 1	 -41.2670	  175.4830
10.053	 2.10	 1	 -42.9065	  175.8751
10.059	 2.06	 1	 -42.9545	  172.3135
10.065	 2.25	 1	 -41.8984	  174.3395
10.073	 2.12	 1	 -39.1250	  169.2981
10.081	 2.38	 1	 -41.6495	  173.4748
10.087	 2.15	 1	 -41.7269	  175.4469
10.089	 2.84	 1	 -43.6606	  172.8975
10.098	 3.30	 1	 -43.5060	  174.0594
10.098	 2.32	 1	 -42.1449	  171.9710
10.111	 3.01	 1	 -38.6708	  175.7586
10.117	 2.88	 1	 -45.4076	  168.1455
10.137	 2.82	 1	 -42.5652	  172.8293
10.138	 3.01	 1	 -45.0972	  171.7715
10.139	 3.08	 1	 -38.2740	  174.1573
10.152	 2.17	 1	 -41.9362	  172.1850
10.152	 2.14	 1	 -42.1777	  172.6819
10.152	 2.02	 1	 -44.1552	  172.6960
10.179	 2.28	 1	 -42.2986	  173.6655
10.187	 2.39	 1	 -41.9977	  173.7156
10.202	 2.09	 1	 -45.9934	  171.8682
10.208	 2.25	 1	 -46.6462	  175.9363
10.214	 2.03	 1	 -38.3438	  174.5780
10.216	 2.10	 1	 -46.5931	  176.0660
10.230	 2.02	 1	 -39.8707	  172.5516
10.236	 2.42	 1	 -42.6754	  172.0924
10.238	 2.82	 1	 -45.0107	  174.2156
10.250	 2.49	 1	 -40.9705	  169.7589
10.251	 2.11	 1	 -47.0262	  174.6541
10.257	 3.15	 1	 -42.9592	  173.9644
10.257	 2.66	 1	 -42.2977	  175.0908
10.261	 2.01	 1	 -42.5985	  170.1959
10.287	 2.01	 1	 -45.1019	  168.8971
10.288	 2.36	 1	 -39.0689	  176.6445
10.289	 2.31	 1	 -44.0437	  171.0162
10.292	 2.98	 1	 -45.5275	  170.4592
10.297	 2.18	 1	 -42.0456	  168.6115
10.336	 2.09	 1	 -42.3362	  173.1615
10.359	 2.35	 1	 -41.9203	  168.5734
10.378	 2.23	 1	 -38.5869	  175.5172
10.388	 3.00	 1	 -46.0424	  168.9410
10.389	 2.17	 1	 -41.1186	  167.2914
10.393	 2.56	 1	 -41.9151	  174.0117
10.399	 2.09	 1	 -44.3089	  175.8462
10.399	 2.23	 1	 -41.9522	  173.5136
10.403	 2.08	 1	 -43.5854	  170.3532
10.405	 2.57	 1	 -41.6982	  172.5987
10.411	 2.31	 1	 -39.4729	  177.2930
10.431	 2.18	 1	 -47.1168	  174.1151
10.440	 2.00	 1	 -44.2828	  173.8748
10.445	 2.00	 1	 -41.3609	  173.9055
10.449	 2.22	 1	 -44.5687	  173.4140
10.450	 2.02	 1	 -47.0762	  171.6598
10.455	 2.18	 1	 -43.3086	  174.6529
10.465	 2.04	 1	 -42.6236	  172.9662
10.474	 2.88	 1	 -38.2976	  171.7285
10.474	 2.14	 1	 -39.1071	  169.3300
10.486	 2.01	 1	 -43.4882	  170.4458
10.487	 2.55	 1	 -42.3951	  173.3593
10.518	 2.48	 1	 -42.5344	  172.9949
10.531	 2.14	 1	 -38.1960	  173.0002
10.533	 2.67	 1	 -42.9173	  173.1874
10.535	 2.60	 1	 -42.8736	  172.6183
10.537	 2.15	 1	 -42.3793	  174.8441
10.537	 2.40	 1	 -38.9267	  169.6790
10.537	 3.26	 1	 -40.0799	  176.1785
10.546	 2.25	 2	 -44.4924	  168.0184
10.556	 2.13	 1	 -44.6178	  167.4935
10.567	 2.57	 1	 -43.9699	  173.3129
10.576	 2.74	 1	 -44.3317	  175.8867
10.576	 2.01	 1	 -38.4448	  171.0149
10.597	 2.51	 1	 -41.0371	  172.1200
10.600	 2.49	 1	 -43.2592	  170.5593
10.613	 2.08	 1	 -40.3955	  171.9631
10.633	 3.53	 1	 -42.6779	  171.8177
10.644	 2.51	 1	 -40.7959	  174.5489
10.652	 2.01	 1	 -42.3264	  173.9775
10.658	 2.12	 1	 -46.6267	  175.9849
10.663	 2.01	 1	 -40.8795	  169.6338
10.669	 2.58	 1	 -43.1743	  179.1047
10.670	 2.53	 1	 -44.1203	  176.1428
10.674	 2.02	 1	 -41.8208	  171.7431
10.682	 2.96	 1	 -42.0960	  172.8970
10.684	 2.24	 1	 -42.1197	  173.5670
10.686	 3.03	 1	 -41.6682	  174.3797
10.696	 2.12	 1	 -46.7494	  170.3835
10.725	 3.08	 1	 -42.0340	  173.7140
10.730	 2.60	 1	 -43.8036	  176.9637
10.732	 2.22	 1	 -40.7146	  167.5280
10.751	 3.15	 1	 -42.1280	  171.6474
10.751	 2.07	 1	 -38.5973	  170.4957
10.759	 2.63	 1	 -41.5087	  176.9476
10.783	 2.81	 1	 -40.5831	  178.4250
10.796	 2.21	 1	 -42.4630	  176.5499
10.805	 2.78	 1	 -47.0112	  171.4210
10.811	 2.11	 1	 -44.8013	  167.6188
10.813	 2.35	 1	 -42.5957	  171.4227
10.833	 3.67	 1	 -43.4397	  171.3752
10.866	 2.09	 1	 -40.3405	  172.2982
10.866	 2.18	 1	 -44.1913	  172.3163
10.879	 2.43	 1	 -39.1068	  176.7136
10.880	 2.32	 1	 -41.8571	  170.8342
10.888	 2.18	 1	 -47.1852	  173.2785
10.888	 2.11	 1	 -41.4957	  173.0896
10.888	 2.15	 1	 -38.2059	  173.4294
10.891	 2.46	 1	 -44.1508	  168.6652
10.892	 2.23	 1	 -41.7825	  179.0133
10.893	 2.34	 1	 -42.8536	  173.2938
10.906	 2.10	 1	 -40.8513	  167.4408
10.909	 2.81	 1	 -43.2214	  174.7935
10.930	 2.74	 1	 -43.1011	  173.7556
10.936	 2.10	 1	 -44.9788	  167.7541
10.940	 3.57	 1	 -38.3343	  171.5161
10.945	 2.27	 1	 -40.0658	  174.2894
10.984	 2.18	 2	 -41.9242	  173.7188
10.989	 2.06	 1	 -41.4689	  176.0674
10.995	 2.14	 1	 -40.7592	  173.8621
11.011	 2.67	 1	 -42.2057	  173.1145
11.036	 2.03	 1	 -39.4497	  168.7840
11.040	 2.84	 1	 -43.8846	  170.8613
11.045	 4.27	 1	 -43.4660	  179.0488
11.058	 2.06	 1	 -41.7962	  173.2172
11.066	 3.72	 1	 -41.7136	  174.2732
11.072	 3.69	 1	 -41.6642	  178.9778
11.079	 2.15	 1	 -42.3304	  174.8906
11.089	 2.28	 1	 -42.7372	  172.9399
11.089	 2.73	 1	 -38.9370	  176.3867
11.092	 2.78	 1	 -40.9851	  176.1770
11.109	 2.96	 1	 -43.4768	  175.8797
11.122	 2.24	 1	 -44.1495	  173.5128
11.125	 3.34	 1	 -42.2117	  169.2123
11.133	 2.65	 1	 -40.4483	  176.1712
11.140	 2.56	 1	 -43.8049	  178.9498
11.148	 2.27	 1	 -41.0642	  174.7098
11.155	 2.27	 1	 -39.7596	  169.9982
11.160	 2.10	 1	 -47.1321	  172.0511
11.162	 2.66	 1	 -40.6941	  171.3417
11.175	 2.79	 1	 -39.5123	  172.8279
11.177	 2.62	 1	 -46.7663	  170.4320
11.190	 2.46	 1	 -41.6642	  177.3846
11.194	 2.15	 1	 -42.5426	  171.8604
11.222	 2.17	 1	 -41.8497	  167.0128
11.222	 2.53	 1	 -44.6455	  178.5328
11.226	 2.27	 1	 -38.4181	  173.5626
11.232	 3.22	 1	 -43.4673	  171.0971
11.236	 2.32	 1	 -43.8391	  167.1065
11.238	 2.08	 1	 -41.0876	  172.2733
11.244	 2.04	 1	 -43.7513	  176.4410
11.252	 2.42	 1	 -45.7580	  177.4980
11.258	 2.67	 1	 -44.2356	  170.9107
11.266	 2.77	 1	 -38.2160	  173.5990
11.323	 2.22	 1	 -46.2809	  176.7089
11.326	 3.43	 1	 -42.2285	  174.1648
11.328	 2.45	 1	 -39.3969	  177.1842
11.343	 2.47	 1	 -43.4225	  176.4663
11.364	 2.21	 1	 -43.6515	  167.0451
11.378	 2.43	 1	 -42.7885	  173.6927
11.381	 2.22	 1	 -42.6066	  171.9653
11.383	 2.14	 1	 -39.2493	  169.0874
11.387	 2.46	 1	 -40.2234	  170.8365
11.390	 2.06	 1	 -42.0097	  170.9705
11.396	 2.78	 1	 -41.8849	  174.7520
11.400	 2.49	 1	 -42.4538	  172.4754
11.401	 3.10	 1	 -42.2179	  172.0119
11.421	 2.13	 1	 -41.7739	  174.0788
11.422	 3.11	 1	 -41.1783	  178.7826
11.449	 2.04	 1	 -43.2282	  173.2232
11.465	 2.70	 1	 -39.9601	  171.7354
11.478	 2.59	 1	 -47.1856	  173.2655
11.488	 2.69	 1	 -42.4451	  173.8563
11.490	 2.50	 1	 -45.3461	  168.0832
11.493	 2.17	 1	 -44.8154	  172.3568
11.521	 3.00	 1	 -41.2517	  174.3070
11.524	 2.12	 1	 -41.3795	  172.7485
11.525	 2.11	 1	 -43.6827	  173.0474
11.540	 2.04	 1	 -45.0628	  167.8233
11.561	 2.60	 1	 -38.2436	  173.9107
11.587	 2.17	 1	 -45.1375	  174.5714
11.601	 2.06	 1	 -39.2479	  171.2387
11.609	 2.03	 1	 -40.1539	  175.4886
11.615	 3.27	 1	 -43.1714	  172.2771
11.621	 2.94	 1	 -41.9304	  175.8578
11.624	 2.80	 1	 -39.3981	  177.1859
11.627	 2.38	 1	 -38.2358	  173.8351
11.632	 2.49	 1	 -39.4238	  177.2233
11.634	 2.26	 1	 -44.1961	  175.2614
11.636	 2.33	 1	 -41.2076	  175.6247
11.642	 2.24	 1	 -41.0808	  174.4401
11.661	 2.70	 1	 -41.6764	  176.0076
11.667	 2.08	 1	 -38.5355	  175.3545
11.670	 3.24	 1	 -38.4232	  174.9424
11.687	 2.61	 1	 -38.2217	  172.3680
11.692	 2.05	 1	 -46.2277	  176.8029
11.699	 2.04	 1	 -43.1613	  171.0072
11.702	 2.09	 1	 -42.1522	  169.5501
11.715	 2.53	 1	 -45.7332	  177.5291
11.733	 2.73	 1	 -45.2081	  174.0824
11.737	 2.69	 1	 -38.7317	  175.9184
11.753	 2.34	 1	 -42.0600	  170.1915
11.761	 2.58	 1	 -46.6935	  175.8143
11.764	 2.04	 1	 -41.0162	  167.3453
11.774	 3.67	 1	 -42.5196	  173.6802
11.810	 3.27	 1	 -43.9174	  170.3153
11.827	 2.06	 1	 -43.5034	  167.0046
11.830	 2.13	 1	 -42.1977	  174.2609
11.840	 2.10	 1	 -47.1463	  173.8647
11.844	 2.29	 1	 -43.0520	  170.2877
11.845	 3.12	 1	 -43.8039	  172.2800
11.846	 2.16	 1	 -39.3681	  177.1416
11.851	 6.44	 1	 -42.7964	  174.1980
11.851	 2.35	 2	 -42.5126	  174.9579
11.851	 2.24	 2	 -42.8357	  174.5403
11.851	 2.30	 2	 -42.8315	  174.1911
11.851	 2.67	 2	 -42.9177	  174.3360
11.852	 2.31	 2	 -42.7992	  174.1552
11.852	 2.21	 2	 -42.8924	  174.2160
11.852	 2.09	 2	 -40.1073	  175.5064
11.852	 3.48	 2	 -42.7413	  174.0815
11.852	 2.30	 2	 -43.1712	  174.1563
11.852	 2.71	 2	 -42.7077	  174.1193
11.852	 2.46	 2	 -46.3867	  177.8875
11.852	 2.01	 2	 -42.7294	  174.2620
11.852	 2.24	 2	 -42.8403	  174.2098
11.852	 2.76	 2	 -43.1320	  172.7596
11.852	 2.25	 2	 -42.7685	  174.1513
11.852	 2.42	 2	 -42.7790	  174.1710
11.853	 2.33	 2	 -42.4823	  174.3992
11.853	 2.20	 2	 -42.6789	  173.9361
11.854	 2.16	 2	 -42.9515	  174.3317
11.855	 2.34	 2	 -45.0763	  168.9160
11.855	 2.34	 2	 -43.0389	  174.4944
11.857	 2.33	 2	 -43.0934	  174.8818
11.857	 2.14	 2	 -42.7781	  174.1909
11.858	 2.20	 2	 -42.9331	  174.0588
11.858	 2.01	 2	 -42.6649	  174.3161
11.858	 2.14	 2	 -42.9736	  174.0631
11.860	 2.12	 2	 -42.6902	  174.0953
11.861	 3.43	 2	 -43.2226	  172.5748
11.864	 2.46	 2	 -42.9162	  173.9981
11.865	 3.09	 1	 -42.7391	  170.0140
11.866	 2.10	 2	 -42.8792	  174.2594
11.872	 2.06	 2	 -42.8562	  174.1789
11.874	 2.19	 2	 -42.8025	  174.2851
11.874	 2.99	 2	 -42.8006	  174.1183
11.876	 3.74	 2	 -42.8218	  174.1156
11.884	 2.15	 1	 -42.2181	  175.1061
11.885	 2.24	 2	 -42.1228	  174.5863
11.885	 2.17	 1	 -41.7830	  174.4252
11.887	 2.45	 2	 -42.8242	  174.1986
11.887	 2.19	 1	 -47.1163	  171.9252
11.889	 2.53	 1	 -43.8241	  174.9310
11.889	 2.05	 2	 -42.8066	  174.1767
11.893	 2.34	 2	 -42.9571	  174.3618
11.897	 2.02	 2	 -42.6578	  174.2072
11.898	 2.06	 2	 -42.7707	  174.4349
11.903	 2.83	 2	 -42.7735	  174.0193
11.912	 2.18	 1	 -39.9509	  168.1731
11.913	 2.52	 2	 -42.7921	  174.3001
11.915	 2.67	 2	 -42.7044	  174.1581
11.924	 3.09	 1	 -42.2236	  176.4964
11.924	 2.20	 1	 -44.5651	  172.7215
11.926	 3.18	 1	 -44.5530	  172.2024
11.930	 2.44	 1	 -46.6377	  170.3090
11.937	 2.54	 1	 -45.3158	  168.0533
11.937	 2.17	 1	 -42.8720	  174.5340
11.954	 2.22	 1	 -44.4177	  174.2533
11.959	 2.02	 2	 -42.8987	  174.1861
11.963	 2.30	 1	 -47.0134	  171.3284
11.966	 2.36	 2	 -47.0086	  171.3105
11.966	 2.43	 2	 -42.4527	  174.4193
11.971	 2.03	 1	 -42.8296	  171.7602
11.976	 2.38	 2	 -42.7385	  174.2974
11.980	 2.60	 2	 -42.9082	  173.7666
11.982	 2.40	 1	 -39.2950	  175.6419
11.985	 2.26	 1	 -43.7318	  171.5475
11.993	 2.02	 1	 -41.7025	  174.2034
12.003	 2.09	 2	 -42.7266	  174.1143
12.009	 2.27	 2	 -43.0098	  174.2386
12.016	 2.03	 2	 -42.7044	  174.1226
12.020	 2.07	 1	 -41.8331	  174.7871
12.024	 2.09	 1	 -41.8532	  171.7379
12.028	 2.04	 1	 -44.9724	  178.2953
12.040	 2.19	 2	 -42.7042	  174.1405
12.045	 2.48	 2	 -42.8685	  174.2047
12.048	 2.11	 1	 -44.9184	  178.3378
12.048	 2.17	 1	 -43.6486	  173.0127
12.049	 2.19	 1	 -41.0570	  173.5681
12.050	 2.41	 2	 -42.7827	  174.2805
12.052	 2.07	 1	 -38.2451	  172.1201
12.053	 2.07	 1	 -44.2987	  177.6065
12.054	 2.50	 2	 -42.7891	  174.0921
12.056	 2.20	 2	 -42.7601	  174.1752
12.067	 3.18	 1	 -40.4576	  167.7135
12.072	 2.09	 1	 -39.9888	  168.1338
12.074	 2.26	 1	 -39.1194	  176.7361
12.075	 3.24	 1	 -41.3419	  169.1847
12.076	 2.33	 2	 -41.3372	  169.1103
12.083	 2.46	 1	 -41.9726	  174.0298
12.094	 2.03	 1	 -42.0106	  173.1820
12.099	 2.09	 1	 -38.3051	  174.3621
12.101	 2.42	 1	 -44.0418	  174.2016
12.105	 2.69	 2	 -42.8619	  174.1345
12.105	 2.13	 1	 -42.5527	  174.6793
12.109	 2.18	 1	 -46.3879	  176.5078
12.113	 2.03	 1	 -43.8898	  175.2862
12.114	 2.79	 1	 -41.8524	  171.7039
12.127	 3.24	 1	 -41.8804	  168.0735
12.137	 3.20	 1	 -42.2507	  173.5011
12.137	 2.14	 1	 -43.6782	  173.2428
12.140	 2.42	 1	 -44.0778	  172.1846
12.163	 2.67	 1	 -45.5149	  176.5077
12.164	 2.47	 1	 -42.5884	  172.6969
12.200	 2.44	 2	 -42.8045	  174.1955
12.214	 2.20	 1	 -38.8488	  171.7647
12.230	 2.39	 1	 -41.9594	  173.5058
12.239	 2.03	 1	 -43.5208	  172.2888
12.247	 2.08	 1	 -39.9379	  168.1866
12.257	 2.45	 2	 -42.7483	  174.0037
12.259	 2.41	 1	 -47.1498	  173.8295
12.259	 2.63	 2	 -42.8038	  174.2165
12.275	 2.38	 1	 -41.7963	  170.3613
12.285	 2.20	 1	 -43.0610	  172.4518
12.295	 2.47	 1	 -41.5258	  178.9304
12.329	 2.36	 1	 -44.1351	  178.8166
12.339	 3.04	 1	 -42.4932	  170.0451
12.346	 2.06	 2	 -42.7860	  174.1948
12.354	 3.19	 1	 -45.6974	  174.6935
12.356	 2.13	 1	 -42.4537	  173.0014
12.360	 2.44	 2	 -42.9017	  174.4062
12.361	 2.42	 1	 -40.9460	  174.5857
12.376	 4.11	 1	 -42.2589	  177.0650
12.377	 2.91	 1	 -38.9635	  169.6035
12.377	 2.46	 2	 -42.5777	  173.8213
12.383	 2.25	 1	 -44.4877	  170.5690
12.387	 2.06	 2	 -42.4704	  174.1661
12.387	 2.08	 1	 -38.2825	  174.2167
12.405	 2.11	 1	 -38.1960	  173.0514
12.408	 3.30	 1	 -40.8999	  174.5734
12.411	 2.20	 1	 -45.5453	  175.5992
12.422	 2.90	 1	 -42.5649	  172.6328
12.427	 2.28	 2	 -42.2469	  177.0732
12.432	 2.42	 1	 -43.1200	  171.3467
12.447	 2.10	 1	 -39.5332	  168.6688
12.449	 2.84	 2	 -42.8949	  174.1437
12.451	 2.88	 1	 -42.3386	  173.7838
12.461	 2.61	 1	 -42.2811	  173.8148
12.463	 3.54	 1	 -41.6695	  174.3098
12.463	 2.02	 1	 -40.5797	  167.6217
12.470	 2.02	 2	 -42.7950	  174.1849
12.493	 2.23	 1	 -42.5833	  175.1309
12.501	 2.55	 1	 -43.9538	  178.8943
12.511	 2.34	 2	 -42.8972	  174.2085
12.512	 2.36	 1	 -44.2121	  174.4591
12.526	 2.01	 1	 -43.4343	  171.1507
12.541	 2.31	 1	 -44.5157	  167.4297
12.551	 4.00	 1	 -38.2555	  174.0145
12.553	 2.03	 2	 -43.5499	  174.1749
12.571	 4.28	 1	 -42.5035	  170.7202
12.573	 3.53	 2	 -42.7318	  174.2321
12.583	 2.14	 1	 -40.2590	  178.1666
12.587	 2.04	 1	 -43.8347	  176.3488
12.601	 2.83	 1	 -41.3309	  172.5051
12.619	 2.25	 1	 -39.3849	  169.1835
12.626	 2.13	 2	 -42.7516	  174.2091
12.627	 2.52	 1	 -41.2210	  169.9984
12.630	 2.99	 1	 -41.9540	  179.0569
12.632	 3.21	 1	 -43.4392	  166.9893
12.643	 2.33	 1	 -42.2145	  173.7209
12.655	 2.34	 1	 -47.1852	  172.7655
12.658	 2.54	 1	 -46.9988	  171.2608
12.659	 2.02	 1	 -44.7763	  167.6009
12.659	 3.00	 1	 -46.8040	  170.5448
12.667	 2.19	 2	 -42.7989	  174.3374
12.671	 2.08	 2	 -38.2606	  174.0290
12.672	 2.09	 1	 -47.0564	  171.5469
12.674	 3.29	 1	 -38.2498	  173.9659
12.685	 3.26	 1	 -38.3238	  174.4705
12.687	 2.44	 1	 -41.6561	  174.2416
12.691	 2.21	 1	 -45.9458	  173.3877
12.694	 2.48	 2	 -42.7455	  174.2701
12.712	 2.41	 1	 -42.8643	  172.5142
12.717	 2.04	 1	 -40.1099	  168.0141
12.719	 2.33	 2	 -42.5879	  174.3372
12.726	 2.09	 1	 -43.9244	  167.1384
12.744	 2.28	 1	 -40.6224	  178.4531
12.745	 2.18	 1	 -47.0266	  171.3923
12.755	 2.17	 1	 -44.4566	  177.7546
12.762	 2.91	 1	 -38.6326	  170.3924
12.771	 2.47	 1	 -41.7126	  174.2504
12.815	 3.31	 1	 -43.4922	  175.2528
12.817	 2.64	 2	 -42.7078	  174.1099
12.822	 2.51	 1	 -42.3746	  168.8153
12.836	 2.33	 1	 -41.0353	  167.4428
12.860	 2.09	 1	 -47.0207	  174.6810
12.884	 2.14	 1	 -38.1970	  172.8868
12.922	 2.10	 1	 -46.9707	  174.9058
12.937	 2.01	 2	 -42.7507	  174.2719
12.943	 2.42	 1	 -44.7473	  167.5804
12.962	 2.28	 1	 -42.6170	  166.9052
12.967	 2.00	 1	 -45.4013	  173.1074
12.980	 2.20	 1	 -43.0031	  173.9461
12.999	 2.33	 1	 -46.5476	  176.1715
13.023	 2.41	 1	 -46.4128	  169.5858
13.033	 2.76	 2	 -42.7989	  174.1486
13.042	 2.11	 1	 -45.2176	  173.4232
13.050	 2.22	 1	 -41.7142	  170.0885
13.063	 2.97	 1	 -42.0264	  174.5586
13.072	 2.84	 1	 -39.5766	  171.9520
13.074	 3.22	 1	 -43.1878	  170.8638
13.075	 2.02	 1	 -44.3434	  178.7127
13.096	 2.81	 1	 -44.9020	  170.9923
13.098	 2.14	 1	 -44.7494	  171.3487
13.110	 2.31	 1	 -44.3136	  173.9596
13.110	 2.31	 1	 -46.8552	  170.7087
13.113	 2.46	 1	 -42.7194	  172.7641
13.115	 2.70	 1	 -43.4557	  172.9974
13.125	 2.90	 1	 -39.7237	  174.0876
13.127	 2.73	 2	 -46.4751	  177.7220
13.130	 2.09	 1	 -42.1462	  170.5557
13.133	 2.50	 1	 -38.7133	  170.1731
13.136	 2.36	 1	 -40.9233	  170.9782
13.138	 2.04	 1	 -38.4452	  171.3099
13.159	 2.43	 1	 -46.1533	  172.4509
13.166	 2.12	 2	 -42.7672	  174.1986
13.173	 2.08	 1	 -41.9098	  174.3448
13.175	 2.09	 1	 -45.5085	  174.9866
13.184	 2.01	 1	 -38.1991	  172.7919
13.199	 2.25	 2	 -42.5825	  174.3741
13.212	 2.78	 1	 -41.9205	  172.5775
13.238	 2.03	 1	 -45.4266	  177.8792
13.238	 2.06	 1	 -45.3076	  172.6579
13.243	 2.63	 1	 -44.9462	  167.7282
13.245	 2.03	 1	 -44.1152	  169.2513
13.250	 2.88	 1	 -40.6314	  172.2265
13.254	 2.87	 1	 -45.5789	  173.3610
13.262	 2.59	 1	 -42.2216	  172.6835
13.275	 2.61	 1	 -42.3536	  174.0215
13.276	 2.30	 1	 -42.2974	  172.1993
13.280	 2.53	 1	 -42.2786	  172.8604
13.287	 2.02	 2	 -42.7851	  174.1855
13.288	 3.48	 1	 -40.8688	  168.7572
13.328	 2.26	 1	 -45.4905	  177.8113
13.331	 2.45	 1	 -42.8300	  179.1371
13.334	 2.52	 1	 -40.7584	  167.4992
13.353	 2.41	 1	 -40.8639	  173.5493
13.378	 2.27	 1	 -40.9537	  178.6640
13.385	 2.07	 1	 -44.7354	  178.4721
13.388	 2.16	 1	 -43.0503	  173.3929
13.390	 3.87	 1	 -38.4166	  174.9151
13.406	 2.60	 2	 -42.8615	  174.1951
13.411	 4.87	 1	 -44.1459	  171.5945
13.413	 2.06	 2	 -44.1608	  171.5731
13.421	 2.74	 1	 -40.2728	  176.7262
13.438	 2.08	 1	 -43.8865	  174.2004
13.447	 2.31	 1	 -42.6480	  179.1396
13.448	 2.15	 1	 -42.6843	  171.8874
13.449	 2.07	 1	 -38.1959	  173.0213
13.456	 2.43	 1	 -44.1878	  173.8066
13.463	 2.68	 2	 -43.8176	  171.3034
13.465	 2.17	 3	 -43.8630	  171.4764
13.482	 2.36	 1	 -41.6655	  175.3096
13.485	 3.11	 1	 -42.6626	  173.3164
13.488	 2.14	 1	 -43.0905	  175.7962
13.494	 2.57	 1	 -38.2127	  172.4943
13.496	 2.20	 1	 -43.5017	  175.2327
13.497	 3.18	 1	 -40.6518	  170.1756
13.510	 2.06	 1	 -44.3850	  167.3542
13.519	 2.87	 1	 -42.2929	  166.9285
13.522	 2.11	 1	 -41.9056	  173.6589
13.568	 2.34	 1	 -42.9687	  171.1632
13.585	 2.58	 1	 -46.4494	  169.6603
13.602	 2.20	 1	 -46.3759	  169.5130
13.619	 2.01	 1	 -41.4734	  177.3971
13.626	 2.03	 1	 -42.4542	  169.9793
13.626	 2.12	 1	 -41.9841	  172.9807
13.647	 2.07	 1	 -39.1786	  176.8393
13.656	 2.41	 1	 -38.3025	  174.3463
13.660	 2.20	 1	 -38.1961	  172.9704
13.662	 2.46	 1	 -40.7242	  170.2231
13.662	 3.44	 1	 -44.5396	  169.1876
13.666	 2.32	 1	 -39.7139	  168.4391
13.668	 2.20	 1	 -44.3502	  176.0686
13.668	 2.05	 1	 -42.9331	  175.5341
13.677	 2.49	 1	 -43.3206	  172.1438
13.714	 2.10	 1	 -43.8189	  178.9449
13.718	 2.68	 1	 -47.0037	  174.7611
13.723	 2.88	 1	 -46.6427	  170.0990
13.744	 2.04	 1	 -43.0477	  174.1789
13.771	 3.15	 1	 -41.6048	  173.8194
13.790	 2.02	 1	 -42.5086	  172.3084
13.792	 2.26	 1	 -42.9144	  173.5002
13.819	 2.03	 1	 -39.5042	  168.7082
13.819	 2.62	 1	 -45.3914	  174.5160
13.827	 2.22	 1	 -38.3830	  174.7682
13.840	 2.31	 1	 -43.5754	  172.1742
13.841	 2.20	 1	 -41.8463	  173.5315
13.856	 2.27	 1	 -42.3425	  174.3806
13.870	 2.03	 1	 -44.1149	  174.0990
13.873	 2.03	 1	 -41.6289	  175.0069
13.904	 2.08	 1	 -39.9765	  168.1464
13.913	 2.63	 1	 -41.7201	  174.1945
13.919	 2.26	 1	 -43.8414	  168.5783
13.940	 2.42	 1	 -44.1462	  172.1050
13.945	 2.10	 1	 -42.5465	  172.0516
13.955	 2.82	 1	 -41.9937	  174.9572
13.961	 2.06	 1	 -43.1272	  176.7488
13.981	 2.63	 1	 -43.2150	  175.9866
13.985	 2.83	 2	 -42.7316	  174.2426
