# Simulation 514
# RelativeTime(days) Magnitude Generation Latitude Longitude
Time Mag Gen Lat Lon
7.002	 4.67	 1	 -42.7182	  179.1398
7.002	 2.60	 2	 -42.7872	  178.9024
7.002	 2.57	 1	 -42.6827	  170.6334
7.007	 2.60	 1	 -41.8662	  167.0085
7.011	 3.85	 1	 -41.8679	  173.5019
7.012	 2.65	 1	 -46.8708	  170.7613
7.013	 3.07	 1	 -41.8906	  169.3235
7.013	 2.65	 2	 -42.6817	  179.2107
7.018	 2.07	 1	 -44.7362	  172.8165
7.028	 2.25	 1	 -42.7864	  171.6902
7.034	 2.41	 1	 -41.7459	  174.2379
7.035	 2.01	 1	 -41.0101	  171.0651
7.035	 2.01	 1	 -41.4929	  171.8734
7.041	 2.74	 1	 -42.0904	  172.1858
7.046	 2.11	 1	 -43.5669	  168.7244
7.051	 2.05	 1	 -40.2747	  168.2182
7.057	 2.19	 1	 -42.2856	  174.0826
7.065	 2.12	 2	 -46.8987	  170.7236
7.068	 2.19	 1	 -44.6044	  169.9175
7.069	 2.12	 1	 -40.8922	  172.8778
7.069	 2.16	 1	 -41.9036	  173.0683
7.073	 2.62	 1	 -43.5107	  169.1256
7.090	 2.46	 2	 -42.7159	  179.1357
7.090	 2.62	 1	 -41.9904	  173.6464
7.090	 2.20	 1	 -47.1001	  171.8107
7.094	 2.08	 1	 -44.6632	  172.2803
7.100	 2.11	 1	 -47.0752	  171.6534
7.104	 3.23	 1	 -39.2007	  173.1276
7.107	 2.38	 1	 -41.9854	  172.7818
7.113	 2.17	 1	 -44.7265	  174.1237
7.114	 2.21	 1	 -41.8167	  170.4384
7.117	 2.14	 1	 -41.9851	  172.7705
7.117	 2.05	 2	 -42.7308	  179.1526
7.119	 2.15	 1	 -42.6559	  170.1728
7.127	 3.07	 1	 -42.0033	  172.1517
7.140	 2.03	 1	 -44.3721	  169.4095
7.150	 2.65	 1	 -42.2372	  170.6594
7.152	 2.59	 1	 -40.3232	  173.0555
7.167	 2.68	 1	 -39.9809	  177.9024
7.168	 2.07	 1	 -41.7330	  169.1894
7.170	 3.47	 1	 -41.9141	  170.7618
7.174	 2.44	 1	 -41.9132	  166.9969
7.175	 2.04	 1	 -40.9911	  174.9947
7.177	 2.74	 1	 -42.3996	  172.8815
7.178	 3.38	 1	 -46.7848	  175.5576
7.193	 2.28	 1	 -38.4707	  174.8487
7.197	 2.06	 1	 -46.3086	  169.3858
7.209	 2.08	 1	 -44.3665	  173.3571
7.213	 2.36	 1	 -47.1517	  172.2345
7.232	 2.07	 1	 -42.7471	  175.2453
7.234	 2.06	 1	 -43.9325	  178.9027
7.234	 2.32	 1	 -44.1700	  171.3609
7.235	 2.38	 1	 -42.5118	  174.1660
7.237	 2.25	 1	 -43.6304	  173.4656
7.254	 2.34	 1	 -41.7811	  174.1126
7.257	 3.34	 2	 -44.1798	  171.3754
7.258	 2.23	 1	 -42.3433	  173.7907
7.259	 2.13	 1	 -45.0184	  171.8952
7.264	 2.78	 1	 -41.9103	  174.7501
7.265	 2.69	 1	 -38.6526	  175.7084
7.268	 2.20	 1	 -46.7035	  175.7876
7.269	 2.17	 1	 -43.6238	  174.5092
7.271	 2.49	 1	 -42.1979	  172.7589
7.274	 2.40	 1	 -41.8081	  167.0238
7.285	 2.37	 1	 -42.0293	  174.0157
7.302	 2.02	 1	 -40.6056	  173.4311
7.309	 2.09	 1	 -43.7297	  178.9750
7.312	 2.49	 1	 -39.2162	  169.1417
7.314	 2.06	 1	 -43.5371	  175.0019
7.314	 2.19	 1	 -41.3969	  172.8790
7.316	 2.27	 1	 -40.4390	  173.8307
7.319	 2.15	 1	 -43.0576	  170.7132
7.321	 2.18	 1	 -41.7952	  173.5282
7.322	 2.11	 1	 -39.9493	  174.8359
7.323	 2.39	 1	 -44.9452	  172.1454
7.323	 2.32	 1	 -38.4758	  170.8976
7.323	 2.15	 1	 -43.4769	  166.9981
7.325	 2.82	 1	 -43.0881	  175.6077
7.337	 2.43	 1	 -42.2556	  174.0839
7.338	 2.21	 3	 -44.0814	  171.8417
7.342	 2.03	 1	 -42.0240	  175.4429
7.353	 2.34	 1	 -42.2645	  173.5475
7.355	 2.52	 1	 -47.1834	  173.3319
7.366	 2.24	 1	 -41.8699	  172.5666
7.376	 2.90	 1	 -42.3188	  172.5647
7.377	 3.83	 1	 -39.0158	  176.5441
7.377	 2.07	 1	 -41.5801	  167.0945
7.392	 2.51	 2	 -39.0353	  176.5294
7.393	 2.05	 1	 -42.3759	  171.0557
7.408	 2.39	 1	 -40.6683	  172.9423
7.412	 2.54	 1	 -44.9318	  172.1478
7.416	 2.40	 1	 -44.2256	  169.5105
7.421	 2.34	 1	 -39.7053	  171.6160
7.426	 2.94	 1	 -42.6629	  174.4009
7.444	 3.27	 1	 -44.3197	  170.7712
7.456	 2.46	 1	 -42.3188	  173.2203
7.461	 2.12	 1	 -41.6580	  175.3266
7.467	 3.18	 1	 -38.4596	  175.0863
7.468	 2.01	 1	 -39.3998	  177.1884
7.468	 2.01	 1	 -42.5571	  172.9257
7.470	 2.82	 1	 -46.5323	  176.2057
7.474	 2.09	 1	 -46.7317	  175.7106
7.477	 2.58	 1	 -43.9308	  172.6488
7.478	 2.42	 1	 -43.6959	  169.8919
7.479	 2.20	 2	 -43.6786	  169.8684
7.483	 2.34	 1	 -44.1564	  171.6014
7.491	 2.01	 1	 -43.3639	  170.4308
7.495	 2.22	 1	 -44.6800	  167.5343
7.496	 2.43	 1	 -41.9783	  173.7758
7.497	 2.00	 1	 -41.8769	  171.5990
7.501	 2.29	 1	 -44.8871	  172.0964
7.504	 2.86	 1	 -46.1020	  169.9792
7.506	 4.21	 1	 -41.9974	  179.0664
7.509	 2.15	 1	 -40.8546	  171.3671
7.519	 2.53	 1	 -43.0206	  173.5667
7.520	 2.06	 1	 -42.5624	  171.5227
7.520	 2.33	 1	 -42.8787	  173.1627
7.527	 2.17	 1	 -39.1889	  176.8568
7.528	 2.45	 1	 -43.9790	  171.1165
7.531	 2.05	 1	 -40.4453	  170.2740
7.541	 2.73	 1	 -45.0974	  178.1915
7.543	 4.15	 1	 -42.3160	  173.8652
7.566	 2.13	 1	 -41.6833	  172.4429
7.571	 3.31	 1	 -40.4798	  175.1452
7.573	 2.10	 2	 -42.3467	  173.8688
7.597	 2.81	 1	 -42.3929	  173.8285
7.599	 2.58	 1	 -45.7443	  168.5290
7.603	 2.01	 1	 -41.6760	  174.4128
7.609	 2.24	 1	 -43.6807	  178.9904
7.611	 2.37	 1	 -43.5353	  175.0017
7.611	 2.01	 1	 -41.5211	  177.1651
7.618	 2.11	 1	 -41.3967	  168.3902
7.623	 2.50	 1	 -38.1994	  173.2638
7.628	 2.58	 1	 -38.2331	  173.8067
7.632	 2.06	 1	 -42.1898	  173.9625
7.635	 2.30	 1	 -38.2581	  172.0080
7.637	 2.33	 1	 -43.6489	  170.8916
7.642	 3.31	 1	 -41.2628	  167.2218
7.651	 2.49	 1	 -42.4819	  168.3642
7.653	 2.40	 1	 -41.4215	  171.6606
7.653	 2.31	 1	 -44.3209	  167.3196
7.661	 2.31	 1	 -44.2207	  170.5164
7.664	 2.01	 1	 -39.2084	  169.1546
7.665	 2.28	 1	 -44.1856	  174.6965
7.668	 2.14	 2	 -39.0255	  176.5749
7.670	 2.07	 1	 -41.8212	  174.1746
7.672	 2.18	 1	 -44.0484	  173.6090
7.673	 2.39	 1	 -39.5909	  174.5187
7.677	 2.26	 1	 -44.2659	  171.4388
7.682	 2.08	 1	 -40.9195	  170.3012
7.684	 2.25	 1	 -42.4262	  173.6167
7.686	 2.63	 1	 -44.4059	  169.7837
7.689	 2.70	 1	 -43.7359	  171.7033
7.690	 2.42	 1	 -41.9981	  173.6574
7.691	 2.09	 1	 -43.4792	  171.7148
7.692	 2.72	 1	 -41.8488	  168.8069
7.704	 2.27	 1	 -43.2504	  174.1866
7.707	 2.82	 2	 -41.8352	  168.8040
7.708	 2.15	 1	 -41.9997	  174.5128
7.709	 2.77	 1	 -42.7306	  174.1164
7.710	 2.40	 1	 -41.8177	  174.2321
7.713	 3.35	 1	 -47.1293	  172.0278
7.713	 2.35	 1	 -42.8900	  166.9102
7.714	 3.06	 1	 -43.4085	  174.8448
7.716	 3.28	 1	 -39.7111	  175.5428
7.719	 2.22	 1	 -39.2097	  175.6617
7.720	 2.91	 1	 -42.5588	  174.0409
7.724	 2.92	 2	 -42.5365	  173.9599
7.728	 2.01	 1	 -41.6720	  170.9126
7.733	 2.20	 3	 -42.5395	  173.9588
7.747	 3.04	 1	 -39.6259	  168.5478
7.750	 3.23	 1	 -44.7205	  172.6930
7.750	 2.95	 2	 -40.4859	  175.1587
7.750	 2.44	 1	 -43.4962	  173.6801
7.752	 2.19	 1	 -43.6944	  171.6186
7.755	 2.05	 1	 -41.6250	  175.6582
7.757	 2.88	 1	 -45.2213	  169.6428
7.761	 2.07	 1	 -44.1824	  170.1389
7.775	 3.30	 3	 -41.8267	  168.8082
7.775	 2.07	 1	 -46.0799	  172.2016
7.792	 2.00	 1	 -42.3158	  171.4468
7.792	 2.42	 1	 -40.7308	  171.8419
7.796	 2.58	 1	 -45.2787	  171.7514
7.800	 2.26	 1	 -44.8008	  170.7012
7.801	 2.79	 2	 -41.2216	  167.2221
7.803	 2.61	 1	 -40.3981	  167.7607
7.810	 2.44	 1	 -40.9585	  167.3775
7.812	 2.78	 1	 -42.6361	  174.7604
7.813	 2.38	 1	 -43.0279	  175.1432
7.821	 2.65	 1	 -43.7181	  173.2742
7.822	 2.67	 1	 -43.2749	  170.9716
7.827	 2.17	 1	 -43.7556	  178.9665
7.839	 2.22	 1	 -42.6495	  171.1955
7.840	 2.99	 1	 -40.7975	  178.5701
7.843	 3.03	 1	 -40.7242	  170.0863
7.845	 2.29	 1	 -40.8583	  167.4365
7.856	 2.09	 1	 -43.2330	  176.1757
7.858	 2.33	 1	 -41.9684	  170.2711
7.859	 2.17	 1	 -42.7938	  173.1394
7.865	 2.12	 1	 -42.2325	  174.4618
7.866	 2.16	 1	 -39.0339	  176.5787
7.876	 2.03	 1	 -39.2474	  176.9538
7.880	 2.30	 1	 -42.8592	  166.9085
7.896	 2.72	 1	 -38.4907	  170.8437
7.900	 2.70	 1	 -42.7433	  173.9272
7.900	 2.92	 1	 -43.3671	  174.2743
7.908	 3.01	 1	 -41.7595	  179.0068
7.908	 3.05	 1	 -42.7438	  173.5576
7.915	 2.22	 1	 -42.5664	  171.0521
7.926	 2.05	 1	 -46.7469	  175.6680
7.945	 2.89	 1	 -41.7730	  174.8490
7.953	 2.04	 1	 -45.6174	  172.4152
7.953	 2.27	 1	 -41.8128	  171.0249
7.969	 2.42	 1	 -42.4212	  172.7921
7.976	 2.47	 1	 -42.3684	  173.8447
7.978	 2.01	 1	 -40.4454	  170.3959
7.978	 3.14	 1	 -41.8135	  173.7988
7.981	 2.05	 1	 -46.9954	  171.2456
7.987	 2.25	 1	 -38.9153	  169.7030
7.992	 2.63	 2	 -42.4207	  172.7902
8.001	 2.04	 1	 -40.0927	  172.3540
8.003	 2.43	 1	 -43.6795	  173.3584
8.007	 3.09	 1	 -41.3257	  173.9735
8.020	 2.19	 1	 -40.4987	  172.3381
8.046	 2.16	 1	 -46.5376	  170.0654
8.047	 2.51	 1	 -41.8289	  170.5447
8.053	 2.18	 1	 -44.3450	  173.1814
8.067	 3.18	 1	 -42.6505	  178.1479
8.075	 2.13	 1	 -42.8292	  174.7738
8.091	 2.26	 1	 -46.2879	  173.9687
8.095	 2.06	 1	 -43.8103	  172.8229
8.113	 2.68	 1	 -42.4704	  173.2310
8.119	 2.10	 1	 -41.9699	  171.9092
8.120	 2.55	 1	 -41.8244	  174.6902
8.124	 2.19	 1	 -41.4837	  168.0749
8.125	 2.09	 1	 -41.6673	  173.9513
8.138	 2.07	 1	 -44.1492	  171.2629
8.145	 2.07	 4	 -41.8155	  168.8072
8.151	 2.03	 1	 -41.0293	  172.1835
8.196	 2.24	 1	 -47.1026	  174.2168
8.197	 2.09	 1	 -44.1926	  167.2548
8.201	 2.03	 1	 -42.6425	  174.3354
8.201	 2.39	 1	 -45.4179	  168.5019
8.206	 2.21	 1	 -45.1817	  171.6190
8.209	 2.27	 1	 -42.5852	  173.0950
8.214	 2.41	 2	 -42.6800	  178.1453
8.218	 2.06	 1	 -43.5512	  167.0169
8.218	 2.09	 1	 -38.3622	  171.3738
8.236	 2.14	 1	 -43.4856	  167.0002
8.254	 2.46	 1	 -45.6676	  174.6761
8.259	 2.07	 1	 -41.8702	  173.9411
8.259	 2.50	 1	 -42.7298	  171.3383
8.275	 2.16	 1	 -40.8987	  171.3749
8.278	 3.09	 1	 -42.0747	  171.4911
8.278	 2.41	 1	 -42.8986	  174.1078
8.290	 2.08	 1	 -43.5050	  172.8923
8.296	 2.41	 1	 -41.8744	  168.5804
8.307	 2.04	 1	 -43.2630	  171.0874
8.309	 3.00	 1	 -40.5443	  174.2384
8.316	 3.21	 1	 -42.2247	  172.8435
8.317	 2.04	 1	 -41.8753	  167.0062
8.317	 2.05	 1	 -43.3525	  175.3793
8.318	 2.07	 1	 -42.5223	  170.1717
8.326	 2.09	 2	 -40.9000	  171.3745
8.331	 2.34	 2	 -41.8268	  167.0050
8.352	 2.21	 1	 -41.4371	  175.0610
8.365	 2.32	 1	 -42.0335	  168.6149
8.370	 2.03	 1	 -44.4153	  172.5017
8.377	 4.37	 1	 -46.2326	  173.3478
8.382	 2.72	 2	 -46.2369	  173.3576
8.387	 2.03	 2	 -46.2492	  173.3774
8.390	 3.07	 1	 -40.3273	  173.5163
8.391	 2.10	 1	 -42.6671	  179.1398
8.395	 2.41	 1	 -42.4482	  169.7159
8.395	 2.36	 1	 -43.5102	  171.9321
8.403	 3.19	 1	 -41.7279	  176.8510
8.406	 2.37	 1	 -46.9625	  174.9397
8.412	 2.70	 1	 -43.8699	  167.1860
8.413	 2.14	 1	 -40.8216	  173.1597
8.414	 2.58	 2	 -46.1693	  173.3655
8.416	 2.28	 1	 -38.9888	  176.4914
8.417	 2.17	 3	 -46.1704	  173.3583
8.428	 2.36	 1	 -38.7532	  175.9722
8.445	 2.68	 1	 -44.2049	  168.7265
8.448	 2.07	 1	 -42.4513	  173.7376
8.451	 3.56	 1	 -47.1667	  173.6322
8.455	 2.01	 2	 -46.2419	  173.4944
8.459	 2.11	 1	 -41.4908	  166.9041
8.461	 2.33	 1	 -47.1859	  172.7882
8.462	 2.46	 1	 -43.6063	  172.0072
8.466	 2.18	 1	 -40.9719	  173.2656
8.466	 2.25	 1	 -43.0114	  176.8593
8.473	 3.06	 1	 -41.7547	  174.2704
8.483	 4.85	 1	 -43.8038	  172.6786
8.485	 2.12	 2	 -43.8681	  172.6516
8.486	 2.27	 2	 -43.7764	  172.7269
8.487	 2.26	 2	 -43.8126	  172.6743
8.493	 2.26	 1	 -39.5635	  168.6285
8.497	 2.53	 2	 -43.8196	  172.6752
8.502	 2.48	 2	 -46.2426	  173.3193
8.504	 2.14	 2	 -43.7779	  172.6510
8.506	 2.37	 1	 -44.1834	  171.9655
8.508	 2.69	 2	 -43.7381	  172.6666
8.509	 2.34	 2	 -43.8217	  172.7117
8.512	 2.09	 2	 -42.6688	  179.1450
8.527	 2.25	 2	 -43.7770	  172.6679
8.539	 2.07	 2	 -43.7716	  172.6507
8.545	 3.41	 1	 -38.6477	  175.6946
8.556	 2.23	 1	 -43.5193	  173.6077
8.556	 2.20	 2	 -43.7991	  172.6947
8.558	 2.79	 1	 -42.2762	  176.9131
8.567	 2.85	 1	 -42.7564	  174.4788
8.569	 2.03	 1	 -43.0646	  173.9698
8.576	 2.18	 1	 -44.2026	  171.5363
8.579	 2.59	 1	 -42.3610	  174.6510
8.603	 2.15	 1	 -42.2140	  173.2623
8.603	 2.01	 2	 -43.8095	  172.6916
8.605	 2.81	 1	 -44.0502	  175.2815
8.614	 2.27	 1	 -38.2638	  171.9629
8.615	 2.13	 1	 -38.4052	  174.8669
8.615	 2.95	 1	 -43.5905	  170.6778
8.623	 2.15	 1	 -43.8362	  167.1055
8.631	 2.01	 1	 -41.6276	  178.6764
8.637	 2.06	 1	 -43.9530	  171.8541
8.642	 2.18	 1	 -38.2713	  174.1376
8.646	 2.19	 1	 -42.5254	  172.4998
8.646	 2.32	 1	 -41.9625	  179.0588
8.660	 2.05	 1	 -42.6125	  171.0685
8.662	 2.31	 1	 -43.6570	  173.8039
8.686	 2.87	 1	 -45.5645	  168.7443
8.695	 2.01	 1	 -41.7219	  171.3214
8.700	 2.22	 1	 -43.5957	  173.0899
8.703	 3.40	 1	 -43.0689	  171.3224
8.705	 2.45	 1	 -40.7736	  167.4894
8.710	 2.07	 1	 -42.5932	  173.3530
8.711	 2.23	 1	 -42.8315	  173.4966
8.713	 2.32	 1	 -44.8158	  172.0818
8.714	 2.17	 1	 -42.6477	  174.3327
8.724	 2.30	 1	 -43.1555	  173.1113
8.728	 2.34	 1	 -41.4858	  172.9401
8.742	 2.17	 1	 -38.3061	  171.6763
8.743	 2.13	 1	 -43.1893	  173.8733
8.749	 2.49	 1	 -44.4023	  175.4590
8.753	 2.19	 1	 -43.8278	  169.5579
8.758	 2.72	 1	 -43.8669	  172.8793
8.784	 2.22	 1	 -41.2333	  174.9313
8.786	 2.11	 1	 -38.2422	  172.1469
8.798	 2.29	 1	 -44.4498	  173.5106
8.813	 2.66	 1	 -46.4845	  176.3101
8.822	 2.27	 1	 -44.5368	  174.9872
8.839	 2.46	 2	 -43.7934	  172.6739
8.846	 2.01	 1	 -42.9488	  172.5978
8.854	 2.32	 1	 -42.6711	  172.8141
8.857	 2.83	 1	 -42.9201	  177.5166
8.871	 2.39	 1	 -44.2358	  173.9915
8.874	 2.02	 1	 -41.3333	  173.4085
8.885	 3.26	 1	 -39.9899	  168.6036
8.892	 2.03	 1	 -42.1687	  174.7200
8.893	 3.03	 1	 -46.1371	  174.5048
8.894	 3.01	 2	 -39.9850	  168.6196
8.894	 2.54	 1	 -42.4979	  173.3957
8.901	 2.31	 1	 -41.6306	  173.7242
8.907	 2.47	 1	 -40.3519	  173.0783
8.918	 2.26	 1	 -39.3201	  176.7916
8.928	 2.47	 1	 -40.1442	  174.2998
8.931	 2.47	 1	 -44.3303	  175.1008
8.974	 2.39	 1	 -45.5060	  168.2498
8.975	 2.22	 1	 -40.5517	  175.1091
8.976	 2.07	 2	 -44.2372	  173.9969
8.980	 2.50	 1	 -43.7770	  172.0112
8.988	 2.30	 1	 -42.6501	  173.6589
8.998	 2.20	 1	 -46.2496	  176.7646
8.999	 2.39	 1	 -42.9806	  172.4987
9.002	 2.76	 1	 -42.4987	  172.9637
9.008	 2.22	 1	 -41.4178	  167.1553
9.019	 2.44	 1	 -46.5945	  170.2481
9.028	 2.18	 1	 -43.4375	  176.9654
9.037	 2.65	 1	 -38.2856	  171.8066
9.041	 2.82	 1	 -40.2943	  173.1742
9.046	 2.29	 2	 -44.0509	  175.2799
9.052	 2.18	 1	 -39.0591	  171.7950
9.052	 2.34	 1	 -42.4589	  173.0444
9.057	 2.45	 1	 -41.0208	  170.3627
9.069	 2.18	 1	 -46.3864	  171.4257
9.073	 2.07	 1	 -42.5323	  171.8753
9.075	 2.62	 1	 -38.2891	  171.7835
9.081	 2.41	 1	 -43.0989	  171.6164
9.098	 2.15	 1	 -43.7164	  171.8971
9.099	 2.90	 2	 -41.8835	  173.5026
9.101	 2.16	 1	 -42.2222	  173.6446
9.117	 2.15	 1	 -41.6752	  175.5178
9.117	 2.23	 1	 -42.0296	  168.8298
9.117	 2.07	 2	 -41.6858	  175.4703
9.125	 2.05	 1	 -43.6771	  178.9915
9.141	 2.99	 1	 -45.3161	  168.0536
9.141	 3.13	 1	 -42.2862	  173.6786
9.143	 2.25	 1	 -42.0452	  172.8443
9.146	 2.08	 1	 -40.4802	  167.6960
9.172	 3.20	 1	 -40.3273	  167.8191
9.176	 2.47	 1	 -43.2130	  175.2776
9.177	 2.61	 2	 -40.2919	  167.8967
9.190	 2.18	 1	 -45.4984	  169.7652
9.191	 3.49	 1	 -46.2920	  176.6889
9.196	 2.12	 2	 -46.2881	  176.6841
9.201	 2.35	 1	 -39.4323	  168.8087
9.213	 2.21	 1	 -41.4006	  178.8820
9.220	 2.23	 2	 -44.3272	  175.1020
9.225	 2.17	 1	 -44.8797	  167.6768
9.229	 2.58	 1	 -42.1367	  173.5960
9.230	 2.38	 1	 -42.1445	  172.6879
9.260	 2.20	 1	 -42.3273	  179.1197
9.266	 2.81	 2	 -40.7214	  170.0887
9.273	 2.05	 1	 -42.3427	  173.7662
9.275	 2.79	 1	 -44.8019	  170.0600
9.278	 2.34	 1	 -42.7997	  166.9061
9.279	 2.26	 1	 -42.5161	  173.1518
9.286	 2.32	 1	 -42.8479	  166.9080
9.286	 2.05	 1	 -43.7895	  173.1043
9.300	 2.21	 1	 -39.1732	  176.8301
9.300	 2.64	 1	 -39.5554	  177.4050
9.304	 2.26	 1	 -44.9815	  172.7053
9.305	 2.57	 1	 -38.6889	  175.8071
9.308	 2.35	 1	 -39.5074	  168.7038
9.309	 2.84	 1	 -38.4499	  175.0489
9.324	 2.71	 1	 -38.2020	  172.7052
9.326	 2.01	 1	 -41.7914	  167.0284
9.331	 2.20	 1	 -43.7385	  171.6206
9.344	 2.13	 1	 -45.5396	  168.2868
9.371	 2.08	 1	 -41.0038	  172.9155
9.380	 2.43	 1	 -41.6998	  174.2628
9.384	 2.04	 1	 -43.8037	  178.9502
9.387	 2.07	 1	 -42.4963	  166.9102
9.388	 2.69	 1	 -41.0989	  174.7890
9.394	 4.19	 2	 -42.3126	  179.1133
9.403	 3.19	 1	 -42.3541	  166.9217
9.405	 2.85	 3	 -42.3483	  179.0559
9.413	 2.73	 1	 -46.2336	  169.2516
9.420	 2.06	 1	 -46.1583	  176.9201
9.457	 3.58	 1	 -40.8609	  178.6094
9.461	 2.22	 1	 -40.8294	  172.5635
9.463	 2.89	 1	 -44.9007	  172.4341
9.474	 2.13	 1	 -43.0161	  168.8648
9.495	 2.04	 1	 -42.3649	  176.6782
9.497	 2.10	 1	 -42.4585	  175.2980
9.509	 2.13	 1	 -41.7722	  171.6362
9.521	 2.06	 1	 -40.7816	  173.7143
9.528	 3.17	 1	 -42.1862	  173.4858
9.550	 2.20	 1	 -40.9740	  173.4483
9.553	 2.02	 2	 -42.3864	  167.0074
9.553	 2.01	 1	 -42.5421	  172.9789
9.556	 3.55	 1	 -40.7536	  167.5023
9.556	 2.21	 1	 -38.7669	  172.4284
9.559	 2.10	 1	 -41.3236	  173.6772
9.563	 2.30	 1	 -42.9622	  172.4819
9.586	 2.13	 1	 -39.8004	  173.0034
9.586	 2.18	 1	 -42.4162	  172.0822
9.610	 3.04	 1	 -43.0567	  171.9748
9.673	 2.04	 1	 -43.7745	  175.6238
9.690	 2.55	 1	 -38.5865	  170.5283
9.696	 3.04	 1	 -39.3226	  171.4820
9.698	 2.87	 1	 -47.0596	  171.5644
9.710	 2.28	 1	 -43.1372	  172.3479
9.713	 2.06	 1	 -41.1026	  171.5961
9.714	 2.00	 1	 -43.8558	  172.1823
9.721	 2.03	 1	 -43.2565	  171.9636
9.730	 2.09	 1	 -41.8041	  174.2721
9.740	 3.87	 1	 -38.4060	  174.8703
9.740	 2.40	 1	 -41.8815	  174.0770
9.763	 2.21	 1	 -44.3591	  178.7043
9.768	 3.73	 1	 -47.1628	  172.3610
9.783	 2.13	 1	 -43.9591	  167.1521
9.791	 2.51	 1	 -43.6175	  173.2983
9.801	 2.79	 1	 -42.5945	  174.7898
9.824	 2.19	 1	 -41.6167	  174.4180
9.828	 2.51	 1	 -42.2198	  174.4431
9.846	 2.44	 1	 -42.9493	  173.3672
9.861	 2.11	 1	 -39.8340	  177.7446
9.868	 2.23	 1	 -41.9224	  174.1405
9.880	 2.96	 1	 -42.3964	  173.1411
9.888	 2.17	 1	 -42.8901	  172.5988
9.890	 2.07	 1	 -44.4844	  171.6188
9.902	 2.78	 2	 -42.1817	  173.4836
9.906	 2.71	 1	 -42.3360	  173.6411
9.909	 2.14	 1	 -40.6255	  173.1993
9.909	 2.08	 2	 -42.5623	  173.4816
9.918	 2.02	 1	 -47.1662	  172.4044
9.925	 2.06	 1	 -41.1373	  175.4603
9.935	 2.93	 1	 -41.5352	  175.9880
9.938	 3.60	 1	 -41.1428	  172.0380
9.941	 2.05	 1	 -42.0129	  176.2662
9.945	 2.85	 1	 -42.3664	  173.6127
9.955	 2.50	 1	 -41.6084	  173.7392
9.960	 2.36	 1	 -38.8540	  174.7283
9.977	 2.59	 1	 -44.4659	  173.3770
9.983	 2.20	 1	 -44.3340	  173.0448
9.989	 2.31	 2	 -46.5274	  173.3937
10.000	 2.04	 1	 -39.9209	  172.9003
10.009	 2.61	 1	 -38.2431	  172.1379
10.049	 3.82	 1	 -42.2999	  174.6576
10.064	 2.06	 1	 -43.4963	  173.4804
10.073	 2.22	 1	 -38.2170	  172.4304
10.080	 2.66	 1	 -41.1515	  174.1195
10.080	 2.25	 2	 -42.3120	  174.5059
10.094	 2.02	 1	 -42.3682	  172.6290
10.098	 2.37	 1	 -41.2245	  175.9783
10.114	 2.35	 1	 -38.4430	  171.0221
10.124	 2.81	 1	 -42.6835	  173.2831
10.130	 2.13	 2	 -38.4356	  170.9189
10.134	 2.01	 1	 -44.5862	  173.4492
10.148	 2.32	 1	 -41.0931	  172.5002
10.153	 2.49	 1	 -44.0098	  171.2923
10.153	 2.31	 1	 -41.9149	  172.7930
10.175	 2.36	 1	 -44.0436	  173.2027
10.180	 2.38	 1	 -42.8061	  171.6484
10.202	 2.37	 1	 -43.4074	  178.2124
10.210	 2.82	 1	 -42.4093	  174.1048
10.213	 2.19	 1	 -43.7874	  175.1633
10.214	 2.25	 1	 -44.0878	  168.1592
10.238	 2.23	 1	 -45.0028	  178.2708
10.245	 2.06	 1	 -43.7383	  171.2043
10.251	 2.04	 1	 -42.0693	  173.5185
10.254	 2.77	 1	 -41.6199	  169.3103
10.258	 2.16	 1	 -41.8798	  179.0392
10.262	 2.19	 1	 -41.6980	  178.9884
10.264	 3.85	 1	 -41.4387	  172.9786
10.270	 2.87	 1	 -44.7890	  167.6099
10.284	 3.60	 1	 -46.2505	  175.2066
10.322	 2.17	 1	 -39.6194	  170.7271
10.324	 2.24	 1	 -46.8931	  170.8392
10.329	 2.44	 1	 -42.0606	  174.2270
10.339	 2.79	 1	 -46.5168	  169.8040
10.342	 2.15	 1	 -40.4293	  172.9823
10.350	 2.08	 2	 -42.7772	  179.1685
10.382	 2.35	 1	 -47.1847	  172.7510
10.383	 2.01	 1	 -42.8209	  175.7497
10.384	 2.46	 1	 -47.0295	  173.5280
10.386	 2.07	 1	 -41.0542	  172.3180
10.390	 3.52	 1	 -43.2163	  166.9460
10.393	 2.80	 1	 -42.0044	  171.8179
10.394	 2.77	 1	 -39.7379	  172.2786
10.399	 2.66	 1	 -45.7314	  168.5129
10.400	 2.47	 1	 -40.7251	  178.5233
10.415	 2.30	 1	 -41.2757	  176.4735
10.427	 2.73	 1	 -43.7093	  174.0311
10.431	 2.33	 2	 -43.7133	  174.0280
10.432	 2.16	 1	 -44.8487	  168.5975
10.441	 2.36	 1	 -41.9826	  173.9124
10.460	 2.07	 1	 -43.1883	  173.0333
10.483	 2.85	 1	 -41.6446	  170.8034
10.483	 2.13	 1	 -42.1097	  172.3682
10.487	 2.42	 1	 -47.0072	  174.7447
10.506	 2.48	 1	 -42.0476	  172.8446
10.517	 2.24	 1	 -43.3208	  176.0732
10.523	 2.13	 1	 -39.7708	  168.3717
10.525	 2.33	 1	 -43.4180	  179.0598
10.530	 2.03	 1	 -42.6801	  179.1399
10.530	 2.24	 1	 -42.7859	  172.3511
10.533	 2.15	 1	 -45.2283	  175.0546
10.541	 2.39	 2	 -41.4200	  173.0172
10.548	 2.08	 1	 -40.8026	  174.7205
10.552	 2.97	 1	 -46.1763	  176.8901
10.555	 2.04	 2	 -43.2168	  166.9472
10.563	 2.67	 1	 -42.6987	  171.9621
10.567	 2.50	 1	 -40.3996	  172.7142
10.570	 2.24	 1	 -40.1786	  173.1445
10.595	 2.15	 1	 -42.7496	  171.6003
10.603	 2.16	 1	 -46.0478	  177.0951
10.608	 2.16	 1	 -42.5117	  175.3746
10.624	 2.49	 1	 -40.1120	  178.0322
10.638	 2.81	 2	 -40.5386	  174.2335
10.660	 2.61	 1	 -41.7983	  173.6013
10.675	 2.45	 1	 -44.5190	  178.6125
10.698	 2.26	 1	 -40.4774	  176.7606
10.703	 2.05	 1	 -47.1880	  173.1627
10.704	 2.59	 1	 -44.1440	  178.8125
10.706	 2.94	 1	 -45.7922	  177.4541
10.708	 3.07	 1	 -42.0436	  166.9684
10.734	 3.31	 1	 -42.7619	  173.2698
10.752	 2.00	 1	 -42.6727	  171.7241
10.755	 2.21	 1	 -41.9138	  178.4019
10.758	 3.04	 1	 -43.4873	  174.6238
10.760	 2.27	 1	 -43.6270	  167.0379
10.767	 2.48	 1	 -42.0594	  174.3279
10.774	 2.25	 1	 -43.2541	  171.2253
10.774	 2.63	 2	 -41.9134	  178.4020
10.782	 2.44	 1	 -42.5263	  172.3914
10.787	 2.18	 1	 -42.6962	  179.1399
10.798	 2.08	 1	 -41.7023	  174.2620
10.810	 2.34	 1	 -40.5236	  174.1556
10.825	 2.38	 1	 -46.3330	  176.6132
10.835	 2.60	 1	 -41.7510	  174.3450
10.849	 3.66	 2	 -41.7502	  174.3464
10.853	 2.94	 2	 -46.2390	  173.3452
10.856	 2.02	 1	 -46.4243	  169.6091
10.865	 2.02	 1	 -45.3844	  168.1217
10.872	 2.09	 1	 -38.6762	  171.1779
10.890	 2.98	 1	 -42.2336	  170.8241
10.905	 2.28	 1	 -42.9609	  171.4281
10.912	 2.28	 1	 -42.4150	  173.4188
10.937	 2.16	 1	 -41.5455	  167.1067
10.941	 2.46	 1	 -45.1074	  173.8546
10.942	 2.33	 1	 -40.6476	  174.0179
10.947	 2.06	 1	 -47.1008	  174.2291
10.954	 2.05	 1	 -42.7439	  172.7491
10.954	 2.28	 1	 -41.3572	  174.1929
11.000	 2.45	 1	 -46.5417	  176.1848
11.008	 2.60	 1	 -42.3939	  166.9178
11.017	 2.14	 1	 -42.0534	  173.6074
11.031	 2.10	 1	 -38.9405	  169.6505
11.052	 2.13	 1	 -40.7047	  173.3754
11.073	 2.84	 1	 -42.9518	  173.3242
11.074	 3.48	 1	 -42.3376	  166.9234
11.084	 2.16	 1	 -43.4270	  169.9640
11.092	 2.36	 1	 -40.6903	  168.9645
11.104	 2.07	 1	 -43.4598	  179.0502
11.115	 2.87	 1	 -40.6365	  173.4103
11.117	 2.25	 1	 -42.4111	  173.4393
11.119	 2.18	 1	 -42.8842	  172.7449
11.131	 2.53	 1	 -41.2645	  172.8490
11.137	 2.17	 1	 -42.5266	  173.7924
11.146	 2.14	 2	 -45.0079	  178.3221
11.152	 2.38	 1	 -42.7795	  173.4886
11.154	 2.17	 1	 -47.1845	  172.7435
11.156	 2.71	 1	 -41.2188	  172.8318
11.156	 2.08	 2	 -40.8282	  172.7676
11.166	 2.40	 1	 -42.2230	  173.7577
11.167	 2.26	 1	 -41.6211	  174.1026
11.174	 2.05	 1	 -44.9496	  178.3134
11.176	 2.11	 1	 -42.4533	  173.9166
11.182	 2.68	 1	 -42.4164	  173.7574
11.192	 2.15	 1	 -41.8652	  172.1336
11.211	 2.32	 1	 -40.8301	  167.4538
11.219	 2.44	 1	 -41.7822	  173.3247
11.230	 2.71	 1	 -39.4629	  177.2789
11.242	 2.13	 1	 -45.2666	  168.0059
11.250	 2.14	 1	 -43.5147	  179.0368
11.253	 2.12	 1	 -43.8599	  173.5440
11.257	 2.36	 1	 -38.2057	  173.4242
11.260	 2.41	 1	 -47.1723	  172.4930
11.279	 2.37	 1	 -42.1834	  173.8951
11.298	 2.75	 1	 -43.4799	  172.5308
11.317	 2.55	 1	 -42.5888	  172.1512
11.332	 2.07	 1	 -43.6980	  173.8058
11.338	 2.55	 1	 -47.0063	  174.7490
11.354	 3.24	 1	 -41.9801	  173.3140
11.370	 2.11	 1	 -41.2587	  174.3892
11.375	 2.11	 1	 -44.5752	  170.6929
11.380	 2.33	 1	 -46.2918	  169.3550
11.381	 2.45	 1	 -41.1755	  173.9368
11.385	 2.56	 1	 -42.4725	  173.7322
11.394	 2.19	 1	 -38.2155	  172.4527
11.396	 3.13	 1	 -42.8429	  174.0263
11.397	 2.30	 1	 -45.0449	  178.2360
11.409	 2.90	 1	 -39.6644	  177.5447
11.416	 2.55	 1	 -43.5887	  173.7823
11.419	 2.16	 1	 -40.2159	  173.6855
11.447	 2.72	 1	 -40.9020	  171.8544
11.468	 2.23	 1	 -45.3761	  169.1513
11.472	 3.64	 1	 -42.4935	  172.9720
11.480	 2.01	 1	 -41.9794	  177.7038
11.484	 2.35	 1	 -39.2740	  169.0479
11.493	 2.19	 1	 -38.4606	  170.9540
11.503	 2.34	 2	 -42.6339	  172.6586
11.503	 2.41	 1	 -39.4037	  177.1942
11.528	 2.31	 1	 -43.4368	  168.5823
11.533	 3.38	 1	 -43.6049	  172.9985
11.544	 2.15	 1	 -41.8575	  174.4507
11.549	 2.46	 1	 -42.3489	  166.9222
11.612	 2.37	 1	 -42.6142	  176.7891
11.629	 2.74	 1	 -40.9948	  175.8770
11.630	 2.34	 1	 -41.6081	  171.1197
11.634	 2.23	 1	 -39.5675	  168.6233
11.657	 2.04	 1	 -43.1786	  177.0414
11.671	 2.33	 1	 -43.7712	  171.8624
11.674	 2.68	 1	 -39.1518	  176.7932
11.704	 2.47	 1	 -42.5304	  174.4584
11.704	 2.21	 1	 -43.2753	  171.8414
11.712	 2.40	 1	 -41.9808	  171.2039
11.722	 2.38	 1	 -46.0370	  168.9328
11.724	 3.02	 1	 -43.2577	  168.4153
11.729	 2.11	 2	 -47.1107	  172.0127
11.741	 2.23	 2	 -46.0633	  168.9673
11.750	 2.14	 2	 -43.3271	  168.3981
11.760	 2.21	 1	 -42.4709	  173.8211
11.763	 2.01	 1	 -47.1414	  173.9115
11.782	 4.28	 1	 -39.9711	  168.1520
11.783	 2.34	 1	 -42.1657	  174.0164
11.789	 2.52	 2	 -39.9735	  168.1369
11.789	 2.03	 2	 -39.9672	  168.1684
11.808	 2.14	 1	 -39.4404	  177.2470
11.810	 2.21	 1	 -44.4350	  170.6136
11.812	 2.08	 1	 -41.2071	  171.9572
11.820	 2.13	 2	 -39.4557	  177.2504
11.841	 2.63	 1	 -41.6765	  178.1174
11.893	 2.43	 1	 -46.7601	  170.4141
11.894	 2.34	 1	 -41.7138	  174.4093
11.899	 2.08	 1	 -41.8346	  174.4005
11.911	 2.43	 1	 -41.7118	  174.3244
11.925	 2.20	 1	 -38.6574	  175.7219
11.935	 2.16	 1	 -42.8028	  170.0284
11.946	 2.05	 1	 -39.6151	  170.0909
11.949	 2.15	 1	 -44.6817	  167.5355
11.950	 2.55	 1	 -40.8675	  175.6200
11.962	 2.93	 1	 -46.3216	  176.6345
11.962	 2.02	 2	 -46.3231	  176.6386
11.980	 2.27	 1	 -43.6832	  170.7305
12.007	 2.57	 1	 -42.4980	  171.3763
12.010	 2.08	 1	 -42.2437	  173.6895
12.015	 2.86	 1	 -42.9236	  172.4036
12.017	 2.54	 1	 -41.2328	  174.4923
12.027	 2.61	 1	 -45.1961	  178.1040
12.028	 2.33	 1	 -40.1854	  172.0032
12.040	 2.37	 1	 -43.6847	  170.7431
12.043	 2.18	 1	 -42.4832	  168.7480
12.048	 2.17	 1	 -42.1215	  174.0842
12.050	 2.01	 2	 -44.0982	  168.1560
12.052	 3.04	 1	 -42.7288	  174.7419
12.060	 2.17	 1	 -44.9865	  178.2839
12.065	 3.05	 1	 -43.7543	  178.9669
12.095	 2.67	 1	 -43.8485	  177.3355
12.097	 2.01	 1	 -44.0793	  169.9935
12.101	 2.50	 1	 -40.5165	  173.2910
12.104	 2.04	 1	 -41.7278	  172.8817
12.124	 2.35	 1	 -41.6321	  174.2036
12.164	 2.39	 1	 -42.6136	  172.3363
12.169	 2.02	 1	 -43.3756	  172.5359
12.175	 2.09	 1	 -43.1803	  166.9404
12.181	 2.20	 1	 -42.5877	  172.9388
12.189	 2.25	 1	 -42.9624	  171.8946
12.193	 2.34	 1	 -40.6960	  170.3936
12.194	 2.39	 2	 -40.7226	  170.4478
12.202	 2.01	 1	 -42.7911	  171.5202
12.218	 2.01	 1	 -44.4699	  178.6418
12.225	 2.33	 1	 -42.9199	  173.5523
12.232	 3.20	 1	 -42.1115	  173.8147
12.282	 2.21	 1	 -39.6812	  168.4788
12.282	 2.02	 1	 -41.1405	  175.3128
12.286	 2.10	 1	 -42.0687	  176.1530
12.292	 2.08	 1	 -42.1780	  173.2231
12.294	 2.22	 1	 -41.9825	  173.5708
12.294	 2.50	 1	 -41.1130	  176.0593
12.305	 2.10	 1	 -42.6820	  172.9056
12.322	 2.23	 1	 -42.7257	  174.0408
12.336	 2.24	 1	 -41.5041	  174.4726
12.342	 2.62	 1	 -41.7409	  174.1938
12.390	 2.62	 1	 -44.5189	  175.8262
12.393	 2.39	 1	 -41.8403	  174.2357
12.405	 2.13	 2	 -44.4694	  178.6420
12.408	 2.13	 1	 -41.4527	  174.8527
12.412	 2.04	 1	 -41.6037	  173.6422
12.448	 2.24	 1	 -43.4199	  172.4228
12.469	 2.24	 1	 -43.3563	  168.2823
12.474	 2.52	 1	 -43.3980	  172.7049
12.474	 2.06	 1	 -42.0571	  175.0938
12.474	 2.71	 1	 -42.3989	  179.1269
12.474	 2.22	 1	 -41.6738	  173.3241
12.475	 2.01	 1	 -43.6110	  173.9135
12.483	 2.25	 1	 -43.0607	  174.2217
12.485	 2.17	 1	 -38.7416	  176.9731
12.504	 2.64	 1	 -41.9826	  173.5145
12.505	 2.24	 1	 -43.5311	  171.7582
12.515	 2.06	 1	 -45.0215	  173.5965
12.522	 2.03	 1	 -44.5247	  168.3163
12.527	 2.01	 1	 -43.5719	  174.6070
12.557	 2.03	 1	 -42.2228	  173.7182
12.560	 2.89	 1	 -40.5831	  171.2105
12.561	 2.22	 1	 -46.6227	  175.9946
12.574	 2.00	 1	 -42.5140	  173.9747
12.581	 2.77	 1	 -42.5753	  172.7513
12.624	 3.62	 1	 -41.9119	  174.8434
12.626	 2.00	 1	 -43.3096	  179.0821
12.643	 2.50	 1	 -40.5629	  173.1633
12.645	 2.61	 1	 -42.6898	  171.7181
12.651	 2.21	 1	 -46.2071	  169.2060
12.668	 2.08	 1	 -42.8729	  173.7630
12.687	 2.92	 1	 -44.1931	  171.8507
12.690	 2.46	 1	 -43.8323	  167.1041
12.691	 2.04	 2	 -44.1848	  171.8420
12.699	 2.11	 1	 -42.8554	  174.3044
12.721	 2.94	 1	 -41.0541	  174.6870
12.726	 2.20	 1	 -42.3641	  174.0733
12.731	 2.13	 1	 -41.4819	  171.0986
12.737	 2.40	 1	 -38.2114	  172.5155
12.801	 2.62	 1	 -42.2069	  173.5629
12.807	 2.38	 1	 -45.4953	  171.5504
12.812	 2.45	 1	 -46.3993	  173.9991
12.816	 2.61	 1	 -43.2375	  173.2527
12.866	 3.05	 1	 -41.7909	  174.1934
12.891	 2.26	 1	 -41.5525	  172.2495
12.895	 2.38	 1	 -41.8390	  167.0155
12.907	 2.05	 1	 -42.2532	  173.5828
12.915	 4.43	 1	 -39.5872	  175.8553
12.915	 2.41	 2	 -39.6178	  175.9249
12.916	 3.12	 1	 -47.1836	  173.3253
12.925	 2.14	 3	 -39.6218	  175.9155
12.929	 2.45	 2	 -39.5914	  175.8111
12.941	 2.63	 1	 -42.2521	  173.6822
12.948	 2.14	 3	 -44.1896	  171.8380
12.963	 4.05	 1	 -41.8799	  174.2006
12.964	 2.07	 2	 -41.9241	  174.2013
12.965	 2.30	 2	 -42.0034	  174.0199
12.975	 2.57	 1	 -42.3089	  173.9927
12.976	 2.08	 1	 -43.9699	  172.3961
12.978	 2.33	 1	 -43.6356	  171.7752
12.978	 2.36	 1	 -43.8676	  172.6600
12.982	 2.99	 1	 -43.6987	  177.8528
12.992	 2.43	 1	 -41.7663	  174.2056
12.996	 2.13	 2	 -41.9609	  174.2603
13.015	 2.24	 1	 -43.6654	  178.9950
13.016	 3.19	 1	 -40.5057	  171.9436
13.022	 3.03	 1	 -44.9083	  171.0799
13.038	 2.54	 1	 -42.3407	  171.5557
13.054	 2.44	 1	 -40.5044	  172.4362
13.058	 2.21	 1	 -42.1016	  166.9574
13.065	 2.09	 1	 -44.2576	  178.7574
13.066	 2.11	 1	 -44.3843	  174.6368
13.066	 2.62	 1	 -45.3963	  173.7473
13.071	 2.66	 1	 -43.1946	  173.0540
13.075	 2.02	 1	 -41.7266	  173.4782
13.099	 2.86	 1	 -41.3987	  175.7025
13.101	 2.15	 1	 -41.2634	  168.0343
13.110	 2.59	 1	 -40.9875	  174.0663
13.129	 2.03	 2	 -40.5364	  171.9433
13.136	 2.38	 1	 -40.4008	  173.0319
13.139	 2.14	 1	 -38.2612	  171.9833
13.142	 3.31	 1	 -47.1446	  172.1633
13.143	 2.58	 1	 -42.7901	  172.7805
13.158	 2.01	 2	 -41.8862	  174.2001
13.175	 2.23	 1	 -41.0285	  174.5451
13.185	 2.25	 1	 -42.6547	  174.6630
13.186	 2.52	 1	 -42.2589	  174.0069
13.189	 2.07	 1	 -40.4193	  169.6105
13.203	 2.08	 1	 -41.5447	  172.7692
13.231	 2.15	 1	 -43.2199	  174.0372
13.250	 2.49	 1	 -39.5426	  177.3880
13.263	 2.36	 1	 -46.3278	  176.6229
13.273	 2.38	 2	 -43.0542	  174.2330
13.282	 2.03	 1	 -41.7727	  173.7706
13.284	 2.07	 2	 -39.4440	  175.6920
13.303	 2.74	 1	 -41.6698	  174.2888
13.317	 2.09	 1	 -41.8104	  173.8020
13.324	 2.03	 1	 -41.7789	  172.7238
13.334	 3.10	 1	 -42.1278	  173.6281
13.387	 2.01	 1	 -42.2599	  177.8907
13.397	 2.15	 1	 -38.2148	  173.5824
13.422	 3.23	 1	 -41.3455	  172.1350
13.436	 2.21	 1	 -41.9585	  170.7553
13.447	 2.05	 1	 -42.0678	  177.8463
13.454	 2.13	 1	 -40.8662	  173.7949
13.466	 3.01	 1	 -41.6620	  174.3180
13.472	 3.07	 2	 -39.5643	  175.8595
13.476	 2.13	 1	 -42.5197	  174.0314
13.515	 3.27	 1	 -39.2605	  170.3590
13.516	 2.24	 1	 -43.4782	  168.0632
13.532	 2.62	 1	 -42.2517	  173.4846
13.537	 2.29	 1	 -40.9690	  172.4429
13.537	 2.75	 1	 -44.6261	  173.8449
13.543	 2.45	 1	 -43.1030	  172.4527
13.544	 2.57	 1	 -43.1655	  171.7339
13.553	 2.17	 1	 -47.1238	  171.9829
13.554	 2.36	 1	 -42.9422	  177.3179
13.566	 2.07	 1	 -41.0140	  174.4279
13.581	 2.02	 1	 -42.9124	  172.7993
13.584	 2.40	 1	 -42.5308	  172.7579
13.585	 2.09	 1	 -40.9460	  172.5883
13.588	 2.35	 2	 -41.6174	  174.1860
13.590	 2.21	 2	 -39.5799	  175.7666
13.600	 2.53	 1	 -42.6151	  172.5079
13.636	 2.59	 1	 -41.9466	  172.6519
13.672	 2.20	 1	 -40.6408	  174.0473
13.675	 2.44	 1	 -42.1189	  173.8687
13.683	 2.02	 1	 -42.4897	  173.1757
13.710	 2.25	 1	 -42.6980	  172.9306
13.735	 2.82	 1	 -46.7413	  175.6836
13.737	 2.10	 1	 -42.4322	  174.4719
13.737	 2.19	 1	 -43.7196	  173.6688
13.738	 2.06	 1	 -46.0036	  168.8829
13.740	 2.09	 2	 -44.7886	  167.6141
13.755	 2.09	 1	 -38.3772	  174.7418
13.783	 2.24	 1	 -41.4082	  175.4632
13.784	 2.30	 1	 -38.2013	  172.7233
13.794	 3.26	 1	 -42.2491	  173.5370
13.797	 2.91	 2	 -42.2363	  173.5237
13.832	 2.78	 1	 -40.7329	  167.5159
13.842	 2.89	 1	 -42.5134	  173.4733
13.849	 3.08	 1	 -38.4746	  170.9020
13.853	 2.24	 1	 -42.1484	  175.7098
13.854	 2.18	 1	 -43.4854	  171.8835
13.883	 2.23	 1	 -42.8730	  172.0456
13.888	 2.18	 1	 -44.0947	  172.6077
13.888	 2.00	 1	 -43.7050	  174.2573
13.889	 2.21	 1	 -43.4838	  174.3759
13.894	 2.13	 1	 -42.9690	  172.8300
13.898	 2.07	 3	 -41.8881	  174.3870
13.916	 2.06	 1	 -44.6103	  172.6088
13.920	 2.21	 1	 -40.3803	  168.1716
13.954	 2.11	 1	 -41.6553	  171.4120
13.960	 2.14	 1	 -41.5599	  169.7575
13.965	 3.00	 1	 -38.4928	  170.8359
13.993	 2.12	 1	 -44.4138	  178.6740
