# Simulation 12
# RelativeTime(days) Magnitude Generation Latitude Longitude
Time Mag Gen Lat Lon
7.009	 2.88	 1	 -38.6985	  170.2116
7.016	 2.18	 1	 -40.1774	  177.1207
7.018	 3.01	 1	 -45.3657	  177.4511
7.020	 2.42	 1	 -39.4268	  177.2276
7.025	 4.05	 1	 -41.0560	  168.7661
7.030	 3.55	 1	 -41.6555	  169.3854
7.031	 2.37	 1	 -42.1012	  173.6675
7.031	 2.23	 1	 -41.7366	  174.1646
7.044	 2.11	 1	 -45.9079	  168.7455
7.046	 2.11	 1	 -42.2602	  174.0063
7.054	 2.18	 1	 -42.2252	  173.8713
7.054	 2.34	 1	 -41.8270	  174.1584
7.056	 2.39	 1	 -38.3168	  171.6130
7.061	 2.19	 1	 -43.1108	  175.0424
7.078	 2.48	 1	 -41.5864	  178.9520
7.081	 2.36	 1	 -46.4538	  169.6695
7.082	 2.32	 1	 -40.3593	  173.1936
7.097	 2.41	 1	 -41.9896	  172.0650
7.108	 3.68	 1	 -39.1934	  169.1799
7.114	 2.02	 1	 -39.7320	  168.4174
7.116	 2.09	 1	 -42.5043	  174.8014
7.140	 2.20	 1	 -42.8868	  166.9100
7.145	 2.04	 1	 -45.1110	  167.8646
7.146	 2.77	 1	 -40.5937	  167.6116
7.154	 2.12	 1	 -41.2050	  178.1690
7.169	 2.81	 1	 -42.8009	  173.8974
7.169	 2.50	 1	 -38.7186	  174.9553
7.175	 2.25	 1	 -42.3033	  173.3734
7.176	 3.28	 1	 -42.0864	  177.3405
7.195	 3.58	 1	 -44.6879	  171.8975
7.195	 2.01	 1	 -38.9745	  169.5813
7.195	 2.83	 1	 -43.0764	  174.9118
7.200	 2.81	 1	 -44.0699	  173.2277
7.218	 3.91	 1	 -39.8822	  174.3587
7.219	 2.14	 1	 -47.0862	  174.3235
7.228	 2.36	 1	 -42.2538	  179.1107
7.230	 2.21	 1	 -44.1284	  178.8197
7.233	 3.17	 1	 -39.3886	  168.8723
7.233	 2.19	 1	 -42.0175	  171.3982
7.235	 3.01	 1	 -41.0148	  171.1778
7.238	 2.16	 1	 -46.7744	  175.5883
7.245	 3.01	 1	 -41.4158	  172.4079
7.249	 2.19	 1	 -45.0465	  176.4968
7.250	 2.16	 1	 -41.0359	  178.7096
7.251	 2.30	 1	 -43.6647	  170.6336
7.257	 2.04	 1	 -45.4471	  172.6450
7.261	 2.72	 1	 -46.9377	  171.0049
7.281	 2.21	 1	 -40.7284	  167.5189
7.284	 2.43	 1	 -39.8692	  168.2606
7.286	 2.42	 1	 -42.8712	  172.8520
7.291	 2.22	 1	 -45.9007	  171.3584
7.295	 2.09	 1	 -42.0665	  173.7829
7.299	 2.28	 1	 -39.8006	  177.7068
7.304	 2.30	 1	 -38.4175	  171.1254
7.304	 2.42	 1	 -42.7633	  178.1706
7.318	 2.13	 1	 -46.9374	  175.0406
7.329	 2.24	 1	 -38.2700	  171.9162
7.347	 2.59	 1	 -43.5366	  173.1858
7.354	 2.26	 1	 -41.7850	  174.0552
7.356	 2.59	 1	 -39.6910	  168.4668
7.357	 2.82	 1	 -47.0856	  171.7167
7.359	 2.92	 1	 -46.2616	  169.3009
7.365	 2.08	 1	 -47.0403	  174.1792
7.378	 2.97	 1	 -42.3888	  173.1407
7.388	 3.19	 1	 -41.0567	  173.3370
7.390	 2.04	 1	 -39.0030	  169.5251
7.398	 2.07	 1	 -38.1960	  172.9906
7.402	 2.10	 1	 -43.3335	  166.9668
7.410	 2.38	 1	 -42.8240	  166.9070
7.412	 2.15	 1	 -38.7629	  170.0484
7.413	 2.07	 1	 -43.2691	  173.9092
7.416	 2.27	 1	 -46.4284	  169.6174
7.423	 2.80	 1	 -43.7477	  175.5436
7.423	 2.28	 1	 -46.3553	  171.8186
7.442	 2.57	 1	 -45.5442	  171.3389
7.445	 2.19	 1	 -45.9708	  177.2095
7.455	 2.20	 1	 -46.8915	  175.2111
7.459	 2.01	 1	 -41.3735	  175.6832
7.473	 2.33	 1	 -38.8794	  169.7798
7.477	 2.44	 1	 -41.6897	  174.2787
7.478	 2.47	 1	 -45.6651	  168.4318
7.485	 2.27	 1	 -39.1603	  169.2364
7.486	 2.68	 1	 -43.3640	  172.5319
7.496	 2.08	 1	 -42.5872	  166.9060
7.504	 2.04	 1	 -45.2151	  175.5600
7.509	 2.24	 1	 -42.8644	  173.4632
7.521	 2.29	 1	 -39.2440	  176.9482
7.528	 2.30	 1	 -42.7994	  166.9061
7.547	 2.23	 1	 -41.6176	  178.9626
7.557	 2.37	 1	 -45.3606	  177.9466
7.558	 2.42	 1	 -41.8033	  176.2464
7.558	 2.01	 1	 -44.2534	  174.3155
7.558	 2.92	 1	 -40.7763	  171.7249
7.566	 3.05	 1	 -42.6272	  171.3325
7.580	 3.52	 1	 -38.9724	  169.5855
7.585	 2.04	 1	 -47.0291	  174.6398
7.588	 2.04	 1	 -42.3704	  173.9263
7.593	 2.00	 1	 -41.1501	  168.2063
7.595	 2.12	 1	 -43.7410	  174.2522
7.603	 3.02	 1	 -38.6140	  171.3920
7.604	 2.09	 1	 -42.4733	  170.6909
7.634	 2.62	 1	 -46.8507	  170.6937
7.637	 2.27	 1	 -44.7619	  167.5907
7.650	 2.39	 1	 -46.3987	  176.4865
7.653	 2.21	 1	 -43.5314	  176.3739
7.655	 2.81	 1	 -45.7729	  168.5653
7.655	 2.32	 1	 -38.8608	  176.2236
7.661	 2.14	 1	 -38.3253	  171.5650
7.675	 2.17	 1	 -39.5793	  177.4364
7.676	 2.02	 1	 -39.3358	  177.0928
7.689	 2.34	 1	 -40.7067	  172.6601
7.697	 2.03	 1	 -39.6338	  170.5948
7.702	 2.61	 1	 -44.8193	  173.5649
7.707	 2.47	 1	 -39.3384	  177.0968
7.708	 2.31	 1	 -46.4150	  176.4539
7.711	 2.52	 1	 -39.7522	  171.5508
7.715	 3.92	 1	 -40.4765	  171.9681
7.728	 2.20	 1	 -41.0660	  170.8745
7.738	 2.65	 1	 -42.8205	  172.7229
7.746	 2.08	 1	 -39.0585	  169.4191
7.780	 2.72	 1	 -42.0151	  172.7339
7.806	 2.05	 1	 -43.3916	  175.2144
7.828	 2.07	 1	 -42.7040	  172.7965
7.829	 2.29	 1	 -46.8179	  170.5880
7.838	 3.41	 1	 -43.0676	  179.1186
7.840	 2.44	 1	 -42.2725	  177.2537
7.841	 2.07	 1	 -44.3244	  177.2186
7.844	 2.15	 1	 -44.0796	  173.7456
7.849	 2.29	 1	 -46.4463	  176.3904
7.853	 2.94	 1	 -40.0078	  172.4439
7.870	 2.11	 1	 -43.2680	  172.4842
7.886	 2.72	 1	 -41.9083	  173.6883
7.890	 2.06	 1	 -43.3920	  179.0655
7.903	 2.81	 1	 -40.9072	  167.4072
7.908	 2.01	 1	 -45.0728	  168.0820
7.909	 2.30	 1	 -42.6186	  173.9965
7.911	 2.93	 1	 -45.3954	  177.9113
7.913	 2.95	 1	 -38.6272	  170.4077
7.936	 2.34	 1	 -41.1719	  172.9937
7.952	 2.27	 1	 -47.1835	  173.3293
7.955	 2.77	 1	 -39.7581	  168.3866
7.956	 2.33	 1	 -45.6992	  168.4731
7.965	 2.36	 1	 -47.1888	  173.0976
7.966	 2.64	 1	 -42.5863	  170.7542
7.980	 2.17	 1	 -42.8934	  179.1338
7.983	 2.71	 1	 -43.2850	  171.7476
8.002	 2.04	 1	 -38.2386	  173.8625
8.004	 2.09	 1	 -42.2960	  174.5133
8.007	 2.63	 1	 -38.2184	  172.4108
8.011	 3.27	 1	 -38.9512	  176.4158
8.012	 4.07	 1	 -44.1212	  177.5927
8.017	 2.53	 1	 -47.1479	  172.1954
8.023	 2.38	 1	 -41.8480	  173.4506
8.024	 2.49	 1	 -38.3106	  171.6493
8.031	 2.01	 1	 -41.7073	  175.8596
8.034	 2.21	 1	 -38.3559	  171.4049
8.050	 2.70	 1	 -43.6679	  176.3981
8.050	 2.33	 1	 -41.4235	  167.1530
8.052	 2.27	 1	 -41.5884	  167.5521
8.058	 2.67	 1	 -45.9424	  177.2503
8.066	 3.85	 1	 -39.8026	  177.7092
8.069	 2.34	 1	 -44.5151	  174.8631
8.071	 2.17	 1	 -46.9444	  171.0314
8.073	 2.53	 1	 -42.2332	  175.5480
8.076	 2.28	 1	 -40.5597	  172.9514
8.084	 2.32	 1	 -41.5464	  173.7205
8.109	 2.36	 1	 -47.0326	  171.4219
8.114	 2.39	 1	 -43.5996	  179.0142
8.121	 2.63	 1	 -45.2702	  178.0349
8.130	 2.03	 1	 -42.0521	  171.5330
8.131	 2.08	 1	 -46.7815	  174.7097
8.132	 2.83	 1	 -44.1962	  178.7878
8.137	 2.25	 1	 -38.8774	  173.5041
8.140	 2.22	 1	 -42.3682	  173.2653
8.140	 2.05	 1	 -41.7360	  174.1290
8.143	 2.16	 1	 -41.7853	  174.0620
8.160	 2.30	 1	 -39.0181	  176.2724
8.160	 2.35	 1	 -38.5212	  170.7375
8.168	 2.29	 1	 -43.7742	  167.0840
8.170	 2.64	 1	 -42.5843	  172.9552
8.172	 2.78	 1	 -46.0486	  177.0938
8.176	 2.78	 1	 -43.4759	  169.4008
8.181	 3.25	 1	 -45.6666	  177.6107
8.191	 2.03	 1	 -41.7992	  174.4172
8.203	 3.80	 1	 -41.9870	  171.3901
8.204	 2.42	 1	 -39.9776	  176.8207
8.205	 2.37	 1	 -41.7897	  174.2843
8.218	 2.13	 1	 -41.4015	  167.5072
8.225	 2.15	 1	 -46.9562	  171.0786
8.229	 2.52	 1	 -44.6486	  178.5307
8.246	 2.81	 1	 -43.3545	  166.9710
8.248	 2.02	 1	 -38.7002	  170.2072
8.257	 2.19	 1	 -47.1832	  173.3369
8.266	 3.43	 1	 -45.0592	  178.2240
8.271	 2.17	 1	 -42.8431	  169.0530
8.272	 2.08	 1	 -44.1578	  171.2544
8.272	 2.22	 1	 -43.4733	  166.9973
8.276	 2.44	 1	 -43.2908	  170.7410
8.276	 2.22	 1	 -38.3900	  171.2762
8.281	 2.38	 1	 -44.6023	  171.7427
8.281	 2.32	 1	 -41.6154	  174.2636
8.288	 2.54	 1	 -39.7057	  168.4489
8.294	 2.48	 1	 -38.7395	  170.1062
8.325	 2.47	 1	 -41.4121	  172.3956
8.325	 2.03	 1	 -46.8583	  175.3253
8.328	 2.38	 1	 -42.1236	  173.6409
8.330	 2.13	 1	 -38.4006	  174.8469
8.338	 2.26	 1	 -43.3898	  179.0659
8.352	 2.01	 1	 -41.5826	  174.3654
8.355	 2.27	 1	 -42.9129	  173.8911
8.357	 2.57	 1	 -43.5159	  167.0078
8.365	 2.27	 1	 -43.0225	  179.1235
8.366	 3.10	 1	 -43.0661	  179.1188
8.384	 2.15	 1	 -40.0550	  177.9769
8.393	 3.06	 1	 -46.9700	  171.1358
8.395	 2.30	 1	 -46.1543	  172.5129
8.396	 2.70	 1	 -43.1167	  171.4706
8.398	 2.20	 1	 -42.1042	  168.0673
8.401	 2.13	 1	 -38.2580	  174.0350
8.406	 2.43	 1	 -41.1199	  171.7433
8.407	 2.04	 1	 -46.6891	  170.2183
8.417	 2.02	 1	 -46.1437	  169.1004
8.417	 2.47	 1	 -40.8382	  173.3965
8.423	 2.10	 1	 -42.3695	  173.7191
8.431	 2.09	 1	 -44.8591	  167.6613
8.435	 2.64	 1	 -40.9808	  172.6941
8.437	 2.34	 1	 -44.8038	  178.4237
8.443	 2.08	 1	 -45.0609	  173.6525
8.447	 3.20	 1	 -44.3127	  178.7290
8.456	 2.04	 1	 -39.8585	  168.2724
8.459	 2.02	 1	 -40.7097	  178.5130
8.466	 2.57	 1	 -42.4595	  173.8748
8.470	 3.77	 1	 -38.7685	  176.0096
8.478	 2.04	 1	 -38.2481	  173.9513
8.483	 2.54	 1	 -43.5400	  167.0140
8.487	 5.04	 1	 -42.5338	  173.0741
8.488	 2.44	 1	 -38.2448	  173.9219
8.502	 2.53	 1	 -38.1966	  172.9145
8.506	 2.03	 1	 -42.0739	  169.6046
8.518	 2.81	 1	 -38.3222	  174.4619
8.522	 2.11	 1	 -42.2617	  173.6309
8.524	 2.29	 1	 -42.2704	  169.5776
8.525	 2.02	 1	 -41.0879	  170.3935
8.529	 3.76	 1	 -43.3440	  173.0591
8.535	 2.08	 1	 -42.2744	  173.1989
8.544	 2.69	 1	 -43.6606	  167.0478
8.545	 2.10	 1	 -41.7912	  174.1542
8.547	 2.73	 1	 -46.2623	  176.7423
8.548	 2.68	 1	 -46.2650	  176.7375
8.550	 2.51	 1	 -42.1588	  172.6571
8.553	 2.16	 1	 -40.0644	  171.7890
8.559	 2.77	 1	 -45.7270	  168.5074
8.565	 2.67	 1	 -43.2573	  169.5700
8.572	 2.00	 1	 -41.6945	  167.0569
8.577	 2.32	 1	 -47.1722	  172.4912
8.577	 2.20	 1	 -47.1889	  173.0801
8.583	 2.46	 1	 -41.9561	  167.7550
8.584	 2.44	 1	 -45.9943	  177.1753
8.600	 2.24	 1	 -46.9515	  171.0598
8.602	 2.68	 1	 -42.2570	  174.0916
8.604	 2.27	 1	 -41.8029	  172.2310
8.614	 2.68	 1	 -38.2176	  173.6223
8.620	 2.62	 1	 -39.3833	  174.5759
8.629	 2.21	 1	 -42.3323	  166.9240
8.631	 2.75	 1	 -41.8345	  174.2940
8.640	 2.02	 1	 -39.0506	  169.4339
8.643	 2.43	 1	 -41.4923	  169.8056
8.643	 2.20	 1	 -39.4212	  172.1402
8.659	 2.61	 1	 -40.8530	  172.8660
8.675	 2.18	 1	 -42.3852	  166.9186
8.684	 2.10	 1	 -42.9178	  173.6960
8.685	 2.51	 1	 -38.2745	  174.1606
8.685	 2.73	 1	 -42.4681	  166.9120
8.701	 3.43	 1	 -42.8674	  168.7319
8.705	 2.31	 1	 -43.2411	  179.0942
8.715	 2.14	 1	 -42.4550	  173.5425
8.719	 2.38	 1	 -42.1845	  173.4944
8.725	 2.03	 1	 -44.4028	  174.2652
8.727	 2.27	 1	 -41.3131	  167.1993
8.769	 3.03	 1	 -47.1665	  172.4091
8.785	 2.37	 1	 -47.0108	  171.3165
8.787	 2.08	 1	 -42.2695	  173.6685
8.789	 3.10	 1	 -45.3247	  177.9823
8.796	 2.25	 1	 -42.2914	  173.6000
8.798	 2.19	 1	 -41.3340	  178.8540
8.801	 2.82	 1	 -43.2575	  169.5898
8.803	 2.22	 1	 -40.1070	  177.1747
8.804	 2.13	 1	 -44.6680	  169.4186
8.815	 2.03	 1	 -41.5881	  167.0917
8.818	 3.53	 1	 -45.9356	  177.2599
8.821	 2.23	 1	 -46.3450	  176.5905
8.822	 2.16	 1	 -41.4841	  172.9457
8.827	 2.29	 1	 -43.4320	  172.6483
8.829	 3.41	 1	 -46.8911	  175.2123
8.836	 2.43	 1	 -43.5195	  179.0356
8.839	 2.78	 1	 -46.6588	  170.1397
8.843	 2.11	 1	 -38.6297	  170.4006
8.868	 2.56	 1	 -42.5052	  166.9097
8.871	 4.92	 1	 -46.4810	  175.2017
8.877	 2.78	 1	 -44.1444	  178.8123
8.884	 3.75	 1	 -40.8443	  172.3395
8.886	 2.18	 1	 -45.5996	  177.6895
8.892	 2.27	 1	 -45.5303	  177.6314
8.893	 2.04	 1	 -41.6894	  167.0585
8.905	 2.13	 1	 -41.8379	  170.7697
8.907	 2.01	 1	 -47.1729	  172.5030
8.915	 2.49	 1	 -39.4348	  172.5274
8.921	 3.70	 1	 -45.1843	  170.3121
8.922	 4.30	 1	 -44.4040	  167.3648
8.929	 3.04	 1	 -39.3068	  177.0481
8.933	 2.27	 1	 -45.8208	  168.6275
8.946	 2.65	 1	 -41.8331	  174.0780
8.951	 2.29	 1	 -41.6988	  174.2697
8.955	 2.14	 1	 -43.6119	  174.0039
8.961	 2.40	 1	 -41.5919	  173.6245
8.963	 3.50	 1	 -40.9396	  167.3884
8.972	 3.27	 1	 -41.3139	  170.4069
8.974	 2.18	 1	 -39.9324	  177.8518
8.975	 2.25	 1	 -39.5946	  170.5810
8.979	 4.05	 1	 -41.2588	  167.2236
8.993	 2.24	 1	 -43.3697	  170.0656
8.996	 2.82	 1	 -46.8285	  175.4227
9.004	 2.11	 1	 -43.5788	  167.0244
9.007	 2.78	 1	 -40.6336	  174.4387
9.010	 2.55	 1	 -42.7321	  174.3742
9.017	 2.02	 1	 -40.5959	  171.3297
9.019	 2.46	 1	 -38.1964	  172.9315
9.035	 2.20	 1	 -41.6315	  167.0771
9.037	 2.01	 1	 -46.5020	  176.2726
9.038	 2.21	 1	 -45.0577	  172.2424
9.042	 2.06	 1	 -46.5738	  176.1113
9.057	 2.08	 1	 -39.8021	  177.7086
9.068	 2.34	 1	 -46.2285	  169.2427
9.072	 2.84	 1	 -47.0230	  174.6696
9.073	 2.12	 1	 -39.5041	  168.7083
9.075	 2.11	 1	 -38.5095	  174.8938
9.081	 2.55	 1	 -40.6394	  174.3045
9.096	 2.64	 1	 -38.3820	  174.7638
9.104	 2.48	 1	 -45.9368	  173.9804
9.106	 2.16	 1	 -42.9160	  178.7720
9.109	 2.28	 1	 -47.0705	  171.6264
9.117	 2.34	 1	 -41.8639	  179.0352
9.121	 2.25	 1	 -42.8123	  172.6616
9.134	 2.51	 1	 -40.6334	  167.5835
9.134	 2.90	 1	 -41.5468	  167.1063
9.135	 2.21	 1	 -42.2027	  172.0915
9.140	 3.25	 1	 -46.7383	  170.3522
9.146	 3.72	 1	 -38.1979	  173.2030
9.152	 2.81	 1	 -45.0316	  178.2471
9.169	 2.94	 1	 -45.0771	  178.2088
9.178	 2.29	 1	 -44.1182	  174.2752
9.183	 2.88	 1	 -43.2613	  179.0908
9.189	 2.10	 1	 -45.4425	  172.3148
9.194	 2.36	 1	 -41.7938	  174.1830
9.194	 2.27	 1	 -47.1451	  173.8762
9.200	 2.14	 1	 -44.2974	  178.7370
9.201	 2.17	 1	 -47.1858	  173.2595
9.215	 2.41	 1	 -38.4198	  171.1158
9.232	 2.13	 1	 -46.9451	  171.0342
9.236	 2.15	 1	 -42.1111	  173.4695
9.239	 2.20	 1	 -47.1590	  172.3150
9.248	 2.48	 1	 -43.6790	  172.9507
9.259	 3.00	 1	 -46.0111	  175.8526
9.261	 2.11	 1	 -45.5618	  168.3117
9.266	 2.87	 1	 -43.7599	  173.0135
9.276	 3.02	 1	 -42.3955	  171.8838
9.277	 2.84	 1	 -42.0312	  168.2427
9.279	 2.01	 1	 -42.5881	  171.9831
9.289	 2.62	 1	 -42.7241	  172.7872
9.289	 2.33	 1	 -41.6092	  173.6958
9.298	 2.28	 1	 -41.7468	  174.2334
9.302	 2.00	 1	 -44.2833	  170.8117
9.308	 2.06	 1	 -42.8409	  166.9077
9.308	 2.95	 1	 -39.8142	  168.3219
9.315	 2.36	 1	 -44.1780	  167.2478
9.315	 3.48	 1	 -47.0714	  174.4133
9.325	 2.35	 1	 -47.1475	  173.8533
9.335	 2.04	 1	 -46.7183	  175.3447
9.336	 2.16	 1	 -41.8504	  174.0840
9.354	 3.01	 1	 -41.1580	  178.7727
9.355	 2.26	 1	 -38.2246	  173.7124
9.387	 2.54	 1	 -41.1513	  169.8601
9.399	 3.56	 1	 -41.3271	  174.1757
9.408	 2.00	 1	 -41.6731	  172.3554
9.417	 2.17	 1	 -41.2131	  172.7751
9.421	 2.48	 1	 -42.2362	  173.5751
9.424	 2.70	 1	 -40.0883	  178.0095
9.425	 3.05	 1	 -38.2009	  173.3105
9.427	 3.20	 1	 -43.4879	  167.0008
9.439	 2.37	 1	 -43.1582	  169.6611
9.439	 2.27	 1	 -39.0638	  176.6350
9.447	 2.73	 1	 -44.1085	  175.7639
9.449	 2.19	 1	 -38.2582	  174.0370
9.459	 3.07	 1	 -41.5572	  174.2509
9.461	 2.00	 1	 -44.5635	  178.5852
9.480	 2.04	 1	 -42.5212	  172.4389
9.492	 2.05	 1	 -43.3686	  172.7248
9.525	 2.05	 1	 -44.8741	  176.7114
9.535	 2.16	 1	 -44.4972	  178.6256
9.536	 2.07	 1	 -44.4512	  174.7668
9.540	 2.46	 1	 -42.2301	  178.4011
9.556	 2.38	 1	 -42.2848	  179.1147
9.558	 2.11	 1	 -45.7992	  168.5992
9.574	 2.20	 1	 -41.8264	  174.1527
9.585	 2.73	 1	 -44.8315	  168.6871
9.592	 2.10	 1	 -39.9482	  168.1758
9.594	 2.25	 1	 -43.4867	  176.0153
9.601	 2.42	 1	 -42.6741	  173.7699
9.633	 2.17	 1	 -41.8103	  173.7763
9.645	 2.30	 1	 -44.8153	  171.7120
9.647	 2.07	 1	 -40.7519	  167.5034
9.648	 2.20	 1	 -41.0302	  175.1009
9.650	 2.34	 1	 -42.1353	  173.6340
9.655	 2.21	 1	 -41.7446	  167.0418
9.658	 2.31	 1	 -38.7742	  170.0210
9.658	 4.22	 1	 -44.0576	  178.0835
9.664	 2.14	 1	 -38.3646	  171.3621
9.667	 2.10	 1	 -42.2300	  173.6561
9.678	 2.78	 1	 -46.8002	  175.5110
9.697	 2.24	 1	 -45.7299	  168.5109
9.703	 3.24	 1	 -42.0238	  172.6447
9.703	 2.07	 1	 -40.3677	  169.6122
9.712	 2.12	 1	 -47.0149	  171.3356
9.713	 2.13	 1	 -44.7072	  173.9585
9.718	 2.00	 1	 -42.0065	  173.7016
9.726	 3.67	 1	 -45.7900	  168.5873
9.741	 2.04	 1	 -42.3479	  177.7842
9.763	 2.22	 1	 -46.7880	  170.4963
9.768	 2.89	 1	 -43.4412	  172.0196
9.778	 2.26	 1	 -41.2461	  176.8622
9.780	 2.07	 1	 -40.3785	  170.3867
9.795	 2.17	 1	 -45.5306	  177.7674
9.812	 3.14	 1	 -42.7358	  177.5066
9.822	 2.93	 1	 -42.3421	  173.0255
9.837	 2.04	 1	 -41.8311	  170.9449
9.844	 2.19	 1	 -46.4914	  169.7489
9.854	 2.25	 1	 -45.7601	  168.5490
9.859	 2.22	 1	 -43.2807	  172.8471
9.861	 2.40	 1	 -40.0344	  177.9565
9.864	 2.63	 1	 -45.9523	  174.2031
9.869	 2.46	 1	 -39.4286	  168.8141
9.878	 2.24	 1	 -42.3807	  173.9056
9.881	 2.11	 1	 -42.6518	  171.2766
9.884	 2.60	 1	 -39.2445	  176.9491
9.886	 2.32	 1	 -39.6788	  173.4063
9.887	 2.30	 1	 -45.4838	  177.8186
9.894	 2.82	 1	 -45.2238	  169.8508
9.894	 2.52	 1	 -45.9499	  177.2397
9.895	 3.72	 1	 -42.3790	  173.9603
9.904	 2.54	 1	 -43.1342	  166.9339
9.908	 2.57	 1	 -44.5515	  174.8617
9.913	 2.47	 1	 -42.1205	  174.1152
9.916	 2.47	 1	 -44.7754	  168.7587
9.919	 2.45	 1	 -43.6360	  173.7186
9.926	 2.48	 1	 -45.7579	  170.2194
9.943	 2.52	 1	 -44.8900	  173.3030
9.949	 3.02	 1	 -43.8593	  174.2233
9.958	 2.48	 1	 -43.0105	  173.9667
9.961	 2.12	 1	 -47.1849	  172.7578
9.965	 2.24	 1	 -38.9225	  173.2929
9.966	 4.07	 1	 -44.7123	  173.6422
9.971	 2.39	 1	 -42.4756	  173.7670
9.975	 2.58	 1	 -40.3644	  167.7882
9.975	 2.05	 1	 -38.2056	  172.6221
9.976	 2.21	 1	 -43.3071	  172.2688
9.995	 2.78	 1	 -38.2274	  173.7443
10.003	 2.32	 1	 -43.8247	  172.3858
10.006	 2.17	 1	 -43.4417	  172.0868
10.008	 2.19	 1	 -42.3652	  173.9579
10.019	 2.40	 1	 -40.0658	  174.1825
10.020	 3.18	 1	 -38.2444	  172.1266
10.024	 2.18	 1	 -40.0692	  173.0816
10.032	 2.53	 1	 -40.1433	  178.0618
10.037	 2.13	 1	 -42.6276	  174.4143
10.041	 2.27	 1	 -44.5120	  170.9583
10.055	 2.99	 1	 -41.1521	  170.5869
10.057	 2.62	 1	 -45.8568	  168.6754
10.061	 2.07	 1	 -38.6142	  175.5988
10.064	 3.74	 1	 -43.0507	  175.2348
10.066	 2.12	 1	 -38.5869	  175.5172
10.083	 2.06	 1	 -39.7684	  172.1697
10.093	 2.32	 1	 -42.3649	  172.8545
10.095	 2.05	 1	 -41.9048	  168.6436
10.097	 2.05	 1	 -41.4599	  168.6237
10.120	 2.41	 1	 -43.0478	  166.9235
10.130	 2.69	 1	 -42.3901	  166.9182
10.140	 2.09	 1	 -38.7147	  170.1694
10.148	 2.40	 1	 -42.0000	  174.2494
10.151	 2.14	 1	 -46.6651	  175.5520
10.160	 2.04	 1	 -42.8830	  173.1642
10.162	 2.49	 1	 -38.2621	  171.9762
10.177	 2.73	 1	 -44.8230	  178.0606
10.178	 2.28	 1	 -42.9234	  174.0691
10.195	 2.01	 1	 -42.8242	  174.9699
10.197	 2.29	 1	 -47.1822	  172.6814
10.209	 2.90	 1	 -42.9598	  166.9151
10.213	 2.04	 1	 -41.1157	  167.2928
10.219	 2.51	 1	 -45.5066	  177.7939
10.223	 2.10	 1	 -38.3670	  174.6935
10.225	 2.22	 1	 -45.7891	  171.3999
10.233	 2.32	 1	 -42.2841	  173.7621
10.251	 2.02	 1	 -41.7177	  174.3372
10.271	 2.62	 1	 -38.4147	  171.1371
10.274	 2.47	 1	 -40.6452	  174.7606
10.275	 2.19	 1	 -42.2559	  166.9332
10.288	 2.79	 1	 -43.0691	  173.3494
10.290	 2.28	 1	 -46.8815	  175.2463
10.292	 2.06	 1	 -39.6156	  169.6616
10.297	 3.46	 1	 -43.1505	  178.4871
10.303	 3.31	 1	 -43.6965	  178.9855
10.309	 2.28	 1	 -39.0324	  174.9999
10.309	 3.24	 1	 -43.7728	  173.0636
10.317	 2.04	 1	 -38.2362	  173.8387
10.330	 2.23	 1	 -45.3102	  168.0479
10.333	 2.21	 1	 -47.1765	  172.5632
10.334	 2.24	 1	 -42.5243	  172.5386
10.338	 2.29	 1	 -45.9791	  176.3486
10.340	 2.52	 1	 -38.8378	  169.8720
10.342	 3.00	 1	 -45.8119	  168.6158
10.346	 2.32	 1	 -41.5521	  173.3037
10.370	 3.14	 1	 -40.5904	  172.4528
10.375	 2.15	 1	 -38.7250	  175.9013
10.385	 2.02	 1	 -44.2490	  167.2825
10.386	 2.29	 1	 -47.1477	  172.1939
10.390	 2.30	 1	 -39.7282	  173.8961
10.405	 2.01	 1	 -47.1600	  173.7175
10.405	 2.57	 1	 -44.3734	  178.6964
10.410	 3.60	 1	 -42.2350	  173.7932
10.417	 2.31	 1	 -43.8872	  170.7266
10.423	 2.38	 1	 -38.2937	  171.7532
10.432	 2.93	 1	 -42.5399	  175.0825
10.433	 2.24	 1	 -38.9664	  176.4467
10.439	 2.39	 1	 -41.7704	  174.2367
10.444	 2.94	 1	 -40.3608	  167.7911
10.445	 2.36	 1	 -41.4465	  175.8369
10.451	 3.21	 1	 -42.6746	  175.5172
10.470	 2.51	 1	 -42.5730	  175.8936
10.530	 3.90	 1	 -40.0142	  176.3151
10.556	 2.54	 1	 -41.9214	  173.7742
10.578	 2.12	 1	 -41.8233	  167.0197
10.614	 2.47	 1	 -38.2846	  174.2308
10.615	 2.10	 1	 -43.8431	  167.1080
10.617	 2.41	 1	 -38.3597	  171.3863
10.630	 2.25	 1	 -42.4893	  173.6212
10.650	 2.13	 1	 -38.3076	  174.3772
10.652	 2.18	 1	 -40.4383	  177.5397
10.679	 2.03	 1	 -41.1651	  176.3829
10.688	 2.30	 1	 -42.2731	  173.6323
10.703	 3.45	 1	 -41.4913	  174.0671
10.709	 2.36	 1	 -46.3524	  176.5765
10.716	 2.08	 1	 -38.3962	  174.8275
10.717	 2.13	 1	 -45.9776	  177.1997
10.734	 2.73	 1	 -39.8697	  172.0473
10.737	 2.97	 1	 -41.9129	  175.5269
10.738	 2.15	 1	 -46.9642	  171.1116
10.742	 2.10	 1	 -41.5630	  173.9652
10.744	 2.12	 1	 -43.0351	  179.1222
10.754	 3.72	 1	 -40.6536	  178.4749
10.759	 2.03	 1	 -38.9698	  169.5909
10.760	 2.75	 1	 -39.8540	  168.2774
10.763	 2.69	 1	 -39.9754	  168.1475
10.794	 2.42	 1	 -40.5641	  177.5678
10.824	 2.49	 1	 -41.3457	  170.0974
10.831	 2.10	 1	 -45.3504	  168.3458
10.847	 2.07	 1	 -40.1784	  178.0943
10.870	 2.88	 1	 -45.6135	  169.9777
10.875	 3.75	 1	 -38.5678	  175.4581
10.900	 2.18	 1	 -44.5459	  171.4091
10.904	 2.41	 1	 -41.3873	  167.1678
10.907	 2.53	 1	 -40.7776	  168.6561
10.912	 2.55	 1	 -41.7092	  172.7139
10.916	 2.54	 1	 -41.9207	  179.0491
10.918	 2.58	 1	 -42.1615	  173.6627
10.924	 2.55	 1	 -47.1752	  172.5404
10.929	 2.39	 1	 -40.4506	  176.8151
10.939	 2.05	 1	 -41.9491	  168.5996
10.940	 2.01	 1	 -38.2003	  173.2926
10.945	 2.65	 1	 -42.2950	  171.7246
10.958	 4.71	 1	 -41.4157	  172.8813
10.962	 2.84	 1	 -43.6435	  178.1685
10.967	 2.74	 1	 -38.9274	  169.6775
10.968	 2.11	 1	 -38.3010	  174.3369
10.980	 2.15	 1	 -42.4431	  175.9758
11.019	 2.27	 1	 -43.1099	  179.1135
11.021	 3.20	 1	 -38.2061	  173.4340
11.023	 2.44	 1	 -43.9903	  167.1647
11.025	 2.03	 1	 -40.5233	  172.5121
11.033	 2.83	 1	 -42.5168	  173.3838
11.035	 2.41	 1	 -41.2109	  178.7983
11.049	 2.51	 1	 -40.3855	  178.2733
11.068	 2.18	 1	 -43.9269	  167.1394
11.074	 2.18	 1	 -41.7950	  174.2656
11.080	 2.23	 1	 -40.5063	  178.3682
11.088	 2.47	 1	 -40.7151	  167.5277
11.108	 2.80	 1	 -40.7373	  178.5313
11.116	 2.03	 1	 -45.9205	  177.2813
11.117	 2.00	 1	 -39.7597	  177.5470
11.120	 2.56	 1	 -40.8044	  173.6335
11.134	 2.11	 1	 -42.1731	  169.7168
11.151	 2.88	 1	 -44.4253	  167.3768
11.158	 2.24	 1	 -43.6952	  176.3958
11.208	 2.28	 1	 -42.2278	  173.6336
11.208	 2.16	 1	 -39.5584	  177.4091
11.212	 2.06	 1	 -42.6386	  171.8450
11.215	 4.23	 1	 -40.2409	  167.8936
11.239	 2.77	 1	 -47.1881	  173.1548
11.244	 2.39	 1	 -43.6951	  169.3567
11.258	 3.64	 1	 -43.7739	  167.0839
11.279	 2.26	 1	 -46.2675	  172.9022
11.292	 2.05	 1	 -39.7103	  177.6008
11.294	 2.61	 1	 -38.2964	  171.7360
11.300	 2.03	 1	 -40.0265	  177.9486
11.306	 2.68	 1	 -42.5568	  179.0284
11.306	 2.06	 1	 -46.1766	  169.1546
11.311	 2.77	 1	 -41.8007	  174.4301
11.314	 3.15	 1	 -46.0028	  175.3694
11.321	 3.27	 1	 -44.3602	  172.9987
11.328	 2.75	 1	 -44.2404	  173.9695
11.334	 2.14	 1	 -40.2304	  167.9029
11.335	 2.22	 1	 -45.1644	  171.5425
11.353	 2.47	 1	 -41.8551	  174.2399
11.357	 2.31	 1	 -40.0599	  177.9818
11.362	 2.45	 1	 -42.4922	  169.5044
11.368	 2.20	 1	 -39.8152	  168.3209
11.383	 2.27	 1	 -38.1961	  172.9642
11.387	 2.03	 1	 -42.6890	  179.1399
11.410	 2.60	 1	 -42.9638	  174.5722
11.414	 2.12	 1	 -47.1860	  172.7922
11.437	 2.30	 1	 -43.3126	  179.0815
11.447	 3.28	 1	 -44.3733	  173.4728
11.448	 2.23	 1	 -44.9590	  167.7383
11.455	 2.44	 1	 -41.7556	  170.1187
11.456	 2.43	 1	 -44.0666	  168.5261
11.464	 2.34	 1	 -45.6965	  168.4698
11.471	 2.26	 1	 -38.8234	  176.1393
11.488	 2.38	 1	 -38.4671	  175.1145
11.494	 2.21	 1	 -44.0398	  173.3933
11.503	 2.63	 1	 -46.4472	  176.3885
11.521	 2.43	 1	 -43.6148	  169.9967
11.524	 2.93	 1	 -42.5207	  173.1310
11.536	 2.65	 1	 -41.1051	  173.9848
11.563	 2.48	 1	 -41.6113	  174.5312
11.565	 2.78	 1	 -42.3927	  173.5613
11.577	 3.58	 1	 -38.2458	  172.1138
11.600	 2.28	 1	 -41.8257	  174.1909
11.615	 2.69	 1	 -42.3409	  174.1618
11.628	 2.54	 1	 -38.2915	  171.7678
11.637	 3.18	 1	 -42.6703	  175.5670
11.645	 2.09	 1	 -40.3234	  167.8223
11.663	 2.27	 1	 -42.3469	  173.4166
11.674	 2.40	 1	 -46.7834	  170.4825
11.683	 2.01	 1	 -45.3846	  177.9224
11.696	 2.74	 1	 -38.2510	  172.0678
11.703	 2.58	 1	 -43.3056	  179.0828
11.704	 2.24	 1	 -41.1433	  167.2789
11.709	 2.21	 1	 -40.2303	  178.1412
11.716	 2.01	 1	 -39.7328	  174.9484
11.717	 2.03	 1	 -44.8449	  174.5014
11.722	 2.90	 1	 -39.0922	  169.3569
11.731	 2.96	 1	 -46.0928	  174.4714
11.738	 2.55	 1	 -41.7480	  171.6807
11.749	 2.22	 1	 -40.7298	  174.4637
11.756	 2.04	 1	 -39.3259	  168.9666
11.758	 2.11	 1	 -43.3952	  166.9795
11.773	 2.49	 1	 -40.9545	  178.6645
11.816	 2.37	 1	 -45.6037	  168.3596
11.819	 2.81	 1	 -45.4581	  168.1982
11.819	 2.77	 1	 -39.1028	  169.3377
11.827	 2.08	 1	 -38.6433	  175.6824
11.840	 2.07	 1	 -45.9413	  174.9966
11.853	 2.77	 1	 -42.8255	  179.1373
11.861	 2.39	 1	 -41.6310	  173.7818
11.862	 2.13	 1	 -38.4084	  174.8805
11.886	 2.47	 1	 -44.0789	  173.5515
11.894	 2.54	 1	 -44.2317	  169.1306
11.896	 2.30	 1	 -42.3788	  174.4541
11.908	 2.61	 1	 -42.2413	  173.7704
11.910	 2.36	 1	 -44.5223	  173.4730
11.925	 2.03	 1	 -42.3760	  173.1171
11.929	 2.62	 1	 -42.2212	  172.3784
11.963	 2.90	 1	 -38.2640	  174.0828
11.996	 2.19	 1	 -42.7607	  175.4427
12.024	 3.73	 1	 -41.7438	  174.1189
12.025	 2.39	 1	 -38.3123	  174.4051
12.029	 3.31	 1	 -40.6305	  167.5856
12.033	 2.15	 1	 -40.3712	  169.0186
12.034	 2.73	 1	 -45.0188	  167.7867
12.035	 2.07	 1	 -43.0210	  166.9207
12.053	 2.01	 1	 -38.3389	  171.4918
12.067	 2.16	 1	 -42.2760	  173.5751
12.070	 2.05	 1	 -39.0840	  169.3720
12.083	 2.24	 1	 -47.1828	  172.6987
12.086	 2.08	 1	 -42.2604	  173.6486
12.099	 2.20	 1	 -42.2586	  172.4638
12.103	 2.72	 1	 -45.3904	  174.8996
12.105	 2.51	 1	 -47.1889	  173.0832
12.113	 3.21	 1	 -42.8306	  176.7547
12.118	 2.33	 1	 -44.1470	  172.8381
12.122	 2.35	 1	 -39.7427	  177.6396
12.137	 2.06	 1	 -39.5041	  168.7083
12.165	 2.45	 1	 -42.6920	  179.1400
12.170	 2.52	 1	 -39.1864	  171.8760
12.171	 2.11	 1	 -42.9473	  177.4879
12.179	 2.52	 1	 -41.9799	  172.7462
12.189	 2.56	 1	 -47.1713	  173.5669
12.204	 2.70	 1	 -47.1874	  173.1909
12.211	 2.46	 1	 -41.6097	  173.8585
12.235	 2.18	 1	 -45.7506	  177.5073
12.237	 2.26	 1	 -38.9956	  176.5048
12.253	 2.04	 1	 -44.0030	  167.1699
12.256	 2.51	 1	 -40.4143	  171.9050
12.296	 2.12	 1	 -42.4916	  173.7056
12.300	 2.07	 1	 -38.1972	  173.1667
12.301	 2.45	 1	 -41.6315	  174.2096
12.304	 2.02	 1	 -38.4781	  175.1552
12.314	 2.41	 1	 -38.2419	  172.1496
12.318	 2.25	 1	 -43.5763	  174.8078
12.338	 2.46	 1	 -40.0208	  177.9429
12.339	 3.28	 1	 -41.7044	  167.4630
12.347	 2.42	 1	 -45.3956	  177.9112
12.357	 2.03	 1	 -38.4358	  174.9934
12.374	 2.21	 1	 -45.1540	  178.1419
12.383	 2.82	 1	 -42.8421	  167.8408
12.391	 2.93	 1	 -40.6770	  175.8887
12.396	 2.21	 1	 -43.9770	  174.1914
12.408	 2.24	 1	 -43.9029	  178.9141
12.420	 2.14	 1	 -40.6722	  167.5566
12.428	 2.14	 1	 -44.7225	  177.0426
12.431	 2.12	 1	 -38.2582	  174.0368
12.432	 2.59	 1	 -42.6384	  174.6489
12.439	 3.41	 1	 -42.5856	  174.5184
12.441	 2.08	 1	 -41.4516	  170.3869
12.474	 2.22	 1	 -41.3723	  178.8703
12.478	 2.57	 1	 -43.5332	  175.8031
12.493	 2.14	 1	 -44.7029	  178.4945
12.496	 2.11	 1	 -38.7763	  176.0285
12.503	 2.49	 1	 -46.4187	  176.4467
12.522	 2.01	 1	 -41.8193	  174.2779
12.552	 2.26	 1	 -42.2207	  173.9282
12.572	 2.14	 1	 -42.2838	  173.2637
12.578	 2.28	 1	 -43.1503	  176.4234
12.579	 2.34	 1	 -42.7492	  173.7533
12.582	 2.16	 1	 -42.4025	  173.5603
12.585	 2.03	 1	 -38.4430	  171.0222
12.587	 2.02	 1	 -41.6838	  171.2836
12.636	 2.10	 1	 -42.9440	  170.8644
12.642	 2.08	 1	 -41.6997	  174.1099
12.647	 2.02	 1	 -41.7838	  173.8205
12.650	 2.94	 1	 -44.3291	  167.3239
12.659	 2.12	 1	 -41.7944	  172.4417
12.661	 2.48	 1	 -41.2648	  173.4069
12.662	 2.68	 1	 -44.1364	  178.8160
12.674	 2.54	 1	 -39.8718	  177.7866
12.683	 2.10	 1	 -40.2473	  169.7293
12.688	 2.15	 1	 -39.3404	  177.0997
12.689	 2.03	 1	 -45.6675	  169.3701
12.693	 2.83	 1	 -46.7868	  170.4927
12.707	 2.21	 1	 -43.9232	  174.9578
12.740	 2.29	 1	 -44.1441	  174.3372
12.740	 3.21	 1	 -41.7607	  174.0385
12.748	 2.19	 1	 -42.9321	  178.5750
12.765	 2.47	 1	 -44.7047	  169.8208
12.789	 2.21	 1	 -44.5823	  178.5734
12.801	 2.62	 1	 -41.5467	  171.1786
12.811	 2.30	 1	 -39.0095	  172.9725
12.814	 2.38	 1	 -46.4524	  173.6488
12.838	 2.75	 1	 -42.6388	  172.9149
12.846	 2.05	 1	 -43.0936	  166.9287
12.846	 3.18	 1	 -45.0507	  167.8131
12.867	 3.41	 1	 -42.2270	  172.5056
12.878	 2.32	 1	 -43.6759	  168.8978
12.896	 3.01	 1	 -42.4860	  170.4141
12.901	 2.82	 1	 -43.1195	  166.9320
12.903	 2.67	 1	 -38.9974	  169.5361
12.906	 2.39	 1	 -39.5551	  168.6397
12.925	 2.48	 1	 -41.8000	  174.1888
12.937	 3.35	 1	 -46.6228	  175.9943
12.961	 2.10	 1	 -41.0815	  167.3105
12.974	 3.31	 1	 -47.0674	  174.4359
12.980	 2.02	 1	 -42.0843	  171.4055
12.981	 2.20	 1	 -43.6643	  168.0194
12.985	 2.37	 1	 -42.1585	  173.5093
12.992	 3.82	 1	 -47.1197	  174.0932
12.992	 2.15	 1	 -43.9841	  167.1621
13.000	 2.30	 1	 -46.3364	  176.6068
13.015	 2.18	 1	 -43.6679	  167.0500
13.032	 2.04	 1	 -44.1124	  178.8270
13.038	 2.47	 1	 -40.2923	  172.6415
13.046	 2.39	 1	 -44.0300	  174.0209
13.049	 2.07	 1	 -42.2906	  172.9548
13.053	 2.21	 1	 -42.3369	  173.4652
13.054	 2.10	 1	 -40.9365	  171.3491
13.061	 2.07	 1	 -44.9962	  170.4112
13.063	 2.18	 1	 -41.0596	  176.0992
13.070	 2.00	 1	 -44.2809	  174.2341
13.081	 2.57	 1	 -40.6462	  174.5863
13.103	 2.08	 1	 -39.8488	  177.7612
13.115	 2.30	 1	 -42.0440	  173.6283
13.158	 2.53	 1	 -42.1969	  166.9416
13.160	 2.43	 1	 -42.0732	  173.5594
13.162	 2.36	 1	 -46.2621	  169.3017
13.164	 2.79	 1	 -47.0639	  171.5883
13.173	 3.04	 1	 -45.4498	  171.1189
13.178	 2.27	 1	 -41.7885	  179.0150
13.189	 2.09	 1	 -39.7131	  173.8905
13.205	 2.35	 1	 -42.6254	  179.1393
13.210	 2.76	 1	 -41.7406	  170.0455
13.222	 2.05	 1	 -39.7035	  170.5548
13.223	 2.33	 1	 -42.4031	  173.7639
13.225	 2.30	 1	 -43.0336	  166.9220
13.239	 2.98	 1	 -42.8919	  173.0527
13.243	 2.47	 1	 -43.7306	  174.7432
13.246	 2.17	 1	 -45.6377	  174.3078
13.265	 2.46	 1	 -44.4026	  174.9576
13.272	 2.26	 1	 -41.7167	  177.9201
13.274	 2.03	 1	 -42.1254	  173.6853
13.277	 2.12	 1	 -45.1252	  173.2985
13.291	 2.36	 1	 -42.8379	  172.1331
13.292	 2.35	 1	 -44.2324	  172.8404
13.297	 2.52	 1	 -44.5611	  178.5867
13.307	 2.67	 1	 -42.4893	  173.2838
13.337	 2.54	 1	 -42.0941	  171.6945
13.339	 2.11	 1	 -44.8333	  173.6170
13.381	 2.13	 1	 -38.3427	  174.5723
13.382	 2.04	 1	 -46.0985	  170.1568
13.384	 2.25	 1	 -46.2230	  170.0931
13.390	 2.22	 1	 -43.5021	  178.9263
13.398	 2.13	 1	 -46.9577	  174.9596
13.416	 2.03	 1	 -45.5321	  177.7658
13.416	 2.28	 1	 -47.1872	  173.2009
13.467	 2.20	 1	 -43.1819	  172.8377
13.479	 2.50	 1	 -45.0935	  175.5916
13.484	 2.91	 1	 -46.6922	  175.8177
13.492	 2.09	 1	 -40.1149	  170.6597
13.508	 2.15	 1	 -39.3660	  176.7193
13.545	 2.26	 1	 -41.8764	  172.5062
13.562	 2.63	 1	 -40.9840	  173.5725
13.579	 2.62	 1	 -39.3859	  169.8031
13.599	 2.05	 1	 -39.4060	  177.1974
13.606	 2.38	 1	 -42.7809	  174.7696
13.607	 2.37	 1	 -44.1417	  178.8136
13.623	 2.38	 1	 -42.1782	  173.9060
13.627	 2.19	 1	 -47.1750	  172.5366
13.635	 3.13	 1	 -38.9961	  169.5386
13.641	 2.01	 1	 -44.1043	  178.8306
13.645	 2.20	 1	 -38.8036	  169.9509
13.661	 3.30	 1	 -47.0646	  171.5922
13.662	 3.03	 1	 -42.4380	  166.9142
13.667	 4.25	 1	 -38.7171	  174.6698
13.667	 2.25	 1	 -47.1523	  172.2410
13.672	 2.93	 1	 -40.7567	  170.6665
13.672	 2.58	 1	 -43.3324	  173.2464
13.682	 2.00	 1	 -44.4211	  178.6698
13.706	 2.46	 1	 -46.4847	  171.4057
13.712	 2.79	 1	 -42.8022	  179.1381
13.737	 2.09	 1	 -47.1712	  172.4754
13.740	 3.77	 1	 -38.4412	  171.0294
13.754	 2.26	 1	 -46.1333	  176.9608
13.766	 2.22	 1	 -39.5971	  168.5846
13.771	 2.33	 1	 -38.7029	  175.8440
13.781	 2.20	 1	 -42.3204	  173.7497
13.791	 2.59	 1	 -44.3953	  173.1617
13.799	 2.12	 1	 -45.7179	  169.1157
13.803	 2.11	 1	 -45.7196	  177.5461
13.805	 3.12	 1	 -42.1288	  175.0355
13.812	 2.09	 1	 -42.2320	  173.7928
13.817	 2.70	 1	 -42.9484	  173.6017
13.826	 2.29	 1	 -42.2465	  173.5862
13.841	 2.48	 1	 -42.1100	  172.9010
13.849	 2.25	 1	 -44.3114	  175.2839
13.851	 2.24	 1	 -42.4383	  173.4825
13.878	 2.65	 1	 -39.3503	  170.0291
13.901	 2.37	 1	 -43.4933	  178.9982
13.906	 2.17	 1	 -43.4865	  174.3046
13.916	 2.00	 1	 -43.2315	  172.5916
13.919	 2.48	 1	 -47.1585	  173.7347
13.929	 2.87	 1	 -39.0016	  169.5278
13.956	 2.20	 1	 -44.1334	  172.2525
13.968	 2.08	 1	 -41.4006	  176.5468
13.981	 2.16	 1	 -44.5449	  173.3895
13.995	 2.42	 1	 -43.9708	  167.1567
13.995	 2.14	 1	 -43.5643	  173.5055
