# Simulation 809
# RelativeTime(days) Magnitude Generation Latitude Longitude
Time Mag Gen Lat Lon
7.000	 2.06	 1	 -40.0060	  171.8545
7.010	 2.07	 1	 -44.4585	  167.3959
7.010	 2.64	 2	 -44.4680	  167.4022
7.014	 2.06	 1	 -43.1988	  166.9432
7.021	 2.07	 1	 -43.1297	  172.3015
7.029	 2.53	 1	 -38.1963	  172.9390
7.032	 2.10	 1	 -44.6169	  173.4559
7.037	 2.72	 1	 -44.5188	  174.7158
7.038	 2.33	 1	 -44.4279	  169.3965
7.041	 2.69	 1	 -41.8147	  174.1173
7.042	 2.04	 1	 -43.1497	  174.2461
7.042	 2.65	 1	 -41.8107	  174.3076
7.051	 3.15	 1	 -43.1170	  173.8493
7.054	 2.20	 1	 -47.0589	  174.4839
7.058	 2.09	 1	 -44.1313	  172.9572
7.067	 3.00	 1	 -43.3550	  175.3739
7.068	 2.12	 1	 -42.2175	  173.6850
7.073	 2.23	 1	 -42.2428	  173.7282
7.079	 2.08	 1	 -47.1869	  172.8296
7.086	 2.52	 1	 -38.8738	  169.7920
7.086	 2.00	 1	 -41.2454	  174.1670
7.088	 2.04	 1	 -38.8230	  176.1384
7.094	 2.37	 1	 -41.4810	  174.7987
7.104	 2.15	 1	 -46.8937	  175.2032
7.113	 2.20	 1	 -47.1080	  174.1789
7.121	 2.48	 1	 -42.5563	  173.3614
7.123	 2.61	 1	 -43.6744	  169.2597
7.131	 2.05	 1	 -42.2483	  173.8972
7.140	 2.16	 1	 -42.4501	  173.6520
7.144	 2.22	 1	 -43.6186	  174.1199
7.152	 2.00	 1	 -41.7518	  179.0046
7.175	 3.12	 1	 -45.2561	  171.1219
7.176	 2.08	 1	 -45.9327	  168.7802
7.182	 2.55	 1	 -44.2393	  178.2334
7.182	 2.57	 1	 -46.4836	  169.7321
7.185	 2.96	 1	 -40.2663	  167.8713
7.198	 2.07	 1	 -39.5739	  168.6148
7.214	 2.07	 1	 -46.0994	  177.0149
7.220	 2.22	 1	 -41.5483	  171.0423
7.241	 3.14	 1	 -38.4975	  175.2250
7.241	 2.93	 1	 -38.2294	  173.7676
7.246	 2.03	 1	 -42.3579	  171.0015
7.258	 2.10	 1	 -40.6310	  173.8700
7.265	 2.09	 1	 -42.1088	  173.7202
7.273	 3.62	 1	 -41.0409	  168.1591
7.273	 2.66	 1	 -46.3241	  175.9914
7.274	 2.47	 1	 -41.2693	  167.2189
7.274	 2.03	 1	 -42.3711	  174.1473
7.277	 2.92	 1	 -42.4597	  173.8144
7.279	 2.28	 1	 -47.1377	  173.9449
7.280	 2.22	 1	 -43.1764	  172.4334
7.280	 2.69	 1	 -39.4745	  177.2952
7.281	 2.03	 1	 -41.4192	  173.7648
7.281	 2.27	 1	 -38.5655	  175.4509
7.281	 3.47	 1	 -43.5288	  173.5362
7.289	 2.02	 1	 -40.8556	  173.8852
7.291	 2.43	 1	 -46.4790	  169.7223
7.292	 2.48	 1	 -41.2344	  175.6137
7.293	 2.09	 1	 -38.9735	  172.6715
7.297	 2.71	 1	 -43.3862	  166.9776
7.298	 2.90	 1	 -40.8181	  172.0886
7.299	 2.07	 1	 -42.9313	  177.4672
7.301	 3.13	 1	 -42.2310	  175.3192
7.318	 2.35	 1	 -38.9825	  169.5655
7.331	 2.19	 1	 -42.1655	  173.4897
7.335	 2.14	 1	 -42.4078	  173.9466
7.340	 2.42	 1	 -42.3075	  175.0391
7.351	 2.21	 1	 -41.7910	  167.0285
7.351	 4.25	 1	 -42.0508	  171.8793
7.354	 2.49	 1	 -39.0279	  176.5674
7.355	 2.29	 1	 -44.2743	  175.6714
7.356	 2.69	 2	 -41.8250	  172.2777
7.358	 2.25	 1	 -39.4710	  177.2903
7.360	 2.27	 1	 -41.0458	  178.7149
7.370	 2.18	 2	 -43.5329	  173.5181
7.370	 2.07	 1	 -41.8576	  173.9574
7.373	 2.03	 1	 -38.5496	  170.6438
7.374	 2.10	 1	 -45.6637	  168.4378
7.379	 3.06	 1	 -45.3647	  168.1017
7.381	 3.11	 1	 -41.5556	  167.1031
7.384	 2.28	 1	 -47.1699	  172.4571
7.390	 2.12	 1	 -42.2771	  173.9222
7.400	 2.50	 1	 -41.2413	  170.8069
7.404	 2.13	 1	 -43.1299	  171.0225
7.405	 2.51	 1	 -46.7256	  175.7276
7.409	 2.07	 1	 -43.9777	  167.1595
7.429	 2.44	 1	 -38.7065	  170.1907
7.445	 2.83	 1	 -43.7351	  172.2758
7.448	 2.69	 1	 -43.3257	  171.6196
7.449	 2.56	 1	 -42.1707	  168.1447
7.455	 2.24	 1	 -47.1356	  173.9632
7.462	 2.21	 1	 -45.8076	  177.4341
7.471	 2.16	 1	 -41.6291	  175.0304
7.478	 2.22	 1	 -46.9731	  174.8955
7.485	 2.86	 1	 -47.0996	  171.8073
7.488	 2.21	 1	 -40.7125	  167.5294
7.491	 2.48	 1	 -41.2005	  171.5555
7.506	 2.27	 1	 -46.5509	  169.8804
7.510	 2.12	 1	 -40.3677	  167.7854
7.512	 2.02	 1	 -38.4276	  171.0838
7.513	 2.28	 1	 -45.4808	  172.7104
7.517	 3.70	 1	 -40.3824	  173.1683
7.518	 2.21	 1	 -43.0004	  179.1256
7.530	 4.24	 1	 -42.8640	  171.1905
7.531	 3.05	 2	 -42.9142	  171.1436
7.533	 2.03	 1	 -42.9773	  179.1277
7.541	 2.23	 1	 -38.4578	  170.9647
7.543	 2.15	 1	 -38.7373	  170.1118
7.568	 2.21	 1	 -43.3595	  174.2003
7.568	 2.12	 1	 -42.0220	  170.9537
7.569	 2.41	 1	 -46.8733	  170.7696
7.583	 2.17	 1	 -38.5778	  175.4893
7.591	 2.21	 1	 -42.2639	  177.6021
7.594	 2.10	 1	 -40.8313	  176.6359
7.595	 2.55	 1	 -42.5281	  173.8521
7.601	 2.40	 1	 -42.2617	  174.0147
7.604	 2.14	 1	 -41.1185	  172.9743
7.604	 2.71	 1	 -44.2338	  178.7694
7.605	 2.02	 1	 -42.3917	  173.3434
7.611	 2.38	 1	 -38.5854	  170.5315
7.612	 3.12	 1	 -41.0066	  176.8849
7.613	 2.39	 1	 -44.7862	  167.6079
7.622	 2.10	 1	 -45.1212	  173.8830
7.629	 2.16	 1	 -40.2505	  174.0906
7.629	 2.65	 1	 -39.7181	  168.4341
7.630	 2.70	 1	 -39.3840	  168.8791
7.639	 2.15	 1	 -43.4737	  173.5293
7.644	 2.09	 1	 -44.8644	  174.8166
7.647	 2.20	 1	 -45.2831	  178.0227
7.650	 2.21	 1	 -42.3668	  174.6753
7.662	 2.09	 1	 -39.1338	  173.7191
7.665	 2.05	 1	 -42.0577	  173.6779
7.673	 2.44	 1	 -47.1891	  173.0375
7.675	 2.74	 1	 -38.2347	  172.2203
7.703	 2.68	 1	 -38.2208	  173.6652
7.703	 2.65	 1	 -38.9352	  172.0312
7.711	 2.70	 1	 -41.6476	  171.4401
7.721	 2.13	 1	 -43.2314	  172.7441
7.741	 2.08	 1	 -42.3002	  174.5470
7.747	 2.16	 1	 -41.7343	  172.0197
7.754	 2.37	 1	 -46.4225	  173.2316
7.758	 2.07	 1	 -41.6536	  168.9804
7.760	 2.12	 1	 -43.6717	  175.1533
7.774	 2.05	 1	 -47.1889	  172.9568
7.787	 2.14	 1	 -39.7728	  177.6748
7.794	 2.87	 1	 -41.4627	  173.8315
7.798	 2.16	 1	 -41.5009	  167.6885
7.799	 2.89	 1	 -43.3101	  173.5777
7.806	 2.26	 1	 -42.6263	  170.5808
7.806	 2.87	 1	 -38.4619	  175.0949
7.808	 2.11	 1	 -41.8813	  174.0352
7.811	 3.44	 1	 -41.8083	  174.1637
7.811	 2.19	 1	 -41.9975	  174.6563
7.826	 2.31	 1	 -40.4681	  173.7153
7.838	 2.06	 1	 -47.1051	  171.8449
7.839	 2.54	 1	 -42.4139	  173.9211
7.843	 2.52	 1	 -42.8816	  173.4316
7.848	 3.16	 1	 -43.6174	  169.9484
7.860	 2.74	 1	 -40.8925	  174.1165
7.863	 2.83	 1	 -44.6501	  178.5298
7.872	 2.08	 1	 -45.5112	  177.7888
7.873	 2.21	 1	 -43.5552	  179.0263
7.876	 2.18	 1	 -45.4956	  175.2947
7.892	 3.73	 1	 -38.7039	  170.1974
7.898	 2.12	 1	 -45.1668	  173.4604
7.898	 2.73	 1	 -43.0816	  174.4148
7.900	 2.52	 1	 -44.6725	  168.1017
7.902	 2.52	 1	 -39.9298	  168.1953
7.913	 2.08	 1	 -44.2914	  173.6278
7.924	 2.04	 1	 -39.5978	  177.4605
7.937	 2.11	 1	 -42.5622	  170.6990
7.944	 2.13	 1	 -42.5994	  173.0496
7.945	 2.05	 2	 -40.4674	  173.7133
7.951	 2.11	 1	 -38.2429	  173.9037
7.955	 2.27	 1	 -39.0906	  176.6844
7.960	 2.01	 1	 -39.2296	  173.2227
7.969	 2.03	 1	 -42.7240	  176.0566
7.985	 2.13	 1	 -38.6711	  175.7593
7.986	 2.39	 1	 -46.9487	  174.9960
7.987	 2.98	 1	 -45.3120	  172.1319
7.994	 2.47	 1	 -43.5872	  174.0888
8.000	 2.90	 1	 -44.3765	  178.6947
8.017	 3.24	 1	 -41.2655	  173.7085
8.020	 2.94	 1	 -45.4897	  177.8122
8.021	 2.01	 1	 -40.7274	  174.4624
8.028	 2.14	 1	 -42.2115	  173.5706
8.032	 2.15	 1	 -40.9692	  169.2616
8.036	 3.99	 1	 -47.0498	  171.5111
8.038	 2.07	 1	 -42.6435	  166.9047
8.039	 2.00	 1	 -46.3589	  169.4803
8.047	 2.18	 1	 -45.6835	  177.5903
8.048	 2.02	 1	 -43.3974	  175.8641
8.055	 2.40	 1	 -44.6538	  178.5274
8.064	 2.09	 1	 -39.9117	  171.5251
8.079	 2.17	 1	 -44.2401	  169.1785
8.084	 2.53	 1	 -38.6667	  170.2969
8.088	 2.84	 1	 -42.0911	  179.0850
8.094	 2.84	 1	 -42.3010	  171.1304
8.094	 2.09	 1	 -40.8483	  173.6862
8.101	 2.33	 2	 -38.7486	  170.1079
8.103	 2.10	 1	 -44.2525	  170.2063
8.106	 2.42	 1	 -45.8972	  177.3137
8.113	 2.58	 1	 -38.6461	  170.3540
8.115	 2.37	 1	 -40.7897	  172.0680
8.119	 2.12	 1	 -43.8244	  175.0410
8.133	 2.39	 1	 -38.7497	  170.0808
8.136	 2.27	 1	 -43.0328	  174.8919
8.139	 2.65	 1	 -43.4706	  169.6345
8.140	 2.74	 1	 -44.5375	  167.4430
8.151	 2.37	 1	 -45.4083	  175.3276
8.157	 3.23	 1	 -42.9512	  175.4632
8.167	 2.31	 1	 -43.9352	  167.8300
8.171	 2.14	 1	 -42.1497	  175.7880
8.172	 2.07	 1	 -42.6855	  172.9605
8.182	 2.40	 1	 -42.2953	  171.4821
8.185	 2.63	 1	 -42.5205	  179.1355
8.187	 2.05	 1	 -42.8127	  172.4890
8.192	 2.67	 1	 -43.1281	  173.1717
8.195	 2.17	 2	 -42.8124	  172.4893
8.202	 2.05	 1	 -43.6420	  179.0020
8.203	 2.40	 1	 -42.7540	  179.1394
8.215	 2.29	 1	 -39.6917	  168.4660
8.219	 2.10	 1	 -41.8014	  173.1995
8.225	 3.08	 1	 -41.0735	  170.8079
8.236	 2.19	 1	 -39.8778	  170.3280
8.248	 2.07	 1	 -46.8290	  170.6231
8.248	 2.02	 1	 -41.8897	  174.0249
8.254	 2.24	 1	 -43.4076	  166.9822
8.255	 2.89	 1	 -42.8989	  169.5413
8.267	 5.55	 1	 -40.9794	  178.6785
8.268	 2.13	 2	 -40.9749	  178.6847
8.268	 2.19	 2	 -41.0317	  178.6430
8.269	 2.27	 2	 -40.4185	  179.0368
8.270	 2.17	 2	 -40.9774	  178.7122
8.270	 2.28	 2	 -40.9446	  178.6980
8.271	 2.21	 1	 -45.1145	  177.0241
8.276	 2.05	 2	 -40.9660	  178.6626
8.276	 2.00	 2	 -40.8994	  178.6806
8.277	 2.81	 2	 -40.9886	  178.6833
8.278	 2.76	 1	 -47.1236	  174.0625
8.286	 2.23	 2	 -41.0699	  179.0972
8.286	 2.18	 1	 -41.6610	  170.9101
8.294	 2.04	 1	 -38.3484	  171.4423
8.299	 2.38	 2	 -40.9620	  178.6842
8.299	 2.84	 1	 -45.0861	  171.9058
8.299	 2.22	 2	 -40.9591	  178.6032
8.302	 3.03	 1	 -42.5628	  172.8271
8.303	 2.67	 1	 -40.3518	  167.7986
8.303	 3.42	 1	 -41.5581	  171.1454
8.304	 2.47	 1	 -41.9091	  171.7185
8.313	 3.48	 2	 -41.1961	  180.0712
8.320	 2.18	 1	 -38.1960	  173.0626
8.324	 2.17	 1	 -43.6257	  172.2653
8.324	 2.09	 2	 -40.9969	  178.8370
8.337	 3.82	 1	 -45.3212	  168.0586
8.343	 2.26	 1	 -42.0494	  170.9704
8.352	 2.37	 1	 -39.9862	  176.7486
8.353	 2.10	 1	 -44.5966	  171.9577
8.368	 2.13	 1	 -47.1031	  174.2135
8.368	 2.30	 1	 -42.5865	  172.3279
8.369	 2.82	 1	 -41.5995	  174.3039
8.369	 2.27	 2	 -41.0775	  178.5788
8.379	 2.01	 1	 -41.0938	  172.8314
8.380	 2.61	 2	 -40.8320	  178.5403
8.381	 2.18	 1	 -40.0917	  174.4284
8.381	 2.24	 1	 -46.9268	  170.9631
8.385	 2.04	 1	 -41.4323	  171.2387
8.397	 2.09	 1	 -43.7242	  174.9478
8.398	 3.35	 1	 -47.1868	  173.2180
8.399	 3.11	 1	 -42.0999	  176.2687
8.403	 3.05	 1	 -46.5574	  176.1491
8.408	 2.03	 1	 -41.3318	  175.9624
8.413	 2.28	 1	 -44.1518	  175.2630
8.419	 2.29	 1	 -47.0817	  174.3515
8.422	 2.02	 1	 -45.8063	  177.4358
8.430	 2.36	 1	 -44.8140	  178.4162
8.438	 2.31	 1	 -40.8026	  167.4709
8.458	 2.03	 1	 -45.0728	  173.3100
8.463	 2.56	 1	 -39.0324	  169.4683
8.465	 2.26	 1	 -43.2176	  172.0226
8.489	 2.66	 1	 -44.6536	  172.6263
8.497	 2.00	 1	 -43.4761	  171.4569
8.508	 2.61	 1	 -47.1061	  171.8516
8.517	 2.01	 1	 -42.5847	  166.9061
8.536	 2.93	 1	 -45.0378	  176.6409
8.561	 2.25	 1	 -42.2966	  173.2266
8.563	 2.09	 1	 -40.0017	  173.0280
8.566	 3.48	 1	 -44.9848	  173.5610
8.566	 2.94	 1	 -42.3655	  172.3218
8.575	 4.18	 1	 -41.2389	  176.4795
8.579	 2.84	 1	 -41.8770	  173.8862
8.580	 2.05	 1	 -45.0804	  171.7498
8.587	 2.81	 1	 -39.3525	  173.1278
8.592	 2.06	 1	 -40.6787	  173.5690
8.592	 2.17	 2	 -40.9710	  178.6818
8.604	 2.99	 1	 -44.7381	  167.5740
8.605	 2.14	 1	 -39.8702	  171.6308
8.617	 2.98	 1	 -41.6597	  174.4196
8.624	 2.19	 1	 -46.5272	  176.2173
8.637	 2.83	 1	 -46.8315	  170.6311
8.638	 2.16	 1	 -40.1155	  178.0356
8.642	 2.13	 1	 -45.0360	  167.8008
8.650	 2.64	 1	 -43.3126	  173.9994
8.651	 2.06	 1	 -45.3086	  173.3170
8.652	 2.05	 1	 -44.5523	  173.1050
8.654	 2.46	 1	 -42.4659	  173.1494
8.659	 2.11	 1	 -47.1488	  172.2048
8.660	 2.66	 1	 -42.1253	  173.2077
8.677	 2.04	 2	 -41.5435	  176.1638
8.677	 2.97	 1	 -46.5352	  169.8450
8.678	 2.10	 1	 -39.8067	  177.7138
8.678	 2.24	 1	 -38.6447	  171.9574
8.694	 2.09	 1	 -40.5134	  170.4447
8.709	 2.18	 1	 -44.3677	  169.9280
8.713	 2.17	 1	 -43.9572	  176.3894
8.723	 2.45	 1	 -38.2203	  172.3857
8.732	 2.55	 2	 -40.8500	  178.6558
8.748	 2.17	 1	 -40.1343	  169.2462
8.753	 3.21	 1	 -41.7315	  174.1452
8.756	 2.48	 1	 -42.5064	  169.1203
8.775	 2.25	 1	 -38.8336	  176.1626
8.801	 2.24	 1	 -43.1850	  179.1031
8.801	 2.58	 1	 -42.1344	  166.9516
8.801	 2.31	 1	 -41.3115	  175.2827
8.807	 3.43	 1	 -39.8024	  168.3354
8.843	 4.00	 1	 -47.0215	  174.6770
8.846	 2.96	 2	 -47.0221	  174.6527
8.858	 2.17	 1	 -41.9030	  172.4804
8.863	 2.09	 1	 -40.6317	  170.7743
8.868	 2.04	 1	 -44.4952	  177.5736
8.872	 2.38	 1	 -42.3647	  173.4744
8.874	 3.08	 1	 -38.2277	  172.2962
8.875	 2.04	 1	 -43.0561	  166.9244
8.879	 2.10	 1	 -39.3841	  168.8789
8.880	 2.09	 1	 -43.0662	  172.5149
8.881	 2.08	 1	 -40.2298	  173.4741
8.888	 2.24	 1	 -42.9544	  172.6283
8.893	 2.10	 1	 -41.0457	  171.8726
8.895	 2.56	 1	 -39.4253	  172.6014
8.895	 2.11	 1	 -44.9029	  178.3498
8.909	 2.57	 1	 -41.2625	  178.0968
8.911	 2.33	 1	 -43.8193	  178.9447
8.915	 2.34	 1	 -39.9496	  168.1744
8.916	 2.47	 1	 -42.2154	  167.0113
8.916	 2.32	 2	 -41.2590	  178.0916
8.918	 2.90	 1	 -38.2059	  172.6151
8.926	 2.19	 1	 -43.8698	  173.5148
8.935	 2.48	 1	 -42.5762	  176.1260
8.938	 2.26	 1	 -46.7724	  175.5942
8.938	 2.12	 1	 -43.9556	  167.1507
8.943	 2.00	 1	 -38.8059	  176.0987
8.949	 2.30	 1	 -47.1871	  172.8392
8.949	 2.44	 1	 -46.5651	  176.1313
8.959	 4.33	 1	 -42.5113	  171.3385
8.960	 2.59	 1	 -43.3638	  171.4314
8.961	 2.20	 2	 -39.8015	  168.3371
8.967	 2.10	 1	 -45.8379	  171.0215
8.969	 2.20	 1	 -40.4741	  167.7007
8.976	 2.21	 1	 -43.8839	  170.2644
8.984	 2.04	 1	 -43.3881	  170.7258
9.006	 2.33	 1	 -46.8965	  170.8512
9.007	 2.04	 1	 -42.3842	  173.3087
9.010	 2.75	 1	 -42.2670	  166.9318
9.022	 3.12	 1	 -43.2931	  170.6682
9.023	 2.23	 1	 -42.6774	  171.8535
9.028	 2.00	 1	 -40.0103	  172.1640
9.034	 2.35	 1	 -42.6219	  169.8601
9.035	 2.13	 1	 -41.0205	  175.8037
9.035	 2.22	 1	 -45.5954	  177.6943
9.037	 2.30	 1	 -39.5933	  177.4547
9.038	 2.35	 1	 -43.4967	  169.6769
9.040	 2.58	 1	 -38.7267	  170.1387
9.055	 2.03	 1	 -45.1370	  172.7810
9.058	 2.21	 1	 -41.0593	  167.3221
9.058	 2.46	 1	 -43.5140	  175.1795
9.062	 2.34	 1	 -40.9570	  175.4545
9.068	 2.13	 1	 -42.3590	  172.4404
9.077	 2.23	 1	 -42.9679	  170.2399
9.092	 2.03	 1	 -42.4773	  166.9113
9.099	 4.32	 1	 -47.1208	  171.9595
9.109	 2.34	 2	 -41.0041	  178.6803
9.113	 2.04	 1	 -45.2747	  178.0306
9.113	 2.56	 1	 -43.8847	  173.7319
9.127	 3.52	 1	 -39.9830	  168.1397
9.140	 2.47	 1	 -42.1908	  169.1906
9.155	 2.46	 1	 -43.4120	  178.4903
9.162	 2.05	 1	 -42.0278	  173.9821
9.166	 2.15	 1	 -47.0654	  171.5970
9.168	 2.20	 1	 -38.4791	  170.8854
9.173	 2.07	 1	 -41.8524	  173.3348
9.181	 2.68	 1	 -41.5718	  176.8811
9.190	 2.02	 1	 -39.1316	  174.1164
9.191	 2.15	 2	 -41.2351	  176.4926
9.209	 2.24	 1	 -42.3536	  173.0357
9.209	 2.32	 1	 -44.4391	  167.3847
9.210	 2.57	 1	 -38.6025	  175.5642
9.212	 2.03	 1	 -44.5704	  178.3546
9.218	 2.06	 1	 -38.3862	  174.7829
9.219	 2.34	 1	 -45.7783	  168.5722
9.239	 2.49	 2	 -41.0011	  178.6918
9.242	 2.69	 1	 -38.7191	  175.8861
9.247	 2.12	 1	 -42.2345	  173.6461
9.253	 2.00	 1	 -38.2785	  174.1892
9.254	 2.16	 1	 -45.1768	  176.6764
9.256	 2.20	 1	 -47.1042	  171.8386
9.271	 2.09	 1	 -42.2793	  173.7268
9.273	 2.42	 1	 -42.6562	  174.7630
9.279	 3.14	 1	 -43.1139	  166.9312
9.287	 2.56	 1	 -42.0559	  173.4222
9.291	 2.77	 1	 -43.0326	  176.1781
9.295	 3.16	 1	 -47.0216	  174.6764
9.298	 2.53	 1	 -45.5039	  177.7967
9.303	 2.33	 1	 -43.6633	  172.3922
9.308	 2.83	 1	 -38.2227	  172.3560
9.309	 2.07	 1	 -42.1816	  171.7832
9.316	 2.40	 1	 -41.3961	  175.5550
9.330	 2.38	 1	 -43.8714	  169.8154
9.338	 2.01	 1	 -38.7430	  172.6375
9.345	 2.26	 1	 -41.9709	  170.4627
9.349	 2.68	 1	 -43.4359	  179.0558
9.354	 2.25	 1	 -40.5792	  178.4221
9.360	 3.76	 1	 -44.4079	  178.6773
9.361	 2.03	 1	 -42.1397	  173.5373
9.367	 2.16	 1	 -41.7014	  178.9895
9.372	 2.10	 1	 -43.5246	  176.2526
9.384	 3.17	 1	 -38.8540	  169.8357
9.385	 2.38	 1	 -45.3570	  177.9502
9.387	 2.17	 1	 -42.2083	  168.4000
9.401	 2.50	 1	 -42.7168	  172.7193
9.413	 2.07	 2	 -47.0195	  174.6841
9.417	 2.54	 1	 -38.3460	  174.5896
9.423	 2.10	 1	 -44.3048	  171.5237
9.425	 2.25	 1	 -41.8255	  167.0191
9.435	 2.49	 1	 -42.4684	  173.4988
9.444	 2.01	 1	 -43.4414	  166.9898
9.445	 2.24	 1	 -38.9458	  176.4049
9.448	 2.16	 1	 -42.3056	  166.9270
9.451	 2.51	 1	 -39.1770	  176.8367
9.464	 4.04	 1	 -40.0114	  171.0168
9.467	 2.50	 1	 -39.5717	  177.4266
9.470	 2.91	 1	 -42.6077	  172.9547
9.485	 2.02	 1	 -44.8546	  173.0409
9.486	 2.08	 1	 -43.2692	  173.0460
9.486	 2.17	 1	 -41.9411	  175.1655
9.492	 2.13	 1	 -43.5913	  169.8803
9.493	 2.10	 1	 -42.5708	  166.9066
9.505	 2.55	 2	 -45.6874	  177.5862
9.520	 3.14	 1	 -47.1778	  172.5882
9.528	 2.22	 1	 -42.5325	  166.9082
9.541	 2.57	 1	 -42.5866	  172.9336
9.543	 3.06	 1	 -41.5134	  167.1184
9.548	 3.49	 1	 -40.9462	  171.9869
9.550	 2.44	 1	 -46.7842	  170.4848
9.551	 2.49	 1	 -44.2579	  171.7795
9.555	 2.07	 1	 -43.8162	  170.7731
9.568	 2.47	 1	 -43.0568	  171.6244
9.574	 2.06	 1	 -39.7527	  175.0484
9.588	 2.28	 1	 -42.4180	  174.1703
9.591	 2.11	 1	 -41.1529	  173.2723
9.599	 2.32	 1	 -43.1161	  172.9951
9.619	 2.28	 1	 -42.0077	  174.1689
9.620	 5.39	 1	 -39.4839	  170.3777
9.622	 2.63	 2	 -39.4589	  170.2718
9.622	 2.08	 2	 -39.4847	  170.3506
9.622	 4.96	 2	 -39.4040	  170.3805
9.623	 2.27	 3	 -39.3859	  170.3509
9.624	 2.12	 1	 -43.2016	  173.5802
9.625	 2.88	 2	 -39.3392	  169.7069
9.627	 3.63	 3	 -39.4134	  170.3622
9.627	 2.55	 1	 -44.0910	  178.8366
9.631	 2.37	 1	 -40.3555	  173.9482
9.633	 2.20	 2	 -39.4323	  170.4022
9.633	 2.10	 2	 -39.3522	  170.0629
9.637	 2.04	 1	 -42.2008	  173.7357
9.641	 2.65	 2	 -39.4949	  170.3816
9.641	 2.10	 2	 -39.4797	  170.3945
9.647	 2.37	 2	 -39.4528	  170.3500
9.647	 2.49	 2	 -39.4555	  170.3509
9.650	 2.13	 2	 -39.5387	  170.2986
9.651	 2.38	 2	 -39.3450	  170.4021
9.669	 3.01	 1	 -42.0792	  173.9685
9.670	 2.40	 1	 -43.7168	  172.3984
9.670	 2.02	 1	 -43.7477	  167.0752
9.671	 2.63	 1	 -45.8128	  177.4272
9.676	 2.60	 1	 -40.3878	  174.2244
9.676	 2.74	 2	 -39.4978	  170.3339
9.685	 2.11	 3	 -39.4118	  170.3611
9.698	 2.08	 1	 -40.6837	  167.5488
9.707	 3.02	 1	 -42.2230	  175.6533
9.727	 2.01	 1	 -47.1803	  173.4056
9.729	 2.18	 1	 -42.8758	  177.9084
9.736	 2.26	 1	 -43.2862	  173.3967
9.739	 3.34	 1	 -43.0056	  179.1251
9.795	 2.23	 1	 -42.4291	  172.2599
9.807	 2.05	 1	 -42.7836	  171.9286
9.814	 2.11	 1	 -44.3309	  178.7194
9.841	 2.13	 1	 -42.8735	  170.8568
9.866	 2.32	 1	 -41.7460	  167.0414
9.879	 2.04	 1	 -43.1517	  173.4808
9.883	 2.02	 1	 -41.8554	  174.2638
9.890	 2.20	 1	 -41.7440	  169.4231
9.921	 2.34	 1	 -40.4345	  175.2894
9.931	 2.14	 1	 -44.7613	  173.0322
9.939	 2.49	 1	 -46.0468	  175.4024
9.956	 2.49	 1	 -45.2238	  176.3158
9.959	 2.14	 1	 -42.3214	  173.9086
9.961	 2.53	 1	 -38.2118	  173.5353
9.972	 2.87	 1	 -39.4907	  168.7267
9.978	 2.10	 2	 -39.5534	  170.5469
9.980	 2.79	 1	 -44.0324	  167.1822
9.983	 2.45	 1	 -43.3210	  166.9644
9.985	 2.05	 2	 -39.4956	  170.3842
9.993	 2.25	 1	 -41.6894	  171.0847
10.004	 2.25	 1	 -38.3107	  171.8964
10.014	 3.07	 1	 -45.4708	  174.1856
10.018	 3.16	 1	 -41.7413	  178.6574
10.027	 2.14	 1	 -39.9798	  172.8565
10.061	 3.59	 1	 -41.5055	  170.9948
10.069	 2.14	 2	 -41.4920	  170.9464
10.071	 2.01	 1	 -44.3533	  168.2355
10.109	 2.45	 1	 -38.1960	  172.9920
10.114	 3.76	 1	 -41.7148	  174.3063
10.119	 2.60	 1	 -40.2863	  168.6036
10.129	 3.07	 1	 -42.7890	  175.4008
10.136	 2.88	 1	 -41.7826	  174.5253
10.143	 2.09	 1	 -42.2452	  169.2410
10.145	 2.42	 1	 -42.7494	  173.2297
10.153	 2.03	 1	 -46.6267	  175.9848
10.171	 2.82	 1	 -43.1306	  172.4090
10.180	 2.38	 1	 -45.8842	  168.7128
10.190	 2.17	 1	 -42.1994	  173.8256
10.193	 2.12	 1	 -42.0161	  173.6828
10.196	 2.18	 1	 -43.6440	  167.0428
10.217	 2.01	 1	 -41.6389	  176.2260
10.218	 3.07	 1	 -42.9242	  173.7493
10.221	 2.48	 1	 -43.6215	  167.0363
10.236	 2.12	 1	 -42.8447	  173.0295
10.250	 2.26	 1	 -41.8069	  173.9808
10.257	 2.11	 1	 -42.9771	  172.4558
10.274	 2.12	 1	 -43.8842	  169.6372
10.277	 2.09	 1	 -43.9314	  174.0928
10.282	 2.07	 1	 -39.6251	  177.4955
10.283	 2.05	 1	 -40.3678	  174.9426
10.283	 2.47	 1	 -44.3139	  172.4691
10.297	 2.28	 1	 -41.6914	  174.1739
10.318	 2.53	 1	 -44.2867	  175.0656
10.322	 2.42	 1	 -47.1078	  171.8635
10.329	 2.55	 1	 -42.6653	  166.9044
10.331	 2.22	 1	 -38.3195	  174.4463
10.350	 2.40	 1	 -39.1772	  176.8370
10.358	 2.13	 1	 -44.1116	  178.8273
10.368	 2.22	 1	 -47.1885	  173.1281
10.383	 2.10	 1	 -46.6778	  170.1888
10.386	 2.78	 1	 -39.3201	  177.0688
10.395	 3.34	 1	 -43.1997	  173.8625
10.406	 3.76	 1	 -38.8319	  169.8854
10.412	 3.13	 1	 -38.2894	  174.2631
10.435	 2.33	 1	 -41.8596	  174.1608
10.436	 2.49	 1	 -40.0371	  172.9538
10.452	 2.47	 1	 -41.7017	  174.8666
10.466	 2.36	 1	 -44.2546	  178.7590
10.467	 2.22	 1	 -41.5794	  171.2917
10.469	 2.13	 1	 -42.4414	  175.2082
10.474	 2.50	 1	 -38.4911	  170.8420
10.474	 2.60	 1	 -41.3758	  167.1725
10.479	 2.03	 2	 -38.8573	  169.9409
10.481	 2.49	 1	 -39.8203	  175.3947
10.493	 2.28	 1	 -41.2628	  170.6574
10.505	 3.67	 1	 -47.0755	  172.6544
10.506	 2.31	 2	 -47.1806	  172.3606
10.506	 2.05	 1	 -39.1048	  169.3342
10.512	 2.09	 1	 -42.4832	  173.4887
10.514	 2.00	 1	 -42.6698	  174.7631
10.522	 2.23	 1	 -42.6753	  179.1399
10.541	 2.09	 1	 -40.8259	  169.8903
10.552	 2.43	 1	 -43.1421	  166.9350
10.563	 2.30	 1	 -44.1634	  169.1028
10.566	 2.63	 1	 -42.0341	  172.1420
10.584	 2.01	 1	 -46.5805	  169.9486
10.596	 2.01	 1	 -40.2585	  167.8781
10.603	 2.79	 1	 -43.7504	  167.0760
10.616	 2.26	 1	 -38.3512	  174.6160
10.621	 2.29	 1	 -42.0871	  173.3996
10.622	 2.20	 1	 -44.1650	  178.8026
10.642	 3.89	 1	 -42.0893	  170.1357
10.651	 2.26	 1	 -38.5815	  175.5008
10.655	 2.13	 2	 -39.5373	  170.2945
10.663	 2.06	 2	 -39.5942	  170.4892
10.683	 2.15	 1	 -43.5245	  167.0099
10.688	 2.17	 1	 -45.4776	  175.3592
10.690	 2.46	 1	 -41.7895	  167.0290
10.693	 2.22	 1	 -41.6756	  173.2735
10.694	 2.62	 1	 -39.5325	  177.3746
10.695	 2.52	 1	 -41.9407	  170.2751
10.697	 2.06	 1	 -45.3466	  177.9606
10.709	 2.42	 1	 -43.4631	  174.1438
10.711	 2.16	 1	 -43.9992	  172.9916
10.715	 2.19	 1	 -47.1507	  172.2242
10.722	 2.19	 1	 -45.1578	  178.1386
10.723	 4.00	 1	 -40.2757	  170.2645
10.729	 2.55	 2	 -40.2819	  170.2659
10.754	 2.28	 1	 -39.1966	  169.1745
10.755	 2.46	 1	 -42.6554	  173.7887
10.769	 2.20	 1	 -41.6939	  175.2819
10.794	 2.08	 1	 -46.3435	  172.2425
10.800	 2.18	 1	 -45.7751	  177.4761
10.802	 2.55	 1	 -42.8788	  174.4350
10.809	 2.86	 1	 -41.1123	  178.7497
10.809	 2.01	 1	 -40.5836	  172.3550
10.817	 2.17	 1	 -40.1288	  167.9961
10.849	 2.58	 1	 -39.7125	  168.4407
10.858	 2.83	 1	 -41.4509	  167.1422
10.882	 2.03	 1	 -46.4926	  169.7514
10.899	 2.11	 1	 -43.3130	  171.3977
10.904	 2.16	 1	 -42.5263	  175.0152
10.910	 2.32	 1	 -47.1263	  172.0032
10.935	 2.01	 1	 -44.5950	  175.4604
10.941	 2.28	 2	 -40.9681	  178.7375
10.952	 3.78	 1	 -43.6353	  172.6891
10.953	 2.39	 1	 -39.9233	  177.8422
10.966	 2.19	 1	 -40.5663	  169.0676
10.970	 2.83	 1	 -43.8667	  178.9277
10.970	 2.17	 1	 -42.6643	  169.4174
10.986	 2.01	 1	 -41.0018	  170.3716
10.991	 2.25	 1	 -41.8171	  174.2903
10.992	 2.24	 1	 -44.2131	  172.2294
11.003	 3.11	 1	 -45.7203	  176.0085
11.014	 3.16	 1	 -42.1971	  173.6383
11.038	 2.02	 1	 -38.2538	  172.0441
11.039	 2.74	 1	 -41.9357	  176.8201
11.051	 2.18	 1	 -42.0549	  173.0128
11.073	 2.25	 1	 -40.3187	  174.8250
11.078	 2.06	 1	 -38.1974	  173.1798
11.109	 2.31	 1	 -41.7567	  174.3348
11.114	 2.79	 1	 -44.0313	  174.5070
11.115	 2.27	 1	 -39.6159	  177.4837
11.118	 2.10	 1	 -47.1662	  173.6390
11.122	 2.58	 1	 -43.5173	  169.3817
11.127	 2.50	 1	 -39.7648	  177.6656
11.142	 2.00	 1	 -40.6472	  178.4704
11.152	 2.08	 1	 -45.2112	  172.1378
11.170	 2.53	 1	 -46.8615	  175.3147
11.171	 2.38	 1	 -43.2319	  174.2126
11.184	 2.58	 1	 -42.7419	  173.2626
11.185	 2.06	 1	 -44.4722	  175.0992
11.196	 2.45	 1	 -47.0731	  174.4031
11.198	 2.47	 1	 -42.2559	  173.6836
11.220	 2.01	 1	 -42.7190	  172.2777
11.239	 2.10	 1	 -41.1312	  171.4047
11.251	 3.30	 1	 -42.0998	  173.6748
11.275	 2.16	 1	 -41.0203	  175.2995
11.290	 2.31	 1	 -46.1192	  169.5346
11.291	 2.27	 1	 -39.1841	  176.8486
11.298	 2.07	 1	 -44.7987	  171.0297
11.312	 2.19	 1	 -41.3466	  169.4447
11.330	 2.25	 1	 -41.9701	  173.3883
11.338	 2.26	 1	 -47.1891	  173.0580
11.343	 2.61	 1	 -44.9515	  178.3119
11.348	 2.33	 1	 -44.6683	  173.2736
11.354	 2.62	 1	 -39.0779	  170.9053
11.386	 2.31	 1	 -44.9276	  178.3307
11.390	 3.10	 1	 -40.2120	  178.1249
11.390	 2.92	 1	 -47.1094	  171.8750
11.408	 2.39	 1	 -45.5178	  173.9618
11.409	 2.00	 1	 -42.3171	  170.1491
11.413	 2.71	 1	 -39.5897	  168.5943
11.470	 2.01	 1	 -40.9856	  178.6820
11.474	 2.22	 1	 -41.1647	  176.9825
11.500	 2.16	 1	 -41.9381	  173.7661
11.505	 3.14	 1	 -42.8534	  166.9082
11.508	 2.21	 1	 -38.2369	  173.8465
11.513	 2.04	 1	 -42.7280	  175.9210
11.534	 2.69	 2	 -40.9276	  178.6933
11.534	 2.79	 1	 -40.7518	  167.5035
11.540	 3.11	 1	 -42.5632	  173.0506
11.549	 2.69	 1	 -46.8856	  170.8124
11.556	 2.02	 1	 -43.0955	  171.6132
11.558	 2.01	 1	 -40.0862	  175.5676
11.560	 2.16	 1	 -40.9096	  167.4058
11.568	 2.95	 1	 -43.3643	  173.8627
11.569	 2.54	 1	 -42.5335	  168.8392
11.603	 2.10	 1	 -39.3935	  177.1792
11.605	 2.59	 1	 -44.9625	  175.8360
11.609	 2.54	 1	 -42.0399	  173.7705
11.624	 2.27	 1	 -41.8215	  174.2522
11.631	 2.06	 1	 -46.7415	  175.6832
11.635	 2.14	 2	 -39.5223	  170.3355
11.640	 2.65	 1	 -38.3553	  171.5861
11.654	 3.25	 1	 -43.8669	  173.1269
11.656	 2.03	 1	 -42.1381	  173.3952
11.662	 2.22	 1	 -43.8711	  175.6738
11.666	 2.71	 1	 -42.2022	  173.7879
11.688	 2.51	 1	 -42.1528	  177.1615
11.693	 2.56	 1	 -42.4897	  176.2440
11.700	 2.16	 1	 -39.1791	  169.2041
11.707	 3.31	 1	 -42.9768	  169.3790
11.712	 2.33	 1	 -44.6812	  173.1722
11.718	 2.31	 1	 -43.2492	  177.4643
11.731	 2.35	 1	 -46.6727	  170.1755
11.747	 2.05	 1	 -44.4291	  176.1553
11.754	 2.91	 1	 -43.8893	  173.9411
11.764	 2.27	 1	 -45.7509	  168.5373
11.764	 2.08	 1	 -41.8319	  174.0742
11.765	 2.01	 2	 -43.8846	  173.9265
11.769	 2.40	 1	 -42.4098	  170.8622
11.799	 3.19	 1	 -43.4855	  174.1997
11.813	 2.41	 2	 -40.2225	  178.1589
11.814	 2.11	 1	 -39.8166	  168.3192
11.815	 2.23	 1	 -43.4453	  166.9907
11.830	 2.71	 2	 -40.9888	  178.6834
11.841	 2.13	 1	 -44.4180	  178.6716
11.845	 2.51	 1	 -44.5856	  171.5650
11.858	 2.41	 1	 -44.1765	  174.5715
11.888	 2.34	 2	 -40.9628	  178.6780
11.903	 2.11	 1	 -43.7483	  167.0753
11.910	 2.09	 1	 -38.2060	  172.6137
11.914	 2.15	 1	 -43.4426	  173.6735
11.941	 2.30	 1	 -41.3466	  176.9197
11.948	 2.26	 1	 -43.5032	  175.6973
11.999	 2.12	 1	 -42.1808	  175.7165
12.000	 2.50	 1	 -44.6368	  178.5385
12.049	 2.34	 1	 -41.6160	  168.6572
12.066	 2.30	 1	 -40.0925	  173.9850
12.068	 2.28	 1	 -44.2434	  173.2112
12.075	 2.48	 1	 -43.7988	  178.0840
12.100	 2.47	 1	 -40.8307	  169.5408
12.104	 2.09	 1	 -42.0635	  168.9915
12.107	 2.40	 1	 -42.9283	  168.6855
12.110	 2.36	 1	 -43.0851	  169.0752
12.134	 2.02	 1	 -40.3819	  175.6507
12.158	 2.25	 1	 -41.8258	  174.0594
12.158	 3.09	 1	 -40.0915	  168.0317
12.167	 2.03	 1	 -42.0509	  179.0773
12.169	 2.32	 1	 -40.9869	  173.1235
12.181	 2.73	 1	 -42.6329	  172.8939
12.188	 2.22	 2	 -41.3436	  178.7426
12.190	 2.26	 1	 -43.8917	  173.8506
12.199	 2.14	 1	 -43.4457	  176.1514
12.203	 2.53	 1	 -40.6031	  178.4394
12.212	 2.02	 1	 -42.1261	  175.2084
12.222	 2.52	 2	 -40.6061	  178.4337
12.226	 3.40	 1	 -42.9901	  171.0211
12.233	 2.17	 1	 -44.8316	  170.4446
12.241	 2.12	 1	 -42.5530	  172.9431
12.271	 2.55	 1	 -39.0536	  170.9108
12.305	 2.05	 1	 -46.6407	  170.8623
12.311	 2.75	 1	 -39.1487	  175.2019
12.321	 2.12	 1	 -40.5234	  178.3810
12.328	 2.41	 1	 -43.5600	  167.0192
12.347	 2.16	 1	 -43.8132	  167.0974
12.352	 2.52	 1	 -38.3993	  174.8413
12.369	 2.28	 1	 -40.1471	  171.6844
12.397	 2.12	 1	 -42.5915	  173.0701
12.400	 2.09	 1	 -44.2382	  170.3789
12.433	 2.48	 1	 -44.7653	  174.5198
12.463	 2.77	 1	 -43.7282	  178.9755
12.464	 2.20	 1	 -42.0464	  172.6469
12.465	 2.05	 1	 -41.1469	  178.5014
12.480	 2.31	 1	 -40.3716	  175.9860
12.489	 2.05	 1	 -40.7746	  176.1259
12.519	 2.49	 1	 -44.1288	  174.6562
12.521	 2.85	 2	 -42.6224	  172.8853
12.521	 2.41	 1	 -45.4722	  168.2133
12.534	 2.13	 1	 -46.0003	  171.4175
12.537	 2.57	 1	 -47.1721	  172.4901
12.550	 2.12	 1	 -43.5978	  167.0296
12.575	 2.07	 1	 -40.1386	  172.3454
12.583	 2.34	 1	 -44.3396	  177.9928
12.584	 2.59	 1	 -42.5100	  171.8044
12.588	 3.38	 1	 -43.0079	  172.5491
12.593	 2.03	 1	 -45.5917	  177.6986
12.605	 2.03	 1	 -43.8573	  171.7990
12.607	 3.25	 1	 -43.0981	  174.0364
12.619	 3.27	 1	 -42.4886	  173.1040
12.650	 2.50	 1	 -38.7479	  173.7188
12.654	 2.61	 1	 -41.0023	  178.6913
12.661	 2.25	 2	 -43.1452	  174.1075
12.664	 2.96	 1	 -42.0777	  173.4288
12.671	 2.32	 1	 -38.2764	  173.9379
12.692	 2.42	 1	 -40.3392	  171.6950
12.711	 2.24	 1	 -41.0739	  167.3145
12.713	 2.42	 1	 -38.2037	  173.3806
12.731	 2.69	 1	 -42.6714	  172.7703
12.735	 2.94	 1	 -42.4081	  170.2377
12.741	 2.55	 1	 -44.2176	  167.4926
12.741	 2.72	 1	 -42.7095	  171.0241
12.751	 2.31	 1	 -43.3760	  174.6566
12.773	 2.29	 1	 -44.3384	  167.3289
12.790	 2.04	 1	 -42.1825	  172.5830
12.801	 2.51	 1	 -41.7940	  174.3279
12.806	 2.07	 1	 -43.9832	  169.1880
12.818	 2.19	 1	 -41.8430	  175.2413
12.837	 2.12	 1	 -43.1837	  172.1100
12.850	 2.23	 1	 -40.3957	  175.4980
12.857	 2.36	 1	 -38.4365	  171.0480
12.881	 2.67	 1	 -41.8164	  167.0216
12.888	 2.54	 1	 -46.0088	  177.1537
12.904	 2.05	 1	 -46.6783	  175.8542
12.905	 2.31	 1	 -47.1733	  172.5091
12.906	 3.78	 1	 -43.3152	  170.5740
12.908	 2.14	 1	 -41.2581	  170.8561
12.913	 2.31	 2	 -43.3113	  170.5626
12.919	 2.96	 1	 -44.7942	  178.4306
12.921	 2.57	 1	 -46.7693	  175.6032
12.960	 2.14	 1	 -42.3918	  167.2092
12.988	 2.44	 1	 -42.2902	  179.1154
12.996	 2.22	 1	 -42.6641	  179.1398
12.997	 2.38	 1	 -40.5544	  178.4041
13.033	 2.45	 1	 -43.1694	  174.8612
13.046	 2.78	 1	 -43.8284	  172.1999
13.052	 2.61	 1	 -41.9755	  172.6673
13.083	 2.07	 1	 -41.6536	  172.0368
13.085	 2.37	 1	 -42.6280	  172.8120
13.087	 2.69	 1	 -46.4853	  176.3085
13.091	 2.08	 1	 -45.7577	  168.5459
13.095	 2.21	 1	 -41.0625	  167.9305
13.101	 2.58	 1	 -42.2889	  166.9290
13.103	 2.36	 1	 -43.4468	  166.9910
13.104	 2.39	 1	 -42.2911	  173.6462
13.119	 2.55	 1	 -38.2101	  172.5368
13.120	 3.54	 1	 -44.5937	  178.5663
13.123	 2.31	 2	 -44.5613	  178.5867
13.135	 3.05	 1	 -38.8723	  176.2490
13.143	 2.75	 1	 -39.2630	  176.9789
13.149	 2.45	 1	 -46.5777	  176.1022
13.160	 2.05	 1	 -46.4368	  174.2994
13.170	 2.19	 1	 -45.3425	  168.0796
13.173	 2.54	 1	 -46.7582	  173.1701
13.178	 3.09	 1	 -42.7907	  175.4173
13.189	 2.42	 1	 -44.0762	  178.8431
13.191	 2.03	 1	 -46.5044	  171.5291
13.229	 2.31	 1	 -41.3962	  174.7713
13.229	 2.97	 1	 -42.1222	  178.2188
13.240	 3.34	 1	 -42.9961	  166.9183
13.240	 2.15	 1	 -41.7469	  172.2733
13.258	 2.61	 1	 -41.0533	  178.7189
13.260	 2.05	 1	 -46.1839	  176.8775
13.262	 2.43	 1	 -38.6744	  172.0103
13.273	 2.90	 1	 -42.6285	  169.9202
13.280	 2.48	 1	 -43.7509	  167.0762
13.282	 2.40	 1	 -46.3151	  176.6465
13.283	 2.59	 1	 -38.2538	  172.0437
13.290	 2.09	 1	 -40.7706	  178.5530
13.296	 2.31	 1	 -44.9181	  167.7062
13.311	 2.66	 1	 -42.5549	  179.1371
13.324	 2.11	 1	 -42.8368	  171.3053
13.325	 2.23	 1	 -42.3299	  174.0086
13.338	 2.63	 1	 -43.4547	  175.1014
13.350	 2.71	 1	 -41.1608	  173.1001
13.350	 2.08	 1	 -42.5282	  179.1359
13.363	 2.20	 1	 -46.7536	  170.3953
13.374	 2.37	 1	 -42.9249	  171.1993
13.395	 2.14	 1	 -46.5214	  169.8142
13.400	 3.69	 1	 -43.6907	  175.3636
13.402	 2.05	 1	 -42.5937	  171.0313
13.404	 2.47	 1	 -47.0099	  171.3122
13.432	 2.02	 1	 -43.4355	  177.7748
13.432	 2.02	 1	 -41.8900	  172.4873
13.436	 2.19	 1	 -38.2180	  172.4165
13.442	 2.03	 1	 -42.0264	  169.1918
13.448	 2.19	 1	 -44.6967	  169.6185
13.471	 3.39	 1	 -41.7582	  174.2367
13.480	 2.31	 1	 -47.1475	  172.1914
13.542	 2.27	 1	 -38.2774	  171.8628
13.546	 2.48	 1	 -38.7756	  176.0267
13.552	 2.02	 1	 -42.6479	  172.7807
13.583	 3.07	 1	 -41.3013	  168.2472
13.584	 3.60	 1	 -39.1053	  172.7222
13.587	 2.03	 1	 -45.0247	  172.4832
13.621	 2.23	 1	 -42.2370	  179.1085
13.624	 2.51	 1	 -42.9402	  168.7897
13.646	 2.19	 1	 -42.7568	  170.5966
13.657	 2.93	 1	 -46.6952	  175.8097
13.659	 2.28	 1	 -39.2078	  169.1557
13.665	 2.25	 1	 -41.4828	  176.5020
13.686	 2.72	 1	 -43.1964	  174.9711
13.691	 2.00	 1	 -41.2364	  178.8103
13.699	 2.21	 1	 -39.0865	  176.6768
13.700	 2.27	 1	 -43.8381	  171.8937
13.715	 2.15	 1	 -38.4414	  175.0159
13.718	 2.68	 1	 -42.3087	  173.6413
13.722	 2.13	 1	 -47.1803	  172.6385
13.731	 2.48	 1	 -38.3634	  174.6764
13.735	 2.14	 1	 -42.4369	  172.4696
13.753	 2.21	 1	 -47.1744	  172.5276
13.759	 2.00	 1	 -45.1274	  174.6265
13.764	 2.11	 1	 -40.0466	  177.9679
13.766	 3.14	 1	 -39.4790	  177.3014
13.798	 2.02	 1	 -42.0235	  173.7937
13.801	 2.18	 1	 -41.7841	  174.2442
13.811	 2.12	 1	 -40.8053	  175.8869
13.825	 2.27	 1	 -41.9904	  173.6778
13.839	 2.01	 1	 -42.1902	  179.1017
13.840	 2.74	 1	 -46.4784	  176.3232
13.848	 2.41	 1	 -39.1378	  173.5919
13.852	 2.36	 1	 -42.0801	  172.4915
13.902	 3.23	 1	 -42.0412	  172.5528
13.904	 2.04	 2	 -42.0333	  172.5653
13.905	 2.01	 1	 -43.5934	  172.0512
13.906	 2.03	 1	 -41.7913	  174.3517
13.923	 3.06	 3	 -39.4066	  170.3780
13.944	 2.02	 1	 -42.3994	  174.3356
13.963	 2.61	 2	 -41.0297	  178.7481
13.968	 2.08	 1	 -44.2819	  167.2993
13.990	 2.79	 1	 -42.1197	  171.6170
