# Simulation 388
# RelativeTime(days) Magnitude Generation Latitude Longitude
Time Mag Gen Lat Lon
7.010	 2.78	 1	 -41.1725	  170.1869
7.014	 2.23	 1	 -42.1646	  172.7629
7.015	 2.27	 1	 -44.6668	  172.3318
7.036	 2.78	 1	 -41.8931	  173.9947
7.043	 2.76	 1	 -43.8713	  170.3198
7.051	 2.37	 1	 -43.3004	  172.3512
7.061	 2.35	 1	 -42.3999	  174.0055
7.074	 2.64	 1	 -43.2506	  172.7125
7.101	 4.05	 1	 -41.8378	  173.8582
7.103	 3.48	 1	 -42.5385	  175.2711
7.104	 2.02	 1	 -41.7468	  174.1449
7.107	 2.05	 1	 -43.5056	  174.3397
7.119	 2.54	 1	 -38.8510	  176.2020
7.139	 2.28	 1	 -41.7021	  171.8709
7.153	 2.23	 1	 -39.0683	  169.4008
7.157	 4.95	 1	 -41.8327	  179.0271
7.163	 2.23	 1	 -47.1783	  173.4462
7.170	 2.82	 1	 -42.7520	  170.9583
7.172	 2.87	 1	 -43.5203	  173.3401
7.175	 2.25	 1	 -43.7344	  171.4765
7.180	 2.52	 1	 -44.1141	  171.9068
7.182	 2.68	 1	 -40.4661	  173.4801
7.183	 2.28	 1	 -43.4617	  174.4392
7.190	 3.56	 1	 -42.3112	  173.8044
7.191	 2.10	 1	 -42.1411	  173.6027
7.221	 2.76	 1	 -41.2495	  169.8548
7.228	 2.11	 1	 -42.8022	  168.5948
7.243	 2.87	 1	 -38.2014	  172.7200
7.271	 2.24	 1	 -41.9489	  173.6995
7.276	 2.21	 1	 -43.2463	  173.2642
7.277	 2.01	 1	 -43.1901	  172.9245
7.280	 2.45	 2	 -42.0259	  179.0850
7.281	 2.53	 1	 -39.3168	  175.9993
7.286	 2.41	 1	 -42.2763	  173.7957
7.291	 2.14	 1	 -44.1731	  167.2455
7.295	 2.06	 1	 -42.4269	  173.8802
7.304	 2.26	 1	 -41.6920	  174.2687
7.305	 2.07	 1	 -41.7369	  172.4574
7.311	 2.43	 1	 -39.7140	  177.6053
7.313	 2.12	 1	 -42.4170	  173.5260
7.323	 2.72	 1	 -41.0628	  175.1863
7.323	 2.78	 1	 -45.2474	  168.2196
7.328	 3.50	 1	 -42.0313	  173.1666
7.338	 2.11	 1	 -43.0996	  173.8542
7.339	 3.52	 1	 -45.2427	  167.9834
7.351	 2.19	 2	 -42.0316	  173.1503
7.355	 2.25	 2	 -41.2429	  169.7354
7.355	 2.09	 1	 -38.7786	  172.8535
7.357	 2.37	 1	 -41.0800	  170.8153
7.366	 3.58	 1	 -42.8381	  171.3515
7.370	 2.06	 1	 -38.8769	  176.2591
7.371	 3.31	 1	 -44.8931	  178.3573
7.379	 2.31	 1	 -46.2679	  169.3121
7.384	 2.16	 1	 -42.9968	  169.3039
7.387	 2.07	 1	 -46.3482	  169.6252
7.404	 2.65	 1	 -42.1969	  173.7453
7.404	 3.59	 1	 -40.1235	  178.0432
7.414	 2.16	 1	 -42.4544	  173.1491
7.429	 2.55	 1	 -46.2560	  176.5844
7.444	 2.10	 1	 -43.1763	  173.6990
7.445	 2.01	 1	 -42.2430	  173.8672
7.448	 2.47	 1	 -41.0846	  173.6302
7.460	 2.52	 1	 -42.1776	  171.2204
7.469	 2.02	 1	 -42.8707	  179.1351
7.475	 2.78	 1	 -44.4149	  174.0495
7.486	 2.20	 1	 -42.8821	  171.9291
7.490	 2.55	 1	 -38.5938	  170.5063
7.491	 2.92	 1	 -46.5281	  176.2151
7.497	 2.41	 1	 -43.2636	  174.7202
7.497	 2.58	 1	 -41.6115	  169.1341
7.499	 2.61	 1	 -42.1487	  177.0383
7.505	 2.10	 1	 -41.5441	  175.0703
7.506	 2.10	 1	 -42.2347	  172.3642
7.508	 2.38	 1	 -41.3049	  172.8853
7.509	 2.46	 1	 -40.8392	  167.4482
7.514	 2.11	 1	 -42.0255	  173.2121
7.522	 2.08	 1	 -45.9321	  168.7794
7.522	 2.16	 1	 -40.0471	  171.0005
7.534	 2.30	 1	 -42.2720	  166.9312
7.536	 2.29	 1	 -41.6994	  172.7185
7.552	 2.12	 1	 -42.4025	  173.7608
7.562	 2.11	 1	 -41.0212	  173.7803
7.564	 3.10	 1	 -41.8119	  174.3232
7.565	 2.38	 1	 -44.6951	  176.9390
7.569	 2.25	 1	 -40.4646	  173.1756
7.581	 2.36	 1	 -43.1768	  174.6234
7.582	 3.30	 1	 -41.6370	  173.7991
7.587	 2.34	 1	 -45.5543	  172.9901
7.594	 2.13	 1	 -42.0459	  173.9226
7.595	 2.52	 1	 -41.7190	  174.4232
7.596	 2.04	 1	 -40.9776	  172.2595
7.608	 2.15	 1	 -42.0495	  173.0912
7.612	 2.80	 1	 -45.0724	  172.3326
7.622	 2.44	 1	 -44.5168	  167.4305
7.624	 2.99	 1	 -41.9011	  178.5443
7.635	 2.16	 1	 -39.1267	  169.2950
7.635	 2.95	 1	 -42.1324	  176.1968
7.638	 2.31	 1	 -39.2785	  176.7203
7.642	 2.70	 1	 -43.3092	  173.8037
7.643	 2.25	 1	 -44.0728	  175.7926
7.650	 2.21	 1	 -46.7358	  175.6992
7.656	 2.47	 1	 -43.3015	  179.0836
7.663	 2.07	 1	 -43.5796	  178.7196
7.665	 2.29	 1	 -41.8890	  173.9590
7.665	 2.26	 1	 -41.9261	  174.2113
7.680	 2.46	 1	 -42.7010	  176.3077
7.681	 2.01	 1	 -42.0652	  173.0943
7.684	 2.09	 1	 -41.0552	  171.9534
7.686	 2.06	 1	 -43.8312	  175.5777
7.688	 2.45	 1	 -38.9843	  176.4823
7.692	 2.12	 1	 -42.2680	  173.6086
7.693	 2.36	 1	 -38.2048	  172.6381
7.694	 2.43	 1	 -38.8779	  176.2613
7.695	 2.09	 1	 -41.1593	  174.3282
7.704	 2.08	 1	 -42.3378	  173.4457
7.709	 3.47	 1	 -43.1411	  174.3055
7.717	 2.58	 1	 -42.1743	  173.7954
7.723	 2.49	 1	 -38.2372	  172.1955
7.755	 2.15	 1	 -40.2812	  178.1859
7.769	 2.12	 1	 -42.2286	  168.8234
7.771	 2.55	 1	 -44.9924	  170.7347
7.774	 2.01	 1	 -39.5882	  177.4481
7.775	 2.05	 1	 -45.7698	  177.4829
7.776	 2.64	 1	 -43.3943	  172.3210
7.776	 2.07	 1	 -38.2065	  172.6034
7.777	 2.03	 1	 -42.3066	  173.7812
7.791	 3.51	 1	 -42.1884	  171.1361
7.795	 2.52	 1	 -42.9967	  174.9530
7.803	 2.35	 1	 -43.1335	  172.6720
7.808	 2.75	 1	 -44.2780	  167.2972
7.809	 2.26	 1	 -46.8851	  175.2335
7.825	 2.90	 1	 -41.8847	  170.1031
7.826	 2.95	 1	 -43.5210	  172.4321
7.831	 3.31	 1	 -41.2048	  174.4274
7.835	 2.22	 1	 -41.5426	  170.6988
7.839	 2.01	 1	 -46.9924	  174.8120
7.842	 2.28	 1	 -45.0451	  172.6356
7.845	 2.19	 1	 -41.7529	  174.1949
7.848	 2.10	 1	 -42.5629	  173.8450
7.849	 2.04	 1	 -42.1382	  175.5615
7.851	 3.82	 1	 -38.8706	  176.2453
7.857	 2.37	 1	 -41.1395	  172.2898
7.858	 2.25	 1	 -40.2795	  172.3586
7.863	 2.17	 1	 -39.2763	  171.4144
7.864	 2.15	 1	 -41.3844	  175.6416
7.876	 2.13	 1	 -42.6733	  172.7825
7.878	 2.31	 1	 -38.2334	  173.8098
7.893	 2.44	 1	 -40.3272	  173.2842
7.897	 2.18	 1	 -42.2116	  172.8110
7.899	 2.17	 1	 -42.4311	  173.8065
7.902	 2.24	 1	 -45.7131	  177.5541
7.907	 2.50	 1	 -47.1850	  172.7588
7.920	 2.88	 1	 -42.5266	  173.0983
7.920	 2.31	 1	 -42.2480	  173.7745
7.928	 2.01	 1	 -43.1069	  173.2368
7.934	 2.04	 1	 -39.6897	  177.5759
7.944	 2.08	 1	 -41.4659	  173.1449
7.949	 2.03	 1	 -42.4287	  174.1190
7.957	 2.03	 1	 -42.2839	  173.4857
7.964	 2.09	 1	 -46.9372	  175.0412
7.964	 2.07	 1	 -45.1674	  176.0310
7.973	 2.13	 1	 -39.7088	  168.4452
7.987	 2.05	 1	 -41.3796	  173.6829
8.002	 2.14	 1	 -42.5538	  166.9072
8.008	 2.01	 1	 -43.9976	  170.0303
8.014	 2.26	 1	 -41.5059	  174.0428
8.020	 2.09	 1	 -43.9336	  171.5687
8.031	 2.72	 1	 -42.7938	  172.3102
8.034	 2.12	 1	 -42.2179	  173.6717
8.039	 2.24	 1	 -40.2365	  167.8975
8.073	 2.58	 1	 -44.0944	  172.4818
8.077	 3.03	 1	 -45.7118	  175.8085
8.078	 2.33	 1	 -42.2680	  173.3515
8.084	 2.20	 1	 -41.0604	  169.2535
8.089	 2.25	 1	 -42.8873	  171.7368
8.100	 2.04	 1	 -42.3954	  173.5060
8.117	 2.52	 1	 -45.0664	  171.3737
8.121	 2.93	 1	 -41.9383	  173.8293
8.122	 3.08	 1	 -39.1159	  174.5373
8.123	 2.17	 1	 -42.4088	  173.7546
8.138	 2.23	 1	 -43.1518	  174.5316
8.140	 2.29	 1	 -42.8192	  176.0641
8.161	 2.07	 1	 -42.8386	  172.9941
8.177	 2.58	 1	 -41.0368	  178.7101
8.180	 2.54	 1	 -46.5941	  176.0634
8.185	 2.90	 1	 -43.4769	  175.1684
8.187	 2.36	 1	 -45.4895	  177.0158
8.189	 2.69	 1	 -44.8597	  169.9901
8.194	 3.09	 1	 -41.9098	  172.9401
8.195	 2.58	 1	 -43.5012	  176.2892
8.197	 2.39	 1	 -41.8409	  174.1038
8.199	 2.85	 1	 -43.1983	  170.2489
8.206	 2.59	 1	 -42.0652	  171.2235
8.211	 2.09	 1	 -41.3100	  167.5293
8.213	 2.11	 1	 -40.2930	  171.5318
8.220	 3.30	 1	 -42.0084	  173.6627
8.226	 2.15	 1	 -42.3192	  172.4136
8.231	 2.00	 1	 -42.5240	  173.3811
8.234	 2.90	 1	 -41.6900	  172.3726
8.255	 2.84	 1	 -39.1371	  169.2767
8.261	 2.59	 1	 -41.7394	  174.3278
8.261	 2.57	 1	 -42.3263	  170.6718
8.264	 2.80	 1	 -40.6969	  172.6979
8.265	 2.02	 1	 -44.5851	  172.0874
8.269	 2.72	 1	 -42.5234	  166.9087
8.269	 2.30	 1	 -44.7846	  175.7403
8.279	 2.20	 1	 -41.7075	  176.3156
8.289	 2.06	 1	 -42.5020	  173.3880
8.295	 2.10	 1	 -47.1828	  173.3472
8.301	 2.12	 1	 -47.1165	  174.1172
8.314	 2.45	 1	 -44.6980	  167.5465
8.333	 2.16	 1	 -42.8849	  172.5522
8.346	 2.96	 1	 -42.2638	  171.2102
8.352	 2.66	 1	 -40.6300	  173.0013
8.372	 2.10	 1	 -42.4892	  168.8271
8.381	 2.21	 1	 -38.5866	  170.5280
8.391	 2.58	 1	 -46.8932	  170.8395
8.404	 2.16	 1	 -39.4121	  177.2063
8.407	 2.12	 1	 -41.5981	  172.0788
8.414	 2.31	 1	 -41.0522	  178.7184
8.415	 3.65	 1	 -42.0843	  173.1966
8.418	 2.17	 1	 -42.8204	  172.3749
8.421	 2.19	 1	 -42.4938	  173.7550
8.427	 2.16	 1	 -43.3653	  174.9630
8.430	 2.41	 1	 -41.1518	  176.5565
8.439	 2.09	 1	 -43.6267	  176.6224
8.442	 2.15	 1	 -42.8784	  173.6480
8.447	 2.78	 1	 -44.5647	  175.0760
8.449	 2.31	 1	 -41.7569	  171.6146
8.461	 2.11	 1	 -47.0824	  174.3470
8.464	 2.10	 1	 -43.1784	  169.7683
8.465	 2.77	 1	 -41.2659	  173.2975
8.467	 2.60	 1	 -42.0962	  173.5809
8.479	 2.02	 1	 -45.6268	  172.4194
8.480	 2.01	 1	 -41.0036	  172.0867
8.480	 2.32	 1	 -42.5438	  173.0487
8.495	 2.72	 1	 -43.7181	  176.2529
8.496	 2.19	 1	 -42.4070	  173.7400
8.496	 2.04	 1	 -42.1215	  173.5947
8.507	 2.32	 1	 -42.5201	  169.0561
8.511	 2.23	 1	 -40.5548	  176.3799
8.512	 2.35	 1	 -42.2762	  173.4652
8.516	 2.49	 1	 -42.3332	  176.2601
8.531	 2.07	 1	 -42.6174	  175.1655
8.540	 2.03	 1	 -42.4503	  174.4521
8.546	 2.17	 1	 -46.8239	  173.0024
8.559	 2.30	 1	 -41.8789	  173.6185
8.561	 2.12	 1	 -42.8964	  172.7636
8.571	 2.68	 1	 -39.5052	  168.7068
8.575	 2.03	 1	 -40.8917	  170.6841
8.582	 2.11	 1	 -38.2025	  172.6924
8.584	 2.73	 1	 -43.7500	  173.0047
8.585	 2.41	 1	 -44.9012	  178.3511
8.585	 3.18	 1	 -44.3378	  167.3286
8.588	 3.42	 1	 -41.1033	  170.4304
8.590	 2.89	 1	 -38.2110	  172.5216
8.604	 2.29	 1	 -47.1514	  173.8136
8.611	 3.16	 1	 -42.3507	  170.4345
8.624	 3.21	 1	 -41.8539	  172.2212
8.627	 2.34	 1	 -39.1071	  169.3301
8.646	 2.11	 1	 -44.8530	  168.6620
8.649	 2.14	 1	 -41.7590	  170.5765
8.653	 2.00	 1	 -41.0867	  171.2479
8.658	 2.59	 1	 -46.1432	  172.5495
8.662	 2.73	 1	 -44.3688	  172.5430
8.666	 2.47	 2	 -38.8321	  176.2653
8.667	 2.19	 1	 -42.4289	  173.1875
8.694	 2.28	 1	 -42.8978	  172.4107
8.696	 2.20	 1	 -39.0521	  176.6133
8.702	 2.43	 1	 -41.8221	  174.0475
8.709	 2.14	 1	 -38.4752	  170.8999
8.716	 2.57	 1	 -41.8889	  173.9986
8.728	 2.33	 1	 -38.2908	  171.7721
8.729	 2.41	 1	 -41.8218	  174.6137
8.751	 2.24	 2	 -42.4295	  173.8791
8.775	 2.46	 1	 -45.0981	  177.9863
8.777	 2.30	 1	 -42.3760	  175.8645
8.777	 2.04	 1	 -42.0235	  172.7638
8.790	 2.14	 1	 -41.8568	  174.1787
8.791	 2.12	 1	 -47.1884	  172.9080
8.793	 2.57	 1	 -41.8504	  170.7374
8.808	 2.70	 1	 -43.0071	  166.9193
8.826	 2.60	 1	 -46.9889	  174.8276
8.827	 2.69	 1	 -45.7735	  173.6752
8.832	 2.03	 1	 -39.6060	  168.5732
8.878	 2.67	 1	 -44.8055	  178.4225
8.882	 2.06	 1	 -38.2151	  173.5864
8.893	 2.34	 1	 -40.7884	  171.1058
8.895	 2.44	 1	 -43.7579	  170.5601
8.915	 2.33	 1	 -46.9711	  174.9041
8.923	 2.07	 1	 -45.2905	  172.0794
8.929	 3.14	 1	 -43.7154	  175.2107
8.929	 2.12	 1	 -38.6207	  175.1485
8.940	 3.20	 1	 -44.8006	  170.5947
8.954	 2.02	 1	 -41.4957	  172.6722
8.979	 2.86	 1	 -42.1575	  177.2634
8.983	 3.14	 1	 -43.9808	  171.0249
8.988	 2.98	 1	 -42.1822	  173.4634
8.991	 2.09	 1	 -41.7600	  174.3279
8.993	 2.07	 1	 -40.9876	  170.1833
8.995	 2.77	 1	 -41.3546	  169.0260
9.002	 2.78	 1	 -44.1585	  167.2386
9.011	 2.26	 1	 -42.7025	  172.9434
9.013	 2.36	 1	 -41.4961	  178.9194
9.015	 2.47	 1	 -44.5961	  178.5647
9.016	 2.49	 1	 -42.6680	  169.9365
9.020	 2.67	 1	 -41.8241	  171.9918
9.030	 2.73	 1	 -40.9884	  167.7751
9.048	 2.82	 1	 -42.8996	  173.6449
9.049	 3.30	 1	 -42.3870	  174.1250
9.056	 2.11	 1	 -43.1604	  173.8143
9.059	 2.00	 1	 -42.4608	  174.1076
9.065	 3.44	 1	 -42.5397	  173.1271
9.065	 2.03	 1	 -38.2738	  171.8886
9.081	 2.71	 1	 -45.8038	  172.1947
9.082	 2.08	 1	 -44.4900	  178.6299
9.085	 2.50	 1	 -47.0446	  171.4836
9.087	 2.65	 1	 -42.8411	  173.7769
9.088	 2.78	 1	 -43.1750	  174.6826
9.091	 2.24	 1	 -46.7098	  170.2736
9.096	 2.04	 1	 -42.7313	  173.4300
9.109	 2.45	 1	 -43.7146	  172.7150
9.110	 2.06	 1	 -44.9560	  169.3471
9.112	 3.37	 1	 -42.0812	  172.1257
9.114	 2.81	 1	 -44.0941	  178.8352
9.118	 2.20	 1	 -39.3073	  174.9803
9.124	 2.95	 1	 -42.9356	  172.5214
9.132	 2.39	 1	 -45.8088	  168.6117
9.138	 2.92	 1	 -43.7022	  174.8839
9.142	 2.11	 1	 -41.8234	  174.3441
9.146	 2.09	 1	 -46.6072	  170.0121
9.148	 2.30	 1	 -42.5485	  173.0567
9.157	 2.66	 1	 -42.6604	  175.5124
9.160	 2.09	 1	 -40.8710	  173.8373
9.178	 3.68	 1	 -43.7074	  174.0190
9.179	 2.27	 1	 -41.8592	  174.1604
9.182	 2.11	 1	 -44.2764	  172.8595
9.183	 2.70	 1	 -43.3423	  173.3448
9.184	 2.64	 1	 -44.4210	  177.3241
9.186	 2.87	 1	 -41.7863	  171.6923
9.187	 2.64	 1	 -43.5901	  168.1634
9.196	 2.31	 1	 -42.3995	  173.3107
9.214	 2.02	 1	 -42.1934	  166.9421
9.244	 2.62	 1	 -45.4056	  173.8949
9.244	 2.15	 2	 -46.1449	  172.5484
9.245	 2.24	 3	 -46.1446	  172.5486
9.252	 2.20	 1	 -43.0625	  171.3651
9.261	 2.81	 1	 -42.5456	  173.3793
9.275	 2.36	 1	 -43.3537	  167.9243
9.288	 2.23	 1	 -41.6108	  174.4968
9.291	 2.74	 1	 -42.3727	  173.2518
9.292	 2.11	 1	 -44.8008	  173.6825
9.296	 2.10	 1	 -41.5934	  172.7374
9.304	 3.78	 1	 -41.6507	  174.3316
9.307	 2.33	 1	 -44.0346	  175.9746
9.312	 2.94	 1	 -42.2979	  179.1163
9.324	 2.86	 1	 -43.5374	  179.0310
9.329	 2.92	 1	 -47.0156	  174.7052
9.334	 2.11	 1	 -38.3334	  171.5213
9.345	 2.04	 1	 -42.8955	  172.9113
9.348	 2.42	 1	 -41.5212	  175.0884
9.362	 2.04	 1	 -41.6591	  172.0067
9.364	 2.33	 1	 -39.4679	  177.1768
9.364	 2.06	 1	 -42.6511	  173.7493
9.369	 2.52	 1	 -44.3953	  170.7848
9.421	 2.16	 1	 -43.0030	  171.8109
9.421	 2.42	 1	 -45.2599	  167.9995
9.427	 4.05	 1	 -43.2819	  170.4515
9.434	 2.38	 1	 -42.3461	  173.4707
9.439	 2.08	 1	 -47.1300	  172.0328
9.441	 3.45	 1	 -40.2413	  167.8933
9.444	 2.61	 1	 -42.2448	  173.6204
9.451	 3.01	 1	 -42.8423	  171.7324
9.460	 2.46	 2	 -42.7232	  172.6118
9.462	 2.06	 1	 -43.0289	  170.5140
9.471	 3.64	 1	 -43.0750	  173.2893
9.472	 2.28	 1	 -42.3377	  173.6846
9.479	 2.73	 1	 -43.0641	  174.3327
9.483	 2.44	 1	 -42.2165	  173.5020
9.483	 2.01	 1	 -41.6002	  172.7153
9.486	 2.22	 1	 -44.7895	  178.4340
9.489	 2.08	 1	 -41.6603	  174.2032
9.500	 2.24	 1	 -42.9376	  172.0499
9.516	 2.24	 1	 -42.6076	  172.9962
9.529	 2.32	 1	 -43.2439	  175.1196
9.531	 2.56	 1	 -43.9741	  173.6224
9.537	 2.35	 1	 -41.6220	  175.2025
9.544	 2.08	 1	 -42.4246	  174.2172
9.555	 2.15	 1	 -40.7803	  174.4721
9.566	 2.40	 1	 -41.8875	  172.3131
9.568	 2.01	 1	 -40.6763	  171.7102
9.591	 2.95	 1	 -41.3597	  173.7347
9.605	 2.26	 1	 -42.1814	  174.7717
9.609	 3.17	 1	 -40.9966	  175.4861
9.614	 2.76	 1	 -42.8225	  171.8423
9.615	 2.12	 1	 -47.1770	  173.4719
9.621	 2.15	 1	 -42.3080	  173.4669
9.622	 2.59	 1	 -42.1832	  179.1006
9.628	 2.10	 2	 -41.1770	  175.4294
9.629	 2.07	 1	 -39.6050	  174.6549
9.643	 2.02	 1	 -41.7518	  172.3985
9.644	 2.17	 1	 -41.0447	  172.2831
9.662	 2.37	 1	 -45.1788	  178.1197
9.668	 2.10	 1	 -44.3183	  172.5232
9.673	 2.18	 1	 -47.1586	  173.7339
9.685	 2.24	 1	 -41.9782	  174.0725
9.694	 2.17	 1	 -43.2397	  175.7081
9.696	 2.15	 1	 -42.3101	  173.8385
9.697	 2.96	 1	 -44.8142	  167.6282
9.700	 2.01	 1	 -45.7648	  177.4893
9.725	 2.23	 1	 -43.7434	  178.9705
9.734	 2.01	 1	 -39.5352	  168.6661
9.738	 3.18	 1	 -44.1245	  170.5175
9.741	 3.23	 1	 -47.0840	  174.3375
9.743	 2.36	 1	 -43.3040	  179.0831
9.763	 2.24	 1	 -45.2579	  171.1776
9.763	 2.01	 1	 -41.7975	  172.7584
9.766	 2.82	 1	 -41.8562	  173.2289
9.767	 2.04	 1	 -44.3885	  178.6881
9.780	 2.13	 2	 -43.9988	  171.0284
9.788	 2.09	 1	 -40.8201	  172.6052
9.796	 2.37	 1	 -41.1221	  167.2896
9.798	 2.22	 1	 -42.2672	  173.6094
9.808	 2.05	 1	 -40.5751	  172.4883
9.821	 2.17	 1	 -47.0378	  171.4484
9.859	 2.00	 1	 -41.1389	  167.2811
9.871	 2.36	 1	 -41.2588	  167.2237
9.876	 3.55	 1	 -44.4223	  174.1914
9.877	 2.09	 1	 -40.0339	  172.1768
9.884	 2.00	 1	 -43.3324	  173.5486
9.891	 2.35	 1	 -41.7987	  179.0179
9.895	 3.07	 1	 -41.0643	  173.3628
9.897	 2.05	 1	 -38.2459	  172.1128
9.904	 2.57	 1	 -41.3338	  167.4205
9.909	 2.48	 1	 -42.0388	  174.0744
9.918	 2.05	 1	 -42.9524	  174.9778
9.951	 2.05	 1	 -47.1887	  173.1101
9.964	 2.83	 1	 -40.6613	  172.6026
9.976	 2.05	 1	 -44.2627	  167.2894
9.990	 2.20	 1	 -43.4976	  174.4431
9.998	 2.04	 1	 -45.9611	  177.2235
10.000	 2.20	 1	 -44.5005	  170.2221
10.007	 2.30	 1	 -42.6269	  171.8669
10.031	 2.78	 1	 -42.2056	  169.7154
10.037	 2.05	 1	 -41.8296	  174.1979
10.045	 2.25	 1	 -43.4225	  173.6648
10.055	 2.02	 1	 -39.7731	  168.3691
10.085	 2.64	 1	 -43.2473	  170.5758
10.088	 2.01	 1	 -45.3399	  172.7884
10.092	 2.10	 1	 -44.4957	  174.1886
10.101	 2.02	 1	 -43.1525	  173.2905
10.105	 2.05	 1	 -43.1190	  174.1476
10.106	 2.34	 1	 -41.2261	  172.4726
10.108	 4.58	 1	 -44.0583	  173.1480
10.114	 2.51	 2	 -44.0428	  173.2141
10.118	 2.05	 1	 -42.0481	  173.6774
10.133	 2.27	 1	 -45.6026	  177.6861
10.157	 2.24	 1	 -42.9165	  172.6173
10.176	 3.20	 1	 -46.6086	  176.0289
10.180	 2.20	 1	 -42.1714	  171.7953
10.180	 2.20	 1	 -42.9927	  166.9180
10.187	 2.03	 1	 -43.9595	  178.8921
10.208	 2.71	 1	 -42.4931	  173.2542
10.211	 2.40	 1	 -39.1868	  176.8533
10.212	 2.27	 1	 -45.8932	  173.4732
10.217	 2.16	 1	 -41.7607	  172.1801
10.222	 2.73	 1	 -46.3001	  169.3702
10.239	 2.83	 1	 -45.1867	  169.1729
10.254	 2.69	 1	 -43.2535	  173.8096
10.255	 2.44	 2	 -41.8382	  173.8489
10.256	 2.15	 1	 -43.7709	  167.0829
10.279	 2.04	 1	 -43.6630	  176.0684
10.280	 2.64	 1	 -45.4782	  177.8246
10.281	 2.60	 1	 -39.4038	  170.2795
10.282	 2.75	 1	 -44.4658	  174.4325
10.283	 2.06	 1	 -43.7906	  173.1663
10.284	 2.16	 1	 -46.1771	  176.8888
10.286	 2.22	 1	 -43.2200	  173.1573
10.287	 2.03	 1	 -44.0855	  167.2053
10.305	 2.03	 1	 -40.3661	  172.8204
10.306	 2.17	 1	 -42.4573	  173.3640
10.307	 2.54	 1	 -42.3177	  173.8951
10.309	 3.54	 1	 -38.7158	  175.8777
10.310	 2.36	 1	 -43.4960	  170.0116
10.316	 2.05	 1	 -43.0648	  174.1012
10.319	 2.12	 1	 -40.9695	  176.3600
10.321	 2.78	 1	 -41.2693	  174.9036
10.341	 2.08	 1	 -43.2790	  174.6963
10.355	 2.51	 1	 -42.6497	  172.3964
10.372	 2.49	 1	 -41.5069	  173.2963
10.374	 2.12	 1	 -43.8245	  178.9429
10.377	 2.43	 1	 -44.3244	  171.1940
10.382	 3.18	 1	 -41.1372	  174.0145
10.385	 2.07	 1	 -41.8336	  173.8647
10.390	 2.39	 1	 -38.4811	  175.1662
10.402	 2.65	 1	 -46.3121	  176.6521
10.402	 2.44	 1	 -38.2301	  172.2698
10.404	 2.37	 1	 -42.6217	  173.1509
10.405	 3.27	 1	 -41.5836	  175.8374
10.411	 2.76	 1	 -41.5515	  170.9745
10.418	 2.06	 1	 -43.8818	  171.1678
10.421	 2.01	 2	 -44.0447	  173.2031
10.425	 2.15	 1	 -41.7690	  169.4315
10.433	 2.47	 1	 -42.2558	  172.3194
10.438	 2.01	 1	 -42.8742	  174.4949
10.471	 2.15	 1	 -42.4499	  177.0455
10.480	 2.14	 1	 -41.3879	  175.9342
10.482	 2.16	 1	 -40.4313	  178.3101
10.487	 2.01	 1	 -47.1430	  172.1477
10.495	 2.63	 1	 -44.8172	  169.8756
10.497	 2.08	 1	 -43.4293	  172.4959
10.501	 2.30	 1	 -41.9470	  173.4583
10.517	 2.66	 1	 -42.2767	  173.6928
10.518	 2.23	 1	 -44.8212	  175.5479
10.528	 2.08	 1	 -42.9506	  173.2128
10.530	 2.17	 1	 -43.2878	  173.8788
10.536	 2.49	 1	 -40.7393	  167.5117
10.545	 2.43	 1	 -42.4979	  179.1342
10.555	 2.85	 1	 -44.2650	  173.9504
10.560	 2.43	 1	 -41.1978	  173.9346
10.572	 2.12	 1	 -42.3621	  173.7681
10.588	 2.01	 1	 -43.7609	  173.2566
10.589	 3.28	 1	 -42.8612	  172.7847
10.594	 2.02	 1	 -40.3395	  167.8088
10.598	 2.90	 1	 -43.7857	  170.6961
10.613	 2.20	 1	 -41.6754	  174.2762
10.621	 2.29	 1	 -46.8315	  175.4132
10.650	 2.13	 1	 -39.4267	  168.8168
10.667	 3.22	 1	 -39.7124	  168.4409
10.678	 2.08	 1	 -39.5095	  170.6796
10.680	 3.23	 1	 -42.9815	  173.7129
10.697	 2.27	 1	 -41.8905	  174.5358
10.708	 2.82	 1	 -42.5888	  172.2160
10.711	 2.39	 1	 -45.3624	  170.5868
10.722	 2.02	 1	 -43.3051	  173.4632
10.723	 3.29	 1	 -44.1673	  177.3172
10.746	 3.57	 1	 -41.4711	  173.6855
10.758	 2.15	 1	 -38.9419	  169.6475
10.758	 2.63	 1	 -43.5633	  167.0201
10.764	 2.30	 1	 -45.4025	  177.9041
10.766	 2.02	 1	 -43.1135	  166.9312
10.799	 2.46	 1	 -40.5003	  178.3636
10.809	 2.48	 1	 -39.4407	  177.2475
10.814	 2.35	 1	 -41.7748	  174.6853
10.827	 2.15	 1	 -44.7384	  172.8486
10.832	 2.16	 1	 -46.7486	  170.3812
10.836	 2.44	 1	 -47.0087	  174.7377
10.840	 3.27	 1	 -41.7493	  174.2950
10.841	 2.75	 1	 -42.2955	  173.3606
10.919	 2.49	 1	 -41.7799	  174.0569
10.931	 3.09	 1	 -43.8833	  172.3071
10.931	 2.01	 1	 -40.6070	  171.3472
10.932	 2.47	 1	 -40.5529	  178.4030
10.959	 2.71	 1	 -46.3970	  169.5544
10.969	 3.08	 1	 -43.9269	  177.3256
10.981	 2.50	 2	 -41.6890	  174.2918
10.992	 2.21	 1	 -42.0083	  174.0521
10.995	 2.02	 1	 -44.7763	  174.1627
11.006	 2.50	 1	 -42.3298	  174.1794
11.019	 2.48	 1	 -43.8358	  173.0509
11.019	 2.57	 1	 -46.4488	  176.3851
11.023	 2.17	 1	 -40.6595	  169.0263
11.035	 2.36	 1	 -44.0418	  167.1862
11.046	 2.55	 1	 -45.1213	  174.5757
11.060	 2.77	 1	 -43.0274	  171.4296
11.066	 2.10	 1	 -42.3562	  177.6217
11.067	 2.23	 1	 -41.8386	  174.1215
11.078	 2.09	 1	 -44.3177	  169.6076
11.086	 2.47	 1	 -47.0347	  174.6116
11.108	 2.29	 1	 -39.0803	  169.3787
11.122	 2.11	 1	 -41.4384	  173.7987
11.123	 2.10	 1	 -44.7960	  174.2871
11.125	 4.11	 1	 -43.0175	  172.8746
11.128	 2.47	 1	 -43.7750	  172.4595
11.128	 2.17	 2	 -41.8057	  179.0477
11.135	 2.19	 1	 -42.3353	  171.0605
11.137	 2.14	 1	 -38.6635	  170.3056
11.142	 2.45	 1	 -41.3056	  169.0518
11.155	 2.69	 1	 -44.4658	  170.1677
11.155	 2.08	 1	 -42.6008	  171.9998
11.156	 2.32	 1	 -40.0944	  171.3425
11.164	 2.15	 1	 -42.7712	  168.6231
11.168	 2.26	 1	 -42.3909	  173.4262
11.172	 2.26	 1	 -41.6362	  178.9687
11.182	 2.83	 1	 -46.3761	  169.5135
11.195	 2.10	 1	 -44.5484	  169.6530
11.210	 2.50	 1	 -41.8482	  174.1631
11.219	 2.31	 1	 -45.0896	  178.1982
11.247	 2.65	 1	 -41.7215	  172.3746
11.254	 2.19	 1	 -41.9799	  166.9817
11.261	 2.64	 1	 -42.6046	  172.9521
11.268	 2.07	 1	 -38.4272	  174.9587
11.277	 2.23	 1	 -42.5076	  172.1560
11.281	 2.17	 1	 -39.3911	  176.7569
11.289	 3.95	 1	 -42.8381	  169.3249
11.290	 2.14	 1	 -41.9873	  173.6867
11.297	 2.06	 1	 -44.4920	  167.4156
11.306	 2.03	 1	 -43.3616	  179.0718
11.319	 2.08	 1	 -43.0338	  171.8400
11.320	 2.11	 1	 -46.1474	  176.9379
11.325	 2.50	 1	 -38.2357	  173.8336
11.337	 2.56	 1	 -42.3072	  172.5684
11.340	 2.22	 1	 -44.7323	  174.3104
11.342	 2.21	 1	 -46.3227	  172.4586
11.343	 2.08	 1	 -47.1843	  172.7377
11.344	 2.52	 1	 -44.9101	  175.1606
11.345	 2.03	 1	 -45.0970	  170.6967
11.355	 2.09	 1	 -38.2523	  173.9878
11.372	 2.26	 1	 -39.5614	  177.4129
11.380	 2.11	 1	 -40.7872	  168.6991
11.381	 2.48	 1	 -41.9882	  173.0812
11.387	 2.04	 1	 -43.3845	  179.0671
11.398	 2.38	 1	 -41.9986	  176.8544
11.420	 2.01	 1	 -45.1351	  173.9664
11.438	 2.20	 1	 -41.6865	  173.4314
11.444	 3.02	 1	 -43.6050	  178.8065
11.445	 2.08	 1	 -43.4025	  174.5315
11.468	 2.15	 1	 -38.9434	  172.9769
11.471	 2.10	 1	 -42.9370	  172.0662
11.471	 2.05	 1	 -43.6063	  177.4202
11.475	 2.01	 1	 -43.9104	  171.0225
11.485	 2.90	 1	 -42.9390	  173.9640
11.494	 2.16	 1	 -43.6151	  169.4529
11.513	 2.68	 1	 -39.4708	  168.7544
11.518	 2.65	 2	 -43.3160	  172.3436
11.527	 3.32	 1	 -39.2088	  169.1540
11.528	 2.14	 1	 -41.3035	  173.9986
11.528	 2.11	 1	 -45.2028	  174.5979
11.572	 3.49	 1	 -42.9419	  172.2172
11.586	 2.63	 1	 -42.5997	  179.1386
11.611	 2.09	 1	 -41.9560	  173.9177
11.613	 2.29	 1	 -42.1175	  172.4793
11.616	 2.66	 1	 -41.1413	  170.3920
11.617	 2.10	 1	 -46.4508	  169.6633
11.628	 2.87	 1	 -46.7216	  175.7384
11.647	 2.35	 1	 -42.2995	  172.1082
11.651	 2.50	 1	 -40.1851	  178.1005
11.657	 2.02	 1	 -41.0932	  173.4084
11.669	 3.18	 1	 -43.4748	  172.2874
11.677	 2.14	 1	 -42.7528	  174.8075
11.699	 2.87	 1	 -42.9462	  172.7235
11.717	 2.09	 1	 -38.1976	  173.1864
11.726	 2.19	 1	 -42.4385	  175.1104
11.727	 2.33	 1	 -44.0918	  170.0266
11.757	 2.53	 1	 -42.3429	  174.5111
11.765	 2.30	 1	 -46.4444	  173.4883
11.770	 2.01	 1	 -42.5257	  173.0849
11.771	 2.77	 1	 -42.8459	  171.9470
11.776	 2.13	 1	 -38.5944	  175.5401
11.779	 2.40	 1	 -41.9350	  173.4668
11.794	 2.25	 1	 -43.5728	  179.0216
11.796	 2.74	 1	 -39.6478	  168.8503
11.811	 2.02	 1	 -44.7586	  170.8008
11.814	 2.15	 1	 -45.7633	  177.4912
11.815	 2.05	 1	 -39.2762	  177.0000
11.831	 2.74	 1	 -40.8103	  172.8793
11.831	 2.44	 1	 -42.4196	  174.8851
11.835	 2.89	 1	 -44.7056	  173.4844
11.842	 2.56	 1	 -42.3597	  173.7658
11.850	 2.33	 1	 -41.8193	  174.2268
11.852	 3.00	 1	 -41.1750	  172.5421
11.855	 2.54	 1	 -44.4066	  174.6069
11.859	 2.52	 1	 -42.3956	  173.1946
11.874	 3.20	 1	 -41.7460	  174.1715
11.882	 2.04	 1	 -41.9688	  178.9205
11.888	 2.41	 1	 -41.6379	  174.1479
11.894	 2.65	 1	 -39.6305	  177.5023
11.900	 2.50	 1	 -38.4757	  171.5167
11.930	 2.34	 1	 -42.1089	  173.7180
11.931	 2.21	 1	 -42.1975	  173.2196
11.940	 2.24	 1	 -43.2468	  171.4925
11.941	 2.49	 1	 -46.9928	  174.8100
11.960	 2.44	 1	 -38.1965	  172.9282
11.963	 2.89	 1	 -42.5861	  170.3790
11.965	 3.34	 1	 -43.2447	  169.7006
11.986	 2.06	 1	 -44.9795	  172.3534
11.996	 2.35	 1	 -43.5393	  170.3114
11.997	 2.17	 1	 -42.7861	  170.6410
12.001	 2.64	 1	 -41.1517	  178.7696
12.017	 2.63	 1	 -44.1939	  172.8452
12.041	 3.12	 1	 -44.5590	  172.2607
12.042	 2.19	 1	 -43.1043	  168.2422
12.053	 2.34	 1	 -42.2580	  173.9876
12.057	 3.05	 1	 -42.6372	  168.3609
12.064	 3.20	 1	 -44.3209	  172.5664
12.065	 2.34	 1	 -41.0781	  167.3122
12.077	 2.43	 1	 -41.6852	  178.9845
12.078	 2.56	 1	 -42.6234	  173.2907
12.079	 2.28	 1	 -40.8775	  167.4248
12.090	 3.08	 1	 -43.3565	  179.0729
12.091	 2.15	 1	 -42.3169	  179.1186
12.092	 2.29	 1	 -43.6265	  177.8575
12.117	 2.12	 1	 -40.4261	  167.7383
12.119	 2.31	 1	 -43.4621	  179.0497
12.120	 2.00	 1	 -43.0397	  173.9924
12.127	 3.35	 1	 -44.6926	  176.1809
12.151	 2.85	 1	 -42.8664	  173.2773
12.180	 4.07	 1	 -41.1989	  173.6888
12.183	 2.13	 1	 -41.0002	  174.0741
12.186	 2.12	 1	 -43.5556	  171.4140
12.189	 2.83	 1	 -41.1575	  168.7238
12.201	 2.35	 1	 -41.9212	  172.7915
12.209	 2.40	 1	 -42.9229	  169.3366
12.233	 2.30	 1	 -45.2094	  175.4679
12.235	 2.76	 1	 -46.2839	  173.2490
12.236	 2.58	 1	 -46.8108	  170.5659
12.237	 2.81	 1	 -41.8137	  173.8629
12.246	 3.87	 1	 -47.1833	  173.3330
12.253	 2.07	 1	 -43.0718	  170.4347
12.266	 2.07	 1	 -40.1171	  178.0370
12.290	 2.19	 1	 -44.3717	  173.8533
12.313	 2.26	 1	 -42.5348	  172.5900
12.314	 2.32	 1	 -39.2333	  176.9308
12.315	 2.05	 1	 -42.3349	  173.0248
12.346	 4.27	 1	 -42.7328	  173.5630
12.346	 2.58	 2	 -42.7539	  173.4471
12.347	 2.98	 2	 -42.7373	  173.5600
12.347	 2.19	 1	 -44.6668	  174.9824
12.368	 2.84	 1	 -45.3902	  177.9167
12.379	 2.00	 1	 -43.8013	  173.2893
12.412	 4.28	 1	 -39.5142	  177.3498
12.424	 4.23	 1	 -44.4088	  172.8088
12.424	 2.31	 1	 -46.9705	  174.9066
12.435	 2.10	 1	 -44.8382	  172.7185
12.444	 3.22	 1	 -38.2082	  173.4742
12.454	 2.52	 1	 -39.6051	  168.5744
12.455	 2.65	 1	 -40.8222	  171.8864
12.461	 2.03	 1	 -41.9257	  174.1024
12.470	 2.76	 1	 -42.4991	  175.5854
12.496	 2.78	 1	 -42.2227	  174.9954
12.497	 2.06	 1	 -45.1075	  174.9049
12.498	 2.13	 1	 -38.1970	  172.8864
12.517	 2.00	 1	 -42.0184	  174.6225
12.524	 2.27	 1	 -42.4131	  173.8100
12.554	 3.11	 1	 -44.3484	  169.6343
12.571	 2.01	 1	 -42.3280	  173.9520
12.592	 2.33	 1	 -46.9850	  171.1996
12.604	 3.20	 1	 -42.3456	  175.4700
12.623	 2.73	 1	 -42.8377	  174.1092
12.631	 2.03	 1	 -41.0287	  177.7594
12.631	 2.22	 1	 -41.7507	  170.9487
12.647	 3.15	 1	 -46.5915	  172.8238
12.647	 2.77	 1	 -41.7686	  172.2552
12.662	 3.93	 1	 -39.9002	  177.8174
12.665	 2.32	 2	 -42.7895	  169.3407
12.675	 2.00	 1	 -41.4272	  174.4855
12.698	 2.06	 1	 -43.9269	  172.5786
12.714	 2.85	 1	 -42.2882	  170.2520
12.738	 2.09	 1	 -42.8670	  171.7638
12.742	 2.63	 1	 -42.0085	  173.4848
12.758	 2.60	 1	 -40.9145	  176.1337
12.767	 4.24	 1	 -41.3246	  172.4813
12.783	 2.67	 2	 -41.3449	  172.4944
12.794	 3.26	 1	 -42.9732	  169.4382
12.796	 2.04	 1	 -38.1960	  172.9991
12.819	 2.24	 1	 -47.0651	  171.5949
12.824	 3.00	 1	 -40.8028	  171.9466
12.830	 2.13	 1	 -42.2938	  174.8598
12.851	 2.72	 1	 -44.7089	  174.7408
12.857	 2.88	 1	 -40.7372	  171.2201
12.859	 2.12	 2	 -41.3002	  172.4673
12.862	 2.01	 1	 -39.9054	  168.2213
12.885	 2.11	 1	 -43.1585	  174.7260
12.889	 2.21	 1	 -38.8081	  172.2258
12.891	 3.22	 1	 -47.1828	  172.6962
12.904	 2.01	 1	 -42.6885	  174.8075
12.963	 2.43	 1	 -44.0523	  171.8707
12.975	 2.08	 1	 -44.0288	  172.4135
12.991	 2.31	 1	 -42.0383	  173.7432
13.013	 2.21	 1	 -42.2973	  173.8140
13.022	 2.04	 1	 -44.2310	  173.7916
13.025	 2.61	 1	 -39.5878	  177.4475
13.028	 2.54	 1	 -47.1780	  173.4520
13.030	 2.06	 1	 -46.2785	  171.3123
13.032	 2.15	 1	 -44.7383	  172.1658
13.033	 2.46	 1	 -45.6569	  168.4220
13.043	 2.21	 1	 -41.8111	  174.2961
13.056	 2.96	 1	 -43.7912	  178.9545
13.093	 2.15	 1	 -40.7263	  169.6431
13.106	 2.07	 1	 -38.4800	  175.1621
13.113	 2.61	 1	 -41.1310	  173.4146
13.126	 2.33	 1	 -45.9585	  168.8171
13.129	 2.86	 1	 -42.3862	  173.6868
13.132	 2.09	 1	 -44.9270	  178.3311
13.139	 2.00	 1	 -45.7771	  168.5706
13.148	 2.41	 1	 -42.7748	  176.0347
13.153	 2.80	 1	 -41.8082	  173.8577
13.156	 2.99	 1	 -42.6485	  172.8719
13.162	 2.10	 1	 -45.9341	  168.7822
13.164	 2.34	 1	 -41.4149	  168.8125
13.168	 2.32	 1	 -46.7770	  170.4635
13.170	 2.14	 1	 -44.5414	  178.5989
13.171	 2.19	 1	 -42.8595	  174.8517
13.182	 2.70	 1	 -41.9414	  169.6898
13.228	 2.45	 1	 -43.1054	  171.3751
13.248	 2.03	 1	 -41.1138	  168.1735
13.254	 2.07	 1	 -38.8837	  176.2740
13.258	 2.22	 1	 -40.5352	  168.7741
13.259	 3.14	 1	 -42.2862	  173.6033
13.268	 2.06	 1	 -40.8125	  170.7174
13.273	 3.10	 1	 -46.1202	  176.9819
13.280	 2.45	 1	 -43.0640	  179.1190
13.287	 2.22	 1	 -44.5315	  178.6049
13.320	 2.28	 1	 -42.8727	  171.5871
13.321	 2.34	 1	 -46.8504	  170.6926
13.340	 2.90	 1	 -43.8109	  171.8498
13.362	 2.08	 2	 -46.9868	  171.1926
13.371	 2.87	 1	 -42.3285	  173.6917
13.372	 3.06	 1	 -42.2904	  172.6883
13.375	 2.70	 1	 -46.2706	  173.5639
13.380	 2.76	 1	 -42.1227	  179.0906
13.382	 2.42	 1	 -42.8312	  173.8401
13.407	 2.03	 1	 -45.5077	  171.5392
13.410	 2.24	 1	 -44.1870	  169.1413
13.420	 2.02	 1	 -42.8316	  172.9970
13.423	 2.44	 1	 -42.0106	  173.0016
13.429	 2.23	 1	 -38.8006	  169.9579
13.451	 2.19	 1	 -42.1353	  166.9515
13.455	 2.89	 1	 -42.7876	  175.8614
13.456	 3.20	 1	 -41.9249	  174.1878
13.479	 2.21	 1	 -45.8059	  172.6566
13.487	 2.27	 1	 -38.2635	  171.9651
13.515	 2.48	 1	 -42.0202	  171.5090
13.516	 2.42	 1	 -42.4418	  179.1304
13.520	 2.60	 1	 -40.7164	  172.0444
13.530	 2.02	 1	 -45.1022	  171.1469
13.531	 2.14	 1	 -42.3872	  174.4229
13.535	 2.20	 1	 -43.7447	  173.2569
13.536	 2.14	 1	 -43.8859	  178.9206
13.541	 2.07	 1	 -44.3489	  176.2725
13.544	 2.29	 1	 -39.2996	  177.0369
13.552	 3.08	 2	 -44.3653	  173.8482
13.555	 2.01	 1	 -43.9495	  173.1178
13.558	 2.04	 1	 -42.7474	  171.7718
13.560	 2.02	 1	 -44.8305	  173.5800
13.587	 2.89	 1	 -45.3310	  168.0682
13.593	 2.27	 1	 -42.4745	  179.1328
13.594	 2.89	 1	 -43.2223	  173.6045
13.622	 2.98	 1	 -42.6810	  170.9957
13.652	 2.72	 2	 -46.9479	  174.9000
13.653	 2.26	 1	 -39.0859	  169.3685
13.653	 3.10	 1	 -40.0077	  177.9297
13.653	 2.84	 1	 -42.0824	  174.1732
13.660	 3.05	 1	 -43.1494	  174.6367
13.665	 2.78	 1	 -41.9843	  171.8087
13.665	 2.21	 1	 -46.4301	  171.3091
13.689	 2.20	 1	 -39.8959	  168.2316
13.691	 3.11	 1	 -42.9511	  177.5506
13.710	 2.18	 1	 -44.0307	  176.4874
13.717	 3.50	 1	 -41.3110	  169.4304
13.718	 2.99	 1	 -45.4888	  173.1129
13.720	 2.37	 1	 -41.6975	  174.0989
13.740	 2.07	 1	 -43.2788	  171.3096
13.741	 2.95	 1	 -38.5107	  170.7734
13.748	 2.79	 1	 -41.7710	  174.2859
13.754	 2.55	 1	 -42.9868	  177.2395
13.755	 2.12	 1	 -43.6290	  172.3064
13.773	 2.31	 1	 -43.5878	  176.0673
13.813	 2.93	 1	 -46.9148	  170.9180
13.820	 2.28	 1	 -43.3009	  174.5031
13.865	 2.10	 1	 -44.4779	  172.6552
13.891	 2.73	 1	 -46.2525	  176.7596
13.898	 2.45	 1	 -40.8232	  174.1830
13.900	 2.59	 1	 -43.6362	  167.0406
13.907	 2.25	 1	 -41.7324	  174.2788
13.919	 2.09	 1	 -44.5590	  174.8284
13.951	 2.19	 1	 -41.2508	  171.8555
13.958	 2.03	 1	 -44.4314	  173.4943
13.960	 2.05	 1	 -41.5689	  176.4515
13.966	 2.83	 1	 -45.3287	  173.0350
13.969	 2.17	 1	 -39.4056	  177.1969
13.975	 2.53	 1	 -45.0559	  178.2268
13.981	 2.41	 1	 -45.7807	  168.5753
