# Simulation 517
# RelativeTime(days) Magnitude Generation Latitude Longitude
Time Mag Gen Lat Lon
7.005	 2.69	 1	 -43.7818	  172.8877
7.011	 2.13	 1	 -43.0335	  178.1072
7.014	 2.96	 1	 -44.3674	  175.0804
7.014	 2.24	 1	 -42.4579	  173.5689
7.016	 2.10	 1	 -42.7996	  173.3744
7.017	 2.11	 1	 -47.0433	  171.4769
7.019	 2.91	 1	 -41.8467	  172.0603
7.020	 2.12	 1	 -44.5771	  173.6336
7.025	 2.06	 1	 -44.3241	  173.9410
7.029	 2.52	 1	 -42.0872	  173.4874
7.036	 2.35	 1	 -40.4416	  171.1042
7.038	 2.66	 1	 -41.7305	  174.4846
7.040	 2.64	 1	 -38.8490	  169.8469
7.040	 2.20	 1	 -45.7603	  177.4950
7.040	 2.04	 1	 -45.0548	  171.6391
7.045	 2.85	 1	 -40.7626	  178.5361
7.046	 2.26	 1	 -44.5120	  172.8331
7.052	 2.12	 1	 -42.0988	  168.0361
7.056	 2.17	 1	 -46.6007	  176.0478
7.065	 2.86	 1	 -40.6634	  177.5166
7.070	 2.01	 1	 -45.1907	  172.2228
7.071	 2.43	 1	 -43.1639	  179.1062
7.074	 2.16	 1	 -41.9916	  166.9791
7.077	 2.43	 1	 -38.3844	  174.7746
7.085	 2.13	 1	 -42.6378	  172.9630
7.100	 2.80	 1	 -40.3362	  167.8116
7.106	 2.75	 1	 -43.2221	  171.3237
7.106	 3.70	 1	 -46.8409	  170.6613
7.115	 2.02	 1	 -43.3589	  173.6964
7.125	 2.52	 1	 -46.7038	  175.7869
7.128	 2.65	 1	 -39.9704	  177.8915
7.144	 2.52	 1	 -40.0211	  177.1966
7.146	 2.60	 1	 -46.4923	  169.7508
7.151	 2.06	 1	 -42.9097	  175.2299
7.151	 2.01	 1	 -42.9461	  179.1302
7.161	 2.08	 1	 -38.3843	  174.7741
7.162	 2.06	 1	 -42.7465	  175.2197
7.166	 2.40	 1	 -43.1987	  170.2232
7.167	 2.58	 1	 -41.9265	  173.1179
7.169	 2.76	 2	 -47.1072	  173.1375
7.175	 2.26	 1	 -42.6364	  172.0824
7.176	 2.26	 1	 -42.5153	  166.9091
7.188	 2.28	 1	 -40.4159	  170.1146
7.192	 2.21	 1	 -41.9175	  174.1350
7.192	 2.29	 1	 -47.0770	  174.3798
7.199	 2.21	 1	 -46.8302	  170.6270
7.205	 4.57	 1	 -44.6342	  171.8506
7.205	 2.11	 1	 -42.5619	  173.4494
7.210	 2.78	 1	 -41.8862	  174.1984
7.210	 3.03	 1	 -43.1021	  179.1145
7.214	 2.58	 1	 -41.9751	  170.7172
7.218	 2.29	 1	 -41.4639	  172.3744
7.222	 2.20	 1	 -40.4568	  174.6877
7.223	 3.09	 2	 -42.5157	  166.9071
7.226	 2.64	 1	 -38.7048	  170.1951
7.238	 2.52	 1	 -44.9183	  178.3379
7.238	 2.75	 2	 -44.6514	  171.8423
7.250	 2.05	 1	 -45.2396	  170.2855
7.250	 2.02	 1	 -40.2935	  170.3582
7.253	 2.15	 1	 -41.3324	  171.8165
7.254	 2.08	 1	 -41.2602	  169.2791
7.258	 2.04	 1	 -39.2156	  176.9015
7.270	 2.10	 1	 -38.9557	  169.6193
7.273	 2.75	 1	 -41.9601	  175.1269
7.274	 2.10	 1	 -45.2628	  171.1573
7.280	 2.27	 1	 -44.9722	  171.3298
7.307	 2.07	 1	 -42.4113	  174.8850
7.308	 2.40	 1	 -41.7599	  173.3361
7.309	 2.39	 1	 -41.2903	  174.0932
7.311	 2.17	 2	 -44.6379	  171.8329
7.314	 2.27	 1	 -40.5540	  178.4037
7.316	 2.28	 2	 -41.7919	  173.3501
7.321	 2.27	 2	 -44.6232	  171.8513
7.327	 2.26	 2	 -44.6458	  171.8722
7.334	 2.29	 1	 -44.5603	  173.6349
7.335	 2.04	 1	 -41.6301	  167.0776
7.345	 2.23	 1	 -41.9666	  173.7221
7.360	 2.22	 1	 -44.2411	  173.0435
7.368	 2.00	 1	 -42.4102	  166.9164
7.371	 2.83	 1	 -42.7012	  171.0009
7.372	 2.26	 1	 -44.4155	  167.3712
7.373	 2.22	 1	 -40.6810	  167.6624
7.381	 2.77	 1	 -38.7043	  170.1965
7.387	 2.76	 1	 -41.9833	  173.7001
7.387	 2.46	 2	 -42.7060	  170.9984
7.395	 2.12	 1	 -42.8167	  177.3058
7.398	 2.27	 1	 -42.3236	  173.7516
7.403	 2.06	 1	 -46.0659	  177.0672
7.409	 2.08	 1	 -40.5832	  174.1603
7.415	 2.22	 1	 -42.8392	  172.7029
7.431	 2.07	 1	 -38.3134	  171.6331
7.435	 2.29	 1	 -41.4982	  173.8405
7.440	 2.49	 1	 -38.2298	  172.2725
7.443	 2.26	 1	 -42.4348	  173.7863
7.451	 2.13	 1	 -42.3496	  173.0686
7.452	 2.27	 1	 -38.6263	  170.4103
7.455	 2.30	 1	 -45.1437	  173.2715
7.457	 2.06	 1	 -46.0431	  171.9847
7.461	 2.26	 1	 -42.5472	  168.7195
7.462	 2.26	 1	 -46.2956	  169.5580
7.462	 2.36	 2	 -38.2253	  172.2746
7.464	 2.78	 1	 -42.3107	  173.5025
7.477	 2.54	 1	 -39.2831	  169.0334
7.478	 2.07	 2	 -44.6227	  171.8320
7.482	 3.24	 1	 -41.8707	  173.9783
7.482	 2.04	 1	 -44.2596	  167.2879
7.486	 2.31	 1	 -46.9574	  171.0833
7.490	 2.48	 1	 -38.9703	  176.4544
7.491	 2.24	 2	 -46.8886	  171.1339
7.495	 2.03	 1	 -44.0166	  171.4769
7.508	 2.02	 1	 -40.0725	  174.0505
7.510	 2.23	 1	 -43.0796	  171.2492
7.519	 3.33	 1	 -43.6770	  172.8014
7.526	 2.70	 1	 -43.9391	  176.9182
7.528	 2.71	 1	 -42.2793	  173.8902
7.537	 2.16	 1	 -40.4933	  174.3796
7.543	 3.40	 1	 -41.4622	  173.1276
7.548	 2.25	 1	 -42.4465	  166.9135
7.548	 2.62	 1	 -40.2398	  178.1497
7.553	 2.85	 1	 -43.4714	  175.1046
7.555	 2.14	 1	 -42.3595	  176.5896
7.556	 2.16	 1	 -41.8953	  179.0430
7.557	 2.64	 1	 -42.2005	  173.6073
7.559	 2.04	 1	 -40.9387	  172.6318
7.576	 2.30	 1	 -44.1428	  172.1460
7.580	 2.60	 2	 -44.1041	  171.4596
7.590	 2.22	 1	 -41.4889	  171.9079
7.595	 2.41	 1	 -39.9865	  177.9082
7.597	 2.31	 1	 -42.2256	  173.7432
7.603	 2.05	 1	 -43.0692	  166.9258
7.608	 2.26	 1	 -44.1760	  178.7974
7.612	 3.86	 1	 -42.4249	  171.4995
7.614	 2.11	 1	 -43.3790	  172.3554
7.621	 3.03	 1	 -40.6725	  178.4879
7.633	 2.10	 1	 -40.2503	  178.1590
7.634	 2.06	 1	 -40.9887	  171.3320
7.636	 2.05	 1	 -39.9451	  168.6677
7.647	 2.17	 1	 -47.0833	  174.3418
7.654	 2.31	 1	 -47.1854	  173.2709
7.661	 3.35	 1	 -42.1035	  174.0236
7.668	 2.03	 1	 -40.9974	  171.8338
7.679	 2.62	 1	 -41.7860	  174.2773
7.701	 3.05	 1	 -41.5555	  174.7898
7.703	 2.60	 1	 -44.9329	  167.7177
7.712	 2.12	 1	 -42.2478	  173.5672
7.713	 3.40	 1	 -40.9926	  171.4633
7.731	 4.05	 2	 -42.0962	  174.0257
7.733	 2.65	 3	 -42.0755	  174.0545
7.738	 2.68	 1	 -43.5646	  172.7168
7.741	 2.19	 1	 -38.9122	  169.7095
7.741	 2.31	 1	 -42.7634	  174.2412
7.744	 2.88	 3	 -42.1331	  173.9580
7.747	 2.38	 2	 -41.8526	  174.0596
7.755	 2.37	 1	 -39.8588	  174.6858
7.788	 2.18	 1	 -39.7610	  173.3760
7.792	 2.03	 1	 -42.3409	  173.7046
7.794	 2.18	 1	 -43.2648	  175.9873
7.795	 2.01	 1	 -43.3809	  173.5833
7.795	 2.50	 1	 -44.0825	  171.2955
7.814	 2.75	 1	 -41.8166	  174.2204
7.823	 2.16	 1	 -47.1610	  172.3385
7.825	 2.05	 1	 -45.4558	  177.8484
7.826	 3.01	 1	 -43.2366	  167.5746
7.828	 2.19	 1	 -44.7250	  168.7159
7.832	 2.40	 1	 -42.0302	  172.1621
7.841	 2.67	 1	 -41.8658	  172.5982
7.846	 2.13	 1	 -38.2138	  173.5674
7.857	 2.28	 1	 -42.1184	  166.9544
7.865	 2.03	 1	 -40.8669	  174.3028
7.867	 2.97	 1	 -44.9032	  178.0834
7.870	 2.01	 1	 -43.9962	  170.9595
7.874	 2.75	 1	 -38.4654	  175.1082
7.894	 2.40	 1	 -44.6574	  177.9999
7.897	 2.15	 1	 -38.1961	  172.9690
7.901	 2.47	 1	 -44.2963	  175.9194
7.903	 2.05	 1	 -46.7433	  174.3871
7.909	 2.77	 1	 -39.4801	  177.3029
7.918	 2.24	 1	 -45.1667	  167.9137
7.923	 2.54	 1	 -44.8008	  171.7438
7.932	 2.32	 1	 -39.2633	  173.3033
7.933	 2.41	 1	 -44.4220	  167.3749
7.934	 2.15	 1	 -42.8024	  174.8359
7.940	 2.55	 1	 -41.3367	  175.2455
7.943	 2.04	 2	 -42.6356	  172.0768
7.944	 2.44	 1	 -41.4515	  175.4408
7.946	 2.04	 1	 -43.6782	  173.8752
7.949	 2.03	 1	 -43.2607	  168.8702
7.955	 2.01	 1	 -41.8894	  174.1929
7.961	 2.26	 1	 -41.6936	  174.1466
7.962	 2.51	 1	 -41.1653	  171.6085
7.967	 2.21	 1	 -40.5790	  174.9816
7.971	 2.17	 1	 -39.6032	  176.5025
7.973	 3.06	 1	 -39.0687	  176.6442
7.975	 2.32	 1	 -41.4078	  178.8849
7.978	 2.33	 1	 -47.1859	  173.2536
7.982	 2.78	 1	 -41.2883	  173.5317
7.985	 3.32	 2	 -36.8679	  172.4350
8.015	 3.16	 1	 -42.7234	  174.2684
8.015	 2.10	 1	 -39.6037	  168.5762
8.024	 2.12	 1	 -39.5480	  168.6491
8.029	 2.27	 1	 -38.3550	  171.4091
8.033	 2.03	 2	 -42.7180	  174.2808
8.034	 2.21	 2	 -39.6006	  168.5679
8.052	 2.14	 1	 -43.2802	  172.7890
8.056	 2.68	 1	 -40.7710	  178.5532
8.061	 3.27	 1	 -45.9021	  169.9083
8.066	 2.08	 1	 -40.3931	  167.7647
8.080	 2.14	 1	 -41.4210	  174.4827
8.095	 3.54	 1	 -42.9294	  179.1022
8.103	 2.14	 1	 -41.8793	  174.1867
8.104	 2.34	 1	 -43.4371	  170.4096
8.109	 2.14	 1	 -42.3764	  172.4832
8.110	 2.87	 1	 -41.7659	  174.3054
8.110	 2.05	 1	 -40.0938	  169.7047
8.120	 2.05	 2	 -41.9090	  178.9957
8.123	 2.20	 1	 -40.9479	  173.3669
8.128	 2.75	 1	 -40.8288	  172.9576
8.129	 2.79	 1	 -43.6463	  174.1131
8.132	 2.55	 1	 -43.2319	  170.3204
8.133	 2.02	 1	 -45.1017	  167.8565
8.133	 2.02	 1	 -47.1858	  172.7853
8.140	 2.05	 1	 -44.0921	  172.8544
8.150	 3.31	 1	 -43.0859	  173.0854
8.154	 2.18	 1	 -46.8593	  174.9868
8.155	 2.84	 1	 -44.5902	  167.4758
8.157	 2.45	 1	 -44.8496	  172.4263
8.160	 2.47	 1	 -47.1887	  173.1087
8.164	 2.26	 1	 -44.2091	  173.5266
8.165	 3.05	 1	 -41.1595	  173.8239
8.166	 2.29	 1	 -41.9220	  174.0612
8.168	 2.15	 2	 -43.2304	  170.3242
8.169	 2.88	 1	 -43.5248	  179.0342
8.182	 2.62	 1	 -40.1261	  178.0456
8.187	 2.62	 1	 -41.0308	  178.7068
8.190	 2.68	 1	 -40.5795	  171.2602
8.199	 2.08	 1	 -43.0196	  166.9205
8.201	 2.29	 1	 -42.8701	  172.2501
8.203	 2.26	 1	 -41.6924	  172.3660
8.203	 2.40	 1	 -46.7840	  174.5607
8.204	 3.24	 1	 -41.1046	  178.5920
8.206	 2.03	 1	 -42.4737	  179.1327
8.208	 2.57	 1	 -38.6926	  175.8172
8.224	 2.69	 1	 -42.1524	  177.7813
8.231	 3.00	 1	 -38.3494	  171.4374
8.245	 2.16	 1	 -42.8294	  175.0960
8.247	 2.27	 1	 -44.7440	  171.6361
8.250	 2.21	 1	 -44.3250	  174.4221
8.257	 2.05	 1	 -47.0414	  171.4666
8.276	 2.44	 1	 -45.2147	  178.0870
8.281	 2.11	 1	 -42.9758	  174.6483
8.283	 2.59	 1	 -43.5971	  176.4897
8.288	 4.14	 1	 -44.1003	  169.3577
8.290	 2.30	 1	 -41.3879	  167.5509
8.306	 2.65	 1	 -44.5693	  171.5821
8.308	 2.20	 1	 -39.1142	  169.3173
8.310	 2.17	 1	 -41.4452	  175.7307
8.311	 2.88	 1	 -38.5750	  175.4806
8.316	 3.82	 1	 -41.5331	  178.9331
8.319	 2.60	 1	 -41.1935	  174.3513
8.320	 2.14	 1	 -44.5343	  178.6032
8.327	 2.25	 1	 -40.9821	  167.3642
8.329	 2.07	 1	 -43.0047	  174.5020
8.330	 2.10	 2	 -44.1572	  169.5122
8.333	 3.48	 1	 -45.5761	  169.4080
8.334	 2.64	 1	 -43.5658	  178.6774
8.335	 2.63	 1	 -43.0828	  179.1169
8.339	 2.22	 2	 -41.4749	  179.1230
8.342	 2.56	 1	 -42.6128	  166.9053
8.348	 2.01	 1	 -40.5800	  167.6216
8.349	 2.65	 1	 -45.5995	  177.6896
8.352	 2.04	 1	 -45.7784	  177.4720
8.357	 2.41	 2	 -41.5453	  178.9592
8.370	 3.84	 1	 -40.2120	  167.9194
8.376	 2.07	 1	 -43.2059	  173.3160
8.383	 2.35	 1	 -44.0123	  178.8705
8.384	 3.52	 1	 -46.4443	  169.6498
8.389	 3.12	 1	 -40.5978	  174.8489
8.391	 2.17	 1	 -43.2086	  174.4230
8.395	 2.26	 2	 -38.5951	  175.4869
8.398	 3.25	 1	 -47.0218	  171.3689
8.400	 2.29	 1	 -43.7685	  178.9622
8.413	 2.30	 2	 -40.2157	  167.9155
8.414	 2.13	 1	 -38.6978	  175.8308
8.416	 2.02	 1	 -38.5232	  170.7309
8.417	 2.03	 1	 -43.4629	  174.1735
8.429	 3.08	 1	 -42.6768	  178.1145
8.438	 2.15	 1	 -46.1148	  176.9904
8.446	 2.33	 1	 -45.8208	  177.4169
8.451	 2.04	 2	 -44.6399	  171.8589
8.452	 2.65	 1	 -42.2238	  174.1836
8.463	 3.61	 1	 -38.3078	  171.6661
8.466	 2.77	 1	 -44.2412	  167.2786
8.475	 2.01	 1	 -39.8631	  174.4236
8.483	 2.49	 1	 -41.4850	  167.1290
8.490	 2.42	 1	 -42.2543	  173.4803
8.504	 2.02	 1	 -40.9729	  171.7841
8.507	 2.24	 1	 -42.6089	  173.0069
8.509	 2.64	 1	 -42.5961	  172.0416
8.512	 2.64	 1	 -44.8700	  176.9356
8.517	 2.07	 1	 -42.1494	  173.8146
8.518	 2.26	 2	 -44.8584	  176.9366
8.520	 2.48	 2	 -40.2140	  167.9201
8.525	 2.14	 1	 -43.7839	  178.9570
8.547	 2.17	 1	 -42.4923	  173.8834
8.549	 2.46	 1	 -38.5064	  175.2560
8.561	 3.23	 1	 -43.6264	  167.5043
8.561	 2.17	 2	 -43.6219	  167.5125
8.564	 2.64	 1	 -43.2200	  170.5736
8.568	 2.61	 1	 -43.6952	  173.3797
8.572	 2.53	 1	 -43.8461	  167.1091
8.576	 3.03	 1	 -40.2686	  167.8693
8.578	 2.05	 1	 -38.9210	  169.6908
8.579	 2.04	 1	 -44.6830	  167.5364
8.591	 2.20	 1	 -39.9758	  177.8971
8.594	 2.28	 1	 -40.7147	  167.5279
8.597	 2.39	 1	 -41.7901	  173.7625
8.597	 2.78	 1	 -43.9468	  170.8283
8.606	 2.91	 1	 -40.4814	  167.6951
8.610	 2.30	 1	 -41.2660	  167.2204
8.612	 2.64	 1	 -46.5896	  176.0741
8.614	 3.83	 1	 -39.4388	  177.2448
8.630	 2.85	 2	 -41.2651	  167.2212
8.631	 2.35	 2	 -45.5761	  169.4061
8.635	 2.06	 1	 -41.1797	  178.7833
8.644	 2.34	 1	 -40.8124	  177.1244
8.652	 2.04	 1	 -46.7761	  174.4558
8.669	 2.27	 1	 -41.7261	  174.2742
8.682	 3.60	 1	 -41.4617	  172.9650
8.689	 2.02	 1	 -40.6031	  171.2816
8.694	 2.11	 1	 -43.0541	  166.9241
8.697	 2.28	 1	 -47.0314	  174.6285
8.706	 2.10	 1	 -42.5779	  173.1555
8.706	 2.22	 1	 -43.2351	  174.2941
8.718	 2.01	 1	 -42.2009	  175.5287
8.719	 3.42	 1	 -41.9637	  173.8379
8.721	 2.14	 2	 -45.5659	  169.4198
8.728	 2.29	 1	 -38.2210	  172.3771
8.731	 3.44	 1	 -42.2558	  174.1001
8.732	 2.10	 1	 -45.0992	  176.9513
8.737	 2.32	 1	 -44.4729	  178.6400
8.740	 2.67	 1	 -42.7099	  172.0559
8.742	 2.35	 1	 -40.9168	  177.7506
8.743	 2.24	 1	 -41.6381	  172.8282
8.752	 3.11	 1	 -43.7161	  172.0192
8.753	 2.42	 1	 -44.7473	  178.4639
8.754	 2.19	 1	 -44.8083	  175.6006
8.759	 2.47	 1	 -40.0059	  168.1164
8.776	 2.43	 1	 -46.9583	  173.6401
8.777	 3.09	 1	 -38.2927	  174.2843
8.778	 2.47	 1	 -38.5201	  171.7686
8.783	 2.36	 1	 -41.3536	  171.2223
8.784	 2.13	 1	 -43.5479	  169.3136
8.788	 3.35	 1	 -40.1534	  178.0712
8.789	 2.51	 2	 -40.1472	  178.0759
8.795	 2.31	 1	 -44.5784	  174.7910
8.797	 2.54	 2	 -38.2957	  174.2830
8.810	 2.16	 1	 -42.8979	  171.6994
8.810	 2.09	 1	 -45.1843	  178.1147
8.821	 2.45	 1	 -41.5882	  167.4101
8.831	 2.04	 1	 -45.4436	  173.2166
8.847	 2.43	 1	 -42.2381	  172.7248
8.862	 2.16	 1	 -47.1228	  174.0688
8.866	 2.09	 1	 -42.7606	  169.7419
8.868	 2.26	 2	 -40.2626	  167.8510
8.873	 2.47	 2	 -40.1654	  178.0772
8.878	 2.17	 1	 -40.3525	  172.6499
8.882	 2.24	 1	 -41.5087	  174.6066
8.896	 2.41	 1	 -43.1938	  166.9425
8.901	 2.24	 1	 -42.5330	  174.7639
8.908	 3.96	 1	 -41.6075	  170.4028
8.921	 2.34	 1	 -41.0379	  174.0894
8.931	 2.55	 1	 -42.5479	  175.1551
8.933	 2.38	 1	 -42.2109	  173.7728
8.935	 2.02	 1	 -42.8649	  173.3854
8.940	 2.03	 1	 -43.4744	  171.9520
8.941	 2.16	 1	 -43.7897	  177.5410
8.945	 2.01	 1	 -41.9357	  172.9223
8.961	 2.30	 1	 -43.8558	  176.0471
8.965	 2.36	 2	 -43.8552	  176.0447
8.966	 2.33	 1	 -41.1569	  175.6501
8.967	 2.64	 1	 -44.1561	  178.8068
8.968	 2.22	 1	 -40.5211	  175.7502
8.968	 2.42	 1	 -42.4580	  173.1842
8.977	 2.15	 1	 -43.9973	  175.9405
8.981	 2.09	 1	 -39.5322	  177.3741
8.993	 2.99	 2	 -40.1547	  178.0699
9.003	 3.21	 1	 -43.5931	  176.5385
9.005	 2.87	 1	 -46.6417	  170.0967
9.006	 2.27	 1	 -40.7443	  172.3946
9.008	 2.20	 2	 -43.5693	  176.5096
9.014	 2.15	 1	 -38.9297	  176.3716
9.017	 2.20	 1	 -38.7043	  170.6473
9.020	 2.89	 1	 -43.1630	  173.5892
9.024	 2.55	 1	 -42.8459	  173.8456
9.027	 3.72	 1	 -44.0364	  173.1005
9.040	 2.43	 1	 -41.4321	  173.0407
9.045	 2.20	 1	 -43.0288	  172.3137
9.047	 2.48	 1	 -44.0941	  174.9170
9.052	 2.72	 1	 -43.0772	  171.2168
9.067	 2.51	 1	 -43.2569	  173.7664
9.075	 2.11	 1	 -41.7838	  174.2450
9.078	 3.31	 1	 -41.9221	  172.9514
9.103	 3.50	 1	 -40.5656	  167.6320
9.110	 2.39	 1	 -44.2765	  167.2964
9.117	 2.44	 1	 -38.3823	  171.2790
9.122	 2.75	 1	 -41.8330	  176.4778
9.124	 2.81	 1	 -41.8567	  177.7005
9.138	 3.06	 1	 -41.8804	  173.1355
9.138	 3.30	 1	 -43.7164	  167.0650
9.144	 2.04	 1	 -44.8781	  167.6756
9.145	 2.43	 1	 -40.5410	  171.1232
9.146	 2.81	 1	 -46.8691	  170.7552
9.149	 2.02	 1	 -43.1237	  175.6218
9.151	 3.06	 1	 -46.2926	  176.6879
9.151	 2.36	 1	 -42.2363	  173.8267
9.153	 2.33	 1	 -43.2157	  173.7226
9.167	 2.55	 1	 -42.4163	  173.7429
9.172	 2.02	 1	 -41.8115	  174.3916
9.203	 2.10	 1	 -39.9048	  177.8224
9.207	 2.86	 1	 -46.6155	  170.0321
9.209	 2.02	 3	 -42.1088	  173.9602
9.218	 3.29	 1	 -42.2896	  173.6249
9.218	 2.52	 1	 -40.1982	  173.6941
9.227	 2.48	 1	 -44.4640	  173.8262
9.227	 2.61	 1	 -41.6464	  175.8870
9.235	 3.56	 1	 -42.4702	  173.1712
9.238	 2.89	 1	 -40.2013	  173.6580
9.241	 2.15	 1	 -43.2511	  168.3068
9.241	 2.22	 1	 -44.6288	  178.5437
9.244	 2.71	 2	 -42.4582	  173.2404
9.246	 2.32	 1	 -39.4434	  173.4816
9.249	 2.05	 1	 -38.4770	  175.1510
9.256	 2.05	 1	 -38.2792	  174.1943
9.280	 3.03	 1	 -44.6726	  178.5149
9.281	 2.13	 1	 -42.0040	  173.8749
9.282	 2.07	 2	 -40.4830	  167.6967
9.294	 2.19	 1	 -44.9320	  176.0994
9.306	 2.03	 1	 -43.6873	  171.1730
9.309	 2.37	 1	 -41.7730	  172.7456
9.323	 2.63	 1	 -45.9762	  168.8426
9.344	 2.13	 1	 -42.4447	  173.7550
9.346	 2.24	 1	 -46.4678	  169.6987
9.346	 3.94	 1	 -46.1301	  176.1676
9.353	 2.17	 3	 -40.1431	  178.0597
9.353	 2.00	 2	 -39.4020	  177.2184
9.355	 2.72	 2	 -46.2092	  176.2295
9.356	 2.73	 1	 -40.4130	  172.6456
9.365	 2.22	 1	 -42.1939	  174.8936
9.366	 2.02	 1	 -43.8758	  173.0128
9.368	 2.30	 1	 -41.7140	  167.0509
9.380	 2.03	 1	 -38.6807	  175.7853
9.381	 2.12	 1	 -46.9161	  175.1215
9.396	 2.36	 1	 -38.5290	  175.3329
9.398	 2.36	 1	 -38.3010	  174.3372
9.411	 2.06	 4	 -40.1412	  178.0618
9.420	 2.29	 1	 -43.4215	  167.5885
9.429	 2.16	 1	 -42.3191	  173.7052
9.429	 2.08	 1	 -42.1218	  173.8250
9.434	 2.41	 1	 -41.4485	  173.7960
9.438	 2.56	 1	 -41.9792	  173.6614
9.442	 2.70	 1	 -40.2541	  173.5584
9.443	 2.08	 1	 -41.6288	  178.9663
9.448	 2.32	 1	 -42.3553	  175.3553
9.455	 2.29	 1	 -44.3805	  174.3025
9.456	 2.07	 1	 -44.0534	  173.9747
9.461	 2.74	 1	 -41.0082	  173.3759
9.463	 2.58	 1	 -46.2191	  169.2265
9.465	 2.83	 1	 -47.1626	  173.6862
9.468	 2.42	 1	 -45.7171	  174.2034
9.469	 2.21	 1	 -38.4070	  171.1698
9.474	 2.52	 1	 -43.2895	  169.9867
9.483	 3.01	 2	 -41.9872	  173.6763
9.490	 3.87	 1	 -40.5689	  167.6296
9.494	 2.38	 2	 -41.9216	  172.9503
9.496	 2.28	 1	 -47.1414	  173.9113
9.512	 4.23	 1	 -40.3929	  173.4452
9.513	 2.52	 2	 -40.3941	  173.4494
9.514	 2.10	 2	 -40.3758	  173.4734
9.522	 2.10	 1	 -45.4732	  168.7898
9.527	 2.20	 2	 -40.3894	  173.4396
9.529	 2.47	 1	 -41.3915	  167.1660
9.535	 2.46	 1	 -44.3714	  167.3467
9.537	 2.13	 1	 -43.5170	  172.2302
9.542	 2.81	 1	 -42.3353	  173.4258
9.548	 2.26	 1	 -41.1517	  167.2747
9.558	 2.06	 2	 -40.3619	  173.5139
9.563	 2.45	 2	 -40.3941	  173.4419
9.564	 2.60	 1	 -38.8540	  169.8358
9.565	 2.37	 1	 -46.0439	  175.3893
9.567	 2.62	 1	 -40.0514	  175.7318
9.569	 2.50	 1	 -40.8711	  175.1508
9.577	 2.09	 1	 -42.6651	  173.9545
9.581	 2.80	 1	 -41.4818	  167.6626
9.597	 3.35	 1	 -47.1578	  172.3015
9.599	 2.20	 1	 -47.1571	  173.7516
9.602	 2.61	 1	 -42.6280	  172.6758
9.602	 2.65	 1	 -41.9983	  173.5644
9.602	 2.16	 1	 -44.2999	  175.5363
9.602	 2.19	 1	 -42.2292	  169.5749
9.609	 2.68	 1	 -42.5030	  172.5761
9.619	 2.41	 1	 -43.7994	  178.1932
9.622	 2.39	 1	 -44.7393	  171.8610
9.626	 2.17	 1	 -41.4101	  173.2047
9.633	 2.74	 2	 -39.6156	  173.3913
9.643	 2.07	 1	 -42.1785	  179.0999
9.654	 2.24	 1	 -46.6062	  176.0346
9.674	 2.04	 1	 -41.6755	  174.2140
9.675	 2.43	 1	 -41.8786	  169.9467
9.679	 2.37	 1	 -44.3468	  176.6579
9.685	 2.60	 1	 -41.3958	  172.4595
9.689	 2.19	 1	 -46.2686	  169.3133
9.700	 2.11	 1	 -41.0994	  176.1229
9.704	 2.27	 1	 -42.1700	  173.8339
9.705	 2.79	 1	 -40.0420	  170.7463
9.719	 2.36	 1	 -46.0335	  169.1295
9.722	 2.26	 1	 -41.6836	  174.2800
9.729	 2.02	 1	 -44.6315	  177.9130
9.751	 4.09	 1	 -43.3902	  168.8656
9.753	 2.08	 2	 -43.3828	  168.8699
9.757	 3.22	 1	 -43.9021	  177.8104
9.766	 2.20	 1	 -46.9406	  175.0281
9.768	 2.41	 1	 -43.1605	  173.9399
9.768	 2.48	 2	 -40.1341	  178.0905
9.769	 2.74	 1	 -42.3315	  173.7573
9.775	 2.29	 1	 -42.6029	  176.2198
9.782	 2.40	 1	 -38.6068	  175.5771
9.786	 3.08	 1	 -40.3224	  172.6119
9.789	 2.34	 1	 -42.6955	  166.9043
9.795	 2.23	 1	 -45.6775	  170.4865
9.800	 2.44	 1	 -43.3007	  175.7832
9.802	 2.16	 1	 -47.0204	  174.6825
9.811	 2.05	 1	 -46.1147	  176.9908
9.811	 2.48	 1	 -43.1055	  169.2661
9.816	 2.03	 2	 -43.3615	  168.8983
9.817	 2.10	 2	 -42.2331	  173.8396
9.831	 2.01	 1	 -40.6513	  167.5710
9.835	 2.15	 1	 -43.2549	  174.4012
9.838	 2.81	 1	 -41.7753	  173.9309
9.857	 2.42	 1	 -40.3635	  172.0220
9.858	 2.51	 1	 -40.2487	  167.8867
9.864	 2.52	 1	 -42.2972	  172.8559
9.880	 2.02	 1	 -42.2422	  173.6039
9.892	 2.02	 2	 -43.3944	  168.8555
9.897	 2.92	 2	 -43.4092	  168.9332
9.898	 2.29	 1	 -41.7146	  174.3786
9.898	 2.12	 1	 -41.8057	  173.9400
9.909	 3.17	 1	 -38.3603	  171.3829
9.912	 2.10	 1	 -43.7956	  173.6226
9.912	 3.87	 1	 -38.8588	  169.8250
9.914	 2.16	 1	 -42.9439	  173.3249
9.928	 2.28	 2	 -38.8151	  169.8284
9.958	 2.00	 3	 -43.3621	  168.8976
9.961	 2.10	 1	 -41.9162	  173.9798
9.973	 2.10	 1	 -41.8547	  174.2603
9.987	 2.92	 1	 -42.2722	  173.5531
9.992	 2.06	 1	 -41.1479	  169.3977
9.997	 2.02	 2	 -42.3038	  173.6307
10.055	 2.25	 2	 -41.8123	  176.4271
10.060	 2.35	 1	 -46.6222	  175.7002
10.068	 2.27	 1	 -46.9812	  171.1831
10.069	 2.70	 1	 -42.4075	  170.8671
10.081	 2.16	 1	 -41.4638	  173.8758
10.088	 2.14	 1	 -41.2899	  175.0794
10.097	 2.35	 1	 -46.0976	  177.0081
10.109	 2.13	 1	 -41.4589	  175.9563
10.132	 2.70	 1	 -42.2345	  173.8639
10.136	 2.44	 1	 -42.5563	  173.9724
10.137	 3.22	 1	 -40.6398	  170.2481
10.145	 2.15	 2	 -38.2431	  174.2705
10.145	 2.01	 1	 -38.4629	  170.9456
10.204	 2.44	 1	 -40.2806	  173.4908
10.214	 2.00	 1	 -39.5503	  168.6459
10.219	 2.30	 1	 -39.1396	  169.4049
10.247	 3.04	 1	 -42.1872	  173.6359
10.252	 2.03	 1	 -42.2511	  173.6742
10.270	 2.78	 1	 -45.7998	  177.4443
10.270	 2.74	 1	 -40.6395	  167.5793
10.275	 3.22	 1	 -38.7059	  170.1922
10.277	 2.02	 1	 -43.6117	  177.5603
10.284	 2.17	 2	 -41.8948	  173.9597
10.288	 3.59	 2	 -38.8857	  169.7131
10.290	 2.42	 1	 -38.3325	  171.5256
10.296	 2.01	 1	 -40.1938	  167.9806
10.298	 2.53	 1	 -47.1885	  173.1240
10.298	 2.04	 1	 -41.0314	  171.4499
10.301	 2.50	 1	 -42.0486	  173.6577
10.302	 2.51	 1	 -42.0731	  172.9135
10.304	 2.32	 2	 -47.1596	  172.2936
10.304	 3.79	 1	 -39.3834	  171.6770
10.305	 2.35	 1	 -46.6097	  176.0263
10.313	 2.43	 1	 -38.3705	  174.7104
10.317	 2.30	 1	 -43.7423	  178.9709
10.319	 2.07	 2	 -40.6384	  170.2501
10.321	 2.37	 1	 -40.2327	  169.8903
10.337	 2.06	 1	 -42.3958	  171.9443
10.341	 2.17	 1	 -43.5039	  173.1420
10.356	 3.04	 1	 -47.0840	  171.7071
10.358	 2.89	 1	 -44.8669	  167.6672
10.366	 2.35	 1	 -45.0463	  168.1770
10.372	 2.03	 3	 -46.2050	  176.2161
10.378	 2.76	 1	 -38.5605	  170.6091
10.386	 2.36	 1	 -41.5688	  172.3759
10.430	 2.91	 1	 -43.6304	  171.7129
10.452	 2.81	 1	 -41.9344	  176.8894
10.454	 2.30	 1	 -42.7014	  172.9494
10.493	 2.56	 1	 -41.6107	  173.5583
10.501	 2.14	 1	 -43.4488	  176.2418
10.503	 2.95	 1	 -42.8220	  176.3353
10.515	 2.53	 1	 -41.5199	  173.5352
10.517	 2.88	 1	 -46.9738	  174.8926
10.521	 2.39	 1	 -41.8686	  173.8668
10.522	 2.05	 1	 -40.7212	  172.9706
10.545	 2.91	 1	 -42.4365	  173.6074
10.548	 2.11	 1	 -42.7038	  166.9592
10.548	 2.57	 1	 -47.1880	  172.8852
10.576	 3.41	 1	 -43.5421	  175.6417
10.579	 2.30	 1	 -46.4691	  175.2996
10.600	 2.15	 1	 -44.8594	  178.3827
10.600	 3.25	 1	 -46.1625	  176.9130
10.633	 2.22	 1	 -45.0371	  168.4507
10.633	 2.43	 1	 -42.3153	  171.6037
10.654	 3.59	 1	 -46.7547	  170.3986
10.658	 2.07	 1	 -39.9781	  168.1448
10.666	 2.50	 1	 -46.1347	  169.0857
10.692	 2.25	 1	 -43.8757	  174.3637
10.710	 2.01	 1	 -39.0549	  175.4708
10.711	 2.43	 1	 -44.5319	  178.6047
10.719	 2.51	 1	 -47.1816	  173.3754
10.722	 2.32	 1	 -45.1155	  169.9023
10.729	 3.90	 1	 -42.7474	  166.9048
10.732	 2.52	 1	 -42.2365	  170.2042
10.737	 2.07	 1	 -44.2954	  167.3062
10.739	 2.16	 1	 -42.5901	  166.9059
10.747	 2.52	 1	 -40.8419	  174.4202
10.747	 2.31	 1	 -38.2610	  171.9853
10.764	 2.94	 1	 -41.3168	  167.1977
10.767	 2.33	 1	 -43.7887	  170.2022
10.768	 3.26	 1	 -46.6082	  176.0299
10.788	 2.86	 1	 -46.6671	  172.5611
10.797	 2.09	 1	 -42.8498	  177.5393
10.800	 2.16	 1	 -43.0184	  176.9148
10.809	 2.19	 1	 -38.6344	  170.3872
10.814	 2.19	 1	 -38.1992	  172.7895
10.814	 2.28	 1	 -43.0322	  166.9218
10.830	 2.52	 1	 -44.2147	  167.2655
10.848	 3.27	 1	 -45.2742	  175.3458
10.853	 2.24	 1	 -41.4410	  170.4642
10.856	 2.59	 1	 -43.2202	  173.1640
10.857	 2.42	 1	 -42.5027	  166.9098
10.858	 2.19	 1	 -40.1486	  175.8759
10.872	 2.47	 1	 -42.2174	  173.0581
10.873	 2.13	 1	 -44.7045	  171.4065
10.875	 2.10	 1	 -42.8106	  174.3510
10.886	 2.19	 2	 -41.4441	  170.4631
10.887	 2.04	 1	 -41.2698	  178.8256
10.924	 2.29	 1	 -42.7197	  173.6990
10.932	 3.32	 1	 -42.5302	  167.0660
10.940	 3.77	 2	 -42.5305	  167.0684
10.942	 2.14	 1	 -42.6472	  170.6541
10.960	 2.05	 1	 -45.1013	  173.3033
10.967	 2.03	 3	 -42.5175	  167.0871
10.983	 3.21	 1	 -46.6827	  170.2016
10.984	 3.62	 1	 -44.4670	  178.5970
10.984	 2.63	 2	 -46.8652	  170.7589
10.987	 2.21	 3	 -42.5223	  167.0717
10.997	 2.23	 1	 -42.0346	  174.0124
11.001	 2.32	 1	 -40.2535	  172.8167
11.005	 2.56	 1	 -38.8658	  176.2348
11.005	 2.43	 1	 -41.8275	  174.0500
11.008	 2.13	 1	 -38.3711	  171.3313
11.015	 2.84	 1	 -46.9704	  171.1374
11.028	 2.03	 1	 -42.3562	  173.3279
11.029	 2.17	 1	 -45.6269	  168.3866
11.038	 2.31	 1	 -43.1244	  170.6272
11.054	 3.36	 1	 -42.3003	  172.6759
11.055	 2.88	 1	 -42.3952	  173.4020
11.057	 2.46	 1	 -45.4864	  177.8157
11.057	 2.54	 1	 -42.5717	  172.7778
11.069	 2.18	 1	 -43.3517	  168.7270
11.073	 2.87	 1	 -41.9682	  172.4531
11.074	 2.24	 1	 -42.9819	  173.7265
11.091	 2.40	 1	 -38.1965	  173.1194
11.109	 4.73	 1	 -41.4341	  174.5424
11.113	 2.25	 2	 -41.4939	  174.4889
11.123	 2.10	 2	 -41.3536	  174.5247
11.130	 2.61	 2	 -41.5588	  174.4975
11.131	 2.30	 2	 -41.4311	  174.5112
11.133	 2.64	 2	 -41.3779	  174.4261
11.155	 2.39	 2	 -41.3636	  174.0512
11.165	 2.03	 1	 -40.9943	  169.0182
11.168	 3.40	 1	 -42.4942	  179.1340
11.175	 3.22	 2	 -41.4090	  174.4901
11.179	 2.86	 1	 -40.1766	  167.9516
11.180	 2.01	 1	 -38.6493	  175.6991
11.185	 2.04	 1	 -47.1782	  173.4496
11.190	 2.61	 1	 -42.6538	  173.1794
11.206	 2.22	 1	 -40.4567	  171.1737
11.210	 2.41	 1	 -42.8894	  176.9165
11.216	 2.06	 1	 -43.6011	  167.0305
11.242	 2.96	 1	 -41.4456	  167.1443
11.245	 2.75	 2	 -41.4344	  174.4393
11.246	 2.05	 1	 -41.5013	  173.7431
11.248	 2.68	 2	 -41.4247	  174.6055
11.249	 2.38	 1	 -42.2394	  173.4857
11.250	 2.19	 1	 -38.9534	  169.6240
11.251	 2.10	 1	 -45.2996	  171.2785
11.257	 3.37	 2	 -40.7930	  174.4702
11.258	 2.12	 2	 -41.4107	  174.5673
11.270	 2.29	 1	 -41.7937	  170.2910
11.290	 2.00	 1	 -40.6365	  173.8647
11.290	 2.21	 2	 -41.4437	  174.5493
11.291	 2.20	 1	 -45.1240	  171.9399
11.297	 2.01	 1	 -42.6454	  172.3310
11.307	 2.01	 1	 -46.5525	  169.8840
11.310	 2.12	 1	 -42.4241	  173.2318
11.313	 2.76	 1	 -41.0402	  174.1570
11.317	 2.28	 1	 -46.1303	  176.9657
11.329	 2.03	 1	 -46.6061	  176.0349
11.339	 2.51	 1	 -39.0750	  169.3885
11.341	 2.91	 3	 -41.3673	  174.5895
11.358	 2.07	 1	 -41.6382	  176.7336
11.365	 2.08	 1	 -43.5076	  174.1618
11.381	 3.56	 1	 -39.9009	  174.8157
11.409	 2.03	 2	 -41.3980	  174.5322
11.409	 2.69	 1	 -41.4392	  175.7225
11.411	 3.28	 1	 -44.0196	  176.7920
11.423	 2.42	 1	 -43.5643	  172.9111
11.423	 2.01	 2	 -44.0170	  176.7937
11.442	 2.11	 1	 -42.6641	  172.2645
11.443	 2.22	 1	 -40.7757	  168.4523
11.448	 2.12	 1	 -40.6938	  167.5419
11.457	 2.36	 1	 -40.8132	  172.0809
11.460	 2.19	 1	 -42.8860	  174.8490
11.463	 2.27	 2	 -46.6807	  170.2834
11.469	 2.01	 1	 -46.2802	  176.7102
11.470	 2.31	 1	 -41.6053	  171.3330
11.478	 2.07	 1	 -43.2534	  166.9521
11.480	 2.00	 1	 -41.0816	  175.7390
11.481	 2.19	 1	 -41.5546	  172.8451
11.482	 2.40	 1	 -39.9765	  177.8979
11.502	 2.90	 1	 -42.6790	  171.5331
11.504	 2.58	 1	 -39.4826	  168.7379
11.504	 2.10	 1	 -42.0082	  171.4174
11.513	 2.21	 2	 -46.8081	  170.3293
11.526	 2.24	 1	 -41.8774	  173.7288
11.539	 2.08	 1	 -46.2888	  169.3496
11.545	 2.08	 1	 -41.8010	  174.2726
11.570	 2.61	 1	 -39.6617	  168.5029
11.571	 2.05	 1	 -41.6391	  173.5609
11.572	 2.16	 1	 -42.7916	  172.0041
11.573	 2.24	 1	 -41.1390	  167.2811
11.581	 2.70	 1	 -40.4522	  168.7475
11.589	 2.19	 1	 -42.0227	  179.0717
11.611	 2.66	 1	 -42.3094	  173.6393
11.616	 2.88	 2	 -41.4450	  174.5508
11.620	 2.40	 1	 -46.3399	  169.4442
11.623	 2.60	 1	 -45.1166	  173.3522
11.659	 2.73	 2	 -41.4358	  174.5588
11.664	 2.33	 1	 -44.3848	  172.3983
11.670	 2.07	 1	 -44.2734	  172.3909
11.674	 2.82	 1	 -44.2589	  170.9890
11.678	 2.36	 1	 -40.1914	  178.1062
11.678	 2.07	 1	 -47.1891	  173.0112
11.689	 2.21	 1	 -44.1938	  174.0511
11.703	 3.77	 1	 -47.1859	  173.2560
11.716	 2.72	 1	 -38.9598	  169.6109
11.739	 2.36	 1	 -42.3709	  173.0645
11.743	 2.59	 1	 -41.1924	  174.0732
11.744	 2.26	 1	 -40.0252	  175.1432
11.755	 2.25	 2	 -39.3672	  171.7262
11.761	 3.80	 1	 -44.0504	  173.8790
11.773	 2.90	 2	 -43.9765	  173.8584
11.776	 2.69	 1	 -44.0433	  175.0202
11.777	 2.21	 1	 -39.3756	  177.1527
11.788	 2.70	 1	 -38.2231	  173.6935
11.809	 2.27	 1	 -38.7547	  170.0684
11.810	 2.47	 1	 -40.5631	  172.0155
11.811	 3.60	 1	 -43.4660	  174.1869
11.827	 2.36	 1	 -47.1300	  174.0111
11.833	 3.24	 1	 -44.8717	  178.3735
11.847	 2.23	 1	 -41.6755	  174.4221
11.851	 2.50	 2	 -39.4128	  171.6741
11.868	 2.02	 1	 -47.0628	  171.5819
11.875	 2.18	 1	 -39.0382	  176.5869
11.878	 2.23	 1	 -40.6609	  171.2462
11.914	 2.08	 1	 -45.7105	  171.9097
11.918	 2.13	 1	 -44.9562	  171.9886
11.918	 3.19	 1	 -45.8900	  168.7207
11.922	 2.12	 1	 -45.1576	  173.6249
11.923	 2.12	 1	 -42.5733	  171.7499
11.926	 2.79	 1	 -38.6401	  175.6734
11.931	 2.51	 1	 -46.7536	  170.3954
11.932	 2.17	 2	 -41.4491	  172.0226
11.961	 2.16	 1	 -43.5567	  172.3665
11.964	 2.33	 2	 -42.3469	  173.0050
11.971	 2.26	 1	 -38.7872	  169.9896
11.978	 2.47	 1	 -38.3071	  174.3738
11.981	 2.21	 1	 -42.5962	  173.9263
11.982	 2.47	 1	 -39.4618	  168.7670
11.985	 2.53	 1	 -39.5320	  172.2709
11.996	 2.04	 1	 -44.9926	  171.8167
12.000	 2.51	 1	 -46.6970	  175.8050
12.005	 2.54	 1	 -44.5535	  178.5914
12.009	 2.06	 1	 -41.1886	  173.7235
12.032	 2.85	 1	 -46.5833	  169.9553
12.044	 2.19	 1	 -41.0844	  174.7784
12.044	 2.01	 1	 -42.5818	  171.5451
12.044	 2.03	 1	 -47.1666	  172.4107
12.051	 2.66	 1	 -41.2556	  178.8192
12.067	 2.10	 1	 -46.3149	  176.6469
12.067	 4.30	 1	 -43.8710	  175.5796
12.076	 2.34	 1	 -47.0146	  171.3341
12.077	 2.02	 2	 -46.3393	  169.4426
12.080	 2.36	 2	 -43.8696	  175.5797
12.103	 2.85	 2	 -43.8741	  175.5992
12.113	 2.61	 2	 -43.8314	  175.5243
12.121	 2.15	 2	 -43.7886	  175.6575
12.126	 2.01	 1	 -42.7964	  173.4239
12.129	 2.14	 1	 -42.4975	  173.0292
12.145	 2.78	 1	 -38.4224	  171.1051
12.176	 2.20	 1	 -42.1787	  171.6282
12.187	 2.16	 1	 -44.5838	  172.4074
12.188	 2.44	 1	 -42.3243	  168.5249
12.194	 2.48	 1	 -41.5994	  173.5975
12.202	 2.04	 1	 -40.0125	  169.4941
12.217	 2.15	 1	 -44.6191	  177.1531
12.232	 2.62	 1	 -42.3216	  173.0737
12.240	 2.09	 1	 -41.4596	  174.1978
12.244	 2.02	 1	 -44.4333	  173.7213
12.252	 2.09	 1	 -42.0789	  172.1683
12.264	 3.27	 1	 -39.6758	  170.9897
12.268	 3.16	 1	 -43.2930	  177.4514
12.280	 2.04	 1	 -45.1276	  168.3867
12.287	 2.05	 1	 -41.3284	  169.8576
12.299	 2.14	 1	 -39.4998	  177.3301
12.315	 2.33	 1	 -43.3499	  169.1763
12.322	 3.49	 1	 -38.6517	  174.4750
12.325	 2.72	 1	 -43.6513	  172.5368
12.329	 2.37	 1	 -41.4314	  172.8739
12.340	 2.15	 1	 -44.6445	  172.3290
12.341	 2.41	 1	 -44.4717	  176.5011
12.351	 4.29	 1	 -44.1896	  176.5257
12.356	 3.50	 1	 -41.9691	  179.0602
12.356	 2.12	 2	 -41.9549	  179.0356
12.358	 2.28	 2	 -43.8734	  175.5686
12.365	 2.34	 2	 -44.2496	  176.5634
12.368	 2.26	 2	 -44.6424	  176.6792
12.381	 3.04	 1	 -44.0083	  178.8722
12.387	 2.10	 1	 -41.7206	  174.5040
12.399	 2.13	 2	 -44.3904	  176.5726
12.406	 2.92	 1	 -41.4622	  168.0470
12.422	 3.07	 1	 -46.9652	  174.9286
12.423	 2.28	 1	 -38.9735	  169.5834
12.432	 2.96	 1	 -45.4622	  177.8417
12.438	 2.10	 2	 -44.2059	  176.5450
12.456	 2.01	 1	 -38.9174	  176.3459
12.459	 2.11	 2	 -38.9163	  176.3463
12.477	 2.86	 1	 -43.9952	  174.5617
12.485	 2.05	 1	 -42.3565	  166.9214
12.492	 2.27	 1	 -42.1288	  173.5554
12.496	 2.03	 1	 -43.2625	  166.9537
12.496	 2.34	 2	 -43.9983	  174.5473
12.499	 2.04	 1	 -41.7799	  174.1917
12.509	 2.13	 1	 -47.0772	  174.3789
12.509	 2.01	 1	 -44.4136	  175.1575
12.567	 2.49	 1	 -44.4002	  174.7068
12.578	 2.64	 1	 -40.9871	  171.7643
12.582	 2.59	 1	 -41.5107	  176.6924
12.583	 2.75	 1	 -43.2968	  174.0267
12.586	 2.32	 2	 -44.0595	  173.9632
12.588	 2.54	 1	 -46.7894	  173.7553
12.595	 2.77	 1	 -43.4603	  169.9085
12.602	 2.19	 1	 -45.9086	  176.7305
12.603	 2.15	 1	 -41.3681	  176.0055
12.604	 2.25	 1	 -45.8954	  168.7281
12.610	 2.38	 1	 -39.7083	  168.4459
12.615	 2.32	 1	 -46.9681	  174.9167
12.621	 3.05	 1	 -43.1319	  171.9538
12.646	 2.04	 1	 -42.8430	  179.1365
12.650	 2.07	 2	 -45.4878	  177.8672
12.672	 2.12	 1	 -45.4627	  168.2031
12.678	 2.18	 1	 -42.6370	  172.8573
12.695	 2.66	 1	 -40.8575	  172.9577
12.730	 2.09	 1	 -38.9141	  176.3388
12.768	 3.19	 1	 -39.1370	  169.2769
12.770	 2.22	 1	 -42.6661	  172.8902
12.805	 2.42	 1	 -39.8217	  177.7309
12.818	 2.09	 1	 -38.2453	  172.1180
12.823	 2.61	 1	 -47.1758	  173.4939
12.827	 2.60	 1	 -47.1821	  173.3647
12.840	 2.31	 1	 -44.4164	  168.1725
12.841	 2.25	 1	 -42.0087	  172.4197
12.846	 2.56	 1	 -46.3283	  169.4224
12.863	 2.35	 1	 -42.6415	  173.2805
12.881	 2.07	 1	 -40.2133	  169.0893
12.888	 2.45	 1	 -39.9540	  168.1698
12.906	 2.07	 1	 -41.8722	  167.0070
12.926	 2.35	 1	 -39.4785	  177.3006
12.950	 2.95	 1	 -42.0007	  173.5702
12.952	 2.05	 1	 -41.9920	  172.6949
12.962	 4.40	 1	 -45.1442	  167.8936
12.966	 2.04	 1	 -44.1750	  172.1144
12.970	 2.12	 2	 -45.0720	  167.9397
12.971	 2.18	 1	 -42.7013	  173.6614
13.005	 2.36	 1	 -44.8856	  173.9184
13.018	 2.60	 1	 -44.5951	  178.5654
13.022	 2.08	 1	 -44.1679	  172.6493
13.028	 2.43	 2	 -45.1347	  167.8989
13.058	 2.03	 1	 -43.9856	  175.2507
13.076	 2.29	 2	 -41.3750	  174.6294
13.095	 2.94	 1	 -43.4578	  170.0615
13.107	 2.22	 1	 -44.4592	  167.3963
13.113	 2.48	 1	 -45.1971	  170.0227
13.116	 3.83	 1	 -40.7108	  167.5305
13.126	 2.32	 2	 -40.7108	  167.5351
13.133	 2.02	 2	 -43.5405	  167.8157
13.134	 3.50	 2	 -40.7079	  167.5295
13.163	 2.66	 1	 -41.1101	  175.3865
13.166	 2.32	 1	 -40.5613	  171.2511
13.167	 2.16	 1	 -38.6775	  175.7766
13.168	 3.03	 1	 -44.5077	  177.3372
13.169	 3.13	 1	 -42.4575	  173.7756
13.172	 2.51	 2	 -40.5795	  171.2686
13.176	 2.79	 1	 -43.5151	  170.6822
13.189	 2.12	 1	 -46.2860	  169.3446
13.189	 2.97	 2	 -43.8715	  175.5574
13.202	 2.10	 1	 -42.5231	  168.7303
13.202	 2.03	 1	 -41.2389	  176.8000
13.213	 2.34	 1	 -43.0894	  168.1736
13.222	 2.37	 1	 -46.0257	  172.8324
13.225	 2.31	 1	 -41.9701	  169.6299
13.233	 2.77	 2	 -41.4609	  174.6000
13.252	 2.81	 1	 -42.2546	  178.3047
13.261	 2.15	 1	 -40.5128	  177.1136
13.272	 2.07	 2	 -46.5118	  170.1791
13.283	 2.46	 1	 -40.6039	  173.2424
13.287	 2.09	 1	 -41.7605	  174.3110
13.300	 2.27	 1	 -42.1832	  174.1803
13.312	 2.17	 2	 -40.6653	  167.3490
13.329	 2.56	 1	 -41.7555	  174.4836
13.352	 3.04	 1	 -41.3533	  168.6134
13.364	 2.17	 1	 -42.6045	  172.8679
13.365	 2.12	 1	 -38.8712	  173.0770
13.367	 2.16	 1	 -40.4857	  173.3987
13.379	 2.16	 1	 -42.8464	  173.1517
13.379	 2.10	 1	 -41.3623	  167.1782
13.385	 3.19	 1	 -42.6625	  172.0628
13.386	 2.41	 1	 -41.7201	  174.2743
13.395	 2.08	 1	 -44.9660	  174.0065
13.397	 2.28	 1	 -43.3053	  170.9276
13.410	 2.32	 1	 -43.7964	  176.5894
13.433	 2.07	 1	 -44.4551	  175.0928
13.437	 2.85	 2	 -42.4564	  173.7761
13.438	 2.78	 1	 -44.7888	  172.9675
13.447	 2.22	 1	 -42.5861	  171.4875
13.458	 2.21	 2	 -44.7887	  172.9683
13.476	 2.57	 1	 -41.6723	  174.2770
13.477	 2.78	 1	 -42.7781	  173.6014
13.482	 2.22	 1	 -40.2107	  173.9727
13.487	 2.13	 2	 -46.1396	  176.2325
13.511	 2.17	 1	 -43.0432	  173.8862
13.514	 2.68	 1	 -39.2201	  171.1771
13.533	 2.16	 1	 -41.0640	  178.7246
13.535	 2.39	 2	 -44.7867	  172.9717
13.537	 2.25	 1	 -38.6738	  173.9131
13.559	 2.13	 1	 -46.6875	  170.2141
13.573	 2.01	 1	 -44.3639	  174.1327
13.578	 3.15	 1	 -42.6736	  173.4251
13.599	 2.49	 1	 -43.9249	  167.3261
13.609	 2.22	 1	 -46.6703	  170.1693
13.609	 2.43	 1	 -42.2270	  173.6130
13.610	 2.47	 1	 -42.1606	  172.9597
13.613	 2.59	 2	 -42.2327	  173.6128
13.614	 2.39	 1	 -39.4541	  168.7777
13.619	 2.14	 1	 -42.3829	  174.0361
13.636	 2.50	 2	 -44.3649	  174.1491
13.638	 2.56	 1	 -42.6876	  172.4196
13.646	 2.58	 1	 -42.6268	  172.1823
13.652	 2.56	 1	 -39.8939	  174.9548
13.653	 3.45	 1	 -42.6577	  174.5592
13.664	 2.08	 1	 -42.8886	  171.4522
13.669	 2.33	 1	 -42.2430	  173.6442
13.675	 2.01	 1	 -40.4380	  171.1617
13.683	 2.23	 1	 -38.6619	  175.7341
13.683	 2.08	 1	 -41.0265	  176.7399
13.687	 2.41	 1	 -41.7618	  174.3035
13.693	 2.01	 2	 -42.6451	  174.7593
13.709	 2.04	 1	 -40.4033	  167.7565
13.716	 2.53	 1	 -38.6551	  175.7155
13.720	 2.04	 1	 -38.2300	  172.2701
13.722	 2.30	 1	 -46.1310	  176.9645
13.731	 2.04	 2	 -47.1825	  173.2505
13.745	 2.12	 1	 -39.7100	  177.6005
13.785	 2.29	 1	 -42.7301	  172.8795
13.788	 2.99	 1	 -38.3172	  171.6107
13.809	 2.54	 1	 -47.0617	  174.4685
13.812	 2.90	 1	 -40.0934	  171.7547
13.822	 2.74	 1	 -38.7952	  174.7355
13.827	 2.51	 1	 -43.7340	  174.9413
13.834	 2.08	 1	 -44.1609	  167.2397
13.887	 2.08	 1	 -44.6856	  175.3973
13.896	 2.63	 1	 -38.5753	  175.4817
13.898	 2.41	 1	 -45.6066	  173.2518
13.931	 2.90	 1	 -44.6209	  170.0327
13.934	 2.49	 1	 -43.4837	  172.7888
13.934	 2.09	 1	 -43.7481	  174.2214
13.936	 2.04	 1	 -43.1399	  170.6240
13.949	 2.07	 1	 -41.9648	  177.4690
13.955	 2.16	 1	 -44.2983	  173.0032
13.957	 2.70	 1	 -42.3025	  179.1169
13.966	 3.13	 1	 -38.5326	  170.6994
13.969	 3.22	 1	 -43.0558	  179.1199
13.984	 2.08	 1	 -42.2220	  166.9379
14.000	 2.01	 1	 -43.3115	  166.9626
