# Simulation 690
# RelativeTime(days) Magnitude Generation Latitude Longitude
Time Mag Gen Lat Lon
7.002	 2.49	 1	 -44.5728	  170.2982
7.002	 2.09	 1	 -44.5433	  174.9401
7.003	 2.39	 1	 -41.3670	  178.8681
7.004	 2.24	 1	 -44.7386	  169.4816
7.005	 2.21	 1	 -47.1540	  172.2589
7.006	 2.00	 1	 -43.5580	  174.9300
7.012	 2.65	 1	 -42.6422	  172.8616
7.012	 2.36	 1	 -42.0065	  173.6873
7.013	 2.73	 1	 -41.7751	  174.2070
7.015	 2.25	 1	 -42.2955	  173.6419
7.016	 2.11	 1	 -41.7155	  167.5448
7.018	 2.43	 1	 -42.9638	  179.1288
7.026	 2.40	 1	 -41.9235	  173.6773
7.040	 2.25	 1	 -39.9604	  175.5389
7.042	 2.44	 1	 -42.8296	  173.1461
7.042	 2.08	 1	 -41.8020	  172.5770
7.050	 2.18	 1	 -42.6108	  174.5656
7.057	 2.44	 1	 -41.6441	  175.7311
7.069	 2.82	 1	 -47.1325	  172.0543
7.075	 2.72	 1	 -43.4215	  171.2145
7.076	 2.08	 1	 -41.7562	  174.2670
7.078	 2.16	 1	 -46.6721	  175.6784
7.088	 2.04	 1	 -42.3358	  173.5566
7.089	 3.03	 1	 -42.8777	  173.3282
7.100	 2.67	 1	 -45.6897	  172.8743
7.102	 2.28	 1	 -41.0339	  172.3745
7.103	 2.33	 1	 -44.3702	  171.7030
7.111	 2.00	 1	 -42.2343	  173.5668
7.118	 2.62	 1	 -42.3367	  173.9097
7.118	 2.10	 1	 -42.4783	  173.8258
7.119	 2.07	 1	 -41.6689	  174.1610
7.126	 3.67	 1	 -42.8631	  174.4229
7.127	 3.09	 1	 -41.7006	  174.2959
7.128	 3.44	 1	 -38.2364	  173.8406
7.138	 2.05	 1	 -42.5308	  173.1528
7.140	 2.59	 1	 -43.5024	  179.0399
7.142	 2.20	 1	 -45.7001	  168.4742
7.148	 2.00	 1	 -42.6922	  166.9043
7.155	 2.11	 1	 -46.8899	  170.8278
7.163	 2.03	 1	 -43.2062	  173.6230
7.165	 2.21	 1	 -42.7241	  179.1398
7.168	 2.01	 1	 -38.4126	  174.8983
7.168	 2.93	 1	 -43.3155	  172.8033
7.172	 2.59	 1	 -41.8423	  173.9508
7.172	 2.50	 1	 -42.8190	  174.4781
7.174	 2.40	 1	 -42.6557	  172.9223
7.175	 2.49	 1	 -41.5482	  173.6708
7.177	 2.07	 1	 -42.1299	  173.5202
7.179	 2.97	 1	 -42.3699	  174.0089
7.181	 2.21	 2	 -42.8857	  173.1078
7.183	 2.14	 1	 -42.6096	  173.0343
7.189	 2.03	 1	 -43.2044	  172.7757
7.199	 2.02	 1	 -38.2041	  172.6533
7.201	 2.53	 1	 -40.8817	  173.8521
7.203	 3.24	 1	 -38.2431	  173.9059
7.205	 2.01	 1	 -44.2267	  172.7437
7.206	 2.90	 1	 -44.0932	  169.6020
7.207	 2.16	 1	 -42.5697	  173.2896
7.208	 2.23	 1	 -42.9668	  173.0558
7.211	 2.24	 1	 -42.0746	  171.0553
7.219	 2.15	 1	 -42.4164	  166.9159
7.224	 2.66	 1	 -43.1821	  168.2264
7.226	 2.58	 1	 -44.1497	  167.4954
7.232	 2.65	 1	 -43.7829	  167.0869
7.242	 2.08	 1	 -41.0399	  167.3325
7.247	 2.51	 1	 -42.5013	  173.4150
7.252	 2.36	 1	 -43.1122	  172.0292
7.258	 2.16	 1	 -42.5629	  173.0567
7.260	 2.54	 1	 -42.5221	  173.1275
7.261	 2.38	 1	 -42.5667	  166.9067
7.263	 2.32	 1	 -43.7399	  171.0923
7.269	 2.76	 1	 -44.1926	  178.7895
7.276	 2.34	 1	 -42.2551	  173.8204
7.279	 2.01	 1	 -42.5971	  172.8420
7.282	 2.97	 1	 -42.3359	  173.7773
7.282	 2.29	 1	 -42.4912	  173.3713
7.286	 2.40	 1	 -45.5034	  171.5862
7.292	 2.49	 1	 -45.2347	  167.9759
7.298	 2.63	 1	 -43.1919	  171.2621
7.302	 2.14	 2	 -42.2552	  173.8231
7.308	 2.36	 1	 -41.6972	  174.1975
7.311	 2.14	 1	 -43.5598	  174.0486
7.312	 2.74	 1	 -42.2982	  173.5993
7.313	 2.27	 1	 -41.4635	  174.5166
7.315	 2.44	 1	 -43.8447	  170.1927
7.318	 2.10	 1	 -38.6878	  175.8044
7.321	 2.27	 1	 -39.6630	  170.8336
7.323	 2.35	 1	 -41.7378	  174.3154
7.327	 2.24	 1	 -42.2068	  173.5755
7.333	 3.07	 1	 -42.5303	  173.7900
7.355	 2.12	 2	 -39.6388	  170.8531
7.369	 2.24	 1	 -39.7543	  168.3910
7.377	 2.09	 1	 -45.9744	  168.8400
7.387	 2.51	 1	 -41.7542	  174.1814
7.390	 3.02	 1	 -42.5010	  173.2814
7.400	 2.89	 1	 -39.0187	  169.4946
7.402	 2.15	 1	 -41.5607	  168.6237
7.409	 2.77	 1	 -45.1098	  167.8635
7.410	 2.64	 1	 -45.2626	  178.0422
7.415	 2.26	 1	 -44.1643	  175.4741
7.423	 2.05	 1	 -41.7551	  172.1843
7.424	 2.47	 1	 -38.6351	  175.6590
7.426	 2.02	 1	 -45.0383	  175.6516
7.436	 2.58	 2	 -45.2497	  178.0482
7.442	 3.78	 1	 -41.0237	  178.7030
7.447	 2.49	 1	 -40.1110	  178.0313
7.447	 2.04	 1	 -43.2742	  166.9557
7.448	 2.06	 1	 -42.5093	  173.4186
7.450	 2.69	 1	 -41.3396	  178.8564
7.455	 3.00	 1	 -42.3483	  174.0187
7.455	 2.08	 2	 -41.0584	  178.7939
7.457	 2.03	 1	 -43.3810	  174.0285
7.460	 2.08	 1	 -41.7304	  174.2536
7.462	 2.01	 1	 -43.7103	  170.8994
7.466	 3.79	 1	 -46.2074	  171.1784
7.473	 2.26	 1	 -42.5483	  173.1460
7.474	 2.08	 1	 -42.2947	  172.4777
7.485	 2.25	 1	 -42.9720	  170.1016
7.489	 2.05	 1	 -44.3228	  173.3118
7.491	 3.17	 1	 -42.4069	  173.7335
7.499	 2.85	 2	 -42.9747	  170.1155
7.506	 2.78	 1	 -44.5692	  173.6114
7.510	 2.77	 1	 -46.9375	  175.0401
7.521	 2.72	 1	 -44.7949	  171.7423
7.521	 2.70	 1	 -45.0079	  169.6582
7.522	 2.19	 1	 -41.0720	  172.7953
7.523	 2.12	 2	 -42.3989	  173.7106
7.526	 2.13	 2	 -38.2330	  173.9027
7.527	 2.04	 2	 -45.0251	  169.6618
7.527	 2.12	 1	 -40.4365	  175.6610
7.528	 2.08	 1	 -46.1152	  169.0544
7.540	 2.16	 1	 -42.6131	  172.9007
7.544	 2.72	 1	 -41.0343	  169.7231
7.545	 2.16	 1	 -41.5164	  176.8267
7.550	 2.14	 1	 -42.4020	  173.9624
7.554	 2.12	 1	 -42.1222	  174.0824
7.555	 4.44	 1	 -42.8537	  172.7216
7.558	 2.34	 1	 -42.4904	  173.7693
7.559	 2.16	 1	 -42.1501	  174.7040
7.561	 2.59	 1	 -40.8892	  172.5723
7.562	 2.48	 1	 -42.5273	  173.1640
7.563	 2.08	 2	 -42.8444	  172.6846
7.564	 2.56	 1	 -41.7108	  174.3255
7.586	 2.03	 1	 -40.9752	  175.3928
7.589	 2.23	 1	 -46.9526	  171.0640
7.596	 2.34	 1	 -42.8955	  174.5982
7.596	 2.02	 1	 -42.5843	  173.2260
7.597	 2.10	 1	 -38.3160	  174.4263
7.597	 2.35	 1	 -42.4013	  173.7547
7.602	 2.15	 1	 -42.6725	  173.1296
7.607	 2.06	 1	 -41.9165	  174.1461
7.615	 2.44	 2	 -42.3510	  174.0180
7.615	 2.15	 1	 -37.3427	  175.0669
7.626	 2.01	 1	 -42.3855	  175.0034
7.643	 2.02	 1	 -41.9760	  175.0322
7.643	 3.00	 1	 -39.9392	  168.1853
7.644	 2.04	 1	 -41.8258	  174.2521
7.650	 2.41	 1	 -41.7850	  174.2724
7.651	 2.05	 1	 -41.0330	  174.0541
7.653	 2.28	 1	 -42.2397	  173.7088
7.657	 2.67	 1	 -43.0753	  174.6745
7.661	 2.10	 1	 -43.9555	  174.4530
7.665	 2.10	 1	 -42.4180	  173.4993
7.673	 2.16	 1	 -41.8097	  173.3798
7.676	 2.15	 1	 -42.7285	  170.7081
7.698	 2.92	 1	 -41.3225	  167.1952
7.699	 2.02	 1	 -38.2482	  173.9525
7.700	 2.33	 1	 -42.8337	  177.1434
7.706	 2.46	 1	 -40.7068	  171.7554
7.707	 2.26	 1	 -38.2338	  172.3863
7.709	 2.10	 1	 -41.6714	  174.3519
7.713	 2.73	 1	 -45.9498	  168.8045
7.713	 2.03	 1	 -42.2194	  175.3554
7.714	 2.18	 1	 -43.7533	  175.7847
7.716	 2.81	 1	 -38.2049	  172.6362
7.717	 2.20	 1	 -41.9275	  173.9516
7.719	 2.17	 1	 -43.9426	  167.6656
7.728	 2.25	 1	 -41.2787	  174.2406
7.732	 3.04	 1	 -45.0000	  178.2730
7.734	 2.87	 1	 -42.5169	  173.8992
7.737	 2.03	 1	 -46.6501	  170.1178
7.741	 3.06	 1	 -41.6802	  174.2555
7.747	 3.47	 1	 -41.7384	  174.1701
7.750	 2.46	 2	 -41.6272	  174.0508
7.752	 2.65	 1	 -43.1012	  172.7296
7.763	 2.04	 1	 -42.7148	  173.9072
7.763	 2.91	 1	 -41.7303	  174.2908
7.767	 2.13	 1	 -42.6433	  172.8604
7.768	 2.67	 1	 -40.6030	  169.8740
7.776	 3.07	 1	 -42.2939	  173.8536
7.798	 2.99	 1	 -38.3241	  174.4726
7.799	 2.40	 1	 -43.8095	  167.0961
7.801	 3.39	 1	 -42.1027	  173.3983
7.818	 2.41	 1	 -42.8224	  171.9361
7.824	 2.48	 1	 -45.0987	  167.8539
7.824	 3.12	 2	 -42.3555	  173.8010
7.825	 2.14	 1	 -47.1317	  173.9967
7.827	 2.71	 1	 -41.6495	  174.2906
7.835	 4.06	 1	 -46.8527	  172.8052
7.835	 2.15	 2	 -41.0272	  178.6924
7.837	 2.00	 1	 -41.4798	  174.6156
7.838	 2.13	 1	 -41.1733	  171.6734
7.843	 2.51	 1	 -38.8467	  176.1921
7.846	 2.06	 2	 -46.8525	  172.8069
7.847	 2.37	 2	 -46.8295	  172.7784
7.847	 2.89	 2	 -46.8641	  172.8029
7.857	 2.48	 1	 -45.0168	  172.7927
7.857	 2.40	 1	 -42.6878	  171.4429
7.861	 2.51	 1	 -44.5197	  176.4886
7.861	 2.93	 1	 -40.9633	  175.0600
7.863	 2.05	 1	 -46.8396	  170.6572
7.867	 3.18	 1	 -39.2314	  176.9276
7.871	 2.14	 2	 -46.8321	  172.7444
7.872	 2.01	 1	 -40.6891	  167.5451
7.876	 2.33	 1	 -42.1250	  173.5899
7.886	 2.23	 1	 -41.5589	  173.8346
7.887	 2.02	 1	 -44.2114	  173.1672
7.894	 2.08	 1	 -44.6956	  172.9054
7.904	 2.29	 1	 -42.0287	  173.6900
7.910	 2.43	 1	 -42.5589	  173.1314
7.910	 2.69	 1	 -44.4753	  174.2030
7.917	 2.18	 1	 -43.7287	  178.5764
7.919	 2.59	 1	 -42.6854	  175.2002
7.922	 2.03	 1	 -41.7584	  179.0065
7.923	 2.27	 1	 -47.0739	  171.6461
7.924	 2.11	 1	 -41.9503	  174.1331
7.926	 2.58	 1	 -42.4235	  173.8835
7.939	 2.06	 1	 -41.6012	  175.4610
7.946	 2.41	 1	 -41.9804	  174.1021
7.946	 2.02	 1	 -41.8932	  172.0849
7.954	 2.44	 1	 -45.1620	  171.3203
7.956	 2.12	 1	 -46.3418	  171.4021
7.963	 2.74	 1	 -42.3149	  173.6261
7.966	 2.31	 1	 -42.4577	  173.7551
7.968	 2.51	 1	 -43.6763	  168.9622
7.978	 2.15	 1	 -39.6635	  177.5437
7.981	 2.26	 1	 -43.2142	  174.8361
7.984	 2.15	 1	 -41.4224	  172.3486
7.985	 2.18	 1	 -44.5362	  172.8135
7.988	 2.55	 2	 -43.6685	  168.9537
7.989	 2.07	 1	 -41.0664	  171.4525
7.992	 2.67	 1	 -43.4043	  173.8883
7.997	 2.25	 1	 -39.3585	  177.1273
8.001	 2.18	 1	 -43.7461	  174.4189
8.003	 2.68	 1	 -44.6102	  178.5557
8.017	 2.48	 1	 -42.8374	  173.3747
8.023	 2.80	 1	 -44.8175	  170.6434
8.023	 2.76	 1	 -46.7263	  175.7255
8.028	 4.45	 1	 -42.4962	  173.1037
8.032	 2.48	 1	 -42.5138	  173.8951
8.042	 2.42	 1	 -41.7408	  174.3197
8.048	 2.06	 1	 -43.1590	  179.1069
8.055	 2.04	 1	 -40.4542	  172.8480
8.056	 2.01	 1	 -40.7649	  172.0023
8.061	 2.24	 1	 -42.2849	  173.8994
8.062	 2.41	 1	 -41.6560	  172.7135
8.070	 2.25	 1	 -39.7302	  168.4196
8.074	 2.09	 2	 -42.5319	  173.0997
8.077	 2.56	 1	 -42.4775	  174.0458
8.085	 2.44	 1	 -38.6304	  170.3984
8.088	 2.28	 2	 -42.8609	  172.7159
8.092	 2.13	 1	 -42.6358	  179.1395
8.093	 2.20	 2	 -42.5700	  173.2504
8.093	 2.72	 1	 -46.8847	  170.8094
8.097	 2.12	 2	 -46.8442	  172.8177
8.108	 2.57	 1	 -42.3437	  173.4145
8.112	 2.29	 1	 -41.3739	  169.6065
8.116	 2.07	 1	 -38.3797	  174.7532
8.118	 2.09	 1	 -42.4487	  173.1980
8.118	 2.60	 1	 -42.3222	  173.8419
8.120	 2.25	 1	 -42.1331	  173.6023
8.129	 2.13	 2	 -41.3712	  169.6265
8.129	 2.11	 1	 -42.0154	  172.8000
8.142	 2.36	 1	 -46.7457	  175.1488
8.143	 2.46	 2	 -42.4507	  173.0849
8.144	 2.19	 1	 -46.1335	  176.9605
8.145	 2.34	 1	 -42.1944	  173.6512
8.147	 2.78	 1	 -44.8955	  175.6699
8.163	 2.51	 1	 -40.6300	  176.3105
8.164	 2.26	 1	 -39.0631	  176.2148
8.168	 2.61	 1	 -41.6112	  175.2047
8.171	 3.27	 1	 -42.0220	  174.3616
8.172	 2.10	 1	 -42.6274	  172.8423
8.174	 2.22	 1	 -45.0788	  173.3478
8.175	 2.21	 1	 -46.4054	  176.4731
8.183	 2.02	 1	 -47.0474	  174.5462
8.184	 2.22	 1	 -44.3628	  178.7022
8.184	 2.00	 1	 -42.0969	  177.0552
8.186	 2.40	 1	 -42.4428	  174.2963
8.188	 3.42	 1	 -42.0278	  174.6163
8.190	 2.33	 2	 -42.6761	  175.2201
8.197	 2.56	 1	 -41.8435	  176.2446
8.205	 2.03	 1	 -40.1122	  178.0325
8.211	 2.50	 1	 -42.5402	  169.9746
8.219	 2.41	 1	 -42.2131	  173.6863
8.221	 2.11	 1	 -39.5361	  177.3793
8.221	 2.33	 1	 -46.8846	  170.8090
8.229	 3.39	 1	 -42.1637	  173.5546
8.233	 2.86	 1	 -41.4329	  173.8295
8.234	 2.03	 1	 -43.7549	  174.9547
8.239	 2.08	 1	 -41.8929	  175.1093
8.241	 2.43	 2	 -42.5311	  173.0621
8.241	 2.09	 1	 -42.3890	  173.5834
8.245	 2.59	 1	 -43.3899	  173.0002
8.249	 2.12	 1	 -42.2614	  174.8354
8.251	 2.05	 2	 -42.4789	  173.1139
8.253	 2.23	 1	 -41.7492	  174.2105
8.254	 2.42	 1	 -43.0635	  173.0675
8.258	 2.25	 2	 -42.4744	  173.1667
8.263	 2.47	 1	 -41.6887	  174.2281
8.264	 2.56	 1	 -41.9853	  173.7642
8.278	 2.12	 1	 -41.0715	  169.8302
8.278	 2.19	 1	 -42.5295	  173.8060
8.286	 2.34	 1	 -41.5220	  178.9290
8.292	 2.10	 1	 -42.1348	  173.4969
8.292	 2.00	 1	 -39.6509	  173.3967
8.300	 3.06	 1	 -42.4760	  170.5775
8.300	 2.11	 1	 -39.5803	  168.6065
8.302	 2.44	 1	 -44.2633	  171.7080
8.310	 2.64	 1	 -39.1812	  176.8437
8.311	 3.07	 1	 -46.7500	  170.3852
8.313	 2.05	 1	 -42.3085	  171.8894
8.323	 2.08	 1	 -42.4822	  173.7851
8.324	 2.12	 2	 -41.6325	  175.2066
8.326	 2.05	 1	 -42.5772	  173.0087
8.331	 2.94	 2	 -42.0236	  174.3650
8.339	 2.44	 1	 -40.4829	  174.9933
8.346	 2.06	 1	 -38.2367	  172.2003
8.353	 2.09	 1	 -41.2390	  167.3804
8.360	 2.28	 1	 -43.3831	  173.7772
8.362	 2.53	 1	 -38.6542	  175.7128
8.362	 2.07	 2	 -41.8424	  173.9497
8.377	 3.38	 1	 -45.3700	  168.9770
8.381	 2.29	 1	 -46.2146	  176.8255
8.384	 2.09	 1	 -44.8044	  172.6997
8.402	 2.52	 1	 -42.7242	  171.7266
8.408	 2.12	 1	 -42.9973	  171.8395
8.416	 2.04	 1	 -42.1737	  173.8316
8.417	 2.67	 1	 -42.6611	  173.0052
8.422	 2.01	 1	 -46.0095	  168.8916
8.424	 2.04	 1	 -47.1325	  173.9899
8.431	 2.20	 1	 -42.0895	  171.5644
8.431	 3.71	 1	 -42.6550	  172.9884
8.436	 2.13	 1	 -42.1998	  173.8452
8.437	 2.08	 1	 -41.4524	  172.5295
8.442	 2.24	 1	 -41.9855	  173.6885
8.447	 2.15	 1	 -43.5747	  168.6390
8.460	 2.22	 1	 -44.3598	  178.4287
8.462	 2.44	 1	 -46.9234	  175.0942
8.466	 2.12	 1	 -47.1514	  173.8134
8.471	 2.37	 1	 -41.3643	  171.7367
8.471	 2.15	 1	 -41.7331	  174.2251
8.480	 2.22	 1	 -42.5836	  173.1189
8.491	 2.21	 2	 -42.6535	  172.9901
8.499	 2.43	 1	 -42.3041	  174.0645
8.501	 2.01	 1	 -44.6116	  177.7711
8.526	 2.65	 1	 -42.3322	  174.8187
8.527	 2.29	 1	 -42.0625	  166.9647
8.540	 2.56	 1	 -41.7767	  174.1100
8.549	 2.09	 1	 -44.2589	  175.3251
8.550	 2.60	 1	 -42.5029	  173.1580
8.551	 2.63	 1	 -41.9736	  174.0809
8.551	 2.09	 1	 -42.3783	  173.9798
8.551	 2.64	 1	 -41.5872	  168.7192
8.552	 2.03	 1	 -46.7119	  170.2793
8.553	 2.67	 1	 -45.7542	  177.5027
8.554	 3.44	 1	 -42.3598	  173.8353
8.562	 2.41	 2	 -42.2050	  173.8324
8.563	 2.39	 1	 -42.5420	  172.9057
8.564	 2.06	 1	 -43.4731	  171.8143
8.567	 2.65	 1	 -42.3500	  174.6228
8.571	 2.04	 1	 -41.5974	  173.4031
8.573	 2.45	 1	 -42.4398	  172.1882
8.582	 2.44	 1	 -46.5568	  176.1504
8.584	 2.05	 1	 -39.2446	  174.3790
8.584	 2.11	 1	 -47.1287	  174.0215
8.597	 2.06	 1	 -38.8105	  169.9349
8.598	 2.17	 1	 -40.5879	  178.4285
8.599	 2.16	 1	 -45.7195	  177.5462
8.611	 2.95	 1	 -41.3707	  176.5502
8.617	 2.15	 1	 -40.4718	  179.2540
8.618	 2.24	 1	 -45.7102	  177.5577
8.623	 2.18	 1	 -45.9735	  168.8386
8.624	 2.17	 1	 -41.5567	  171.3374
8.627	 2.28	 1	 -42.0733	  174.5794
8.631	 2.28	 1	 -40.4691	  173.8444
8.631	 2.40	 1	 -40.5570	  178.4060
8.635	 2.03	 2	 -41.6002	  168.7170
8.635	 2.68	 1	 -43.3238	  173.9270
8.636	 2.25	 1	 -41.7036	  174.1612
8.639	 2.30	 1	 -42.7802	  179.1388
8.642	 2.23	 1	 -39.2083	  176.8894
8.646	 2.27	 1	 -42.7785	  166.9055
8.651	 2.03	 2	 -38.2040	  172.6374
8.654	 2.14	 1	 -45.4448	  177.8601
8.658	 2.16	 1	 -39.1941	  169.1787
8.666	 3.02	 1	 -47.1153	  174.1263
8.666	 2.18	 1	 -46.4152	  176.4536
8.667	 2.16	 1	 -43.2101	  172.0043
8.667	 3.64	 1	 -41.0656	  174.5462
8.671	 2.74	 1	 -41.4172	  168.7729
8.672	 2.53	 1	 -41.0445	  179.5261
8.685	 2.01	 1	 -41.5441	  172.3079
8.685	 2.19	 1	 -42.4857	  173.2907
8.689	 2.01	 2	 -42.1611	  173.5535
8.697	 2.16	 2	 -42.0294	  174.6026
8.703	 2.88	 1	 -44.0814	  178.8408
8.711	 2.05	 1	 -42.1299	  173.5745
8.711	 2.09	 1	 -41.8195	  174.2349
8.718	 2.27	 1	 -44.9734	  178.2944
8.720	 2.66	 1	 -41.9341	  173.6925
8.723	 3.98	 1	 -41.8533	  179.0324
8.726	 2.31	 1	 -42.3774	  173.6764
8.726	 2.22	 1	 -46.1092	  169.0449
8.730	 3.93	 1	 -41.8766	  174.1474
8.740	 2.15	 1	 -44.7072	  167.5527
8.751	 2.32	 1	 -46.1412	  171.5915
8.764	 2.04	 1	 -46.6815	  170.1983
8.767	 2.39	 1	 -42.5222	  173.2553
8.767	 2.23	 1	 -41.9467	  172.4191
8.769	 2.34	 1	 -44.8664	  167.6667
8.769	 2.11	 1	 -41.8572	  174.1334
8.771	 2.05	 1	 -45.2900	  168.0283
8.772	 2.15	 1	 -40.7225	  177.0448
8.774	 2.76	 1	 -41.0706	  169.2332
8.781	 2.73	 1	 -40.4516	  169.8999
8.794	 2.07	 1	 -39.7658	  168.3776
8.801	 2.00	 1	 -42.0070	  173.6731
8.805	 2.01	 1	 -42.1116	  173.6394
8.810	 2.49	 1	 -42.5484	  170.1261
8.819	 2.45	 1	 -42.9033	  173.7878
8.820	 2.37	 1	 -41.8003	  174.1982
8.826	 2.47	 1	 -42.8220	  174.4043
8.838	 2.93	 1	 -38.3781	  174.7459
8.839	 2.20	 1	 -44.2252	  171.5373
8.840	 3.01	 2	 -40.5564	  178.4059
8.858	 2.77	 1	 -43.1349	  174.4488
8.866	 2.19	 1	 -42.0095	  175.2265
8.867	 2.02	 1	 -42.3416	  170.5188
8.874	 2.55	 1	 -42.8252	  169.6241
8.874	 2.28	 1	 -42.0901	  173.3766
8.881	 2.23	 2	 -42.8578	  172.7239
8.888	 3.17	 1	 -43.3315	  176.6543
8.889	 2.16	 2	 -41.8615	  174.1197
8.891	 2.64	 1	 -41.8057	  174.2334
8.891	 2.71	 1	 -42.3557	  173.6137
8.903	 2.06	 1	 -44.4345	  176.1792
8.906	 2.16	 1	 -41.1375	  167.2818
8.909	 2.70	 1	 -45.0793	  173.3248
8.910	 2.20	 1	 -42.6806	  170.5979
8.911	 2.41	 2	 -46.9183	  175.0884
8.917	 2.22	 1	 -46.3675	  169.4968
8.919	 2.56	 1	 -40.1165	  168.0077
8.919	 2.08	 1	 -44.7821	  172.9121
8.922	 2.02	 1	 -42.8461	  166.9079
8.923	 2.74	 1	 -42.8015	  169.9830
8.936	 4.85	 1	 -42.7116	  172.6097
8.937	 2.89	 1	 -38.5321	  170.7013
8.938	 2.14	 2	 -42.6375	  172.7256
8.939	 3.72	 2	 -40.1209	  168.0081
8.940	 2.02	 2	 -42.8365	  172.8608
8.942	 3.13	 1	 -39.9713	  173.1954
8.944	 2.52	 1	 -39.8722	  168.2574
8.947	 2.22	 2	 -42.7073	  172.6531
8.948	 2.27	 1	 -42.3704	  174.0061
8.951	 2.31	 2	 -42.7127	  172.6719
8.955	 2.95	 1	 -40.0536	  168.0687
8.962	 3.40	 1	 -43.3835	  173.0347
8.964	 2.08	 1	 -42.3566	  173.9856
8.965	 2.11	 1	 -38.2735	  174.1533
8.974	 2.60	 1	 -47.1850	  173.2851
8.983	 2.65	 1	 -41.4116	  169.2398
8.987	 3.31	 1	 -40.4186	  169.1814
8.993	 2.27	 2	 -39.0507	  169.5223
9.006	 2.35	 2	 -42.7095	  172.6876
9.006	 2.26	 2	 -42.7311	  172.6330
9.014	 2.06	 1	 -45.6258	  171.6803
9.017	 2.79	 1	 -42.7755	  172.8688
9.020	 2.70	 1	 -45.0218	  167.7891
9.023	 2.30	 1	 -38.7034	  175.8453
9.024	 2.58	 1	 -46.4360	  175.6982
9.026	 2.06	 1	 -42.6456	  172.9251
9.035	 2.63	 1	 -38.1974	  173.1788
9.050	 2.95	 2	 -43.3855	  173.0441
9.053	 2.84	 1	 -46.8909	  175.2130
9.053	 2.31	 1	 -42.1470	  174.3753
9.054	 2.87	 1	 -44.3028	  173.0399
9.076	 2.33	 1	 -41.2911	  178.8352
9.076	 2.69	 2	 -43.3833	  173.0365
9.077	 2.06	 1	 -42.5231	  173.1805
9.078	 2.57	 2	 -42.6904	  172.6498
9.081	 2.14	 1	 -42.3451	  179.1217
9.087	 2.65	 1	 -45.5775	  177.7148
9.091	 2.14	 1	 -46.0024	  177.1632
9.094	 2.18	 1	 -42.7023	  173.2903
9.096	 2.12	 1	 -43.2013	  175.8992
9.122	 2.73	 1	 -42.1465	  173.5906
9.122	 2.03	 1	 -42.7661	  176.4103
9.130	 2.47	 1	 -39.5546	  172.2529
9.141	 2.29	 1	 -42.1160	  172.3165
9.142	 3.42	 2	 -41.8550	  179.0384
9.145	 2.26	 1	 -42.5925	  173.1817
9.147	 2.03	 1	 -41.6272	  178.9658
9.147	 2.16	 1	 -41.6603	  174.0728
9.148	 2.24	 2	 -42.7217	  172.6066
9.158	 2.08	 1	 -42.0141	  174.0242
9.158	 2.39	 1	 -46.5420	  170.3712
9.159	 2.79	 1	 -42.2923	  173.9980
9.169	 2.51	 1	 -42.2141	  173.6908
9.180	 2.08	 1	 -40.9186	  173.1073
9.181	 3.12	 1	 -47.1598	  173.7202
9.182	 2.15	 2	 -42.7179	  172.5864
9.186	 2.08	 1	 -43.0504	  171.3289
9.187	 2.00	 1	 -40.2017	  174.5517
9.188	 3.05	 1	 -43.4720	  179.0473
9.201	 2.11	 2	 -45.0824	  167.8604
9.222	 2.08	 1	 -41.2160	  169.0984
9.226	 2.77	 1	 -42.4484	  174.0332
9.227	 2.02	 1	 -43.2400	  177.1797
9.232	 2.21	 1	 -42.5083	  173.0234
9.235	 4.18	 2	 -47.1909	  173.2888
9.241	 2.53	 3	 -47.2008	  173.3275
9.246	 2.33	 1	 -41.6223	  174.2785
9.255	 2.14	 1	 -42.0538	  179.0779
9.255	 2.23	 2	 -42.7753	  172.6181
9.261	 2.48	 1	 -41.7679	  174.2813
9.263	 2.40	 1	 -45.8094	  168.6125
9.263	 3.12	 1	 -41.8318	  175.3156
9.266	 2.15	 1	 -46.1362	  169.0882
9.274	 2.63	 1	 -42.4946	  173.8105
9.285	 2.39	 1	 -43.5236	  170.5858
9.298	 2.42	 1	 -42.7020	  168.3454
9.305	 2.27	 1	 -43.5962	  177.6570
9.307	 2.10	 1	 -44.6588	  167.5202
9.309	 2.58	 1	 -42.2816	  174.6135
9.316	 3.64	 1	 -42.7543	  172.2920
9.317	 3.23	 2	 -42.7486	  172.2800
9.319	 3.52	 1	 -41.6136	  172.3386
9.323	 2.17	 1	 -39.7220	  174.0789
9.323	 2.01	 1	 -42.5940	  176.2338
9.324	 2.25	 1	 -43.1573	  173.8755
9.328	 3.36	 1	 -39.0030	  176.5192
9.336	 2.27	 1	 -41.3429	  171.7681
9.338	 2.66	 1	 -43.2032	  166.9439
9.339	 3.13	 2	 -43.3936	  173.0292
9.342	 2.18	 3	 -47.1836	  173.2476
9.348	 2.48	 1	 -42.6771	  172.8026
9.352	 2.69	 1	 -40.7772	  177.7845
9.354	 2.07	 3	 -47.1934	  173.3082
9.361	 2.34	 1	 -40.6082	  174.5595
9.362	 2.14	 1	 -42.2184	  173.7328
9.368	 2.27	 1	 -41.6599	  174.0887
9.369	 2.11	 1	 -44.5070	  167.4245
9.371	 2.03	 1	 -46.7975	  170.5251
9.371	 3.67	 2	 -42.2800	  174.6246
9.377	 2.13	 1	 -42.1886	  173.9015
9.379	 2.17	 1	 -41.9958	  173.8524
9.385	 3.04	 1	 -40.4470	  167.7218
9.386	 2.21	 1	 -45.8307	  168.6405
9.392	 2.03	 1	 -46.9569	  174.9628
9.398	 3.17	 1	 -45.8322	  168.6425
9.404	 2.60	 1	 -45.3518	  173.3950
9.409	 2.22	 1	 -42.6161	  176.7820
9.418	 2.47	 1	 -42.3625	  173.6250
9.419	 3.46	 1	 -40.0277	  170.7996
9.427	 3.97	 2	 -39.7943	  170.9287
9.432	 2.19	 1	 -41.6648	  174.3916
9.434	 2.35	 1	 -47.1859	  172.7906
9.438	 2.19	 2	 -46.7976	  170.5254
9.443	 2.48	 1	 -42.3053	  173.4832
9.444	 2.25	 1	 -41.0965	  167.3027
9.444	 2.38	 1	 -43.5591	  172.4247
9.450	 2.14	 1	 -43.5617	  169.3794
9.450	 2.04	 1	 -43.9093	  171.7496
9.453	 2.57	 1	 -45.3292	  175.1243
9.458	 2.04	 2	 -40.0188	  170.7991
9.465	 2.24	 1	 -42.5051	  173.6434
9.467	 3.05	 1	 -40.8289	  172.5024
9.480	 2.59	 1	 -41.6201	  170.3885
9.482	 2.92	 1	 -40.5510	  172.8000
9.482	 2.19	 1	 -43.5512	  167.6499
9.493	 2.14	 1	 -42.5438	  173.0568
9.498	 2.02	 3	 -42.2742	  174.6057
9.504	 2.19	 1	 -41.7887	  174.1505
9.505	 2.29	 1	 -44.0861	  173.6950
9.509	 2.33	 1	 -41.2158	  174.8855
9.523	 2.06	 3	 -40.1520	  168.1056
9.526	 2.38	 1	 -47.1872	  172.8427
9.537	 2.17	 1	 -40.6920	  167.5431
9.540	 2.39	 1	 -40.8006	  171.6405
9.540	 2.00	 1	 -42.2304	  173.6285
9.542	 3.33	 1	 -42.2471	  173.8995
9.545	 2.53	 1	 -42.0171	  173.6147
9.548	 2.21	 1	 -44.8494	  178.3902
9.560	 2.08	 3	 -41.7677	  179.0364
9.563	 2.24	 2	 -42.6815	  172.6038
9.572	 2.51	 1	 -42.6332	  173.0547
9.575	 2.53	 1	 -46.0920	  169.0176
9.575	 2.44	 1	 -41.5599	  174.1508
9.576	 2.02	 1	 -42.2717	  173.6796
9.582	 2.78	 1	 -44.9746	  172.9638
9.588	 2.32	 1	 -42.6724	  172.7226
9.588	 3.21	 1	 -41.7224	  174.2443
9.599	 2.42	 1	 -41.3765	  169.6558
9.628	 2.87	 1	 -41.8558	  174.3189
9.631	 2.36	 1	 -45.6203	  177.6655
9.632	 3.06	 2	 -40.7956	  171.5888
9.644	 3.02	 1	 -42.8700	  166.9091
9.649	 3.65	 1	 -46.1278	  176.9697
9.658	 2.36	 2	 -46.1311	  177.0078
9.665	 2.25	 1	 -41.7177	  174.1860
9.670	 2.25	 1	 -43.5886	  173.9854
9.671	 2.43	 1	 -44.0222	  176.1854
9.671	 2.35	 1	 -40.5761	  167.6244
9.677	 2.14	 1	 -40.6590	  173.2115
9.679	 2.27	 1	 -42.3868	  178.2893
9.699	 2.02	 1	 -46.6530	  170.1251
9.704	 2.17	 1	 -41.8330	  174.5173
9.706	 2.25	 1	 -46.9282	  175.0761
9.727	 2.23	 1	 -41.9026	  171.2753
9.776	 2.00	 1	 -44.4295	  167.3792
9.780	 2.31	 1	 -41.7607	  174.3490
9.783	 3.64	 1	 -41.1167	  174.4648
9.795	 2.83	 1	 -40.7236	  175.4262
9.796	 2.38	 1	 -38.9552	  176.4240
9.797	 2.55	 1	 -43.6354	  171.9925
9.804	 2.15	 1	 -42.3728	  173.6082
9.805	 2.57	 1	 -45.1185	  172.8426
9.805	 2.78	 1	 -42.6135	  171.7851
9.811	 2.90	 1	 -42.4222	  170.9145
9.819	 2.95	 1	 -41.6970	  178.9881
9.822	 2.59	 1	 -41.8682	  172.2245
9.827	 2.15	 1	 -43.0575	  179.1198
9.833	 2.07	 1	 -42.3144	  171.5180
9.835	 2.09	 2	 -41.7079	  178.9839
9.839	 3.51	 2	 -41.0672	  174.4935
9.840	 2.27	 2	 -40.9950	  175.0360
9.855	 2.35	 1	 -41.7429	  170.1256
9.862	 2.64	 1	 -40.9130	  175.4098
9.862	 2.48	 1	 -44.0933	  178.8355
9.871	 2.01	 1	 -42.2196	  173.6743
9.873	 2.11	 1	 -46.4492	  169.6599
9.876	 2.77	 1	 -42.0626	  174.4079
9.881	 2.49	 1	 -38.6398	  170.3717
9.881	 2.22	 1	 -42.4720	  173.6300
9.884	 4.09	 1	 -42.2440	  173.7937
9.886	 2.09	 1	 -42.4430	  173.7856
9.886	 2.92	 1	 -43.6563	  172.7763
9.887	 3.00	 1	 -42.0199	  173.6784
9.887	 2.42	 1	 -42.5549	  173.9792
9.889	 2.17	 1	 -42.5205	  173.5669
9.891	 2.42	 1	 -42.1577	  172.9129
9.894	 2.12	 1	 -46.7587	  170.4102
9.895	 2.14	 1	 -40.2659	  178.1726
9.899	 2.76	 2	 -42.2323	  173.7816
9.902	 2.21	 1	 -43.9383	  167.1438
9.905	 2.77	 2	 -42.5911	  173.1801
9.906	 2.19	 1	 -42.2596	  173.6691
9.906	 2.30	 1	 -41.7930	  174.1730
9.907	 2.05	 1	 -42.4285	  173.7414
9.911	 2.21	 1	 -44.5725	  175.2784
9.912	 2.14	 1	 -42.9159	  178.7810
9.912	 2.01	 1	 -40.5932	  167.6120
9.916	 2.56	 1	 -41.3329	  171.7491
9.923	 2.13	 1	 -40.9619	  178.6687
9.923	 2.38	 1	 -42.2636	  173.6300
9.924	 2.05	 1	 -47.1344	  173.9734
9.931	 2.89	 1	 -41.9582	  173.6451
9.933	 2.56	 2	 -42.6723	  172.7217
9.939	 2.14	 2	 -41.8622	  174.1483
9.945	 2.15	 1	 -41.6571	  174.3555
9.957	 2.68	 1	 -45.8613	  172.3476
9.966	 2.12	 2	 -42.8417	  172.6962
9.972	 2.05	 1	 -46.4519	  176.3788
9.974	 2.40	 1	 -43.3080	  173.0191
9.975	 2.11	 1	 -42.3439	  173.9243
9.978	 2.17	 1	 -44.4562	  175.6314
9.987	 3.32	 1	 -42.6505	  172.4215
9.991	 2.17	 2	 -41.9178	  174.3834
9.995	 2.45	 1	 -42.2456	  174.3654
10.006	 2.16	 1	 -42.3339	  173.5029
10.014	 2.89	 1	 -42.0021	  176.2588
10.023	 2.23	 2	 -42.8210	  172.5743
10.030	 2.83	 1	 -41.7983	  172.0453
10.035	 2.89	 1	 -42.0596	  173.6835
10.041	 3.27	 2	 -42.2333	  173.7923
10.041	 2.97	 1	 -41.9772	  172.9540
10.065	 2.06	 1	 -42.4143	  172.9827
10.074	 2.14	 1	 -42.2178	  173.6683
10.074	 2.41	 1	 -42.9385	  173.2891
10.081	 2.21	 1	 -47.1879	  172.8773
10.087	 2.13	 1	 -42.2500	  173.8381
10.087	 2.48	 1	 -40.4971	  172.1140
10.089	 2.05	 1	 -42.3154	  179.1184
10.093	 2.63	 1	 -40.1455	  177.2234
10.096	 2.19	 1	 -41.6386	  174.0872
10.102	 2.22	 1	 -44.2969	  177.0482
10.114	 2.63	 1	 -41.7042	  174.2432
10.116	 2.37	 2	 -42.4680	  173.1002
10.117	 2.22	 1	 -44.3914	  167.3578
10.119	 2.32	 1	 -39.3702	  168.8995
10.137	 2.35	 1	 -44.8328	  173.2089
10.138	 2.65	 1	 -42.3904	  172.9575
10.151	 2.18	 1	 -42.1329	  172.7423
10.152	 2.75	 1	 -46.2904	  176.6918
10.158	 2.14	 1	 -41.7825	  174.1876
10.160	 2.05	 1	 -40.0074	  177.9294
10.169	 2.40	 1	 -41.3550	  174.0932
10.198	 2.08	 1	 -46.5484	  169.8747
10.204	 2.64	 1	 -43.3957	  172.1315
10.207	 2.63	 1	 -41.7382	  174.2873
10.214	 2.04	 1	 -43.4492	  172.5041
10.217	 3.58	 1	 -43.8503	  170.9593
10.219	 2.21	 1	 -42.5417	  173.6221
10.226	 2.31	 1	 -38.7290	  170.1327
10.233	 2.25	 3	 -47.1930	  173.2946
10.235	 2.05	 1	 -42.5235	  173.1521
10.240	 2.59	 1	 -47.0567	  174.4963
10.241	 2.48	 1	 -42.0576	  172.5669
10.250	 2.02	 1	 -44.7604	  175.5591
10.259	 2.01	 1	 -42.4568	  172.5741
10.260	 2.47	 1	 -45.3642	  177.9430
10.265	 2.19	 1	 -41.8792	  174.3482
10.268	 2.34	 1	 -42.3962	  178.1908
10.270	 2.13	 1	 -42.9491	  179.1300
10.288	 2.15	 1	 -47.1684	  172.4357
10.293	 2.97	 1	 -42.4998	  173.2645
10.304	 2.13	 1	 -40.6509	  175.3905
10.314	 2.27	 1	 -42.5301	  172.8168
10.344	 2.10	 1	 -38.3304	  174.5068
10.353	 2.06	 1	 -42.5875	  173.1066
10.353	 2.21	 1	 -43.1216	  173.7661
10.357	 2.94	 1	 -42.5658	  173.1907
10.367	 2.23	 1	 -42.4624	  173.0111
10.369	 2.56	 1	 -42.5350	  173.0757
10.376	 2.73	 1	 -39.3769	  175.9805
10.420	 2.68	 1	 -41.9660	  173.8833
10.432	 2.73	 1	 -42.2864	  173.5782
10.443	 2.94	 1	 -46.7503	  175.6582
10.462	 2.04	 1	 -42.0092	  173.5989
10.464	 3.00	 1	 -40.6863	  170.4360
10.489	 3.23	 1	 -47.1091	  171.8730
10.497	 2.28	 1	 -41.9385	  173.7313
10.506	 2.34	 1	 -44.4678	  167.4013
10.508	 2.72	 1	 -42.0115	  173.6452
10.516	 2.10	 1	 -47.0838	  171.7057
10.526	 2.13	 1	 -42.3062	  173.7277
10.527	 2.28	 1	 -44.2538	  178.7593
10.541	 3.05	 1	 -42.8404	  172.9571
10.546	 2.46	 1	 -42.1285	  169.6072
10.550	 2.27	 1	 -41.6163	  175.1356
10.554	 2.45	 1	 -42.3340	  173.8930
10.562	 2.07	 1	 -46.2874	  169.3471
10.571	 4.25	 1	 -38.4596	  175.0863
10.571	 2.29	 1	 -43.7480	  167.0753
10.572	 2.99	 1	 -44.0295	  172.3874
10.575	 2.17	 1	 -41.4534	  172.2662
10.576	 2.08	 1	 -41.7428	  174.7569
10.593	 2.12	 1	 -42.3421	  173.8707
10.606	 2.31	 2	 -40.6919	  170.4147
10.606	 2.40	 2	 -38.4487	  175.1058
10.609	 2.30	 1	 -41.7553	  179.0056
10.620	 4.10	 1	 -41.7606	  174.2107
10.629	 2.23	 1	 -45.8051	  172.3311
10.643	 2.75	 2	 -41.7612	  174.2308
10.658	 2.16	 1	 -42.0385	  173.6668
10.667	 2.54	 1	 -46.7262	  175.7259
10.681	 2.37	 1	 -42.2236	  166.9377
10.682	 2.69	 1	 -47.0159	  171.3403
10.682	 2.91	 2	 -41.7542	  174.1997
10.682	 2.49	 1	 -44.5799	  172.3923
10.688	 2.25	 2	 -42.6838	  172.4072
10.701	 2.08	 1	 -41.7698	  174.1301
10.707	 2.08	 1	 -41.7246	  174.3542
10.714	 2.78	 1	 -39.4379	  170.5159
10.722	 2.08	 1	 -41.7740	  174.0873
10.728	 2.24	 2	 -38.4669	  175.0741
10.739	 2.01	 1	 -43.5744	  172.8578
10.739	 2.14	 1	 -41.7245	  174.1081
10.743	 2.61	 1	 -45.8541	  173.9257
10.744	 2.76	 1	 -44.0335	  172.9277
10.748	 2.38	 1	 -42.2628	  171.0486
10.763	 2.54	 1	 -44.1275	  174.9171
10.766	 2.57	 1	 -42.1147	  173.6447
10.768	 3.26	 1	 -42.9649	  175.5826
10.769	 2.92	 2	 -42.5232	  172.5400
10.771	 2.22	 2	 -44.0270	  172.9288
10.775	 3.75	 1	 -41.3004	  172.3949
10.778	 2.75	 1	 -42.9334	  172.0749
10.778	 2.35	 1	 -38.3246	  171.5691
10.778	 2.47	 1	 -41.7808	  174.2143
10.780	 2.09	 2	 -38.4897	  175.0582
10.789	 2.13	 2	 -41.2967	  172.3972
10.790	 2.68	 1	 -41.8168	  174.2969
10.796	 2.12	 1	 -45.5020	  175.3907
10.799	 2.64	 1	 -45.2953	  170.1630
10.799	 2.47	 1	 -41.7177	  174.2731
10.803	 2.78	 1	 -42.3179	  173.7079
10.804	 2.43	 3	 -40.7921	  170.6953
10.804	 2.04	 1	 -41.8100	  174.0984
10.808	 2.60	 1	 -41.6360	  171.3695
10.810	 2.15	 1	 -42.1661	  173.5666
10.826	 2.05	 1	 -43.2665	  166.9544
10.826	 2.35	 1	 -42.9239	  170.1608
10.828	 2.37	 1	 -41.7453	  173.6308
10.831	 2.97	 1	 -40.5525	  167.6416
10.831	 2.35	 1	 -42.4800	  173.9273
10.839	 2.26	 1	 -42.8652	  172.0029
10.863	 2.81	 1	 -42.4669	  173.6739
10.876	 2.32	 1	 -42.2605	  173.7174
10.882	 2.01	 1	 -43.0076	  170.1526
10.886	 2.88	 1	 -45.9699	  168.8334
10.892	 2.24	 1	 -41.1878	  172.8973
10.893	 2.33	 1	 -42.1009	  173.6089
10.901	 2.08	 2	 -42.2121	  173.6876
10.904	 3.02	 2	 -46.7534	  175.6579
10.906	 2.06	 1	 -39.3947	  168.8633
10.907	 2.48	 1	 -46.4047	  176.4745
10.913	 2.05	 1	 -41.9916	  173.7249
10.925	 4.61	 1	 -41.9047	  173.8009
10.925	 3.41	 1	 -40.4683	  176.9024
10.926	 2.27	 1	 -39.3198	  171.0782
10.929	 2.01	 2	 -42.0502	  174.2102
10.930	 2.59	 2	 -41.9155	  173.7967
10.930	 2.18	 2	 -41.9595	  173.7112
10.931	 2.35	 2	 -41.8924	  173.7896
10.937	 2.35	 1	 -41.8445	  175.3533
10.946	 2.11	 1	 -42.1715	  173.7086
10.948	 2.06	 1	 -44.2902	  174.0678
10.950	 2.45	 1	 -38.2569	  172.0182
10.953	 2.43	 2	 -42.1361	  173.4976
10.954	 2.03	 1	 -41.0583	  172.5799
10.956	 2.22	 1	 -41.2686	  173.6890
10.957	 3.65	 1	 -41.8164	  174.2467
10.958	 2.05	 1	 -46.2795	  169.3329
10.959	 2.28	 1	 -41.5887	  173.9978
10.977	 2.36	 2	 -42.3119	  173.8240
10.978	 2.05	 3	 -42.2057	  173.6913
10.978	 2.14	 2	 -41.8198	  174.2494
10.989	 2.14	 2	 -42.1957	  173.5165
10.994	 2.75	 1	 -38.4384	  171.0405
10.996	 2.25	 1	 -42.2448	  170.6405
11.001	 3.26	 1	 -42.5365	  173.0234
11.008	 2.59	 1	 -41.8878	  173.7704
11.018	 2.27	 1	 -42.6474	  173.6400
11.021	 2.27	 1	 -42.4832	  174.6363
11.023	 2.04	 1	 -44.4844	  173.6237
11.024	 2.51	 1	 -42.7988	  166.9060
11.035	 2.84	 1	 -45.6883	  168.4598
11.037	 3.21	 1	 -43.3928	  173.3877
11.044	 2.71	 1	 -42.7873	  173.0353
11.048	 2.79	 1	 -43.8354	  178.5285
11.052	 2.06	 1	 -43.1910	  171.8852
11.057	 2.20	 1	 -39.1211	  169.3051
11.060	 2.07	 3	 -47.1930	  173.3274
11.080	 2.93	 2	 -41.8672	  173.7955
11.081	 2.39	 1	 -42.3880	  173.7925
11.086	 2.47	 2	 -41.8948	  173.8076
11.086	 2.97	 1	 -47.1847	  173.2930
11.087	 2.16	 1	 -43.0041	  171.2766
11.093	 2.27	 2	 -41.9099	  173.7974
11.097	 2.91	 1	 -42.5979	  174.4015
11.098	 2.00	 1	 -43.2757	  179.0883
11.103	 3.20	 1	 -46.9106	  170.9026
11.108	 2.48	 1	 -40.1882	  174.9397
11.111	 2.16	 1	 -41.4626	  171.7808
11.116	 2.66	 2	 -43.3956	  172.1319
11.118	 2.40	 1	 -39.6838	  168.4756
11.119	 2.05	 1	 -45.9245	  177.2756
11.122	 2.96	 1	 -46.3186	  176.6401
11.137	 2.05	 1	 -39.8314	  177.7418
11.139	 2.22	 1	 -38.7341	  170.1198
11.142	 3.12	 1	 -41.9829	  174.0651
11.146	 2.34	 2	 -41.9093	  173.8125
11.149	 2.16	 1	 -44.5875	  172.3388
11.153	 2.03	 1	 -47.1381	  173.9416
11.155	 2.14	 1	 -41.7886	  174.2253
11.162	 2.14	 1	 -42.5551	  171.1144
11.166	 2.22	 1	 -44.5003	  167.5773
11.168	 2.53	 1	 -39.2184	  169.1380
11.179	 2.89	 1	 -41.8328	  174.1932
11.183	 2.34	 1	 -42.5175	  170.2283
11.186	 2.82	 2	 -46.9279	  170.8935
11.188	 2.20	 1	 -42.7198	  172.6946
11.192	 2.33	 1	 -39.8321	  177.7426
11.194	 2.65	 1	 -42.5589	  173.4409
11.199	 2.26	 1	 -43.2973	  166.9599
11.200	 2.14	 1	 -42.4077	  173.7630
11.201	 2.14	 1	 -46.2682	  174.1512
11.202	 2.80	 1	 -41.7849	  174.3060
11.207	 2.88	 1	 -44.3115	  167.7277
11.221	 2.30	 1	 -47.1337	  173.9799
11.228	 2.09	 1	 -41.9154	  170.5429
11.235	 2.65	 1	 -42.2039	  173.6338
11.238	 2.29	 1	 -41.1873	  176.2991
11.241	 2.03	 1	 -39.4591	  168.7708
11.252	 2.12	 1	 -42.4007	  173.7630
11.254	 2.02	 1	 -42.7060	  172.0879
11.270	 2.61	 1	 -45.6161	  170.0472
11.283	 2.10	 1	 -41.0518	  173.8169
11.287	 2.32	 1	 -42.0620	  173.6380
11.293	 2.05	 1	 -41.7441	  174.1758
11.293	 2.19	 1	 -41.6224	  173.5240
11.313	 2.06	 1	 -41.7686	  173.7466
11.315	 2.29	 1	 -42.0514	  173.3700
11.333	 2.13	 1	 -46.9774	  174.8776
11.352	 3.10	 1	 -45.3292	  174.5792
11.352	 2.13	 1	 -42.7080	  179.1399
11.354	 2.00	 1	 -45.5680	  171.0391
11.360	 2.38	 2	 -41.8980	  173.7710
11.362	 2.19	 1	 -45.7375	  177.5238
11.371	 2.77	 1	 -38.4086	  171.1628
11.384	 2.23	 1	 -43.9286	  174.1859
11.384	 2.10	 1	 -46.1175	  169.0580
11.393	 2.37	 2	 -38.4215	  175.1222
11.395	 2.43	 1	 -46.2547	  169.2887
11.401	 2.10	 1	 -40.4954	  174.1224
11.421	 2.73	 1	 -41.8744	  174.2430
11.422	 2.48	 1	 -41.9641	  173.6694
11.423	 2.12	 1	 -40.4549	  167.7156
11.424	 2.45	 1	 -43.4446	  171.0085
11.427	 2.02	 2	 -42.6458	  172.9678
11.432	 2.21	 1	 -42.7109	  172.7704
11.439	 2.36	 1	 -41.7147	  174.2941
11.446	 2.41	 1	 -42.4154	  179.1283
11.453	 2.37	 1	 -43.2499	  179.0928
11.478	 2.27	 1	 -41.5443	  174.1928
11.491	 2.33	 1	 -41.7438	  167.0420
11.494	 2.14	 1	 -41.5459	  170.1919
11.503	 2.06	 1	 -41.7773	  174.2875
11.512	 2.46	 1	 -42.2472	  173.8128
11.512	 2.01	 1	 -42.4383	  173.6410
11.518	 2.10	 1	 -43.3194	  173.5822
11.532	 3.45	 1	 -38.6129	  175.5951
11.533	 2.69	 1	 -46.3291	  176.6205
11.538	 2.16	 1	 -41.6820	  174.2665
11.542	 2.01	 2	 -41.7436	  174.1913
11.552	 2.55	 1	 -43.4519	  175.0773
11.559	 2.04	 1	 -41.8397	  173.9733
11.559	 3.32	 1	 -41.9465	  174.6393
11.568	 2.07	 1	 -39.9526	  168.1712
11.577	 2.07	 1	 -42.3391	  173.7287
11.585	 2.12	 1	 -41.2324	  171.2822
11.590	 2.77	 1	 -40.0255	  168.0966
11.603	 2.66	 1	 -40.6889	  171.9605
11.608	 2.49	 1	 -41.1173	  172.5731
11.616	 2.32	 1	 -46.2233	  176.4512
11.627	 2.10	 1	 -42.2657	  173.6148
11.631	 2.56	 2	 -42.8275	  173.0740
11.642	 2.04	 1	 -39.4466	  170.2482
11.647	 2.09	 1	 -42.0094	  173.7836
11.668	 2.45	 1	 -43.4952	  175.5442
11.681	 2.20	 1	 -45.3268	  173.7309
11.684	 2.26	 1	 -40.1570	  171.5073
11.693	 2.08	 1	 -40.8805	  178.6212
11.704	 2.10	 1	 -45.9937	  177.1761
11.704	 2.21	 2	 -39.4382	  170.5197
11.708	 2.54	 1	 -47.0786	  174.3703
11.709	 2.45	 1	 -43.5395	  176.1581
11.711	 2.47	 1	 -40.7682	  172.5516
11.711	 2.22	 1	 -43.7306	  175.4848
11.725	 2.72	 1	 -39.2099	  171.9659
11.728	 2.25	 1	 -41.1355	  174.7614
11.730	 2.37	 2	 -41.9358	  174.6252
11.735	 2.38	 1	 -44.0737	  167.2001
11.738	 2.06	 1	 -42.4301	  173.2110
11.744	 2.61	 1	 -41.9332	  173.7355
11.749	 2.06	 1	 -41.7096	  172.5543
11.750	 2.03	 1	 -41.9620	  173.6120
11.750	 2.58	 1	 -41.8709	  174.1450
11.758	 3.01	 1	 -42.0240	  173.7548
11.768	 2.11	 1	 -43.8715	  172.6543
11.782	 2.31	 1	 -46.9359	  175.0462
11.782	 2.12	 1	 -41.3137	  174.2266
11.785	 4.00	 1	 -42.4478	  173.1692
11.788	 2.39	 2	 -42.4365	  173.1851
11.798	 2.74	 1	 -39.9178	  168.2081
11.827	 2.29	 1	 -38.9157	  169.7020
11.835	 2.08	 1	 -41.7574	  174.2603
11.840	 2.40	 1	 -45.5634	  173.2720
11.841	 2.08	 1	 -43.8754	  172.6032
11.844	 2.29	 1	 -44.1643	  178.3670
11.887	 2.22	 1	 -44.7453	  167.5790
11.888	 2.06	 1	 -42.6367	  172.8726
11.895	 2.52	 1	 -38.6854	  170.2463
11.916	 2.18	 1	 -42.2998	  173.7232
11.917	 2.64	 1	 -42.3359	  174.0397
11.919	 2.51	 1	 -42.5358	  172.2156
11.927	 2.74	 1	 -41.5917	  174.3376
11.931	 3.07	 1	 -41.5964	  167.0889
11.932	 3.07	 1	 -42.8046	  171.2113
11.933	 2.53	 1	 -43.2681	  166.9547
11.941	 2.23	 2	 -41.8369	  173.5466
11.944	 2.22	 1	 -41.6506	  174.0229
11.946	 2.09	 1	 -42.8728	  167.1518
11.951	 2.50	 2	 -41.5462	  170.1910
11.954	 2.07	 1	 -41.9848	  175.3023
11.957	 2.92	 1	 -46.7470	  175.6676
11.962	 2.50	 1	 -41.8381	  174.0819
11.984	 2.69	 1	 -43.3583	  173.3801
11.994	 2.06	 2	 -42.5129	  173.8637
11.994	 3.11	 1	 -41.7979	  174.2827
11.997	 2.11	 1	 -43.2804	  179.0874
11.998	 2.24	 1	 -42.0456	  173.7535
11.999	 2.08	 2	 -43.2685	  179.0823
12.001	 2.25	 1	 -41.4931	  173.3020
12.013	 2.14	 2	 -42.4426	  173.1959
12.022	 2.10	 1	 -45.0113	  169.4050
12.034	 2.29	 1	 -43.0767	  172.1741
12.034	 2.24	 1	 -41.8511	  173.9440
12.038	 2.42	 1	 -42.0122	  178.2998
12.039	 2.30	 1	 -42.6944	  179.1399
12.051	 2.77	 1	 -45.4698	  174.8295
12.054	 2.02	 2	 -41.9521	  174.6367
12.056	 2.31	 1	 -41.6317	  167.0770
12.063	 2.16	 1	 -41.5763	  172.9036
12.063	 3.87	 1	 -42.6037	  173.4051
12.067	 2.91	 1	 -45.0943	  175.0063
12.069	 2.13	 1	 -42.1983	  173.7965
12.070	 2.45	 1	 -44.1016	  168.2939
12.073	 2.22	 1	 -40.1618	  174.4608
12.082	 2.48	 1	 -43.0517	  174.3061
12.083	 4.05	 2	 -41.8621	  173.7524
12.083	 2.12	 3	 -41.7927	  173.6756
12.084	 2.05	 1	 -42.2114	  173.6229
12.091	 2.65	 1	 -41.7934	  174.2422
12.101	 2.12	 1	 -41.7657	  174.2523
12.116	 2.80	 1	 -42.0612	  179.0793
12.124	 2.94	 1	 -44.0348	  173.1821
12.127	 3.17	 1	 -38.3140	  171.6293
12.128	 2.37	 1	 -43.1635	  179.1063
12.136	 2.81	 1	 -42.3091	  173.1085
12.147	 3.32	 1	 -44.7382	  172.6041
12.147	 2.08	 1	 -38.3442	  172.0645
12.147	 2.27	 1	 -39.2675	  169.0582
12.150	 2.14	 1	 -41.7602	  174.3528
12.157	 2.02	 1	 -43.7288	  174.2452
12.168	 2.01	 2	 -40.1563	  171.5065
12.171	 2.00	 1	 -41.7066	  174.2603
12.171	 2.31	 1	 -42.2549	  173.9393
12.190	 2.77	 1	 -42.0482	  173.8037
12.190	 2.00	 1	 -46.1058	  171.1920
12.203	 2.21	 1	 -40.7417	  176.6703
12.209	 3.21	 2	 -41.5748	  174.3211
12.210	 2.00	 1	 -43.3416	  166.9684
12.221	 2.04	 2	 -42.5671	  173.2073
12.235	 3.02	 1	 -43.6877	  168.3386
12.236	 2.25	 1	 -42.9830	  173.7908
12.237	 3.42	 1	 -47.1182	  174.1046
12.237	 2.29	 1	 -41.8339	  174.5250
12.242	 3.81	 1	 -41.6977	  175.9173
12.254	 2.10	 1	 -42.5503	  173.1167
12.256	 2.94	 3	 -41.5661	  174.3174
12.265	 2.74	 1	 -46.7473	  171.6879
12.266	 2.11	 2	 -41.6786	  175.8930
12.269	 2.14	 2	 -47.1388	  174.0268
12.276	 2.11	 1	 -43.7807	  168.9816
12.276	 2.69	 1	 -42.3601	  173.9082
12.280	 2.05	 1	 -43.2653	  179.0901
12.281	 2.46	 1	 -44.4678	  178.6430
12.290	 2.70	 2	 -47.1171	  174.1042
12.294	 2.01	 1	 -47.1363	  172.0874
12.307	 2.15	 1	 -45.1847	  178.1143
12.316	 2.53	 1	 -44.9622	  170.1754
12.320	 2.10	 1	 -44.7811	  171.2830
12.320	 2.46	 1	 -42.7826	  177.6577
12.328	 2.24	 1	 -45.6811	  174.1314
12.328	 2.18	 1	 -47.0291	  171.4045
12.342	 2.84	 2	 -41.8033	  174.2849
12.345	 2.35	 1	 -38.2269	  173.7388
12.345	 2.02	 1	 -42.3341	  173.4694
12.348	 2.25	 1	 -47.0926	  171.7613
12.364	 2.96	 1	 -43.0176	  174.2046
12.364	 2.72	 1	 -42.2409	  173.6110
12.365	 2.01	 1	 -41.3838	  175.6777
12.373	 2.43	 1	 -42.0809	  173.5804
12.373	 2.05	 1	 -39.9962	  170.5514
12.377	 2.32	 1	 -42.9381	  175.3066
12.380	 2.09	 1	 -45.1170	  171.1464
12.385	 2.49	 1	 -42.0462	  166.9679
12.395	 2.15	 1	 -42.0770	  174.0257
12.418	 2.12	 1	 -42.0558	  172.3928
12.443	 2.13	 1	 -41.7550	  174.2528
12.445	 4.29	 2	 -40.4820	  174.9928
12.446	 2.22	 3	 -40.4749	  174.9765
12.448	 2.22	 3	 -40.5169	  175.1275
12.451	 2.30	 1	 -43.6136	  171.6003
12.452	 2.65	 1	 -46.8428	  175.3766
12.477	 2.15	 2	 -42.9316	  172.0775
12.477	 2.44	 1	 -42.3359	  174.0217
12.488	 2.71	 1	 -41.6546	  172.9091
12.491	 2.04	 1	 -41.8650	  173.6372
12.504	 3.38	 1	 -42.5002	  169.8130
12.509	 2.30	 2	 -42.7480	  172.6304
12.515	 2.64	 1	 -42.3821	  172.8755
12.525	 2.28	 1	 -42.0071	  173.5367
12.534	 2.29	 1	 -43.9178	  167.1358
12.540	 2.04	 2	 -42.4990	  169.8044
12.562	 2.05	 1	 -42.5743	  177.0712
12.565	 2.16	 3	 -40.4739	  174.9901
12.567	 2.70	 1	 -41.8626	  167.0095
12.567	 2.42	 2	 -41.7052	  175.9358
12.568	 2.38	 1	 -42.2072	  179.1042
12.573	 2.40	 1	 -42.2789	  173.6142
12.575	 2.13	 1	 -42.1392	  173.7751
12.583	 2.46	 1	 -47.1555	  172.2755
12.585	 2.13	 1	 -42.4066	  173.4589
12.607	 2.58	 1	 -40.8153	  176.9779
12.615	 2.52	 1	 -45.8217	  177.4156
12.617	 2.33	 1	 -47.1607	  173.7091
12.619	 2.26	 1	 -42.3987	  175.7862
12.627	 2.10	 1	 -41.6940	  174.2792
12.628	 2.74	 3	 -40.4771	  174.9929
12.632	 2.41	 1	 -43.3271	  173.1191
12.638	 2.05	 1	 -42.3762	  173.3118
12.643	 2.21	 1	 -38.1970	  172.8904
12.645	 2.35	 1	 -44.0849	  174.1738
12.658	 2.14	 1	 -41.7560	  179.0058
12.663	 2.71	 1	 -42.3387	  173.4777
12.669	 2.10	 1	 -42.1654	  172.0410
12.673	 2.39	 1	 -42.3019	  173.1936
12.674	 2.08	 1	 -37.8536	  172.3754
12.680	 2.76	 1	 -42.6169	  172.8636
12.708	 2.30	 1	 -41.6748	  174.2352
12.710	 2.63	 1	 -41.4871	  167.1283
12.739	 2.02	 3	 -40.4822	  174.9945
12.747	 2.34	 1	 -42.2920	  173.7096
12.753	 2.87	 1	 -43.5961	  170.9341
12.755	 2.19	 1	 -40.7916	  173.7943
12.762	 2.10	 1	 -41.7765	  179.0117
12.764	 2.46	 3	 -40.4514	  174.9412
12.769	 3.24	 1	 -41.8701	  173.9752
12.770	 2.18	 1	 -42.6374	  173.4659
12.773	 2.84	 1	 -43.2454	  171.9353
12.794	 2.28	 1	 -42.2584	  173.6221
12.801	 2.21	 1	 -45.1001	  178.1892
12.810	 2.13	 1	 -40.0853	  178.0066
12.817	 2.12	 1	 -43.9718	  177.2194
12.830	 2.47	 1	 -41.6723	  167.0639
12.833	 2.83	 2	 -42.6071	  173.4081
12.838	 2.30	 1	 -41.7029	  173.9772
12.839	 2.97	 1	 -42.3062	  173.6885
12.846	 2.51	 1	 -44.3637	  173.1803
12.854	 2.99	 1	 -38.8705	  171.5914
12.858	 2.13	 1	 -42.2616	  173.0553
12.860	 2.07	 1	 -42.0626	  174.0866
12.885	 2.72	 1	 -41.6714	  174.2003
12.895	 2.31	 1	 -41.1358	  167.2827
12.903	 2.41	 2	 -45.6065	  170.0517
12.910	 2.36	 1	 -42.1913	  176.5615
12.914	 2.09	 1	 -42.3004	  174.0651
12.917	 2.22	 1	 -42.2409	  174.1931
12.918	 2.07	 2	 -43.1640	  179.1028
12.918	 2.19	 1	 -39.4842	  177.3086
12.926	 2.50	 1	 -41.8602	  173.9969
12.932	 2.57	 1	 -41.9648	  173.6610
12.932	 2.06	 2	 -47.1584	  173.6933
12.941	 3.12	 1	 -42.7210	  174.5424
12.958	 3.06	 1	 -42.1462	  173.6152
12.962	 2.57	 1	 -45.3158	  168.0533
12.975	 2.15	 1	 -43.8494	  178.9340
12.980	 2.91	 1	 -44.0969	  178.8339
12.989	 2.10	 1	 -43.1503	  179.1082
12.994	 2.85	 1	 -41.6888	  174.2049
13.010	 2.18	 1	 -47.1853	  173.2759
13.023	 2.36	 1	 -41.3286	  172.2731
13.041	 2.40	 1	 -44.2959	  167.3065
13.053	 2.51	 1	 -41.9583	  174.0082
13.057	 2.62	 1	 -41.0580	  167.3228
13.062	 2.43	 2	 -42.2861	  173.7914
13.068	 2.22	 2	 -41.8976	  173.8063
13.068	 2.13	 1	 -44.2154	  173.4460
13.072	 2.19	 2	 -44.2433	  173.4359
13.078	 2.21	 1	 -47.1819	  172.6756
13.084	 2.23	 1	 -43.8589	  172.1911
13.126	 2.17	 1	 -40.8646	  178.6117
13.132	 2.13	 1	 -42.6085	  174.8568
13.136	 2.08	 1	 -46.6601	  170.1430
13.146	 2.05	 2	 -42.2320	  173.0436
13.168	 2.00	 1	 -42.1860	  173.4250
13.171	 2.24	 1	 -42.2245	  178.8971
13.176	 2.02	 1	 -41.8221	  174.1691
13.196	 2.57	 1	 -44.8095	  170.9728
13.217	 3.21	 2	 -42.7332	  172.5609
13.219	 2.09	 1	 -43.1854	  172.3669
13.222	 2.05	 3	 -42.7444	  172.5470
13.229	 2.32	 1	 -44.1776	  178.7967
13.232	 2.10	 1	 -40.7448	  178.5362
13.241	 2.66	 1	 -41.2520	  173.5741
13.268	 4.29	 1	 -44.6555	  167.5181
13.271	 2.07	 1	 -42.3061	  173.9419
13.295	 2.79	 1	 -44.6847	  167.5375
13.300	 3.15	 1	 -42.2955	  179.1161
13.303	 2.04	 1	 -41.6553	  174.0346
13.310	 2.22	 1	 -42.5015	  171.5660
13.314	 2.53	 1	 -44.4745	  171.7030
13.330	 2.22	 2	 -44.6421	  167.9286
13.341	 2.00	 1	 -42.1693	  173.9951
13.364	 2.31	 1	 -44.5665	  167.4609
13.367	 2.27	 1	 -42.3015	  173.7429
13.369	 2.55	 1	 -39.3838	  177.1650
13.377	 2.18	 1	 -41.8184	  179.0232
13.389	 3.68	 1	 -43.0452	  174.6166
13.399	 2.42	 2	 -41.8891	  173.8212
13.403	 3.26	 1	 -41.1027	  170.3315
13.407	 2.14	 1	 -47.1775	  172.5821
13.409	 3.60	 1	 -45.2463	  171.0005
13.414	 2.46	 2	 -45.1955	  170.5884
13.421	 3.30	 2	 -45.1917	  170.9605
13.424	 2.05	 1	 -42.2614	  173.8779
13.426	 2.46	 1	 -41.7033	  174.2724
13.429	 2.93	 1	 -44.7107	  174.5057
13.452	 3.62	 1	 -39.8283	  177.7383
13.461	 2.16	 1	 -42.8101	  173.1018
13.463	 2.16	 1	 -42.0435	  174.6390
13.464	 2.04	 1	 -42.9268	  173.9676
13.467	 2.41	 1	 -41.7748	  179.0112
13.472	 2.16	 1	 -42.2795	  173.7716
13.482	 2.54	 1	 -41.8141	  174.3072
13.483	 2.49	 2	 -42.1009	  173.6054
13.484	 2.14	 2	 -43.2409	  179.0948
13.487	 2.25	 2	 -41.7995	  172.0533
13.499	 2.36	 1	 -46.1246	  176.9749
13.515	 2.06	 2	 -43.2491	  172.0984
13.528	 2.26	 1	 -41.6766	  174.2018
13.531	 2.57	 1	 -42.5531	  173.1875
13.537	 2.25	 1	 -43.6772	  176.9229
13.537	 2.64	 1	 -41.6470	  178.9723
13.539	 2.87	 1	 -46.4510	  176.3807
13.545	 2.42	 1	 -45.1052	  173.6784
13.545	 2.36	 1	 -42.5737	  173.0331
13.591	 2.57	 3	 -40.4846	  175.0124
13.608	 2.06	 1	 -41.7335	  174.3238
13.610	 2.12	 1	 -44.9162	  172.8165
13.615	 2.31	 2	 -42.4981	  173.1431
13.615	 2.07	 1	 -41.6384	  172.9885
13.637	 2.08	 1	 -41.7433	  174.3405
13.640	 2.08	 2	 -42.2414	  173.8968
13.649	 2.06	 1	 -41.9524	  170.4963
13.649	 3.15	 1	 -41.9260	  173.6721
13.653	 2.55	 1	 -43.8655	  175.1304
13.658	 2.26	 1	 -41.9863	  173.2851
13.667	 3.98	 1	 -42.7144	  179.1399
13.667	 2.34	 2	 -42.7293	  179.1148
13.668	 2.61	 2	 -42.5458	  173.2337
13.671	 2.34	 2	 -42.7097	  179.1700
13.682	 2.19	 2	 -41.9164	  173.6592
13.685	 2.02	 1	 -41.7277	  174.3011
13.693	 2.43	 2	 -37.8422	  172.3835
13.697	 3.11	 1	 -38.2119	  173.5370
13.722	 2.30	 1	 -42.2973	  173.6502
13.724	 2.11	 1	 -38.9052	  176.3201
13.729	 2.73	 1	 -40.4503	  172.8870
13.730	 2.20	 1	 -42.5924	  173.1577
13.757	 2.01	 1	 -44.6749	  171.9609
13.761	 2.42	 1	 -41.9706	  173.7380
13.767	 2.12	 1	 -41.3962	  172.4677
13.785	 2.20	 1	 -40.3907	  171.8436
13.788	 2.16	 2	 -45.2513	  170.9976
13.789	 2.55	 1	 -46.0929	  174.8901
13.791	 2.96	 1	 -42.5691	  173.2230
13.799	 3.63	 1	 -42.5731	  171.6094
13.801	 2.29	 1	 -41.7431	  174.2567
13.803	 2.23	 1	 -42.9993	  168.9784
13.807	 2.05	 1	 -42.2620	  170.7735
13.815	 3.19	 1	 -42.1153	  172.5956
13.830	 2.58	 1	 -42.9277	  173.9121
13.830	 2.98	 1	 -43.0448	  169.3740
13.841	 2.30	 1	 -42.5919	  172.9666
13.853	 2.71	 1	 -38.4256	  174.9524
13.860	 2.57	 2	 -39.9771	  173.1968
13.861	 2.40	 1	 -38.4466	  175.0363
13.875	 2.61	 1	 -43.0606	  173.2823
13.884	 2.52	 1	 -42.2331	  179.1079
13.894	 2.33	 1	 -44.6752	  178.5131
13.895	 2.23	 2	 -44.6287	  167.4673
13.911	 2.01	 1	 -42.4893	  173.6816
13.924	 2.93	 1	 -38.2918	  174.2786
13.926	 2.84	 1	 -46.5584	  169.8974
13.934	 2.53	 1	 -38.5289	  170.7117
13.946	 2.01	 2	 -42.4996	  173.1164
13.954	 2.27	 1	 -42.4751	  174.1533
13.956	 2.21	 1	 -42.9044	  166.9111
13.956	 2.55	 1	 -38.6045	  175.5703
13.957	 2.62	 1	 -41.8726	  174.3863
13.983	 2.56	 1	 -38.9329	  176.3781
13.993	 3.02	 1	 -43.0607	  172.7542
