# Simulation 174
# RelativeTime(days) Magnitude Generation Latitude Longitude
Time Mag Gen Lat Lon
7.005	 2.04	 1	 -43.4509	  170.7215
7.006	 4.31	 1	 -38.6906	  175.8118
7.016	 4.21	 1	 -39.9539	  172.4724
7.027	 2.23	 1	 -44.3082	  171.0910
7.029	 2.38	 1	 -43.6775	  172.2606
7.030	 2.12	 1	 -42.3344	  173.8369
7.034	 2.02	 1	 -42.2882	  173.6623
7.052	 2.03	 1	 -46.8240	  175.4370
7.057	 2.44	 1	 -43.0874	  173.0014
7.069	 3.19	 1	 -41.7377	  174.1471
7.069	 2.01	 1	 -39.1335	  176.7612
7.081	 2.17	 1	 -46.1742	  169.1506
7.086	 2.30	 1	 -42.1381	  172.9017
7.090	 2.08	 1	 -43.3012	  170.1790
7.097	 2.18	 1	 -46.2582	  176.7494
7.107	 2.06	 1	 -41.6402	  170.0573
7.110	 2.98	 1	 -46.1300	  176.9662
7.131	 2.14	 1	 -40.6902	  174.6503
7.145	 3.14	 1	 -42.8642	  176.9333
7.147	 2.49	 1	 -43.4990	  170.5388
7.149	 3.64	 1	 -42.4209	  173.6639
7.157	 2.32	 1	 -43.6317	  170.5341
7.162	 2.89	 1	 -42.5699	  170.5281
7.166	 2.22	 1	 -42.8246	  179.1373
7.175	 2.40	 1	 -41.7420	  179.0017
7.176	 2.88	 1	 -38.8131	  176.1156
7.182	 2.47	 1	 -47.1866	  173.2296
7.190	 2.07	 1	 -40.8818	  173.3789
7.193	 2.36	 1	 -46.8546	  171.0865
7.215	 2.14	 1	 -42.7186	  172.3792
7.232	 2.60	 1	 -46.7285	  175.7195
7.235	 2.55	 1	 -38.8749	  169.7895
7.240	 3.01	 1	 -46.2861	  176.4499
7.242	 2.89	 1	 -40.5740	  173.2993
7.250	 2.19	 1	 -42.3091	  168.9714
7.255	 2.29	 1	 -40.1126	  174.4367
7.256	 2.10	 1	 -42.9802	  172.1563
7.263	 2.42	 1	 -41.0928	  178.7397
7.269	 2.75	 1	 -42.6434	  172.7264
7.272	 2.13	 1	 -43.9915	  177.3990
7.272	 2.05	 1	 -43.3024	  175.1362
7.274	 3.24	 1	 -38.4386	  171.0397
7.280	 2.01	 1	 -39.0773	  176.6600
7.281	 2.11	 1	 -40.0676	  177.2773
7.283	 2.22	 1	 -47.0831	  171.7011
7.284	 2.19	 1	 -42.5141	  172.4626
7.287	 2.04	 1	 -40.2221	  178.1340
7.297	 2.57	 1	 -43.7478	  177.0383
7.309	 2.38	 1	 -42.5260	  172.9401
7.312	 2.78	 1	 -40.6614	  176.2068
7.316	 2.09	 1	 -45.7414	  177.5189
7.316	 2.97	 1	 -41.9532	  172.5434
7.326	 2.32	 1	 -45.7448	  177.5146
7.342	 2.74	 1	 -47.1458	  173.8693
7.345	 2.10	 1	 -38.6292	  175.6423
7.355	 2.54	 1	 -46.5312	  176.2082
7.362	 2.08	 1	 -44.8005	  174.0540
7.370	 2.66	 1	 -41.1267	  167.2872
7.372	 2.16	 1	 -42.6947	  173.5421
7.372	 2.78	 1	 -38.4120	  173.3315
7.397	 2.21	 1	 -43.1118	  168.6049
7.406	 2.63	 1	 -43.5596	  179.0251
7.415	 2.84	 1	 -47.1325	  172.0542
7.418	 4.07	 1	 -45.9086	  168.7464
7.429	 2.06	 1	 -47.1209	  174.0839
7.432	 2.00	 1	 -43.0987	  170.3091
7.440	 2.02	 1	 -40.6606	  172.7855
7.458	 3.49	 1	 -47.1875	  172.8570
7.460	 2.67	 1	 -43.2660	  170.1991
7.462	 2.72	 1	 -41.4527	  174.2790
7.463	 2.09	 1	 -43.1483	  176.2680
7.477	 3.10	 1	 -43.0684	  171.1135
7.486	 2.50	 1	 -38.8768	  172.0404
7.496	 2.25	 1	 -41.9835	  173.8055
7.497	 2.58	 1	 -45.9857	  177.1879
7.508	 2.11	 1	 -42.8873	  174.1110
7.514	 3.15	 1	 -42.8975	  166.9107
7.535	 2.82	 1	 -42.9077	  172.5338
7.539	 2.04	 1	 -41.0234	  174.4516
7.540	 2.47	 1	 -45.5729	  168.3243
7.541	 2.29	 1	 -38.7323	  170.1244
7.541	 3.09	 1	 -42.6736	  179.1399
7.544	 2.02	 1	 -43.8320	  169.6222
7.547	 2.19	 1	 -40.8672	  172.1657
7.551	 2.57	 1	 -43.7535	  170.1935
7.566	 2.33	 1	 -40.5108	  178.3716
7.572	 2.47	 1	 -42.7497	  172.6570
7.605	 4.14	 1	 -43.5871	  176.2608
7.609	 2.31	 1	 -46.4362	  176.4110
7.611	 2.30	 1	 -46.0593	  177.0774
7.613	 2.59	 1	 -42.7334	  173.7061
7.621	 4.22	 1	 -41.1301	  178.7587
7.625	 2.45	 1	 -44.0916	  174.0767
7.630	 2.47	 1	 -41.3914	  173.7169
7.642	 2.37	 1	 -41.6966	  174.1837
7.651	 2.04	 1	 -46.1403	  172.0018
7.652	 2.04	 1	 -42.6345	  178.3403
7.652	 2.13	 1	 -43.1690	  166.9388
7.661	 2.12	 1	 -39.2271	  173.6486
7.664	 2.10	 1	 -41.0779	  171.5585
7.666	 2.01	 1	 -39.8246	  177.7341
7.670	 2.08	 1	 -43.7108	  167.0632
7.688	 2.30	 1	 -44.6406	  178.5360
7.691	 2.14	 1	 -42.0825	  176.7896
7.693	 2.31	 1	 -41.6957	  174.3082
7.695	 2.04	 1	 -41.5881	  174.5272
7.703	 2.40	 1	 -41.9666	  173.6884
7.704	 3.62	 1	 -41.1142	  171.3253
7.706	 3.11	 1	 -42.9158	  174.2629
7.708	 3.18	 1	 -43.9759	  167.1588
7.710	 2.10	 1	 -45.4408	  173.0534
7.711	 2.54	 1	 -44.7208	  174.8253
7.731	 2.46	 1	 -43.4703	  166.9965
7.744	 2.17	 1	 -42.1276	  173.6620
7.745	 2.01	 1	 -42.6778	  172.9110
7.750	 2.18	 1	 -45.7688	  168.5601
7.762	 2.07	 1	 -40.7997	  178.5715
7.769	 2.46	 1	 -41.9702	  174.2090
7.776	 2.81	 1	 -42.1019	  179.0869
7.777	 2.11	 1	 -38.7351	  170.1175
7.779	 2.55	 1	 -39.9059	  177.8235
7.790	 2.60	 1	 -40.2115	  172.5001
7.796	 2.18	 1	 -44.1453	  170.5056
7.806	 3.13	 1	 -44.7489	  175.3681
7.808	 2.74	 1	 -46.0739	  173.1275
7.814	 2.70	 1	 -41.7803	  174.1185
7.815	 3.10	 1	 -40.5904	  167.6140
7.815	 2.16	 1	 -42.0168	  175.5396
7.821	 2.26	 1	 -47.1757	  172.5501
7.822	 2.12	 1	 -45.4420	  171.0378
7.833	 2.33	 1	 -43.9742	  176.0386
7.838	 2.09	 1	 -44.9351	  167.7195
7.854	 2.00	 1	 -40.5053	  175.8349
7.856	 2.30	 1	 -40.2260	  173.6859
7.858	 2.73	 1	 -43.1318	  175.7271
7.864	 2.12	 1	 -39.0706	  169.3967
7.868	 2.11	 1	 -42.4405	  172.2833
7.876	 2.35	 1	 -41.4113	  169.7063
7.878	 2.31	 1	 -46.6485	  175.9306
7.879	 2.50	 1	 -47.1777	  172.5869
7.879	 3.17	 1	 -41.1633	  171.6848
7.888	 3.65	 1	 -40.4109	  173.2823
7.892	 2.35	 1	 -47.1328	  172.0568
7.893	 2.54	 1	 -44.2792	  171.6844
7.894	 2.33	 1	 -39.0938	  175.0883
7.905	 2.24	 1	 -43.2296	  171.4708
7.906	 2.60	 1	 -39.5236	  168.6965
7.920	 2.69	 1	 -39.3898	  177.1737
7.920	 2.21	 1	 -39.4424	  168.7944
7.921	 2.59	 1	 -41.2320	  167.2360
7.921	 2.10	 1	 -43.1032	  172.9518
7.922	 2.07	 1	 -42.0143	  173.8602
7.923	 2.80	 1	 -47.1316	  172.0470
7.937	 2.89	 1	 -39.6643	  170.2435
7.941	 2.03	 1	 -43.3596	  169.9050
7.949	 3.09	 1	 -42.3249	  173.8416
7.950	 2.03	 1	 -46.1891	  169.1755
7.952	 4.94	 1	 -43.1139	  175.1153
7.955	 2.82	 1	 -42.5883	  166.9060
7.960	 2.15	 1	 -44.2941	  167.3055
7.961	 2.48	 1	 -41.8475	  173.9952
7.963	 2.06	 1	 -41.3883	  171.1583
7.965	 2.42	 1	 -41.0303	  172.3783
7.967	 2.07	 1	 -39.4333	  177.2370
7.970	 2.08	 1	 -43.4287	  173.1789
7.979	 2.84	 1	 -41.7448	  174.0421
7.988	 2.06	 1	 -38.2140	  172.4739
7.991	 3.75	 1	 -44.7703	  174.0127
8.002	 2.01	 1	 -40.5242	  167.6626
8.007	 2.09	 1	 -42.5495	  179.1369
8.018	 3.62	 1	 -41.4035	  178.8832
8.018	 2.43	 1	 -45.4658	  168.2064
8.019	 2.56	 1	 -44.9746	  172.8148
8.019	 2.02	 1	 -44.7594	  178.4554
8.027	 2.52	 1	 -41.6922	  174.2671
8.029	 2.11	 1	 -41.8406	  173.7656
8.030	 2.29	 1	 -45.0337	  167.7990
8.033	 2.49	 1	 -41.4441	  178.8994
8.035	 2.05	 1	 -42.3795	  175.0100
8.044	 2.32	 1	 -42.5266	  173.4311
8.046	 2.22	 1	 -42.7052	  171.8862
8.051	 2.62	 1	 -43.1857	  172.8836
8.057	 2.42	 1	 -43.0412	  174.4948
8.063	 2.99	 1	 -39.3924	  177.1776
8.070	 2.41	 1	 -40.9844	  169.9294
8.072	 2.90	 1	 -47.1687	  173.6053
8.076	 2.50	 1	 -46.2232	  169.2336
8.083	 2.33	 1	 -39.3293	  176.6206
8.088	 2.59	 1	 -40.9342	  178.6528
8.095	 2.22	 1	 -41.5189	  174.9010
8.104	 2.59	 1	 -45.0414	  175.6760
8.108	 2.36	 1	 -40.6175	  173.5327
8.114	 2.11	 1	 -41.4278	  174.2199
8.117	 2.37	 1	 -42.3354	  173.7639
8.128	 2.08	 1	 -45.4136	  171.8860
8.152	 3.99	 1	 -44.9012	  167.6932
8.161	 2.15	 1	 -41.9737	  173.8854
8.165	 2.18	 1	 -41.8907	  172.0666
8.169	 2.91	 1	 -38.1983	  173.2210
8.172	 2.05	 1	 -41.9485	  171.6708
8.180	 2.55	 1	 -43.2853	  173.0218
8.182	 2.04	 1	 -43.5986	  173.0855
8.192	 3.02	 1	 -43.2262	  173.5082
8.195	 2.18	 1	 -39.7761	  168.3656
8.203	 2.11	 1	 -44.1801	  172.2908
8.213	 2.78	 1	 -42.7925	  175.2936
8.213	 2.20	 1	 -43.1318	  175.3414
8.226	 2.98	 1	 -42.6006	  173.0540
8.234	 2.21	 1	 -41.8102	  167.0233
8.236	 2.13	 1	 -39.1113	  169.3225
8.253	 2.02	 1	 -41.3919	  176.8899
8.263	 2.35	 1	 -38.3317	  174.5143
8.264	 2.37	 1	 -40.9355	  171.6534
8.265	 2.05	 1	 -43.7821	  169.7321
8.267	 2.43	 1	 -43.4375	  173.0863
8.268	 2.03	 1	 -39.2889	  169.0241
8.276	 2.10	 1	 -44.0205	  171.5799
8.281	 2.17	 1	 -41.9208	  171.5546
8.290	 2.41	 1	 -38.8251	  176.1433
8.294	 2.06	 1	 -41.7661	  177.3745
8.304	 2.00	 1	 -45.6510	  168.4150
8.305	 2.55	 1	 -42.2381	  172.6072
8.316	 2.03	 1	 -40.1260	  178.0455
8.331	 2.48	 1	 -47.1826	  173.3512
8.335	 2.15	 1	 -40.0468	  168.0754
8.338	 2.21	 1	 -47.1309	  174.0039
8.340	 2.27	 1	 -44.6206	  171.6663
8.351	 2.13	 1	 -45.3330	  177.5032
8.351	 2.60	 1	 -47.1564	  173.7592
8.356	 2.19	 1	 -41.9740	  173.6888
8.362	 2.04	 1	 -43.3459	  172.1386
8.370	 2.31	 1	 -38.1961	  173.0677
8.370	 2.02	 1	 -45.1435	  170.5565
8.396	 2.17	 1	 -43.8419	  171.9630
8.408	 2.32	 1	 -40.6955	  171.1592
8.420	 2.02	 1	 -44.5001	  174.7107
8.437	 2.58	 1	 -41.0252	  178.7038
8.442	 2.32	 1	 -39.9708	  168.1523
8.468	 2.39	 1	 -42.3295	  173.8739
8.469	 2.55	 1	 -43.0656	  172.7850
8.493	 2.96	 1	 -41.9054	  173.6086
8.495	 2.37	 1	 -45.2319	  167.9733
8.498	 2.34	 1	 -41.2970	  171.9574
8.508	 2.29	 1	 -43.7183	  168.0207
8.508	 2.74	 1	 -42.9447	  175.3080
8.510	 2.60	 1	 -40.8121	  167.4650
8.531	 2.54	 1	 -42.3470	  173.9037
8.536	 2.62	 1	 -41.6467	  172.7062
8.539	 2.79	 1	 -46.7359	  170.3454
8.543	 2.41	 1	 -47.1522	  173.8047
8.549	 2.28	 1	 -41.8329	  172.5731
8.554	 2.47	 1	 -45.4682	  169.7851
8.556	 2.68	 1	 -41.2498	  178.8165
8.565	 2.54	 1	 -43.2317	  169.7954
8.565	 2.10	 1	 -42.2480	  173.5367
8.566	 2.18	 1	 -43.7927	  169.6233
8.572	 2.08	 1	 -46.9500	  171.0537
8.576	 2.32	 1	 -41.8614	  174.7940
8.588	 2.12	 1	 -40.5984	  173.6003
8.588	 2.06	 1	 -44.0819	  172.5184
8.588	 3.07	 1	 -44.1084	  173.4298
8.612	 2.88	 1	 -44.0427	  178.8577
8.628	 2.29	 1	 -40.2241	  176.0206
8.628	 2.80	 1	 -42.2479	  173.8967
8.630	 2.19	 1	 -43.8316	  175.6573
8.636	 2.13	 1	 -41.1416	  169.5637
8.639	 2.66	 1	 -42.3175	  173.5346
8.658	 2.08	 1	 -42.2329	  173.7663
8.669	 2.01	 1	 -42.5702	  173.1980
8.670	 2.63	 1	 -40.9747	  169.6366
8.683	 2.63	 1	 -41.7909	  174.4373
8.689	 2.24	 1	 -42.4125	  171.7881
8.691	 2.16	 1	 -39.5762	  177.4324
8.692	 2.43	 1	 -41.2706	  174.8414
8.697	 2.38	 1	 -44.3295	  178.7202
8.704	 2.20	 1	 -41.9613	  175.4023
8.706	 2.10	 1	 -42.7977	  166.9060
8.712	 2.00	 1	 -38.3053	  171.6813
8.717	 3.41	 1	 -42.0497	  173.9836
8.749	 3.33	 1	 -38.4863	  175.1848
8.759	 2.33	 1	 -42.3804	  173.6198
8.763	 2.11	 1	 -42.2117	  173.5455
8.768	 2.09	 1	 -45.0302	  178.1006
8.777	 3.02	 1	 -42.5021	  167.0835
8.791	 2.55	 1	 -40.2656	  172.6963
8.804	 3.37	 1	 -42.3617	  172.6749
8.816	 2.72	 1	 -46.0337	  169.9303
8.821	 2.06	 1	 -38.1984	  172.8190
8.822	 2.00	 1	 -44.6465	  176.9123
8.831	 2.55	 1	 -40.5091	  178.1077
8.833	 2.32	 1	 -46.8478	  170.6840
8.840	 2.01	 1	 -40.0245	  177.9466
8.845	 2.02	 1	 -43.3163	  173.0604
8.852	 2.21	 1	 -41.6796	  175.8022
8.863	 2.07	 1	 -44.4492	  173.3888
8.866	 2.25	 1	 -45.1318	  173.2375
8.872	 2.24	 1	 -43.6645	  172.0997
8.877	 2.32	 1	 -38.4641	  173.3718
8.884	 2.28	 1	 -41.7156	  174.3366
8.889	 2.37	 1	 -41.6961	  174.1998
8.896	 3.35	 1	 -46.3780	  169.5171
8.924	 2.41	 1	 -42.3491	  173.5550
8.928	 2.18	 1	 -46.2056	  171.6704
8.928	 2.11	 1	 -45.2120	  168.9200
8.930	 2.24	 1	 -41.8013	  179.0186
8.937	 3.38	 1	 -46.7656	  175.6140
8.950	 2.06	 1	 -40.7496	  176.5580
8.950	 2.44	 1	 -44.1755	  178.7977
8.951	 3.34	 1	 -42.2391	  173.6293
8.967	 2.57	 1	 -44.5070	  170.6106
8.970	 2.77	 1	 -40.4655	  173.2918
8.974	 2.81	 1	 -40.9677	  176.5817
8.979	 3.68	 1	 -43.2583	  166.9530
8.986	 2.68	 1	 -41.5552	  174.3287
8.988	 2.13	 1	 -44.5864	  174.4338
8.989	 2.75	 1	 -44.0781	  172.7031
8.995	 2.19	 1	 -44.4715	  167.4035
9.000	 2.51	 1	 -38.9162	  170.1622
9.001	 2.23	 1	 -44.3116	  177.7862
9.004	 2.29	 1	 -43.2430	  170.9264
9.010	 2.08	 1	 -42.6942	  166.9043
9.011	 2.10	 1	 -41.2347	  173.0929
9.031	 4.03	 1	 -41.6814	  175.7486
9.031	 2.35	 1	 -39.9847	  169.0560
9.042	 2.43	 1	 -44.9359	  167.7201
9.045	 2.43	 1	 -43.4364	  176.6681
9.051	 2.13	 1	 -40.9204	  176.3910
9.069	 3.39	 1	 -40.5717	  173.2170
9.071	 2.41	 1	 -38.8672	  176.2377
9.073	 2.17	 1	 -43.0116	  174.0813
9.084	 3.11	 1	 -44.6633	  178.5211
9.090	 2.42	 1	 -43.0545	  172.8514
9.092	 3.00	 1	 -39.7294	  177.6238
9.103	 2.29	 1	 -40.2088	  175.0514
9.117	 3.82	 1	 -42.0489	  173.7612
9.119	 2.11	 1	 -41.6776	  174.4241
9.131	 2.31	 1	 -42.3480	  173.0403
9.132	 2.03	 1	 -43.7480	  178.9690
9.144	 2.00	 1	 -44.9222	  167.7094
9.144	 2.00	 1	 -42.2458	  176.2518
9.150	 2.30	 1	 -40.2549	  177.5817
9.166	 2.18	 1	 -45.0147	  172.2819
9.173	 2.05	 1	 -42.1713	  170.5060
9.197	 2.70	 1	 -46.5710	  176.1177
9.211	 2.22	 1	 -38.4811	  170.8780
9.217	 2.19	 1	 -47.1870	  173.2106
9.219	 2.01	 1	 -38.3244	  174.4738
9.223	 3.00	 1	 -45.0723	  170.6951
9.248	 2.34	 1	 -47.1769	  172.5714
9.260	 2.49	 1	 -38.2302	  173.7763
9.262	 2.73	 1	 -40.6846	  178.4961
9.263	 2.06	 1	 -41.2800	  167.2141
9.268	 2.13	 1	 -41.8665	  176.5273
9.270	 2.86	 1	 -38.8185	  176.1280
9.270	 3.59	 1	 -42.4838	  172.7464
9.290	 2.25	 1	 -41.7610	  174.1854
9.291	 2.05	 1	 -43.5640	  168.8893
9.296	 2.00	 1	 -41.5547	  174.2653
9.297	 2.19	 1	 -41.6515	  173.1774
9.318	 2.11	 1	 -39.1522	  171.4969
9.330	 2.77	 1	 -41.3616	  172.4689
9.334	 2.58	 1	 -43.1575	  177.7639
9.336	 2.07	 1	 -38.9221	  169.6885
9.338	 2.47	 1	 -41.6787	  175.9931
9.343	 3.14	 1	 -39.4160	  176.3369
9.343	 2.83	 1	 -44.2139	  173.6845
9.345	 2.57	 1	 -40.4170	  175.2550
9.356	 2.25	 1	 -43.8646	  167.1158
9.357	 2.32	 1	 -42.1606	  173.6270
9.360	 2.26	 1	 -43.3463	  171.3655
9.362	 2.26	 1	 -42.3160	  173.5721
9.367	 2.53	 1	 -42.6580	  172.7926
9.368	 2.25	 1	 -45.6352	  172.0374
9.387	 2.01	 1	 -44.5305	  177.9977
9.388	 2.15	 1	 -45.7904	  173.3266
9.398	 2.06	 1	 -44.9765	  170.3528
9.404	 2.39	 1	 -43.3626	  173.5071
9.410	 2.01	 1	 -42.0270	  173.7820
9.414	 2.11	 1	 -38.9490	  176.4113
9.426	 2.73	 1	 -43.9247	  174.6480
9.434	 3.31	 1	 -46.1321	  176.9628
9.436	 2.75	 1	 -40.1713	  178.0878
9.463	 2.82	 1	 -41.2487	  173.4888
9.464	 2.16	 1	 -38.5136	  175.2806
9.484	 3.33	 1	 -42.2489	  173.6551
9.484	 2.13	 1	 -47.1390	  172.1108
9.504	 2.76	 1	 -40.9792	  167.3658
9.516	 2.26	 1	 -40.8793	  174.0825
9.519	 2.28	 1	 -42.1585	  168.6775
9.548	 2.78	 1	 -44.9246	  169.4129
9.562	 2.01	 1	 -42.8394	  173.1241
9.568	 2.30	 1	 -41.8655	  173.9687
9.570	 2.30	 1	 -45.0574	  176.3533
9.572	 2.11	 1	 -41.5096	  169.8428
9.576	 2.27	 1	 -41.8100	  174.1073
9.583	 2.26	 1	 -41.4486	  176.9558
9.587	 2.23	 1	 -42.8690	  178.6326
9.596	 2.10	 1	 -42.2330	  175.3719
9.599	 2.06	 1	 -42.8368	  174.9029
9.604	 3.22	 1	 -42.0145	  173.3895
9.607	 2.02	 1	 -42.0584	  173.5863
9.615	 2.11	 1	 -40.1509	  171.3156
9.619	 2.23	 1	 -40.6812	  173.9446
9.623	 2.32	 1	 -42.7000	  166.9043
9.625	 2.40	 1	 -41.9352	  174.2080
9.632	 2.45	 1	 -42.9431	  173.2398
9.641	 2.84	 1	 -38.6014	  175.0559
9.655	 2.63	 1	 -44.7283	  167.5672
9.662	 2.70	 1	 -45.9562	  177.2306
9.672	 2.13	 1	 -39.3429	  173.8224
9.678	 2.16	 1	 -38.2526	  173.9904
9.695	 2.35	 1	 -41.8064	  174.1528
9.707	 3.72	 1	 -38.2942	  174.2944
9.710	 2.15	 1	 -47.1809	  173.3934
9.721	 2.15	 1	 -45.1139	  167.8671
9.733	 2.21	 1	 -44.5168	  178.6138
9.737	 2.02	 1	 -38.5600	  170.6107
9.741	 2.76	 1	 -42.0121	  173.7240
9.747	 2.74	 1	 -46.6822	  170.2002
9.756	 2.74	 1	 -42.0534	  171.4727
9.764	 2.06	 1	 -46.3398	  176.6004
9.778	 2.79	 1	 -41.6505	  175.9602
9.783	 2.23	 1	 -46.0879	  169.0113
9.791	 2.60	 1	 -41.8780	  169.0757
9.793	 2.74	 1	 -42.2411	  173.5544
9.794	 2.07	 1	 -38.9742	  169.5820
9.796	 2.21	 1	 -43.7710	  174.4868
9.802	 2.02	 1	 -39.8525	  169.2323
9.803	 2.76	 1	 -42.1083	  172.1788
9.808	 2.21	 1	 -45.2704	  178.0348
9.820	 2.23	 1	 -41.7913	  174.2160
9.826	 2.33	 1	 -45.5782	  173.0229
9.839	 3.60	 1	 -41.5339	  172.0843
9.843	 2.26	 1	 -43.8810	  173.7138
9.847	 2.27	 1	 -42.4350	  173.7759
9.850	 2.97	 1	 -41.8585	  173.8907
9.857	 2.33	 1	 -47.1098	  171.8781
9.867	 2.61	 1	 -41.0801	  176.5578
9.874	 2.23	 1	 -42.4121	  173.9658
9.879	 3.03	 1	 -46.9246	  175.0895
9.888	 2.05	 1	 -42.3919	  173.1098
9.894	 2.79	 1	 -40.8144	  173.4625
9.903	 4.59	 1	 -45.6455	  168.4084
9.910	 2.48	 1	 -43.7473	  177.6400
9.917	 2.74	 1	 -42.7424	  172.0902
9.940	 2.81	 1	 -46.0347	  177.1149
9.961	 2.18	 1	 -47.1299	  174.0123
9.977	 2.01	 1	 -40.6392	  167.5794
9.997	 2.25	 1	 -42.7031	  174.7662
10.004	 2.27	 1	 -41.8860	  167.0036
10.014	 2.03	 1	 -46.3912	  169.5430
10.031	 3.51	 1	 -44.0411	  173.7238
10.036	 2.27	 1	 -42.7615	  174.6048
10.036	 2.30	 1	 -47.0874	  171.7282
10.037	 2.17	 1	 -46.0314	  176.6599
10.049	 2.36	 1	 -43.3389	  179.0764
10.051	 2.79	 1	 -42.0665	  173.6465
10.074	 2.51	 1	 -41.7506	  174.1254
10.093	 2.01	 1	 -47.0577	  171.5537
10.103	 2.15	 1	 -39.7514	  177.6498
10.105	 3.08	 1	 -47.1680	  173.6151
10.106	 2.22	 1	 -45.8719	  177.3483
10.125	 2.64	 1	 -47.1018	  174.2220
10.132	 2.02	 1	 -38.6552	  170.3287
10.134	 2.17	 1	 -42.8880	  179.1342
10.141	 2.20	 1	 -46.2635	  176.7401
10.142	 2.40	 1	 -47.1769	  173.4738
10.148	 2.51	 1	 -44.2493	  174.9334
10.149	 2.79	 1	 -46.5577	  176.1485
10.170	 2.04	 1	 -43.6488	  173.9009
10.172	 2.09	 1	 -42.5192	  176.1973
10.183	 2.15	 1	 -39.1965	  169.1746
10.195	 2.16	 1	 -47.1792	  173.4288
10.196	 2.38	 1	 -42.5133	  173.6822
10.205	 2.02	 1	 -42.5218	  169.0079
10.208	 2.08	 1	 -42.0746	  175.7379
10.212	 2.14	 1	 -39.9338	  177.5465
10.215	 3.27	 1	 -46.3610	  169.4844
10.238	 2.13	 1	 -39.9912	  168.4793
10.247	 2.09	 1	 -46.9405	  171.0161
10.259	 2.70	 1	 -44.7144	  178.4866
10.295	 2.60	 1	 -38.4073	  174.8758
10.300	 2.59	 1	 -45.0133	  175.0388
10.303	 2.41	 1	 -41.7935	  172.2737
10.305	 2.08	 1	 -38.2379	  173.8559
10.312	 2.85	 1	 -38.7837	  176.0462
10.317	 2.02	 1	 -41.7036	  178.9902
10.322	 2.37	 1	 -38.2786	  174.1899
10.347	 2.27	 1	 -40.8311	  178.5911
10.350	 2.10	 1	 -44.7985	  167.6168
10.362	 2.06	 1	 -45.5331	  170.0277
10.372	 2.09	 1	 -42.7857	  169.1087
10.388	 2.89	 1	 -42.0255	  179.0723
10.401	 2.38	 1	 -41.7611	  174.3070
10.406	 2.70	 1	 -44.4205	  173.4315
10.428	 2.04	 1	 -42.7073	  172.8148
10.428	 2.40	 1	 -42.4115	  177.3628
10.432	 2.08	 1	 -41.7057	  178.9908
10.437	 2.02	 1	 -41.9826	  173.7742
10.441	 2.60	 1	 -38.2664	  171.9435
10.441	 2.67	 1	 -44.1032	  173.9251
10.449	 2.05	 1	 -43.6650	  171.6697
10.455	 2.56	 1	 -43.0026	  169.8582
10.466	 2.60	 1	 -39.8287	  168.3056
10.472	 2.28	 1	 -41.8163	  167.4059
10.476	 2.58	 1	 -40.0991	  174.9941
10.476	 2.14	 1	 -42.8945	  179.1338
10.476	 2.73	 1	 -41.2396	  167.2325
10.481	 2.49	 1	 -40.6883	  171.6107
10.490	 2.02	 1	 -38.2595	  171.9975
10.496	 2.05	 1	 -43.8414	  172.5906
10.503	 2.08	 1	 -41.8550	  171.0170
10.504	 2.15	 1	 -43.1819	  179.1036
10.509	 2.01	 1	 -38.7953	  176.0737
10.520	 2.45	 1	 -45.1736	  168.9457
10.536	 2.51	 1	 -41.7783	  174.2147
10.542	 2.00	 1	 -38.2095	  173.4977
10.546	 2.12	 1	 -41.4682	  174.9029
10.552	 3.65	 1	 -43.0805	  170.9125
10.562	 2.37	 1	 -41.7097	  167.0523
10.563	 2.12	 1	 -43.2005	  172.1763
10.594	 3.01	 1	 -38.2179	  173.6262
10.601	 2.07	 1	 -42.6922	  173.6040
10.610	 2.18	 1	 -42.2778	  173.6431
10.615	 2.06	 1	 -44.7018	  171.3549
10.617	 2.03	 1	 -39.9687	  168.1545
10.626	 2.08	 1	 -39.7794	  168.3618
10.630	 2.60	 1	 -40.7503	  173.2236
10.635	 2.16	 1	 -39.5115	  172.4992
10.646	 2.18	 1	 -46.7106	  170.2757
10.659	 2.13	 1	 -38.4196	  171.7063
10.659	 2.10	 1	 -45.7060	  168.4815
10.662	 2.02	 1	 -39.9793	  170.9587
10.679	 2.10	 1	 -42.8264	  171.2208
10.680	 2.23	 1	 -46.9690	  174.9128
10.683	 2.68	 1	 -42.4681	  171.7395
10.689	 3.02	 1	 -39.2240	  172.4819
10.697	 2.30	 1	 -42.7616	  178.8002
10.702	 2.42	 1	 -39.2296	  169.1197
10.726	 2.09	 1	 -46.3970	  171.9572
10.748	 2.77	 1	 -45.6018	  168.3573
10.751	 4.80	 1	 -42.1867	  168.6829
10.762	 2.57	 1	 -41.2038	  174.7889
10.764	 2.50	 1	 -44.0705	  173.6259
10.772	 2.28	 1	 -40.0756	  177.9971
10.777	 4.03	 1	 -38.2521	  172.0582
10.794	 2.00	 1	 -43.3770	  179.0687
10.794	 2.29	 1	 -42.4008	  173.7270
10.829	 2.08	 1	 -40.3839	  173.5421
10.842	 4.58	 1	 -46.3159	  175.6503
10.851	 2.59	 1	 -44.4031	  174.5941
10.861	 2.31	 1	 -46.0482	  168.9499
10.869	 2.09	 1	 -40.6432	  175.7269
10.870	 2.32	 1	 -41.7117	  173.5080
10.870	 3.36	 1	 -42.3231	  172.5427
10.883	 2.36	 1	 -44.8119	  174.5834
10.891	 2.39	 1	 -42.1742	  174.7763
10.894	 2.02	 1	 -47.1082	  174.1778
10.899	 2.11	 1	 -47.1859	  172.7890
10.902	 2.08	 1	 -40.1328	  172.1056
10.907	 3.17	 1	 -47.0721	  171.6352
10.911	 2.07	 1	 -41.7793	  174.2871
10.932	 2.09	 1	 -47.0299	  171.4083
10.944	 3.42	 1	 -41.8947	  171.7325
10.961	 2.95	 1	 -39.2095	  169.1528
10.963	 2.51	 1	 -41.7011	  175.6890
10.972	 2.17	 1	 -46.9933	  171.2362
10.975	 2.05	 1	 -44.2498	  178.7614
10.984	 2.13	 1	 -43.3857	  173.4150
10.995	 2.01	 1	 -42.0129	  173.7430
11.005	 2.07	 1	 -45.7638	  175.8370
11.017	 2.07	 1	 -39.2945	  176.5292
11.019	 2.14	 1	 -41.2574	  167.2243
11.021	 2.37	 1	 -42.3191	  169.8427
11.029	 2.08	 1	 -42.3067	  166.9269
11.034	 3.33	 1	 -39.5426	  168.6563
11.048	 2.31	 1	 -41.4232	  170.3030
11.058	 2.71	 1	 -45.3629	  177.9443
11.078	 2.17	 1	 -38.2099	  172.5408
11.079	 2.57	 1	 -40.0497	  172.4449
11.079	 2.15	 1	 -40.2472	  171.0150
11.102	 2.07	 1	 -42.3616	  167.5184
11.126	 2.03	 1	 -47.0635	  174.4580
11.132	 2.38	 1	 -43.8022	  171.7913
11.153	 2.15	 1	 -41.9384	  173.8439
11.162	 2.46	 1	 -42.2405	  173.7232
11.182	 2.05	 1	 -38.2028	  173.3600
11.197	 2.03	 1	 -42.1714	  173.5816
11.204	 2.93	 1	 -47.1680	  173.6152
11.214	 2.28	 1	 -42.6347	  175.1889
11.228	 2.10	 1	 -46.7716	  170.4476
11.232	 2.20	 1	 -47.1400	  173.2697
11.239	 3.13	 1	 -41.3437	  177.2848
11.261	 2.12	 1	 -42.6541	  172.6393
11.261	 2.35	 1	 -38.3579	  174.6492
11.280	 2.33	 1	 -38.5967	  171.9670
11.309	 2.02	 1	 -45.3402	  171.1621
11.320	 2.17	 1	 -38.8579	  169.8270
11.324	 2.06	 1	 -42.5830	  173.1578
11.332	 2.06	 1	 -38.3076	  174.3770
11.334	 2.43	 1	 -41.9407	  173.9243
11.359	 2.27	 1	 -40.7360	  178.5305
11.370	 2.01	 1	 -41.8266	  174.2250
11.372	 2.26	 1	 -44.7940	  168.2187
11.375	 2.47	 1	 -44.6558	  167.5183
11.390	 2.06	 1	 -43.5129	  173.5405
11.394	 3.06	 1	 -42.6099	  171.7550
11.397	 2.32	 1	 -44.7869	  178.4358
11.403	 2.88	 1	 -43.4936	  175.6427
11.408	 2.09	 1	 -46.0015	  169.0480
11.412	 2.56	 1	 -41.9869	  173.3267
11.419	 2.24	 1	 -43.0087	  171.5181
11.420	 2.39	 1	 -41.7751	  174.2458
11.428	 2.27	 1	 -42.0212	  173.8441
11.428	 2.04	 1	 -42.1656	  171.5284
11.432	 2.08	 1	 -42.6115	  173.4889
11.438	 2.28	 1	 -44.2874	  171.7659
11.440	 2.00	 1	 -40.0536	  172.8492
11.444	 2.22	 1	 -42.1995	  169.4671
11.446	 2.01	 1	 -45.2419	  174.4836
11.448	 2.04	 1	 -42.3531	  173.7592
11.453	 3.12	 1	 -46.8605	  170.7262
11.469	 3.31	 1	 -39.5986	  168.5827
11.477	 2.85	 1	 -43.0674	  179.1187
11.480	 2.05	 1	 -42.9793	  178.9614
11.494	 2.81	 1	 -44.8357	  175.9816
11.499	 2.20	 1	 -44.5240	  167.4348
11.519	 2.42	 1	 -46.1950	  174.2175
11.524	 2.26	 1	 -38.2855	  171.8070
11.526	 2.91	 1	 -46.8517	  170.6970
11.549	 2.18	 1	 -42.3822	  166.9189
11.560	 2.37	 1	 -41.1724	  172.0470
11.567	 2.50	 1	 -41.8641	  171.8426
11.577	 3.30	 1	 -46.3895	  176.5046
11.585	 2.14	 1	 -41.1115	  171.0337
11.596	 2.68	 1	 -38.4607	  175.0906
11.598	 2.47	 1	 -40.8260	  172.8605
11.602	 2.07	 1	 -40.7334	  174.1535
11.606	 2.25	 1	 -44.4238	  175.3868
11.606	 2.40	 1	 -43.5483	  173.8395
11.630	 2.04	 1	 -41.7465	  174.3681
11.638	 2.15	 1	 -39.4421	  168.7948
11.640	 2.79	 1	 -42.3521	  172.2458
11.641	 2.06	 1	 -42.4706	  166.9118
11.643	 2.12	 1	 -45.4477	  168.1872
11.649	 2.07	 1	 -44.7037	  178.4939
11.665	 2.72	 1	 -45.0249	  167.7916
11.671	 2.07	 1	 -44.6595	  174.7545
11.675	 2.56	 1	 -41.7188	  174.1828
11.695	 3.61	 1	 -41.8202	  174.2366
11.696	 3.64	 1	 -47.1037	  171.8354
11.701	 2.08	 1	 -42.1291	  169.7922
11.714	 2.15	 1	 -43.0292	  170.0634
11.725	 2.20	 1	 -39.9050	  174.2729
11.733	 2.09	 1	 -44.8635	  170.6542
11.753	 2.35	 1	 -39.1357	  176.4261
11.758	 3.00	 1	 -38.2102	  173.5099
11.771	 4.32	 1	 -38.8376	  169.8726
11.778	 2.36	 1	 -40.0045	  177.9264
11.850	 2.08	 1	 -43.9913	  176.2592
11.861	 2.44	 1	 -46.9589	  171.0897
11.866	 3.16	 1	 -43.0139	  166.9200
11.866	 2.43	 1	 -45.0691	  167.8286
11.871	 2.22	 1	 -38.7358	  170.1155
11.871	 2.30	 1	 -43.7510	  173.8920
11.877	 2.30	 1	 -45.3216	  168.0589
11.890	 2.46	 1	 -46.3456	  174.0419
11.903	 2.51	 1	 -40.3762	  173.8300
11.916	 2.23	 1	 -43.7092	  169.9354
11.932	 2.12	 1	 -42.7353	  172.2375
11.937	 2.63	 1	 -44.1282	  176.5426
11.954	 2.00	 1	 -39.5092	  168.7013
11.954	 2.19	 1	 -39.0993	  175.8113
11.964	 2.55	 1	 -42.0131	  174.5475
12.018	 2.51	 1	 -38.8539	  176.2084
12.063	 3.36	 1	 -46.0648	  176.9751
12.079	 2.03	 1	 -43.3320	  177.0031
12.087	 2.94	 1	 -46.7003	  171.6723
12.096	 2.08	 1	 -38.5481	  172.9474
12.097	 2.93	 1	 -44.4330	  173.4530
12.103	 2.23	 1	 -47.1353	  172.0784
12.105	 2.23	 1	 -45.5577	  177.7372
12.119	 2.03	 1	 -44.1693	  167.2437
12.137	 4.25	 1	 -41.0973	  167.3022
12.160	 2.37	 1	 -44.8805	  178.3669
12.162	 2.04	 1	 -42.4015	  173.9953
12.170	 2.35	 1	 -41.5565	  174.9354
12.180	 3.22	 1	 -42.7768	  172.5423
12.183	 2.00	 1	 -44.0742	  176.1616
12.195	 2.34	 1	 -42.3756	  173.9901
12.218	 2.67	 1	 -42.9649	  172.3727
12.230	 2.01	 1	 -38.1990	  172.7954
12.239	 2.11	 1	 -44.9540	  170.4716
12.254	 2.10	 1	 -42.3393	  173.7268
12.258	 2.11	 1	 -40.5147	  178.3745
12.264	 2.89	 1	 -46.3279	  169.4216
12.275	 2.34	 1	 -43.5963	  179.0151
12.292	 2.31	 1	 -43.3875	  174.6965
12.307	 3.22	 1	 -41.1402	  168.0511
12.312	 2.48	 1	 -46.9985	  171.2596
12.312	 2.14	 1	 -40.4312	  170.9056
12.336	 2.67	 1	 -41.7952	  174.2787
12.353	 2.09	 1	 -38.7951	  176.0734
12.386	 2.25	 1	 -46.7663	  175.6122
12.390	 2.37	 1	 -44.4420	  171.3329
12.390	 3.00	 1	 -42.3961	  172.1930
12.394	 3.00	 1	 -41.3405	  174.3373
12.395	 2.11	 1	 -42.5716	  179.1377
12.422	 2.06	 1	 -41.9859	  172.2078
12.433	 2.73	 1	 -38.9805	  169.5694
12.433	 2.08	 1	 -44.5938	  175.2354
12.456	 2.14	 1	 -47.0853	  174.3294
12.457	 2.95	 1	 -45.7613	  168.5505
12.457	 3.81	 1	 -45.1776	  170.1030
12.491	 2.03	 1	 -42.1523	  172.8736
12.493	 3.07	 1	 -41.7535	  174.2589
12.496	 2.21	 1	 -43.2676	  170.6729
12.503	 3.06	 1	 -41.7817	  174.2671
12.505	 2.67	 1	 -41.1945	  170.4557
12.506	 2.35	 1	 -46.9574	  174.9609
12.523	 2.60	 1	 -40.2556	  170.4290
12.545	 2.63	 1	 -40.9064	  173.4373
12.551	 2.06	 1	 -38.2486	  173.9562
12.570	 2.27	 1	 -42.9475	  174.7166
12.580	 2.15	 1	 -42.0596	  174.6544
12.582	 2.05	 1	 -43.7860	  167.0880
12.607	 2.64	 1	 -38.2893	  174.2621
12.617	 2.13	 1	 -41.5455	  172.8613
12.626	 2.09	 1	 -44.0066	  171.2288
12.634	 2.45	 1	 -42.4218	  173.1147
12.635	 2.52	 1	 -39.7106	  177.3793
12.639	 2.57	 1	 -41.6852	  174.2226
12.662	 2.16	 1	 -40.9064	  173.7245
12.672	 2.41	 1	 -42.5950	  179.1385
12.673	 2.24	 1	 -44.1021	  175.6687
12.692	 3.30	 1	 -44.4569	  178.6494
12.702	 2.52	 1	 -44.4203	  168.9178
12.705	 3.01	 1	 -46.3979	  175.3258
12.717	 2.11	 1	 -38.7196	  170.1569
12.769	 2.03	 1	 -39.0338	  172.3687
12.769	 2.06	 1	 -41.6912	  174.3461
12.770	 2.97	 1	 -45.1369	  167.8872
12.773	 2.02	 1	 -42.3831	  173.5132
12.781	 3.02	 1	 -40.9159	  172.5845
12.783	 2.04	 1	 -47.0758	  174.3868
12.803	 2.02	 1	 -41.1690	  174.8131
12.803	 3.02	 1	 -44.5065	  178.6201
12.811	 2.65	 1	 -42.1629	  170.5638
12.822	 2.16	 1	 -38.5001	  170.8102
12.839	 2.02	 1	 -44.0885	  172.6758
12.847	 2.14	 1	 -42.7347	  172.4804
12.874	 2.08	 1	 -46.3656	  169.4931
12.876	 3.92	 1	 -46.8183	  175.4551
12.883	 2.11	 1	 -47.0772	  174.3789
12.889	 2.23	 1	 -43.9034	  173.3960
12.900	 3.03	 1	 -42.9077	  166.9113
12.916	 2.77	 1	 -46.9785	  174.8727
12.918	 3.38	 1	 -43.4542	  166.9927
12.951	 2.25	 1	 -41.2113	  178.7985
12.966	 3.05	 1	 -40.2582	  171.5344
12.971	 2.16	 1	 -44.8962	  173.3309
12.992	 2.13	 1	 -39.3949	  171.6740
12.999	 2.16	 1	 -44.5189	  178.6126
13.042	 2.06	 1	 -43.9500	  175.8410
13.051	 2.13	 1	 -39.0725	  170.2592
13.053	 2.51	 1	 -38.3463	  174.5912
13.060	 2.65	 1	 -39.4565	  168.7745
13.064	 2.09	 1	 -38.5633	  175.4441
13.078	 2.12	 1	 -44.2418	  177.2617
13.100	 2.11	 1	 -42.7207	  176.8608
13.121	 2.50	 1	 -42.0317	  173.2700
13.123	 2.35	 1	 -42.6844	  172.6331
13.129	 3.14	 1	 -42.2011	  173.4177
13.141	 2.33	 1	 -44.1839	  176.1662
13.143	 2.13	 1	 -42.2351	  171.9145
13.149	 2.42	 1	 -43.2225	  179.0973
13.181	 2.32	 1	 -39.3606	  168.9139
13.205	 2.44	 1	 -39.2961	  169.0129
13.209	 2.77	 1	 -44.9100	  172.9726
13.212	 3.00	 1	 -47.1323	  172.0527
13.213	 2.10	 1	 -45.7917	  177.4548
13.220	 2.20	 1	 -44.3866	  175.1099
13.223	 2.83	 1	 -46.0214	  174.9947
13.231	 2.69	 1	 -42.2415	  173.4090
13.257	 2.60	 1	 -42.6984	  172.8467
13.271	 2.98	 1	 -39.0356	  170.5778
13.278	 2.00	 1	 -42.5395	  174.0343
13.279	 2.14	 1	 -41.7539	  171.7038
13.283	 2.64	 1	 -38.5287	  173.6183
13.293	 2.56	 1	 -47.1156	  174.1243
13.308	 2.18	 1	 -42.0730	  179.0816
13.310	 2.57	 1	 -42.1458	  166.9497
13.319	 2.91	 1	 -42.3468	  173.5961
13.335	 2.02	 1	 -42.4779	  173.5223
13.347	 2.14	 1	 -41.6678	  173.3097
13.352	 2.10	 1	 -42.3479	  173.2826
13.355	 2.26	 1	 -43.3298	  175.6951
13.389	 2.17	 1	 -41.7231	  173.2006
13.408	 2.25	 1	 -46.7186	  172.9106
13.408	 2.09	 1	 -44.9186	  175.5539
13.431	 2.32	 1	 -42.8105	  174.1968
13.436	 2.25	 1	 -39.3039	  174.6300
13.449	 2.95	 1	 -43.4155	  176.2133
13.449	 3.08	 1	 -44.0379	  173.8157
13.459	 2.14	 1	 -41.8102	  174.2144
13.467	 2.22	 1	 -46.8752	  175.2679
13.469	 2.81	 1	 -42.5730	  174.7341
13.470	 2.05	 1	 -43.4568	  179.0509
13.477	 2.74	 1	 -42.0907	  171.5095
13.516	 2.70	 1	 -39.2924	  177.0256
13.523	 2.04	 1	 -41.6724	  174.2403
13.531	 2.91	 1	 -40.3028	  172.7946
13.532	 2.96	 1	 -42.8744	  172.9870
13.561	 2.86	 1	 -38.8888	  169.7594
13.563	 2.11	 1	 -43.1655	  171.3170
13.565	 2.61	 1	 -47.1721	  173.5536
13.566	 2.48	 1	 -44.4607	  167.3972
13.569	 2.87	 1	 -40.9708	  174.6716
13.590	 2.27	 1	 -39.1972	  175.4310
13.596	 2.04	 1	 -47.1740	  172.5213
13.605	 2.89	 1	 -42.4532	  173.1176
13.622	 2.20	 1	 -42.8911	  170.9058
13.648	 3.41	 1	 -42.7104	  170.3698
13.657	 2.34	 1	 -40.5753	  178.4194
13.680	 2.25	 1	 -43.8088	  168.5058
13.696	 2.68	 1	 -42.2568	  174.6866
13.707	 2.17	 1	 -39.1335	  169.2830
13.714	 2.04	 1	 -45.4117	  173.2030
13.715	 2.83	 1	 -38.9276	  169.6772
13.715	 2.05	 1	 -40.9455	  170.4593
13.743	 2.10	 1	 -45.6537	  172.1045
13.745	 2.17	 1	 -41.7235	  174.3691
13.753	 2.14	 1	 -40.3549	  177.9584
13.760	 2.06	 1	 -43.9130	  169.6273
13.765	 2.17	 1	 -45.5077	  177.7926
13.793	 2.50	 1	 -47.1496	  172.2123
13.801	 2.84	 1	 -38.2120	  173.5384
13.810	 2.07	 1	 -44.3937	  167.3590
13.813	 2.25	 1	 -43.9662	  177.7673
13.819	 2.17	 1	 -46.5794	  169.9461
13.822	 2.57	 1	 -42.7380	  171.3655
13.824	 2.09	 1	 -45.7316	  177.5312
13.824	 2.41	 1	 -41.0784	  178.7322
13.841	 2.04	 1	 -42.2406	  173.6063
13.842	 2.03	 1	 -42.5425	  175.2205
13.843	 2.03	 1	 -43.7167	  178.9792
13.859	 2.08	 1	 -38.4789	  175.1580
13.861	 2.74	 1	 -44.7190	  173.1220
13.881	 2.16	 1	 -46.7832	  175.5625
13.884	 2.02	 1	 -43.2330	  166.9487
13.887	 2.16	 1	 -39.4549	  168.7766
13.889	 2.34	 1	 -44.1221	  178.7303
13.898	 2.72	 1	 -45.5173	  177.7821
13.906	 2.37	 1	 -44.4958	  169.7135
13.920	 2.18	 1	 -46.9036	  170.8769
13.930	 2.00	 1	 -42.2391	  173.5680
13.960	 2.43	 1	 -38.8367	  169.8747
13.963	 2.67	 1	 -38.9401	  176.3930
13.976	 2.81	 1	 -46.7468	  175.6682
13.984	 2.05	 1	 -38.7250	  175.9013
13.993	 3.19	 1	 -44.8494	  167.6541
13.994	 2.03	 1	 -44.1505	  172.9444
