# Simulation 160
# RelativeTime(days) Magnitude Generation Latitude Longitude
Time Mag Gen Lat Lon
7.003	 2.27	 1	 -42.6005	  174.5168
7.007	 2.39	 1	 -41.6576	  176.5607
7.007	 2.04	 1	 -43.2821	  175.2988
7.014	 2.34	 1	 -40.9175	  167.4012
7.014	 2.65	 1	 -45.4376	  177.8676
7.022	 2.06	 1	 -41.7653	  171.8216
7.028	 2.02	 1	 -43.1933	  166.9424
7.033	 2.09	 1	 -45.0142	  167.7829
7.036	 2.01	 1	 -42.4781	  173.3815
7.040	 2.04	 1	 -42.0613	  179.0794
7.045	 2.45	 1	 -42.5437	  173.3331
7.049	 2.59	 1	 -44.8106	  171.4346
7.070	 2.28	 1	 -42.4997	  173.1687
7.074	 2.68	 1	 -41.6784	  174.3793
7.078	 2.04	 1	 -43.9118	  167.1335
7.078	 2.56	 1	 -44.5118	  172.6783
7.082	 2.61	 1	 -43.0969	  172.8705
7.082	 3.52	 1	 -41.9610	  174.4347
7.099	 2.26	 1	 -43.9059	  171.2486
7.104	 2.48	 1	 -44.3256	  178.7222
7.107	 2.01	 1	 -38.5246	  170.7263
7.110	 2.64	 1	 -42.5675	  178.7238
7.114	 2.86	 1	 -41.9420	  173.6822
7.122	 2.22	 1	 -41.8016	  175.3416
7.133	 2.01	 1	 -44.6100	  171.7379
7.141	 2.20	 1	 -42.1700	  172.6993
7.143	 2.07	 1	 -41.9613	  179.0585
7.148	 3.22	 1	 -42.6540	  172.0449
7.176	 2.00	 1	 -42.6123	  173.5816
7.184	 2.28	 1	 -38.2544	  174.0052
7.189	 2.58	 1	 -42.2401	  172.1737
7.200	 2.02	 1	 -40.8622	  173.7012
7.201	 2.60	 1	 -40.8682	  167.5876
7.210	 2.08	 1	 -41.5086	  178.9241
7.218	 2.12	 1	 -42.0589	  177.7849
7.220	 2.84	 1	 -42.4688	  173.6937
7.228	 2.32	 1	 -43.6875	  173.5859
7.229	 2.01	 1	 -41.6143	  167.0828
7.240	 2.03	 1	 -44.7465	  173.8465
7.243	 2.02	 1	 -42.9610	  176.9941
7.254	 2.85	 1	 -46.6648	  170.1552
7.258	 2.21	 1	 -43.5090	  167.0060
7.268	 2.03	 1	 -47.1878	  172.8746
7.268	 2.42	 1	 -42.2855	  172.8409
7.275	 2.76	 1	 -39.3934	  177.1791
7.294	 2.11	 1	 -40.4516	  174.7678
7.310	 2.26	 1	 -38.1961	  172.9719
7.316	 2.27	 1	 -44.4039	  171.6404
7.318	 2.18	 1	 -46.2518	  176.7609
7.320	 2.38	 1	 -40.6806	  178.4934
7.336	 3.38	 1	 -44.5273	  175.0090
7.336	 2.07	 1	 -43.4847	  173.4945
7.336	 2.48	 1	 -47.1721	  173.5539
7.343	 2.43	 1	 -47.1462	  173.8660
7.358	 2.18	 1	 -41.3559	  167.1808
7.368	 2.53	 1	 -45.5348	  171.5394
7.370	 2.27	 1	 -44.4263	  174.1827
7.371	 2.13	 1	 -39.1685	  176.8220
7.374	 2.41	 1	 -42.2868	  173.2830
7.382	 2.13	 1	 -42.8385	  172.4055
7.386	 2.98	 1	 -42.3226	  173.8813
7.389	 2.50	 1	 -42.3596	  173.9160
7.389	 2.19	 1	 -38.2668	  171.9595
7.392	 2.02	 1	 -39.9069	  168.2197
7.394	 2.01	 1	 -40.6729	  171.9745
7.400	 3.53	 1	 -43.6849	  172.4459
7.414	 2.08	 1	 -42.7825	  173.7373
7.417	 2.67	 1	 -42.2832	  179.1145
7.426	 2.21	 1	 -43.6547	  178.9982
7.437	 2.48	 1	 -44.2231	  175.6705
7.467	 2.20	 1	 -41.2112	  172.2075
7.491	 2.96	 1	 -42.1341	  176.4411
7.509	 2.36	 1	 -44.4451	  178.0270
7.512	 2.71	 1	 -41.5055	  173.2244
7.516	 2.11	 1	 -42.4417	  173.3234
7.535	 2.17	 1	 -41.6250	  174.2126
7.543	 2.31	 1	 -42.1278	  173.6594
7.547	 2.48	 1	 -41.9992	  173.2404
7.549	 2.88	 1	 -44.7461	  170.8340
7.550	 2.09	 1	 -43.0847	  172.9653
7.578	 2.82	 1	 -41.2952	  174.4374
7.583	 2.78	 1	 -41.7255	  174.2520
7.584	 2.08	 1	 -40.0744	  173.6150
7.587	 2.08	 1	 -41.3379	  177.9274
7.593	 2.03	 1	 -44.6393	  175.1141
7.594	 2.43	 1	 -43.1509	  172.4756
7.604	 2.96	 2	 -43.6893	  172.4525
7.612	 2.19	 1	 -41.3452	  174.3895
7.618	 2.03	 1	 -42.0933	  167.3996
7.619	 2.40	 1	 -39.9079	  177.8257
7.619	 2.22	 1	 -41.5342	  173.7844
7.620	 2.22	 1	 -44.9240	  169.4003
7.634	 2.12	 1	 -44.5667	  173.6438
7.635	 2.47	 1	 -46.4120	  173.9508
7.635	 2.37	 1	 -40.4919	  167.6870
7.636	 2.10	 1	 -42.2426	  173.9050
7.642	 2.21	 1	 -41.5266	  174.3443
7.645	 2.28	 1	 -42.5217	  174.3156
7.655	 2.49	 1	 -41.3039	  171.3835
7.664	 2.27	 1	 -42.1980	  174.6096
7.669	 2.25	 1	 -38.2123	  172.5003
7.676	 2.22	 1	 -40.9218	  167.3986
7.687	 2.03	 1	 -46.0323	  177.1186
7.691	 2.07	 1	 -42.1821	  174.2342
7.691	 2.22	 1	 -42.3995	  173.6640
7.701	 2.08	 1	 -44.1878	  168.4512
7.713	 2.07	 1	 -42.8168	  175.7272
7.714	 2.22	 1	 -42.1857	  174.2832
7.726	 2.39	 1	 -39.2865	  176.2918
7.741	 2.07	 1	 -42.0095	  173.5585
7.741	 2.79	 1	 -43.1680	  174.0218
7.745	 2.39	 1	 -40.3613	  174.8936
7.755	 2.13	 1	 -42.5415	  179.1365
7.760	 2.12	 1	 -42.2123	  172.7988
7.769	 2.24	 1	 -45.5355	  168.2823
7.773	 2.27	 1	 -46.3234	  176.6310
7.788	 2.04	 1	 -44.9767	  173.2711
7.792	 2.21	 1	 -40.6693	  167.8545
7.803	 2.05	 1	 -41.7842	  174.2146
7.803	 2.37	 1	 -42.2175	  173.5494
7.806	 2.05	 1	 -42.2861	  174.5001
7.812	 2.29	 1	 -45.3790	  171.3187
7.825	 3.43	 1	 -44.5131	  171.6374
7.829	 2.47	 1	 -45.4464	  168.1858
7.838	 2.25	 1	 -42.0373	  173.6527
7.839	 2.11	 1	 -46.8133	  175.4708
7.841	 2.00	 1	 -44.0119	  174.6000
7.844	 2.84	 1	 -43.1822	  172.5804
7.847	 2.28	 1	 -44.3522	  174.8661
7.854	 2.08	 1	 -42.4822	  179.1333
7.866	 2.03	 1	 -46.9807	  174.8633
7.880	 2.06	 1	 -38.7704	  176.0142
7.880	 2.29	 1	 -42.0961	  173.7030
7.881	 2.21	 1	 -41.6027	  178.9576
7.882	 2.50	 1	 -42.9082	  172.9858
7.891	 2.02	 1	 -42.8551	  172.7418
7.891	 4.21	 1	 -42.6639	  174.2058
7.892	 2.55	 2	 -42.7815	  174.2664
7.893	 2.12	 1	 -38.2009	  173.3082
7.894	 2.40	 2	 -42.7632	  174.1147
7.896	 2.40	 1	 -39.9365	  177.8561
7.900	 2.81	 1	 -41.0724	  171.7112
7.900	 2.15	 1	 -40.2748	  175.3407
7.905	 2.99	 1	 -38.5819	  173.0083
7.917	 2.38	 1	 -42.7395	  173.1577
7.919	 2.29	 1	 -38.3785	  171.2965
7.923	 2.42	 1	 -42.3538	  174.0443
7.944	 2.18	 1	 -42.9407	  172.7592
7.954	 2.01	 1	 -42.0554	  173.4394
7.961	 3.16	 1	 -43.6626	  174.0181
7.964	 3.05	 1	 -41.6998	  174.2373
7.972	 2.11	 1	 -44.7553	  167.5860
7.983	 2.01	 1	 -43.8490	  171.5242
8.001	 2.53	 1	 -43.2684	  173.9336
8.006	 2.66	 1	 -40.4892	  174.9637
8.025	 3.47	 1	 -42.7015	  169.7960
8.036	 2.20	 1	 -41.7251	  174.5622
8.054	 2.86	 1	 -42.8342	  173.4903
8.056	 2.03	 1	 -42.1948	  173.5974
8.065	 2.56	 1	 -44.2844	  173.6724
8.077	 2.01	 1	 -47.1808	  172.6494
8.091	 2.16	 1	 -42.7960	  169.3835
8.098	 2.09	 1	 -42.2519	  173.7160
8.100	 2.55	 1	 -41.5720	  173.6086
8.118	 2.52	 1	 -41.4623	  175.7181
8.124	 2.05	 1	 -41.5418	  174.1962
8.143	 2.18	 1	 -47.1871	  173.2069
8.146	 2.32	 1	 -44.5777	  174.9682
8.148	 2.09	 1	 -43.1202	  179.1122
8.155	 2.07	 1	 -42.1121	  173.5899
8.169	 2.45	 1	 -43.5415	  168.9328
8.174	 2.24	 1	 -42.5271	  173.9714
8.178	 2.76	 1	 -38.5993	  175.5545
8.180	 2.62	 1	 -41.1880	  173.9000
8.185	 2.07	 1	 -44.2568	  173.8985
8.197	 2.77	 1	 -43.3929	  173.2036
8.211	 3.09	 1	 -44.5073	  174.1801
8.216	 2.75	 1	 -42.1888	  173.6076
8.230	 2.02	 1	 -47.0746	  174.3944
8.242	 4.01	 1	 -43.2431	  173.4319
8.244	 2.30	 1	 -41.1255	  172.0381
8.249	 2.05	 1	 -43.9026	  174.1000
8.261	 2.07	 1	 -46.0778	  177.0488
8.275	 2.07	 1	 -44.1286	  171.1743
8.289	 2.26	 1	 -44.9078	  176.8974
8.293	 2.00	 1	 -42.4334	  171.2573
8.293	 2.75	 1	 -44.6446	  170.8812
8.312	 2.29	 1	 -40.0582	  171.6557
8.313	 3.07	 1	 -43.9682	  172.7642
8.314	 2.16	 1	 -43.4891	  179.0432
8.324	 2.38	 1	 -43.7584	  175.3772
8.346	 2.02	 1	 -43.5402	  171.3904
8.360	 3.59	 1	 -41.7369	  175.7923
8.365	 2.04	 1	 -43.1288	  172.7967
8.373	 2.63	 1	 -42.4748	  179.1328
8.377	 2.55	 1	 -42.4123	  172.9660
8.377	 3.01	 1	 -44.3207	  174.6366
8.378	 2.34	 1	 -41.2296	  178.6626
8.387	 2.08	 1	 -41.2957	  175.0570
8.388	 2.56	 1	 -42.0303	  176.6485
8.409	 2.94	 1	 -41.7533	  173.2607
8.412	 2.09	 1	 -44.2061	  178.7830
8.420	 2.23	 1	 -39.8467	  177.7588
8.437	 2.81	 1	 -43.4312	  167.0871
8.445	 2.02	 1	 -43.2899	  172.2049
8.459	 2.41	 1	 -47.0973	  174.2521
8.467	 2.93	 1	 -41.9104	  174.0061
8.470	 2.35	 1	 -46.8195	  175.4514
8.490	 2.21	 1	 -39.8664	  168.2637
8.501	 2.12	 1	 -41.6003	  170.9932
8.502	 2.04	 1	 -43.0922	  176.8606
8.520	 2.32	 1	 -40.8448	  171.5168
8.521	 3.11	 1	 -45.6097	  171.4446
8.545	 2.49	 1	 -41.5539	  173.5960
8.551	 2.19	 1	 -43.0250	  172.7607
8.552	 2.01	 1	 -41.4239	  173.3732
8.555	 2.44	 1	 -47.0439	  171.4797
8.568	 2.29	 1	 -42.9462	  173.7809
8.572	 2.48	 1	 -42.2061	  172.7387
8.581	 2.71	 1	 -42.0492	  173.5473
8.581	 2.10	 2	 -42.0603	  173.5335
8.585	 3.91	 1	 -41.2161	  177.1202
8.593	 2.13	 1	 -42.3672	  174.0147
8.595	 2.53	 1	 -42.9315	  174.0226
8.609	 2.22	 1	 -43.5672	  175.1748
8.614	 2.22	 1	 -39.6086	  168.5699
8.614	 2.27	 1	 -42.5215	  171.7706
8.615	 2.16	 1	 -46.2258	  169.2381
8.618	 2.40	 1	 -42.8483	  174.7106
8.618	 2.61	 1	 -45.8998	  170.9898
8.630	 2.16	 1	 -42.0722	  173.2733
8.634	 3.07	 1	 -42.4385	  174.1496
8.637	 2.60	 1	 -41.1970	  172.3911
8.640	 2.22	 1	 -41.1398	  174.3869
8.651	 2.04	 1	 -43.2154	  172.9102
8.654	 2.10	 1	 -41.7425	  172.6924
8.656	 2.27	 1	 -42.4375	  171.0572
8.659	 2.53	 1	 -43.2836	  171.6780
8.660	 2.54	 1	 -46.9961	  171.2490
8.671	 2.34	 1	 -43.2996	  172.3672
8.675	 2.05	 1	 -44.8881	  178.3611
8.681	 2.86	 1	 -43.0058	  174.2238
8.682	 2.64	 1	 -42.2109	  173.8489
8.682	 2.44	 1	 -40.9787	  172.1610
8.696	 2.09	 1	 -44.2814	  175.6297
8.696	 3.40	 1	 -41.4174	  173.6349
8.702	 2.37	 1	 -42.5213	  173.7010
8.704	 3.33	 1	 -42.4537	  173.5054
8.704	 2.69	 1	 -47.1353	  172.0785
8.719	 2.14	 1	 -46.3030	  171.3454
8.721	 2.44	 1	 -42.6612	  174.3351
8.727	 2.29	 1	 -43.6135	  167.0340
8.732	 3.00	 1	 -42.8386	  170.9949
8.736	 2.12	 1	 -43.0711	  172.8309
8.742	 2.58	 1	 -42.2540	  173.7247
8.754	 2.29	 1	 -43.1242	  179.1117
8.770	 2.36	 1	 -44.7725	  171.6267
8.779	 2.54	 1	 -42.7150	  172.0013
8.821	 3.20	 1	 -41.3443	  172.2822
8.828	 2.43	 1	 -43.2856	  168.7439
8.829	 2.00	 1	 -41.9632	  172.7323
8.833	 2.56	 1	 -40.1288	  178.0482
8.838	 2.02	 1	 -42.4396	  174.1511
8.848	 2.00	 1	 -41.4079	  170.9360
8.862	 2.23	 1	 -41.8352	  172.0405
8.862	 2.08	 2	 -41.8350	  172.0339
8.874	 3.35	 1	 -42.0969	  179.0860
8.878	 2.97	 1	 -44.6830	  178.5079
8.899	 2.19	 1	 -45.7944	  171.3143
8.900	 2.21	 1	 -41.3950	  171.6381
8.924	 2.20	 1	 -43.7508	  171.6094
8.925	 2.26	 1	 -42.5194	  175.3501
8.934	 2.33	 1	 -43.9633	  174.4085
8.940	 2.65	 1	 -46.8751	  175.2682
8.940	 2.40	 1	 -43.4394	  174.3380
8.952	 3.44	 1	 -42.0700	  173.2375
8.955	 2.40	 1	 -41.5889	  175.4202
8.968	 3.72	 1	 -38.2228	  173.6902
8.972	 2.12	 1	 -39.0174	  169.4972
8.974	 2.07	 1	 -41.7693	  173.1023
8.986	 2.00	 2	 -41.3951	  171.6378
8.986	 2.14	 1	 -43.0050	  173.6310
8.993	 2.40	 1	 -46.8296	  173.2386
8.997	 2.18	 2	 -44.5169	  172.6783
8.997	 2.93	 1	 -43.0752	  173.3853
9.012	 2.07	 1	 -38.2845	  174.2305
9.019	 2.40	 1	 -42.2496	  172.5508
9.023	 2.53	 1	 -42.6397	  175.3346
9.027	 2.58	 1	 -42.1298	  172.5298
9.039	 2.31	 1	 -42.6962	  173.2896
9.041	 2.07	 1	 -43.5398	  172.7717
9.044	 2.11	 1	 -43.1284	  171.7718
9.044	 2.03	 1	 -43.6461	  167.0435
9.048	 2.07	 1	 -42.2529	  173.4584
9.056	 2.42	 1	 -46.3100	  176.6560
9.068	 2.72	 1	 -39.4562	  174.8190
9.068	 2.28	 1	 -43.5435	  169.9441
9.074	 2.11	 1	 -42.2265	  172.6928
9.095	 2.05	 1	 -46.1136	  169.0518
9.098	 3.91	 1	 -45.6163	  168.3741
9.098	 2.83	 2	 -45.6509	  168.3158
9.103	 2.17	 1	 -38.2787	  171.8537
9.114	 2.14	 1	 -46.2814	  176.7080
9.120	 2.62	 1	 -42.9805	  179.1274
9.125	 3.21	 1	 -41.1492	  172.3106
9.127	 2.14	 2	 -45.6040	  168.4778
9.131	 2.24	 1	 -40.5552	  174.8732
9.132	 2.07	 1	 -40.7621	  167.4968
9.136	 2.43	 1	 -43.9247	  170.7033
9.138	 3.00	 1	 -42.3402	  172.0240
9.141	 2.54	 1	 -45.6815	  168.4515
9.143	 2.01	 1	 -45.0524	  178.2298
9.166	 2.46	 1	 -42.0060	  173.7199
9.167	 2.69	 1	 -41.5673	  170.5692
9.175	 2.11	 1	 -42.3301	  173.8403
9.176	 3.24	 1	 -40.9680	  167.3722
9.186	 2.22	 1	 -41.1870	  167.2574
9.187	 2.39	 1	 -46.5336	  175.2822
9.188	 2.34	 1	 -45.4556	  168.1956
9.190	 2.79	 1	 -41.1770	  173.2847
9.195	 2.29	 1	 -44.2689	  167.2926
9.196	 2.03	 1	 -41.9141	  171.2918
9.202	 2.21	 1	 -41.4776	  167.5370
9.228	 2.17	 1	 -40.7694	  176.8408
9.231	 2.06	 1	 -40.9297	  173.2661
9.231	 2.42	 1	 -40.8001	  178.2594
9.235	 2.44	 1	 -42.4529	  179.1313
9.241	 2.06	 1	 -41.8227	  173.2535
9.246	 2.40	 1	 -43.0484	  173.3352
9.252	 2.30	 1	 -44.9427	  167.7254
9.265	 2.25	 1	 -41.4326	  171.7900
9.265	 2.95	 1	 -38.4934	  170.8338
9.287	 2.42	 1	 -42.3985	  173.7698
9.287	 2.17	 1	 -41.9812	  168.1916
9.290	 6.87	 1	 -42.9024	  172.7025
9.290	 2.31	 2	 -43.0823	  172.0009
9.290	 2.32	 2	 -43.1410	  172.8096
9.290	 2.19	 2	 -43.7684	  172.7518
9.290	 2.01	 2	 -42.3096	  172.6883
9.290	 2.33	 2	 -42.5753	  172.7200
9.290	 2.37	 2	 -42.4097	  173.2881
9.290	 2.65	 2	 -42.8040	  172.6400
9.290	 2.04	 2	 -43.0301	  172.5192
9.290	 2.22	 2	 -42.9028	  171.5923
9.290	 2.10	 2	 -43.1701	  174.2596
9.290	 2.23	 2	 -42.7554	  172.6670
9.290	 2.05	 2	 -42.9797	  171.0229
9.290	 2.16	 2	 -42.9934	  172.6427
9.290	 2.10	 2	 -43.1081	  171.3790
9.290	 2.67	 2	 -43.9488	  172.5326
9.290	 2.21	 2	 -42.9040	  172.0073
9.290	 2.86	 2	 -42.7974	  172.7317
9.290	 2.58	 2	 -42.8759	  172.5258
9.290	 2.14	 2	 -42.7437	  172.0658
9.290	 2.39	 2	 -42.5920	  172.4562
9.290	 2.27	 2	 -42.8607	  172.1109
9.290	 2.53	 2	 -43.1173	  171.9863
9.290	 2.05	 2	 -44.4130	  171.1228
9.290	 2.52	 2	 -42.9766	  172.8536
9.290	 4.03	 2	 -43.0179	  172.7415
9.290	 2.21	 2	 -43.2447	  172.6292
9.291	 2.24	 2	 -42.5028	  172.7676
9.291	 2.51	 2	 -42.9155	  172.4054
9.291	 2.23	 2	 -42.4893	  172.4276
9.291	 2.17	 2	 -42.7728	  172.7836
9.291	 3.39	 2	 -42.7924	  172.9322
9.291	 2.24	 2	 -43.0747	  172.7234
9.291	 2.87	 2	 -42.7330	  172.5779
9.291	 2.68	 2	 -42.8004	  172.5088
9.291	 2.51	 2	 -42.8751	  172.3176
9.291	 2.43	 2	 -42.5183	  173.1146
9.291	 2.34	 2	 -42.5587	  173.0435
9.291	 2.76	 2	 -42.7862	  172.6319
9.291	 3.61	 2	 -42.6502	  172.5734
9.291	 2.29	 2	 -42.8546	  172.8616
9.291	 2.31	 2	 -43.0524	  172.9211
9.291	 2.20	 2	 -40.9836	  175.6978
9.291	 2.36	 2	 -43.0636	  172.9354
9.292	 2.05	 2	 -42.9616	  172.6157
9.292	 2.08	 2	 -43.1804	  172.8706
9.292	 2.06	 2	 -42.5354	  171.5332
9.292	 2.02	 2	 -42.8258	  172.9298
9.292	 2.04	 2	 -42.8317	  172.9318
9.292	 2.03	 2	 -42.4549	  171.7302
9.292	 2.90	 2	 -43.2141	  173.2156
9.292	 2.03	 2	 -38.6953	  170.5357
9.292	 2.10	 2	 -42.5033	  172.4749
9.292	 2.53	 2	 -43.0576	  172.6837
9.292	 3.20	 2	 -42.8943	  172.7525
9.293	 2.52	 2	 -42.4168	  172.6544
9.293	 2.57	 2	 -42.6225	  172.8827
9.293	 2.79	 2	 -42.9530	  172.0984
9.293	 2.31	 2	 -42.7770	  172.4749
9.293	 3.15	 2	 -43.0926	  172.6462
9.293	 2.67	 2	 -42.9789	  172.6083
9.293	 2.21	 2	 -42.8777	  172.5707
9.293	 2.36	 2	 -43.0620	  172.7488
9.293	 2.21	 2	 -43.0234	  172.7219
9.293	 2.28	 2	 -42.8717	  172.7619
9.294	 2.04	 2	 -42.7301	  171.2870
9.294	 2.02	 2	 -42.3482	  173.7330
9.294	 2.43	 2	 -42.6637	  173.3829
9.294	 2.55	 2	 -42.9281	  172.7284
9.294	 2.21	 2	 -43.2678	  172.9063
9.295	 2.05	 2	 -42.8828	  172.6843
9.295	 2.37	 2	 -42.9443	  172.7054
9.296	 2.24	 2	 -43.0765	  172.6022
9.296	 2.16	 1	 -44.3411	  174.0975
9.296	 2.10	 2	 -42.7973	  172.4318
9.297	 2.48	 2	 -42.8034	  172.9438
9.297	 2.15	 1	 -38.2536	  172.0451
9.297	 3.16	 2	 -42.6492	  174.0481
9.297	 2.34	 2	 -42.7851	  172.6955
9.297	 2.02	 2	 -39.3304	  176.4310
9.298	 2.94	 2	 -43.2977	  172.7612
9.298	 2.33	 2	 -43.1657	  171.7490
9.298	 2.53	 2	 -43.0949	  172.5139
9.298	 3.48	 2	 -42.9222	  172.8423
9.298	 2.80	 2	 -42.4350	  172.3504
9.298	 2.12	 2	 -42.8949	  172.8625
9.299	 2.11	 2	 -43.0754	  172.7620
9.299	 2.15	 2	 -44.0579	  175.5127
9.299	 2.08	 2	 -43.0761	  172.5952
9.299	 2.22	 2	 -42.5520	  173.4444
9.300	 2.38	 2	 -43.4599	  172.6692
9.300	 2.20	 2	 -42.8557	  172.4992
9.300	 2.10	 2	 -42.8309	  172.7350
9.300	 2.30	 2	 -39.9791	  173.7549
9.301	 2.22	 2	 -42.8755	  172.8534
9.301	 2.08	 2	 -42.8703	  172.6665
9.302	 2.05	 2	 -42.3719	  172.8261
9.302	 2.13	 2	 -38.4202	  173.1920
9.302	 2.95	 2	 -42.4061	  172.8847
9.303	 2.62	 2	 -43.0889	  172.6406
9.304	 2.48	 2	 -43.4684	  171.6918
9.304	 2.72	 2	 -43.1377	  172.9491
9.304	 2.82	 2	 -42.8263	  172.8051
9.305	 2.53	 2	 -42.4040	  172.7803
9.305	 3.21	 2	 -42.6331	  172.9158
9.305	 2.28	 2	 -42.9682	  172.7094
9.306	 2.49	 2	 -41.9038	  171.0180
9.306	 2.10	 1	 -42.7082	  166.9044
9.307	 2.40	 2	 -42.9621	  172.7811
9.307	 2.08	 2	 -43.0938	  172.5102
9.308	 2.22	 2	 -42.9956	  172.5795
9.308	 2.12	 1	 -45.5070	  168.2508
9.309	 2.07	 2	 -42.8969	  172.5560
9.310	 2.90	 2	 -42.9310	  172.6131
9.310	 2.25	 2	 -42.7381	  172.1197
9.310	 3.58	 2	 -43.2969	  172.2199
9.311	 2.69	 2	 -43.3467	  173.0442
9.311	 2.27	 1	 -43.8568	  177.0765
9.312	 3.02	 2	 -43.0633	  172.9283
9.312	 2.01	 1	 -39.0491	  176.6077
9.312	 2.77	 2	 -42.6442	  173.0673
9.314	 2.58	 1	 -44.2211	  176.1996
9.315	 2.52	 3	 -42.6415	  173.0684
9.316	 2.14	 2	 -43.1323	  172.3396
9.316	 2.59	 1	 -44.3725	  174.8844
9.317	 2.60	 1	 -45.4313	  177.8742
9.317	 2.03	 2	 -42.9820	  172.8235
9.319	 2.32	 1	 -38.2297	  173.7702
9.322	 2.05	 1	 -41.8321	  174.0270
9.323	 2.22	 2	 -43.0405	  172.8873
9.323	 2.45	 2	 -42.4938	  172.4994
9.323	 2.86	 2	 -43.0178	  172.6574
9.328	 2.20	 2	 -43.0029	  171.9941
9.328	 2.40	 2	 -42.8902	  172.5777
9.328	 2.36	 2	 -42.6970	  172.7492
9.329	 2.51	 2	 -42.1373	  172.4101
9.330	 2.13	 2	 -42.9218	  172.4857
9.330	 2.06	 2	 -42.7467	  172.5269
9.334	 2.23	 2	 -42.9411	  172.7436
9.334	 2.38	 2	 -42.9376	  172.5582
9.334	 2.36	 1	 -42.8541	  173.2266
9.336	 2.18	 2	 -41.0905	  173.6437
9.336	 2.45	 1	 -43.8617	  172.1788
9.338	 2.21	 1	 -42.2729	  173.3309
9.339	 2.08	 2	 -42.6506	  171.8482
9.340	 2.67	 2	 -42.6961	  173.3175
9.342	 3.74	 2	 -43.9465	  172.3499
9.342	 2.12	 2	 -42.8733	  172.6208
9.342	 2.51	 2	 -41.9023	  173.2012
9.346	 2.59	 2	 -42.9729	  172.5770
9.347	 2.13	 2	 -42.9298	  172.6777
9.347	 2.22	 2	 -42.9768	  172.7695
9.349	 2.89	 2	 -38.4812	  171.5834
9.350	 2.28	 2	 -42.9213	  173.2550
9.350	 2.25	 1	 -42.3827	  173.9427
9.350	 2.70	 3	 -43.9325	  172.3371
9.352	 2.01	 2	 -42.6889	  172.7916
9.352	 2.50	 2	 -41.6022	  171.2643
9.352	 2.14	 2	 -43.3210	  172.0149
9.353	 2.01	 2	 -42.9678	  172.8874
9.360	 2.81	 2	 -42.7056	  172.5175
9.360	 2.23	 2	 -42.7335	  172.5487
9.363	 2.26	 2	 -44.3115	  172.2681
9.366	 3.18	 2	 -43.1077	  172.7473
9.369	 2.13	 2	 -43.4708	  172.8488
9.370	 2.14	 2	 -42.8005	  172.6931
9.370	 3.05	 2	 -43.2614	  173.0980
9.371	 2.36	 2	 -43.2995	  173.2690
9.372	 2.27	 2	 -42.8147	  172.6842
9.373	 2.43	 2	 -42.8198	  172.6192
9.375	 2.15	 2	 -42.8782	  172.6881
9.380	 2.17	 2	 -41.8290	  169.1550
9.385	 2.11	 1	 -42.5754	  172.9970
9.385	 2.24	 1	 -42.4308	  173.3324
9.386	 2.88	 2	 -43.3132	  172.7122
9.393	 2.13	 1	 -46.4631	  172.9289
9.396	 2.22	 2	 -42.9775	  172.4050
9.396	 2.03	 2	 -42.8576	  172.9525
9.396	 2.06	 2	 -42.9998	  172.3145
9.400	 2.29	 2	 -42.8969	  172.7758
9.402	 2.46	 2	 -42.3840	  172.5336
9.402	 2.00	 1	 -45.4403	  177.8649
9.403	 2.02	 2	 -42.5252	  172.7136
9.404	 2.05	 2	 -42.8209	  171.0226
9.405	 2.11	 2	 -43.3946	  171.4294
9.407	 2.54	 2	 -42.7825	  172.6041
9.409	 2.01	 1	 -42.4158	  174.2119
9.411	 2.34	 2	 -42.9390	  172.9124
9.413	 2.99	 2	 -43.1854	  172.8703
9.417	 2.13	 2	 -42.7982	  172.5651
9.428	 2.55	 2	 -43.2613	  172.8064
9.432	 2.03	 1	 -42.3339	  172.9585
9.434	 2.07	 2	 -42.7558	  173.0890
9.435	 2.09	 1	 -43.1548	  172.3008
9.435	 2.03	 2	 -43.5555	  173.7622
9.436	 3.00	 1	 -44.9930	  172.6266
9.440	 2.30	 2	 -42.5674	  173.2292
9.440	 2.82	 2	 -42.7006	  172.7715
9.441	 2.05	 2	 -42.9247	  172.5934
9.441	 2.11	 1	 -38.1960	  172.9806
9.441	 2.02	 1	 -43.6734	  175.8575
9.442	 2.25	 2	 -43.3961	  172.4745
9.446	 2.55	 2	 -42.8455	  172.6703
9.446	 2.27	 2	 -43.1560	  172.6872
9.449	 2.00	 2	 -42.9382	  172.7725
9.449	 2.53	 2	 -42.9371	  172.5679
9.451	 2.56	 2	 -42.6941	  172.7789
9.454	 2.19	 2	 -42.4266	  173.1509
9.458	 2.34	 2	 -42.8814	  172.7872
9.458	 2.46	 1	 -41.7473	  173.9910
9.464	 2.32	 1	 -44.4065	  175.2541
9.464	 3.02	 2	 -42.8819	  172.6127
9.467	 2.27	 1	 -44.0324	  167.1822
9.469	 2.53	 1	 -43.3398	  170.0310
9.471	 3.42	 1	 -38.8539	  174.1010
9.471	 2.45	 2	 -38.8715	  174.0999
9.473	 2.08	 2	 -42.9889	  172.8840
9.477	 2.27	 2	 -42.8830	  172.6619
9.480	 3.07	 1	 -47.1254	  171.9955
9.481	 2.05	 1	 -42.6482	  172.0686
9.486	 2.23	 2	 -43.4280	  172.6094
9.496	 2.32	 2	 -42.7191	  172.7311
9.499	 2.08	 1	 -43.9310	  176.1887
9.501	 2.59	 2	 -42.7875	  172.8951
9.507	 2.30	 1	 -43.0043	  172.9042
9.508	 2.00	 1	 -39.9213	  177.5397
9.529	 2.78	 2	 -43.0404	  172.6501
9.533	 2.10	 2	 -43.0161	  172.4557
9.542	 2.86	 1	 -42.8360	  179.1368
9.543	 2.66	 2	 -42.9475	  172.9268
9.549	 2.09	 1	 -41.7841	  174.2538
9.557	 2.02	 1	 -46.3791	  172.7880
9.557	 2.12	 2	 -42.8353	  172.6952
9.558	 2.40	 1	 -41.6073	  172.9555
9.563	 2.87	 2	 -42.7546	  171.8889
9.563	 3.01	 1	 -46.4304	  176.4230
9.569	 2.52	 1	 -43.2705	  172.5253
9.573	 3.49	 2	 -42.9063	  173.0007
9.584	 2.16	 2	 -43.1671	  172.5709
9.584	 2.42	 2	 -43.1010	  171.9803
9.595	 2.73	 1	 -40.0858	  170.1539
9.599	 2.74	 1	 -45.2898	  178.0162
9.605	 2.30	 1	 -42.2415	  173.8898
9.607	 2.51	 2	 -42.8207	  172.5683
9.616	 2.03	 2	 -43.7888	  172.9249
9.622	 2.30	 2	 -42.9475	  172.7640
9.626	 2.20	 2	 -42.8220	  172.9207
9.630	 2.04	 1	 -43.5770	  172.0472
9.631	 2.01	 1	 -43.8475	  171.1073
9.635	 2.06	 1	 -42.0535	  173.7114
9.635	 2.53	 1	 -42.7481	  171.2091
9.637	 2.08	 2	 -42.6718	  172.6392
9.651	 2.02	 1	 -41.8891	  175.3772
9.652	 2.09	 1	 -43.6282	  175.3595
9.661	 2.32	 1	 -40.9368	  175.3838
9.675	 2.16	 1	 -42.2533	  168.6146
9.676	 2.09	 2	 -43.0790	  172.8929
9.677	 3.27	 2	 -42.9234	  172.8692
9.680	 2.13	 1	 -38.5929	  175.5355
9.686	 3.47	 2	 -41.5451	  172.9389
9.686	 2.27	 1	 -38.2164	  173.6057
9.699	 2.13	 2	 -43.3199	  172.4628
9.700	 2.00	 1	 -39.9029	  168.2286
9.703	 4.24	 1	 -42.8437	  174.7922
9.703	 2.02	 1	 -44.0161	  171.7078
9.703	 2.15	 2	 -43.2736	  172.0860
9.707	 2.13	 1	 -42.5654	  176.7739
9.712	 2.01	 1	 -41.8057	  174.1749
9.720	 2.68	 1	 -42.4535	  173.9047
9.725	 2.55	 1	 -40.7007	  175.4793
9.740	 2.04	 1	 -43.3226	  171.2267
9.751	 2.57	 1	 -43.6116	  168.0885
9.759	 2.32	 2	 -42.2729	  173.1572
9.763	 2.46	 2	 -42.8213	  172.7607
9.772	 2.45	 1	 -43.4484	  172.9445
9.777	 2.31	 2	 -45.6224	  168.3977
9.782	 2.01	 1	 -42.3585	  173.0903
9.783	 2.25	 1	 -43.0248	  179.1232
9.802	 2.49	 2	 -43.1133	  172.9586
9.808	 2.38	 1	 -43.3606	  174.7350
9.811	 2.05	 2	 -42.8807	  172.5836
9.814	 2.01	 2	 -42.7085	  172.9460
9.814	 2.65	 1	 -44.4910	  174.2734
9.817	 2.35	 1	 -42.6205	  175.0211
9.818	 2.07	 2	 -41.1470	  172.3219
9.824	 2.77	 1	 -42.7756	  176.4341
9.825	 2.40	 1	 -42.3575	  174.5044
9.833	 2.60	 2	 -43.1889	  172.8097
9.838	 2.87	 2	 -42.9054	  172.8876
9.842	 2.44	 2	 -41.3548	  171.7578
9.849	 2.71	 2	 -42.9940	  171.6068
9.855	 3.14	 1	 -47.0303	  174.6337
9.864	 2.17	 1	 -45.4592	  176.1683
9.871	 2.06	 1	 -43.0220	  173.1842
9.872	 2.57	 2	 -42.6684	  172.6084
9.874	 2.14	 1	 -45.1313	  167.8823
9.877	 3.05	 2	 -42.7896	  172.6704
9.882	 3.19	 2	 -42.9763	  172.4998
9.893	 2.80	 2	 -42.9496	  171.8608
9.907	 2.11	 1	 -41.7430	  167.0423
9.910	 2.54	 1	 -44.9973	  178.2354
9.912	 2.04	 1	 -40.0629	  173.5730
9.914	 2.06	 2	 -42.8586	  172.7328
9.924	 2.07	 2	 -42.9496	  173.3424
9.944	 2.20	 1	 -42.9911	  177.7230
9.950	 2.21	 3	 -42.8086	  172.6425
9.955	 2.40	 2	 -42.9233	  172.7822
9.958	 3.58	 1	 -45.5943	  177.6956
9.958	 2.02	 1	 -43.6216	  172.2758
9.959	 3.02	 1	 -43.7628	  174.0573
9.976	 2.08	 2	 -42.8908	  172.6968
9.977	 2.14	 2	 -45.5938	  177.6965
9.980	 2.65	 1	 -47.1264	  173.0550
9.983	 3.87	 1	 -43.3783	  179.0684
9.990	 2.07	 1	 -40.8348	  178.5934
9.992	 2.24	 2	 -43.4332	  179.0504
9.992	 2.46	 3	 -41.3585	  171.7574
10.006	 2.19	 1	 -41.2405	  173.4455
10.007	 2.02	 1	 -44.3618	  167.6595
10.008	 3.82	 1	 -43.5827	  167.0254
10.012	 2.37	 2	 -43.4955	  166.8647
10.029	 2.11	 1	 -42.2943	  175.2054
10.030	 2.70	 1	 -42.1548	  166.9482
10.035	 2.00	 1	 -42.6197	  174.2134
10.039	 2.49	 1	 -40.6385	  169.5612
10.040	 2.16	 1	 -41.8354	  174.1013
10.042	 2.09	 1	 -42.1732	  173.7386
10.045	 2.18	 1	 -40.6802	  175.7756
10.061	 2.12	 2	 -43.0835	  172.4829
10.062	 2.79	 1	 -41.6042	  170.0197
10.069	 2.74	 1	 -40.9761	  178.6767
10.076	 2.39	 1	 -42.3910	  173.1289
10.076	 2.21	 1	 -43.1467	  170.4537
10.081	 2.43	 1	 -41.9243	  170.8282
10.082	 2.21	 2	 -43.3193	  171.7862
10.093	 2.58	 1	 -45.5377	  173.9657
10.096	 2.00	 1	 -40.5800	  167.6215
10.099	 2.56	 1	 -46.0002	  168.8777
10.104	 2.20	 1	 -43.2193	  171.6994
10.107	 2.47	 3	 -42.9296	  172.5028
10.112	 2.06	 2	 -42.8184	  172.4337
10.121	 2.44	 2	 -42.3622	  172.3370
10.130	 2.24	 1	 -42.9710	  173.9932
10.143	 2.53	 2	 -43.0832	  172.7523
10.146	 2.60	 1	 -38.2803	  174.2014
10.147	 2.42	 1	 -42.5926	  176.9828
10.149	 2.25	 1	 -40.4378	  170.0959
10.157	 2.43	 1	 -38.3321	  173.0173
10.166	 2.39	 2	 -42.7025	  172.6685
10.177	 2.37	 1	 -42.6697	  171.0283
10.182	 2.64	 1	 -40.9360	  168.2454
10.188	 2.16	 2	 -42.8010	  172.4296
10.189	 2.97	 1	 -42.5716	  179.1377
10.190	 2.36	 1	 -41.9902	  176.0939
10.197	 2.15	 1	 -43.6286	  174.4545
10.197	 2.44	 1	 -45.9103	  168.7488
10.198	 3.03	 1	 -42.8292	  172.0835
10.206	 2.17	 1	 -41.9705	  171.9631
10.213	 2.61	 2	 -42.9952	  172.3309
10.213	 2.85	 1	 -41.3475	  172.3152
10.225	 2.63	 1	 -43.1289	  172.6479
10.231	 2.19	 2	 -42.8922	  172.7780
10.232	 2.02	 2	 -43.0149	  173.1841
10.240	 2.22	 1	 -42.9198	  170.2502
10.243	 2.03	 1	 -41.7863	  174.2648
10.250	 2.00	 1	 -44.3681	  167.3449
10.250	 2.13	 1	 -42.9183	  173.3558
10.251	 2.42	 1	 -38.7442	  175.9497
10.263	 2.91	 1	 -42.4236	  173.1432
10.270	 2.05	 1	 -42.3239	  174.0462
10.270	 2.25	 1	 -43.8296	  178.9411
10.277	 2.41	 1	 -43.8101	  172.4603
10.277	 2.67	 1	 -45.7113	  173.6282
10.279	 2.48	 1	 -41.7222	  174.0123
10.281	 2.55	 2	 -43.4604	  171.9269
10.292	 2.64	 2	 -42.7465	  172.8076
10.293	 2.03	 1	 -40.0689	  173.1241
10.294	 2.60	 1	 -42.3802	  171.7672
10.295	 2.28	 1	 -41.8821	  172.1215
10.298	 2.12	 2	 -42.4221	  173.4376
10.299	 2.05	 1	 -42.5064	  173.0761
10.313	 2.06	 1	 -43.0779	  175.3647
10.314	 2.02	 1	 -42.2588	  179.1114
10.323	 2.30	 1	 -42.1385	  179.0933
10.323	 2.38	 2	 -42.8708	  172.8179
10.323	 4.74	 2	 -42.7863	  172.4729
10.325	 3.39	 2	 -43.4030	  172.9456
10.327	 2.02	 3	 -42.7952	  172.4830
10.328	 2.26	 1	 -43.3112	  175.1417
10.328	 2.29	 3	 -42.4925	  172.4840
10.331	 2.22	 3	 -42.9687	  172.3287
10.345	 2.09	 1	 -42.8519	  176.7773
10.347	 2.66	 1	 -43.1903	  171.4730
10.348	 2.70	 1	 -39.8881	  168.2399
10.348	 2.13	 1	 -38.7488	  170.0832
10.349	 2.12	 1	 -43.1565	  171.8912
10.355	 2.26	 2	 -42.9210	  172.5719
10.365	 2.17	 2	 -42.7400	  173.6533
10.380	 2.14	 1	 -42.7780	  169.8334
10.383	 2.89	 2	 -38.1980	  173.6865
10.394	 2.35	 1	 -42.9356	  173.5600
10.400	 2.01	 2	 -42.7348	  173.0786
10.408	 2.11	 1	 -40.3116	  176.0824
10.409	 2.21	 1	 -40.8479	  173.5651
10.409	 2.44	 1	 -39.8487	  173.7397
10.411	 2.03	 1	 -47.0652	  174.4483
10.416	 2.67	 1	 -42.6378	  172.2897
10.416	 2.18	 1	 -42.2518	  172.3642
10.420	 3.27	 1	 -45.9476	  168.8014
10.429	 2.02	 1	 -42.6963	  174.9659
10.429	 2.61	 2	 -43.0318	  172.6552
10.430	 2.63	 2	 -43.1105	  173.1005
10.431	 2.67	 1	 -45.2659	  172.1597
10.436	 2.02	 1	 -41.8777	  175.9663
10.441	 3.33	 2	 -43.0732	  172.0316
10.442	 2.43	 1	 -42.4522	  174.1740
10.444	 2.02	 2	 -43.2166	  173.4429
10.444	 2.49	 1	 -44.6762	  171.3742
10.457	 2.48	 1	 -43.2508	  172.6907
10.458	 2.18	 1	 -44.1647	  168.7834
10.484	 2.01	 3	 -43.0055	  172.7821
10.489	 2.26	 1	 -46.9651	  171.1151
10.490	 2.26	 1	 -44.2889	  176.8124
10.499	 2.19	 1	 -47.1752	  172.5400
10.511	 2.29	 2	 -42.7858	  172.6496
10.519	 2.93	 1	 -41.7442	  174.8077
10.528	 2.07	 1	 -41.8975	  173.9061
10.534	 2.66	 2	 -42.8511	  172.7216
10.537	 3.35	 2	 -42.1149	  172.0656
10.539	 2.08	 1	 -42.7287	  175.3473
10.547	 2.03	 1	 -41.3162	  172.9925
10.556	 2.67	 2	 -42.8462	  172.7345
10.569	 2.71	 2	 -43.4850	  173.1725
10.570	 2.11	 2	 -42.8443	  173.0863
10.571	 2.28	 2	 -42.8356	  172.6353
10.572	 3.05	 1	 -44.9326	  171.0764
10.575	 2.26	 3	 -42.8537	  173.1123
10.608	 3.59	 1	 -41.5623	  171.6584
10.608	 3.56	 1	 -41.7448	  174.9608
10.613	 2.62	 2	 -44.3143	  175.9921
10.631	 3.31	 1	 -42.2687	  171.1762
10.641	 2.22	 1	 -42.6814	  172.7498
10.649	 2.23	 1	 -41.9378	  174.0593
10.657	 2.16	 1	 -44.3178	  171.2527
10.658	 2.93	 1	 -41.8987	  173.2964
10.658	 2.25	 2	 -44.2901	  171.1754
10.667	 3.04	 1	 -45.8334	  168.6441
10.669	 2.17	 2	 -42.8055	  172.7110
10.708	 2.64	 2	 -42.9705	  172.8002
10.725	 2.50	 1	 -38.7245	  170.8312
10.725	 2.25	 2	 -42.9159	  171.9497
10.734	 2.36	 1	 -42.3595	  172.8645
10.736	 2.53	 1	 -41.8971	  175.3390
10.741	 2.40	 1	 -41.4932	  171.4676
10.757	 2.22	 1	 -46.9494	  174.3773
10.758	 3.06	 1	 -42.1101	  166.9559
10.764	 2.14	 1	 -42.5029	  173.1091
10.766	 2.16	 1	 -42.4711	  174.0698
10.772	 2.20	 1	 -46.8961	  175.1945
10.779	 2.15	 2	 -42.8692	  172.7722
10.783	 2.15	 2	 -44.0398	  171.3262
10.788	 2.03	 1	 -42.4758	  170.3871
10.792	 2.24	 1	 -45.0544	  178.2281
10.792	 2.43	 1	 -44.5361	  172.9356
10.796	 2.13	 1	 -42.1010	  169.6404
10.798	 2.02	 1	 -39.1965	  176.8696
10.812	 2.20	 2	 -42.8068	  172.7412
10.817	 2.41	 2	 -43.0086	  172.6736
10.825	 3.80	 1	 -42.3376	  173.8163
10.830	 2.19	 2	 -42.7873	  172.8195
10.831	 2.15	 2	 -43.1210	  172.9324
10.847	 2.02	 1	 -38.9031	  176.3155
10.849	 2.21	 1	 -43.4208	  171.0459
10.850	 2.10	 1	 -47.0785	  174.3711
10.872	 2.11	 1	 -41.8452	  174.2354
10.880	 2.70	 1	 -41.6559	  174.2353
10.881	 2.05	 2	 -42.9566	  172.8435
10.883	 2.79	 1	 -42.6541	  172.7611
10.885	 3.24	 1	 -43.1452	  166.9354
10.890	 2.17	 1	 -44.0659	  167.1967
10.894	 2.23	 1	 -42.0109	  174.1239
10.900	 2.51	 1	 -41.7222	  174.3197
10.904	 2.47	 1	 -45.6990	  168.4729
10.912	 2.08	 3	 -42.8419	  172.7347
10.912	 3.00	 1	 -40.9448	  172.1112
10.916	 2.69	 1	 -45.6267	  177.6581
10.922	 2.09	 1	 -47.1680	  173.6144
10.930	 2.74	 1	 -41.4222	  171.6029
10.932	 2.43	 1	 -39.3968	  173.2171
10.934	 2.18	 1	 -41.6551	  174.1526
10.959	 2.32	 1	 -47.0876	  171.7292
10.962	 2.87	 1	 -41.3486	  178.1434
10.962	 2.55	 1	 -43.7846	  168.9553
10.982	 2.41	 1	 -42.2834	  173.8256
10.993	 2.25	 2	 -42.8366	  172.8382
11.009	 3.21	 1	 -44.4498	  173.9889
11.012	 2.03	 1	 -41.4034	  178.8831
11.036	 2.34	 1	 -44.2920	  178.7398
11.038	 2.10	 1	 -41.7648	  174.4460
11.038	 2.01	 1	 -46.1390	  169.0927
11.041	 3.53	 1	 -41.0694	  173.3005
11.041	 2.18	 2	 -41.0698	  173.3019
11.048	 2.47	 2	 -43.0476	  173.3504
11.051	 2.00	 2	 -45.3600	  172.9136
11.062	 2.13	 1	 -43.0423	  170.7161
11.062	 4.61	 1	 -38.2215	  172.3706
11.063	 2.18	 1	 -41.7814	  171.4326
11.080	 2.04	 2	 -42.8415	  173.6806
11.091	 2.68	 1	 -43.8105	  171.8752
11.092	 2.11	 1	 -43.3911	  172.5811
11.106	 2.07	 1	 -42.3431	  174.2477
11.120	 2.88	 1	 -43.0953	  173.5983
11.122	 2.15	 2	 -43.0443	  172.9238
11.132	 2.29	 1	 -41.4135	  174.4869
11.163	 2.43	 2	 -42.3208	  173.9966
11.166	 2.24	 2	 -42.7724	  172.5391
11.166	 2.04	 1	 -42.2043	  173.0686
11.166	 2.83	 2	 -42.7796	  172.2451
11.167	 2.33	 1	 -43.9666	  171.7189
11.167	 2.04	 1	 -45.1303	  178.1629
11.172	 4.53	 1	 -42.0687	  172.2245
11.172	 3.00	 2	 -42.1261	  172.2678
11.174	 2.01	 1	 -42.3725	  173.6450
11.187	 2.50	 2	 -42.0575	  172.1833
11.194	 3.58	 2	 -42.9156	  172.7919
11.204	 2.02	 2	 -43.0851	  172.4272
11.216	 2.24	 2	 -43.4728	  172.4212
11.228	 2.13	 1	 -44.0396	  167.1853
11.242	 2.30	 1	 -41.9901	  174.7579
11.249	 2.30	 2	 -42.5477	  172.7683
11.253	 2.85	 2	 -42.9502	  172.6616
11.263	 2.08	 1	 -42.4992	  173.2960
11.277	 2.47	 1	 -39.1743	  176.8320
11.277	 2.11	 1	 -47.1724	  173.5494
11.292	 2.84	 2	 -38.2232	  172.3646
11.292	 2.80	 2	 -42.8633	  173.2486
11.295	 2.05	 1	 -42.3477	  173.6708
11.295	 3.57	 1	 -42.9905	  172.1272
11.300	 2.14	 1	 -43.6305	  175.3729
11.308	 2.01	 2	 -42.7906	  172.7852
11.312	 2.11	 1	 -42.2353	  173.5692
11.335	 3.20	 1	 -43.5347	  176.3925
11.335	 2.36	 1	 -38.6995	  175.8353
11.336	 3.87	 1	 -43.5914	  172.3423
11.340	 2.11	 1	 -42.1022	  179.0870
11.343	 3.01	 1	 -40.0723	  172.8555
11.344	 2.10	 1	 -43.4014	  173.1105
11.345	 2.10	 1	 -43.9817	  173.6416
11.356	 2.44	 1	 -40.1836	  170.6983
11.360	 2.07	 1	 -40.8296	  167.4541
11.378	 3.29	 1	 -39.5062	  173.2070
11.384	 2.03	 1	 -45.3108	  177.9959
11.392	 2.02	 1	 -38.7573	  170.0621
11.395	 2.28	 1	 -45.3399	  171.7745
11.395	 2.66	 1	 -45.8518	  173.7021
11.401	 2.16	 2	 -42.0761	  172.2037
11.411	 2.31	 1	 -46.8057	  175.4942
11.415	 2.79	 1	 -39.3543	  177.1208
11.415	 2.03	 2	 -42.9083	  172.5539
11.429	 2.95	 2	 -42.7613	  172.6193
11.430	 2.18	 1	 -42.1581	  173.4328
11.433	 2.30	 1	 -43.2481	  170.8323
11.435	 2.35	 2	 -42.8499	  173.0491
11.445	 2.34	 1	 -42.2504	  172.8334
11.447	 3.01	 1	 -42.1433	  171.4630
11.448	 2.05	 1	 -45.0302	  178.2482
11.451	 2.27	 2	 -42.8834	  172.7691
11.452	 2.40	 1	 -44.4055	  167.3656
11.471	 2.33	 2	 -42.8831	  172.6242
11.486	 2.08	 1	 -41.7460	  174.2093
11.490	 2.05	 1	 -46.6768	  170.1862
11.509	 2.35	 1	 -39.5737	  168.6151
11.520	 2.61	 1	 -39.6565	  173.1578
11.522	 2.22	 3	 -42.8630	  173.2445
11.524	 2.24	 1	 -42.3124	  172.0316
11.540	 2.12	 1	 -45.3480	  170.4229
11.548	 2.97	 1	 -44.9434	  177.3172
11.559	 2.99	 1	 -45.0872	  172.6000
11.563	 2.04	 1	 -43.0432	  166.9230
11.573	 2.02	 1	 -42.4481	  179.1309
11.574	 2.47	 1	 -39.2295	  169.1198
11.576	 2.10	 1	 -46.7350	  175.7013
11.577	 2.00	 1	 -47.1701	  172.4590
11.581	 2.07	 2	 -43.1088	  172.4373
11.585	 2.23	 1	 -43.4044	  166.9815
11.589	 2.08	 1	 -43.6102	  172.7502
11.592	 2.54	 1	 -42.7119	  173.6277
11.594	 2.22	 1	 -44.2131	  177.8678
11.598	 3.60	 1	 -42.6752	  172.7926
11.611	 2.39	 1	 -47.1712	  172.4762
11.634	 2.46	 1	 -42.1503	  172.8972
11.645	 2.00	 2	 -41.9830	  172.3640
11.651	 2.26	 1	 -41.9715	  174.1460
11.659	 2.30	 1	 -43.0851	  174.8115
11.661	 2.04	 1	 -43.0323	  179.1225
11.666	 2.09	 1	 -40.7373	  173.5749
11.672	 2.14	 1	 -40.4920	  172.1138
11.680	 2.22	 1	 -42.1553	  173.6103
11.682	 2.08	 1	 -42.2363	  170.8652
11.716	 2.99	 2	 -42.8077	  171.6259
11.728	 2.12	 1	 -42.1466	  172.0933
11.728	 2.15	 1	 -40.9488	  173.9712
11.729	 2.10	 1	 -42.9705	  173.2810
11.744	 2.38	 3	 -42.9678	  172.7961
11.753	 2.10	 1	 -43.0389	  174.2460
11.754	 3.00	 1	 -44.3270	  170.9452
11.774	 2.61	 1	 -39.1669	  169.2249
11.779	 2.14	 1	 -42.3468	  173.8228
11.782	 2.36	 2	 -39.1739	  169.2229
11.786	 3.68	 1	 -42.0614	  173.7500
11.788	 2.12	 1	 -43.2437	  173.9320
11.806	 2.35	 1	 -46.0208	  173.4886
11.818	 2.20	 1	 -40.2859	  167.8543
11.819	 2.66	 1	 -43.0345	  170.5355
11.830	 2.39	 2	 -42.8296	  172.6183
11.835	 2.13	 2	 -42.9269	  172.6730
11.878	 2.17	 1	 -41.3537	  178.8625
11.884	 2.07	 1	 -41.6192	  174.3809
11.888	 2.36	 1	 -41.2236	  175.8547
11.891	 2.30	 1	 -41.4706	  171.6250
11.902	 2.21	 1	 -45.5740	  175.8458
11.920	 2.11	 1	 -42.2107	  173.6151
11.925	 2.16	 1	 -44.8862	  168.0184
11.946	 2.09	 1	 -46.4218	  172.9657
11.949	 2.07	 2	 -43.3257	  170.7368
11.963	 2.06	 1	 -44.7704	  175.4371
11.963	 2.38	 1	 -42.8253	  179.1373
11.970	 2.10	 2	 -43.0948	  172.3870
11.976	 2.63	 1	 -45.1303	  172.8615
11.985	 2.41	 1	 -38.3435	  171.4679
11.995	 2.00	 1	 -42.6703	  174.0627
11.996	 2.48	 1	 -43.7089	  167.0627
11.998	 2.01	 2	 -42.8093	  172.7536
11.999	 2.02	 1	 -43.8972	  172.1378
12.015	 2.04	 2	 -42.0233	  166.6823
12.019	 2.11	 1	 -42.1719	  173.8837
12.019	 2.03	 1	 -40.8133	  173.5589
12.039	 2.03	 2	 -42.8112	  172.7212
12.053	 2.32	 1	 -45.0210	  178.2558
12.069	 2.47	 2	 -42.8815	  172.7600
12.097	 2.44	 1	 -42.3913	  166.9181
12.102	 2.18	 1	 -40.7952	  167.4756
12.103	 2.97	 1	 -46.2996	  176.6750
12.105	 2.07	 1	 -39.6009	  173.5624
12.105	 2.24	 1	 -43.5592	  172.5001
12.113	 2.21	 1	 -47.1448	  172.1655
12.116	 2.01	 1	 -42.7123	  173.7263
12.135	 2.11	 2	 -43.1620	  172.7400
12.137	 2.15	 1	 -45.1598	  167.9075
12.144	 2.20	 2	 -42.9916	  172.8680
12.145	 2.04	 2	 -42.5648	  171.6991
12.150	 2.25	 1	 -43.3709	  174.0877
12.155	 2.25	 1	 -44.4176	  171.3249
12.159	 2.46	 2	 -44.0448	  175.2621
12.171	 2.08	 1	 -40.0401	  169.7721
12.175	 2.55	 1	 -43.0506	  174.0657
12.176	 2.27	 1	 -45.3988	  177.9079
12.177	 2.62	 1	 -40.9594	  168.5892
12.181	 2.10	 1	 -41.4330	  172.5893
12.181	 2.17	 2	 -43.3169	  173.5486
12.188	 2.81	 2	 -42.9409	  173.1395
12.202	 2.62	 1	 -43.9360	  178.6646
12.208	 3.88	 2	 -42.9668	  173.9138
12.218	 2.30	 1	 -47.0672	  174.4372
12.239	 2.47	 2	 -43.0462	  173.2075
12.246	 2.32	 2	 -42.9493	  172.7321
12.247	 2.12	 1	 -46.3966	  171.9604
12.247	 2.19	 2	 -42.9305	  172.4519
12.253	 3.99	 1	 -43.6925	  171.7944
12.253	 2.44	 2	 -43.6933	  171.7987
12.280	 2.37	 1	 -41.3677	  173.3636
12.286	 2.04	 1	 -42.6079	  172.7595
12.288	 2.02	 1	 -42.2916	  173.6907
12.305	 2.42	 2	 -42.8913	  172.5316
12.306	 2.04	 1	 -41.2924	  167.2085
12.309	 2.13	 2	 -43.2653	  173.5753
12.335	 2.21	 1	 -42.1943	  172.2867
12.346	 2.06	 1	 -40.8114	  171.4911
12.348	 2.50	 1	 -43.0324	  166.9218
12.353	 2.20	 1	 -47.0934	  174.2780
12.361	 2.50	 1	 -44.3345	  170.9040
12.371	 2.19	 1	 -42.0407	  173.6584
12.399	 2.02	 1	 -47.0965	  171.7864
12.424	 2.17	 1	 -42.3727	  173.9398
12.426	 2.03	 2	 -43.3242	  172.9816
12.427	 2.93	 2	 -42.8390	  172.7781
12.434	 2.33	 1	 -41.7714	  174.6503
12.438	 2.06	 2	 -42.8680	  172.9118
12.442	 2.37	 1	 -44.0273	  170.3152
12.450	 2.07	 1	 -40.6656	  177.5649
12.462	 2.69	 1	 -45.2114	  172.6926
12.476	 2.11	 1	 -41.3232	  174.2156
12.487	 2.02	 1	 -44.4052	  173.7490
12.488	 2.50	 1	 -41.9167	  174.5156
12.535	 2.00	 1	 -43.2391	  171.9627
12.537	 2.42	 1	 -44.3179	  170.7516
12.554	 2.34	 1	 -42.4229	  173.7806
12.569	 2.14	 1	 -41.7863	  174.3234
12.571	 2.29	 2	 -42.9445	  172.9180
12.576	 2.65	 1	 -43.8005	  174.3771
12.579	 2.14	 1	 -43.0306	  170.7740
12.600	 2.18	 1	 -41.4642	  169.9586
12.603	 2.45	 1	 -38.3659	  174.6884
12.608	 2.98	 1	 -42.5634	  171.3137
12.619	 2.08	 1	 -43.9016	  173.3380
12.634	 2.08	 1	 -43.2118	  174.9011
12.645	 2.05	 2	 -42.1687	  172.1452
12.646	 2.49	 1	 -41.5865	  174.9696
12.649	 2.68	 1	 -41.7956	  176.7869
12.685	 2.86	 2	 -43.4339	  171.6914
12.685	 2.16	 1	 -44.8553	  178.3858
12.695	 2.01	 2	 -42.7694	  173.5751
12.696	 3.13	 1	 -42.3754	  174.0922
12.701	 2.18	 1	 -38.9105	  175.2028
12.719	 2.69	 1	 -39.0187	  169.4945
12.729	 2.08	 1	 -42.0429	  173.7783
12.745	 2.00	 2	 -42.2049	  172.7353
12.753	 2.49	 2	 -42.6394	  173.3905
12.758	 2.01	 1	 -41.7594	  169.8235
12.762	 3.71	 1	 -45.0461	  173.4260
12.787	 2.24	 1	 -40.9306	  167.3936
12.790	 2.22	 2	 -43.0663	  173.0780
12.792	 2.47	 1	 -42.5542	  179.1371
12.814	 3.27	 1	 -41.1344	  178.7609
12.816	 2.55	 1	 -42.4384	  173.7800
12.821	 2.73	 1	 -47.0768	  171.6632
12.823	 2.85	 1	 -44.8676	  178.3766
12.830	 2.84	 1	 -41.0263	  177.9747
12.832	 3.20	 1	 -41.0724	  170.8787
12.840	 2.55	 1	 -41.5348	  176.2751
12.841	 2.46	 1	 -44.0285	  170.5326
12.846	 2.32	 1	 -41.9066	  173.9973
12.849	 2.91	 1	 -46.5865	  176.0816
12.850	 2.09	 1	 -42.6817	  172.3243
12.852	 2.12	 1	 -42.2607	  175.2047
12.856	 2.10	 1	 -44.1152	  170.6536
12.865	 3.36	 1	 -41.5923	  173.2966
12.866	 3.49	 1	 -42.4975	  173.9092
12.884	 2.09	 2	 -42.9580	  172.6666
12.885	 2.27	 1	 -44.0450	  175.2878
12.885	 2.51	 1	 -41.0300	  173.3832
12.892	 2.44	 1	 -42.1413	  173.6380
12.927	 2.26	 1	 -42.0862	  173.1165
12.930	 2.49	 1	 -38.4301	  171.0735
12.956	 2.04	 1	 -42.2601	  174.5147
12.960	 2.20	 2	 -42.7727	  172.2951
12.971	 2.54	 1	 -43.6100	  175.8760
12.979	 3.45	 1	 -43.4089	  172.2846
12.980	 2.57	 1	 -41.3900	  170.7638
12.998	 2.34	 1	 -44.8010	  167.6186
13.006	 2.05	 2	 -42.8948	  172.6550
13.009	 2.09	 1	 -41.6334	  172.7582
13.009	 2.15	 1	 -41.7792	  174.9167
13.014	 2.35	 2	 -43.0278	  172.6773
13.029	 2.01	 1	 -42.0936	  173.6956
13.032	 2.15	 1	 -41.6134	  174.4930
13.038	 2.22	 1	 -38.2110	  173.5231
13.040	 2.31	 1	 -43.6250	  179.0070
13.062	 2.24	 1	 -42.7984	  171.4957
13.076	 2.64	 1	 -41.7270	  174.3282
13.087	 3.95	 2	 -42.9257	  172.3453
13.090	 2.67	 1	 -38.4672	  174.9680
13.094	 2.31	 1	 -41.3853	  170.8512
13.099	 2.60	 1	 -42.6802	  173.0571
13.101	 2.22	 1	 -41.9784	  166.9820
13.111	 2.20	 1	 -42.5870	  172.3274
13.115	 2.15	 1	 -42.8610	  179.1357
13.118	 2.25	 1	 -44.8975	  178.3539
13.123	 2.28	 1	 -43.9360	  173.9359
13.125	 2.08	 1	 -45.6907	  172.2110
13.131	 2.25	 1	 -43.0364	  172.1782
13.146	 2.17	 1	 -40.3714	  170.0840
13.160	 2.94	 1	 -43.8299	  171.9040
13.178	 2.17	 1	 -39.4747	  177.2955
13.180	 2.08	 1	 -45.5351	  172.1055
13.184	 2.28	 1	 -42.9321	  173.0218
13.198	 3.02	 1	 -42.9100	  176.0625
13.201	 2.68	 1	 -43.2369	  171.6166
13.202	 2.24	 1	 -43.8641	  174.3145
13.228	 2.35	 1	 -42.2043	  168.0387
13.250	 2.65	 1	 -44.9759	  172.9175
13.253	 2.26	 2	 -43.2115	  173.3859
13.256	 2.77	 2	 -42.7949	  172.9010
13.256	 4.74	 1	 -42.2646	  173.5890
13.260	 3.14	 2	 -42.2584	  173.6177
13.280	 2.76	 1	 -43.6943	  173.6574
13.288	 3.09	 1	 -42.6240	  173.3250
13.288	 2.52	 2	 -42.2698	  173.5795
13.290	 2.51	 1	 -43.4765	  171.7782
13.302	 2.16	 1	 -42.1519	  173.6334
13.302	 2.16	 1	 -47.0000	  174.7778
13.324	 2.87	 1	 -45.5103	  174.7642
13.337	 2.37	 2	 -45.6886	  172.2246
13.339	 2.19	 1	 -39.8271	  168.3074
13.359	 2.38	 1	 -43.6294	  172.0843
13.365	 2.49	 1	 -39.7418	  173.6324
13.365	 2.10	 2	 -43.1003	  172.3427
13.371	 4.13	 3	 -42.7741	  172.4886
13.381	 2.02	 1	 -43.2140	  171.7717
13.393	 2.51	 1	 -41.1399	  173.8971
13.395	 2.16	 2	 -42.9944	  172.6452
13.399	 2.54	 1	 -46.6263	  175.9859
13.412	 2.72	 1	 -42.6229	  174.0330
13.413	 2.10	 1	 -43.0979	  178.8132
13.413	 2.49	 2	 -42.9062	  172.6997
13.433	 2.02	 2	 -43.5472	  172.5185
13.446	 2.29	 1	 -44.0550	  169.0374
13.450	 2.40	 2	 -42.2647	  173.6056
13.450	 2.83	 1	 -38.5020	  170.8038
13.450	 2.75	 1	 -42.3135	  175.9345
13.459	 2.26	 1	 -41.7834	  174.4355
13.464	 2.36	 2	 -42.2383	  173.6033
13.466	 2.26	 1	 -43.8674	  167.2362
13.472	 2.20	 2	 -43.6147	  173.3372
13.473	 2.07	 1	 -42.0177	  173.7193
13.498	 2.18	 1	 -44.4050	  172.4165
13.505	 2.75	 1	 -41.7806	  170.9626
13.524	 3.26	 1	 -43.8818	  174.1319
13.526	 2.05	 1	 -42.2202	  173.6823
13.534	 2.70	 1	 -43.3652	  173.7586
13.535	 2.13	 1	 -43.8582	  172.5184
13.537	 2.03	 1	 -43.6659	  172.4464
13.546	 2.08	 2	 -42.9309	  173.0104
13.548	 2.16	 1	 -39.2786	  169.0405
13.561	 2.97	 2	 -42.7299	  173.1304
13.566	 2.76	 1	 -44.8962	  167.6893
13.576	 2.09	 2	 -43.2917	  171.9352
13.586	 3.05	 1	 -41.7244	  175.5516
13.591	 2.54	 1	 -41.8522	  174.0588
13.599	 2.49	 2	 -41.6644	  173.1598
13.612	 2.13	 1	 -46.7504	  175.6578
13.641	 2.25	 1	 -40.5175	  178.3767
13.651	 2.11	 1	 -44.7389	  167.5746
13.668	 2.07	 2	 -42.7577	  172.9532
13.675	 2.18	 1	 -42.2704	  174.6201
13.680	 2.04	 1	 -42.3463	  174.0390
13.694	 2.68	 2	 -43.1806	  172.6723
13.702	 3.01	 1	 -40.1361	  167.9893
13.712	 2.33	 1	 -42.1447	  172.5290
13.725	 2.08	 1	 -42.6195	  171.3616
13.729	 2.00	 1	 -42.7848	  173.0120
13.729	 2.16	 1	 -45.5100	  173.5700
13.732	 2.06	 1	 -43.0691	  174.8036
13.739	 2.76	 3	 -42.2596	  173.6166
13.741	 2.07	 1	 -46.6320	  170.0725
13.742	 2.35	 1	 -42.1412	  173.8572
13.753	 4.25	 1	 -41.1515	  171.7546
13.753	 2.10	 2	 -41.1700	  171.9496
13.766	 2.12	 1	 -42.5656	  179.1375
13.780	 2.99	 1	 -39.7981	  175.8964
13.795	 2.08	 1	 -41.7279	  174.5232
13.802	 2.24	 1	 -42.9084	  166.9114
13.809	 3.90	 1	 -42.7393	  172.8876
13.811	 2.12	 1	 -43.7346	  167.0709
13.818	 2.04	 1	 -44.1620	  173.9694
13.823	 2.15	 1	 -42.8923	  172.0421
13.824	 3.18	 1	 -42.4089	  173.8300
13.828	 2.13	 1	 -43.0202	  171.6428
13.854	 2.24	 2	 -42.7787	  172.9119
13.867	 2.29	 1	 -40.0563	  177.9782
13.868	 2.10	 1	 -46.9860	  174.8400
13.878	 2.34	 1	 -41.5152	  169.3387
13.886	 2.31	 1	 -42.1689	  173.7193
13.886	 2.12	 1	 -40.7733	  175.2452
13.889	 2.14	 2	 -42.9217	  172.6656
13.895	 2.19	 3	 -42.8876	  172.4361
13.898	 2.11	 1	 -47.1788	  173.4364
13.906	 2.45	 1	 -43.8060	  171.8546
13.912	 2.52	 2	 -46.1907	  168.5154
13.912	 4.43	 1	 -46.6934	  174.5400
13.933	 2.10	 1	 -42.8132	  168.1644
13.936	 2.22	 1	 -43.4510	  172.1765
13.943	 3.19	 1	 -42.1549	  173.6372
13.956	 2.01	 1	 -40.1604	  168.9473
13.958	 2.00	 2	 -43.3971	  172.1781
13.962	 2.00	 1	 -42.1342	  171.2538
14.000	 2.58	 1	 -41.3283	  170.4342
