# Simulation 839
# RelativeTime(days) Magnitude Generation Latitude Longitude
Time Mag Gen Lat Lon
7.002	 2.27	 1	 -39.3434	  169.7735
7.010	 2.68	 1	 -40.2695	  177.1478
7.020	 3.12	 1	 -41.7382	  179.0006
7.034	 2.23	 1	 -40.3508	  178.2449
7.036	 2.11	 1	 -38.1969	  173.1479
7.049	 2.06	 1	 -44.5042	  178.6214
7.050	 2.48	 1	 -45.8737	  168.6984
7.051	 2.47	 1	 -43.1484	  179.1084
7.058	 2.32	 1	 -41.6789	  171.6018
7.069	 2.31	 1	 -41.2058	  178.7959
7.073	 2.30	 1	 -39.6915	  177.5781
7.086	 2.64	 1	 -40.9057	  178.6362
7.093	 2.72	 1	 -42.9032	  174.2527
7.096	 2.27	 1	 -38.5486	  171.3058
7.100	 2.20	 1	 -41.7166	  178.9941
7.116	 2.45	 1	 -39.5213	  177.3593
7.123	 3.13	 1	 -43.0564	  179.1199
7.127	 2.87	 1	 -41.8556	  174.2041
7.127	 2.89	 1	 -40.9839	  168.9688
7.133	 2.41	 1	 -43.7500	  178.7127
7.149	 2.01	 1	 -39.7495	  168.3967
7.158	 2.06	 1	 -43.2329	  174.0081
7.161	 2.09	 1	 -46.9194	  170.9350
7.162	 2.17	 1	 -38.5148	  170.7594
7.186	 2.13	 1	 -42.0145	  173.6608
7.188	 2.36	 1	 -40.8221	  178.5856
7.189	 2.83	 1	 -40.5603	  178.4084
7.195	 2.11	 1	 -44.5576	  174.4340
7.196	 2.79	 1	 -41.8957	  174.3112
7.200	 2.40	 1	 -46.3010	  169.3719
7.210	 2.24	 1	 -41.1814	  178.7841
7.216	 2.30	 1	 -42.9734	  171.3281
7.218	 2.09	 1	 -41.7551	  171.9822
7.230	 2.48	 1	 -41.1124	  178.0016
7.235	 2.25	 1	 -42.1371	  173.7233
7.239	 2.24	 1	 -43.4106	  170.9167
7.240	 2.40	 1	 -38.9462	  169.6386
7.240	 2.60	 1	 -44.7190	  178.4835
7.241	 2.19	 1	 -45.0724	  178.2129
7.246	 2.25	 1	 -42.5674	  178.8748
7.249	 2.18	 1	 -44.2055	  178.7833
7.257	 2.40	 1	 -43.3437	  172.2105
7.298	 2.37	 1	 -45.6174	  168.3754
7.304	 2.19	 1	 -40.0665	  173.6324
7.319	 2.02	 1	 -39.1094	  169.3260
7.319	 2.26	 1	 -39.2043	  175.7636
7.321	 2.28	 1	 -40.6422	  167.5774
7.359	 2.77	 1	 -41.6755	  174.9043
7.363	 2.52	 1	 -39.4261	  171.6810
7.368	 2.38	 1	 -45.8876	  175.9218
7.374	 2.55	 1	 -43.8354	  173.4048
7.381	 2.87	 1	 -46.7174	  175.3077
7.382	 2.45	 1	 -42.7323	  169.0924
7.385	 2.44	 1	 -45.7815	  169.0158
7.385	 2.85	 1	 -43.5916	  173.6096
7.392	 2.18	 1	 -47.0676	  174.4350
7.393	 2.40	 1	 -44.2350	  177.8423
7.394	 2.36	 1	 -41.9079	  170.6998
7.406	 2.05	 1	 -38.1963	  172.9394
7.406	 2.01	 1	 -42.2067	  173.6399
7.408	 2.57	 1	 -40.2515	  167.8843
7.410	 3.10	 1	 -40.4249	  172.6518
7.414	 2.54	 1	 -45.5697	  176.5481
7.416	 2.33	 1	 -43.2510	  171.6337
7.423	 2.14	 1	 -40.6881	  169.4031
7.423	 2.01	 1	 -45.8826	  168.7105
7.427	 3.03	 1	 -43.6637	  167.0487
7.429	 2.74	 1	 -43.5943	  171.3082
7.436	 3.05	 1	 -40.3994	  176.1340
7.441	 2.26	 1	 -44.0537	  170.1369
7.442	 2.18	 1	 -43.7347	  167.0709
7.462	 2.05	 1	 -38.4989	  170.8147
7.465	 2.00	 1	 -40.2936	  174.8401
7.468	 2.08	 1	 -38.2081	  173.4712
7.476	 2.01	 1	 -45.9508	  177.2383
7.479	 3.37	 1	 -40.2871	  178.1910
7.486	 2.78	 1	 -42.2207	  174.6651
7.497	 2.45	 1	 -41.9579	  170.9001
7.503	 2.13	 1	 -42.1811	  174.2102
7.511	 3.09	 1	 -47.0515	  174.5244
7.515	 3.01	 1	 -40.4972	  178.3613
7.522	 3.09	 1	 -44.2659	  169.7130
7.534	 2.33	 1	 -45.4913	  177.8105
7.536	 2.07	 1	 -38.1960	  173.0538
7.550	 2.86	 1	 -41.5788	  167.0950
7.552	 2.03	 1	 -41.7375	  172.8964
7.579	 2.55	 1	 -44.8437	  167.6498
7.579	 2.61	 1	 -40.9187	  167.4005
7.620	 3.28	 1	 -43.8885	  171.4801
7.620	 2.54	 1	 -47.1647	  172.3850
7.629	 2.12	 1	 -40.9385	  171.3399
7.635	 2.44	 1	 -45.1730	  174.0625
7.638	 2.04	 1	 -42.0876	  173.7569
7.641	 2.33	 1	 -41.8342	  173.7957
7.657	 2.43	 1	 -42.7133	  176.6608
7.664	 2.13	 1	 -42.4973	  172.4506
7.670	 2.48	 1	 -40.1529	  167.9735
7.676	 2.76	 1	 -44.3483	  172.8221
7.679	 2.45	 1	 -42.6032	  171.3677
7.685	 3.63	 1	 -41.0520	  172.1463
7.696	 2.10	 1	 -46.8716	  170.7639
7.697	 2.56	 1	 -42.2158	  169.5494
7.700	 2.03	 1	 -41.4054	  178.8840
7.701	 2.42	 1	 -38.3556	  174.6382
7.708	 2.53	 1	 -42.3970	  173.8316
7.712	 2.20	 1	 -41.2375	  167.2335
7.717	 2.21	 1	 -42.0786	  169.8963
7.730	 3.10	 1	 -46.5948	  173.8668
7.735	 2.03	 1	 -42.4591	  174.8739
7.771	 2.05	 1	 -41.3122	  173.3632
7.772	 2.22	 1	 -43.1089	  173.4598
7.773	 2.02	 1	 -38.6690	  170.2906
7.781	 2.48	 1	 -40.9802	  175.2217
7.792	 3.75	 1	 -41.7744	  174.2213
7.792	 2.52	 1	 -44.4254	  178.6674
7.802	 2.00	 1	 -41.7630	  167.0365
7.805	 2.61	 1	 -45.3259	  172.0236
7.808	 2.06	 1	 -41.2990	  170.5688
7.808	 2.07	 1	 -41.0415	  172.8951
7.815	 2.07	 1	 -47.1783	  172.5977
7.816	 2.10	 1	 -43.5399	  179.0303
7.821	 2.26	 1	 -41.9413	  170.9129
7.827	 2.83	 1	 -43.3985	  176.6373
7.846	 2.29	 1	 -43.7785	  173.2934
7.846	 2.14	 1	 -42.9771	  179.1277
7.863	 3.30	 1	 -40.9662	  175.6654
7.864	 2.58	 1	 -39.4089	  177.2016
7.881	 2.06	 1	 -46.4368	  169.6344
7.903	 3.78	 1	 -43.1626	  170.1487
7.915	 2.02	 1	 -41.0621	  178.2129
7.922	 2.23	 1	 -42.9918	  174.1409
7.933	 2.44	 1	 -43.6676	  167.0499
7.955	 3.27	 1	 -45.2317	  174.8188
7.960	 2.43	 1	 -38.6939	  170.2239
7.975	 2.15	 1	 -42.0934	  179.0854
8.000	 2.36	 1	 -41.6005	  178.9568
8.006	 2.24	 1	 -44.1459	  173.1738
8.007	 2.18	 1	 -47.1822	  173.3617
8.010	 2.15	 1	 -46.5881	  169.9665
8.026	 2.16	 1	 -42.7588	  172.5572
8.033	 2.01	 1	 -44.4294	  167.6720
8.041	 2.26	 1	 -42.0615	  173.9686
8.051	 2.13	 1	 -42.1766	  172.8670
8.057	 2.59	 1	 -47.1736	  173.5298
8.058	 2.03	 1	 -41.5450	  173.3832
8.067	 2.18	 1	 -46.2691	  176.7301
8.070	 2.89	 1	 -45.4707	  168.2117
8.088	 2.28	 1	 -46.2027	  169.1985
8.094	 2.28	 1	 -42.1554	  173.5319
8.097	 2.24	 1	 -44.3143	  173.9267
8.109	 2.82	 1	 -44.3288	  172.1026
8.111	 2.02	 1	 -38.2207	  173.6635
8.121	 2.56	 1	 -41.7206	  174.6115
8.126	 2.17	 1	 -37.7619	  174.5693
8.138	 2.30	 1	 -43.0481	  173.9742
8.140	 2.11	 1	 -38.1975	  172.8628
8.143	 2.07	 1	 -43.1972	  166.9430
8.144	 2.24	 1	 -47.0848	  171.7121
8.163	 2.09	 1	 -42.1908	  179.1017
8.167	 2.38	 1	 -47.1521	  173.8053
8.171	 2.62	 1	 -41.8662	  179.0358
8.181	 2.97	 1	 -46.2020	  169.1973
8.190	 3.20	 1	 -45.9146	  177.2896
8.200	 2.29	 1	 -41.1071	  178.7471
8.216	 2.32	 1	 -38.3952	  171.2210
8.235	 2.06	 1	 -38.8944	  176.2970
8.236	 2.05	 1	 -40.5896	  172.0547
8.248	 2.23	 1	 -38.1960	  172.9887
8.251	 2.98	 1	 -41.5669	  173.6034
8.253	 2.24	 1	 -43.9729	  175.4378
8.263	 2.42	 1	 -41.9015	  172.3425
8.264	 2.26	 1	 -43.0867	  170.1736
8.294	 3.78	 1	 -43.9827	  167.7993
8.299	 2.35	 1	 -42.5625	  172.8972
8.305	 2.11	 1	 -46.4904	  176.2974
8.315	 2.44	 1	 -46.8307	  170.6286
8.329	 2.66	 1	 -38.9611	  176.4360
8.329	 2.04	 1	 -44.1846	  168.1346
8.330	 2.72	 1	 -44.9371	  167.7210
8.341	 2.11	 1	 -45.1116	  167.8651
8.350	 2.39	 1	 -41.3433	  169.1803
8.364	 2.07	 1	 -40.7705	  176.9881
8.387	 4.05	 1	 -40.3712	  175.7314
8.403	 3.17	 1	 -44.4353	  167.3825
8.406	 2.75	 1	 -40.5094	  172.7589
8.429	 2.17	 1	 -43.5261	  172.8228
8.442	 2.33	 1	 -43.2016	  172.2838
8.445	 2.01	 1	 -43.4575	  175.0438
8.459	 2.17	 1	 -42.6203	  175.6032
8.472	 2.08	 1	 -38.7881	  176.0566
8.475	 2.59	 1	 -41.6501	  173.4536
8.477	 2.26	 1	 -44.8727	  172.4886
8.491	 3.26	 1	 -38.5622	  170.6038
8.496	 2.15	 1	 -40.7988	  174.6178
8.497	 2.06	 1	 -42.6196	  170.3561
8.520	 2.78	 1	 -38.3094	  171.6564
8.521	 2.02	 1	 -42.0583	  171.9559
8.548	 2.66	 1	 -38.2939	  174.2921
8.560	 2.00	 1	 -43.6194	  172.0925
8.567	 2.85	 1	 -45.7539	  168.5411
8.573	 2.27	 1	 -46.1112	  172.7327
8.578	 2.02	 1	 -46.0735	  174.0436
8.584	 3.69	 1	 -41.1859	  172.0137
8.595	 2.03	 1	 -41.3079	  171.0705
8.595	 2.18	 1	 -40.1819	  173.5648
8.608	 2.49	 1	 -44.1577	  172.1704
8.608	 2.06	 2	 -38.2759	  174.2940
8.614	 2.90	 1	 -38.3031	  171.6945
8.614	 2.41	 1	 -40.9431	  167.3863
8.616	 2.37	 1	 -40.4225	  178.3032
8.616	 2.30	 2	 -40.4252	  178.2997
8.624	 2.13	 1	 -38.2545	  174.0061
8.626	 2.32	 1	 -41.2625	  169.7696
8.632	 2.46	 1	 -44.6654	  170.2951
8.650	 2.05	 1	 -42.4677	  168.9441
8.684	 2.32	 1	 -43.5487	  171.9210
8.685	 2.23	 1	 -45.1875	  167.9324
8.693	 2.32	 1	 -42.0935	  170.9350
8.702	 2.84	 1	 -38.8966	  169.7426
8.728	 2.08	 1	 -42.2329	  173.5877
8.728	 2.36	 1	 -38.4044	  171.1810
8.732	 2.16	 1	 -45.7991	  168.5992
8.732	 2.19	 1	 -38.4598	  170.9572
8.734	 2.08	 1	 -43.5937	  167.0285
8.734	 2.36	 1	 -42.6961	  175.2978
8.735	 2.46	 1	 -43.6373	  172.8916
8.751	 3.25	 1	 -44.0226	  171.5006
8.753	 2.09	 1	 -41.3165	  172.7101
8.757	 2.87	 1	 -44.5020	  176.7055
8.757	 2.08	 1	 -42.5184	  166.9089
8.758	 2.62	 1	 -44.7215	  167.5625
8.779	 2.05	 1	 -40.8155	  170.5399
8.780	 3.74	 1	 -42.3533	  173.1525
8.790	 2.07	 1	 -42.7725	  172.4880
8.793	 2.62	 1	 -45.0934	  174.8567
8.823	 2.22	 1	 -46.8793	  175.2536
8.830	 2.53	 1	 -41.9492	  166.9885
8.832	 2.22	 1	 -44.5439	  178.5974
8.833	 2.21	 1	 -41.2752	  174.5104
8.834	 2.46	 1	 -44.6374	  169.0542
8.839	 2.73	 1	 -40.5567	  178.4057
8.840	 2.75	 1	 -42.8380	  173.3417
8.856	 2.29	 1	 -45.2458	  176.6270
8.860	 2.63	 2	 -44.0098	  171.6842
8.870	 2.06	 1	 -47.1887	  173.1101
8.873	 3.44	 1	 -40.2682	  172.0075
8.880	 2.15	 1	 -42.2254	  173.5375
8.883	 2.12	 1	 -41.4929	  169.1271
8.891	 2.66	 1	 -42.3792	  166.9192
8.898	 3.13	 1	 -38.5848	  170.5335
8.899	 2.18	 1	 -44.1531	  170.4527
8.900	 2.22	 1	 -42.1740	  179.0991
8.906	 2.24	 1	 -41.2085	  178.7971
8.918	 2.63	 1	 -43.6001	  179.0140
8.922	 2.21	 1	 -45.0375	  167.8021
8.928	 3.62	 1	 -47.0960	  171.7832
8.935	 2.05	 1	 -44.2249	  173.0678
8.935	 2.59	 1	 -38.4268	  171.0871
8.936	 2.10	 1	 -39.2761	  169.0444
8.940	 2.05	 1	 -42.4926	  174.7467
8.968	 2.01	 1	 -40.0273	  168.3384
8.971	 3.21	 1	 -44.6008	  178.5617
9.002	 3.09	 1	 -42.3647	  166.9206
9.004	 2.23	 1	 -43.0325	  179.1224
9.010	 2.28	 1	 -45.2823	  172.7050
9.010	 2.24	 1	 -41.6682	  174.2941
9.020	 2.42	 1	 -38.4459	  175.0336
9.028	 2.29	 1	 -42.9823	  179.1272
9.033	 2.24	 1	 -47.1710	  173.5718
9.044	 2.59	 1	 -42.9525	  174.4626
9.050	 2.88	 1	 -41.5917	  177.6869
9.050	 2.32	 1	 -39.7816	  177.6850
9.051	 2.09	 1	 -43.3122	  177.3884
9.052	 2.49	 1	 -40.6857	  172.7837
9.059	 2.65	 1	 -45.4557	  176.4457
9.073	 2.01	 1	 -43.2821	  179.0871
9.079	 2.01	 1	 -38.3311	  171.5334
9.080	 2.01	 1	 -38.5895	  175.2103
9.082	 2.02	 1	 -42.4366	  174.8781
9.086	 2.05	 1	 -41.8039	  172.1366
9.089	 2.26	 1	 -43.9641	  177.0542
9.095	 2.21	 1	 -40.9938	  177.9605
9.098	 2.04	 1	 -38.3298	  171.5404
9.111	 2.63	 1	 -43.4301	  174.5486
9.111	 2.70	 1	 -39.3894	  168.8710
9.111	 2.35	 1	 -40.3945	  174.9915
9.112	 2.06	 1	 -46.2892	  169.3503
9.118	 2.26	 1	 -45.1799	  167.9256
9.125	 2.73	 1	 -41.9344	  171.2186
9.130	 2.84	 1	 -42.6647	  171.0119
9.130	 3.24	 1	 -39.7886	  168.3512
9.141	 2.77	 1	 -46.2014	  171.2921
9.151	 2.22	 1	 -44.8292	  167.6391
9.152	 2.52	 1	 -43.1209	  174.6445
9.154	 2.04	 1	 -45.2254	  172.3030
9.170	 2.47	 1	 -46.0504	  174.7461
9.188	 4.00	 1	 -39.9838	  169.5161
9.191	 2.01	 1	 -40.3129	  178.2130
9.198	 2.59	 1	 -46.7258	  175.7269
9.203	 2.43	 1	 -43.9400	  167.1445
9.214	 2.10	 1	 -45.2307	  167.9721
9.216	 2.02	 1	 -47.0692	  171.6183
9.216	 2.28	 1	 -39.7641	  170.5304
9.217	 2.22	 1	 -42.3937	  173.9557
9.225	 2.46	 1	 -40.5865	  171.7034
9.228	 2.64	 1	 -42.6731	  173.8284
9.230	 3.28	 1	 -39.9601	  174.6668
9.236	 2.05	 1	 -46.7131	  170.2826
9.255	 2.07	 1	 -42.3416	  169.6917
9.256	 2.95	 1	 -41.9864	  173.6719
9.257	 2.19	 1	 -45.3149	  172.4138
9.272	 2.12	 1	 -42.1592	  173.2466
9.277	 3.42	 1	 -44.2835	  175.8531
9.291	 2.67	 1	 -42.8622	  173.1668
9.298	 2.07	 1	 -38.8162	  176.1226
9.300	 2.71	 1	 -39.4898	  175.2584
9.307	 2.68	 1	 -45.7958	  168.5948
9.312	 2.10	 1	 -45.4225	  168.1609
9.332	 2.01	 1	 -41.6887	  174.2358
9.339	 2.62	 1	 -41.2161	  178.8008
9.350	 2.34	 1	 -39.0370	  169.4597
9.354	 2.23	 1	 -44.0543	  174.3427
9.369	 2.41	 1	 -38.6796	  170.2619
9.377	 2.93	 1	 -46.8796	  170.7916
9.378	 2.52	 1	 -40.6843	  169.2588
9.378	 2.34	 1	 -45.9562	  168.8137
9.389	 2.15	 1	 -42.3086	  166.9267
9.396	 2.56	 1	 -40.3056	  167.8374
9.397	 2.67	 1	 -42.3067	  173.4283
9.398	 2.67	 1	 -43.8125	  173.0852
9.414	 2.20	 1	 -39.9703	  172.3280
9.414	 2.61	 1	 -42.7685	  177.4742
9.429	 2.39	 1	 -43.5985	  179.0145
9.432	 2.68	 1	 -40.2947	  167.8468
9.433	 2.01	 1	 -41.1292	  178.7583
9.447	 3.48	 1	 -42.7083	  172.8548
9.455	 2.77	 1	 -44.1991	  175.7414
9.456	 2.22	 1	 -42.2794	  170.9987
9.460	 2.14	 1	 -46.5531	  169.8854
9.460	 2.17	 1	 -39.8772	  168.2518
9.464	 2.18	 1	 -42.6422	  170.2256
9.466	 2.45	 1	 -41.5154	  167.1177
9.467	 2.14	 1	 -42.8936	  176.4353
9.473	 2.16	 1	 -38.7612	  170.0526
9.481	 2.20	 1	 -42.2885	  179.1152
9.494	 3.14	 1	 -42.5512	  175.7399
9.495	 2.43	 1	 -39.2376	  174.5214
9.501	 2.04	 1	 -43.0257	  173.6081
9.503	 2.60	 1	 -42.9826	  173.0155
9.512	 2.31	 1	 -44.9152	  178.3403
9.514	 2.85	 1	 -42.2150	  172.7909
9.524	 2.46	 1	 -42.2943	  173.3643
9.531	 2.08	 1	 -47.1733	  172.5095
9.556	 2.13	 1	 -38.4668	  175.1135
9.557	 2.23	 1	 -43.0489	  172.8305
9.580	 2.09	 1	 -44.2852	  178.7433
9.582	 2.26	 1	 -38.8279	  176.1497
9.605	 2.27	 1	 -41.8939	  174.7972
9.612	 2.41	 1	 -44.7209	  173.8876
9.627	 2.34	 1	 -46.2458	  169.2729
9.629	 2.04	 1	 -40.9543	  170.5073
9.635	 2.60	 1	 -41.4356	  173.6718
9.639	 3.18	 1	 -41.7422	  174.2494
9.645	 3.62	 1	 -42.9872	  166.9175
9.658	 2.02	 1	 -43.0837	  173.4404
9.660	 2.04	 1	 -42.5173	  173.9554
9.661	 2.55	 1	 -47.1871	  172.8368
9.669	 2.85	 1	 -41.6944	  174.2924
9.701	 2.30	 1	 -44.6713	  178.5157
9.712	 2.67	 1	 -46.8614	  175.3150
9.713	 2.11	 1	 -43.1830	  171.7603
9.716	 2.12	 1	 -46.0518	  174.4174
9.725	 2.24	 1	 -38.1963	  173.1001
9.734	 2.36	 1	 -42.5016	  173.4370
9.745	 2.34	 1	 -38.2624	  174.0701
9.748	 2.24	 1	 -42.4729	  179.1326
9.755	 2.08	 1	 -44.1781	  178.7964
9.759	 2.26	 1	 -46.6422	  175.9464
9.761	 2.01	 1	 -42.6215	  179.1392
9.763	 2.33	 1	 -40.8753	  167.4262
9.769	 2.14	 1	 -40.7849	  178.5621
9.775	 2.77	 1	 -39.8295	  177.7396
9.787	 2.01	 1	 -38.7890	  169.9854
9.788	 2.28	 1	 -40.3535	  167.7972
9.794	 3.80	 1	 -44.4778	  167.4072
9.796	 2.27	 1	 -39.8035	  170.0638
9.809	 2.19	 1	 -42.9577	  173.8352
9.815	 2.29	 1	 -40.7159	  169.8240
9.831	 2.12	 1	 -46.8019	  174.8834
9.836	 2.14	 1	 -43.2337	  172.0017
9.841	 2.30	 1	 -43.1877	  173.2117
9.847	 2.14	 1	 -41.7463	  174.1817
9.874	 2.96	 1	 -45.4290	  177.8767
9.896	 2.57	 2	 -42.9446	  173.7885
9.897	 2.44	 1	 -40.6163	  172.7791
9.898	 2.32	 1	 -46.0759	  177.0518
9.917	 2.26	 1	 -45.2157	  168.7964
9.932	 2.05	 1	 -42.5648	  174.4181
9.939	 2.06	 2	 -44.1587	  172.1759
9.939	 2.03	 1	 -44.3566	  175.4003
9.948	 2.31	 1	 -41.8569	  175.2882
9.959	 2.07	 1	 -39.8556	  177.7688
9.978	 3.34	 1	 -42.3436	  171.2943
9.985	 2.31	 1	 -43.4931	  167.0021
9.986	 2.51	 1	 -46.2616	  176.7435
9.992	 2.03	 1	 -44.9164	  167.7049
10.001	 2.11	 1	 -43.7884	  172.8195
10.005	 2.59	 1	 -44.2404	  178.7660
10.007	 2.12	 1	 -40.2657	  178.1724
10.020	 2.03	 1	 -40.0871	  171.1081
10.028	 2.89	 1	 -42.9679	  176.0319
10.041	 2.68	 1	 -38.9853	  174.2280
10.049	 2.19	 1	 -42.3822	  166.9189
10.057	 3.61	 1	 -40.4998	  167.6811
10.059	 2.13	 2	 -40.5019	  167.7119
10.064	 2.01	 1	 -46.5674	  176.1261
10.073	 2.27	 1	 -46.5208	  176.2313
10.122	 2.59	 1	 -42.6091	  173.0763
10.135	 2.47	 1	 -38.4647	  170.9386
10.146	 2.50	 1	 -40.1383	  167.9871
10.157	 2.03	 1	 -40.8129	  169.2129
10.160	 2.69	 1	 -45.9998	  170.5270
10.162	 2.15	 1	 -40.7348	  167.5146
10.163	 2.58	 1	 -43.6103	  167.0331
10.164	 2.10	 1	 -44.0705	  178.8456
10.183	 2.77	 1	 -39.0306	  170.8782
10.191	 2.14	 1	 -43.0929	  174.0865
10.195	 2.99	 1	 -45.6325	  168.3931
10.202	 2.49	 1	 -46.0672	  177.0652
10.229	 2.09	 1	 -41.1753	  175.0020
10.247	 2.15	 1	 -38.4418	  172.1050
10.268	 2.04	 1	 -44.6111	  170.3394
10.276	 3.32	 1	 -45.3003	  173.8158
10.292	 2.28	 2	 -43.1208	  174.6434
10.322	 3.78	 1	 -46.0166	  168.9021
10.335	 2.37	 1	 -43.6493	  178.9998
10.340	 2.24	 1	 -39.5880	  168.5964
10.375	 2.05	 1	 -42.5909	  169.8778
10.378	 2.32	 1	 -47.1294	  174.0157
10.381	 2.20	 1	 -39.4506	  171.5616
10.397	 2.82	 1	 -42.6419	  173.0128
10.400	 3.27	 1	 -40.9389	  169.6947
10.400	 2.11	 1	 -43.0884	  179.1162
10.402	 2.02	 1	 -45.3314	  175.1604
10.413	 2.85	 1	 -42.3592	  173.7246
10.425	 2.45	 1	 -41.8092	  172.5033
10.441	 2.24	 1	 -45.9070	  168.7442
10.445	 2.74	 1	 -41.9795	  173.1286
10.449	 3.22	 1	 -42.8384	  170.2482
10.469	 2.03	 1	 -42.9501	  173.7135
10.471	 3.18	 1	 -43.6308	  167.0390
10.475	 2.13	 1	 -47.1179	  174.1072
10.481	 2.09	 1	 -46.0114	  168.8944
10.514	 2.37	 1	 -39.7508	  173.3305
10.515	 2.48	 1	 -41.2578	  173.0890
10.526	 2.55	 1	 -42.0945	  167.3763
10.529	 2.03	 1	 -41.7267	  176.4983
10.531	 2.22	 1	 -43.0760	  173.2186
10.534	 2.26	 1	 -43.4409	  176.0952
10.535	 2.20	 1	 -43.9805	  167.1607
10.554	 2.60	 1	 -47.1751	  173.5048
10.554	 2.49	 1	 -42.5783	  173.8194
10.556	 2.22	 1	 -45.0982	  172.6088
10.558	 2.43	 1	 -44.5717	  171.3291
10.561	 2.39	 1	 -41.7405	  173.8701
10.566	 2.69	 1	 -41.9082	  174.1758
10.575	 2.86	 1	 -41.7490	  175.6808
10.581	 2.26	 1	 -41.0531	  171.8723
10.583	 2.59	 1	 -42.6454	  172.3527
10.587	 2.04	 1	 -38.4010	  171.1958
10.594	 2.29	 1	 -46.6366	  170.0840
10.605	 2.24	 1	 -40.4388	  178.3160
10.607	 2.11	 1	 -40.2125	  171.1763
10.622	 2.04	 1	 -42.7802	  167.4941
10.637	 2.12	 1	 -41.7919	  173.0444
10.657	 2.05	 1	 -39.3457	  176.0464
10.666	 2.86	 1	 -43.0593	  169.0915
10.672	 2.34	 1	 -42.6640	  172.8457
10.673	 2.31	 1	 -38.2044	  173.3964
10.675	 2.01	 1	 -46.8567	  170.7135
10.685	 3.24	 1	 -45.9102	  177.2956
10.703	 2.10	 1	 -46.9604	  174.9487
10.732	 2.27	 1	 -47.1805	  173.4021
10.739	 2.10	 1	 -41.8413	  173.3930
10.740	 2.11	 1	 -38.4219	  174.9370
10.747	 2.98	 1	 -40.8913	  175.1212
10.748	 2.93	 1	 -43.9804	  173.5378
10.751	 2.03	 1	 -43.0965	  174.1191
10.770	 2.40	 1	 -41.9148	  168.6686
10.778	 2.52	 1	 -41.3577	  173.3646
10.789	 2.30	 1	 -47.1675	  172.4226
10.798	 3.63	 1	 -39.7104	  171.2368
10.806	 2.45	 1	 -42.6713	  171.8108
10.824	 2.12	 1	 -47.1837	  173.3225
10.827	 2.63	 1	 -44.1584	  174.4344
10.834	 2.01	 1	 -41.8140	  177.0771
10.847	 2.47	 1	 -42.8181	  175.4691
10.848	 3.36	 1	 -39.2242	  175.9957
10.859	 2.30	 1	 -41.1139	  173.9522
10.872	 2.16	 1	 -42.0485	  173.3805
10.876	 2.42	 1	 -39.2831	  175.4811
10.884	 3.22	 1	 -44.0459	  172.4856
10.892	 2.34	 1	 -41.1549	  178.7711
10.897	 2.36	 1	 -43.9981	  178.8764
10.908	 2.06	 1	 -47.0245	  174.6624
10.915	 2.67	 1	 -40.8731	  175.0363
10.930	 2.06	 1	 -43.0073	  172.3614
10.930	 2.44	 1	 -43.3827	  166.9768
10.934	 3.25	 1	 -42.6742	  179.1399
10.942	 2.28	 1	 -38.2003	  172.7521
10.945	 2.09	 1	 -45.9327	  168.7802
10.948	 2.32	 1	 -42.4221	  173.1616
10.975	 3.43	 1	 -42.9712	  174.0058
10.995	 3.22	 1	 -42.0798	  170.8378
11.000	 2.71	 1	 -41.9781	  166.9821
11.001	 2.01	 1	 -43.3086	  168.1962
11.007	 3.25	 1	 -44.6278	  172.5975
11.014	 2.78	 1	 -43.6623	  177.4388
11.014	 2.18	 1	 -38.5587	  175.4295
11.062	 3.44	 1	 -38.3750	  174.7314
11.064	 3.31	 1	 -44.5977	  178.5637
11.067	 2.01	 1	 -39.7038	  168.4513
11.074	 2.33	 1	 -38.2409	  172.1591
11.081	 2.05	 1	 -40.0977	  172.2175
11.100	 2.18	 1	 -40.4380	  176.2554
11.106	 2.35	 1	 -47.1860	  173.2516
11.124	 2.17	 1	 -45.4223	  177.8837
11.124	 2.07	 2	 -44.6223	  172.5972
11.137	 2.36	 1	 -45.7826	  174.5262
11.160	 2.83	 1	 -43.2188	  171.3598
11.162	 2.17	 1	 -44.2050	  172.3711
11.168	 2.58	 1	 -43.9752	  172.5046
11.173	 2.27	 1	 -41.6457	  167.0724
11.192	 2.91	 1	 -40.7816	  178.5600
11.204	 3.05	 1	 -42.1400	  174.2058
11.218	 2.01	 1	 -38.3174	  174.4348
11.219	 2.12	 1	 -41.1484	  178.7679
11.220	 2.11	 1	 -42.6047	  179.1388
11.235	 2.76	 1	 -40.7118	  174.3821
11.238	 2.27	 1	 -44.1655	  173.9330
11.244	 2.47	 1	 -38.2590	  172.0011
11.244	 3.26	 1	 -39.2377	  169.1063
11.258	 2.06	 1	 -46.4818	  176.3159
11.260	 2.28	 1	 -41.7079	  174.1809
11.278	 2.64	 1	 -46.4880	  170.1698
11.291	 2.01	 1	 -39.5491	  177.3967
11.294	 3.75	 1	 -41.9368	  175.4422
11.300	 2.09	 1	 -43.7474	  176.5296
11.309	 2.83	 1	 -46.5529	  176.1594
11.311	 2.26	 1	 -44.5106	  169.2214
11.336	 2.36	 1	 -42.5973	  173.0201
11.351	 2.14	 1	 -40.0247	  168.0974
11.354	 2.27	 1	 -38.2536	  172.0455
11.357	 2.14	 1	 -47.1310	  174.0025
11.358	 2.03	 1	 -42.3287	  175.5059
11.358	 2.04	 1	 -38.9167	  175.2203
11.378	 2.08	 1	 -44.0929	  172.5563
11.378	 2.30	 1	 -42.5270	  169.8596
11.385	 2.34	 1	 -43.5251	  170.9122
11.394	 2.14	 1	 -42.3371	  174.2426
11.399	 3.28	 1	 -38.4465	  171.0085
11.406	 2.04	 1	 -41.1084	  170.5546
11.420	 2.03	 1	 -45.4729	  172.7040
11.428	 2.30	 1	 -44.4780	  171.0009
11.435	 2.90	 1	 -41.4200	  168.1599
11.451	 2.66	 1	 -38.2922	  174.2814
11.465	 2.08	 1	 -42.6421	  172.7814
11.474	 2.10	 1	 -43.8349	  172.3127
11.492	 2.17	 1	 -43.5031	  179.0397
11.494	 2.89	 1	 -47.1136	  174.1387
11.497	 2.41	 1	 -38.6011	  175.5600
11.500	 3.91	 1	 -39.1709	  176.8261
11.504	 2.68	 1	 -43.5044	  170.0841
11.509	 2.09	 1	 -45.4563	  176.6522
11.509	 2.35	 1	 -40.0717	  177.9933
11.517	 3.21	 1	 -43.1145	  179.1130
11.517	 2.68	 1	 -42.3355	  174.5813
11.534	 2.12	 1	 -38.1985	  172.8158
11.535	 3.01	 1	 -46.9048	  170.8810
11.569	 2.11	 1	 -42.7547	  167.3188
11.569	 2.08	 1	 -43.1094	  166.9307
11.576	 2.64	 1	 -46.7978	  175.5182
11.576	 2.16	 1	 -40.1562	  167.9704
11.579	 2.75	 1	 -38.1972	  173.1688
11.598	 2.50	 1	 -43.3404	  173.7290
11.601	 2.22	 1	 -41.7635	  172.2254
11.606	 3.96	 1	 -42.8387	  166.9076
11.626	 2.23	 1	 -43.1610	  177.2247
11.636	 2.05	 1	 -42.6612	  173.5657
11.640	 2.46	 1	 -43.6882	  167.0562
11.659	 2.14	 1	 -44.2529	  175.6154
11.698	 3.17	 1	 -40.7961	  172.9074
11.700	 2.03	 1	 -42.4796	  175.6462
11.705	 2.66	 1	 -45.0488	  178.2327
11.710	 2.38	 1	 -45.0409	  175.8157
11.729	 2.15	 1	 -42.4533	  171.9851
11.737	 2.19	 1	 -44.6047	  173.8423
11.741	 2.27	 1	 -39.6392	  174.1467
11.744	 2.12	 1	 -40.5121	  167.6717
11.756	 2.13	 1	 -42.5112	  175.9011
11.759	 2.78	 1	 -39.0265	  171.6479
11.818	 3.29	 1	 -44.9714	  169.7797
11.853	 2.06	 1	 -43.9397	  174.4405
11.857	 2.89	 1	 -39.2472	  175.5905
11.878	 2.57	 1	 -38.4862	  175.1845
11.878	 2.11	 1	 -38.7039	  175.8467
11.887	 2.18	 1	 -45.7389	  168.5222
11.904	 2.12	 1	 -40.7559	  173.5394
11.930	 5.29	 1	 -43.9342	  176.4764
11.931	 2.27	 2	 -43.9250	  176.2099
11.931	 3.06	 2	 -43.9575	  176.5338
11.936	 2.74	 2	 -43.9632	  176.5218
11.944	 2.44	 1	 -39.9796	  175.5915
11.944	 2.02	 1	 -43.6250	  179.0070
11.970	 2.29	 1	 -42.9281	  173.5737
11.978	 2.20	 1	 -43.8278	  170.9412
11.991	 2.07	 1	 -41.1753	  171.6593
12.006	 2.26	 1	 -44.4697	  167.4024
12.016	 2.13	 1	 -46.4734	  170.8172
12.021	 2.81	 1	 -42.9783	  167.6878
12.028	 3.02	 1	 -41.7730	  174.1669
12.029	 3.06	 1	 -45.5587	  168.3083
12.033	 2.56	 1	 -47.0002	  171.2675
12.035	 2.44	 1	 -41.8036	  173.6481
12.052	 2.33	 2	 -43.9670	  176.4587
12.083	 2.34	 1	 -42.8816	  168.8204
12.097	 2.33	 1	 -46.2779	  169.3299
12.110	 3.86	 1	 -43.7472	  176.1501
12.133	 2.73	 2	 -43.4262	  176.4256
12.159	 2.28	 1	 -40.7619	  167.5135
12.184	 2.24	 1	 -42.8216	  175.1073
12.188	 2.15	 1	 -39.7110	  174.8113
12.193	 2.25	 1	 -45.6469	  168.4100
12.194	 3.15	 1	 -47.1374	  172.0971
12.203	 2.48	 1	 -42.3269	  176.6942
12.203	 2.20	 1	 -43.7556	  173.6416
12.218	 2.28	 1	 -44.5203	  167.4325
12.226	 2.24	 1	 -44.5917	  171.7121
12.247	 2.65	 1	 -43.1270	  166.9330
12.249	 2.34	 1	 -43.8726	  178.7031
12.252	 2.04	 1	 -44.6860	  169.7583
12.258	 2.03	 1	 -43.7934	  167.0905
12.270	 2.96	 1	 -40.7366	  174.2107
12.278	 2.63	 1	 -39.5166	  168.6913
12.280	 2.32	 1	 -40.6349	  178.4618
12.307	 2.44	 1	 -38.2908	  171.7720
12.327	 2.64	 1	 -46.2742	  170.4425
12.330	 2.68	 1	 -45.8293	  174.2347
12.330	 2.05	 1	 -40.8635	  174.7953
12.331	 2.25	 1	 -43.5353	  167.0128
12.343	 2.51	 1	 -44.5596	  172.3080
12.344	 2.04	 2	 -44.0740	  176.5671
12.361	 2.18	 1	 -39.9868	  177.9085
12.362	 2.42	 1	 -44.3658	  175.2670
12.369	 2.60	 1	 -46.9671	  174.9210
12.388	 2.47	 1	 -42.1806	  173.9655
12.389	 2.98	 1	 -42.0084	  170.2254
12.405	 2.33	 1	 -41.8482	  172.7160
12.412	 2.00	 1	 -39.0333	  169.4666
12.451	 2.04	 1	 -46.6023	  170.0004
12.458	 2.43	 1	 -43.6488	  173.3087
12.464	 2.52	 1	 -41.9023	  173.4163
12.473	 2.09	 1	 -43.0760	  173.7446
12.480	 2.28	 1	 -41.8304	  177.3649
12.485	 3.15	 1	 -41.8864	  173.9301
12.505	 2.06	 1	 -46.1330	  169.0830
12.512	 2.58	 1	 -47.1882	  172.8951
12.517	 2.14	 1	 -40.4045	  167.7556
12.528	 2.65	 1	 -44.3742	  170.4733
12.529	 2.17	 1	 -40.0329	  173.1265
12.531	 2.13	 1	 -47.1817	  172.6697
12.531	 2.20	 2	 -44.0232	  176.5621
12.534	 2.42	 1	 -42.0824	  174.6458
12.536	 2.23	 1	 -46.9423	  171.0231
12.582	 2.22	 1	 -40.5983	  178.4359
12.588	 2.49	 1	 -45.2834	  178.0224
12.596	 3.69	 1	 -38.4602	  170.9558
12.615	 2.43	 1	 -39.6692	  169.4230
12.632	 2.12	 1	 -45.1147	  178.1765
12.661	 2.42	 1	 -43.7022	  178.9837
12.672	 2.00	 1	 -46.3553	  176.5710
12.713	 2.54	 1	 -42.5355	  174.5857
12.718	 2.23	 1	 -44.9320	  174.1071
12.743	 2.45	 1	 -41.7206	  174.1951
12.745	 5.73	 1	 -45.9267	  168.7718
12.745	 2.40	 2	 -46.2120	  167.2893
12.746	 2.75	 1	 -41.6936	  172.6924
12.765	 2.25	 1	 -45.9968	  177.1715
12.773	 2.57	 1	 -40.5131	  175.3910
12.827	 2.36	 1	 -45.5862	  173.3191
12.828	 2.66	 1	 -41.5968	  170.8435
12.843	 2.37	 1	 -44.3841	  174.9787
12.852	 2.33	 1	 -41.7825	  174.4138
12.866	 2.33	 1	 -42.8274	  173.6100
12.867	 2.33	 1	 -42.8208	  172.0631
12.870	 2.40	 1	 -45.1929	  167.9374
12.874	 2.35	 1	 -42.2717	  170.7034
12.881	 2.20	 1	 -42.0242	  171.9792
12.882	 2.06	 1	 -38.2373	  172.1947
12.896	 3.65	 1	 -41.9012	  179.0445
12.929	 2.78	 1	 -45.9298	  170.7467
12.934	 2.17	 1	 -39.9980	  177.9198
12.940	 2.20	 1	 -43.7656	  169.4474
12.958	 2.26	 1	 -42.6130	  171.2052
12.964	 2.91	 1	 -39.8286	  175.0532
12.967	 2.36	 1	 -45.1699	  167.9166
12.978	 2.07	 2	 -41.9037	  179.0571
12.981	 2.16	 1	 -42.3569	  172.1716
12.995	 2.19	 1	 -42.3007	  177.6300
13.016	 2.36	 1	 -41.9956	  166.9783
13.024	 2.57	 1	 -39.4994	  177.3296
13.026	 3.80	 1	 -45.0011	  167.7721
13.069	 3.19	 1	 -38.2432	  173.9065
13.074	 2.03	 1	 -39.7447	  168.6128
13.074	 2.33	 1	 -45.4965	  173.3355
13.080	 2.19	 1	 -40.4453	  167.7232
13.081	 2.09	 1	 -46.0377	  172.8164
13.108	 2.01	 1	 -40.2559	  167.8804
13.115	 2.34	 1	 -42.1746	  179.0992
13.119	 2.14	 1	 -39.6441	  177.2444
13.120	 2.13	 1	 -41.5998	  171.6502
13.128	 2.57	 1	 -47.0221	  171.3704
13.130	 2.15	 1	 -44.3060	  171.0692
13.139	 2.55	 1	 -46.3016	  169.3729
13.140	 2.62	 1	 -40.7781	  178.5578
13.154	 2.04	 1	 -39.3154	  168.9828
13.164	 2.27	 1	 -46.7618	  171.5782
13.166	 2.14	 1	 -44.0784	  172.2428
13.184	 2.08	 1	 -41.3460	  173.3052
13.191	 2.36	 2	 -45.7966	  168.7650
13.215	 2.28	 1	 -45.5542	  168.3031
13.224	 2.73	 1	 -42.2041	  172.8032
13.238	 2.14	 1	 -41.8277	  172.5327
13.244	 2.04	 1	 -41.6585	  174.5951
13.247	 2.52	 1	 -45.9054	  174.8436
13.254	 2.82	 1	 -43.5448	  175.9838
13.279	 2.69	 1	 -40.3525	  175.3258
13.312	 3.06	 1	 -43.2962	  179.0846
13.322	 2.84	 1	 -42.0829	  174.6274
13.326	 2.04	 1	 -39.2089	  169.1538
13.327	 2.44	 1	 -38.3752	  172.3327
13.331	 2.03	 1	 -41.6704	  174.3508
13.334	 3.40	 1	 -44.2853	  176.8625
13.358	 2.11	 1	 -42.7565	  171.1451
13.362	 2.08	 1	 -38.5516	  170.6373
13.382	 2.03	 1	 -40.8954	  172.7466
13.383	 2.03	 1	 -40.9056	  173.6003
13.384	 2.24	 1	 -41.9131	  173.4664
13.407	 2.20	 1	 -40.2512	  174.5045
13.438	 2.33	 1	 -41.7764	  173.7139
13.443	 2.16	 1	 -41.8492	  179.0314
13.459	 2.82	 1	 -42.5754	  170.4262
13.466	 2.05	 1	 -39.8947	  177.8115
13.473	 2.25	 1	 -38.2038	  173.3835
13.509	 2.43	 1	 -39.2568	  175.4748
13.510	 2.05	 1	 -43.3711	  176.7876
13.525	 2.40	 1	 -43.7950	  176.1495
13.545	 2.27	 1	 -41.0634	  174.8107
13.573	 2.22	 1	 -44.8195	  178.4123
13.576	 2.58	 1	 -43.1778	  172.4068
13.579	 3.52	 1	 -41.5471	  177.3912
13.581	 2.76	 1	 -47.1340	  172.9218
13.582	 2.40	 1	 -45.3587	  170.8668
13.582	 2.52	 1	 -42.6498	  172.8123
13.602	 2.02	 1	 -43.8222	  172.7042
13.607	 2.07	 1	 -43.8467	  167.1093
13.615	 2.65	 1	 -39.7302	  177.6247
13.624	 2.91	 1	 -42.8612	  172.4730
13.638	 2.94	 1	 -46.0513	  177.0897
13.645	 2.58	 1	 -42.1328	  173.5197
13.715	 2.00	 1	 -45.2967	  171.2769
13.742	 2.31	 2	 -45.9279	  168.7934
13.747	 2.93	 1	 -47.1149	  174.1295
13.765	 2.87	 1	 -46.7947	  175.5278
13.768	 2.07	 1	 -45.3516	  177.9557
13.769	 2.61	 1	 -43.3533	  173.6059
13.769	 2.69	 1	 -43.4990	  174.1535
13.775	 2.18	 1	 -38.2781	  174.1865
13.787	 2.29	 1	 -43.1633	  173.3790
13.803	 2.25	 1	 -46.9500	  174.9905
13.820	 2.49	 1	 -43.3466	  167.2630
13.821	 2.24	 1	 -39.0429	  170.0367
13.827	 2.22	 1	 -40.3934	  170.7067
13.829	 2.43	 1	 -46.6563	  170.1334
13.860	 2.15	 1	 -42.5116	  173.8137
13.861	 3.27	 1	 -47.1844	  173.3034
13.866	 2.07	 1	 -41.9881	  171.7720
13.883	 2.17	 1	 -38.2876	  171.7930
13.912	 2.13	 1	 -43.0805	  171.0270
13.913	 2.78	 1	 -46.1751	  176.8921
13.917	 2.01	 1	 -40.9783	  171.5086
13.940	 2.08	 1	 -42.4869	  177.0815
13.943	 2.30	 1	 -39.9532	  177.8737
13.966	 2.50	 1	 -43.9021	  172.3739
13.974	 2.60	 1	 -42.8022	  172.4044
13.986	 2.23	 1	 -42.5738	  172.8940
13.987	 2.85	 1	 -47.1884	  172.9094
