# Simulation 746
# RelativeTime(days) Magnitude Generation Latitude Longitude
Time Mag Gen Lat Lon
7.004	 3.66	 1	 -41.4759	  167.1325
7.012	 2.15	 1	 -41.3893	  167.1669
7.024	 2.06	 1	 -46.5430	  173.9607
7.030	 2.80	 1	 -44.1486	  170.3767
7.032	 2.39	 1	 -41.8370	  174.1617
7.034	 2.17	 1	 -41.0859	  174.3414
7.042	 2.96	 1	 -44.0713	  173.1763
7.044	 2.03	 1	 -41.8207	  170.2726
7.049	 2.73	 1	 -41.6718	  178.9802
7.055	 2.07	 1	 -43.2653	  173.2722
7.060	 2.05	 2	 -41.4997	  167.1339
7.064	 2.96	 1	 -43.2006	  173.4591
7.077	 3.18	 1	 -43.3166	  166.9635
7.079	 2.20	 1	 -41.7275	  174.1625
7.083	 2.71	 1	 -43.0560	  171.7548
7.085	 2.84	 1	 -41.8867	  175.7845
7.097	 2.07	 1	 -45.7611	  171.2436
7.112	 2.73	 1	 -41.7935	  173.2421
7.115	 2.31	 1	 -40.4349	  170.5006
7.116	 2.30	 1	 -43.4756	  173.2049
7.121	 2.92	 1	 -41.7163	  174.2462
7.121	 3.41	 1	 -44.2444	  167.2802
7.128	 2.60	 1	 -44.4891	  173.9566
7.131	 3.36	 1	 -41.3012	  174.8767
7.132	 2.20	 1	 -40.4474	  173.9297
7.139	 2.91	 1	 -43.2085	  170.5040
7.143	 2.49	 1	 -42.2688	  166.9316
7.145	 2.08	 1	 -41.2633	  170.3382
7.159	 2.63	 1	 -41.6965	  172.9689
7.166	 2.13	 1	 -47.1886	  173.1146
7.170	 2.47	 1	 -41.3191	  173.7124
7.173	 2.04	 1	 -41.0234	  172.5873
7.173	 2.45	 1	 -44.1735	  174.7623
7.175	 2.13	 1	 -42.1710	  173.8773
7.175	 2.01	 1	 -42.4553	  174.4213
7.181	 3.08	 1	 -41.7990	  174.1912
7.182	 2.15	 1	 -42.6091	  170.4582
7.191	 3.29	 1	 -42.4097	  173.6311
7.193	 2.00	 1	 -41.9937	  172.7352
7.195	 2.61	 1	 -38.2723	  174.1445
7.205	 2.43	 1	 -41.5578	  178.9419
7.206	 2.76	 1	 -46.0240	  177.1311
7.207	 2.09	 1	 -38.2279	  173.7504
7.208	 2.34	 1	 -44.5511	  168.5953
7.215	 2.59	 1	 -40.8875	  167.4189
7.217	 2.34	 1	 -41.8656	  173.8460
7.221	 2.33	 1	 -44.9836	  178.2863
7.229	 2.43	 1	 -40.0069	  171.4701
7.236	 2.04	 1	 -42.0698	  173.9995
7.251	 2.41	 1	 -42.3520	  175.1338
7.253	 3.02	 1	 -44.2019	  167.3808
7.262	 2.09	 1	 -41.6422	  171.9013
7.265	 2.61	 1	 -38.6927	  170.2271
7.267	 2.03	 1	 -42.2464	  173.8480
7.269	 2.02	 1	 -38.4024	  171.1896
7.286	 2.33	 1	 -41.3562	  174.4859
7.287	 2.85	 1	 -45.6623	  172.0271
7.289	 2.01	 1	 -41.5320	  174.1281
7.295	 2.04	 1	 -38.4781	  174.2698
7.305	 2.92	 2	 -42.4109	  173.6296
7.311	 2.21	 1	 -41.9893	  173.5401
7.315	 2.78	 1	 -39.9775	  177.8989
7.333	 2.07	 1	 -44.0363	  174.8771
7.334	 2.21	 1	 -39.5047	  169.3425
7.343	 2.52	 1	 -42.0317	  173.7173
7.348	 2.12	 1	 -42.7436	  173.5493
7.348	 2.37	 1	 -42.8465	  179.1364
7.354	 2.43	 1	 -43.9629	  170.7139
7.362	 2.15	 1	 -40.1577	  171.8321
7.370	 2.26	 1	 -47.1805	  172.6430
7.373	 2.12	 2	 -44.1242	  166.8548
7.392	 2.06	 1	 -44.6953	  172.9406
7.392	 2.70	 1	 -44.6289	  173.3813
7.404	 3.07	 1	 -41.7453	  174.3542
7.406	 2.03	 1	 -39.1697	  169.2202
7.408	 3.95	 1	 -44.2074	  175.6133
7.408	 2.36	 1	 -45.0775	  167.8357
7.416	 2.30	 1	 -45.9895	  174.4814
7.426	 3.43	 1	 -42.3601	  170.5273
7.426	 2.97	 1	 -41.0703	  171.1690
7.432	 2.08	 1	 -42.2941	  173.1909
7.434	 2.03	 1	 -43.9971	  172.3610
7.434	 2.26	 1	 -43.1354	  173.9189
7.436	 2.18	 1	 -43.9545	  173.1187
7.454	 2.66	 1	 -40.2405	  178.1503
7.455	 2.36	 1	 -41.8295	  173.9935
7.457	 2.24	 1	 -43.7363	  169.2405
7.457	 3.68	 1	 -42.9809	  173.4202
7.462	 2.08	 1	 -38.1981	  172.8315
7.466	 2.21	 1	 -40.8561	  178.6065
7.466	 2.81	 1	 -44.5514	  176.1894
7.473	 2.21	 1	 -42.0332	  174.0311
7.489	 2.28	 1	 -44.8233	  178.4095
7.505	 2.11	 1	 -42.2317	  173.0857
7.513	 2.04	 1	 -42.2773	  173.6858
7.516	 2.27	 1	 -39.1239	  172.0966
7.519	 2.19	 1	 -43.7036	  173.1894
7.527	 2.01	 1	 -42.6434	  173.1889
7.530	 2.12	 1	 -42.2454	  173.4883
7.533	 2.16	 1	 -42.2403	  174.8630
7.552	 2.11	 1	 -44.6529	  172.3084
7.553	 2.26	 1	 -41.6902	  172.7338
7.554	 2.36	 1	 -43.6848	  173.4605
7.568	 3.29	 1	 -42.1236	  173.5658
7.580	 2.25	 1	 -45.3194	  168.0568
7.585	 2.80	 1	 -41.8003	  170.8649
7.591	 3.05	 1	 -43.5033	  172.3173
7.596	 3.00	 1	 -46.6027	  170.9854
7.596	 2.92	 1	 -41.7937	  174.2352
7.603	 2.11	 1	 -40.5339	  175.6651
7.613	 2.25	 1	 -44.2110	  167.2637
7.623	 2.86	 1	 -45.1792	  167.9250
7.633	 2.59	 1	 -47.1825	  172.6906
7.633	 2.11	 1	 -44.6637	  178.5208
7.634	 2.60	 1	 -45.2397	  178.0638
7.635	 2.92	 1	 -40.6702	  172.2378
7.646	 2.35	 1	 -43.2473	  172.6069
7.650	 2.01	 1	 -41.6892	  174.2243
7.655	 2.20	 1	 -46.7698	  175.6019
7.659	 2.24	 1	 -42.2789	  173.5417
7.660	 2.63	 1	 -42.5695	  173.5886
7.662	 2.00	 1	 -43.2667	  172.1189
7.665	 2.08	 1	 -41.7169	  174.0021
7.669	 2.85	 1	 -38.9970	  169.5369
7.684	 2.06	 1	 -44.5173	  173.3996
7.689	 2.64	 1	 -47.0396	  171.4577
7.690	 2.16	 1	 -42.2770	  171.4258
7.718	 2.77	 1	 -42.4587	  172.3891
7.718	 2.39	 1	 -41.4856	  167.1288
7.726	 2.13	 1	 -41.8765	  174.2268
7.730	 2.07	 1	 -44.0027	  167.1698
7.745	 2.02	 1	 -43.2968	  172.7101
7.745	 2.17	 1	 -46.3730	  176.5370
7.748	 2.02	 1	 -43.4881	  175.0960
7.749	 2.10	 1	 -46.2920	  170.8852
7.761	 3.59	 1	 -41.7789	  168.5153
7.769	 2.59	 1	 -45.9348	  177.2611
7.770	 2.65	 1	 -39.7996	  168.3385
7.778	 2.07	 1	 -47.1840	  173.3147
7.782	 2.12	 1	 -47.0873	  171.7274
7.786	 2.59	 1	 -42.6300	  179.1394
7.795	 2.06	 1	 -38.1965	  173.1223
7.795	 2.14	 1	 -42.1671	  173.6969
7.803	 2.01	 1	 -42.3566	  173.7098
7.807	 2.04	 1	 -44.0880	  174.2466
7.814	 2.14	 1	 -42.4708	  173.8884
7.815	 2.01	 2	 -38.1944	  173.1254
7.820	 2.34	 1	 -41.7383	  174.2673
7.826	 2.24	 1	 -41.1268	  169.8314
7.834	 2.17	 1	 -41.8045	  174.2217
7.839	 2.30	 1	 -43.0184	  172.0299
7.841	 2.09	 1	 -44.8964	  177.0843
7.842	 2.19	 1	 -42.7989	  168.3891
7.852	 2.03	 1	 -42.6657	  174.7527
7.857	 2.49	 1	 -38.4051	  171.1780
7.859	 2.32	 1	 -41.9226	  173.6602
7.862	 2.15	 1	 -42.2884	  173.6358
7.864	 2.99	 2	 -38.2719	  174.1552
7.866	 2.16	 1	 -38.6833	  175.7923
7.872	 2.84	 1	 -40.7562	  168.7944
7.885	 2.30	 1	 -43.9920	  174.5712
7.885	 2.29	 1	 -41.5350	  172.8464
7.886	 2.41	 1	 -44.8132	  171.8515
7.904	 2.18	 1	 -42.0786	  173.2370
7.904	 2.32	 1	 -43.3119	  170.6313
7.907	 2.31	 1	 -42.3721	  176.6458
7.909	 2.52	 1	 -43.3716	  166.9745
7.911	 2.06	 1	 -42.7117	  173.5026
7.922	 2.14	 1	 -44.3459	  171.6046
7.926	 2.89	 1	 -41.7085	  176.6654
7.936	 3.06	 1	 -42.1109	  179.0886
7.944	 2.03	 1	 -45.8160	  177.4231
7.958	 2.56	 1	 -41.5888	  172.1560
7.959	 2.57	 1	 -45.0300	  172.5826
7.972	 2.41	 1	 -40.9986	  170.2534
7.984	 2.02	 2	 -41.8085	  168.4910
7.986	 2.23	 1	 -44.8878	  174.5054
7.987	 2.31	 1	 -45.7765	  177.1874
7.987	 2.01	 1	 -41.6655	  174.4410
7.998	 2.09	 1	 -39.6310	  177.5029
8.000	 3.13	 1	 -42.4468	  173.1067
8.015	 2.31	 1	 -42.1555	  173.5238
8.026	 3.03	 1	 -42.2541	  173.9729
8.032	 3.10	 1	 -43.4398	  179.0549
8.049	 3.70	 1	 -46.2557	  171.7223
8.063	 2.16	 1	 -39.5067	  172.6545
8.069	 2.72	 1	 -46.5086	  173.2574
8.071	 2.56	 1	 -41.8389	  174.1631
8.072	 3.38	 1	 -41.8116	  174.3272
8.072	 2.11	 1	 -40.1130	  175.3530
8.079	 2.08	 1	 -46.7612	  171.0867
8.079	 3.15	 1	 -46.7789	  170.4690
8.084	 3.00	 1	 -42.1160	  173.7379
8.087	 2.10	 1	 -40.6059	  172.9880
8.096	 2.63	 1	 -42.5115	  173.9286
8.104	 2.76	 1	 -43.3928	  169.4392
8.105	 2.49	 1	 -42.0070	  176.5778
8.112	 2.11	 1	 -42.1238	  173.5525
8.114	 2.17	 1	 -42.3265	  173.8875
8.120	 2.09	 1	 -41.8879	  179.0412
8.127	 2.03	 1	 -44.9437	  178.3181
8.131	 2.05	 1	 -40.6945	  167.5414
8.145	 2.42	 1	 -41.7360	  174.1731
8.145	 2.10	 1	 -43.0445	  173.8063
8.150	 2.06	 1	 -46.2664	  176.7350
8.152	 2.80	 1	 -47.1071	  171.8591
8.158	 2.52	 1	 -40.0669	  177.9887
8.162	 2.05	 1	 -42.4239	  173.1352
8.179	 2.06	 1	 -47.0679	  171.6113
8.180	 2.17	 1	 -44.0159	  178.8690
8.185	 2.16	 1	 -40.1529	  173.7191
8.187	 2.30	 1	 -44.0918	  171.4392
8.197	 2.45	 1	 -43.8512	  168.3559
8.204	 2.12	 1	 -41.1873	  171.5735
8.205	 2.12	 1	 -42.3671	  173.9239
8.209	 2.19	 1	 -42.3891	  170.7970
8.209	 3.00	 1	 -43.5363	  172.7512
8.212	 3.48	 1	 -42.5780	  172.9538
8.219	 2.29	 1	 -42.0810	  173.6585
8.239	 2.27	 1	 -44.4929	  172.5058
8.251	 2.71	 1	 -42.5180	  172.8357
8.252	 2.12	 1	 -40.2543	  171.0262
8.253	 2.24	 2	 -42.5182	  172.8364
8.262	 2.42	 1	 -45.2501	  173.5985
8.266	 2.29	 1	 -40.9785	  176.0146
8.267	 2.12	 1	 -42.5442	  173.7484
8.267	 3.10	 1	 -44.1050	  175.3679
8.268	 2.19	 1	 -40.8489	  173.2502
8.274	 2.50	 1	 -43.0234	  169.6823
8.281	 2.41	 1	 -41.5092	  174.2894
8.282	 3.14	 1	 -42.9652	  173.0047
8.283	 2.38	 1	 -41.3118	  172.9837
8.294	 2.90	 1	 -42.4021	  173.7339
8.298	 2.07	 1	 -43.2641	  170.4799
8.307	 2.88	 1	 -41.7483	  174.1633
8.312	 2.21	 1	 -43.3499	  176.3712
8.319	 2.07	 1	 -46.3865	  169.5337
8.326	 2.61	 1	 -43.3949	  171.3687
8.330	 2.07	 1	 -38.2033	  172.6720
8.332	 2.04	 1	 -42.0925	  173.8661
8.338	 2.05	 1	 -42.5270	  178.5122
8.341	 2.21	 1	 -44.7530	  167.5845
8.345	 3.19	 1	 -39.6497	  168.5178
8.356	 2.11	 1	 -43.8629	  167.1152
8.358	 3.97	 1	 -44.0841	  170.9110
8.360	 2.19	 1	 -42.3354	  173.9129
8.362	 2.13	 1	 -42.5148	  173.3257
8.362	 2.25	 1	 -38.2853	  171.8088
8.377	 2.23	 1	 -41.8876	  173.7042
8.379	 2.53	 1	 -42.9088	  178.6133
8.380	 2.32	 1	 -42.4691	  173.7206
8.387	 2.77	 1	 -47.1050	  174.1999
8.388	 2.05	 1	 -42.0388	  176.1950
8.393	 2.16	 1	 -42.3434	  172.9370
8.396	 2.62	 1	 -40.9767	  173.0081
8.398	 2.11	 1	 -42.6466	  172.9618
8.400	 2.55	 1	 -41.8688	  174.2729
8.403	 3.06	 1	 -47.0074	  171.3002
8.415	 2.05	 1	 -42.2133	  173.4454
8.421	 2.12	 1	 -45.9523	  175.4077
8.426	 2.00	 1	 -41.9787	  173.3049
8.436	 2.85	 1	 -38.4547	  175.0675
8.444	 2.26	 1	 -41.9747	  174.1480
8.450	 2.74	 1	 -42.1740	  173.5123
8.466	 2.58	 1	 -43.2938	  166.9593
8.469	 2.09	 1	 -40.0540	  169.2816
8.484	 2.62	 1	 -42.8239	  174.4878
8.485	 3.56	 1	 -42.3020	  173.5318
8.501	 2.06	 1	 -44.8974	  171.8446
8.527	 2.18	 1	 -38.3140	  174.4148
8.530	 2.53	 1	 -46.2905	  171.2534
8.543	 2.03	 1	 -41.2924	  171.8795
8.548	 2.24	 1	 -38.4050	  171.1785
8.567	 2.17	 1	 -46.1057	  169.0392
8.568	 2.26	 1	 -42.7396	  171.9684
8.569	 2.25	 1	 -44.8217	  170.9994
8.593	 2.28	 1	 -42.4200	  176.1304
8.595	 2.05	 2	 -42.1753	  173.5116
8.605	 3.02	 2	 -42.5833	  172.9499
8.607	 2.30	 1	 -41.8828	  173.6897
8.618	 2.33	 1	 -41.8837	  173.7043
8.620	 2.45	 1	 -40.1495	  172.7197
8.626	 2.16	 1	 -42.4679	  173.1701
8.637	 2.08	 1	 -46.4809	  169.7264
8.645	 2.03	 1	 -41.7800	  174.1990
8.649	 2.13	 1	 -44.3974	  172.6568
8.655	 2.55	 1	 -39.2577	  171.2256
8.656	 2.14	 1	 -43.0149	  172.3198
8.656	 2.13	 1	 -42.5363	  173.1743
8.660	 2.57	 1	 -41.6675	  170.7415
8.668	 2.45	 1	 -42.6586	  173.9386
8.669	 2.43	 2	 -42.6612	  173.9469
8.689	 2.05	 1	 -42.9156	  179.1324
8.689	 2.26	 1	 -41.8075	  174.2588
8.691	 2.39	 1	 -42.0785	  172.8268
8.695	 2.02	 1	 -44.6652	  178.5198
8.697	 2.70	 1	 -40.2645	  178.1714
8.698	 2.06	 1	 -41.4097	  173.4010
8.699	 2.48	 1	 -41.8302	  173.6632
8.702	 2.54	 1	 -45.4432	  177.8618
8.726	 2.74	 1	 -41.4896	  174.7795
8.739	 3.29	 1	 -42.8072	  171.7779
8.751	 2.08	 1	 -44.1768	  172.0508
8.751	 3.11	 1	 -41.4810	  174.3054
8.771	 2.80	 1	 -44.4784	  167.4075
8.773	 2.36	 1	 -43.0262	  173.6079
8.775	 2.77	 1	 -41.9862	  174.0456
8.779	 2.85	 1	 -45.4727	  168.2138
8.787	 2.05	 1	 -42.3016	  173.9722
8.794	 2.71	 1	 -42.2933	  169.8167
8.799	 2.64	 1	 -44.8909	  178.3589
8.801	 2.05	 1	 -40.7475	  176.5759
8.803	 2.25	 1	 -38.8000	  169.9593
8.808	 3.05	 1	 -45.4210	  169.9465
8.813	 2.37	 1	 -42.7956	  173.1830
8.823	 2.53	 1	 -45.2886	  172.1263
8.832	 2.14	 1	 -42.8173	  172.9047
8.835	 2.59	 1	 -43.2457	  174.2399
8.838	 2.20	 1	 -44.4820	  174.0695
8.844	 2.55	 1	 -42.3338	  172.3305
8.846	 2.10	 1	 -42.0711	  173.8292
8.851	 2.02	 1	 -42.3875	  173.8663
8.851	 2.34	 1	 -42.1763	  173.6057
8.864	 3.58	 1	 -42.6896	  175.7549
8.875	 2.57	 1	 -47.1876	  172.8598
8.875	 2.05	 1	 -44.7451	  171.3549
8.878	 2.15	 1	 -42.4762	  173.3622
8.891	 2.60	 1	 -46.7547	  175.6457
8.895	 2.66	 1	 -42.1985	  169.0775
8.904	 2.04	 1	 -45.5153	  177.7843
8.906	 2.34	 1	 -41.8851	  173.5210
8.914	 2.17	 1	 -43.7253	  177.0204
8.923	 2.26	 1	 -39.4887	  177.3148
8.925	 2.19	 1	 -42.1854	  178.4583
8.930	 2.15	 1	 -41.4588	  175.1957
8.932	 2.56	 1	 -42.5510	  173.0810
8.943	 2.20	 1	 -44.7978	  169.8223
8.953	 3.01	 1	 -42.9578	  179.1293
8.954	 2.22	 1	 -42.4500	  174.2336
8.959	 2.58	 1	 -45.7257	  169.3852
8.966	 2.21	 1	 -39.7316	  175.2583
8.970	 2.12	 1	 -40.1488	  167.9773
8.974	 2.32	 1	 -44.2035	  178.7842
8.977	 2.01	 1	 -42.3905	  173.5094
8.981	 2.43	 1	 -43.3212	  171.2055
9.002	 2.63	 1	 -41.6004	  173.8142
9.003	 2.04	 1	 -41.7956	  174.2114
9.008	 2.64	 1	 -41.8565	  173.5202
9.016	 2.67	 1	 -45.5415	  177.4146
9.021	 2.75	 1	 -40.9427	  172.1680
9.038	 2.13	 1	 -43.7125	  176.3197
9.049	 2.15	 1	 -42.1120	  172.8841
9.055	 2.06	 1	 -41.9281	  171.8856
9.057	 2.21	 1	 -44.2725	  170.8315
9.058	 2.34	 1	 -39.4293	  177.2312
9.066	 2.12	 1	 -43.2081	  172.7784
9.071	 2.76	 1	 -42.3588	  174.9202
9.072	 2.07	 1	 -44.6781	  174.1628
9.072	 4.31	 1	 -41.7259	  174.2806
9.073	 2.02	 1	 -42.2259	  173.7760
9.093	 2.54	 1	 -41.6083	  174.2577
9.098	 2.24	 1	 -47.1771	  173.4701
9.099	 2.05	 2	 -43.2652	  172.8402
9.110	 2.51	 1	 -41.3634	  170.5564
9.111	 2.53	 1	 -42.0884	  173.6013
9.113	 2.48	 1	 -46.5730	  176.1132
9.135	 2.12	 1	 -42.0345	  174.0169
9.140	 2.12	 1	 -41.8576	  174.1561
9.145	 2.05	 1	 -41.7476	  172.5147
9.150	 2.07	 1	 -38.8045	  169.9489
9.153	 2.06	 1	 -41.9131	  173.0525
9.169	 2.25	 1	 -42.2502	  175.3259
9.183	 3.95	 1	 -43.2143	  176.4389
9.200	 3.28	 1	 -41.3800	  170.5602
9.205	 2.02	 1	 -41.9164	  174.0094
9.212	 2.60	 1	 -40.0977	  170.6188
9.216	 2.26	 1	 -39.9385	  168.1861
9.223	 2.71	 1	 -44.7138	  173.2118
9.237	 3.36	 1	 -42.1074	  173.6306
9.246	 2.05	 1	 -38.6588	  170.3187
9.247	 2.42	 1	 -44.0983	  167.2110
9.256	 2.52	 1	 -41.6008	  173.0482
9.259	 2.20	 1	 -42.6483	  170.2620
9.268	 2.13	 1	 -42.0237	  172.4423
9.295	 2.39	 1	 -42.4046	  172.2584
9.309	 2.13	 1	 -43.9999	  174.0216
9.312	 2.06	 1	 -42.5131	  172.2480
9.314	 2.06	 1	 -41.7467	  174.1664
9.335	 2.87	 1	 -42.6025	  172.9865
9.339	 2.08	 1	 -42.5959	  174.2298
9.343	 2.77	 1	 -44.4560	  169.3123
9.350	 2.16	 1	 -40.7200	  171.4355
9.357	 2.76	 1	 -45.5435	  177.7531
9.367	 2.01	 1	 -42.8660	  167.1647
9.367	 2.67	 1	 -41.4569	  170.0946
9.374	 2.30	 1	 -39.7403	  177.6367
9.377	 2.05	 1	 -42.3211	  173.3718
9.381	 2.55	 1	 -41.8169	  173.8929
9.385	 2.35	 1	 -45.9901	  171.0206
9.387	 2.85	 1	 -40.4611	  171.7068
9.388	 2.19	 1	 -47.1769	  172.5717
9.398	 2.07	 1	 -38.7638	  175.9981
9.401	 3.98	 1	 -41.8163	  174.0305
9.401	 2.19	 2	 -42.7867	  171.7291
9.420	 2.63	 1	 -43.2593	  166.9531
9.435	 2.07	 1	 -45.8930	  168.7248
9.447	 2.63	 1	 -42.2638	  173.3988
9.449	 2.25	 1	 -40.2987	  175.0071
9.458	 2.21	 1	 -41.9884	  170.2029
9.460	 2.37	 1	 -45.5251	  177.7736
9.462	 2.31	 1	 -43.2271	  171.9989
9.474	 2.07	 1	 -40.9311	  172.9303
9.494	 3.20	 1	 -42.0751	  173.6518
9.496	 2.42	 1	 -41.7535	  177.0378
9.509	 2.21	 1	 -41.7083	  174.2147
9.519	 2.02	 1	 -41.7794	  174.2029
9.520	 2.28	 1	 -39.6815	  168.4785
9.520	 2.49	 1	 -41.4031	  169.7112
9.526	 2.66	 1	 -41.7273	  174.2967
9.532	 2.00	 1	 -42.6115	  172.9596
9.549	 2.21	 1	 -41.7567	  174.2358
9.570	 2.89	 1	 -42.2649	  179.1122
9.571	 2.05	 1	 -45.1240	  172.3598
9.572	 2.31	 1	 -39.7753	  177.6777
9.586	 2.09	 1	 -42.3353	  173.7349
9.588	 2.10	 1	 -41.3234	  176.1559
9.589	 2.24	 2	 -39.7761	  177.6714
9.606	 2.25	 1	 -39.9655	  170.9608
9.609	 2.06	 1	 -43.1679	  166.9386
9.617	 2.34	 1	 -42.9538	  171.7513
9.628	 2.92	 1	 -42.1489	  173.9276
9.629	 2.24	 1	 -42.9571	  172.1889
9.638	 2.05	 1	 -46.2208	  169.2294
9.650	 2.09	 1	 -41.7998	  173.0736
9.676	 2.90	 1	 -42.7893	  172.9356
9.685	 2.52	 1	 -43.8849	  171.1235
9.697	 3.18	 1	 -38.6810	  175.7830
9.704	 2.83	 1	 -41.7739	  173.8840
9.715	 2.07	 1	 -42.3593	  176.4243
9.722	 2.03	 1	 -42.4578	  173.7954
9.723	 2.54	 1	 -44.3992	  178.0367
9.737	 2.27	 1	 -44.8536	  172.5744
9.739	 2.23	 1	 -43.4157	  175.1564
9.748	 2.65	 1	 -46.6721	  170.1740
9.756	 2.11	 1	 -47.0797	  171.6806
9.760	 2.20	 1	 -42.3607	  173.7840
9.764	 2.51	 1	 -41.2352	  172.9041
9.780	 2.00	 1	 -44.6694	  167.5273
9.790	 2.35	 1	 -47.1791	  172.6134
9.806	 2.31	 1	 -39.1879	  169.1891
9.814	 3.16	 1	 -42.1930	  169.6951
9.814	 2.07	 1	 -41.7993	  170.4302
9.815	 2.09	 1	 -44.1412	  175.5119
9.833	 2.12	 1	 -41.8622	  174.1827
9.850	 3.45	 1	 -41.7542	  174.2537
9.863	 3.82	 1	 -47.0269	  174.6506
9.866	 2.29	 1	 -42.3487	  173.7837
9.869	 2.60	 1	 -42.2593	  173.6588
9.871	 2.86	 1	 -42.9445	  170.0885
9.886	 2.18	 1	 -39.8484	  177.7608
9.891	 2.26	 1	 -42.4901	  173.1582
9.906	 2.07	 1	 -39.3842	  174.9371
9.924	 2.09	 1	 -40.5735	  175.8825
9.924	 3.05	 1	 -42.0488	  173.5491
9.929	 2.25	 1	 -41.0245	  176.2545
9.931	 2.06	 1	 -42.8051	  175.6718
9.932	 2.09	 1	 -40.9168	  175.7758
9.933	 2.18	 1	 -42.7634	  172.8091
9.948	 2.35	 1	 -41.4250	  177.0047
9.954	 2.04	 1	 -39.6702	  168.4923
9.965	 2.12	 1	 -42.7475	  176.0536
9.983	 2.32	 1	 -39.6034	  168.5766
10.016	 2.17	 1	 -41.6956	  173.4944
10.018	 2.20	 1	 -41.4522	  170.7658
10.019	 2.54	 1	 -42.4200	  173.4680
10.019	 2.45	 1	 -42.7158	  171.9340
10.020	 3.21	 1	 -44.4096	  171.4129
10.039	 2.21	 1	 -42.1689	  174.6694
10.039	 2.59	 1	 -41.0626	  172.8463
10.043	 3.02	 1	 -45.5593	  177.7354
10.050	 3.03	 1	 -41.7518	  174.1763
10.050	 2.83	 1	 -39.3140	  172.2534
10.070	 2.08	 1	 -41.7688	  174.1842
10.072	 3.72	 1	 -45.0678	  173.0927
10.072	 2.03	 1	 -46.4277	  176.4285
10.082	 2.00	 1	 -42.5514	  172.7585
10.084	 3.31	 1	 -38.2243	  173.7085
10.090	 2.08	 1	 -45.4786	  177.8241
10.114	 2.28	 1	 -42.6615	  174.1021
10.126	 2.83	 1	 -46.0564	  168.9624
10.130	 2.41	 1	 -42.7091	  174.3813
10.133	 2.41	 1	 -42.6196	  174.6747
10.135	 2.70	 1	 -43.7282	  171.9093
10.137	 2.05	 1	 -40.2764	  177.9266
10.145	 2.01	 1	 -40.6281	  170.7179
10.152	 3.14	 1	 -43.0157	  176.2021
10.161	 2.07	 1	 -42.2025	  173.3934
10.178	 3.45	 1	 -38.5520	  175.4081
10.180	 2.66	 1	 -38.2030	  172.6803
10.182	 2.44	 1	 -39.5427	  172.3165
10.185	 3.49	 1	 -39.6478	  168.5202
10.186	 2.28	 1	 -41.7191	  174.1165
10.214	 2.16	 1	 -39.4576	  177.2715
10.217	 2.23	 1	 -43.4237	  174.9626
10.241	 2.39	 1	 -43.5266	  174.4473
10.247	 2.12	 1	 -42.4134	  166.9161
10.253	 2.62	 1	 -41.7294	  174.2760
10.255	 2.06	 1	 -42.3023	  174.0667
10.256	 2.17	 1	 -45.3847	  174.1744
10.263	 2.17	 1	 -43.2171	  170.4775
10.285	 3.64	 1	 -43.2057	  174.8743
10.295	 2.09	 1	 -41.2280	  175.2980
10.309	 2.26	 2	 -43.2207	  174.8581
10.317	 2.12	 1	 -42.1584	  177.1697
10.318	 2.13	 1	 -41.7971	  174.1681
10.322	 2.69	 1	 -39.1134	  169.3188
10.326	 2.42	 1	 -41.5886	  174.7503
10.328	 2.23	 1	 -41.6841	  173.8608
10.335	 2.08	 1	 -41.7123	  174.9277
10.342	 2.07	 1	 -40.5048	  171.4498
10.346	 2.08	 1	 -43.7688	  170.9910
10.347	 2.83	 1	 -47.0937	  171.7685
10.352	 3.04	 1	 -43.0163	  173.1850
10.363	 2.33	 1	 -42.9297	  173.5096
10.373	 2.31	 1	 -43.2436	  166.9505
10.382	 2.10	 1	 -41.7738	  174.0325
10.390	 2.10	 1	 -41.9578	  173.6592
10.394	 3.16	 1	 -41.6730	  174.2817
10.398	 3.07	 1	 -42.4235	  173.7649
10.406	 2.14	 1	 -41.3445	  167.1857
10.407	 2.91	 1	 -43.1780	  172.0767
10.417	 2.69	 1	 -39.1821	  175.4173
10.418	 3.58	 1	 -41.6210	  174.1864
10.420	 2.77	 1	 -41.9919	  173.7320
10.420	 2.23	 1	 -46.4380	  176.4074
10.421	 2.21	 1	 -41.0681	  167.3175
10.425	 2.20	 1	 -47.0231	  174.6692
10.428	 2.51	 1	 -44.8282	  178.4059
10.434	 2.48	 1	 -43.9597	  173.7319
10.437	 2.27	 1	 -41.0870	  178.7367
10.437	 2.68	 1	 -42.5776	  172.9088
10.437	 2.40	 1	 -42.8144	  171.0059
10.438	 2.36	 1	 -47.0801	  171.6828
10.441	 2.15	 2	 -41.6340	  174.2047
10.451	 2.56	 1	 -40.0529	  177.9749
10.456	 2.06	 1	 -47.0457	  171.4893
10.462	 2.52	 1	 -42.3796	  170.4132
10.473	 2.08	 1	 -44.8258	  173.4736
10.476	 3.16	 1	 -43.4699	  174.9220
10.479	 2.08	 1	 -41.9879	  173.9726
10.481	 2.31	 1	 -41.8626	  176.6414
10.482	 2.31	 1	 -41.5753	  173.9516
10.483	 2.09	 1	 -43.4380	  172.5069
10.483	 2.09	 1	 -39.6948	  177.5820
10.484	 2.54	 1	 -39.9082	  175.4605
10.491	 2.26	 1	 -41.9342	  179.0523
10.504	 3.17	 1	 -43.8752	  173.6359
10.505	 4.41	 1	 -44.6117	  172.8512
10.517	 2.03	 1	 -40.9488	  172.7886
10.520	 3.60	 2	 -44.6059	  172.8511
10.522	 2.45	 1	 -43.9458	  173.5556
10.524	 2.06	 1	 -43.6036	  174.1962
10.525	 2.09	 1	 -42.4306	  173.3347
10.528	 2.19	 1	 -41.7205	  170.6350
10.532	 2.12	 1	 -44.9901	  170.2830
10.537	 3.57	 1	 -41.8747	  173.5086
10.541	 2.02	 1	 -41.9660	  166.9847
10.541	 2.93	 2	 -41.9261	  173.8838
10.543	 2.12	 1	 -43.0064	  172.1595
10.546	 2.03	 1	 -38.2650	  171.9538
10.569	 2.11	 1	 -42.8156	  172.9320
10.571	 2.01	 1	 -43.2855	  174.5201
10.571	 3.09	 1	 -44.4225	  173.0878
10.574	 2.40	 1	 -42.6393	  166.9048
10.577	 2.12	 1	 -42.6016	  175.5106
10.590	 2.66	 1	 -40.4077	  175.3323
10.593	 4.62	 1	 -45.1610	  175.7767
10.598	 2.28	 1	 -41.7850	  172.4124
10.603	 2.39	 1	 -45.3148	  168.0523
10.604	 2.18	 1	 -45.5095	  168.2537
10.605	 2.34	 1	 -41.7179	  174.1475
10.614	 2.19	 1	 -41.8203	  173.8434
10.633	 2.19	 1	 -43.2401	  179.0944
10.633	 2.03	 1	 -40.8722	  172.6717
10.650	 2.99	 1	 -45.9129	  177.0978
10.652	 2.83	 1	 -40.9145	  171.4491
10.663	 2.35	 1	 -38.7076	  175.8563
10.675	 2.45	 2	 -45.1586	  175.7711
10.676	 2.49	 1	 -44.9451	  178.3169
10.678	 2.14	 1	 -42.7355	  174.6627
10.690	 2.66	 1	 -38.2656	  174.0953
10.699	 2.33	 1	 -38.2436	  173.9109
10.703	 2.43	 1	 -42.6632	  173.1020
10.704	 2.08	 1	 -43.7548	  174.5967
10.706	 2.04	 1	 -41.9649	  172.3422
10.711	 2.50	 1	 -41.9638	  173.9697
10.711	 2.58	 1	 -40.5698	  167.6289
10.712	 2.10	 1	 -43.2821	  173.2495
10.716	 2.20	 1	 -42.3955	  172.2051
10.728	 3.13	 1	 -39.1346	  169.2811
10.731	 2.29	 1	 -42.5200	  173.4873
10.732	 2.71	 1	 -41.8736	  174.3636
10.733	 2.07	 1	 -43.9871	  173.6924
10.734	 2.07	 1	 -42.6529	  173.5795
10.735	 2.72	 1	 -42.4772	  174.9933
10.742	 2.07	 1	 -41.7908	  169.9129
10.751	 4.31	 1	 -43.0630	  169.6388
10.751	 3.41	 1	 -42.0748	  171.5680
10.751	 2.23	 1	 -44.2036	  178.0412
10.751	 4.71	 2	 -43.0638	  169.6421
10.752	 2.30	 1	 -44.4514	  167.3918
10.752	 2.31	 3	 -43.1878	  169.8646
10.752	 2.12	 1	 -43.1395	  166.9346
10.769	 3.39	 1	 -43.7203	  167.0663
10.771	 2.16	 1	 -39.9618	  170.7920
10.785	 2.17	 3	 -43.0533	  169.6435
10.793	 2.68	 1	 -44.1044	  169.6579
10.795	 2.26	 1	 -40.9092	  174.5325
10.795	 2.03	 1	 -41.7825	  171.5375
10.801	 2.08	 1	 -46.5511	  169.8808
10.805	 3.16	 3	 -43.0744	  169.6252
10.816	 3.61	 1	 -43.1455	  174.7102
10.822	 2.53	 1	 -43.9541	  172.4235
10.833	 2.35	 1	 -45.7875	  168.5841
10.837	 2.33	 1	 -41.7151	  174.2305
10.845	 2.08	 1	 -42.3514	  175.5934
10.854	 2.13	 1	 -44.6170	  172.2615
10.878	 2.27	 3	 -43.0751	  169.6645
10.881	 2.27	 1	 -42.4003	  173.8600
10.889	 2.32	 1	 -43.3098	  172.4070
10.895	 2.62	 1	 -38.2094	  173.4945
10.912	 2.42	 1	 -41.0227	  174.8111
10.915	 2.41	 1	 -38.3108	  171.6480
10.925	 2.16	 1	 -41.9738	  174.0475
10.929	 2.14	 3	 -41.9930	  173.8649
10.964	 2.17	 1	 -44.3998	  174.6398
10.973	 2.60	 1	 -41.4849	  169.7712
10.984	 2.07	 1	 -41.8506	  174.1801
10.984	 3.12	 1	 -41.6622	  172.8638
10.986	 2.79	 1	 -43.3913	  172.4358
10.998	 3.10	 1	 -41.8789	  174.0011
10.998	 2.61	 1	 -44.0480	  173.9384
11.021	 2.02	 1	 -41.7334	  174.5639
11.033	 2.21	 1	 -43.2370	  172.3832
11.034	 3.16	 1	 -42.2652	  174.5414
11.039	 2.01	 1	 -45.4268	  177.8789
11.046	 2.61	 1	 -44.1495	  173.7874
11.063	 2.17	 1	 -43.4591	  173.3314
11.075	 2.91	 1	 -44.4338	  172.0446
11.076	 3.19	 1	 -46.8507	  175.3507
11.096	 2.21	 1	 -44.6768	  177.2409
11.099	 2.17	 1	 -42.1780	  173.6986
11.129	 2.17	 1	 -41.5013	  173.2508
11.135	 2.02	 1	 -42.1318	  177.7026
11.139	 2.13	 1	 -42.4347	  170.1335
11.153	 2.34	 1	 -42.2030	  173.1830
11.163	 2.54	 1	 -43.0978	  172.0729
11.181	 3.18	 1	 -41.9336	  175.5079
11.181	 2.97	 1	 -41.9785	  174.0215
11.187	 2.78	 1	 -42.1925	  173.6040
11.189	 2.67	 1	 -41.7483	  174.2445
11.204	 2.67	 1	 -41.9093	  173.7575
11.204	 3.53	 1	 -42.5471	  172.9615
11.221	 2.89	 1	 -44.3532	  173.3425
11.233	 2.66	 1	 -43.7757	  167.0845
11.243	 3.06	 1	 -43.0452	  172.7368
11.243	 2.10	 1	 -41.0835	  172.2033
11.248	 2.82	 1	 -41.1554	  172.1317
11.250	 2.52	 1	 -42.0664	  173.8417
11.263	 2.88	 1	 -42.0481	  172.8504
11.277	 2.14	 1	 -40.8194	  167.8320
11.311	 2.32	 1	 -42.6554	  172.8497
11.334	 2.23	 1	 -41.9371	  175.3786
11.337	 2.30	 1	 -41.9752	  174.1607
11.344	 2.04	 1	 -39.7684	  175.6156
11.351	 2.05	 1	 -39.1030	  176.7068
11.355	 2.45	 1	 -42.1982	  179.1029
11.362	 2.13	 2	 -41.8141	  174.3196
11.365	 2.27	 1	 -41.9333	  170.9793
11.368	 2.08	 1	 -39.7767	  176.3585
11.384	 2.51	 1	 -44.3128	  167.3153
11.389	 2.09	 1	 -38.2571	  172.0163
11.403	 2.26	 1	 -45.1181	  167.8707
11.413	 2.35	 1	 -43.9490	  174.3221
11.419	 2.17	 1	 -42.0138	  175.6585
11.422	 2.99	 1	 -40.3448	  171.9228
11.425	 2.86	 1	 -44.4125	  172.1905
11.425	 2.28	 1	 -42.4173	  173.6690
11.428	 2.33	 1	 -39.4591	  177.2736
11.438	 2.00	 1	 -41.6807	  167.0612
11.456	 2.43	 1	 -40.5612	  175.3393
11.479	 2.02	 1	 -42.0000	  173.7032
11.486	 2.07	 1	 -42.2493	  170.1960
11.487	 3.20	 1	 -42.3004	  173.6979
11.499	 2.05	 1	 -40.8871	  172.9065
11.504	 2.07	 1	 -45.8458	  173.6683
11.515	 2.21	 1	 -41.8535	  173.5224
11.539	 2.36	 1	 -47.1024	  171.8260
11.552	 2.39	 1	 -44.0643	  172.6005
11.555	 2.48	 1	 -45.7806	  177.4691
11.562	 3.64	 1	 -43.9754	  171.3587
11.569	 2.14	 1	 -41.6145	  174.2954
11.569	 2.81	 1	 -42.1069	  174.5893
11.570	 2.59	 1	 -41.1174	  178.7523
11.575	 2.34	 1	 -41.3681	  167.4726
11.577	 3.28	 1	 -42.7958	  172.4624
11.583	 2.10	 1	 -45.0855	  173.4135
11.588	 2.04	 1	 -41.0257	  174.0877
11.594	 2.17	 1	 -43.0815	  176.6686
11.595	 2.44	 1	 -44.3202	  173.6177
11.599	 2.58	 1	 -42.1774	  173.4722
11.602	 2.33	 1	 -42.2206	  174.2522
11.612	 2.40	 1	 -41.7732	  173.4595
11.623	 2.06	 1	 -42.8599	  173.8008
11.635	 3.05	 1	 -44.0026	  172.4885
11.643	 2.17	 1	 -38.6022	  175.5634
11.654	 2.85	 1	 -41.6399	  171.1862
11.656	 2.34	 3	 -44.5915	  172.8532
11.670	 2.07	 1	 -41.7896	  174.1792
11.676	 2.30	 1	 -45.4444	  174.2372
11.677	 2.24	 1	 -42.1138	  171.4832
11.692	 2.05	 1	 -43.9619	  175.2462
11.703	 2.02	 1	 -42.6261	  179.1393
11.710	 2.07	 1	 -42.1548	  172.8739
11.724	 3.51	 1	 -41.7261	  174.2197
11.724	 2.02	 1	 -44.9178	  171.3553
11.736	 2.15	 1	 -41.9609	  173.6853
11.757	 4.41	 1	 -43.5273	  173.0719
11.761	 2.79	 2	 -43.6343	  173.0224
11.762	 3.85	 1	 -40.0193	  168.1028
11.772	 2.84	 1	 -42.7454	  172.1234
11.825	 2.03	 1	 -40.6798	  173.8251
11.829	 2.49	 1	 -41.6985	  174.2891
11.829	 2.01	 2	 -43.5758	  173.1172
11.837	 3.15	 1	 -42.1029	  166.9572
11.840	 3.03	 2	 -41.7733	  174.0743
11.841	 2.12	 1	 -46.9612	  172.9485
11.849	 2.09	 1	 -42.6980	  174.5201
11.851	 2.06	 1	 -43.7441	  172.2799
11.858	 2.33	 1	 -43.1877	  170.9296
11.880	 2.10	 1	 -46.6200	  171.6632
11.893	 2.11	 1	 -42.2802	  173.7825
11.909	 2.87	 1	 -42.8758	  171.9801
11.912	 2.66	 1	 -43.8328	  167.1043
11.918	 2.74	 1	 -42.0653	  168.9984
11.931	 2.13	 1	 -41.2065	  172.3120
11.937	 4.20	 1	 -45.4472	  171.9936
11.941	 2.11	 2	 -45.4491	  172.0137
11.943	 2.08	 1	 -40.3503	  171.1928
11.956	 2.65	 2	 -45.4856	  171.9665
11.965	 3.21	 1	 -41.7962	  174.1614
11.966	 2.82	 1	 -41.4769	  173.9546
11.990	 2.02	 1	 -46.2918	  174.9393
11.992	 3.06	 1	 -41.9606	  174.1484
11.993	 2.30	 1	 -44.1817	  174.3696
12.010	 2.80	 1	 -47.1727	  172.4989
12.011	 2.86	 1	 -46.4661	  169.6951
12.015	 2.00	 1	 -44.0893	  174.2300
12.016	 2.01	 1	 -46.2882	  173.9823
12.021	 2.62	 1	 -42.8955	  171.3376
12.033	 2.19	 1	 -47.0809	  174.3561
12.034	 3.52	 1	 -45.4796	  169.6744
12.041	 2.78	 1	 -42.0341	  173.6532
12.047	 2.05	 1	 -39.7329	  168.4164
12.059	 2.12	 1	 -41.8263	  173.0849
12.066	 2.30	 1	 -47.1859	  173.2538
12.089	 3.19	 1	 -41.8032	  174.2121
12.093	 2.67	 1	 -41.9351	  175.5760
12.096	 2.36	 1	 -41.8544	  173.9743
12.101	 2.31	 1	 -45.1725	  167.9189
12.106	 2.13	 1	 -43.8239	  174.8945
12.111	 2.29	 1	 -44.3324	  170.8972
12.126	 2.10	 1	 -39.8706	  173.8814
12.134	 2.21	 1	 -39.2295	  176.9245
12.142	 2.21	 1	 -43.6225	  176.0584
12.143	 2.11	 1	 -43.5944	  174.6256
12.146	 2.73	 1	 -42.1116	  173.5908
12.151	 2.02	 1	 -41.3743	  178.8711
12.153	 2.12	 1	 -41.8197	  174.2039
12.157	 2.17	 1	 -44.5683	  172.0915
12.171	 2.39	 1	 -41.6383	  174.2226
12.174	 2.33	 1	 -41.3476	  167.1844
12.176	 3.05	 1	 -42.1734	  177.6902
12.179	 2.74	 2	 -42.1723	  169.6319
12.182	 2.74	 1	 -41.9432	  174.0869
12.184	 2.55	 1	 -42.5081	  173.4850
12.189	 2.58	 1	 -42.5577	  169.5299
12.192	 2.36	 1	 -43.8021	  178.9508
12.201	 3.99	 1	 -43.6801	  172.8318
12.204	 2.37	 1	 -42.5744	  172.7337
12.204	 2.98	 1	 -41.8297	  173.5649
12.215	 2.76	 1	 -46.1872	  169.3840
12.216	 2.46	 1	 -45.1363	  170.0032
12.217	 2.05	 1	 -45.0985	  167.8538
12.230	 2.34	 1	 -43.6408	  169.2561
12.233	 2.23	 1	 -43.2444	  166.9506
12.234	 2.48	 1	 -42.1263	  173.7428
12.257	 2.47	 1	 -41.0696	  169.9792
12.282	 2.95	 1	 -45.8602	  168.6801
12.285	 2.29	 1	 -44.4454	  167.3883
12.290	 2.44	 1	 -39.1487	  169.2565
12.291	 2.54	 1	 -38.6234	  170.4187
12.293	 2.26	 1	 -43.1334	  171.9913
12.297	 2.62	 1	 -46.2094	  172.6807
12.297	 2.74	 1	 -41.7074	  178.9913
12.303	 2.48	 1	 -39.6657	  176.2195
12.311	 2.05	 1	 -41.7736	  174.2230
12.328	 2.17	 1	 -43.2538	  176.7694
12.335	 2.25	 1	 -43.9642	  168.2752
12.338	 2.00	 1	 -41.9077	  173.7101
12.342	 2.18	 1	 -42.1320	  173.6151
12.350	 2.06	 2	 -44.1943	  175.5473
12.353	 2.11	 1	 -42.3777	  173.4928
12.353	 2.14	 1	 -42.2599	  173.6178
12.357	 2.03	 1	 -42.5042	  174.1156
12.359	 2.66	 1	 -43.6179	  173.5790
12.360	 2.04	 1	 -43.2416	  171.5367
12.372	 2.03	 1	 -42.9296	  173.2624
12.391	 2.80	 1	 -43.5667	  173.0672
12.405	 2.46	 1	 -42.1661	  173.6275
12.406	 2.29	 1	 -41.5965	  174.2760
12.433	 2.13	 1	 -41.4542	  175.6707
12.457	 3.26	 1	 -45.8515	  173.8115
12.457	 2.30	 1	 -42.7382	  173.2010
12.458	 2.17	 2	 -42.7338	  173.1784
12.458	 2.30	 1	 -45.0153	  169.7241
12.463	 2.36	 1	 -43.2460	  172.5270
12.466	 2.70	 1	 -43.0718	  172.8282
12.471	 2.36	 1	 -41.5309	  169.7637
12.483	 2.56	 1	 -42.7288	  177.9233
12.508	 2.39	 1	 -43.0827	  174.0527
12.524	 2.21	 1	 -43.3970	  172.2672
12.529	 2.89	 1	 -41.3390	  169.0871
12.542	 2.31	 1	 -42.7387	  172.9245
12.570	 2.38	 1	 -43.5610	  169.8916
12.571	 2.05	 1	 -40.3331	  178.2301
12.575	 2.50	 1	 -47.0697	  174.4226
12.581	 2.32	 1	 -41.7387	  174.3252
12.583	 2.14	 1	 -42.8291	  173.8698
12.585	 2.88	 1	 -43.4687	  171.3135
12.600	 2.95	 1	 -42.7438	  172.3534
12.606	 2.66	 1	 -42.9719	  172.0402
12.610	 2.16	 1	 -38.5988	  173.1104
12.613	 3.43	 1	 -40.9731	  178.6750
12.614	 2.17	 1	 -39.9788	  171.2532
12.615	 2.54	 1	 -39.8643	  177.7783
12.617	 2.28	 1	 -41.6341	  172.8303
12.626	 2.28	 1	 -42.2193	  179.1060
12.628	 2.27	 1	 -46.5797	  176.0976
12.631	 2.05	 2	 -42.1993	  169.0646
12.632	 2.91	 1	 -44.3125	  169.0814
12.634	 2.13	 1	 -41.8236	  171.5979
12.654	 2.04	 1	 -42.7695	  175.6242
12.676	 2.29	 1	 -40.7349	  175.0751
12.683	 3.57	 1	 -43.9241	  171.4189
12.689	 2.42	 1	 -42.4498	  174.2245
12.702	 2.33	 1	 -38.8049	  169.9478
12.718	 2.85	 2	 -41.8254	  173.5591
12.727	 2.49	 1	 -42.0575	  174.5283
12.745	 2.31	 1	 -41.4363	  173.4972
12.751	 2.02	 1	 -41.7644	  172.6278
12.764	 2.48	 1	 -38.3955	  174.7254
12.770	 2.42	 1	 -41.2428	  167.2310
12.785	 2.46	 1	 -38.9443	  176.4017
12.789	 2.32	 1	 -45.4481	  168.1876
12.809	 2.16	 1	 -45.1755	  178.1226
12.811	 3.36	 1	 -38.1963	  172.9440
12.816	 2.32	 2	 -38.2116	  172.9430
12.825	 2.47	 2	 -45.1766	  178.1229
12.828	 2.52	 1	 -42.6660	  173.6047
12.830	 2.30	 1	 -41.1149	  178.7510
12.832	 2.76	 1	 -42.2681	  175.6224
12.834	 2.47	 1	 -42.6544	  173.5953
12.836	 2.15	 1	 -40.8389	  167.4483
12.841	 3.03	 1	 -46.9946	  171.2423
12.846	 2.60	 1	 -44.4847	  169.5727
12.864	 2.85	 1	 -45.9022	  168.7375
12.867	 3.11	 1	 -44.1159	  171.7915
12.869	 2.33	 1	 -42.9575	  172.1468
12.876	 2.14	 1	 -39.0039	  169.5232
12.888	 2.88	 1	 -44.2554	  171.9336
12.919	 2.62	 1	 -40.8804	  168.7648
12.919	 2.04	 1	 -43.9151	  171.5166
12.923	 2.06	 1	 -38.5380	  170.6816
12.937	 2.64	 1	 -41.5344	  171.9222
12.949	 2.14	 1	 -39.2993	  177.0364
12.956	 2.54	 1	 -41.1333	  170.9212
12.960	 2.01	 1	 -43.7594	  173.4778
12.961	 2.27	 1	 -42.2423	  166.9351
12.967	 2.78	 1	 -42.7024	  173.0239
12.970	 2.53	 1	 -42.7493	  172.6921
12.978	 2.20	 1	 -43.2201	  171.7080
12.998	 2.33	 1	 -44.2083	  175.6752
13.018	 2.17	 1	 -40.6497	  173.5323
13.018	 2.00	 1	 -46.5806	  169.9489
13.030	 2.86	 1	 -41.6931	  174.2397
13.030	 2.14	 1	 -42.3086	  173.6264
13.032	 2.20	 1	 -42.0374	  176.8667
13.048	 2.24	 2	 -41.6495	  174.2526
13.050	 2.10	 1	 -42.2802	  172.6304
13.054	 2.30	 1	 -43.1655	  169.1629
13.054	 2.35	 1	 -42.4141	  172.7498
13.058	 2.00	 1	 -42.0203	  175.3029
13.067	 2.31	 1	 -44.3675	  172.6466
13.068	 2.00	 1	 -42.9469	  173.5316
13.082	 3.95	 1	 -42.9726	  173.0227
13.091	 2.12	 1	 -42.1097	  172.9268
13.100	 2.08	 1	 -42.9749	  173.3392
13.107	 3.08	 1	 -38.8413	  169.8641
13.108	 3.03	 1	 -43.2438	  172.9751
13.109	 2.54	 1	 -40.6982	  171.4156
13.139	 2.52	 3	 -42.8502	  169.0460
13.149	 2.16	 1	 -43.1139	  174.3547
13.166	 2.30	 1	 -38.6260	  175.6332
13.173	 2.65	 1	 -43.4287	  177.7639
13.179	 2.25	 1	 -39.3823	  172.0661
13.190	 2.86	 1	 -41.6375	  174.5195
13.192	 2.27	 3	 -43.1068	  169.6583
13.205	 2.03	 1	 -44.5257	  172.7195
13.212	 2.17	 1	 -42.4877	  173.2858
13.217	 2.77	 1	 -41.8204	  173.9474
13.235	 2.58	 1	 -46.8828	  175.2414
13.237	 3.60	 1	 -41.9434	  173.9983
13.245	 2.29	 1	 -42.0257	  166.9720
13.246	 2.44	 1	 -42.3749	  174.0292
13.249	 2.38	 1	 -42.3972	  171.1967
13.251	 2.06	 1	 -44.6108	  177.4428
13.252	 2.09	 1	 -47.0532	  174.5153
13.253	 2.12	 1	 -42.6486	  172.8748
13.276	 2.21	 1	 -41.8388	  169.7525
13.283	 2.12	 1	 -40.6461	  167.5746
13.284	 2.81	 1	 -45.1956	  167.9399
13.290	 2.98	 1	 -41.3758	  171.5195
13.299	 2.52	 1	 -43.6610	  175.3451
13.302	 2.04	 1	 -41.4557	  173.4386
13.305	 4.49	 1	 -46.9901	  174.8224
13.312	 2.14	 1	 -38.3102	  174.3923
13.313	 2.05	 1	 -43.3812	  174.1453
13.314	 4.91	 1	 -45.7987	  172.8861
13.317	 3.70	 1	 -41.0268	  173.8461
13.326	 2.25	 1	 -43.8329	  173.0963
13.332	 2.44	 3	 -43.0534	  169.6569
13.366	 2.67	 1	 -41.1477	  172.8289
13.370	 2.69	 2	 -41.2101	  172.8320
13.370	 2.01	 1	 -41.5161	  172.3602
13.372	 3.46	 1	 -41.5370	  171.8910
13.387	 3.24	 1	 -42.3328	  174.0278
13.404	 2.55	 1	 -41.7097	  174.3961
13.410	 2.86	 2	 -49.0069	  180.7142
13.413	 2.53	 1	 -43.3332	  167.9172
13.419	 2.17	 1	 -43.0981	  174.2883
13.421	 2.07	 2	 -41.9471	  173.9965
13.422	 2.65	 1	 -41.6983	  174.1971
13.422	 2.15	 1	 -42.1024	  173.7097
13.427	 2.03	 2	 -45.8235	  172.9252
13.433	 2.22	 2	 -43.3439	  167.9179
13.435	 2.19	 1	 -40.4536	  171.7280
13.444	 2.02	 1	 -44.1097	  167.2161
13.446	 2.27	 1	 -43.4936	  174.1901
13.446	 2.44	 1	 -42.5506	  171.8525
13.449	 2.21	 1	 -43.4859	  171.3160
13.458	 2.12	 1	 -46.2222	  171.4483
13.480	 2.11	 1	 -41.7082	  169.7551
13.480	 2.06	 1	 -45.4161	  170.3604
13.487	 2.20	 1	 -42.6764	  173.0592
13.514	 2.63	 1	 -39.5991	  176.8470
13.521	 2.28	 1	 -42.3391	  173.5096
13.530	 3.60	 1	 -46.6344	  170.0785
13.536	 2.64	 1	 -46.5991	  175.3294
13.545	 2.96	 1	 -42.1150	  173.9389
13.546	 2.18	 1	 -42.3608	  174.0213
13.548	 2.39	 1	 -41.4209	  173.3042
13.549	 2.09	 1	 -43.5140	  179.0370
13.557	 2.91	 1	 -40.9252	  174.8688
13.567	 2.72	 1	 -39.3605	  176.5308
13.571	 2.36	 1	 -38.2762	  171.8713
13.585	 2.03	 1	 -46.0882	  177.0326
13.604	 2.76	 1	 -42.3848	  171.8076
13.610	 2.24	 1	 -41.8167	  174.0032
13.624	 2.30	 1	 -41.7631	  174.3984
13.655	 2.08	 1	 -41.6509	  174.3607
13.665	 2.08	 1	 -41.6639	  174.2609
13.672	 2.42	 1	 -41.5550	  172.1956
13.672	 2.02	 2	 -41.5559	  172.1987
13.701	 4.00	 1	 -38.6435	  170.4705
13.706	 2.98	 1	 -42.6947	  173.4481
13.746	 3.02	 1	 -46.2449	  175.0343
13.752	 2.01	 1	 -42.3257	  173.8901
13.767	 4.84	 2	 -45.1666	  175.7550
13.767	 2.24	 3	 -45.1392	  175.7364
13.768	 2.10	 3	 -45.1683	  175.7301
13.772	 2.46	 3	 -45.1224	  175.7531
13.773	 2.11	 1	 -38.9504	  175.3877
13.776	 2.33	 1	 -44.2480	  175.6047
13.783	 2.33	 3	 -45.1356	  175.7491
13.796	 3.17	 1	 -40.9812	  178.6795
13.801	 2.42	 1	 -42.1355	  179.0928
13.818	 2.01	 1	 -42.1069	  173.7392
13.858	 2.39	 1	 -42.1239	  173.5723
13.860	 2.03	 1	 -39.4723	  176.8715
13.923	 2.01	 1	 -42.9667	  166.9157
13.946	 2.47	 1	 -42.2255	  173.9948
13.968	 2.57	 1	 -42.1255	  179.0911
13.978	 2.19	 1	 -43.2718	  174.5469
13.981	 2.27	 1	 -41.9306	  173.7720
13.982	 2.03	 1	 -43.0940	  172.3696
13.994	 3.58	 3	 -45.1904	  175.7604
13.998	 2.52	 2	 -43.6999	  172.9638
