# Simulation 914
# RelativeTime(days) Magnitude Generation Latitude Longitude
Time Mag Gen Lat Lon
7.005	 2.00	 1	 -41.8758	  172.9700
7.009	 2.08	 1	 -47.1881	  172.8929
7.016	 2.07	 1	 -42.4100	  172.8941
7.021	 2.61	 1	 -42.7454	  174.2157
7.025	 2.26	 1	 -42.1545	  166.9483
7.030	 2.09	 1	 -39.5344	  178.4901
7.031	 2.21	 1	 -45.1524	  167.9009
7.041	 2.24	 1	 -42.4355	  166.9143
7.048	 2.08	 1	 -41.9616	  174.9253
7.055	 3.21	 1	 -43.2922	  173.1745
7.061	 2.20	 1	 -43.2679	  172.8474
7.067	 2.25	 1	 -44.6685	  173.4845
7.069	 2.03	 1	 -42.0912	  172.1892
7.078	 2.06	 1	 -42.1046	  172.8968
7.080	 2.04	 1	 -38.3244	  171.5705
7.080	 3.41	 1	 -43.8340	  175.7376
7.084	 2.08	 1	 -42.2402	  173.5661
7.088	 2.02	 1	 -42.0692	  166.9634
7.088	 2.34	 1	 -43.4802	  166.9989
7.091	 2.09	 1	 -46.0944	  173.9975
7.102	 2.38	 1	 -44.4715	  175.3740
7.112	 2.57	 1	 -41.7334	  174.1370
7.112	 2.10	 1	 -44.2172	  167.2668
7.115	 2.01	 1	 -45.3077	  168.0454
7.117	 2.29	 1	 -42.3604	  172.5270
7.120	 2.78	 1	 -42.6749	  174.7113
7.121	 2.25	 1	 -42.5059	  172.8667
7.122	 2.05	 1	 -42.8629	  172.6352
7.127	 2.85	 1	 -42.4205	  173.6616
7.128	 2.66	 1	 -40.8085	  171.6057
7.156	 2.13	 1	 -43.4937	  167.8963
7.157	 2.34	 1	 -42.4589	  172.9272
7.158	 2.09	 1	 -42.2445	  176.5086
7.164	 2.86	 1	 -46.3420	  176.5962
7.171	 2.22	 1	 -39.5442	  168.6541
7.182	 2.01	 1	 -41.4020	  173.6496
7.188	 2.45	 1	 -43.4979	  171.4577
7.193	 2.00	 1	 -41.6686	  173.4861
7.197	 2.10	 1	 -42.0820	  174.3839
7.205	 2.27	 1	 -43.1837	  174.7361
7.212	 2.34	 1	 -42.4370	  173.3022
7.221	 2.34	 1	 -42.9860	  173.3547
7.232	 2.04	 1	 -44.2222	  173.1055
7.247	 3.90	 1	 -42.0253	  173.8206
7.250	 2.10	 1	 -43.5935	  167.0284
7.252	 2.10	 1	 -40.6564	  172.3413
7.253	 2.91	 1	 -41.8379	  172.0921
7.253	 2.11	 1	 -38.6619	  170.3102
7.256	 2.53	 1	 -45.2960	  170.1594
7.257	 2.64	 1	 -41.9295	  172.3625
7.262	 2.19	 1	 -44.2617	  177.9817
7.266	 2.65	 1	 -41.8620	  172.1602
7.271	 2.57	 1	 -42.3386	  173.7570
7.272	 2.49	 1	 -43.6556	  170.4090
7.277	 2.62	 1	 -41.6302	  174.0849
7.281	 2.07	 1	 -43.7855	  172.7872
7.287	 2.58	 1	 -47.1503	  172.2195
7.299	 2.36	 1	 -41.7155	  171.0751
7.301	 2.50	 1	 -43.7983	  170.6613
7.314	 2.74	 1	 -39.2187	  176.9067
7.315	 2.20	 1	 -44.9440	  174.5838
7.322	 2.08	 1	 -43.0965	  175.5913
7.323	 2.18	 1	 -39.7558	  170.5504
7.330	 2.10	 1	 -40.4533	  172.8242
7.341	 2.16	 1	 -39.5777	  174.0300
7.347	 2.53	 1	 -42.6648	  172.7574
7.361	 2.34	 1	 -42.1082	  172.3838
7.362	 2.00	 1	 -41.3835	  172.1792
7.373	 2.09	 1	 -42.6528	  173.4344
7.375	 2.55	 1	 -43.5248	  172.1190
7.380	 2.58	 1	 -42.1094	  170.0320
7.389	 2.28	 1	 -44.4217	  176.5315
7.401	 2.03	 1	 -46.3404	  176.5993
7.403	 2.18	 1	 -41.8448	  174.2168
7.413	 2.21	 1	 -42.4453	  173.7759
7.413	 2.02	 1	 -44.2400	  172.9556
7.416	 2.23	 1	 -38.9903	  172.3658
7.418	 2.78	 1	 -41.7120	  174.2890
7.420	 2.04	 1	 -41.0982	  174.5633
7.431	 2.08	 1	 -46.8703	  174.3938
7.446	 2.43	 1	 -40.1353	  171.1814
7.448	 2.40	 1	 -41.9452	  173.0220
7.451	 2.72	 1	 -42.2737	  171.6202
7.451	 2.39	 1	 -43.1172	  174.2422
7.452	 2.96	 1	 -46.7848	  170.4867
7.455	 2.75	 1	 -42.1767	  179.0996
7.478	 2.00	 1	 -46.5895	  169.9698
7.479	 2.31	 1	 -42.8108	  173.1536
7.479	 2.79	 1	 -42.7176	  172.5576
7.481	 2.96	 1	 -45.9363	  177.2589
7.483	 2.46	 1	 -42.0928	  173.0093
7.490	 3.97	 1	 -42.4791	  172.6781
7.492	 2.08	 1	 -38.2721	  173.1036
7.499	 2.27	 1	 -43.6677	  167.9855
7.503	 2.13	 1	 -44.3044	  170.4498
7.510	 3.60	 1	 -44.8195	  178.4123
7.511	 2.04	 1	 -42.2528	  173.7431
7.512	 2.02	 2	 -44.8223	  178.4183
7.523	 2.16	 1	 -44.2097	  170.5963
7.523	 2.04	 1	 -41.8050	  178.8042
7.529	 2.65	 1	 -45.2599	  175.1357
7.529	 2.01	 1	 -42.3647	  172.6637
7.530	 2.11	 1	 -47.1846	  173.2963
7.532	 2.19	 1	 -42.6835	  172.4587
7.537	 2.97	 1	 -43.1448	  166.9353
7.542	 2.11	 1	 -42.8329	  171.8090
7.548	 2.38	 1	 -42.7673	  176.1892
7.569	 2.03	 1	 -40.8207	  177.0055
7.588	 2.26	 1	 -42.0053	  176.2018
7.589	 2.19	 1	 -46.9747	  174.8887
7.591	 3.16	 1	 -42.3652	  172.9035
7.597	 2.00	 1	 -41.8213	  174.2098
7.599	 2.00	 1	 -43.4070	  166.9821
7.616	 2.40	 1	 -42.5715	  173.5336
7.618	 2.31	 1	 -41.7483	  174.4069
7.629	 2.24	 1	 -43.2721	  172.9238
7.632	 2.97	 1	 -47.1505	  172.2222
7.633	 2.04	 1	 -42.3775	  173.4375
7.646	 2.22	 1	 -42.4419	  174.0793
7.648	 2.25	 1	 -41.3786	  172.6030
7.649	 2.22	 1	 -44.9434	  172.0088
7.653	 2.20	 1	 -43.0843	  171.0653
7.656	 2.38	 1	 -38.4867	  170.8580
7.660	 2.01	 1	 -43.2943	  172.2552
7.660	 2.10	 1	 -42.4296	  173.1174
7.661	 2.00	 1	 -42.6338	  173.3140
7.666	 2.20	 1	 -42.6495	  174.0845
7.685	 2.08	 1	 -43.5729	  171.6756
7.697	 2.11	 1	 -42.6759	  179.1399
7.702	 2.18	 1	 -38.3767	  174.7395
7.708	 2.63	 1	 -41.1772	  177.1401
7.712	 3.24	 1	 -42.0481	  173.8613
7.712	 2.46	 1	 -46.7880	  175.5480
7.714	 2.30	 1	 -43.2366	  171.0022
7.721	 2.09	 1	 -42.2526	  171.5133
7.724	 2.08	 1	 -39.0327	  176.5766
7.729	 2.21	 1	 -42.2654	  172.7475
7.733	 2.11	 1	 -46.4976	  171.6934
7.744	 2.34	 1	 -41.3884	  172.7143
7.750	 3.30	 1	 -41.6363	  175.2596
7.764	 2.10	 1	 -39.3001	  169.0067
7.764	 2.16	 1	 -38.1964	  172.9370
7.766	 2.92	 1	 -42.2451	  173.7007
7.767	 2.91	 1	 -43.4297	  166.9871
7.775	 2.40	 1	 -42.6639	  174.1159
7.785	 2.98	 1	 -38.6439	  175.6841
7.791	 2.09	 1	 -46.0846	  169.0061
7.802	 2.11	 1	 -47.1131	  174.1422
7.805	 2.34	 1	 -38.4686	  170.9242
7.806	 2.46	 1	 -47.0905	  171.8725
7.810	 2.53	 1	 -42.4674	  172.3068
7.814	 2.20	 1	 -43.3506	  173.5198
7.814	 2.14	 1	 -41.4105	  171.8666
7.825	 2.31	 1	 -46.8432	  175.3752
7.830	 3.30	 1	 -44.7161	  174.7818
7.855	 2.19	 1	 -42.1772	  173.6738
7.860	 2.10	 1	 -42.7148	  173.0607
7.863	 3.94	 1	 -43.7781	  172.3509
7.872	 2.06	 1	 -41.2105	  172.7386
7.876	 2.01	 1	 -38.3357	  171.5084
7.880	 2.51	 1	 -43.9955	  173.3484
7.891	 2.20	 1	 -40.2910	  175.0612
7.901	 2.38	 1	 -38.2120	  173.5386
7.902	 2.29	 1	 -42.8158	  171.6306
7.903	 2.91	 1	 -42.4337	  170.8224
7.909	 2.04	 1	 -41.6479	  175.5336
7.910	 2.36	 1	 -38.5657	  175.4516
7.919	 2.30	 1	 -45.5405	  169.7928
7.920	 2.25	 1	 -41.7087	  171.3616
7.922	 2.40	 1	 -42.2693	  173.6657
7.946	 3.15	 1	 -41.1978	  171.7625
7.956	 2.19	 1	 -41.0649	  178.7251
7.957	 2.02	 1	 -42.7095	  173.4552
7.958	 2.32	 1	 -42.1526	  173.7592
7.961	 3.19	 1	 -43.5688	  173.5051
7.962	 2.43	 1	 -43.9169	  172.3870
7.966	 2.61	 1	 -42.7835	  173.5760
7.977	 2.81	 1	 -41.8410	  176.0318
7.988	 2.55	 1	 -42.7766	  171.8617
7.995	 2.37	 1	 -41.9911	  173.6933
7.999	 2.47	 1	 -43.4375	  174.6233
8.009	 2.50	 1	 -40.3164	  172.8945
8.010	 2.08	 1	 -38.5363	  175.3569
8.014	 2.10	 1	 -43.2408	  173.5759
8.024	 2.13	 1	 -42.5258	  174.9913
8.025	 2.83	 1	 -44.4905	  178.6296
8.027	 2.22	 1	 -47.1328	  173.9874
8.029	 2.20	 1	 -45.5812	  168.3396
8.032	 2.05	 1	 -45.2486	  178.0554
8.068	 2.18	 1	 -44.1824	  172.8736
8.073	 2.09	 1	 -42.7076	  172.8517
8.077	 2.08	 1	 -40.7682	  171.0955
8.078	 2.15	 1	 -38.1962	  173.0827
8.081	 2.07	 1	 -42.3370	  172.3323
8.084	 2.86	 1	 -38.4478	  175.0410
8.086	 2.00	 1	 -42.9876	  166.9175
8.089	 2.29	 1	 -43.2407	  172.4571
8.098	 2.10	 1	 -42.2890	  170.3594
8.106	 2.84	 1	 -40.7535	  167.5024
8.106	 2.38	 1	 -41.8923	  174.1667
8.110	 2.09	 1	 -42.6983	  174.5964
8.125	 4.05	 1	 -45.5415	  173.3731
8.127	 2.48	 2	 -45.6380	  173.4081
8.129	 2.80	 1	 -42.2349	  173.6717
8.130	 2.04	 1	 -42.3214	  173.5834
8.130	 2.59	 1	 -42.1114	  173.8271
8.134	 2.59	 1	 -43.0144	  171.3888
8.135	 3.06	 1	 -42.4592	  173.7743
8.136	 2.12	 1	 -38.6957	  175.8252
8.138	 3.86	 1	 -40.0147	  173.8245
8.173	 2.42	 1	 -41.2930	  167.2082
8.174	 2.92	 1	 -42.4425	  173.7827
8.181	 3.05	 1	 -42.2479	  172.5635
8.190	 2.27	 1	 -41.8869	  173.3380
8.193	 3.04	 1	 -42.9654	  166.9156
8.200	 2.06	 1	 -43.7685	  174.3576
8.204	 2.23	 1	 -43.6951	  174.1237
8.207	 3.26	 1	 -42.1761	  174.0864
8.207	 2.40	 1	 -42.4930	  167.3337
8.210	 2.53	 1	 -42.5731	  173.6047
8.213	 2.25	 1	 -42.0959	  173.8365
8.221	 2.10	 1	 -43.4788	  171.8566
8.228	 2.17	 1	 -42.8903	  172.0006
8.238	 2.06	 1	 -42.7858	  172.9698
8.240	 2.33	 1	 -43.3038	  173.8491
8.252	 2.10	 1	 -47.1390	  172.1107
8.255	 2.28	 1	 -43.1504	  173.1577
8.260	 2.89	 1	 -43.1405	  173.3166
8.260	 2.11	 1	 -43.6554	  174.1834
8.266	 2.19	 1	 -42.7850	  170.6707
8.291	 2.30	 1	 -42.4480	  174.2151
8.301	 3.10	 1	 -42.1792	  173.7070
8.305	 2.81	 1	 -43.0641	  172.9452
8.313	 3.87	 1	 -45.1704	  170.7103
8.315	 2.47	 1	 -42.4543	  175.3483
8.325	 2.27	 1	 -42.2933	  173.7476
8.329	 2.09	 1	 -40.2943	  172.4635
8.333	 2.43	 2	 -42.4575	  174.2341
8.349	 2.23	 1	 -41.8466	  173.4509
8.351	 2.23	 1	 -42.2257	  172.8519
8.353	 2.45	 1	 -42.0441	  174.0215
8.373	 2.10	 1	 -42.9156	  172.1981
8.375	 2.02	 1	 -40.3219	  175.0810
8.393	 2.23	 1	 -42.1651	  173.6702
8.403	 2.23	 1	 -42.9805	  175.3391
8.409	 2.04	 1	 -43.8457	  168.4837
8.418	 2.05	 1	 -39.4088	  177.2015
8.430	 2.15	 1	 -43.0039	  173.4078
8.440	 2.28	 1	 -42.6748	  174.4871
8.448	 3.00	 1	 -42.4520	  174.0426
8.451	 2.25	 1	 -41.6320	  171.8571
8.452	 2.22	 1	 -43.7657	  171.1828
8.455	 2.45	 1	 -43.4016	  172.4149
8.458	 2.04	 1	 -42.5364	  174.1453
8.466	 2.13	 1	 -41.5248	  171.6745
8.474	 2.19	 1	 -45.8915	  168.7228
8.483	 2.68	 1	 -42.0584	  172.5144
8.498	 2.21	 1	 -43.9903	  170.2913
8.506	 2.85	 1	 -41.7655	  170.9230
8.515	 2.56	 1	 -42.3355	  173.3605
8.517	 2.19	 1	 -42.5276	  169.7468
8.522	 2.08	 1	 -41.9700	  171.3953
8.523	 2.58	 1	 -42.6356	  172.7901
8.525	 3.00	 1	 -43.0997	  173.5108
8.531	 2.26	 1	 -45.7815	  168.5763
8.532	 2.07	 1	 -41.8896	  172.7825
8.535	 2.86	 1	 -43.7799	  179.5872
8.540	 2.55	 1	 -43.0620	  172.9152
8.550	 2.33	 1	 -41.7671	  173.3072
8.567	 2.08	 1	 -42.9782	  172.8965
8.582	 2.06	 1	 -39.2689	  169.0560
8.585	 2.77	 1	 -40.6445	  169.5752
8.592	 2.12	 1	 -42.7848	  169.7791
8.601	 2.51	 1	 -42.5471	  173.9034
8.609	 2.45	 1	 -41.5189	  174.4319
8.630	 2.35	 1	 -42.3674	  173.7709
8.631	 2.55	 1	 -39.9830	  177.9045
8.632	 2.47	 1	 -42.7479	  172.2796
8.637	 2.07	 1	 -42.6133	  172.8780
8.644	 2.46	 1	 -42.5543	  173.8673
8.648	 2.36	 1	 -44.0916	  174.1425
8.657	 2.13	 1	 -40.5322	  169.2254
8.661	 2.29	 1	 -41.1580	  174.9523
8.690	 2.18	 1	 -46.9441	  175.0141
8.693	 2.24	 1	 -44.5635	  170.0074
8.704	 2.00	 1	 -41.5721	  167.8869
8.708	 2.13	 1	 -42.5247	  173.5822
8.709	 2.10	 1	 -47.0909	  171.7504
8.721	 2.99	 1	 -41.4473	  174.5924
8.728	 2.01	 1	 -42.4324	  172.4523
8.737	 3.18	 1	 -42.3875	  175.9118
8.743	 2.36	 1	 -43.0059	  173.1320
8.744	 2.75	 1	 -42.6652	  172.4979
8.745	 2.10	 1	 -42.3567	  170.2836
8.748	 2.01	 1	 -46.9453	  175.0094
8.786	 2.71	 1	 -43.2407	  174.3928
8.786	 2.47	 1	 -43.0654	  178.1248
8.788	 2.63	 1	 -42.2998	  172.7596
8.791	 2.33	 1	 -42.2430	  175.8197
8.794	 3.59	 1	 -42.1946	  173.7531
8.813	 2.42	 1	 -38.2384	  173.8607
8.823	 2.08	 1	 -41.7415	  172.2730
8.829	 2.40	 1	 -42.3193	  172.8553
8.830	 2.54	 1	 -41.8505	  172.1959
8.832	 4.55	 1	 -43.5910	  172.2417
8.833	 3.64	 1	 -42.6514	  171.7286
8.845	 2.07	 1	 -43.2892	  173.3144
8.849	 2.56	 1	 -38.2070	  172.5925
8.853	 2.20	 1	 -40.8210	  169.8973
8.865	 2.07	 1	 -41.8928	  175.4310
8.866	 2.25	 1	 -41.5143	  173.0753
8.876	 2.08	 1	 -41.9209	  173.2525
8.877	 2.60	 1	 -41.8941	  175.3725
8.885	 2.73	 1	 -43.6123	  173.6061
8.892	 2.13	 1	 -42.8782	  174.8154
8.893	 2.19	 1	 -42.6030	  173.8134
8.896	 2.70	 1	 -39.2263	  172.0027
8.913	 2.09	 1	 -46.0677	  177.0645
8.922	 2.69	 1	 -42.5264	  172.3999
8.928	 3.73	 1	 -42.9125	  175.1490
8.933	 2.28	 1	 -41.7331	  174.1302
8.935	 2.75	 1	 -43.2017	  172.4485
8.965	 2.51	 1	 -39.7606	  176.9081
8.971	 2.72	 1	 -42.3611	  174.2556
8.973	 2.59	 1	 -45.6268	  170.9763
8.981	 2.10	 1	 -43.8275	  171.8393
8.984	 2.51	 1	 -42.9484	  166.9142
8.996	 2.04	 1	 -39.2025	  172.4390
8.998	 2.24	 1	 -41.3602	  171.8230
9.008	 2.33	 1	 -42.5304	  173.7649
9.020	 2.24	 1	 -42.6292	  173.7589
9.033	 2.08	 1	 -44.1432	  173.2731
9.034	 2.08	 1	 -41.7514	  174.3580
9.042	 2.01	 1	 -42.2747	  173.6202
9.043	 2.94	 1	 -41.3335	  174.9270
9.055	 2.55	 1	 -42.2014	  172.2504
9.065	 2.18	 1	 -47.0510	  174.5271
9.075	 2.45	 1	 -43.6728	  178.9928
9.077	 2.29	 1	 -41.4020	  176.9238
9.079	 2.74	 1	 -43.9271	  172.2612
9.092	 2.12	 1	 -41.3525	  176.3637
9.095	 2.58	 1	 -42.0718	  171.3847
9.105	 2.02	 1	 -41.3863	  173.9111
9.107	 2.67	 1	 -45.3902	  168.1276
9.108	 2.83	 1	 -44.2604	  172.3810
9.109	 2.21	 1	 -40.7783	  167.4864
9.111	 2.01	 1	 -44.5409	  169.1032
9.116	 2.65	 1	 -41.7347	  174.2133
9.127	 3.10	 1	 -41.7282	  174.1241
9.170	 2.60	 2	 -42.0345	  171.3916
9.179	 2.00	 1	 -41.8720	  173.9116
9.180	 3.52	 1	 -42.2071	  173.6105
9.189	 2.28	 1	 -42.7719	  170.8728
9.195	 2.33	 1	 -42.1545	  173.0137
9.196	 2.26	 1	 -41.0863	  178.7363
9.197	 2.02	 1	 -41.1355	  178.7614
9.208	 3.37	 1	 -42.6004	  171.8709
9.214	 2.17	 1	 -43.1680	  173.4880
9.217	 2.69	 1	 -41.8822	  174.4114
9.219	 3.20	 1	 -42.7349	  179.1397
9.227	 2.65	 1	 -40.4116	  167.8786
9.230	 3.61	 1	 -43.5004	  173.1523
9.239	 2.69	 1	 -41.8173	  173.9429
9.242	 2.97	 1	 -42.2025	  173.7397
9.248	 2.03	 1	 -43.8859	  170.0439
9.250	 2.41	 1	 -41.3073	  172.9718
9.253	 2.20	 1	 -42.6908	  169.5889
9.259	 2.09	 1	 -43.2729	  170.1689
9.260	 2.49	 1	 -42.4153	  171.6385
9.272	 2.61	 1	 -41.9758	  173.0781
9.282	 2.05	 1	 -42.5303	  172.9149
9.300	 2.00	 1	 -45.1446	  167.8940
9.303	 2.85	 1	 -43.7749	  174.2065
9.304	 2.05	 1	 -39.5849	  173.3893
9.307	 2.99	 1	 -43.1797	  173.7037
9.307	 4.23	 1	 -41.7028	  174.2686
9.309	 2.31	 1	 -42.8518	  166.9082
9.318	 2.67	 1	 -42.3039	  171.4965
9.319	 2.56	 1	 -39.5341	  168.6677
9.325	 2.12	 2	 -41.6696	  174.2091
9.330	 2.62	 1	 -43.5680	  173.3071
9.330	 2.29	 1	 -41.4051	  173.4881
9.330	 2.23	 1	 -42.1957	  174.6395
9.333	 2.35	 1	 -42.3451	  173.8105
9.339	 2.09	 1	 -46.9854	  171.2013
9.350	 2.17	 1	 -41.9664	  174.0607
9.364	 3.00	 1	 -39.6738	  177.5564
9.371	 2.05	 1	 -38.2310	  173.7851
9.374	 3.11	 2	 -39.8131	  177.1237
9.377	 2.55	 1	 -38.5231	  170.7314
9.390	 2.31	 1	 -42.8808	  171.9780
9.419	 2.10	 1	 -42.6187	  172.4234
9.424	 2.46	 1	 -44.2631	  167.2896
9.431	 2.27	 1	 -42.2673	  173.6360
9.436	 2.10	 1	 -43.3344	  173.2191
9.449	 2.26	 2	 -43.4141	  172.1786
9.450	 2.07	 1	 -43.2045	  171.7116
9.452	 2.19	 1	 -40.8364	  173.5680
9.455	 2.09	 1	 -45.3513	  177.9559
9.491	 3.30	 1	 -45.7498	  168.5359
9.508	 3.98	 1	 -42.3420	  173.9448
9.511	 2.00	 1	 -41.5000	  172.8422
9.522	 2.02	 1	 -39.5995	  168.5815
9.524	 2.82	 1	 -41.8605	  173.2164
9.527	 2.20	 1	 -40.2778	  174.1476
9.536	 2.41	 1	 -40.0377	  172.8969
9.537	 2.07	 1	 -42.2442	  166.9348
9.543	 2.22	 1	 -40.9536	  175.7135
9.547	 2.39	 1	 -42.9602	  173.3942
9.550	 2.15	 1	 -41.0534	  173.2724
9.567	 2.35	 1	 -41.7704	  174.3040
9.567	 2.26	 1	 -43.7017	  172.2222
9.573	 2.01	 1	 -41.9823	  172.8348
9.578	 2.00	 2	 -43.6046	  172.1996
9.578	 4.53	 1	 -42.5515	  169.1620
9.582	 3.16	 1	 -42.6945	  172.8716
9.590	 2.76	 1	 -41.0819	  171.9146
9.591	 2.75	 1	 -43.0715	  172.2905
9.597	 2.37	 1	 -41.9074	  173.9078
9.626	 2.10	 1	 -43.7022	  172.7640
9.630	 3.58	 1	 -43.2673	  171.7260
9.631	 3.37	 2	 -41.7181	  174.2866
9.639	 2.01	 1	 -41.6876	  177.0811
9.646	 2.93	 1	 -45.5194	  176.0540
9.656	 2.27	 1	 -44.7292	  173.0889
9.661	 2.53	 1	 -43.7904	  170.4451
9.661	 2.16	 1	 -42.0663	  173.6532
9.666	 2.12	 1	 -43.6291	  171.1388
9.667	 2.31	 2	 -39.6337	  168.5403
9.677	 2.55	 1	 -42.3003	  173.6048
9.683	 2.30	 1	 -40.7901	  167.4789
9.690	 2.63	 1	 -40.2069	  172.5358
9.696	 2.14	 1	 -43.8668	  177.6021
9.704	 2.14	 1	 -42.4723	  173.1821
9.709	 2.62	 1	 -38.4455	  171.0122
9.710	 2.19	 1	 -45.3722	  173.2316
9.711	 2.06	 1	 -44.0888	  171.7477
9.719	 2.77	 1	 -43.6821	  171.9533
9.737	 2.22	 1	 -45.2767	  168.0155
9.738	 2.34	 1	 -42.4373	  174.9542
9.742	 2.01	 1	 -42.4548	  175.2517
9.743	 2.18	 1	 -42.2665	  173.3963
9.751	 2.71	 1	 -43.7439	  171.6978
9.755	 2.96	 1	 -42.5896	  173.0645
9.774	 2.48	 1	 -47.1866	  172.8174
9.775	 2.00	 1	 -43.1361	  173.2198
9.776	 2.21	 1	 -41.9483	  179.0556
9.791	 2.04	 1	 -43.7437	  175.0074
9.805	 4.36	 1	 -42.5333	  174.1978
9.807	 2.23	 2	 -42.4568	  174.2089
9.811	 2.10	 1	 -43.3097	  172.5456
9.816	 2.10	 1	 -47.0821	  174.3491
9.819	 2.31	 1	 -42.3244	  171.9150
9.838	 2.97	 1	 -40.5312	  172.1995
9.841	 2.13	 1	 -44.7733	  178.4456
9.843	 2.21	 1	 -42.5816	  171.4200
9.846	 3.00	 1	 -41.7696	  174.2697
9.847	 2.03	 1	 -44.1900	  175.9973
9.849	 2.05	 1	 -42.0535	  172.2704
9.851	 3.26	 1	 -44.2843	  178.7438
9.851	 2.90	 1	 -42.1730	  168.6635
9.852	 2.03	 1	 -38.2129	  173.5525
9.856	 2.41	 1	 -45.3661	  177.9411
9.859	 2.44	 1	 -41.9074	  176.4857
9.860	 2.56	 1	 -41.3952	  173.3970
9.866	 2.06	 1	 -42.6675	  172.7270
9.880	 2.05	 1	 -42.1470	  173.8752
9.884	 2.54	 1	 -38.2682	  171.9298
9.888	 2.66	 1	 -41.7944	  174.1158
9.892	 2.32	 1	 -41.2513	  172.0836
9.896	 3.01	 1	 -41.9675	  171.9407
9.902	 2.58	 1	 -43.2211	  173.5788
9.906	 3.18	 2	 -44.7624	  178.3300
9.911	 2.56	 1	 -42.2026	  173.7361
9.918	 2.85	 1	 -46.7243	  175.7311
9.928	 2.02	 1	 -44.5353	  173.9595
9.961	 2.66	 1	 -42.8551	  179.1360
9.973	 3.21	 1	 -44.7141	  167.5574
9.981	 2.95	 1	 -42.2659	  170.7508
9.993	 2.15	 1	 -41.6584	  170.9440
10.007	 2.59	 1	 -42.3398	  173.9655
10.013	 2.05	 1	 -42.6952	  172.6298
10.014	 3.08	 1	 -41.7267	  174.1971
10.018	 3.10	 1	 -42.2209	  173.7145
10.034	 2.20	 1	 -47.1395	  172.1157
10.035	 2.09	 1	 -42.9125	  172.0830
10.054	 2.33	 1	 -40.6021	  167.6056
10.083	 2.07	 1	 -43.6862	  176.0835
10.093	 2.42	 1	 -40.3733	  178.2634
10.104	 2.02	 2	 -41.7629	  174.3463
10.109	 2.95	 1	 -40.9700	  170.3585
10.144	 2.01	 1	 -41.2900	  173.8441
10.149	 2.05	 1	 -41.8645	  172.0014
10.183	 2.74	 1	 -42.6924	  172.8549
10.206	 2.00	 1	 -39.7020	  170.2010
10.216	 2.99	 1	 -43.9445	  175.9405
10.222	 2.87	 1	 -41.7269	  176.5786
10.225	 2.07	 1	 -38.3119	  171.6419
10.228	 2.10	 1	 -42.3110	  173.7832
10.237	 2.85	 1	 -40.2852	  167.8549
10.255	 2.14	 1	 -45.1822	  173.9850
10.289	 2.49	 1	 -41.5742	  173.6071
10.303	 2.05	 1	 -43.4729	  173.2970
10.314	 2.29	 1	 -42.0897	  172.3904
10.323	 2.22	 1	 -45.1931	  178.1068
10.328	 2.35	 1	 -42.2622	  170.6523
10.331	 2.46	 1	 -44.0278	  172.5053
10.333	 2.00	 1	 -42.7582	  174.2193
10.336	 2.18	 1	 -41.0483	  169.5067
10.339	 2.25	 2	 -41.7166	  176.5613
10.348	 2.81	 1	 -42.6534	  175.2128
10.353	 2.29	 1	 -43.9492	  174.4191
10.354	 3.05	 1	 -42.2171	  173.4663
10.364	 2.87	 1	 -42.6681	  172.3898
10.366	 3.06	 1	 -41.9374	  173.4975
10.371	 2.55	 1	 -42.5387	  175.2456
10.380	 2.00	 1	 -41.9591	  172.8400
10.382	 2.19	 1	 -43.2593	  173.9073
10.400	 2.34	 1	 -42.6325	  173.8026
10.419	 3.01	 1	 -41.7488	  174.0779
10.422	 2.10	 1	 -45.9351	  175.0073
10.422	 3.75	 1	 -43.5476	  172.2401
10.434	 2.52	 1	 -42.6965	  172.5520
10.436	 2.17	 1	 -40.0101	  177.9321
10.450	 2.19	 1	 -42.5364	  172.1777
10.451	 2.09	 1	 -42.7067	  172.9157
10.472	 2.63	 1	 -42.7412	  172.4575
10.488	 2.32	 1	 -42.5014	  172.0156
10.489	 2.44	 1	 -38.4967	  170.8221
10.493	 2.82	 1	 -38.9291	  173.0757
10.519	 2.61	 1	 -41.8338	  169.5057
10.528	 2.30	 1	 -44.2844	  172.6546
10.544	 2.42	 1	 -41.7241	  173.9467
10.550	 2.93	 1	 -42.5909	  172.8902
10.556	 2.23	 1	 -46.1983	  173.6633
10.560	 3.26	 1	 -41.8289	  173.1990
10.574	 2.00	 1	 -41.4514	  172.8833
10.579	 2.26	 1	 -42.1222	  166.9538
10.583	 2.10	 1	 -43.6693	  175.5960
10.591	 2.27	 1	 -45.1837	  173.6427
10.593	 2.89	 1	 -42.5048	  173.9250
10.599	 2.72	 1	 -41.6556	  171.9241
10.600	 2.12	 1	 -42.6541	  166.9046
10.608	 2.45	 1	 -42.2340	  171.2927
10.614	 2.21	 1	 -40.5644	  171.5427
10.618	 2.20	 1	 -41.8840	  167.0040
10.623	 2.08	 1	 -42.3641	  174.7661
10.629	 2.63	 1	 -41.7456	  174.2693
10.632	 2.48	 2	 -42.3801	  173.6843
10.635	 2.47	 1	 -39.6003	  177.4638
10.637	 2.00	 1	 -42.5687	  173.4527
10.637	 2.62	 1	 -40.3485	  172.6546
10.641	 2.45	 1	 -42.0258	  173.7251
10.644	 2.10	 1	 -45.8597	  174.5129
10.654	 2.31	 1	 -40.7138	  167.5285
10.654	 2.02	 1	 -42.2044	  172.1220
10.671	 2.22	 1	 -43.0620	  171.0331
10.685	 2.04	 1	 -42.6795	  174.1932
10.697	 2.85	 1	 -42.7259	  174.0701
10.699	 2.06	 1	 -41.0756	  175.1631
10.705	 2.18	 1	 -42.1085	  174.7140
10.706	 2.12	 1	 -38.3122	  171.6399
10.709	 2.08	 1	 -47.1345	  173.9732
10.717	 2.13	 1	 -47.1003	  174.2322
10.721	 2.25	 1	 -41.7463	  174.1832
10.723	 2.50	 1	 -46.5204	  169.8120
10.746	 2.41	 1	 -42.6089	  174.4246
10.763	 2.07	 1	 -41.2150	  173.8088
10.772	 2.84	 1	 -42.9458	  171.7780
10.779	 2.09	 1	 -42.8147	  173.2941
10.782	 2.06	 2	 -42.9432	  171.7693
10.793	 3.07	 1	 -44.3339	  170.8665
10.802	 2.56	 1	 -39.5493	  168.6473
10.814	 2.43	 1	 -41.2120	  169.6367
10.822	 3.06	 1	 -41.7291	  174.3425
10.823	 2.25	 1	 -42.8146	  174.6051
10.828	 2.26	 1	 -42.1104	  172.9691
10.829	 2.35	 1	 -42.6061	  174.3782
10.834	 2.59	 1	 -41.6257	  173.7025
10.842	 2.02	 1	 -42.4004	  173.4588
10.843	 2.98	 1	 -44.2016	  173.1142
10.862	 2.34	 1	 -41.2566	  173.1273
10.862	 2.01	 1	 -41.7108	  174.1885
10.868	 2.11	 1	 -42.5065	  172.6541
10.876	 2.67	 1	 -42.6900	  173.6070
10.886	 2.21	 1	 -41.5557	  172.8533
10.888	 2.39	 1	 -41.9491	  172.0296
10.904	 2.21	 1	 -41.8571	  167.5566
10.917	 2.00	 1	 -42.5551	  173.0367
10.928	 2.59	 1	 -43.0864	  174.3163
10.959	 2.14	 1	 -47.1632	  173.6780
10.965	 2.75	 1	 -45.0009	  172.4548
10.986	 2.07	 1	 -42.6236	  173.1310
10.988	 2.04	 1	 -43.5037	  171.3409
10.992	 2.71	 1	 -45.7964	  170.2433
11.002	 2.13	 1	 -43.1467	  171.1459
11.003	 2.25	 1	 -40.2735	  167.8650
11.012	 2.41	 1	 -38.2334	  173.8105
11.013	 2.83	 1	 -41.9188	  174.1143
11.035	 2.84	 1	 -42.2620	  173.7573
11.036	 2.16	 1	 -43.0885	  174.7408
11.041	 2.22	 1	 -43.1072	  173.6325
11.057	 2.58	 1	 -39.7613	  177.6615
11.067	 2.35	 1	 -44.1948	  172.2252
11.068	 2.09	 1	 -41.5860	  174.1897
11.078	 2.32	 1	 -42.1433	  173.7846
11.082	 2.04	 1	 -42.9061	  173.4789
11.087	 2.51	 1	 -44.6437	  173.9111
11.093	 2.33	 1	 -42.6812	  171.8795
11.098	 2.14	 1	 -42.0946	  172.4211
11.132	 2.96	 1	 -42.1481	  173.8541
11.155	 2.13	 1	 -42.0376	  173.2966
11.158	 2.19	 1	 -44.0073	  172.4310
11.171	 2.55	 1	 -43.7564	  175.4208
11.187	 2.32	 1	 -43.4938	  173.9745
11.197	 2.90	 2	 -45.3656	  170.5052
11.220	 2.06	 1	 -44.9755	  172.4068
11.220	 2.01	 1	 -42.5187	  171.0421
11.222	 2.44	 1	 -38.4845	  170.8659
11.237	 2.04	 1	 -43.4562	  169.9784
11.238	 3.17	 1	 -42.1358	  173.7169
11.242	 2.09	 1	 -38.2158	  172.4480
11.246	 2.14	 1	 -42.4007	  173.1381
11.259	 2.06	 1	 -42.4459	  172.1536
11.265	 2.14	 1	 -42.4830	  173.1816
11.267	 2.59	 1	 -41.3380	  175.7706
11.272	 2.22	 1	 -43.7140	  172.0457
11.273	 2.23	 1	 -41.8790	  172.3428
11.286	 2.03	 1	 -41.5156	  169.2473
11.287	 2.02	 1	 -47.1880	  173.1605
11.304	 2.09	 1	 -47.0370	  171.4444
11.335	 2.76	 1	 -43.4814	  174.0881
11.340	 2.58	 1	 -40.4447	  170.8631
11.342	 4.07	 1	 -43.7440	  173.5397
11.342	 2.06	 1	 -43.7008	  175.5779
11.366	 2.29	 1	 -42.4195	  171.9614
11.371	 2.77	 1	 -41.2357	  176.6788
11.377	 2.18	 1	 -42.1158	  173.4902
11.379	 2.45	 1	 -43.7119	  173.7417
11.389	 2.27	 1	 -43.1842	  170.5357
11.412	 2.31	 1	 -41.5399	  169.4484
11.412	 5.12	 1	 -44.7085	  167.5536
11.412	 3.06	 2	 -44.6191	  167.6142
11.413	 2.27	 2	 -44.7131	  167.5506
11.415	 2.19	 2	 -44.7751	  167.5058
11.423	 2.33	 2	 -44.7782	  167.6537
11.430	 2.13	 2	 -44.7775	  167.5562
11.431	 2.02	 2	 -44.7303	  167.5394
11.447	 2.50	 1	 -42.4841	  173.8717
11.455	 3.48	 1	 -42.4326	  173.5652
11.456	 2.62	 1	 -40.9303	  172.4032
11.475	 2.44	 1	 -41.8800	  174.5985
11.494	 2.69	 1	 -41.1565	  175.1114
11.503	 2.63	 1	 -41.7042	  173.9773
11.509	 2.23	 1	 -41.5774	  173.5549
11.525	 2.68	 1	 -42.5449	  170.1546
11.527	 2.41	 1	 -44.0760	  174.1616
11.533	 2.35	 1	 -42.7685	  174.3549
11.534	 2.30	 1	 -41.2949	  172.2507
11.535	 2.74	 1	 -41.8894	  171.3726
11.560	 2.15	 1	 -42.0616	  174.9791
11.561	 3.00	 1	 -38.6735	  173.6429
11.562	 2.27	 1	 -42.4144	  172.4254
11.573	 2.01	 1	 -42.4367	  173.0119
11.573	 2.66	 1	 -41.7629	  173.2680
11.577	 3.48	 1	 -42.9277	  171.1169
11.591	 2.12	 1	 -43.7164	  172.6800
11.597	 2.43	 1	 -40.5539	  172.3039
11.603	 2.20	 1	 -43.3452	  173.6862
11.609	 2.35	 1	 -42.7704	  173.7387
11.611	 2.10	 1	 -43.0946	  173.6355
11.613	 2.32	 1	 -41.8688	  174.0358
11.617	 2.04	 1	 -41.7690	  174.3531
11.619	 2.10	 1	 -42.1926	  173.5009
11.619	 2.06	 1	 -39.3091	  168.9926
11.621	 2.59	 1	 -44.9420	  178.3194
11.628	 2.42	 1	 -42.7767	  172.7025
11.649	 3.59	 1	 -43.2866	  172.9333
11.656	 2.01	 1	 -42.2495	  173.6184
11.663	 2.15	 1	 -42.1195	  176.5509
11.664	 2.17	 1	 -40.7066	  173.0303
11.671	 2.10	 2	 -44.7302	  167.5262
11.672	 2.62	 1	 -41.1451	  177.3269
11.673	 2.20	 1	 -39.2768	  177.0010
11.678	 2.33	 1	 -38.6072	  175.5782
11.680	 2.14	 1	 -42.2110	  171.8045
11.707	 2.27	 1	 -41.4658	  172.3527
11.711	 2.00	 1	 -42.6508	  172.9010
11.724	 2.63	 1	 -42.1830	  171.9214
11.735	 2.16	 1	 -45.8915	  168.7228
11.753	 3.86	 1	 -38.7620	  170.0507
11.757	 2.72	 1	 -42.5374	  172.2314
11.761	 2.41	 1	 -42.3464	  173.6033
11.769	 2.06	 1	 -44.1475	  171.1623
11.771	 2.41	 1	 -40.2515	  169.4908
11.782	 2.67	 1	 -44.0414	  167.4759
11.785	 2.28	 1	 -42.0385	  173.7859
11.790	 2.07	 1	 -41.7557	  173.4732
11.802	 2.28	 1	 -43.8050	  167.0945
11.803	 2.12	 1	 -41.8606	  173.4236
11.808	 2.50	 1	 -46.7729	  175.5927
11.810	 2.10	 2	 -41.9812	  171.0878
11.835	 2.16	 1	 -47.1801	  172.6341
11.837	 2.90	 1	 -42.8915	  173.3511
11.856	 2.14	 1	 -43.2677	  173.0485
11.860	 4.26	 1	 -39.7422	  177.6389
11.860	 2.20	 1	 -43.1950	  173.4029
11.875	 2.81	 1	 -45.4259	  175.1299
11.924	 2.08	 1	 -43.3264	  172.9187
11.949	 2.47	 1	 -43.3634	  173.6917
11.955	 3.63	 1	 -42.9820	  171.8694
11.955	 2.15	 2	 -42.9703	  171.8952
11.956	 2.35	 1	 -42.0977	  173.2782
11.971	 2.33	 1	 -42.0418	  170.7511
11.977	 2.30	 1	 -43.0292	  171.2001
11.994	 3.50	 2	 -40.5290	  172.1963
12.009	 2.15	 1	 -41.6770	  174.2293
12.048	 2.59	 1	 -42.6257	  172.5799
12.054	 2.66	 2	 -43.7792	  172.3510
12.062	 2.48	 1	 -39.4164	  177.2126
12.066	 2.35	 1	 -43.1343	  173.2100
12.068	 2.40	 1	 -42.1860	  173.5336
12.069	 2.71	 1	 -42.8148	  172.9303
12.091	 2.34	 1	 -41.7473	  171.8532
12.095	 2.03	 1	 -41.7290	  174.2477
12.104	 2.06	 2	 -43.7789	  172.3486
12.114	 2.58	 1	 -41.2533	  175.5851
12.115	 2.20	 1	 -42.3924	  173.7386
12.117	 2.78	 1	 -42.1248	  166.9533
12.134	 2.25	 1	 -43.8038	  167.0941
12.136	 2.69	 1	 -41.5791	  173.9993
12.147	 2.10	 1	 -40.8020	  171.9787
12.162	 2.04	 1	 -42.5514	  173.1489
12.164	 2.37	 1	 -42.3965	  172.1075
12.170	 2.52	 1	 -42.9063	  172.7566
12.183	 2.88	 1	 -42.3556	  172.8436
12.184	 3.09	 1	 -43.2386	  172.3686
12.185	 2.11	 1	 -40.5463	  174.3601
12.201	 3.04	 1	 -38.3257	  174.4813
12.205	 2.16	 1	 -42.1361	  174.8734
12.210	 2.17	 1	 -39.9898	  168.1328
12.214	 2.04	 1	 -41.1593	  173.1199
12.216	 3.05	 1	 -41.5186	  171.9442
12.223	 2.65	 1	 -42.1213	  174.1299
12.224	 2.17	 2	 -42.1217	  174.1338
12.230	 2.00	 1	 -42.3954	  173.0971
12.230	 2.52	 1	 -42.2494	  171.4702
12.231	 2.01	 1	 -41.3395	  172.9285
12.239	 2.43	 1	 -42.3643	  173.0517
12.246	 2.24	 1	 -47.1587	  172.3110
12.257	 2.30	 1	 -45.9226	  171.1337
12.269	 2.23	 1	 -43.5826	  173.8632
12.270	 2.43	 1	 -43.6264	  171.7987
12.271	 2.39	 2	 -43.9571	  175.9398
12.278	 2.43	 1	 -43.6048	  173.6763
12.292	 2.04	 1	 -44.6286	  173.6082
12.293	 2.03	 1	 -42.9442	  173.8828
12.327	 2.28	 1	 -42.2724	  173.6168
12.331	 2.41	 1	 -38.5042	  170.7961
12.345	 3.99	 1	 -42.5490	  173.9059
12.345	 2.03	 2	 -42.5468	  173.9039
12.400	 2.12	 1	 -41.8305	  174.1883
12.409	 2.79	 1	 -45.1949	  169.4740
12.415	 2.72	 1	 -42.6212	  173.0439
12.421	 2.16	 1	 -41.1939	  173.6727
12.441	 2.35	 1	 -44.1837	  167.2505
12.448	 2.10	 2	 -42.6214	  173.0475
12.458	 5.12	 1	 -42.0066	  173.3058
12.458	 2.11	 2	 -41.7999	  175.6426
12.459	 2.02	 2	 -39.6295	  177.5436
12.462	 2.62	 2	 -42.0567	  173.2421
12.465	 2.13	 2	 -41.9333	  173.2230
12.468	 2.15	 1	 -47.1887	  173.1102
12.473	 2.10	 2	 -41.9889	  173.3075
12.486	 2.10	 2	 -42.0041	  173.3228
12.500	 2.44	 2	 -44.0137	  167.4716
12.501	 2.05	 1	 -43.9807	  173.7118
12.502	 2.01	 1	 -47.0072	  172.8562
12.511	 2.64	 2	 -41.9666	  173.2559
12.532	 2.03	 1	 -42.3794	  173.7746
12.537	 2.24	 1	 -42.4328	  174.9070
12.543	 3.16	 1	 -42.8159	  178.8384
12.547	 2.75	 1	 -42.1390	  174.1504
12.575	 2.06	 1	 -42.0326	  174.3412
12.582	 2.05	 1	 -46.3176	  176.6418
12.586	 2.07	 1	 -40.7882	  174.7751
12.617	 2.66	 1	 -43.0398	  168.7712
12.621	 2.25	 1	 -44.7736	  178.4454
12.623	 2.00	 1	 -42.0027	  173.0231
12.623	 2.66	 1	 -42.4905	  174.5532
12.633	 2.85	 1	 -42.4595	  170.4308
12.637	 2.07	 1	 -42.6418	  173.5622
12.644	 2.30	 1	 -43.2648	  174.5341
12.649	 2.28	 1	 -38.2230	  173.6926
12.650	 2.64	 1	 -39.1040	  176.7087
12.673	 2.61	 1	 -41.9963	  169.9578
12.675	 2.32	 2	 -42.0011	  173.3671
12.687	 2.72	 1	 -42.7677	  172.2809
12.693	 2.26	 1	 -43.6485	  172.8093
12.696	 2.22	 1	 -42.5284	  172.0153
12.712	 2.00	 1	 -45.2451	  172.6961
12.733	 2.71	 1	 -40.7084	  178.5122
12.740	 2.78	 1	 -47.1596	  173.7228
12.741	 2.37	 1	 -43.2841	  173.0753
12.746	 2.05	 2	 -41.9935	  173.3053
12.752	 2.12	 1	 -46.2483	  170.1477
12.757	 2.58	 1	 -41.8439	  171.1162
12.758	 4.06	 2	 -41.9803	  173.3533
12.772	 2.08	 1	 -41.1194	  171.6823
12.774	 2.21	 1	 -43.2116	  172.9256
12.778	 3.03	 1	 -42.4551	  173.1760
12.779	 2.18	 1	 -43.5948	  171.3133
12.782	 2.10	 1	 -42.8917	  173.0408
12.796	 2.21	 1	 -43.4668	  171.0844
12.798	 2.13	 1	 -42.0267	  168.3065
12.806	 2.15	 1	 -41.6961	  178.9879
12.806	 2.40	 1	 -41.5773	  168.6228
12.814	 2.21	 1	 -41.8603	  174.1773
12.814	 2.62	 1	 -42.2401	  175.1211
12.824	 2.12	 1	 -42.1490	  173.6524
12.830	 2.06	 1	 -41.6507	  173.2494
12.830	 4.21	 1	 -42.4819	  171.7453
12.842	 3.03	 1	 -42.3666	  175.6885
12.844	 2.01	 1	 -43.4875	  173.1331
12.859	 2.38	 1	 -41.2712	  178.8263
12.860	 2.06	 1	 -42.8721	  172.2734
12.868	 3.00	 1	 -42.5651	  173.1601
12.869	 2.68	 2	 -42.0534	  173.2785
12.885	 2.41	 1	 -42.7404	  173.5391
12.888	 2.41	 1	 -43.2408	  174.1354
12.890	 2.08	 1	 -41.9328	  174.0416
12.891	 2.08	 1	 -45.1248	  172.0028
12.894	 3.10	 2	 -42.0004	  173.4260
12.905	 2.52	 1	 -41.7369	  174.1548
12.906	 2.72	 1	 -41.8967	  173.5958
12.912	 2.32	 1	 -41.7709	  170.9474
12.914	 2.35	 1	 -43.2784	  173.3916
12.922	 2.01	 1	 -40.5040	  178.3665
12.928	 2.28	 1	 -42.7478	  171.9084
12.958	 2.73	 1	 -46.7548	  170.3990
12.980	 2.11	 1	 -42.5222	  179.1356
12.991	 2.17	 1	 -43.8387	  177.3683
12.993	 2.60	 1	 -41.9810	  174.1159
13.000	 2.47	 1	 -43.2741	  178.6406
13.016	 2.00	 2	 -45.0250	  166.0077
13.019	 2.01	 1	 -42.2392	  175.4211
13.020	 2.00	 1	 -39.4882	  172.6166
13.049	 2.15	 1	 -42.2297	  173.6807
13.054	 2.22	 2	 -44.7486	  167.7212
13.056	 2.77	 1	 -44.0489	  173.2299
13.098	 2.90	 1	 -43.4051	  174.4761
13.100	 2.59	 1	 -39.0970	  176.6960
13.113	 2.83	 1	 -41.9455	  178.9348
13.131	 2.01	 1	 -42.5540	  173.5259
13.141	 2.66	 1	 -42.2100	  170.4876
13.143	 2.87	 1	 -40.8130	  167.4644
13.154	 2.32	 1	 -40.1841	  178.0996
13.175	 2.21	 1	 -47.1870	  172.8345
13.182	 2.60	 1	 -44.4189	  172.8755
13.193	 2.25	 1	 -45.3717	  177.2779
13.200	 3.56	 1	 -42.6708	  171.8703
13.200	 3.28	 1	 -41.3465	  173.6349
13.209	 2.46	 1	 -42.3858	  174.6068
13.212	 2.41	 1	 -39.7631	  168.3808
13.229	 2.66	 1	 -41.5820	  172.9297
13.240	 2.87	 1	 -41.9451	  173.2725
13.247	 2.00	 1	 -47.1891	  173.0403
13.251	 3.24	 1	 -42.0626	  172.9749
13.258	 2.27	 1	 -42.6423	  171.9642
13.261	 2.27	 1	 -42.7225	  174.2766
13.273	 2.58	 1	 -42.6385	  171.6147
13.274	 2.10	 1	 -41.6629	  171.1493
13.275	 3.60	 1	 -43.8268	  172.4897
13.303	 2.01	 1	 -42.7319	  169.0466
13.315	 2.05	 1	 -44.0130	  175.3160
13.332	 2.99	 1	 -40.9900	  176.2052
13.347	 2.36	 1	 -43.8032	  173.0764
13.350	 4.21	 1	 -41.4450	  168.9884
13.356	 2.41	 2	 -41.4493	  169.0081
13.365	 2.38	 1	 -44.9477	  174.3841
13.376	 2.20	 1	 -43.1360	  174.3753
13.381	 2.91	 1	 -38.1974	  172.8632
13.391	 2.28	 1	 -40.3629	  174.6188
13.402	 2.25	 1	 -42.7353	  172.7982
13.406	 2.69	 1	 -42.0030	  172.9169
13.413	 3.22	 1	 -38.3575	  171.3969
13.426	 2.27	 1	 -38.2238	  173.7020
13.433	 3.13	 1	 -42.5849	  172.8360
13.434	 2.53	 1	 -42.5744	  173.0097
13.440	 2.03	 1	 -43.1604	  173.0930
13.443	 2.07	 1	 -42.0249	  166.9721
13.452	 2.23	 1	 -44.3313	  170.4192
13.456	 2.21	 1	 -42.5866	  172.8902
13.460	 2.09	 1	 -43.2878	  172.8834
13.462	 2.12	 1	 -42.4852	  173.7443
13.506	 2.65	 1	 -46.0820	  170.0050
13.507	 2.02	 1	 -42.3510	  173.3720
13.508	 2.05	 1	 -42.0528	  173.7165
13.520	 2.05	 1	 -42.6539	  173.6342
13.575	 2.57	 1	 -42.3952	  173.1348
13.581	 2.57	 1	 -47.1728	  172.5012
13.582	 2.39	 1	 -40.1561	  171.4127
13.601	 2.22	 2	 -44.6979	  167.5488
13.607	 2.12	 2	 -39.6314	  177.4790
13.613	 2.13	 1	 -46.7796	  170.4713
13.613	 2.41	 1	 -42.3930	  173.6618
13.642	 2.95	 2	 -43.8140	  172.4945
13.649	 2.18	 1	 -43.1487	  169.9990
13.652	 2.11	 1	 -42.8293	  172.8632
13.662	 2.06	 1	 -42.1921	  173.5236
13.671	 2.50	 1	 -44.0146	  172.5060
13.673	 2.09	 1	 -38.4294	  174.9676
13.681	 2.38	 1	 -41.3960	  172.8642
13.713	 2.86	 1	 -43.3169	  173.5709
13.750	 2.20	 1	 -42.6847	  173.3107
13.752	 2.06	 1	 -41.3072	  167.6370
13.755	 2.03	 1	 -42.9306	  179.1314
13.755	 2.37	 1	 -46.0674	  173.9584
13.757	 2.75	 1	 -43.8693	  168.0319
13.768	 2.29	 1	 -41.8116	  172.1520
13.778	 2.03	 1	 -42.6782	  171.4532
13.793	 3.61	 1	 -41.8647	  173.5810
13.800	 2.60	 1	 -43.3697	  175.1642
13.803	 2.25	 1	 -42.4265	  166.9151
13.823	 2.32	 2	 -44.7669	  167.4179
13.823	 2.33	 1	 -42.6603	  170.5249
13.825	 2.71	 1	 -41.5505	  174.4034
13.825	 2.01	 1	 -42.2766	  173.7050
13.834	 2.07	 1	 -43.9282	  174.7596
13.845	 2.51	 1	 -41.2106	  174.4870
13.887	 3.80	 1	 -42.0803	  172.5438
13.895	 2.16	 1	 -43.4194	  169.7418
13.896	 2.38	 1	 -42.5978	  172.8743
13.902	 2.06	 1	 -41.9859	  172.6665
13.908	 2.17	 1	 -43.6797	  172.3248
13.912	 2.38	 1	 -39.6117	  168.5659
13.918	 2.55	 1	 -43.1966	  172.9410
13.932	 2.39	 1	 -42.8787	  173.1853
13.933	 2.14	 1	 -42.0476	  168.8720
13.948	 2.29	 2	 -41.6769	  174.2303
13.955	 2.37	 2	 -41.8621	  173.5697
13.978	 2.10	 1	 -42.9289	  174.5874
13.981	 2.48	 1	 -43.2311	  172.5538
