# Simulation 950
# RelativeTime(days) Magnitude Generation Latitude Longitude
Time Mag Gen Lat Lon
7.002	 4.28	 1	 -44.1384	  167.2292
7.010	 2.27	 1	 -43.5339	  168.9870
7.012	 2.04	 1	 -38.4476	  171.0042
7.012	 2.01	 1	 -42.4899	  171.4799
7.016	 2.65	 1	 -43.6096	  172.0802
7.023	 2.35	 1	 -40.5870	  171.0888
7.029	 2.63	 1	 -41.1952	  172.2455
7.039	 2.02	 1	 -45.1804	  173.5630
7.049	 2.16	 1	 -43.2077	  172.1018
7.057	 3.26	 1	 -39.3551	  170.7371
7.057	 2.19	 1	 -42.2314	  173.7220
7.068	 2.59	 1	 -42.8873	  166.9101
7.082	 2.07	 1	 -42.2516	  172.6201
7.091	 3.26	 1	 -39.0001	  176.1073
7.091	 2.11	 1	 -41.5906	  176.1530
7.101	 2.42	 1	 -42.2403	  173.3483
7.101	 3.54	 1	 -42.8387	  171.7192
7.105	 2.24	 1	 -46.7427	  170.3646
7.116	 2.78	 1	 -44.0046	  176.3281
7.133	 2.25	 1	 -38.8745	  169.7905
7.136	 2.34	 1	 -38.4008	  174.8479
7.137	 2.07	 1	 -39.1953	  169.1767
7.146	 2.33	 1	 -39.7863	  171.3090
7.147	 2.15	 1	 -41.9882	  174.0331
7.155	 2.44	 1	 -42.6265	  172.8839
7.155	 2.47	 1	 -44.4923	  174.4174
7.167	 3.12	 1	 -46.2720	  176.7249
7.170	 2.13	 1	 -43.5003	  169.7112
7.174	 2.55	 1	 -45.7799	  169.0870
7.178	 2.14	 1	 -40.8600	  174.0011
7.207	 2.39	 1	 -43.9300	  171.4765
7.208	 2.53	 1	 -40.0464	  173.8938
7.215	 2.05	 1	 -42.9790	  172.7012
7.222	 2.04	 1	 -44.3808	  176.1421
7.225	 2.25	 1	 -41.5348	  173.7937
7.227	 2.00	 1	 -44.1894	  167.2533
7.233	 2.11	 1	 -45.6509	  175.4837
7.243	 2.52	 1	 -44.6680	  176.5208
7.243	 2.08	 1	 -41.9092	  173.2708
7.246	 2.02	 1	 -43.7704	  173.7345
7.255	 3.35	 1	 -42.5478	  172.8257
7.256	 2.36	 1	 -46.2911	  176.6904
7.269	 2.91	 1	 -41.8370	  175.0739
7.269	 2.02	 1	 -42.3742	  173.6677
7.272	 2.15	 1	 -43.1989	  172.7535
7.281	 2.09	 1	 -43.1615	  174.4066
7.281	 2.54	 1	 -40.3036	  178.2051
7.287	 2.20	 1	 -43.1767	  170.4640
7.293	 2.46	 1	 -42.1577	  173.5350
7.309	 3.02	 1	 -40.0371	  168.0850
7.314	 2.79	 1	 -43.3521	  167.8328
7.325	 2.06	 1	 -42.7298	  169.8615
7.331	 2.66	 1	 -42.9710	  170.8971
7.337	 2.50	 1	 -43.2174	  172.5893
7.339	 2.48	 1	 -38.7691	  176.0110
7.341	 2.37	 1	 -43.8017	  178.9509
7.347	 2.28	 1	 -42.6533	  176.4465
7.348	 3.21	 1	 -42.3789	  174.0306
7.349	 2.36	 1	 -43.5771	  179.0204
7.349	 2.15	 1	 -46.8907	  175.2137
7.350	 3.24	 1	 -41.9300	  172.3031
7.354	 2.07	 1	 -40.3708	  170.5524
7.354	 2.22	 1	 -46.5785	  173.9621
7.356	 2.38	 1	 -41.9400	  170.4817
7.364	 2.84	 1	 -40.1386	  172.4743
7.367	 2.30	 1	 -44.3961	  172.5139
7.370	 2.51	 1	 -39.2567	  171.9579
7.376	 2.28	 1	 -41.6903	  175.2233
7.426	 2.93	 1	 -47.0909	  174.2940
7.432	 2.95	 1	 -43.1032	  169.5807
7.434	 2.11	 1	 -42.5162	  177.0703
7.438	 2.12	 1	 -42.2544	  174.5454
7.445	 2.13	 1	 -45.2812	  172.9633
7.449	 3.13	 1	 -41.1602	  178.7738
7.466	 2.51	 1	 -45.3701	  168.1072
7.469	 2.48	 1	 -43.2007	  173.3311
7.476	 2.03	 1	 -42.1745	  172.8869
7.477	 2.02	 1	 -41.2767	  175.5546
7.488	 2.23	 1	 -42.2368	  173.9087
7.498	 3.28	 1	 -42.5442	  173.2898
7.512	 2.01	 1	 -41.7620	  174.2798
7.521	 2.31	 1	 -41.6707	  172.9755
7.524	 2.57	 1	 -39.0920	  169.3574
7.525	 2.14	 1	 -46.6784	  175.8539
7.528	 2.22	 1	 -42.0163	  173.7319
7.532	 2.42	 1	 -42.5293	  173.2059
7.557	 2.15	 1	 -42.2654	  173.6051
7.588	 2.90	 1	 -41.1654	  176.1757
7.588	 2.09	 1	 -43.3841	  171.1981
7.595	 2.43	 1	 -41.8324	  174.9104
7.596	 2.14	 1	 -46.6670	  175.8835
7.608	 2.23	 1	 -39.4945	  173.8643
7.611	 2.14	 1	 -43.8506	  178.9336
7.615	 2.37	 1	 -40.1120	  178.0323
7.619	 2.11	 1	 -41.6378	  177.9402
7.641	 3.34	 1	 -39.1415	  176.7753
7.647	 2.48	 1	 -42.8661	  173.8851
7.651	 2.60	 1	 -41.0986	  172.9076
7.653	 2.26	 1	 -44.9566	  173.9285
7.657	 2.09	 1	 -38.4438	  171.0191
7.662	 2.11	 1	 -38.5012	  170.8063
7.664	 2.20	 1	 -38.1990	  173.2485
7.673	 3.17	 1	 -41.3623	  177.0680
7.687	 2.40	 1	 -45.3602	  177.9470
7.696	 2.15	 1	 -43.3182	  166.9639
7.700	 5.39	 1	 -42.2123	  169.8534
7.701	 2.14	 1	 -45.2379	  169.9841
7.702	 2.77	 2	 -42.2050	  169.8624
7.703	 2.04	 1	 -43.4883	  169.7731
7.705	 3.08	 1	 -43.4778	  171.1969
7.706	 2.16	 2	 -42.3256	  169.8607
7.707	 2.04	 2	 -42.2541	  169.8100
7.726	 3.02	 1	 -42.5675	  166.9067
7.726	 2.04	 1	 -41.7109	  172.7747
7.726	 2.64	 1	 -39.7978	  170.6539
7.727	 2.03	 1	 -41.8338	  174.1817
7.728	 2.76	 1	 -47.1740	  172.5206
7.730	 2.60	 1	 -41.8120	  174.4164
7.733	 2.01	 1	 -41.7525	  174.1920
7.744	 2.21	 1	 -44.5551	  172.9020
7.744	 2.13	 1	 -39.1195	  176.7364
7.750	 2.13	 1	 -43.7614	  169.2458
7.752	 2.11	 1	 -46.5525	  176.1602
7.754	 2.94	 1	 -42.0180	  172.2359
7.762	 2.53	 1	 -44.9672	  172.7294
7.763	 2.33	 1	 -41.5244	  174.8890
7.779	 3.07	 2	 -42.5418	  173.2861
7.779	 2.31	 1	 -43.5038	  169.1782
7.781	 3.08	 3	 -42.4968	  173.3167
7.783	 2.19	 1	 -42.1915	  174.8410
7.787	 3.05	 2	 -42.2245	  169.9184
7.794	 2.16	 1	 -43.7521	  171.9131
7.803	 2.06	 1	 -42.9447	  172.3823
7.818	 3.07	 1	 -42.3536	  172.4071
7.834	 2.64	 1	 -44.8323	  167.6414
7.839	 2.57	 1	 -43.0916	  173.1472
7.839	 2.14	 1	 -45.5827	  168.3354
7.841	 2.28	 1	 -41.7503	  179.0041
7.847	 2.09	 1	 -43.9232	  176.2019
7.848	 2.44	 1	 -43.4447	  174.5655
7.860	 2.69	 1	 -44.0665	  178.1529
7.867	 2.06	 1	 -42.2471	  173.7444
7.875	 2.10	 1	 -41.9634	  173.6155
7.882	 2.45	 1	 -40.2465	  176.5655
7.891	 2.09	 1	 -44.7632	  172.5125
7.893	 2.47	 1	 -47.1743	  172.5249
7.895	 2.15	 1	 -43.6251	  171.4511
7.900	 2.58	 1	 -43.6127	  179.0105
7.902	 2.43	 1	 -43.8190	  172.6141
7.905	 2.38	 1	 -39.0202	  169.4917
7.909	 2.09	 1	 -41.6447	  172.6697
7.910	 2.18	 1	 -42.7869	  174.7386
7.920	 2.49	 1	 -42.5313	  174.5467
7.943	 2.53	 1	 -42.8644	  173.3202
7.948	 2.48	 1	 -43.0382	  173.5435
7.955	 2.14	 1	 -42.2276	  171.6852
7.964	 2.10	 2	 -42.2207	  169.8674
7.976	 2.42	 1	 -38.4177	  174.4126
7.980	 2.06	 1	 -40.6830	  167.5492
7.986	 2.38	 1	 -42.9855	  174.0516
8.003	 3.02	 1	 -42.2534	  167.0090
8.017	 2.13	 1	 -43.7342	  174.4026
8.020	 2.23	 1	 -43.0971	  177.0745
8.023	 2.21	 1	 -42.8668	  171.4319
8.027	 2.53	 1	 -42.9079	  173.5795
8.046	 2.05	 1	 -38.9253	  169.6820
8.054	 3.02	 1	 -42.0172	  173.4384
8.056	 3.15	 1	 -41.3604	  172.9234
8.069	 2.14	 1	 -45.5658	  168.3162
8.072	 2.34	 1	 -39.7144	  177.6058
8.078	 2.29	 1	 -46.0305	  168.9230
8.079	 3.05	 1	 -43.9131	  174.4715
8.081	 2.34	 1	 -40.4957	  174.8568
8.081	 2.21	 1	 -41.1705	  175.7656
8.090	 2.03	 1	 -45.2537	  174.2336
8.096	 2.26	 1	 -44.4557	  178.6500
8.099	 3.45	 1	 -42.9958	  174.4511
8.102	 2.01	 1	 -38.4639	  170.9418
8.104	 3.08	 1	 -46.0239	  170.7049
8.115	 2.70	 1	 -42.6875	  170.5890
8.124	 2.15	 1	 -43.4391	  173.2912
8.130	 2.65	 1	 -39.9507	  171.9119
8.136	 2.22	 1	 -42.4465	  173.7045
8.148	 2.07	 1	 -40.9674	  174.2747
8.151	 2.13	 1	 -44.2232	  178.7746
8.151	 2.29	 1	 -38.1984	  172.8184
8.152	 2.37	 1	 -42.4915	  173.4681
8.174	 2.34	 1	 -41.9111	  172.6317
8.185	 6.43	 1	 -45.5553	  171.4349
8.185	 2.46	 2	 -45.5767	  171.6691
8.185	 2.11	 2	 -44.5920	  173.1982
8.185	 2.02	 2	 -45.4869	  171.4917
8.185	 2.47	 1	 -42.5061	  173.0597
8.186	 2.53	 1	 -45.4088	  168.1467
8.186	 2.84	 2	 -45.6057	  171.3809
8.187	 2.24	 2	 -45.6603	  171.3960
8.187	 3.40	 2	 -48.8206	  169.9561
8.189	 2.60	 2	 -45.3476	  171.3396
8.189	 2.26	 2	 -45.5162	  171.6534
8.190	 2.49	 2	 -45.4652	  171.2437
8.195	 2.12	 2	 -45.8004	  171.0559
8.200	 2.19	 2	 -45.5310	  171.6260
8.201	 2.20	 2	 -45.9565	  171.5646
8.201	 2.08	 1	 -42.0753	  171.7461
8.203	 2.10	 2	 -45.6725	  171.5441
8.208	 2.25	 1	 -39.1968	  171.3507
8.219	 2.29	 2	 -45.5205	  171.3459
8.221	 2.54	 2	 -45.6497	  171.2911
8.226	 2.15	 1	 -46.4254	  176.4330
8.227	 2.09	 2	 -46.5508	  171.7788
8.227	 2.06	 1	 -39.7565	  173.8280
8.227	 3.08	 1	 -39.5961	  177.4584
8.229	 2.51	 2	 -45.5229	  171.4456
8.230	 2.72	 1	 -44.6066	  170.5429
8.232	 2.71	 2	 -45.6318	  171.5803
8.238	 2.08	 1	 -40.3637	  173.4288
8.239	 2.46	 1	 -42.8311	  172.0806
8.244	 2.81	 1	 -46.6630	  170.1504
8.244	 3.07	 2	 -45.5901	  171.5767
8.248	 2.05	 1	 -38.9406	  169.6502
8.250	 3.29	 1	 -38.1999	  173.2797
8.253	 3.04	 2	 -45.4519	  171.1102
8.258	 2.76	 2	 -45.6590	  171.3468
8.264	 2.33	 2	 -45.3644	  171.2228
8.278	 3.66	 1	 -41.8842	  173.9871
8.280	 2.09	 1	 -43.8569	  177.2530
8.292	 2.47	 2	 -45.5604	  171.0543
8.294	 2.61	 1	 -42.5198	  169.9155
8.297	 2.01	 2	 -45.7623	  171.8324
8.298	 2.08	 1	 -41.8307	  175.4504
8.303	 2.55	 1	 -46.2199	  176.8163
8.313	 2.18	 2	 -45.5020	  171.3523
8.318	 2.46	 1	 -43.0732	  174.1296
8.319	 2.34	 1	 -41.7316	  178.9986
8.329	 2.66	 1	 -42.3395	  174.6040
8.330	 2.10	 1	 -42.9964	  172.4313
8.331	 2.04	 2	 -45.8469	  171.9104
8.336	 2.08	 2	 -45.5614	  171.3389
8.342	 2.13	 2	 -45.5030	  171.4319
8.346	 2.01	 2	 -45.7411	  171.7318
8.348	 2.01	 1	 -42.2183	  173.3413
8.349	 2.45	 1	 -42.3103	  172.9856
8.358	 2.37	 2	 -45.7465	  170.7866
8.359	 4.31	 1	 -41.3432	  172.4423
8.376	 2.27	 1	 -42.2329	  173.6131
8.390	 2.40	 1	 -41.0845	  172.6510
8.399	 2.67	 1	 -43.1454	  174.1851
8.404	 2.01	 2	 -45.5797	  171.5512
8.414	 2.03	 3	 -45.5153	  171.6548
8.416	 2.80	 1	 -42.0537	  173.1985
8.419	 2.31	 2	 -45.3229	  171.6860
8.420	 2.25	 3	 -45.4581	  171.1108
8.423	 3.02	 2	 -45.5551	  171.4516
8.431	 3.74	 1	 -41.8409	  167.0151
8.433	 2.78	 1	 -38.1980	  173.2075
8.442	 2.29	 1	 -44.3139	  173.3186
8.453	 2.67	 1	 -41.6305	  173.3507
8.459	 2.80	 2	 -45.7311	  171.4833
8.469	 2.85	 1	 -41.9246	  173.2663
8.471	 2.19	 1	 -38.7586	  175.9854
8.482	 2.15	 2	 -45.6091	  171.4070
8.493	 2.05	 1	 -47.1696	  173.5919
8.503	 2.52	 1	 -42.4549	  174.4860
8.510	 2.37	 1	 -43.4141	  173.2917
8.511	 2.02	 1	 -43.7080	  170.6468
8.513	 2.39	 2	 -45.5559	  171.4776
8.515	 2.20	 2	 -45.7217	  171.4478
8.516	 2.55	 1	 -42.7023	  166.9043
8.522	 2.79	 1	 -46.9000	  170.8636
8.541	 2.41	 1	 -41.2438	  175.8666
8.544	 2.26	 2	 -45.5604	  171.4243
8.547	 2.04	 1	 -42.9303	  173.7259
8.554	 2.54	 2	 -45.1262	  171.6819
8.570	 2.36	 1	 -43.1284	  175.1237
8.578	 2.08	 1	 -44.2916	  173.8870
8.580	 2.00	 2	 -41.0969	  172.2001
8.580	 2.00	 1	 -38.6331	  175.6536
8.584	 2.32	 1	 -39.7682	  169.8773
8.605	 2.62	 1	 -42.6118	  172.3176
8.617	 2.35	 1	 -42.4811	  172.1791
8.629	 2.29	 1	 -40.8633	  175.0294
8.637	 2.09	 1	 -42.3922	  174.2515
8.643	 2.08	 1	 -42.7462	  169.2583
8.653	 2.01	 1	 -46.3934	  172.2290
8.656	 2.13	 1	 -39.8760	  172.1738
8.680	 2.35	 1	 -41.8058	  174.2736
8.688	 3.36	 1	 -44.2661	  172.8478
8.699	 2.15	 1	 -42.9776	  173.5237
8.701	 2.82	 1	 -41.7084	  174.9940
8.703	 2.50	 1	 -39.3014	  177.0396
8.704	 2.58	 2	 -43.3524	  167.8331
8.708	 3.32	 1	 -41.9367	  173.6927
8.713	 3.16	 1	 -45.1372	  172.5341
8.716	 2.09	 1	 -45.7344	  177.5277
8.722	 2.98	 1	 -42.6937	  173.0148
8.726	 2.04	 2	 -45.5189	  171.5267
8.734	 2.32	 2	 -45.5245	  171.5101
8.736	 2.11	 1	 -46.5857	  176.0835
8.739	 2.17	 1	 -41.8114	  176.0948
8.749	 2.94	 1	 -43.8482	  175.2511
8.758	 2.39	 1	 -41.0793	  174.4158
8.769	 2.37	 1	 -43.1469	  172.3577
8.769	 2.03	 2	 -45.4563	  171.3661
8.780	 2.62	 1	 -41.8897	  174.1814
8.786	 2.10	 1	 -42.7940	  175.4001
8.788	 2.75	 2	 -45.5778	  171.4491
8.789	 2.38	 1	 -41.9791	  173.7216
8.797	 2.88	 1	 -38.2140	  173.5699
8.809	 2.66	 1	 -39.3939	  177.1797
8.831	 2.69	 1	 -41.3145	  171.7081
8.831	 3.28	 1	 -43.4825	  166.9995
8.832	 2.71	 2	 -43.4745	  166.9818
8.836	 2.18	 1	 -39.2923	  175.3114
8.839	 2.18	 1	 -42.4457	  173.7755
8.840	 3.29	 1	 -43.3091	  166.9621
8.866	 2.48	 1	 -40.3700	  174.1084
8.879	 2.02	 1	 -40.9173	  173.9047
8.888	 2.15	 1	 -42.9956	  172.3346
8.899	 2.07	 1	 -43.0765	  174.4793
8.920	 2.07	 1	 -41.9385	  179.0533
8.942	 4.57	 1	 -41.7385	  174.1657
8.947	 2.08	 1	 -44.1263	  176.4640
8.962	 2.47	 1	 -42.0582	  173.6192
8.962	 2.32	 1	 -44.7949	  167.6142
8.968	 2.11	 1	 -42.2938	  166.9284
8.973	 2.66	 1	 -39.8891	  174.1124
8.975	 2.02	 1	 -42.9483	  171.6144
8.980	 3.28	 1	 -45.3089	  172.4613
8.982	 2.01	 1	 -46.6608	  174.1687
8.983	 2.19	 1	 -41.3798	  176.0874
8.989	 2.38	 1	 -42.5438	  171.0630
8.994	 2.09	 1	 -42.8640	  171.0957
8.997	 2.73	 1	 -38.2990	  171.7199
8.998	 3.01	 2	 -41.7341	  174.1716
9.000	 2.40	 2	 -41.7279	  174.1545
9.005	 2.01	 1	 -41.8764	  173.6582
9.021	 3.13	 1	 -40.5496	  174.4466
9.022	 3.60	 1	 -39.8445	  177.7564
9.024	 2.15	 1	 -45.3864	  168.1237
9.029	 2.36	 1	 -42.3107	  173.7688
9.041	 2.14	 1	 -42.3161	  173.2808
9.044	 2.61	 1	 -40.2129	  167.9186
9.049	 2.39	 1	 -41.7232	  178.9961
9.056	 2.03	 1	 -42.0584	  173.6749
9.076	 2.20	 1	 -39.0377	  173.6553
9.079	 2.09	 2	 -45.5334	  171.6223
9.095	 2.47	 1	 -41.0891	  172.3581
9.098	 2.21	 1	 -41.1106	  177.2380
9.107	 3.24	 1	 -46.8041	  170.5452
9.110	 2.30	 2	 -45.6380	  171.5798
9.116	 2.72	 1	 -41.1544	  178.7709
9.119	 2.04	 1	 -41.9833	  176.0459
9.123	 2.02	 1	 -46.0801	  168.9990
9.127	 2.01	 2	 -45.5129	  171.3563
9.129	 2.82	 1	 -42.3629	  174.9276
9.156	 2.67	 1	 -43.2561	  173.8725
9.160	 2.44	 1	 -42.1048	  173.8465
9.165	 2.09	 1	 -46.6115	  170.0224
9.168	 2.56	 1	 -46.7341	  170.3403
9.169	 4.16	 1	 -39.1637	  176.8138
9.169	 2.35	 1	 -41.9173	  170.6615
9.184	 2.23	 1	 -43.2594	  170.6842
9.189	 2.75	 1	 -42.9002	  168.5567
9.194	 3.00	 1	 -39.2733	  176.9953
9.196	 2.30	 1	 -45.2991	  174.8468
9.199	 3.07	 2	 -45.6033	  171.6381
9.201	 2.12	 1	 -42.7990	  166.9061
9.204	 3.14	 1	 -44.8514	  169.0609
9.206	 2.32	 1	 -41.4261	  167.1520
9.215	 2.25	 1	 -44.3872	  174.6891
9.224	 2.63	 1	 -43.2062	  171.5173
9.232	 2.15	 1	 -44.1309	  173.7315
9.251	 2.81	 1	 -43.6615	  170.0178
9.265	 2.31	 1	 -43.1804	  173.6045
9.268	 2.44	 1	 -42.6197	  173.7151
9.279	 2.60	 1	 -41.5794	  174.3685
9.286	 2.20	 1	 -43.1182	  173.6290
9.291	 2.02	 1	 -41.2391	  169.9875
9.309	 2.06	 1	 -45.0545	  178.2280
9.312	 2.05	 1	 -46.6135	  170.0273
9.337	 2.05	 1	 -41.1309	  172.4401
9.339	 2.12	 1	 -41.8313	  169.1083
9.341	 2.08	 1	 -38.2118	  172.5085
9.343	 2.46	 1	 -45.2057	  177.5590
9.346	 2.40	 1	 -43.8172	  169.3559
9.350	 2.64	 1	 -43.5012	  171.1286
9.372	 2.34	 1	 -44.4137	  178.6741
9.378	 2.24	 1	 -41.8640	  174.5649
9.390	 2.27	 1	 -40.8689	  167.4300
9.401	 2.21	 1	 -42.7846	  169.5092
9.405	 2.46	 1	 -45.2190	  177.1888
9.410	 2.13	 1	 -43.6388	  167.5801
9.413	 2.40	 1	 -42.8476	  172.7025
9.422	 2.18	 1	 -45.9936	  171.1547
9.429	 2.76	 1	 -43.5239	  171.6020
9.430	 2.28	 1	 -42.2134	  173.6908
9.432	 2.49	 1	 -46.6719	  171.8461
9.433	 2.26	 1	 -42.4674	  172.7492
9.435	 2.22	 1	 -42.3522	  174.6487
9.437	 2.06	 1	 -44.3484	  173.4954
9.451	 2.05	 1	 -44.1568	  174.3566
9.457	 2.28	 1	 -42.0757	  173.7210
9.462	 2.12	 1	 -38.2779	  174.1852
9.465	 2.71	 1	 -47.0650	  174.4495
9.511	 3.08	 1	 -44.3274	  170.8446
9.514	 2.22	 1	 -44.7121	  167.5561
9.514	 2.08	 1	 -42.2427	  173.6148
9.534	 2.02	 1	 -43.9683	  167.1557
9.540	 2.07	 1	 -41.6519	  177.9503
9.546	 2.19	 1	 -43.1923	  174.8853
9.558	 2.54	 1	 -41.5770	  172.8044
9.566	 2.41	 1	 -46.3338	  172.6924
9.568	 2.10	 1	 -41.7894	  173.2536
9.577	 2.04	 1	 -43.6955	  175.0334
9.606	 2.37	 2	 -45.5773	  171.4243
9.611	 2.52	 1	 -41.6293	  176.4070
9.614	 2.07	 1	 -42.2077	  170.3459
9.620	 2.44	 1	 -41.5410	  173.5862
9.626	 2.55	 1	 -42.3387	  173.6972
9.629	 2.84	 1	 -44.3479	  169.4790
9.631	 3.05	 1	 -38.4221	  174.9380
9.634	 3.25	 1	 -42.4225	  173.5870
9.642	 2.20	 1	 -43.8552	  173.4736
9.644	 2.79	 1	 -42.6028	  173.0082
9.655	 2.99	 1	 -41.7840	  174.1840
9.667	 2.03	 1	 -38.2768	  174.1771
9.674	 2.39	 1	 -42.1694	  171.5055
9.675	 3.71	 1	 -44.2643	  171.5955
9.677	 2.21	 1	 -38.2088	  172.5603
9.679	 2.07	 1	 -41.8049	  174.2180
9.694	 3.00	 1	 -43.0014	  166.9188
9.709	 2.04	 2	 -45.5772	  171.5291
9.714	 2.11	 1	 -42.3867	  172.1948
9.716	 2.17	 1	 -44.0551	  167.1920
9.723	 2.12	 1	 -41.9670	  174.4492
9.729	 3.01	 1	 -43.6563	  171.3719
9.743	 2.51	 1	 -42.4438	  177.8173
9.751	 2.47	 1	 -40.5878	  170.7470
9.762	 2.23	 1	 -43.1408	  177.0768
9.772	 2.25	 1	 -43.7769	  176.4277
9.777	 3.47	 1	 -40.0905	  168.0326
9.779	 2.29	 1	 -45.2866	  173.9077
9.783	 2.04	 1	 -42.1625	  173.4702
9.788	 2.02	 1	 -44.9354	  175.5323
9.789	 3.15	 1	 -41.7991	  172.4102
9.790	 2.20	 1	 -40.0575	  176.9000
9.803	 2.84	 1	 -41.1244	  172.3328
9.805	 2.33	 1	 -41.9135	  174.2619
9.809	 2.22	 1	 -41.1161	  173.5799
9.816	 2.57	 1	 -40.6357	  167.5818
9.823	 2.38	 1	 -39.3444	  168.9385
9.831	 2.07	 1	 -42.3511	  173.9432
9.832	 3.08	 1	 -45.5620	  173.1743
9.841	 2.27	 1	 -42.4127	  173.3530
9.857	 2.35	 1	 -45.2832	  178.0225
9.860	 3.36	 1	 -43.5922	  167.0280
9.865	 2.13	 1	 -43.7342	  174.4386
9.866	 2.24	 2	 -45.5344	  171.4695
9.872	 2.72	 1	 -38.8675	  176.2385
9.886	 2.18	 1	 -42.2975	  173.5120
9.894	 2.16	 1	 -44.8387	  173.7865
9.901	 2.93	 1	 -40.9858	  176.3107
9.928	 2.09	 1	 -38.6593	  175.3530
9.934	 2.42	 1	 -42.8288	  172.5302
9.942	 2.61	 1	 -42.2770	  172.3755
9.970	 2.76	 1	 -42.7689	  171.9842
9.971	 2.40	 1	 -44.0877	  173.4642
9.971	 2.17	 1	 -43.8703	  176.0450
9.975	 2.11	 2	 -45.6124	  171.4300
9.983	 3.40	 1	 -42.8375	  171.7793
9.991	 2.34	 1	 -42.7606	  173.4423
9.995	 2.50	 1	 -46.6673	  170.1615
10.001	 3.17	 1	 -42.3824	  170.5100
10.006	 2.09	 1	 -42.3345	  174.0383
10.023	 2.20	 1	 -43.6836	  178.7228
10.027	 2.57	 1	 -44.0223	  178.7100
10.028	 2.50	 1	 -41.9539	  173.5667
10.041	 2.33	 1	 -43.1500	  172.8513
10.053	 3.93	 1	 -41.7011	  174.3141
10.057	 2.04	 1	 -43.7252	  172.4961
10.062	 2.71	 1	 -43.1945	  170.7327
10.067	 2.12	 1	 -43.8193	  171.1477
10.071	 2.04	 1	 -39.4685	  177.2867
10.073	 2.10	 1	 -39.5396	  168.6603
10.091	 2.62	 1	 -43.0009	  170.7222
10.097	 2.28	 1	 -42.7577	  174.6363
10.108	 2.57	 1	 -38.5459	  174.9582
10.108	 2.49	 1	 -39.3615	  168.9327
10.117	 2.20	 1	 -43.1962	  173.7989
10.117	 2.40	 1	 -42.6791	  175.3360
10.137	 2.85	 1	 -42.9539	  175.0523
10.142	 2.15	 1	 -45.0843	  174.9908
10.157	 2.37	 2	 -41.3725	  172.9139
10.177	 2.99	 1	 -45.3051	  171.4969
10.182	 2.03	 1	 -44.6455	  175.6474
10.183	 3.11	 1	 -38.7059	  175.8520
10.190	 2.15	 1	 -41.4864	  171.9147
10.194	 2.42	 1	 -42.6227	  173.0213
10.194	 2.03	 2	 -45.5469	  171.4233
10.208	 2.29	 1	 -43.7316	  172.9100
10.213	 2.02	 1	 -44.4804	  167.5219
10.217	 3.91	 1	 -42.0632	  168.5742
10.235	 2.28	 1	 -43.8315	  169.3782
10.248	 2.78	 1	 -40.1156	  168.0086
10.262	 2.03	 1	 -43.4700	  173.0758
10.268	 2.15	 1	 -42.4644	  172.6367
10.269	 2.18	 1	 -44.0040	  175.0645
10.281	 2.29	 1	 -38.3439	  171.4658
10.284	 2.66	 1	 -43.9556	  170.0325
10.288	 2.19	 1	 -40.5531	  170.1463
10.292	 3.40	 1	 -44.5147	  178.6151
10.295	 2.16	 1	 -42.2895	  172.5583
10.309	 2.25	 1	 -44.1984	  171.9958
10.313	 2.24	 1	 -41.9453	  174.0051
10.315	 2.11	 2	 -45.6312	  171.5147
10.326	 2.96	 1	 -38.2023	  173.3488
10.353	 2.43	 1	 -42.9928	  173.0939
10.363	 2.07	 1	 -42.9347	  178.9850
10.363	 2.31	 1	 -45.7687	  170.3493
10.366	 2.74	 1	 -41.5743	  172.8532
10.377	 2.07	 1	 -43.1721	  177.8852
10.379	 2.16	 1	 -42.5030	  173.1091
10.387	 3.51	 1	 -44.8863	  167.6818
10.394	 2.16	 1	 -41.9567	  171.9808
10.397	 2.53	 1	 -42.3351	  172.8676
10.419	 3.71	 1	 -38.4629	  175.0989
10.424	 2.02	 1	 -40.6592	  169.5924
10.425	 2.03	 1	 -42.0036	  174.6951
10.430	 2.08	 1	 -40.2055	  176.7352
10.433	 2.05	 1	 -42.0523	  174.2176
10.446	 2.46	 1	 -38.5779	  175.4898
10.448	 3.02	 1	 -43.2621	  175.1521
10.471	 2.18	 1	 -43.8849	  173.2121
10.476	 3.62	 1	 -39.7864	  177.6906
10.492	 2.93	 1	 -42.4515	  175.9466
10.495	 2.41	 1	 -41.2979	  172.7678
10.504	 2.60	 1	 -42.0506	  174.3812
10.507	 2.10	 1	 -41.9390	  174.0917
10.512	 2.62	 2	 -43.1946	  170.7252
10.516	 2.03	 1	 -38.7814	  171.7405
10.526	 2.37	 1	 -42.9498	  174.0930
10.530	 2.20	 1	 -44.3380	  173.2912
10.538	 2.08	 1	 -41.5383	  171.7389
10.541	 2.34	 1	 -42.2472	  173.7282
10.548	 2.04	 1	 -41.7072	  171.7205
10.550	 2.18	 1	 -43.8175	  172.0100
10.564	 2.10	 1	 -46.9396	  171.0124
10.578	 2.40	 1	 -43.9852	  170.5633
10.615	 2.42	 1	 -43.6156	  174.3963
10.618	 2.13	 1	 -41.9972	  173.7493
10.619	 3.23	 1	 -44.0461	  169.6855
10.634	 2.13	 1	 -46.2281	  169.2421
10.640	 3.36	 1	 -40.9161	  173.5445
10.651	 3.28	 1	 -42.6894	  172.3996
10.665	 2.67	 1	 -46.0856	  177.0367
10.678	 2.12	 1	 -42.1465	  172.0827
10.683	 2.13	 1	 -38.4855	  175.1820
10.732	 2.50	 1	 -40.3911	  167.7664
10.736	 2.12	 1	 -38.1979	  173.2041
10.738	 2.06	 1	 -38.6909	  175.8125
10.746	 2.15	 1	 -43.7725	  167.9949
10.769	 2.38	 1	 -45.5594	  177.7353
10.772	 2.22	 1	 -42.3574	  173.7689
10.774	 2.74	 1	 -41.9815	  171.4423
10.775	 2.80	 1	 -38.3903	  171.2428
10.777	 2.06	 1	 -38.1962	  173.0861
10.780	 2.92	 1	 -41.4187	  172.1188
10.787	 2.71	 1	 -46.0727	  177.0568
10.806	 2.19	 1	 -43.5951	  172.2259
10.812	 2.19	 2	 -45.5298	  171.7141
10.816	 2.87	 1	 -40.0312	  168.0909
10.818	 2.29	 1	 -38.8948	  169.8446
10.818	 2.06	 1	 -41.3509	  171.4850
10.818	 2.19	 1	 -42.2500	  179.1103
10.819	 2.71	 1	 -39.4083	  177.2008
10.831	 2.26	 1	 -40.7204	  170.2287
10.841	 2.39	 1	 -42.7826	  172.3064
10.848	 2.61	 1	 -41.9801	  173.7481
10.850	 2.01	 1	 -39.9574	  177.8781
10.851	 2.36	 1	 -41.1848	  178.7858
10.865	 2.45	 1	 -42.7129	  174.2045
10.866	 2.71	 1	 -46.1900	  169.1770
10.881	 2.25	 2	 -43.3067	  166.9554
10.897	 2.47	 1	 -43.6165	  172.8028
10.938	 2.09	 1	 -43.0026	  174.9039
10.949	 2.30	 1	 -41.6915	  173.2289
10.966	 2.57	 2	 -42.1838	  169.7322
10.987	 2.08	 1	 -42.3036	  173.4814
10.996	 2.22	 1	 -42.8653	  168.3452
11.010	 3.35	 1	 -38.4725	  170.9097
11.030	 3.95	 1	 -45.7481	  172.4474
11.033	 4.29	 1	 -41.3651	  174.8923
11.037	 2.14	 1	 -44.2169	  167.2666
11.040	 2.12	 1	 -42.4406	  172.5363
11.042	 3.45	 1	 -41.6144	  173.4806
11.044	 2.76	 1	 -42.5841	  172.3912
11.046	 2.97	 2	 -41.4020	  174.9071
11.067	 2.19	 1	 -47.1620	  173.6927
11.081	 2.43	 1	 -43.1294	  172.7578
11.085	 2.09	 1	 -42.5723	  169.8667
11.096	 2.09	 1	 -43.2719	  170.9152
11.098	 2.02	 2	 -45.5629	  171.3490
11.099	 2.04	 1	 -42.0971	  171.7949
11.101	 3.01	 1	 -38.9618	  169.6069
11.117	 2.26	 2	 -45.6516	  171.5657
11.118	 2.81	 1	 -38.4726	  174.8280
11.123	 2.00	 1	 -43.1978	  173.7399
11.154	 2.11	 1	 -41.2155	  177.3291
11.159	 2.53	 1	 -38.9623	  169.6060
11.165	 2.37	 1	 -42.5822	  170.5182
11.168	 2.69	 1	 -43.9365	  173.9680
11.170	 2.14	 1	 -42.1804	  172.5114
11.186	 2.50	 1	 -42.9409	  175.2167
11.190	 2.04	 1	 -39.1508	  173.9705
11.194	 3.05	 2	 -45.3410	  170.1100
11.199	 2.99	 1	 -42.4067	  166.9167
11.246	 2.82	 1	 -38.5298	  172.2258
11.246	 2.18	 1	 -38.9887	  176.4911
11.256	 2.53	 1	 -43.9627	  172.7248
11.260	 2.46	 1	 -41.5102	  172.1083
11.263	 2.32	 1	 -40.5995	  171.9789
11.294	 2.50	 1	 -42.3883	  173.8136
11.298	 2.12	 1	 -42.0780	  174.7090
11.301	 2.79	 1	 -41.7222	  171.0144
11.303	 2.56	 1	 -42.8855	  176.4764
11.311	 2.61	 1	 -42.4094	  166.9165
11.317	 2.44	 1	 -40.3540	  169.5839
11.326	 2.21	 1	 -42.3131	  173.7204
11.326	 2.46	 1	 -43.4237	  179.0585
11.334	 2.67	 1	 -42.3701	  171.5569
11.336	 2.33	 1	 -44.7693	  174.3430
11.341	 2.23	 1	 -46.9837	  174.8504
11.349	 2.45	 1	 -41.7979	  175.2384
11.353	 2.15	 2	 -44.5273	  169.6635
11.393	 2.01	 1	 -43.2266	  170.7002
11.412	 2.43	 1	 -40.5890	  173.6140
11.424	 2.61	 1	 -45.5655	  177.7285
11.440	 2.79	 1	 -46.1044	  169.0371
11.456	 2.25	 1	 -42.4774	  173.9161
11.465	 2.20	 1	 -46.0296	  169.0563
11.468	 2.03	 2	 -42.1123	  170.4985
11.471	 2.75	 1	 -41.6806	  174.2800
11.482	 2.14	 2	 -45.5693	  171.4634
11.485	 2.30	 1	 -47.1488	  173.8401
11.487	 2.27	 2	 -43.4702	  173.0714
11.491	 2.41	 1	 -45.4752	  174.6967
11.496	 2.56	 1	 -41.7059	  178.6431
11.501	 2.06	 1	 -43.4688	  166.9962
11.501	 2.68	 1	 -42.2401	  173.8628
11.501	 2.35	 1	 -42.1262	  176.6733
11.510	 3.35	 1	 -41.8508	  174.3649
11.511	 2.53	 1	 -42.2399	  173.8244
11.514	 2.15	 1	 -42.0126	  170.8109
11.516	 2.21	 2	 -45.5712	  171.4149
11.540	 3.97	 1	 -42.7157	  172.7255
11.546	 2.28	 1	 -39.1410	  176.7744
11.551	 2.01	 1	 -38.2854	  174.2367
11.588	 3.03	 1	 -41.9797	  173.6638
11.606	 2.55	 1	 -40.9585	  174.9249
11.608	 2.07	 1	 -44.9131	  172.6102
11.624	 2.28	 1	 -42.4654	  172.4836
11.625	 2.27	 1	 -41.9278	  171.6656
11.626	 2.04	 1	 -42.6539	  176.6511
11.639	 2.05	 1	 -43.3118	  171.9635
11.641	 2.11	 1	 -44.3132	  173.3930
11.643	 2.28	 1	 -43.1531	  176.1078
11.647	 2.31	 1	 -45.2371	  176.4209
11.665	 2.28	 1	 -38.3372	  171.5007
11.668	 2.16	 1	 -39.5942	  168.5884
11.673	 2.18	 1	 -43.4086	  174.3362
11.681	 2.01	 1	 -42.4287	  169.8218
11.682	 2.36	 1	 -43.3227	  174.5067
11.684	 2.45	 1	 -41.5085	  178.9240
11.684	 2.05	 1	 -43.3966	  171.8271
11.700	 2.04	 1	 -43.3974	  171.3995
11.705	 3.81	 1	 -42.3839	  173.5990
11.713	 2.37	 1	 -42.6508	  173.7042
11.718	 2.15	 1	 -42.4656	  172.2567
11.728	 2.27	 1	 -43.4866	  176.1341
11.731	 2.30	 1	 -44.7531	  167.5845
11.753	 2.21	 1	 -38.5684	  172.4355
11.753	 2.23	 2	 -45.5008	  171.4328
11.761	 2.17	 2	 -45.7602	  170.9833
11.763	 2.13	 1	 -41.3455	  178.8590
11.767	 2.18	 1	 -39.7667	  168.3766
11.775	 2.06	 1	 -40.2142	  167.9174
11.780	 2.91	 1	 -42.8033	  170.5850
11.783	 2.22	 1	 -43.4338	  173.5161
11.790	 2.86	 1	 -44.1414	  171.1934
11.814	 2.08	 1	 -43.8719	  176.7322
11.818	 2.75	 1	 -42.1218	  175.3398
11.831	 2.22	 1	 -42.5172	  172.5495
11.836	 2.00	 1	 -41.0150	  171.7908
11.843	 2.96	 1	 -45.7811	  168.6307
11.848	 2.42	 1	 -43.2289	  174.3277
11.851	 2.17	 1	 -42.7933	  172.4389
11.861	 2.01	 1	 -40.0936	  176.9590
11.863	 3.26	 1	 -42.1363	  173.3734
11.875	 2.28	 1	 -43.9760	  174.1635
11.896	 2.68	 1	 -43.2161	  171.7221
11.900	 2.29	 1	 -40.2528	  174.9697
11.921	 2.38	 1	 -42.0462	  173.6581
11.937	 2.19	 1	 -40.2516	  178.1601
11.938	 2.87	 1	 -42.0816	  173.2163
11.953	 2.21	 1	 -43.6520	  172.5487
11.970	 2.34	 1	 -42.6242	  172.8294
11.975	 2.20	 1	 -41.6154	  169.6894
11.976	 2.37	 1	 -45.8194	  168.6257
11.981	 2.09	 1	 -46.9327	  175.0588
12.000	 2.92	 1	 -41.7975	  177.9327
12.006	 2.52	 1	 -44.7538	  167.9566
12.018	 2.00	 1	 -41.9268	  171.5232
12.022	 2.07	 1	 -40.6160	  169.6441
12.029	 2.59	 1	 -43.7839	  173.4899
12.055	 2.44	 1	 -45.7701	  173.6008
12.063	 2.35	 1	 -42.4307	  173.3514
12.064	 2.33	 1	 -44.5486	  178.5945
12.078	 2.09	 1	 -43.4055	  173.7231
12.083	 2.04	 1	 -38.2067	  172.5997
12.090	 2.43	 1	 -40.6450	  172.0608
12.093	 2.22	 2	 -45.6022	  171.3632
12.103	 2.24	 1	 -42.8857	  172.4177
12.122	 2.19	 1	 -41.4824	  174.2684
12.126	 3.44	 1	 -38.8290	  169.8922
12.149	 2.31	 1	 -43.6607	  173.6136
12.151	 2.52	 1	 -43.9964	  176.2195
12.171	 2.17	 2	 -45.7006	  171.1496
12.174	 2.08	 1	 -42.6312	  172.8896
12.186	 3.25	 1	 -46.8219	  170.6006
12.196	 2.34	 1	 -42.9779	  172.6914
12.201	 2.25	 1	 -43.1741	  172.3634
12.208	 2.54	 2	 -45.4105	  171.9594
12.213	 2.28	 1	 -43.1333	  166.9338
12.215	 3.07	 1	 -41.2908	  178.8351
12.218	 2.13	 1	 -41.8275	  167.0186
12.252	 2.15	 2	 -45.5576	  171.3808
12.273	 2.70	 1	 -38.6958	  175.8254
12.294	 3.16	 1	 -43.5777	  173.6016
12.305	 2.24	 1	 -42.5418	  173.7770
12.309	 2.73	 1	 -41.0224	  171.7020
12.316	 2.97	 1	 -42.9553	  172.5276
12.317	 2.87	 1	 -41.0972	  174.3625
12.330	 2.84	 1	 -45.2336	  172.8416
12.336	 2.09	 1	 -38.4622	  170.9484
12.349	 2.32	 1	 -40.2267	  167.9062
12.356	 3.02	 1	 -43.3732	  174.6457
12.359	 2.03	 1	 -42.2131	  173.1334
12.360	 2.55	 1	 -43.0913	  174.1646
12.366	 2.25	 1	 -42.1734	  173.0557
12.369	 2.04	 1	 -38.2753	  173.1771
12.387	 2.99	 1	 -43.4642	  170.6800
12.387	 2.17	 1	 -41.6029	  174.0672
12.396	 2.38	 1	 -41.9577	  166.9866
12.399	 2.25	 2	 -43.0892	  174.1644
12.400	 2.41	 1	 -41.0636	  172.4050
12.410	 2.35	 1	 -44.2251	  175.9509
12.415	 2.77	 1	 -42.0805	  171.6733
12.440	 2.11	 1	 -40.5680	  172.7500
12.455	 2.02	 1	 -45.4948	  169.0307
12.460	 2.27	 1	 -39.2214	  170.4633
12.462	 2.09	 2	 -40.9915	  176.3056
12.471	 2.11	 1	 -41.9917	  172.0345
12.478	 2.96	 1	 -43.2513	  170.2793
12.481	 2.34	 1	 -42.8187	  174.7264
12.485	 2.15	 1	 -44.3562	  176.0309
12.494	 2.41	 1	 -44.0570	  178.8515
12.503	 2.16	 1	 -41.8414	  174.1587
12.528	 3.50	 1	 -43.5491	  174.9809
12.570	 2.15	 1	 -42.2478	  172.0673
12.584	 2.60	 1	 -44.0396	  171.8018
12.595	 2.68	 1	 -42.2258	  171.9005
12.619	 2.18	 1	 -42.7969	  173.9327
12.621	 2.12	 1	 -43.2220	  174.3996
12.622	 2.35	 1	 -42.6756	  170.7415
12.630	 2.65	 1	 -42.4366	  170.6172
12.642	 2.36	 1	 -47.1178	  171.9364
12.661	 2.17	 1	 -40.7832	  167.4833
12.690	 2.18	 1	 -41.8552	  174.1416
12.692	 2.32	 1	 -40.6108	  178.4449
12.697	 2.13	 1	 -46.6777	  175.4667
12.705	 2.28	 1	 -43.7762	  171.6803
12.714	 2.32	 1	 -43.1462	  173.4838
12.723	 2.07	 1	 -43.3157	  172.5127
12.725	 2.10	 1	 -43.7511	  175.3428
12.727	 2.12	 1	 -42.1355	  173.1289
12.747	 3.10	 1	 -42.2438	  174.1413
12.751	 2.26	 1	 -44.2267	  171.5821
12.755	 2.02	 1	 -40.3103	  173.3424
12.767	 2.16	 1	 -41.5766	  177.6652
12.778	 2.12	 1	 -44.7784	  173.2099
12.791	 2.05	 1	 -45.0963	  167.8519
12.795	 2.01	 1	 -40.6762	  178.4904
12.799	 2.20	 1	 -41.5951	  175.3806
12.807	 2.05	 1	 -41.8697	  173.9454
12.811	 2.67	 1	 -40.4081	  170.2835
12.813	 2.36	 1	 -41.8152	  173.3416
12.821	 3.82	 1	 -45.7886	  177.4588
12.844	 2.20	 1	 -43.4777	  173.8192
12.877	 2.00	 1	 -40.9781	  176.9494
12.894	 2.24	 1	 -41.2931	  171.8741
12.898	 2.36	 2	 -45.6635	  171.4381
12.902	 2.31	 1	 -43.7924	  171.8716
12.937	 2.49	 1	 -41.8735	  173.8153
12.983	 2.61	 1	 -42.2810	  173.7590
13.018	 2.03	 1	 -42.1365	  179.0930
13.042	 2.01	 1	 -42.6662	  173.6417
13.045	 3.29	 1	 -42.0884	  169.7035
13.059	 2.29	 1	 -45.3643	  173.1851
13.064	 2.73	 1	 -40.9984	  174.4146
13.067	 2.16	 1	 -41.6318	  170.8030
13.092	 2.62	 1	 -44.2685	  167.2924
13.094	 2.00	 1	 -43.7633	  170.3140
13.105	 2.68	 1	 -39.9573	  177.8779
13.111	 2.44	 1	 -42.1797	  175.2527
13.120	 2.67	 1	 -40.0674	  174.2057
13.125	 2.26	 1	 -44.3131	  170.7748
13.149	 2.03	 1	 -43.0203	  174.0780
13.170	 3.04	 1	 -42.3267	  168.7668
13.172	 2.25	 1	 -46.8260	  170.6135
13.172	 2.34	 1	 -42.0153	  173.9445
13.177	 2.42	 1	 -41.4244	  167.1527
13.196	 2.75	 1	 -43.0358	  166.9222
13.200	 2.04	 1	 -41.5804	  167.0944
13.202	 2.06	 1	 -46.2912	  172.8528
13.202	 2.31	 2	 -45.5359	  171.3606
13.203	 3.59	 1	 -42.9350	  166.9132
13.203	 2.71	 1	 -47.0217	  174.6760
13.203	 2.01	 1	 -41.9600	  172.6669
13.211	 2.41	 1	 -42.0271	  173.0309
13.227	 2.04	 1	 -45.4609	  177.8430
13.232	 2.43	 1	 -47.1626	  173.6855
13.248	 2.18	 2	 -44.1192	  167.2430
13.254	 2.12	 1	 -42.7441	  172.6464
13.254	 2.69	 1	 -44.7451	  173.4137
13.275	 2.54	 1	 -41.3533	  172.4614
13.280	 2.14	 1	 -43.7623	  175.2060
13.289	 2.55	 1	 -44.9807	  172.4614
13.303	 2.30	 1	 -47.1607	  173.7092
13.321	 2.30	 1	 -43.7591	  173.1737
13.326	 2.61	 1	 -46.8118	  175.4753
13.348	 2.14	 1	 -43.7420	  172.9780
13.352	 3.00	 1	 -41.3558	  171.6371
13.399	 2.02	 1	 -41.9993	  174.5464
13.411	 2.89	 1	 -38.2670	  174.1054
13.413	 2.06	 1	 -41.1159	  175.4592
13.418	 2.51	 1	 -44.2210	  167.2686
13.423	 2.59	 1	 -39.2687	  169.0562
13.424	 2.48	 1	 -41.4178	  173.6727
13.438	 2.87	 1	 -38.4441	  171.0180
13.483	 2.09	 1	 -45.1476	  178.1477
13.484	 2.21	 1	 -43.0461	  172.1897
13.492	 2.27	 1	 -42.2229	  166.9378
13.498	 2.91	 1	 -43.8759	  173.7681
13.504	 2.05	 1	 -43.6999	  169.4396
13.512	 2.03	 1	 -46.8955	  175.1965
13.513	 2.09	 1	 -41.9688	  174.3667
13.517	 2.60	 1	 -43.0601	  174.3768
13.534	 2.02	 1	 -44.2351	  167.2756
13.547	 2.10	 1	 -42.1069	  173.8251
13.556	 2.03	 1	 -39.4285	  172.5487
13.558	 2.01	 1	 -43.0498	  170.2895
13.572	 2.28	 1	 -41.7310	  175.2770
13.580	 3.26	 1	 -41.8755	  172.9405
13.594	 2.39	 1	 -45.3896	  171.5002
13.612	 2.17	 1	 -43.4695	  171.9386
13.621	 2.29	 1	 -44.2137	  177.2189
13.630	 2.14	 1	 -38.5340	  170.6947
13.631	 2.59	 1	 -42.4313	  172.1478
13.633	 2.48	 1	 -44.1790	  172.9466
13.637	 3.47	 1	 -45.2653	  178.0397
13.637	 2.34	 1	 -42.4793	  176.5117
13.661	 2.66	 1	 -41.0642	  167.3195
13.664	 2.44	 1	 -43.0421	  173.5189
13.674	 2.13	 1	 -40.0848	  175.3221
13.674	 3.46	 1	 -43.5590	  175.1732
13.681	 2.30	 1	 -40.2241	  167.9085
13.690	 2.13	 1	 -44.7888	  173.5754
13.691	 2.06	 1	 -42.5222	  168.9200
13.725	 2.27	 1	 -44.2166	  169.4769
13.731	 3.77	 1	 -47.1208	  174.0846
13.737	 2.91	 1	 -42.5820	  174.6993
13.748	 2.33	 1	 -42.2100	  172.3819
13.749	 2.70	 1	 -41.3759	  171.5479
13.764	 2.34	 1	 -38.2233	  172.3488
13.773	 3.44	 1	 -39.3069	  168.9959
13.785	 2.22	 2	 -39.4317	  169.0005
13.832	 2.58	 1	 -42.0932	  166.9589
13.854	 3.42	 1	 -40.2500	  178.1587
13.857	 2.30	 2	 -45.5084	  171.4907
13.863	 2.14	 1	 -41.5525	  173.4409
13.864	 2.28	 1	 -40.2853	  167.8548
13.871	 2.53	 2	 -45.5246	  171.3963
13.882	 2.95	 1	 -42.8197	  176.3207
13.895	 2.30	 1	 -46.0016	  170.1892
13.923	 2.07	 1	 -41.0266	  167.3397
13.941	 2.12	 1	 -41.6110	  175.1093
13.950	 3.31	 1	 -45.0830	  171.0844
13.971	 2.33	 1	 -40.2334	  171.7731
13.998	 3.24	 1	 -44.5629	  173.9580
