# Simulation 391
# RelativeTime(days) Magnitude Generation Latitude Longitude
Time Mag Gen Lat Lon
7.003	 2.07	 1	 -43.9757	  175.6040
7.004	 2.65	 1	 -46.7226	  170.3086
7.010	 2.15	 1	 -40.6410	  175.0381
7.013	 2.56	 1	 -42.2879	  170.8939
7.020	 2.73	 1	 -42.2179	  174.0792
7.042	 2.04	 1	 -41.5439	  168.8597
7.042	 2.61	 1	 -41.6948	  172.2988
7.057	 2.75	 1	 -46.3428	  176.5946
7.058	 2.01	 1	 -41.6132	  171.4312
7.059	 2.06	 1	 -38.2650	  171.9543
7.060	 3.40	 1	 -42.9247	  170.9045
7.061	 2.02	 1	 -43.1803	  173.1869
7.069	 2.88	 1	 -45.5933	  168.3476
7.073	 2.76	 1	 -38.2015	  173.3258
7.076	 2.44	 1	 -43.1578	  172.1480
7.081	 2.68	 1	 -44.0526	  171.2122
7.084	 2.02	 1	 -45.1300	  171.1731
7.088	 2.13	 1	 -43.2800	  175.6176
7.104	 2.55	 1	 -46.7592	  173.3273
7.106	 2.41	 1	 -41.6960	  167.0565
7.123	 2.30	 1	 -42.0997	  173.1293
7.134	 2.15	 1	 -45.1815	  175.1515
7.136	 2.28	 1	 -41.6701	  178.9797
7.140	 3.33	 1	 -42.0235	  173.7830
7.151	 2.23	 1	 -41.6264	  172.9854
7.171	 2.36	 1	 -43.7625	  178.9642
7.173	 2.79	 1	 -44.6669	  167.5256
7.173	 2.31	 1	 -42.5935	  166.9058
7.176	 2.33	 1	 -42.4934	  173.3055
7.193	 2.66	 1	 -42.3751	  171.4128
7.208	 2.06	 1	 -44.3558	  170.4327
7.210	 2.64	 1	 -46.3202	  176.6371
7.214	 2.11	 1	 -45.8864	  177.3286
7.216	 2.01	 1	 -42.7178	  174.0008
7.219	 2.55	 1	 -43.7638	  171.2716
7.220	 2.49	 1	 -43.8292	  174.6235
7.240	 2.41	 1	 -43.0275	  172.9797
7.252	 2.02	 1	 -45.9382	  168.7881
7.254	 2.37	 1	 -44.2509	  174.8779
7.265	 2.53	 1	 -44.1262	  171.0480
7.269	 2.15	 1	 -42.2640	  170.6467
7.273	 2.28	 1	 -42.1685	  170.6069
7.273	 2.57	 1	 -42.0934	  178.5388
7.277	 2.25	 1	 -42.9016	  171.6113
7.281	 3.65	 1	 -40.6250	  170.2316
7.281	 2.36	 1	 -41.4688	  178.9090
7.291	 2.30	 1	 -41.1327	  172.4515
7.295	 2.25	 1	 -41.8316	  174.2508
7.313	 2.58	 1	 -41.5913	  170.7089
7.314	 2.14	 1	 -41.6346	  178.9682
7.314	 2.73	 1	 -42.3258	  177.1701
7.318	 2.12	 1	 -46.7026	  174.6250
7.319	 2.19	 1	 -41.7498	  174.7494
7.321	 3.02	 1	 -38.9364	  169.6589
7.330	 2.17	 1	 -42.3167	  170.8702
7.332	 2.39	 1	 -42.2464	  173.6049
7.334	 2.45	 1	 -45.2203	  176.0975
7.339	 2.72	 1	 -41.1969	  176.3188
7.339	 3.16	 1	 -42.0744	  170.0608
7.344	 2.14	 1	 -43.4072	  166.9821
7.360	 2.51	 1	 -41.7408	  173.6929
7.365	 2.06	 1	 -42.1246	  172.0680
7.365	 2.56	 1	 -38.3547	  174.6334
7.370	 2.07	 1	 -43.0191	  172.3365
7.375	 2.02	 1	 -40.5250	  178.3823
7.375	 2.08	 1	 -42.2855	  172.1978
7.376	 2.37	 1	 -41.6081	  174.5978
7.380	 2.51	 1	 -42.8511	  172.0983
7.387	 2.15	 1	 -43.7557	  173.4629
7.392	 2.17	 1	 -40.6346	  174.6092
7.395	 3.48	 1	 -42.8791	  173.4600
7.401	 2.18	 1	 -43.2219	  176.8547
7.402	 2.09	 1	 -43.9646	  171.2341
7.403	 2.11	 1	 -40.4638	  172.3302
7.411	 2.20	 1	 -46.9289	  174.0216
7.415	 3.29	 1	 -42.4462	  166.9135
7.420	 2.43	 1	 -44.1951	  167.2560
7.426	 2.36	 1	 -45.2492	  178.0548
7.427	 2.67	 1	 -41.0863	  172.4465
7.427	 2.04	 1	 -42.2291	  172.8805
7.434	 2.02	 1	 -40.4112	  178.2941
7.449	 2.18	 1	 -41.4432	  170.4554
7.461	 3.47	 1	 -38.2149	  172.4604
7.462	 2.36	 1	 -42.0514	  173.6612
7.467	 2.44	 1	 -42.4459	  174.7179
7.470	 2.36	 1	 -42.4990	  172.7706
7.472	 2.34	 1	 -41.8048	  174.4889
7.489	 2.60	 1	 -46.6351	  175.9641
7.503	 2.41	 1	 -38.9579	  169.6148
7.510	 2.12	 1	 -40.3326	  178.2296
7.518	 2.30	 1	 -44.1571	  171.6298
7.522	 2.06	 1	 -41.1104	  170.7747
7.534	 2.69	 1	 -41.1085	  174.1301
7.542	 2.72	 1	 -39.6143	  174.0207
7.551	 2.09	 1	 -43.4299	  174.5029
7.557	 2.22	 1	 -42.7083	  171.9237
7.557	 2.26	 1	 -42.8667	  175.7806
7.563	 2.56	 1	 -39.9966	  177.9185
7.564	 2.88	 1	 -46.3097	  172.3233
7.575	 2.14	 1	 -43.7320	  169.9520
7.582	 2.10	 1	 -46.6346	  175.9653
7.588	 2.05	 1	 -39.3434	  168.9399
7.596	 2.46	 1	 -44.5536	  173.8250
7.606	 2.03	 1	 -38.3484	  171.4425
7.609	 2.09	 1	 -42.2791	  172.9356
7.613	 2.40	 1	 -41.5386	  167.1092
7.614	 2.03	 1	 -47.0907	  174.2954
7.628	 2.77	 1	 -47.1879	  173.1634
7.634	 2.68	 1	 -41.6614	  174.3388
7.637	 2.44	 1	 -43.5610	  174.3565
7.639	 2.68	 1	 -44.3330	  167.3260
7.640	 2.04	 1	 -41.9730	  174.0892
7.645	 2.38	 1	 -43.5846	  171.1189
7.645	 2.11	 1	 -42.0777	  167.5458
7.646	 2.07	 1	 -41.5048	  173.1464
7.658	 2.39	 1	 -45.2679	  178.0371
7.671	 2.14	 1	 -42.1482	  179.0949
7.673	 3.64	 1	 -44.6794	  172.6509
7.683	 2.75	 1	 -41.7622	  177.9111
7.689	 2.59	 1	 -42.5674	  173.3181
7.698	 2.01	 1	 -40.4717	  174.9548
7.700	 3.74	 1	 -41.9572	  172.8315
7.714	 2.40	 1	 -42.6867	  166.9043
7.720	 3.03	 1	 -41.5037	  167.1220
7.721	 2.20	 1	 -40.2067	  170.8886
7.728	 2.49	 1	 -41.1241	  171.5780
7.746	 2.60	 1	 -42.4829	  170.9716
7.754	 4.23	 1	 -42.8078	  172.6261
7.775	 2.14	 1	 -42.3072	  174.3055
7.783	 2.84	 1	 -39.1947	  175.0258
7.792	 2.10	 1	 -41.9904	  173.8456
7.793	 2.19	 1	 -40.5043	  174.9772
7.810	 2.35	 1	 -42.6596	  174.9867
7.814	 2.00	 1	 -42.9577	  166.9150
7.816	 2.27	 1	 -41.8464	  172.4422
7.826	 2.38	 1	 -44.8351	  170.7731
7.833	 2.11	 1	 -42.0227	  173.8475
7.843	 2.44	 1	 -41.5947	  167.0895
7.846	 2.23	 1	 -41.2350	  171.6711
7.851	 2.30	 1	 -39.9460	  175.4780
7.861	 2.47	 1	 -45.5249	  168.2705
7.866	 2.07	 1	 -43.6982	  173.9841
7.867	 2.32	 1	 -42.8307	  175.7485
7.873	 2.90	 1	 -42.5241	  173.0611
7.874	 2.24	 1	 -38.6337	  170.3890
7.882	 3.04	 1	 -43.8923	  172.8093
7.894	 2.03	 1	 -38.7606	  170.0540
7.897	 2.21	 1	 -45.3149	  177.5866
7.901	 2.29	 1	 -41.7601	  175.1669
7.921	 2.70	 1	 -43.7111	  174.6800
7.932	 2.14	 1	 -42.6997	  172.8665
7.939	 2.59	 1	 -44.8547	  172.1605
7.957	 2.07	 1	 -42.2490	  179.1101
7.965	 2.02	 1	 -40.8897	  172.8958
7.967	 2.40	 1	 -43.1679	  166.9386
7.968	 2.04	 1	 -43.2974	  173.8717
7.983	 2.95	 1	 -46.5143	  176.2457
7.984	 2.11	 1	 -39.3699	  168.9000
7.997	 3.14	 1	 -47.0957	  171.7817
7.997	 2.65	 1	 -42.3595	  175.1783
8.015	 2.41	 1	 -44.3888	  176.5302
8.017	 2.35	 1	 -47.1744	  172.5280
8.022	 2.51	 1	 -42.5260	  173.1252
8.025	 2.56	 1	 -43.7473	  172.5490
8.035	 2.88	 1	 -44.6507	  169.2098
8.051	 2.02	 1	 -43.5793	  167.0245
8.054	 2.31	 1	 -45.5130	  175.8185
8.054	 2.61	 1	 -43.3889	  173.6134
8.064	 2.65	 1	 -44.9080	  173.8757
8.066	 2.47	 1	 -42.7074	  174.2083
8.066	 2.33	 1	 -42.4842	  172.2912
8.103	 2.00	 1	 -45.6273	  177.6573
8.105	 2.76	 1	 -42.9127	  174.7076
8.106	 2.15	 1	 -42.0079	  174.6387
8.109	 3.67	 1	 -43.0286	  166.9214
8.113	 3.48	 1	 -42.5228	  177.8366
8.129	 2.08	 1	 -40.6352	  178.4620
8.130	 2.28	 1	 -41.2459	  167.2296
8.137	 2.06	 1	 -43.6983	  178.9850
8.143	 2.19	 1	 -41.7931	  174.1567
8.149	 2.02	 1	 -44.3752	  168.7542
8.162	 2.30	 1	 -41.8124	  174.0802
8.165	 3.85	 1	 -44.9987	  172.9442
8.188	 2.23	 1	 -42.7562	  171.8034
8.201	 2.61	 1	 -43.5441	  177.3301
8.202	 2.17	 1	 -43.0745	  174.5070
8.210	 2.25	 1	 -42.6740	  172.5926
8.231	 2.53	 1	 -41.8901	  167.0025
8.251	 2.02	 1	 -42.8809	  174.4258
8.255	 2.61	 1	 -42.7028	  173.0136
8.260	 2.37	 1	 -38.2340	  173.8164
8.264	 2.19	 1	 -44.6853	  174.1382
8.277	 3.34	 1	 -40.8629	  175.3956
8.286	 2.30	 1	 -47.0300	  171.4091
8.295	 2.53	 1	 -42.9723	  173.4410
8.299	 3.92	 1	 -42.8406	  168.0345
8.302	 2.56	 1	 -42.3563	  172.4322
8.307	 2.41	 1	 -43.5867	  179.0178
8.324	 2.03	 1	 -41.9495	  173.6808
8.334	 2.21	 1	 -40.5462	  178.3980
8.336	 2.37	 1	 -43.5268	  169.6464
8.354	 2.04	 1	 -45.0664	  167.8263
8.382	 2.04	 1	 -46.6430	  174.2214
8.398	 3.62	 1	 -42.2036	  172.8994
8.413	 2.14	 1	 -45.7899	  173.6503
8.414	 2.01	 1	 -38.6051	  172.4172
8.428	 2.03	 1	 -47.0393	  171.4561
8.430	 2.47	 1	 -38.6864	  170.2437
8.449	 2.84	 1	 -46.0084	  168.8899
8.451	 2.90	 1	 -45.3485	  177.9587
8.454	 2.42	 1	 -40.3726	  167.7814
8.458	 2.96	 1	 -43.1433	  179.1091
8.460	 2.56	 1	 -44.1811	  174.9369
8.476	 2.59	 1	 -41.9827	  170.9624
8.481	 2.62	 1	 -45.6473	  177.6337
8.488	 5.58	 1	 -41.3695	  172.3739
8.491	 3.25	 1	 -44.2601	  171.9924
8.502	 2.05	 1	 -44.2386	  171.9183
8.513	 2.03	 1	 -45.7665	  174.7587
8.516	 2.35	 1	 -41.7726	  174.2720
8.520	 2.20	 1	 -45.8412	  177.3897
8.542	 2.94	 1	 -44.0964	  167.3038
8.550	 2.01	 1	 -47.0762	  171.6597
8.550	 2.67	 1	 -44.0127	  167.1739
8.559	 2.08	 1	 -42.6617	  171.1591
8.572	 2.43	 1	 -41.9536	  173.1763
8.574	 2.32	 1	 -46.1300	  169.0781
8.577	 2.25	 1	 -42.1803	  173.8472
8.579	 3.63	 1	 -43.6828	  170.7465
8.592	 2.10	 1	 -41.4236	  173.5417
8.604	 2.36	 1	 -42.6008	  173.8566
8.610	 2.24	 1	 -42.0739	  173.6288
8.611	 3.86	 1	 -47.1555	  172.2757
8.612	 2.11	 1	 -43.7333	  169.8109
8.619	 2.02	 1	 -44.7592	  170.6575
8.628	 2.02	 1	 -43.0568	  171.0941
8.648	 2.09	 1	 -42.3440	  175.7775
8.652	 2.50	 1	 -38.9695	  176.4529
8.656	 2.09	 1	 -44.2648	  167.8252
8.657	 2.11	 1	 -39.2031	  175.5533
8.664	 2.60	 1	 -43.8108	  176.3870
8.665	 2.73	 1	 -39.9657	  173.5071
8.667	 2.35	 1	 -39.2571	  176.9694
8.670	 2.21	 1	 -39.3472	  177.1102
8.677	 2.28	 1	 -41.8295	  172.7593
8.681	 2.12	 1	 -43.5507	  173.0713
8.690	 3.71	 1	 -47.1772	  172.5775
8.692	 2.13	 1	 -41.7235	  174.3193
8.693	 2.81	 1	 -45.5675	  177.7262
8.696	 2.93	 1	 -39.4940	  168.7221
8.696	 2.64	 1	 -43.2080	  174.4275
8.701	 2.91	 1	 -43.4500	  170.5611
8.708	 2.90	 1	 -40.2508	  178.1594
8.714	 4.84	 1	 -41.0444	  174.6323
8.718	 3.48	 1	 -43.8902	  171.3850
8.719	 2.11	 1	 -44.9425	  173.0250
8.721	 2.08	 1	 -41.7230	  174.4421
8.723	 2.43	 1	 -46.3248	  176.6286
8.727	 2.03	 1	 -41.9454	  176.1682
8.733	 2.72	 1	 -40.9405	  173.5398
8.747	 2.01	 1	 -44.1618	  176.0349
8.756	 2.29	 1	 -39.6069	  177.4722
8.770	 2.83	 1	 -38.8866	  176.2802
8.773	 2.21	 1	 -41.9674	  173.6713
8.782	 2.32	 1	 -44.5334	  171.2906
8.784	 2.27	 1	 -38.7211	  170.1531
8.785	 2.05	 1	 -42.5233	  173.0564
8.790	 2.14	 1	 -38.2171	  173.6157
8.793	 2.14	 1	 -42.2656	  173.7134
8.795	 2.17	 1	 -43.6502	  173.8390
8.796	 2.41	 1	 -41.8513	  172.7852
8.798	 2.05	 1	 -42.1989	  179.1030
8.806	 2.45	 1	 -47.0965	  171.7869
8.808	 3.00	 1	 -43.9634	  175.0930
8.828	 2.03	 1	 -43.8692	  171.9867
8.828	 2.95	 1	 -44.2913	  172.2658
8.874	 2.22	 1	 -38.7231	  170.1479
8.875	 2.10	 1	 -43.5916	  175.5135
8.876	 2.19	 1	 -41.7138	  167.0510
8.883	 3.05	 1	 -42.6847	  174.0333
8.892	 2.14	 1	 -38.8211	  171.8088
8.893	 2.26	 1	 -40.7490	  171.7661
8.903	 2.33	 1	 -41.8850	  174.0034
8.908	 2.13	 1	 -38.2318	  173.7935
8.919	 3.46	 1	 -44.5038	  171.7188
8.922	 2.34	 1	 -41.5951	  172.4083
8.931	 2.12	 1	 -46.7088	  175.7734
8.940	 2.41	 1	 -38.3323	  174.5175
8.941	 2.32	 1	 -42.6089	  171.5314
8.949	 2.53	 1	 -46.2375	  176.7859
8.959	 2.24	 1	 -42.0980	  173.7136
8.962	 2.40	 1	 -45.0589	  173.8632
8.963	 2.26	 1	 -45.8634	  177.3599
8.966	 3.39	 1	 -38.2733	  171.8922
8.978	 2.80	 1	 -45.7897	  173.9694
8.981	 2.12	 1	 -41.5332	  167.1112
8.989	 2.29	 1	 -42.3142	  173.4083
8.992	 2.22	 1	 -42.1107	  173.2908
8.993	 2.45	 1	 -40.3859	  172.2913
8.997	 2.08	 1	 -42.2643	  172.8404
9.001	 5.87	 1	 -45.7384	  168.5217
9.007	 2.07	 1	 -43.0831	  168.5447
9.013	 2.05	 1	 -38.8570	  169.8289
9.030	 2.75	 1	 -39.7419	  177.6386
9.038	 2.73	 1	 -46.2088	  169.2088
9.044	 3.73	 1	 -41.8308	  167.0177
9.054	 2.15	 1	 -42.3843	  172.3732
9.057	 2.78	 1	 -46.9962	  171.2495
9.058	 2.26	 1	 -46.4789	  175.5289
9.061	 2.11	 1	 -38.2393	  173.8698
9.066	 2.71	 1	 -38.2279	  172.2941
9.068	 2.20	 1	 -44.7720	  175.4840
9.086	 2.22	 1	 -42.2489	  166.9342
9.095	 2.25	 1	 -40.7121	  175.4567
9.099	 2.70	 1	 -42.8993	  173.1447
9.101	 2.31	 1	 -44.7558	  172.9576
9.109	 2.18	 1	 -45.0248	  174.6701
9.110	 2.01	 1	 -43.9872	  173.6929
9.110	 2.02	 1	 -42.5717	  173.2573
9.125	 3.33	 1	 -42.4588	  173.1745
9.132	 2.13	 1	 -45.6666	  177.6107
9.138	 2.40	 1	 -39.8088	  173.2211
9.147	 2.86	 1	 -38.5929	  175.5354
9.147	 2.11	 1	 -43.0179	  173.9908
9.148	 2.56	 1	 -46.2348	  173.8842
9.155	 2.07	 1	 -42.6755	  172.7954
9.157	 2.32	 1	 -43.2257	  175.0812
9.163	 2.39	 1	 -45.7412	  171.5355
9.171	 2.36	 1	 -42.3474	  179.1219
9.188	 2.03	 1	 -41.1669	  174.3030
9.188	 2.93	 1	 -47.0920	  171.7575
9.201	 2.73	 1	 -42.7992	  176.6223
9.201	 2.23	 1	 -40.9251	  172.4157
9.206	 2.17	 1	 -42.9592	  173.0251
9.209	 2.62	 1	 -41.8791	  172.2842
9.213	 2.13	 1	 -41.5709	  171.0055
9.225	 2.45	 1	 -42.4606	  166.9125
9.233	 2.09	 1	 -42.7671	  173.8576
9.241	 2.15	 1	 -43.5735	  173.2173
9.241	 2.09	 1	 -41.5929	  168.2941
9.244	 2.03	 1	 -47.0592	  171.5623
9.252	 2.06	 1	 -44.2517	  168.9526
9.261	 2.21	 1	 -42.4099	  173.0667
9.263	 2.01	 1	 -40.8764	  174.9331
9.269	 2.28	 1	 -43.1098	  173.0395
9.273	 2.16	 1	 -46.8834	  175.2395
9.277	 2.50	 1	 -42.3432	  173.5520
9.281	 2.55	 1	 -40.2163	  167.9156
9.286	 2.09	 1	 -40.3360	  173.9773
9.295	 2.15	 1	 -46.4378	  176.4077
9.304	 2.38	 1	 -41.1462	  171.1041
9.306	 2.19	 1	 -47.1837	  172.7206
9.310	 2.39	 1	 -39.4334	  168.8073
9.320	 2.61	 1	 -40.3055	  177.8354
9.321	 2.08	 1	 -38.4453	  171.0132
9.321	 2.23	 1	 -45.6229	  177.6625
9.326	 2.13	 1	 -41.7814	  173.5152
9.339	 2.17	 1	 -44.0863	  172.6997
9.342	 2.03	 1	 -38.4323	  171.3950
9.349	 2.71	 1	 -41.8299	  175.6582
9.360	 2.45	 1	 -43.2664	  172.5377
9.373	 2.53	 1	 -41.2123	  178.7990
9.378	 2.20	 1	 -44.6539	  167.5170
9.384	 2.13	 1	 -41.5014	  174.8663
9.387	 2.32	 1	 -42.1962	  170.9247
9.399	 2.47	 1	 -43.0936	  175.0267
9.413	 2.09	 1	 -42.3053	  173.4135
9.420	 2.48	 1	 -42.6528	  173.3787
9.421	 2.08	 1	 -42.5068	  175.8057
9.431	 3.77	 1	 -42.6119	  172.3974
9.439	 4.01	 1	 -42.3284	  172.4542
9.447	 2.09	 1	 -44.0558	  172.4660
9.448	 3.31	 1	 -42.4982	  173.3288
9.462	 2.85	 1	 -47.0682	  174.4313
9.468	 2.30	 1	 -42.4485	  173.6847
9.477	 2.90	 1	 -46.2379	  176.7851
9.496	 2.17	 1	 -41.7873	  174.9088
9.500	 2.42	 1	 -41.5916	  178.9538
9.501	 2.03	 1	 -43.7128	  167.0639
9.501	 2.60	 1	 -41.3937	  167.9699
9.533	 2.20	 1	 -45.6907	  177.5816
9.539	 2.80	 1	 -41.6607	  172.3842
9.539	 2.76	 1	 -42.3111	  173.2402
9.544	 2.14	 1	 -43.7049	  171.6262
9.547	 2.11	 1	 -43.0039	  172.4100
9.554	 2.21	 1	 -44.7693	  171.3076
9.588	 2.31	 1	 -44.6227	  167.4966
9.590	 2.37	 1	 -45.3150	  173.5119
9.598	 2.33	 1	 -42.3952	  174.0690
9.601	 2.39	 1	 -43.0250	  172.6501
9.607	 2.03	 1	 -47.1625	  172.3574
9.608	 3.10	 1	 -44.6594	  174.4082
9.609	 2.13	 1	 -46.7000	  171.3096
9.615	 2.39	 1	 -42.3673	  175.7035
9.624	 2.52	 1	 -41.4036	  174.2551
9.634	 2.44	 1	 -40.7205	  172.4868
9.645	 2.35	 1	 -46.5546	  169.8888
9.660	 2.32	 1	 -42.7000	  172.6712
9.668	 2.04	 1	 -42.6303	  173.5089
9.679	 2.02	 1	 -38.2407	  172.1607
9.684	 2.14	 1	 -42.4493	  173.4460
9.691	 2.05	 1	 -47.1334	  173.9822
9.695	 2.46	 1	 -43.4268	  174.6703
9.720	 3.05	 1	 -42.9544	  170.3734
9.730	 2.00	 1	 -42.2315	  173.6458
9.736	 2.64	 1	 -44.6914	  175.2638
9.746	 2.57	 1	 -41.3302	  174.0022
9.750	 2.34	 1	 -44.1051	  172.2049
9.773	 2.43	 1	 -45.4256	  173.4247
9.788	 2.14	 1	 -42.1628	  171.0920
9.792	 3.03	 1	 -42.8409	  172.6085
9.806	 2.08	 1	 -42.4766	  174.0933
9.835	 2.06	 1	 -44.1227	  175.4471
9.878	 3.66	 1	 -40.8105	  178.5783
9.886	 2.65	 1	 -39.7727	  168.3695
9.888	 2.21	 1	 -39.2947	  171.4717
9.890	 2.25	 1	 -38.5460	  175.3886
9.892	 2.35	 1	 -47.0877	  174.3146
9.893	 2.80	 1	 -38.4920	  175.2052
9.896	 3.33	 1	 -42.6388	  172.3924
9.896	 3.58	 1	 -42.3653	  173.5188
9.897	 2.15	 1	 -45.5772	  177.5596
9.900	 2.20	 1	 -45.1517	  178.1440
9.913	 2.22	 1	 -44.2272	  168.2881
9.914	 2.18	 1	 -42.4923	  169.3393
9.918	 2.43	 1	 -42.9484	  175.4220
9.933	 2.82	 1	 -40.8411	  171.3976
9.934	 2.28	 1	 -44.4144	  176.3082
9.935	 2.01	 1	 -39.7229	  168.4283
9.942	 2.15	 1	 -42.0580	  177.9029
9.953	 2.73	 1	 -40.4360	  177.6919
9.954	 2.15	 1	 -41.7734	  171.9260
9.956	 2.25	 1	 -46.4947	  169.7561
9.958	 2.05	 1	 -43.9108	  172.0361
9.958	 2.28	 1	 -39.6348	  177.5077
9.968	 2.02	 1	 -42.1023	  171.7118
9.981	 3.58	 1	 -41.1225	  170.7598
9.983	 2.11	 1	 -43.1968	  174.9403
9.984	 2.22	 1	 -43.0543	  170.0275
9.994	 2.16	 1	 -43.6049	  179.0127
9.995	 2.55	 1	 -42.1471	  173.5910
9.999	 2.50	 1	 -42.9056	  173.4978
10.005	 2.36	 1	 -46.8358	  171.0319
10.018	 2.13	 1	 -47.0885	  171.7351
10.023	 2.47	 1	 -39.7257	  173.9924
10.026	 2.34	 1	 -43.0199	  171.9508
10.028	 2.05	 1	 -41.6018	  171.9422
10.038	 2.07	 1	 -43.7857	  175.4848
10.053	 3.35	 1	 -41.8517	  168.9759
10.067	 2.44	 1	 -43.6322	  172.1393
10.082	 2.18	 1	 -42.2443	  168.9391
10.084	 2.04	 1	 -40.8600	  167.4354
10.095	 2.18	 1	 -45.9750	  173.2211
10.099	 2.22	 1	 -41.3844	  172.0240
10.104	 2.19	 1	 -42.6407	  172.1463
10.106	 2.35	 1	 -42.2251	  179.1068
10.108	 2.93	 1	 -39.8474	  177.7596
10.119	 2.80	 1	 -39.0406	  170.8487
10.122	 2.67	 1	 -43.8261	  169.5335
10.137	 3.71	 1	 -42.2512	  173.6551
10.144	 2.11	 1	 -42.0344	  174.6657
10.148	 2.38	 1	 -41.4374	  172.6895
10.151	 2.02	 1	 -42.3528	  179.1225
10.157	 3.09	 1	 -40.9084	  167.4065
10.167	 2.19	 1	 -43.2441	  178.7908
10.169	 2.02	 1	 -43.0014	  172.0127
10.170	 2.13	 1	 -38.1962	  173.0847
10.171	 3.89	 1	 -40.6514	  172.6158
10.174	 2.14	 1	 -43.4622	  169.3882
10.175	 2.72	 1	 -38.1998	  172.7690
10.181	 2.76	 1	 -44.0735	  171.0635
10.196	 2.90	 1	 -43.6724	  171.1051
10.201	 2.25	 1	 -42.8710	  170.9411
10.202	 2.03	 1	 -41.2071	  178.6084
10.213	 2.59	 1	 -38.9987	  170.9200
10.222	 2.15	 1	 -41.1249	  173.8629
10.223	 2.37	 1	 -42.3342	  173.4195
10.244	 2.49	 1	 -42.0746	  174.1551
10.247	 3.39	 1	 -43.3310	  173.3494
10.248	 2.42	 1	 -42.4907	  173.0415
10.265	 2.13	 1	 -39.5457	  172.3321
10.273	 2.13	 1	 -42.0339	  176.9851
10.275	 3.01	 1	 -38.3057	  174.3658
10.300	 2.08	 1	 -43.2441	  171.6343
10.308	 2.19	 1	 -41.0020	  172.4774
10.311	 2.69	 1	 -42.3197	  170.5918
10.313	 2.17	 1	 -39.8737	  168.2557
10.343	 2.24	 1	 -44.7962	  170.3409
10.344	 2.45	 1	 -41.7260	  168.6698
10.346	 2.68	 1	 -46.3580	  173.0764
10.355	 2.60	 1	 -43.2387	  178.6830
10.362	 2.19	 1	 -44.6632	  172.6356
10.376	 2.32	 1	 -42.5654	  175.5582
10.387	 2.58	 1	 -41.5617	  175.6813
10.416	 3.71	 1	 -41.6182	  171.7458
10.422	 2.63	 1	 -40.2188	  167.9133
10.428	 2.88	 1	 -39.9104	  172.5280
10.434	 2.31	 1	 -39.0229	  176.5578
10.434	 2.18	 1	 -41.2066	  167.2480
10.438	 2.49	 1	 -42.1255	  173.5484
10.446	 2.11	 1	 -41.2912	  176.8060
10.457	 2.52	 1	 -42.4788	  171.8903
10.458	 2.47	 1	 -46.1447	  171.6043
10.466	 2.25	 1	 -42.3100	  172.4480
10.474	 3.28	 1	 -38.4461	  175.0343
10.487	 2.26	 1	 -44.9402	  174.1307
10.503	 2.05	 1	 -41.9989	  170.8655
10.514	 2.04	 1	 -41.0363	  172.5949
10.534	 2.11	 1	 -41.8488	  172.6988
10.553	 2.29	 1	 -40.4666	  167.7065
10.555	 2.94	 1	 -45.4678	  177.8357
10.575	 2.53	 1	 -46.0765	  171.0831
10.578	 2.05	 1	 -41.3569	  176.3088
10.612	 2.24	 1	 -42.0588	  173.6920
10.623	 2.08	 1	 -44.7040	  172.9306
10.641	 2.04	 1	 -43.1057	  171.1612
10.641	 2.62	 1	 -47.1774	  173.4631
10.652	 2.10	 1	 -41.4681	  173.0196
10.653	 2.63	 1	 -41.3693	  173.7880
10.654	 2.09	 1	 -44.3194	  169.7129
10.655	 2.50	 1	 -41.8260	  174.2271
10.685	 2.38	 1	 -41.2406	  167.2320
10.703	 2.36	 1	 -42.5689	  172.5965
10.731	 2.01	 1	 -41.2191	  172.8620
10.734	 2.25	 1	 -41.7125	  178.9929
10.743	 2.09	 1	 -42.1303	  170.8986
10.752	 2.80	 1	 -43.9051	  177.5633
10.759	 2.73	 1	 -43.7830	  178.9573
10.760	 2.11	 1	 -43.1433	  179.1091
10.763	 3.28	 1	 -41.7894	  174.3322
10.765	 2.76	 1	 -38.3246	  171.5689
10.779	 2.06	 1	 -42.7359	  173.5101
10.785	 2.42	 1	 -40.5781	  178.4214
10.795	 2.14	 1	 -41.9234	  173.9465
10.796	 2.05	 1	 -46.5256	  173.9960
10.806	 2.78	 1	 -46.6554	  175.9132
10.809	 2.01	 1	 -40.9282	  167.9626
10.822	 2.02	 1	 -42.3390	  171.8576
10.838	 2.25	 1	 -39.9481	  177.8683
10.849	 2.33	 1	 -43.0513	  172.9218
10.870	 3.06	 1	 -40.7649	  172.3793
10.877	 3.08	 1	 -40.9723	  178.1991
10.894	 2.49	 1	 -40.8867	  178.6249
10.907	 2.04	 1	 -40.9085	  168.3972
10.909	 2.51	 1	 -46.6287	  170.0643
10.913	 2.16	 1	 -43.8696	  172.3010
10.919	 2.00	 1	 -42.5206	  172.7270
10.932	 2.07	 1	 -45.3932	  170.9257
10.933	 2.05	 1	 -43.7581	  178.9657
10.937	 2.17	 1	 -38.3188	  171.6020
10.946	 2.26	 1	 -42.6605	  170.9646
10.962	 2.13	 1	 -45.0013	  177.9189
10.983	 2.62	 1	 -41.1311	  174.7326
10.986	 2.21	 1	 -38.2076	  173.4633
10.998	 2.08	 1	 -41.6740	  178.2948
11.001	 2.89	 1	 -39.1531	  169.2489
11.002	 2.52	 1	 -44.5730	  178.5793
11.002	 2.19	 1	 -44.4413	  178.6584
11.003	 2.37	 1	 -42.7643	  173.9277
11.017	 2.10	 1	 -40.3811	  175.1890
11.023	 2.93	 1	 -42.8267	  172.9517
11.026	 2.31	 1	 -43.6275	  173.8041
11.034	 2.19	 1	 -39.2660	  176.9837
11.039	 2.03	 1	 -41.9007	  174.2432
11.044	 2.01	 1	 -45.0603	  167.8212
11.046	 2.10	 1	 -42.2845	  172.7119
11.079	 2.51	 1	 -38.2438	  172.1318
11.084	 2.29	 1	 -45.6011	  173.3230
11.113	 4.38	 1	 -43.8806	  171.0426
11.132	 2.13	 1	 -40.4496	  173.9911
11.134	 2.25	 1	 -42.2680	  171.7074
11.155	 2.64	 1	 -43.4329	  171.9462
11.167	 2.65	 1	 -46.4173	  169.7368
11.176	 2.26	 1	 -43.6495	  167.0445
11.178	 2.11	 1	 -47.1841	  172.7318
11.179	 2.09	 1	 -42.8239	  174.5231
11.183	 2.10	 1	 -45.9231	  177.2776
11.212	 2.07	 1	 -47.1754	  172.5449
11.213	 3.47	 1	 -42.5923	  172.6004
11.216	 2.19	 1	 -43.4190	  175.1159
11.228	 2.38	 1	 -42.8836	  173.0938
11.237	 3.31	 1	 -42.7466	  170.8374
11.246	 3.14	 1	 -46.1538	  175.4891
11.253	 2.85	 1	 -38.4809	  175.1653
11.258	 2.17	 1	 -43.0853	  176.7430
11.266	 2.43	 1	 -43.1408	  173.1179
11.266	 2.96	 1	 -42.5233	  174.0132
11.274	 3.22	 1	 -46.7183	  175.7475
11.277	 2.40	 1	 -43.4274	  170.6526
11.290	 2.19	 1	 -43.3914	  179.0656
11.306	 3.72	 1	 -46.0593	  177.0774
11.327	 4.28	 1	 -47.1564	  172.2855
11.354	 2.86	 1	 -42.2202	  171.4318
11.382	 2.04	 1	 -45.5824	  168.3350
11.389	 2.09	 1	 -40.4984	  167.6821
11.400	 2.20	 1	 -40.7722	  178.5540
11.405	 2.21	 1	 -41.9473	  172.5557
11.414	 2.55	 1	 -41.8031	  174.2952
11.415	 2.59	 1	 -44.2122	  167.2643
11.420	 2.18	 1	 -46.8016	  175.5069
11.429	 2.02	 1	 -40.3022	  175.7747
11.432	 3.41	 1	 -43.6965	  170.8768
11.444	 2.01	 1	 -42.0640	  171.6645
11.448	 2.05	 1	 -42.8549	  171.2514
11.450	 2.10	 1	 -44.7713	  172.9913
11.455	 2.42	 1	 -38.5796	  175.4950
11.491	 2.31	 1	 -40.9944	  167.3574
11.514	 2.65	 1	 -38.8625	  169.8167
11.517	 2.28	 1	 -42.3945	  173.9538
11.518	 2.20	 1	 -45.1449	  173.3853
11.541	 2.22	 1	 -43.1310	  175.0253
11.556	 2.53	 1	 -44.0684	  170.7341
11.561	 2.50	 1	 -42.5793	  168.8300
11.563	 2.76	 1	 -39.6480	  177.5244
11.581	 2.11	 1	 -40.4883	  170.2270
11.591	 2.17	 1	 -42.3383	  176.2314
11.596	 3.49	 1	 -39.8979	  175.9269
11.642	 2.27	 1	 -42.7790	  175.4258
11.653	 2.45	 1	 -43.0741	  170.6988
11.655	 2.28	 1	 -44.1574	  167.2381
11.662	 2.23	 1	 -41.3508	  173.8555
11.669	 2.36	 1	 -44.0744	  174.4016
11.692	 2.17	 1	 -43.1260	  173.0618
11.701	 2.15	 1	 -43.5289	  175.4244
11.715	 2.09	 1	 -45.2781	  171.2656
11.722	 2.52	 1	 -43.4698	  172.9565
11.727	 2.76	 1	 -42.5626	  173.1527
11.760	 3.18	 1	 -39.3834	  168.8800
11.786	 2.78	 1	 -39.4037	  168.8501
11.794	 2.12	 1	 -44.2711	  172.4296
11.796	 2.32	 1	 -45.1165	  178.1750
11.808	 2.17	 1	 -43.5322	  172.2728
11.809	 2.24	 1	 -43.7750	  173.0819
11.834	 2.27	 1	 -42.6947	  173.7382
11.854	 3.72	 1	 -43.2406	  179.0943
11.855	 2.31	 1	 -42.2191	  173.6768
11.856	 2.01	 1	 -41.9138	  179.0475
11.858	 4.55	 1	 -40.3977	  174.3627
11.858	 2.92	 1	 -40.5925	  168.0333
11.886	 2.42	 1	 -38.2522	  173.9866
11.887	 2.81	 1	 -42.2126	  173.6375
11.893	 2.00	 1	 -46.2109	  169.2126
11.894	 2.82	 1	 -45.5660	  177.7278
11.900	 2.39	 1	 -43.8190	  170.1281
11.901	 2.63	 1	 -41.7105	  173.8383
11.904	 2.56	 1	 -38.2725	  174.1467
11.928	 2.15	 1	 -47.1076	  171.8624
11.948	 2.27	 1	 -40.8181	  173.8872
11.948	 2.02	 1	 -39.3649	  171.0323
11.955	 2.58	 1	 -44.9347	  178.0092
11.958	 2.00	 1	 -40.3618	  170.2145
11.990	 2.42	 1	 -47.1284	  174.0244
12.027	 3.20	 1	 -40.0875	  173.7389
12.045	 2.04	 1	 -45.0453	  173.7929
12.046	 2.14	 1	 -42.9797	  173.0689
12.073	 2.08	 1	 -44.6336	  176.7104
12.079	 2.26	 1	 -45.3483	  177.9589
12.087	 2.30	 1	 -43.2913	  172.0405
12.092	 2.00	 1	 -46.8484	  175.3583
12.100	 2.23	 1	 -43.2667	  168.1037
12.118	 2.05	 1	 -44.3703	  178.0380
12.123	 2.21	 1	 -41.6483	  173.0705
12.137	 2.65	 1	 -42.0709	  173.7164
12.165	 2.07	 1	 -42.4620	  171.3905
12.187	 2.08	 1	 -42.7899	  174.5192
12.204	 2.63	 1	 -42.2391	  174.1279
12.210	 2.32	 1	 -43.5835	  171.4524
12.217	 2.02	 1	 -44.1590	  170.9639
12.230	 2.06	 1	 -42.0233	  171.5561
12.240	 2.72	 1	 -43.5286	  173.4549
12.248	 2.20	 1	 -42.4944	  173.1413
12.263	 2.41	 1	 -44.9412	  173.9150
12.265	 3.80	 1	 -44.6072	  169.0832
12.270	 2.60	 1	 -39.0721	  169.3939
12.274	 3.30	 1	 -43.5172	  173.7536
12.291	 2.98	 1	 -43.4961	  174.8956
12.302	 2.29	 1	 -39.8239	  170.3098
12.305	 2.01	 1	 -42.2132	  173.6131
12.310	 2.09	 1	 -44.1251	  170.9475
12.342	 2.04	 1	 -41.8154	  172.7016
12.349	 2.44	 1	 -42.9134	  171.3217
12.349	 2.19	 1	 -38.2984	  173.8060
12.349	 2.40	 1	 -44.8446	  173.0483
12.350	 2.08	 1	 -42.9496	  172.9165
12.352	 2.15	 1	 -40.5833	  171.9316
12.356	 2.03	 1	 -42.5629	  166.9069
12.365	 2.25	 1	 -45.3487	  172.1691
12.373	 2.48	 1	 -41.7975	  174.1762
12.379	 2.49	 1	 -43.8841	  172.7290
12.385	 2.55	 1	 -42.4037	  174.1502
12.391	 2.66	 1	 -39.2767	  169.0435
12.396	 2.55	 1	 -44.9878	  172.0772
12.420	 2.43	 1	 -41.7537	  174.2959
12.430	 2.03	 1	 -42.1760	  173.5735
12.462	 2.06	 1	 -41.6499	  173.1474
12.463	 2.72	 1	 -40.4872	  171.0068
12.468	 2.66	 1	 -42.6794	  173.8246
12.488	 2.23	 1	 -43.3553	  172.8206
12.510	 2.62	 1	 -42.7566	  174.2769
12.518	 2.56	 1	 -42.9004	  173.2203
12.543	 3.33	 1	 -38.4653	  170.9365
12.556	 2.53	 1	 -41.8957	  173.6462
12.556	 2.95	 1	 -45.0072	  178.2672
12.557	 2.58	 1	 -42.4060	  171.7504
12.571	 2.48	 1	 -43.5644	  179.0239
12.584	 2.16	 1	 -40.8215	  172.1717
12.584	 3.23	 1	 -41.4329	  171.9926
12.595	 2.11	 1	 -41.1707	  176.7769
12.598	 2.15	 1	 -44.3038	  171.4483
12.609	 2.10	 1	 -42.0284	  173.7500
12.610	 2.26	 1	 -40.1035	  168.0201
12.642	 2.40	 1	 -43.1591	  173.1905
12.649	 2.06	 1	 -39.2776	  174.4987
12.663	 3.04	 1	 -44.4292	  172.6301
12.667	 2.70	 1	 -45.5708	  174.3117
12.669	 2.30	 1	 -42.5772	  170.5145
12.674	 2.25	 1	 -42.2100	  169.8033
12.676	 2.25	 1	 -42.6509	  172.8353
12.678	 2.12	 1	 -43.2320	  173.1059
12.682	 2.49	 1	 -39.4507	  177.2617
12.705	 2.28	 1	 -42.7827	  172.8785
12.725	 2.02	 1	 -41.4608	  173.7353
12.731	 2.22	 1	 -42.1651	  176.1343
12.748	 2.91	 1	 -41.0108	  172.6747
12.748	 2.00	 1	 -42.9282	  176.7779
12.750	 2.19	 1	 -44.1574	  175.8334
12.754	 2.31	 1	 -43.5302	  173.1542
12.762	 2.52	 1	 -43.1721	  166.9392
12.770	 3.34	 1	 -41.2456	  175.0195
12.779	 2.43	 1	 -41.9582	  172.6100
12.782	 2.14	 1	 -39.4252	  168.8190
12.813	 2.45	 1	 -42.7375	  171.9363
12.819	 2.09	 1	 -42.5959	  173.4356
12.835	 2.27	 1	 -41.5593	  174.8374
12.842	 2.01	 1	 -45.4552	  168.3465
12.843	 3.32	 1	 -40.8321	  174.5420
12.854	 2.12	 1	 -44.5734	  178.5790
12.875	 2.50	 1	 -44.9355	  167.7198
12.898	 2.04	 1	 -43.1480	  179.1085
12.918	 2.03	 1	 -42.9896	  173.3260
12.938	 2.56	 1	 -43.1908	  173.6318
12.942	 2.08	 1	 -42.2994	  173.8369
12.942	 2.33	 1	 -41.6617	  178.8591
12.943	 2.48	 1	 -43.8173	  169.5101
12.953	 2.01	 1	 -44.3964	  173.2808
12.960	 2.40	 1	 -43.3741	  169.0694
12.967	 2.23	 1	 -47.1760	  172.5555
12.970	 2.41	 1	 -40.8913	  174.1277
12.975	 2.06	 1	 -46.9698	  171.1346
12.979	 2.51	 1	 -45.7803	  174.6416
12.986	 2.32	 1	 -40.1128	  176.5496
12.988	 2.07	 1	 -43.2054	  174.1262
13.002	 2.38	 1	 -41.8547	  172.4562
13.012	 2.28	 1	 -41.5139	  177.4467
13.013	 2.51	 1	 -42.1552	  173.5872
13.028	 2.10	 1	 -42.3372	  173.8900
13.031	 2.48	 1	 -40.6252	  171.1745
13.038	 2.57	 1	 -41.7983	  174.2364
13.045	 2.03	 1	 -42.1911	  173.6469
13.072	 2.70	 1	 -41.7901	  174.1933
13.079	 2.04	 1	 -42.7416	  172.2859
13.089	 2.59	 1	 -43.7092	  170.1149
13.105	 2.41	 1	 -43.2773	  172.4646
13.106	 2.29	 1	 -41.5950	  178.9549
13.114	 2.50	 1	 -41.5076	  169.8568
13.116	 2.02	 1	 -40.3943	  173.1189
13.123	 2.30	 1	 -42.0172	  173.3024
13.125	 2.50	 1	 -42.4566	  173.1383
13.131	 2.18	 1	 -39.7151	  170.5075
13.143	 2.21	 1	 -42.0364	  172.9072
13.155	 3.45	 1	 -42.8139	  177.5496
13.172	 2.11	 1	 -43.3235	  171.1541
13.208	 2.47	 1	 -46.7614	  170.7397
13.210	 2.88	 1	 -40.9740	  178.6755
13.215	 2.32	 1	 -41.9051	  171.5783
13.222	 2.05	 1	 -40.0830	  168.0399
13.231	 2.14	 1	 -43.5716	  175.5644
13.245	 2.08	 1	 -41.3020	  176.7932
13.249	 2.39	 1	 -45.6475	  177.6168
13.274	 2.31	 1	 -41.6199	  174.1319
13.290	 2.05	 1	 -41.3695	  170.6891
13.304	 2.14	 1	 -42.4007	  173.1302
13.324	 2.62	 1	 -42.2530	  173.7504
13.329	 2.38	 1	 -47.1459	  173.8688
13.329	 2.08	 1	 -43.1232	  179.1118
13.336	 2.13	 1	 -42.1702	  167.2554
13.339	 2.35	 1	 -41.5895	  171.2118
13.349	 2.04	 1	 -41.7467	  174.5399
13.359	 2.23	 1	 -45.6655	  168.4322
13.362	 2.41	 1	 -42.8217	  171.5167
13.394	 2.47	 1	 -43.2630	  172.0971
13.402	 2.43	 1	 -42.3149	  168.0987
13.426	 3.24	 1	 -44.7198	  171.9157
13.431	 2.97	 1	 -43.2308	  175.1388
13.436	 2.48	 1	 -42.5842	  176.3237
13.439	 2.15	 1	 -42.2460	  170.7695
13.448	 2.21	 1	 -42.6299	  170.9220
13.449	 2.57	 1	 -44.5241	  174.6779
13.465	 2.31	 1	 -45.4170	  168.1552
13.470	 2.19	 1	 -38.2363	  173.8404
13.505	 2.88	 1	 -38.6442	  170.3594
13.526	 2.06	 1	 -40.6234	  172.1020
13.526	 2.18	 1	 -42.1151	  177.4545
13.540	 2.10	 1	 -42.8510	  172.6085
13.541	 2.82	 1	 -38.8799	  169.7787
13.549	 2.43	 1	 -44.7626	  168.8459
13.557	 2.25	 1	 -41.0188	  168.1254
13.568	 2.34	 1	 -41.5287	  178.9315
13.576	 2.24	 1	 -45.8767	  172.8260
13.581	 3.39	 1	 -44.4420	  172.2724
13.589	 2.31	 1	 -42.9362	  171.9622
13.595	 2.11	 1	 -44.1847	  175.3473
13.599	 2.56	 1	 -38.2280	  172.2927
13.652	 2.31	 1	 -42.6818	  173.0048
13.672	 2.44	 1	 -42.5882	  172.8554
13.673	 2.09	 1	 -45.5144	  177.7854
13.688	 2.12	 1	 -42.4616	  174.2305
13.689	 3.15	 1	 -43.7124	  173.3730
13.702	 2.09	 1	 -45.5792	  168.3314
13.704	 2.29	 1	 -45.8831	  171.6304
13.710	 2.60	 1	 -43.6246	  171.5946
13.711	 2.11	 1	 -43.4261	  171.4027
13.739	 2.84	 1	 -42.6103	  172.9744
13.757	 2.96	 1	 -41.8923	  173.7910
13.775	 2.02	 1	 -41.1940	  169.0668
13.798	 2.01	 1	 -41.6134	  178.9612
13.805	 2.09	 1	 -42.7673	  174.2100
13.806	 3.02	 1	 -41.0222	  177.2886
13.813	 2.10	 1	 -42.5342	  173.5894
13.827	 2.51	 1	 -42.7489	  173.8857
13.834	 2.06	 1	 -45.1973	  172.4512
13.844	 2.84	 1	 -44.2180	  167.2672
13.858	 2.60	 1	 -47.0322	  171.9844
13.862	 2.03	 1	 -38.6036	  174.5686
13.886	 2.10	 1	 -42.1923	  179.1020
13.902	 2.53	 1	 -39.8326	  168.3013
13.903	 2.58	 1	 -45.6187	  168.3770
13.904	 3.74	 1	 -41.6073	  178.9591
13.924	 3.45	 1	 -46.1423	  176.9462
13.927	 2.25	 1	 -42.9913	  170.2928
13.935	 2.07	 1	 -42.1718	  166.9455
13.941	 3.67	 1	 -43.6200	  171.1654
13.950	 2.07	 1	 -43.3176	  179.0805
13.956	 2.13	 1	 -38.3982	  174.8364
13.971	 2.68	 1	 -40.3523	  178.2461
13.974	 2.92	 1	 -45.6884	  173.6013
13.989	 2.26	 1	 -41.8464	  173.2607
13.989	 2.10	 1	 -41.5145	  173.9775
13.996	 2.33	 1	 -41.6585	  167.0683
