# Simulation 651
# RelativeTime(days) Magnitude Generation Latitude Longitude
Time Mag Gen Lat Lon
7.002	 2.10	 1	 -44.1131	  172.6383
7.003	 2.51	 1	 -42.2634	  173.8243
7.006	 2.41	 1	 -38.2214	  172.3719
7.014	 3.09	 1	 -43.1856	  170.8616
7.016	 2.24	 1	 -41.1891	  173.9683
7.037	 2.29	 1	 -40.2208	  171.3694
7.038	 2.21	 1	 -38.3593	  171.3883
7.053	 2.01	 1	 -40.8081	  175.6144
7.065	 2.61	 1	 -41.9974	  174.0646
7.068	 2.54	 1	 -40.3260	  171.1512
7.078	 2.07	 1	 -43.1263	  174.5434
7.089	 2.19	 1	 -41.5798	  171.0481
7.104	 2.55	 1	 -43.7328	  167.0703
7.110	 2.11	 1	 -41.8352	  170.6116
7.113	 2.96	 1	 -41.3004	  170.3712
7.125	 3.38	 1	 -43.6643	  178.4638
7.127	 2.13	 1	 -41.1930	  169.3797
7.130	 3.26	 1	 -43.9528	  171.0830
7.132	 2.49	 1	 -43.7280	  171.4815
7.150	 2.22	 1	 -42.6141	  173.1629
7.157	 3.01	 1	 -39.8416	  168.2912
7.161	 3.25	 1	 -45.5718	  170.3600
7.161	 2.48	 1	 -47.1775	  172.5814
7.177	 2.63	 1	 -41.9703	  177.3825
7.178	 2.02	 1	 -42.1236	  173.6813
7.184	 2.21	 1	 -41.4630	  167.1375
7.186	 2.49	 1	 -41.7692	  171.1012
7.195	 2.67	 1	 -43.9579	  169.9449
7.200	 2.12	 1	 -43.1885	  175.6898
7.204	 2.18	 1	 -42.2316	  173.7755
7.205	 2.02	 1	 -44.7302	  175.0003
7.220	 2.78	 1	 -42.1216	  166.9538
7.223	 2.37	 1	 -43.6996	  173.0371
7.230	 2.24	 1	 -42.0297	  179.0731
7.242	 2.29	 1	 -47.1737	  173.5281
7.243	 2.50	 1	 -41.6742	  174.1809
7.246	 2.30	 1	 -41.8915	  173.9263
7.250	 2.37	 1	 -44.2844	  168.4001
7.257	 2.05	 1	 -41.9270	  173.6916
7.266	 3.00	 1	 -41.2492	  174.6409
7.279	 2.09	 1	 -46.5526	  169.8843
7.279	 2.21	 1	 -41.7203	  173.5584
7.289	 3.78	 1	 -44.1606	  174.3974
7.292	 2.17	 1	 -42.1984	  166.9414
7.301	 2.08	 1	 -42.1261	  174.1561
7.302	 2.53	 1	 -41.3765	  169.5901
7.302	 2.32	 1	 -44.4080	  170.9288
7.303	 3.93	 1	 -41.4284	  167.1511
7.308	 2.38	 1	 -43.4647	  175.9774
7.317	 2.03	 1	 -42.1733	  173.7718
7.324	 2.50	 1	 -43.6287	  173.5104
7.331	 2.42	 1	 -41.9779	  173.7389
7.333	 2.18	 1	 -41.0557	  178.7202
7.345	 2.58	 1	 -46.4153	  176.4534
7.346	 2.25	 1	 -45.7840	  171.9885
7.369	 2.09	 1	 -46.7462	  175.6698
7.374	 2.21	 2	 -41.4417	  167.1504
7.378	 2.00	 1	 -45.2050	  174.8202
7.379	 2.42	 1	 -42.4141	  172.3780
7.395	 2.47	 1	 -40.9119	  171.8901
7.397	 2.14	 1	 -42.1780	  173.5977
7.400	 2.52	 1	 -43.5979	  172.7481
7.413	 2.26	 1	 -42.5310	  172.8121
7.414	 2.10	 1	 -41.4133	  173.8492
7.422	 2.13	 1	 -40.0690	  177.9907
7.423	 2.15	 1	 -43.1241	  167.4207
7.423	 2.01	 1	 -44.4162	  168.4802
7.441	 2.31	 1	 -42.2974	  173.7672
7.464	 2.05	 1	 -44.3136	  173.7201
7.466	 2.21	 1	 -42.4372	  174.9907
7.471	 2.09	 1	 -42.4297	  173.0895
7.484	 2.04	 1	 -44.6102	  174.9593
7.496	 2.49	 1	 -38.2239	  173.7036
7.498	 2.74	 1	 -38.2141	  172.4726
7.498	 2.03	 1	 -41.4226	  168.9627
7.511	 2.76	 1	 -42.3059	  176.9285
7.517	 2.15	 1	 -43.0322	  167.0105
7.520	 2.49	 1	 -42.1519	  171.3314
7.522	 2.21	 1	 -40.8862	  178.6246
7.527	 2.09	 1	 -43.5667	  179.0232
7.529	 2.75	 1	 -43.3978	  174.6284
7.533	 2.02	 1	 -43.3548	  173.6745
7.542	 2.34	 1	 -40.7867	  178.5633
7.544	 2.52	 2	 -45.5511	  170.4018
7.545	 2.24	 1	 -38.2308	  172.2613
7.546	 2.30	 3	 -45.5519	  170.4009
7.552	 2.81	 1	 -42.3681	  172.8068
7.561	 2.10	 1	 -41.4250	  177.9651
7.562	 2.86	 1	 -39.2871	  172.4673
7.564	 2.65	 1	 -43.3236	  171.3683
7.564	 2.05	 1	 -47.1265	  174.0399
7.573	 2.34	 1	 -41.5490	  171.0038
7.588	 3.02	 1	 -45.3011	  176.9016
7.590	 2.32	 1	 -43.8107	  174.2918
7.597	 2.42	 1	 -41.3914	  171.7308
7.614	 2.13	 1	 -47.0618	  171.5764
7.614	 2.20	 1	 -41.1215	  174.2201
7.619	 2.99	 1	 -44.2374	  178.7676
7.626	 2.03	 1	 -43.3419	  172.7154
7.631	 2.66	 1	 -43.7275	  171.4203
7.636	 2.02	 1	 -44.8068	  173.8832
7.637	 2.27	 1	 -42.4383	  173.2623
7.638	 3.37	 1	 -38.2979	  173.7214
7.648	 2.43	 1	 -45.4500	  168.1897
7.654	 2.03	 1	 -41.4288	  173.9766
7.662	 2.51	 1	 -43.7620	  178.9644
7.668	 2.35	 1	 -42.0642	  172.5376
7.673	 2.14	 1	 -46.0171	  168.9028
7.676	 2.00	 1	 -39.9103	  171.2427
7.683	 2.29	 1	 -43.0674	  173.3562
7.693	 2.64	 1	 -44.1960	  171.6488
7.710	 2.45	 1	 -44.6243	  176.6100
7.719	 2.04	 1	 -43.3410	  173.6743
7.722	 2.68	 1	 -43.5733	  177.0281
7.723	 2.36	 1	 -42.1080	  173.4020
7.728	 2.51	 1	 -42.1748	  172.5735
7.736	 2.05	 1	 -42.1312	  171.9269
7.738	 2.24	 1	 -44.2857	  170.5442
7.741	 2.18	 1	 -41.7192	  167.0494
7.742	 2.71	 1	 -42.5254	  172.1675
7.764	 2.19	 1	 -41.8555	  174.1982
7.780	 2.41	 1	 -43.0535	  173.3676
7.787	 2.01	 1	 -41.8360	  172.5556
7.795	 4.09	 1	 -41.7275	  173.0875
7.797	 2.74	 1	 -42.2484	  166.9342
7.797	 2.02	 1	 -42.5976	  173.0230
7.798	 3.11	 1	 -43.6687	  178.9941
7.802	 2.31	 1	 -39.7352	  168.9700
7.809	 2.51	 1	 -44.4472	  173.6022
7.811	 2.70	 1	 -42.0203	  173.2892
7.814	 2.03	 1	 -38.3092	  171.6579
7.818	 2.63	 1	 -41.8631	  171.0655
7.819	 2.47	 1	 -42.4991	  167.4383
7.820	 2.57	 1	 -39.5252	  177.3646
7.824	 2.08	 1	 -41.3872	  170.8415
7.831	 2.75	 1	 -41.3656	  172.5407
7.836	 2.67	 1	 -43.4738	  171.4140
7.848	 2.45	 1	 -46.4109	  172.6821
7.849	 2.02	 1	 -38.2314	  172.2552
7.876	 2.36	 1	 -43.5277	  172.7307
7.886	 2.57	 1	 -41.8896	  173.0977
7.893	 2.03	 1	 -41.7965	  177.8497
7.897	 2.25	 1	 -38.1980	  173.2079
7.909	 2.20	 1	 -43.0622	  167.3626
7.919	 2.48	 1	 -41.2654	  174.7561
7.921	 2.55	 1	 -38.2047	  172.6413
7.929	 2.13	 1	 -43.3136	  171.4143
7.940	 2.16	 1	 -38.6753	  172.8900
7.940	 2.22	 1	 -42.6214	  172.8945
7.954	 3.24	 1	 -44.7974	  167.6160
7.958	 2.60	 1	 -39.4614	  177.2767
7.969	 2.92	 1	 -38.2033	  172.6711
7.973	 2.00	 1	 -42.1983	  173.5677
7.984	 2.48	 1	 -41.8063	  174.6801
7.991	 2.73	 1	 -41.2976	  175.5659
8.000	 2.19	 1	 -41.7609	  174.2050
8.036	 2.16	 1	 -45.0675	  172.6124
8.044	 2.53	 1	 -43.3932	  168.9322
8.052	 2.35	 1	 -42.0001	  172.9301
8.057	 2.03	 1	 -45.1377	  171.5148
8.057	 2.25	 2	 -45.1488	  171.5062
8.065	 3.55	 1	 -39.4689	  177.2873
8.070	 2.05	 1	 -44.2161	  172.4946
8.074	 2.15	 1	 -42.7342	  173.6000
8.077	 2.04	 1	 -42.1815	  179.1003
8.078	 3.13	 1	 -43.0375	  171.0868
8.086	 2.80	 1	 -41.8727	  174.1922
8.087	 2.05	 1	 -39.4533	  176.0783
8.097	 2.97	 1	 -41.4911	  171.3557
8.098	 4.01	 1	 -41.8618	  172.0823
8.101	 2.14	 1	 -41.1560	  171.4820
8.117	 2.19	 1	 -39.0562	  169.4233
8.118	 2.14	 1	 -47.0182	  174.6930
8.118	 2.45	 1	 -43.7756	  167.0845
8.122	 2.09	 1	 -42.5579	  173.0977
8.127	 3.28	 1	 -43.0970	  169.1461
8.129	 2.08	 1	 -42.5855	  172.7303
8.131	 2.13	 1	 -47.1616	  172.3459
8.134	 2.73	 1	 -47.1887	  172.9345
8.164	 2.80	 1	 -42.7525	  169.9120
8.178	 2.02	 1	 -42.7342	  178.4255
8.180	 2.08	 1	 -40.2924	  177.9103
8.195	 2.64	 1	 -41.3495	  171.6700
8.196	 2.14	 1	 -42.5768	  172.7723
8.196	 2.55	 2	 -41.3718	  171.6679
8.198	 2.26	 1	 -42.7251	  166.9045
8.200	 3.49	 1	 -42.2875	  173.7129
8.202	 2.40	 1	 -42.5179	  170.8440
8.214	 3.47	 1	 -40.1397	  172.5482
8.222	 2.10	 1	 -41.7714	  174.3026
8.227	 3.27	 1	 -43.3804	  174.9404
8.250	 2.08	 1	 -47.1491	  172.2074
8.250	 2.11	 1	 -45.2193	  171.4156
8.255	 2.15	 1	 -39.8558	  168.2754
8.257	 2.09	 1	 -42.5485	  173.6602
8.257	 2.28	 1	 -46.0940	  169.0208
8.258	 2.13	 1	 -41.7502	  170.6494
8.259	 2.01	 1	 -41.5239	  174.9312
8.269	 2.75	 1	 -43.3978	  179.0642
8.275	 4.24	 1	 -39.6311	  177.2728
8.278	 2.15	 1	 -42.0779	  173.0881
8.284	 2.74	 1	 -42.8111	  179.1378
8.289	 3.39	 1	 -42.8378	  166.9075
8.293	 2.06	 1	 -42.5318	  178.8516
8.298	 2.28	 1	 -38.2235	  173.6985
8.310	 2.57	 1	 -42.1077	  170.3202
8.313	 2.75	 1	 -40.9406	  168.4349
8.317	 2.04	 1	 -41.9858	  173.7566
8.328	 2.13	 1	 -42.0556	  175.5442
8.343	 2.08	 1	 -43.0656	  173.4651
8.343	 2.01	 1	 -43.9970	  172.3913
8.355	 2.45	 1	 -42.5514	  173.4379
8.357	 2.55	 1	 -42.8918	  172.9832
8.359	 3.24	 1	 -46.3010	  176.2438
8.376	 2.38	 1	 -43.4902	  173.9789
8.391	 2.56	 2	 -39.6303	  177.2563
8.392	 2.47	 1	 -41.9535	  170.5978
8.394	 2.14	 1	 -40.7448	  173.3962
8.395	 2.26	 1	 -40.9863	  178.6824
8.397	 2.38	 1	 -38.8766	  169.7858
8.402	 2.33	 1	 -42.4304	  171.4239
8.405	 2.52	 1	 -43.4957	  171.3472
8.408	 2.84	 1	 -46.2579	  169.2943
8.427	 3.39	 1	 -42.2712	  173.8040
8.432	 2.71	 1	 -43.4611	  170.6519
8.442	 2.30	 1	 -41.3914	  172.7358
8.459	 2.04	 1	 -42.5312	  172.8604
8.459	 2.28	 1	 -44.6824	  167.5360
8.483	 2.81	 1	 -43.6355	  167.0404
8.485	 2.36	 1	 -41.6713	  167.0642
8.496	 2.04	 1	 -44.0318	  175.9234
8.498	 2.46	 1	 -41.7513	  174.2769
8.504	 2.96	 1	 -40.2137	  178.1264
8.513	 2.70	 1	 -41.8835	  173.1569
8.515	 2.85	 1	 -44.0839	  178.8397
8.522	 2.59	 1	 -41.4727	  173.7719
8.553	 2.10	 1	 -40.6133	  167.5977
8.578	 2.34	 1	 -42.6524	  174.0237
8.584	 3.32	 1	 -42.2979	  169.4723
8.591	 2.09	 1	 -38.3703	  171.3350
8.603	 2.99	 1	 -40.8546	  176.0282
8.604	 2.31	 1	 -42.4383	  173.3439
8.605	 2.27	 1	 -43.4534	  173.6050
8.612	 2.43	 1	 -41.4373	  167.1476
8.623	 2.40	 1	 -42.3634	  166.9207
8.625	 2.29	 1	 -38.2604	  171.9896
8.627	 2.09	 1	 -41.7941	  174.2532
8.628	 2.04	 1	 -44.0326	  167.1823
8.630	 2.52	 1	 -42.3118	  173.1865
8.635	 2.03	 1	 -44.1364	  176.4707
8.649	 2.35	 1	 -43.8993	  173.1980
8.669	 2.05	 1	 -41.7349	  174.1935
8.673	 2.72	 1	 -43.4430	  179.0541
8.688	 2.14	 1	 -40.2236	  167.9090
8.711	 2.41	 1	 -45.0621	  174.8366
8.721	 2.21	 1	 -42.6529	  173.0668
8.721	 3.97	 1	 -44.9674	  167.7450
8.726	 2.09	 2	 -44.9687	  167.7376
8.731	 3.71	 1	 -40.6383	  171.8572
8.742	 2.42	 2	 -40.6337	  171.8548
8.746	 3.12	 1	 -42.8396	  171.6736
8.755	 2.65	 1	 -39.5412	  177.1169
8.761	 2.86	 1	 -43.6545	  171.4233
8.783	 2.36	 1	 -43.6519	  176.6240
8.786	 2.03	 1	 -44.9122	  170.3237
8.796	 2.26	 1	 -42.7425	  174.7559
8.803	 3.21	 1	 -46.8666	  175.2973
8.805	 2.05	 1	 -43.4190	  173.6182
8.809	 2.12	 1	 -44.2133	  169.6726
8.813	 3.04	 1	 -40.8278	  174.1767
8.816	 2.08	 1	 -45.8138	  168.6183
8.834	 2.05	 1	 -43.5473	  171.7264
8.835	 2.16	 1	 -40.5664	  178.4128
8.843	 2.01	 1	 -40.6622	  178.4808
8.849	 2.55	 1	 -45.6273	  173.8366
8.868	 2.13	 1	 -44.7907	  177.8606
8.868	 2.34	 1	 -46.2243	  169.2356
8.872	 2.19	 1	 -40.1701	  173.5861
8.873	 2.49	 1	 -42.5117	  173.2704
8.878	 2.30	 1	 -45.3604	  173.5483
8.887	 2.19	 1	 -39.1963	  169.5932
8.893	 2.03	 1	 -41.0986	  168.4794
8.896	 2.33	 1	 -47.0499	  174.5329
8.901	 2.18	 1	 -44.8911	  178.2991
8.911	 2.01	 1	 -39.3467	  177.1094
8.917	 2.02	 1	 -42.8062	  174.9128
8.917	 2.43	 1	 -42.1200	  179.0901
8.920	 2.13	 1	 -40.1091	  173.4345
8.950	 2.06	 1	 -43.3154	  171.4785
8.959	 2.29	 1	 -41.7635	  174.1808
8.976	 2.27	 1	 -40.7206	  174.4946
8.977	 2.11	 2	 -41.8677	  172.1154
8.983	 2.78	 1	 -41.9842	  174.0220
8.990	 2.45	 1	 -41.2711	  171.8849
8.996	 3.14	 1	 -42.5150	  173.2663
9.010	 2.10	 1	 -42.5694	  166.9066
9.020	 2.62	 1	 -45.7730	  173.0631
9.020	 3.07	 1	 -41.3530	  172.2691
9.024	 2.69	 1	 -42.0829	  171.8631
9.071	 2.57	 1	 -38.2196	  173.6496
9.074	 2.55	 1	 -46.6749	  170.1813
9.077	 2.78	 1	 -42.3682	  173.5699
9.079	 2.17	 1	 -47.1875	  173.1880
9.091	 2.81	 1	 -40.1470	  174.0120
9.093	 2.48	 1	 -44.3531	  177.9077
9.118	 2.42	 1	 -40.9092	  178.6382
9.130	 2.17	 1	 -41.9847	  173.7298
9.133	 2.06	 1	 -42.3095	  170.0473
9.138	 2.50	 1	 -41.5559	  172.1968
9.138	 2.20	 1	 -42.5001	  173.5151
9.143	 2.57	 1	 -42.0134	  173.6492
9.148	 2.01	 1	 -46.3378	  176.6042
9.152	 2.72	 1	 -41.5704	  173.9962
9.160	 2.97	 1	 -42.7166	  174.3185
9.171	 2.05	 1	 -40.4719	  178.3419
9.174	 2.74	 1	 -41.8687	  171.1969
9.188	 2.47	 1	 -42.5369	  174.2599
9.197	 2.14	 1	 -39.9337	  173.4118
9.197	 2.00	 1	 -44.9908	  178.2805
9.199	 2.25	 1	 -44.1865	  172.4422
9.200	 2.38	 1	 -43.2692	  172.7955
9.205	 2.22	 1	 -45.4677	  168.7954
9.214	 2.16	 1	 -45.6115	  169.8595
9.245	 3.25	 1	 -43.0967	  175.6341
9.251	 2.44	 1	 -46.1278	  176.9697
9.251	 2.35	 1	 -42.1381	  173.3293
9.253	 2.59	 1	 -38.7040	  175.8469
9.269	 2.34	 1	 -43.5386	  170.9334
9.283	 2.09	 1	 -41.1773	  167.2621
9.287	 2.28	 1	 -43.8924	  178.9181
9.296	 2.54	 1	 -39.4868	  177.3123
9.298	 2.19	 1	 -42.6775	  179.1399
9.301	 2.50	 1	 -40.1665	  178.0834
9.303	 2.07	 1	 -41.4558	  172.4682
9.304	 2.21	 1	 -43.9332	  175.8796
9.312	 2.50	 1	 -42.9931	  172.0853
9.322	 2.80	 1	 -43.2659	  175.0330
9.329	 2.64	 1	 -45.7601	  176.3330
9.330	 2.23	 1	 -40.5263	  168.3645
9.335	 2.22	 1	 -41.7533	  174.2753
9.346	 3.59	 1	 -46.0899	  173.8853
9.355	 2.74	 1	 -45.2252	  167.9670
9.374	 2.49	 2	 -46.0865	  173.8821
9.385	 2.30	 1	 -38.2898	  174.2657
9.387	 3.52	 1	 -42.7410	  170.9575
9.387	 2.69	 1	 -41.8832	  168.9157
9.391	 2.06	 1	 -42.2571	  173.6440
9.429	 2.98	 1	 -40.5553	  171.0720
9.437	 2.07	 1	 -41.8975	  173.5579
9.443	 2.49	 1	 -42.2596	  173.6673
9.446	 2.80	 1	 -46.1056	  169.0391
9.447	 2.14	 1	 -44.8332	  175.4780
9.461	 2.15	 1	 -43.3840	  168.9102
9.471	 2.65	 1	 -40.2782	  176.8447
9.475	 2.03	 1	 -41.2871	  169.7574
9.490	 2.08	 1	 -38.3576	  171.3966
9.491	 2.88	 1	 -44.9232	  173.8544
9.495	 2.29	 1	 -42.4218	  173.2107
9.507	 2.32	 1	 -45.2069	  170.6446
9.530	 2.26	 1	 -42.2324	  173.6680
9.542	 2.00	 1	 -44.9784	  178.2905
9.544	 2.51	 1	 -38.2633	  171.9675
9.544	 3.13	 1	 -47.0231	  173.7846
9.560	 2.30	 1	 -42.8124	  171.1426
9.568	 2.15	 1	 -42.8394	  174.6170
9.572	 2.43	 1	 -42.4231	  174.5806
9.577	 2.04	 1	 -42.0692	  166.9634
9.586	 2.17	 1	 -42.2967	  173.1337
9.586	 2.37	 1	 -46.0946	  177.0226
9.618	 2.06	 1	 -46.6152	  170.0313
9.618	 2.97	 1	 -40.2452	  167.8898
9.626	 2.10	 1	 -43.0586	  179.1196
9.636	 3.76	 1	 -42.8194	  174.3390
9.636	 3.19	 1	 -44.1532	  172.5451
9.641	 2.68	 2	 -39.6216	  177.3248
9.641	 2.13	 1	 -42.4085	  173.2948
9.642	 2.52	 1	 -44.4338	  174.8747
9.647	 2.14	 1	 -41.3627	  178.8663
9.652	 3.16	 1	 -42.3376	  174.7212
9.653	 2.12	 1	 -42.0907	  173.6958
9.656	 2.13	 1	 -42.1509	  172.8845
9.660	 2.32	 1	 -43.3584	  170.3441
9.662	 2.10	 1	 -44.1934	  173.9475
9.669	 2.13	 1	 -46.3476	  176.5856
9.673	 2.47	 1	 -42.8164	  171.7632
9.675	 2.42	 1	 -42.0437	  173.6371
9.680	 2.33	 1	 -41.8672	  174.3988
9.689	 2.40	 1	 -39.6095	  168.5687
9.694	 2.64	 1	 -44.0133	  172.6687
9.699	 2.17	 1	 -42.8067	  173.2736
9.705	 2.12	 1	 -43.8241	  171.8983
9.707	 2.27	 1	 -41.9034	  168.8944
9.711	 3.54	 1	 -44.8568	  167.6596
9.711	 2.11	 1	 -40.6971	  173.5762
9.713	 2.60	 1	 -40.4115	  167.7500
9.721	 2.12	 1	 -44.5000	  172.9788
9.726	 2.83	 1	 -43.6343	  173.9221
9.730	 2.22	 1	 -46.4466	  169.6547
9.742	 2.19	 1	 -44.6104	  170.5363
9.753	 2.38	 1	 -39.7657	  178.6859
9.768	 2.73	 1	 -43.3116	  172.9689
9.779	 2.26	 1	 -45.3933	  174.3350
9.783	 2.07	 1	 -42.7183	  171.7957
9.784	 2.11	 1	 -46.4368	  169.6344
9.789	 2.26	 1	 -42.0080	  174.3336
9.795	 2.05	 1	 -42.4276	  173.6532
9.796	 4.73	 1	 -44.6899	  169.6914
9.806	 2.17	 1	 -39.6654	  169.2241
9.823	 2.28	 2	 -44.6918	  169.6922
9.838	 2.11	 1	 -42.8087	  172.6302
9.853	 2.03	 1	 -41.7711	  174.2058
9.854	 3.00	 1	 -42.3775	  176.7218
9.859	 2.37	 1	 -41.7968	  172.6403
9.880	 2.53	 1	 -46.1602	  176.8382
9.888	 2.32	 1	 -43.2530	  173.1359
9.889	 2.09	 1	 -43.1287	  170.7769
9.890	 2.37	 1	 -39.9316	  177.8509
9.896	 2.53	 1	 -47.1751	  172.5385
9.897	 2.73	 1	 -44.7616	  169.5582
9.898	 3.01	 1	 -46.5289	  169.8308
9.902	 2.90	 1	 -42.3489	  173.1891
9.940	 2.13	 2	 -44.6639	  169.8788
9.945	 2.28	 1	 -41.7405	  174.2261
9.953	 2.37	 1	 -42.3267	  173.3969
9.975	 2.26	 1	 -40.9548	  167.3796
9.980	 2.39	 1	 -41.6672	  171.1096
9.980	 2.45	 1	 -42.9124	  171.4837
9.995	 2.51	 1	 -42.5228	  171.6812
9.999	 2.10	 1	 -41.7727	  167.0337
10.005	 2.63	 1	 -38.5972	  170.4958
10.005	 2.06	 1	 -40.9990	  167.3548
10.014	 2.17	 1	 -46.9325	  175.0592
10.018	 2.10	 1	 -47.1846	  172.7465
10.061	 2.65	 1	 -42.1674	  173.5747
10.068	 3.57	 1	 -44.9967	  175.6824
10.082	 2.44	 1	 -42.5923	  173.0055
10.085	 2.55	 1	 -45.5111	  169.5899
10.085	 2.27	 1	 -46.2628	  176.3596
10.089	 2.21	 1	 -42.0111	  173.5269
10.112	 2.12	 1	 -42.3409	  179.1212
10.117	 2.56	 1	 -44.2502	  167.2831
10.120	 2.12	 1	 -44.5976	  169.2154
10.125	 2.17	 1	 -43.7645	  173.2349
10.153	 2.31	 1	 -43.3905	  172.5527
10.163	 2.28	 1	 -41.1487	  175.2420
10.163	 2.83	 1	 -44.7561	  173.2028
10.171	 2.17	 1	 -40.4773	  170.7548
10.174	 2.28	 1	 -43.2075	  166.9446
10.175	 2.22	 1	 -43.1327	  171.2655
10.196	 5.63	 1	 -42.4660	  173.1373
10.199	 2.65	 2	 -42.5447	  173.0256
10.207	 2.56	 1	 -42.4050	  173.3307
10.207	 2.18	 1	 -38.2602	  174.0529
10.216	 2.12	 1	 -42.9020	  173.4914
10.220	 2.45	 1	 -47.0619	  174.4673
10.227	 2.47	 2	 -42.4557	  173.0635
10.229	 3.09	 1	 -41.3950	  175.2955
10.235	 2.03	 1	 -45.2020	  178.0986
10.239	 2.25	 1	 -42.3578	  172.5327
10.242	 2.05	 1	 -42.4209	  172.9049
10.263	 2.46	 1	 -47.1656	  173.6467
10.264	 2.18	 1	 -42.1796	  173.4025
10.281	 2.39	 1	 -42.5790	  169.7037
10.286	 2.14	 1	 -43.3783	  166.9759
10.289	 2.05	 2	 -42.4294	  173.1331
10.290	 3.15	 1	 -44.7252	  169.6877
10.291	 2.07	 1	 -43.0312	  172.2224
10.300	 2.10	 2	 -42.3936	  173.0495
10.303	 2.54	 1	 -46.8857	  170.8130
10.304	 3.47	 1	 -43.6577	  172.2420
10.304	 2.53	 2	 -42.5784	  173.2859
10.306	 2.20	 1	 -42.2367	  173.6679
10.307	 2.42	 1	 -42.1441	  173.6106
10.315	 2.42	 1	 -39.9831	  176.4923
10.316	 3.02	 1	 -40.5041	  172.2967
10.319	 2.53	 1	 -44.1466	  171.6054
10.324	 2.10	 1	 -38.1978	  172.8448
10.329	 2.94	 1	 -43.8583	  176.7635
10.332	 2.73	 2	 -42.4753	  173.1961
10.336	 2.03	 1	 -39.9280	  177.8471
10.338	 2.10	 1	 -40.8951	  174.0556
10.341	 2.49	 1	 -44.1607	  175.2913
10.346	 2.00	 1	 -46.0861	  169.0084
10.356	 2.64	 1	 -45.8297	  177.2855
10.362	 2.31	 1	 -46.2444	  176.7738
10.372	 2.97	 1	 -47.1052	  171.8453
10.377	 2.01	 1	 -41.9697	  173.7128
10.385	 3.26	 1	 -44.2269	  178.7728
10.391	 2.06	 1	 -40.3893	  175.6021
10.399	 2.20	 1	 -44.9536	  178.3103
10.421	 2.06	 1	 -40.5814	  172.9817
10.425	 2.13	 1	 -42.7663	  171.2598
10.441	 2.23	 1	 -44.3221	  178.7241
10.449	 2.06	 1	 -40.0374	  168.4575
10.466	 3.07	 1	 -43.8675	  172.4840
10.470	 2.10	 1	 -42.7254	  179.1398
10.482	 2.13	 1	 -40.6547	  178.4756
10.482	 3.92	 1	 -43.1166	  172.7761
10.500	 2.07	 1	 -40.8389	  172.1870
10.508	 2.79	 1	 -45.7753	  177.4759
10.515	 2.02	 2	 -45.7691	  177.4922
10.523	 2.52	 1	 -38.2541	  172.0413
10.526	 2.19	 1	 -41.5955	  178.9551
10.528	 2.03	 2	 -42.4397	  173.1849
10.533	 2.06	 1	 -40.7044	  172.5553
10.535	 3.16	 1	 -41.8068	  171.8243
10.540	 2.05	 1	 -41.4524	  167.1416
10.551	 2.56	 1	 -43.3722	  175.1602
10.558	 2.32	 1	 -43.2684	  173.6644
10.565	 2.76	 1	 -45.8161	  176.2047
10.568	 2.21	 1	 -39.9158	  168.2102
10.578	 2.41	 1	 -42.5836	  174.8396
10.594	 2.60	 1	 -41.9320	  173.5445
10.605	 3.42	 1	 -42.9172	  173.4164
10.608	 2.24	 1	 -45.7085	  168.4845
10.609	 2.07	 2	 -42.4693	  173.1360
10.613	 2.05	 1	 -40.5446	  170.8944
10.621	 2.90	 1	 -43.5211	  169.6578
10.625	 2.15	 1	 -43.4513	  172.9000
10.631	 2.52	 1	 -43.9027	  171.8410
10.633	 2.10	 1	 -47.1856	  173.2665
10.647	 2.62	 1	 -39.1390	  176.7710
10.648	 2.15	 1	 -44.3944	  172.2124
10.651	 2.22	 1	 -42.1895	  174.8615
10.684	 2.09	 1	 -42.2190	  170.6517
10.687	 2.05	 1	 -45.0437	  168.9084
10.696	 2.70	 1	 -42.8817	  166.9097
10.705	 2.40	 1	 -44.7366	  176.2002
10.713	 2.54	 1	 -41.6649	  173.3163
10.717	 2.10	 1	 -44.1349	  167.2276
10.731	 2.15	 1	 -43.3136	  173.3263
10.739	 2.73	 1	 -42.4287	  173.4413
10.769	 2.43	 1	 -42.2825	  173.8318
10.778	 2.29	 1	 -44.3166	  176.4992
10.788	 2.59	 1	 -45.4482	  177.1223
10.790	 2.23	 1	 -46.3803	  169.5216
10.794	 2.24	 1	 -40.4315	  174.4843
10.805	 2.02	 1	 -43.2341	  166.9489
10.821	 2.12	 1	 -44.2800	  170.8591
10.847	 2.30	 1	 -43.6075	  167.0323
10.849	 3.69	 2	 -42.4832	  173.1745
10.863	 2.28	 1	 -41.8190	  175.1461
10.863	 2.06	 1	 -47.1649	  173.6567
10.871	 2.02	 1	 -42.1373	  173.8409
10.874	 2.01	 1	 -42.6022	  172.8931
10.880	 2.42	 1	 -41.9645	  168.8958
10.882	 2.72	 1	 -43.5834	  171.3676
10.884	 2.03	 1	 -41.9998	  173.7952
10.893	 2.64	 2	 -44.6803	  169.7082
10.903	 2.17	 1	 -44.2425	  172.9728
10.905	 2.57	 1	 -44.3121	  167.3149
10.929	 3.23	 1	 -43.0994	  174.2832
10.935	 2.19	 1	 -45.7850	  168.5809
10.941	 2.01	 1	 -41.5487	  175.9807
10.944	 2.10	 1	 -42.3281	  174.5347
10.947	 2.08	 1	 -45.7775	  177.4731
10.975	 2.26	 1	 -40.6998	  169.7055
10.985	 2.18	 2	 -41.6774	  173.3065
10.994	 2.24	 1	 -43.7836	  176.9538
11.018	 2.51	 1	 -42.3265	  175.0573
11.019	 2.23	 1	 -43.2903	  173.5484
11.023	 2.32	 1	 -45.3363	  173.2493
11.041	 3.42	 1	 -39.0668	  176.6406
11.048	 2.21	 1	 -39.1076	  176.7151
11.049	 2.04	 1	 -43.4821	  179.0449
11.052	 3.21	 1	 -42.2702	  173.8845
11.055	 2.23	 1	 -41.2191	  177.3630
11.060	 2.09	 1	 -43.0691	  172.8849
11.073	 2.25	 1	 -45.9383	  176.2471
11.080	 2.45	 1	 -41.7985	  174.1844
11.085	 2.10	 1	 -43.3314	  173.9651
11.085	 2.47	 1	 -44.2387	  170.0329
11.086	 2.42	 1	 -42.9236	  174.6195
11.105	 3.44	 1	 -44.1035	  174.6225
11.109	 2.13	 1	 -42.5580	  173.1233
11.110	 2.25	 2	 -44.1226	  174.6421
11.140	 2.64	 1	 -39.7482	  171.4279
11.149	 2.14	 1	 -42.2398	  173.6964
11.154	 2.37	 1	 -42.1487	  171.3438
11.158	 2.08	 1	 -41.6030	  178.9576
11.165	 2.04	 1	 -42.2707	  172.4736
11.171	 2.63	 1	 -43.1141	  175.8472
11.174	 2.44	 1	 -42.1904	  173.6890
11.178	 3.20	 1	 -47.0455	  171.4881
11.178	 2.16	 1	 -41.1013	  170.4094
11.179	 2.07	 1	 -44.2298	  178.7713
11.184	 2.29	 1	 -41.1762	  173.4539
11.187	 3.24	 1	 -44.1209	  171.6947
11.193	 2.01	 1	 -38.2059	  173.4301
11.194	 2.20	 1	 -42.8718	  172.1638
11.202	 2.05	 1	 -41.9962	  172.7883
11.225	 2.21	 1	 -42.9172	  172.8664
11.231	 2.47	 1	 -42.6193	  173.0372
11.233	 2.10	 1	 -42.2634	  171.2248
11.241	 2.78	 1	 -42.9082	  179.1329
11.241	 2.07	 1	 -42.8181	  171.0575
11.243	 2.07	 1	 -43.5634	  170.4306
11.249	 2.01	 1	 -41.7920	  174.1755
11.250	 3.00	 1	 -41.1139	  172.6738
11.257	 2.05	 1	 -44.8387	  173.6440
11.263	 2.87	 1	 -38.3887	  171.2501
11.265	 3.23	 2	 -45.9392	  176.2483
11.270	 2.16	 1	 -41.7625	  174.1863
11.271	 2.42	 1	 -38.2950	  174.2992
11.278	 2.63	 1	 -43.1109	  176.3206
11.278	 2.67	 1	 -43.0889	  175.2285
11.286	 2.70	 1	 -41.2323	  171.8244
11.300	 2.49	 1	 -44.2875	  167.3021
11.301	 3.18	 1	 -45.7000	  177.5702
11.307	 3.15	 1	 -42.7182	  172.9101
11.314	 2.09	 1	 -40.0646	  168.0579
11.317	 2.09	 1	 -43.0415	  172.0190
11.317	 2.13	 1	 -41.1969	  171.4628
11.318	 2.46	 1	 -41.8100	  174.0003
11.321	 2.10	 1	 -44.5648	  175.9545
11.329	 2.19	 1	 -42.2374	  172.8944
11.330	 2.80	 1	 -42.5330	  173.9133
11.335	 2.84	 1	 -43.0083	  171.8126
11.335	 2.41	 1	 -43.3029	  166.9610
11.351	 2.06	 1	 -41.9416	  173.9227
11.353	 2.49	 1	 -46.1167	  173.6091
11.362	 2.04	 1	 -45.0259	  167.7925
11.373	 2.65	 1	 -41.5028	  178.9219
11.379	 2.08	 1	 -42.2985	  172.1448
11.394	 2.14	 1	 -41.6671	  174.2905
11.410	 3.62	 1	 -43.2011	  166.9436
11.411	 2.27	 1	 -41.6244	  167.0794
11.419	 2.36	 1	 -40.7275	  173.0657
11.429	 2.43	 1	 -44.0420	  171.6040
11.439	 2.85	 1	 -45.9895	  172.9244
11.450	 2.86	 1	 -42.8727	  175.8135
11.459	 2.23	 1	 -44.9111	  178.3434
11.460	 2.32	 1	 -44.2402	  178.0564
11.465	 2.46	 1	 -44.1397	  169.5323
11.468	 2.58	 1	 -41.7915	  177.1132
11.476	 3.08	 1	 -41.9273	  173.0080
11.487	 2.01	 1	 -44.4211	  173.0218
11.490	 2.34	 1	 -46.8012	  170.5362
11.491	 2.01	 1	 -38.3591	  171.3893
11.498	 2.69	 1	 -46.8872	  175.2262
11.502	 2.48	 1	 -41.0911	  176.1322
11.527	 2.11	 1	 -41.4936	  174.5043
11.528	 2.80	 1	 -38.3836	  174.7712
11.539	 2.42	 1	 -42.6078	  173.0182
11.546	 2.24	 1	 -44.4573	  170.5023
11.554	 2.14	 1	 -40.4770	  178.3458
11.569	 2.81	 1	 -46.9092	  175.1472
11.580	 2.95	 1	 -45.2213	  178.0809
11.591	 2.03	 1	 -39.9706	  172.5457
11.599	 3.75	 1	 -46.2060	  169.2041
11.600	 2.39	 1	 -44.3745	  171.9913
11.613	 2.62	 1	 -42.1227	  174.7380
11.614	 2.73	 1	 -43.7832	  167.0870
11.621	 2.08	 1	 -38.6148	  175.6005
11.621	 3.10	 1	 -45.9924	  168.8662
11.633	 2.19	 1	 -39.9686	  177.0376
11.644	 2.24	 1	 -42.1988	  173.8066
11.651	 2.12	 1	 -41.9467	  172.8034
11.666	 2.04	 1	 -38.3510	  171.4296
11.669	 2.30	 1	 -42.7706	  170.6608
11.675	 2.98	 2	 -42.7593	  170.6483
11.679	 2.28	 1	 -42.1438	  171.4816
11.686	 2.04	 1	 -45.0493	  173.6950
11.702	 2.33	 1	 -41.0295	  176.5106
11.707	 2.49	 1	 -46.2359	  176.7887
11.714	 2.29	 1	 -45.9792	  177.1973
11.729	 2.32	 1	 -44.8377	  167.6454
11.737	 2.12	 1	 -42.1436	  166.9501
11.741	 2.13	 1	 -42.5067	  174.0818
11.743	 2.03	 1	 -39.0707	  169.3965
11.746	 2.42	 1	 -40.8162	  178.5819
11.751	 2.48	 1	 -38.1959	  173.0211
11.751	 2.01	 1	 -46.0413	  170.3268
11.785	 2.03	 1	 -44.9012	  167.6932
11.796	 2.68	 1	 -41.3812	  172.5610
11.798	 2.01	 1	 -45.7853	  175.1061
11.813	 3.63	 1	 -41.1779	  178.7825
11.813	 3.10	 1	 -42.4067	  173.8121
11.823	 2.01	 1	 -42.9088	  171.3298
11.855	 2.65	 1	 -38.4831	  172.0783
11.866	 3.13	 1	 -43.4663	  171.8436
11.873	 2.34	 1	 -43.4461	  179.0534
11.879	 2.05	 1	 -41.8210	  174.3040
11.888	 2.42	 1	 -39.1134	  169.3188
11.900	 2.34	 2	 -42.4481	  173.2326
11.907	 2.29	 1	 -41.1878	  172.5259
11.925	 2.19	 1	 -44.9742	  172.6512
11.937	 2.42	 1	 -47.0446	  174.1646
11.939	 3.20	 2	 -42.4983	  173.0637
11.944	 3.13	 1	 -47.0918	  171.7561
11.971	 2.09	 1	 -41.9926	  171.9276
11.982	 2.69	 1	 -42.3286	  170.5862
12.006	 2.58	 1	 -47.1878	  172.8704
12.006	 2.32	 1	 -42.7908	  171.5748
12.008	 2.16	 1	 -43.5250	  167.0101
12.014	 2.27	 1	 -46.4045	  169.5694
12.030	 2.67	 1	 -39.8804	  176.4990
12.035	 2.78	 1	 -42.3907	  172.7461
12.039	 3.22	 1	 -42.4857	  166.9108
12.048	 2.46	 1	 -43.8530	  171.6636
12.060	 2.48	 1	 -43.2005	  173.7757
12.073	 2.14	 1	 -39.8440	  174.1171
12.078	 2.10	 1	 -43.9240	  174.2761
12.082	 2.08	 1	 -41.7149	  174.0340
12.097	 2.11	 1	 -41.2066	  173.8343
12.108	 3.27	 1	 -43.7210	  172.8571
12.120	 2.38	 1	 -47.0231	  171.3748
12.130	 2.10	 1	 -46.9910	  171.2262
12.133	 2.30	 1	 -41.3792	  174.4791
12.143	 2.04	 1	 -39.6552	  168.5110
12.159	 2.80	 1	 -41.3952	  178.8798
12.164	 2.77	 1	 -42.9723	  171.2032
12.171	 2.47	 1	 -40.7359	  172.1660
12.187	 2.26	 1	 -40.8811	  178.6216
12.200	 2.95	 1	 -38.8681	  176.2397
12.205	 2.75	 1	 -40.7814	  167.4844
12.207	 3.49	 1	 -43.1850	  168.8936
12.211	 2.15	 1	 -42.7836	  170.8637
12.215	 2.06	 1	 -42.2659	  166.9319
12.227	 2.21	 1	 -41.5550	  173.0303
12.233	 3.48	 1	 -39.0670	  173.8157
12.239	 2.30	 1	 -45.6659	  177.6115
12.242	 2.24	 1	 -40.9199	  178.6445
12.247	 2.18	 1	 -42.0513	  172.9332
12.248	 3.22	 1	 -42.4371	  173.6275
12.252	 2.05	 1	 -43.3450	  170.9760
12.261	 2.68	 1	 -45.5316	  171.1201
12.267	 2.60	 1	 -41.2284	  170.0706
12.273	 2.32	 1	 -42.3974	  174.9616
12.283	 3.07	 1	 -47.0030	  174.7640
12.294	 2.17	 1	 -39.2979	  173.0677
12.320	 2.51	 1	 -42.4319	  173.1692
12.350	 2.06	 1	 -39.6187	  169.9970
12.353	 3.27	 1	 -45.0054	  178.2686
12.360	 3.00	 1	 -40.2210	  178.1330
12.388	 2.42	 1	 -41.6858	  176.9333
12.406	 2.80	 1	 -38.6988	  170.2110
12.423	 2.28	 1	 -47.1094	  171.8754
12.437	 2.02	 1	 -39.6090	  168.5693
12.477	 2.16	 1	 -43.7385	  178.9721
12.489	 2.68	 1	 -42.3322	  173.7561
12.490	 2.10	 1	 -39.9226	  168.2029
12.495	 2.18	 1	 -42.4297	  172.5894
12.498	 2.04	 1	 -43.7163	  169.2825
12.503	 2.43	 1	 -41.4449	  174.3251
12.511	 2.11	 1	 -45.6783	  168.4477
12.524	 2.13	 1	 -41.3466	  178.8595
12.538	 2.75	 1	 -44.0030	  178.8744
12.541	 2.29	 1	 -42.6470	  173.7630
12.547	 3.48	 2	 -42.1484	  173.2294
12.557	 2.02	 1	 -41.6054	  178.9584
12.560	 2.14	 1	 -43.9166	  173.7881
12.569	 2.80	 1	 -42.4667	  170.8305
12.572	 2.06	 1	 -42.8103	  179.1378
12.593	 2.08	 1	 -43.0930	  176.4070
12.606	 2.01	 1	 -42.4341	  173.2953
12.610	 2.99	 1	 -43.9483	  175.5883
12.619	 2.69	 1	 -42.2805	  173.9360
12.619	 2.21	 1	 -42.9859	  169.7377
12.639	 2.14	 1	 -41.5076	  170.1187
12.641	 2.63	 1	 -41.1506	  171.0411
12.659	 2.21	 1	 -45.2643	  173.9374
12.662	 2.02	 1	 -41.4522	  169.9876
12.670	 2.02	 1	 -41.8543	  173.1900
12.685	 2.39	 1	 -41.8283	  167.0184
12.685	 2.11	 1	 -43.9651	  173.9546
12.686	 2.63	 1	 -41.1944	  178.7904
12.715	 2.03	 1	 -42.8734	  172.4423
12.723	 2.03	 1	 -41.8183	  174.5338
12.730	 2.83	 1	 -41.6207	  172.8440
12.751	 3.24	 1	 -42.1904	  179.1017
12.758	 2.02	 1	 -44.3421	  168.5325
12.759	 2.35	 1	 -40.7439	  173.0450
12.759	 2.15	 1	 -42.4362	  179.1300
12.761	 2.77	 1	 -42.2583	  173.6522
12.765	 2.42	 1	 -40.5506	  172.8412
12.765	 3.04	 2	 -42.1955	  179.1094
12.772	 2.51	 1	 -45.7776	  177.4730
12.775	 2.09	 1	 -38.9162	  169.7009
12.775	 2.12	 1	 -46.3034	  176.6680
12.779	 2.10	 1	 -42.8393	  173.0186
12.783	 2.01	 1	 -41.5369	  173.3121
12.796	 3.06	 1	 -42.3934	  173.2314
12.799	 2.39	 1	 -38.8397	  171.4825
12.799	 2.83	 1	 -42.5022	  173.4306
12.799	 2.56	 1	 -38.2841	  174.2280
12.802	 2.08	 1	 -42.8076	  172.9226
12.816	 2.65	 1	 -41.6733	  174.1642
12.823	 2.07	 1	 -42.3747	  176.7388
12.840	 2.62	 1	 -46.6972	  170.2397
12.867	 2.30	 1	 -42.5221	  172.2959
12.885	 2.84	 1	 -44.1755	  173.0531
12.885	 2.39	 1	 -42.3547	  173.7378
12.885	 2.39	 1	 -42.7473	  172.4431
12.900	 3.56	 1	 -44.9527	  178.3110
12.931	 2.09	 1	 -42.1057	  173.7537
12.931	 2.30	 1	 -41.1590	  169.8396
12.948	 2.33	 1	 -44.9541	  167.8981
12.949	 3.32	 1	 -42.9975	  175.1343
12.972	 2.87	 1	 -38.6547	  171.9702
12.981	 3.84	 1	 -40.4540	  172.6530
12.989	 2.13	 1	 -41.5798	  167.0946
12.994	 2.28	 1	 -41.4808	  167.1306
13.000	 2.18	 1	 -42.4629	  172.7159
13.011	 3.21	 1	 -39.4252	  177.2253
13.021	 2.16	 2	 -40.4567	  172.6479
13.023	 2.08	 1	 -43.0009	  172.7360
13.031	 2.50	 2	 -42.7522	  169.9273
13.033	 2.80	 1	 -39.7408	  177.6373
13.039	 2.19	 1	 -43.0710	  170.8892
13.063	 2.03	 1	 -42.9550	  171.8139
13.066	 2.06	 1	 -47.0373	  174.5986
13.079	 2.25	 1	 -42.5418	  172.1517
13.094	 2.06	 1	 -44.7097	  169.8328
13.105	 2.12	 2	 -38.6573	  171.9665
13.111	 2.05	 1	 -42.1811	  173.6345
13.111	 2.21	 1	 -42.8149	  171.0172
13.112	 2.24	 1	 -47.1891	  173.0345
13.124	 2.20	 1	 -40.3440	  167.8051
13.135	 2.53	 1	 -42.0318	  172.9100
13.144	 2.04	 1	 -42.3209	  173.3745
13.164	 2.76	 1	 -45.4607	  168.2010
13.175	 2.56	 1	 -44.9032	  168.9083
13.220	 2.97	 1	 -45.0907	  167.8470
13.230	 2.00	 1	 -46.9940	  174.8050
13.237	 2.03	 1	 -42.2040	  166.9406
13.255	 2.27	 1	 -44.9749	  173.4252
13.259	 3.00	 1	 -43.7153	  167.0647
13.269	 2.76	 1	 -40.0594	  168.0630
13.271	 2.61	 1	 -46.3067	  170.5847
13.283	 2.57	 2	 -45.1375	  167.8247
13.293	 2.18	 1	 -40.7897	  178.5652
13.299	 2.15	 1	 -41.7198	  178.9951
13.306	 2.57	 2	 -42.5181	  173.1946
13.309	 2.66	 1	 -42.9981	  173.0892
13.310	 2.06	 1	 -43.2187	  172.1596
13.313	 3.23	 1	 -38.3106	  171.6495
13.320	 2.41	 1	 -43.7206	  172.1864
13.329	 2.19	 1	 -42.9086	  173.5569
13.331	 2.30	 1	 -46.5195	  176.2341
13.336	 2.82	 1	 -41.6416	  167.0738
13.338	 2.45	 1	 -42.0188	  171.2113
13.366	 2.02	 1	 -42.4230	  173.8456
13.376	 2.00	 1	 -45.0112	  178.2639
13.378	 2.62	 1	 -42.2493	  173.6969
13.383	 2.14	 1	 -42.8134	  171.2682
13.395	 2.02	 1	 -42.1408	  172.3843
13.398	 2.39	 1	 -44.6482	  173.0857
13.403	 2.02	 1	 -42.4446	  171.1320
13.409	 2.02	 1	 -42.4395	  173.8122
13.412	 2.54	 1	 -40.7121	  173.4956
13.414	 2.31	 1	 -43.8630	  171.4571
13.416	 2.16	 1	 -42.8636	  171.6650
13.418	 2.49	 2	 -42.3653	  173.1237
13.436	 2.26	 1	 -43.3136	  166.9630
13.456	 2.65	 1	 -43.1161	  168.8394
13.477	 2.42	 1	 -45.2800	  168.0187
13.491	 2.11	 1	 -38.5537	  174.6056
13.550	 2.18	 1	 -46.0460	  173.1114
13.557	 2.22	 1	 -44.9165	  173.5110
13.581	 2.37	 1	 -43.1338	  173.0809
13.586	 2.97	 1	 -39.7919	  169.8890
13.590	 2.53	 1	 -42.6766	  171.9766
13.618	 3.07	 1	 -43.6140	  174.8630
13.631	 2.45	 1	 -39.0883	  169.3640
13.632	 2.80	 1	 -42.2843	  173.6861
13.633	 2.44	 1	 -44.7364	  172.4923
13.637	 2.04	 1	 -41.4624	  167.1377
13.646	 2.18	 1	 -43.9375	  178.9008
13.647	 3.48	 1	 -43.4755	  174.4593
13.648	 2.58	 1	 -44.8393	  167.7061
13.652	 2.34	 1	 -42.8241	  173.8143
13.654	 3.38	 1	 -41.8656	  173.9698
13.664	 2.83	 1	 -38.7063	  172.3998
13.671	 2.20	 2	 -42.5063	  173.1575
13.678	 2.16	 1	 -38.2263	  173.7314
13.681	 2.14	 1	 -44.6560	  170.3432
13.686	 2.28	 1	 -42.5163	  172.5798
13.695	 2.12	 1	 -43.2537	  173.7167
13.704	 2.17	 1	 -38.8615	  169.8190
13.708	 2.01	 1	 -47.1878	  172.8744
13.717	 2.52	 1	 -38.7812	  173.3616
13.743	 2.25	 1	 -43.5219	  167.0093
13.754	 3.13	 1	 -42.7200	  173.3104
13.754	 2.42	 1	 -42.3902	  173.4424
13.757	 2.21	 1	 -47.0826	  171.6982
13.763	 2.16	 1	 -42.3237	  174.6367
13.781	 2.42	 1	 -42.4718	  169.9458
13.799	 2.35	 1	 -41.8940	  173.7581
13.839	 2.11	 1	 -46.8106	  175.4790
13.856	 2.82	 1	 -38.1971	  173.1627
13.861	 2.30	 1	 -42.9980	  172.6662
13.863	 2.25	 1	 -41.8691	  173.6653
13.865	 3.25	 1	 -38.8675	  169.8059
13.872	 2.05	 1	 -45.3624	  168.0995
13.878	 3.29	 1	 -43.0248	  168.0338
13.889	 2.04	 1	 -46.4081	  176.4677
13.893	 2.80	 1	 -42.2519	  169.5350
13.903	 2.18	 1	 -41.7384	  174.0330
13.925	 2.35	 1	 -43.6416	  171.9961
13.932	 2.15	 1	 -43.6661	  170.3769
13.941	 2.36	 1	 -43.9617	  171.8852
13.968	 2.02	 2	 -38.1940	  173.1634
13.996	 2.09	 1	 -46.2303	  176.7984
