# Simulation 533
# RelativeTime(days) Magnitude Generation Latitude Longitude
Time Mag Gen Lat Lon
7.011	 2.87	 1	 -41.3885	  170.1941
7.018	 2.16	 1	 -42.7436	  173.0617
7.025	 2.01	 1	 -45.6882	  172.1797
7.027	 2.06	 1	 -42.3058	  172.8017
7.039	 2.37	 1	 -42.8386	  175.8885
7.044	 3.35	 1	 -44.5935	  174.0453
7.045	 2.01	 1	 -39.0157	  171.4533
7.056	 2.49	 1	 -42.1926	  173.6174
7.060	 2.35	 1	 -46.7222	  175.7367
7.062	 2.29	 1	 -41.7348	  177.7401
7.079	 2.06	 1	 -40.0992	  168.5910
7.090	 2.18	 1	 -41.6851	  170.6544
7.107	 2.16	 1	 -44.7037	  171.1537
7.108	 2.67	 1	 -40.4531	  168.3166
7.110	 2.21	 1	 -46.4600	  173.6466
7.111	 3.33	 1	 -39.9550	  168.1687
7.116	 2.28	 1	 -42.3508	  174.0907
7.120	 3.50	 1	 -42.2335	  175.5875
7.126	 2.23	 1	 -43.9367	  174.3556
7.131	 2.23	 1	 -42.7244	  173.6394
7.137	 2.36	 1	 -38.2498	  172.0782
7.138	 2.70	 1	 -41.9546	  174.0922
7.144	 2.56	 1	 -43.2882	  172.2218
7.166	 3.00	 1	 -39.0153	  176.5431
7.172	 2.16	 1	 -42.9373	  169.9494
7.185	 2.14	 1	 -43.8353	  176.9497
7.188	 2.02	 1	 -40.1841	  175.1928
7.191	 2.14	 1	 -42.5388	  171.5942
7.196	 2.28	 1	 -40.9927	  167.3583
7.212	 2.03	 1	 -42.1742	  171.6891
7.219	 2.99	 1	 -39.9334	  170.0514
7.222	 2.40	 1	 -40.0802	  171.7585
7.229	 2.25	 1	 -43.2238	  174.5345
7.232	 2.08	 1	 -43.3281	  176.1588
7.233	 2.50	 1	 -44.7375	  167.5736
7.245	 2.52	 1	 -41.8074	  173.9578
7.264	 3.54	 1	 -44.8237	  177.9035
7.267	 2.20	 1	 -41.0392	  169.3016
7.284	 2.66	 1	 -41.5965	  173.5506
7.291	 2.61	 1	 -44.5000	  178.6239
7.293	 2.34	 1	 -42.6034	  166.9055
7.296	 2.70	 1	 -40.1320	  178.0512
7.306	 2.01	 1	 -42.9551	  171.9151
7.315	 3.24	 1	 -39.7413	  177.6379
7.320	 2.61	 1	 -43.4186	  172.6867
7.321	 2.19	 1	 -42.8781	  174.7840
7.331	 2.11	 1	 -40.7234	  178.5221
7.332	 2.12	 1	 -43.1926	  176.7610
7.338	 2.01	 1	 -46.2183	  176.8191
7.344	 2.88	 1	 -41.5393	  174.4694
7.346	 2.98	 1	 -41.9353	  179.0526
7.348	 2.09	 1	 -44.0694	  167.1982
7.367	 2.13	 1	 -40.9581	  171.8369
7.369	 2.10	 1	 -39.4372	  177.2426
7.378	 2.35	 1	 -42.0301	  172.4270
7.380	 3.09	 1	 -43.5672	  171.4998
7.383	 3.57	 1	 -43.7361	  172.8724
7.390	 2.07	 1	 -45.7490	  177.5093
7.390	 2.40	 1	 -43.5900	  174.9057
7.399	 2.14	 1	 -42.0825	  173.8093
7.402	 2.07	 1	 -41.5987	  172.4447
7.404	 2.21	 1	 -44.2644	  178.3893
7.419	 3.12	 1	 -46.4198	  174.5044
7.421	 2.06	 1	 -42.1397	  170.9398
7.426	 2.25	 1	 -41.1048	  172.2649
7.449	 2.08	 1	 -40.1597	  173.7213
7.451	 2.08	 1	 -39.1919	  169.1823
7.453	 2.42	 1	 -41.5569	  173.8257
7.458	 2.09	 1	 -42.2057	  172.9274
7.463	 2.00	 1	 -46.6742	  175.8648
7.472	 2.11	 1	 -38.4200	  171.1150
7.474	 2.01	 1	 -46.4742	  176.3320
7.481	 2.03	 1	 -42.4874	  173.7158
7.486	 2.68	 1	 -46.2182	  173.3158
7.492	 2.28	 1	 -41.0834	  167.3095
7.497	 3.23	 1	 -46.0819	  177.0424
7.521	 2.09	 1	 -42.5023	  172.9216
7.526	 2.47	 1	 -43.0044	  179.1252
7.532	 2.97	 1	 -46.8176	  173.4561
7.548	 2.19	 1	 -43.5420	  172.9737
7.549	 2.06	 1	 -42.2101	  168.5443
7.550	 2.10	 1	 -41.2517	  170.4846
7.555	 2.80	 1	 -43.4094	  179.0617
7.561	 2.26	 1	 -41.3686	  173.3436
7.564	 2.26	 1	 -40.8944	  171.7115
7.565	 2.33	 1	 -42.4778	  171.5124
7.567	 2.51	 1	 -39.6842	  177.5692
7.569	 3.27	 1	 -42.7193	  166.9044
7.572	 2.43	 1	 -43.3114	  170.9955
7.581	 2.21	 1	 -38.1966	  173.1255
7.586	 2.33	 1	 -45.0722	  167.8313
7.604	 2.11	 1	 -40.7185	  178.5189
7.617	 2.14	 1	 -41.7177	  172.2817
7.623	 3.53	 1	 -41.5887	  177.0592
7.623	 2.02	 1	 -42.1751	  172.9572
7.679	 2.25	 1	 -39.5757	  168.6125
7.680	 3.05	 1	 -45.1661	  178.1311
7.685	 2.05	 1	 -42.9638	  172.4582
7.705	 2.08	 1	 -44.6673	  178.5184
7.706	 2.08	 1	 -42.8421	  170.7092
7.709	 2.07	 1	 -42.5594	  173.3343
7.710	 2.19	 1	 -45.3507	  168.0878
7.723	 2.16	 1	 -43.9694	  167.1562
7.729	 2.69	 1	 -42.6623	  179.1398
7.746	 2.03	 1	 -41.7152	  176.3632
7.750	 2.44	 1	 -42.2281	  173.5897
7.772	 2.34	 1	 -40.6313	  178.4270
7.776	 2.19	 1	 -41.6288	  171.7527
7.788	 2.01	 1	 -41.9099	  172.3703
7.809	 2.03	 1	 -44.7717	  176.3667
7.821	 2.02	 1	 -45.0261	  167.7926
7.822	 2.35	 1	 -43.7170	  172.5945
7.831	 2.15	 1	 -47.1000	  174.2345
7.833	 2.06	 1	 -39.5070	  177.3400
7.835	 2.17	 1	 -43.5055	  167.0052
7.840	 2.15	 1	 -41.0086	  172.6737
7.845	 2.19	 1	 -41.5827	  172.8448
7.848	 2.26	 1	 -42.4328	  170.4443
7.875	 2.14	 1	 -43.2643	  175.1703
7.879	 2.97	 1	 -43.8623	  172.9009
7.886	 3.51	 1	 -38.6225	  170.4214
7.890	 3.09	 1	 -38.8120	  174.3983
7.891	 2.04	 1	 -44.0818	  170.6950
7.901	 2.36	 1	 -41.5113	  173.1272
7.902	 2.17	 1	 -45.1503	  170.3483
7.903	 3.19	 1	 -40.3436	  167.8055
7.904	 2.24	 1	 -41.1214	  173.5005
7.931	 4.59	 1	 -42.4014	  169.4936
7.934	 2.04	 1	 -43.2383	  174.1697
7.935	 3.31	 1	 -43.0125	  172.3540
7.939	 2.16	 1	 -38.2049	  172.6364
7.944	 2.05	 1	 -41.4246	  172.4700
7.944	 2.13	 1	 -45.6781	  175.4294
7.948	 2.57	 1	 -41.9016	  172.9913
7.958	 2.97	 1	 -41.6624	  170.0544
7.966	 2.29	 1	 -43.5439	  173.7286
7.967	 2.68	 1	 -42.1172	  173.1501
7.975	 2.04	 1	 -42.2167	  173.6628
7.982	 2.26	 1	 -39.2598	  174.6254
7.990	 2.84	 1	 -45.3990	  172.0084
7.996	 2.93	 1	 -41.5975	  175.2798
8.002	 2.04	 1	 -41.2449	  172.0898
8.002	 2.21	 1	 -46.8964	  170.8508
8.009	 2.31	 1	 -39.1177	  169.3110
8.013	 2.82	 1	 -45.0729	  167.8319
8.025	 2.24	 1	 -38.6513	  174.2852
8.034	 2.53	 1	 -42.1393	  173.5842
8.037	 2.62	 1	 -38.7141	  170.1709
8.042	 2.14	 1	 -41.8158	  173.0061
8.050	 2.03	 1	 -46.7315	  172.1016
8.073	 2.41	 1	 -40.9362	  170.6459
8.085	 2.18	 1	 -44.2160	  178.6746
8.089	 2.12	 1	 -41.9102	  175.6561
8.090	 2.60	 1	 -41.5123	  174.5504
8.093	 2.74	 1	 -41.1524	  167.2744
8.096	 2.66	 1	 -40.9525	  172.1051
8.097	 2.40	 1	 -46.3346	  169.9137
8.102	 2.89	 1	 -41.0679	  170.7198
8.110	 2.03	 1	 -44.2084	  167.2625
8.118	 2.52	 1	 -42.1309	  166.9522
8.129	 2.00	 1	 -46.9431	  175.0179
8.141	 2.86	 1	 -41.3776	  173.1864
8.143	 2.06	 1	 -41.7951	  171.6877
8.145	 2.38	 1	 -46.1806	  173.4552
8.146	 3.40	 1	 -44.6148	  178.5527
8.154	 2.40	 1	 -40.3374	  173.9696
8.154	 2.16	 1	 -43.3974	  173.7956
8.156	 2.06	 1	 -42.5826	  173.0670
8.156	 2.44	 1	 -40.8675	  171.6442
8.159	 2.54	 1	 -41.9440	  173.1538
8.164	 2.00	 1	 -46.7618	  175.6251
8.170	 2.12	 1	 -44.8915	  173.8859
8.172	 2.08	 1	 -44.0906	  172.8601
8.176	 2.20	 1	 -45.9909	  169.3785
8.181	 2.35	 1	 -42.5246	  174.1759
8.186	 2.14	 1	 -42.3360	  170.9912
8.186	 2.02	 1	 -41.0812	  170.9662
8.189	 2.68	 1	 -42.5858	  179.1382
8.203	 3.23	 1	 -45.4311	  172.7724
8.206	 3.05	 1	 -42.0264	  173.7903
8.206	 2.16	 1	 -39.3903	  177.1745
8.218	 3.77	 1	 -42.2233	  175.7491
8.218	 2.09	 1	 -43.0344	  173.4069
8.222	 3.68	 1	 -42.0041	  166.9765
8.230	 2.21	 1	 -42.9078	  173.2881
8.233	 2.09	 1	 -41.7161	  178.9940
8.235	 2.15	 1	 -42.7264	  171.7855
8.236	 3.19	 1	 -43.9346	  167.1424
8.247	 2.50	 1	 -43.5672	  177.3032
8.254	 2.15	 1	 -39.2782	  177.0031
8.292	 2.22	 1	 -43.7921	  167.0901
8.303	 2.19	 1	 -43.6488	  171.2180
8.315	 2.85	 1	 -45.2812	  171.7378
8.325	 2.44	 1	 -42.6909	  169.7950
8.339	 2.03	 1	 -40.5039	  172.1545
8.340	 2.18	 1	 -43.6300	  173.5979
8.347	 3.73	 1	 -43.8014	  172.7360
8.365	 2.34	 1	 -43.8819	  173.3199
8.372	 2.41	 1	 -40.2655	  178.1723
8.396	 2.23	 1	 -43.2099	  174.4408
8.396	 2.32	 1	 -43.5091	  173.9271
8.413	 2.42	 1	 -38.2653	  174.0930
8.419	 2.29	 1	 -42.8025	  175.4058
8.424	 2.09	 1	 -42.0904	  166.9594
8.427	 2.39	 1	 -41.7670	  170.7448
8.436	 3.87	 1	 -41.3982	  171.4985
8.439	 2.06	 1	 -43.7805	  170.5409
8.444	 2.28	 1	 -41.5804	  170.7140
8.449	 2.05	 1	 -42.2855	  173.7060
8.462	 2.47	 1	 -45.0849	  171.4902
8.464	 2.16	 1	 -45.0484	  171.8438
8.473	 2.11	 1	 -40.0239	  175.2961
8.481	 3.22	 1	 -47.0377	  171.4477
8.484	 2.01	 1	 -41.5409	  172.1983
8.490	 2.00	 1	 -42.9720	  170.9658
8.495	 2.35	 1	 -44.9488	  167.7302
8.515	 2.58	 1	 -43.8895	  174.2161
8.521	 2.53	 1	 -41.7224	  171.9619
8.527	 3.10	 1	 -39.6573	  174.0938
8.528	 2.40	 1	 -39.1426	  170.8041
8.536	 2.05	 1	 -38.2929	  171.7582
8.536	 2.12	 1	 -43.8395	  173.0376
8.540	 2.26	 1	 -46.8056	  175.4945
8.542	 2.57	 1	 -44.3465	  174.8212
8.545	 2.06	 1	 -47.0020	  171.2758
8.547	 2.17	 1	 -45.3215	  175.3369
8.561	 2.16	 1	 -40.6789	  172.6728
8.586	 2.26	 1	 -42.4336	  171.2042
8.592	 2.10	 1	 -40.4633	  167.7091
8.600	 2.02	 1	 -38.2025	  173.3519
8.601	 2.28	 1	 -40.8645	  178.6116
8.606	 3.86	 1	 -38.2126	  172.4961
8.607	 2.48	 1	 -42.2488	  172.3928
8.610	 2.07	 1	 -47.1693	  172.4477
8.610	 2.12	 1	 -47.0543	  174.5090
8.613	 2.23	 1	 -40.8965	  175.0683
8.634	 2.68	 1	 -43.4478	  171.9052
8.640	 2.29	 1	 -47.1396	  172.1168
8.655	 2.32	 1	 -38.4949	  173.6962
8.660	 2.36	 1	 -39.0767	  176.6589
8.663	 2.09	 1	 -42.9697	  166.9160
8.669	 2.26	 1	 -42.2140	  172.5434
8.676	 2.02	 1	 -43.8175	  174.2906
8.676	 2.10	 1	 -39.9197	  177.8383
8.723	 2.45	 1	 -42.7172	  174.4967
8.727	 2.11	 1	 -42.0899	  173.9029
8.748	 2.33	 1	 -45.7862	  177.4619
8.753	 2.07	 1	 -43.8743	  174.3348
8.757	 2.13	 1	 -45.1681	  178.1293
8.768	 2.42	 1	 -42.3876	  177.0139
8.806	 2.30	 1	 -43.1367	  174.3483
8.810	 2.14	 1	 -44.5324	  172.9700
8.813	 4.07	 1	 -43.0371	  171.1277
8.816	 2.81	 1	 -42.6958	  172.6823
8.817	 2.44	 1	 -42.5533	  166.9073
8.818	 2.58	 1	 -41.2027	  175.1160
8.818	 2.17	 1	 -40.0481	  172.4869
8.830	 3.08	 1	 -38.2445	  172.1255
8.844	 2.28	 1	 -45.6942	  174.0764
8.846	 2.70	 1	 -43.3974	  173.3088
8.846	 2.06	 1	 -42.5368	  173.7690
8.855	 2.73	 1	 -45.6049	  168.3609
8.858	 3.08	 1	 -38.2022	  173.3440
8.868	 3.32	 1	 -42.4770	  175.0582
8.871	 2.63	 1	 -43.3380	  166.9677
8.884	 2.10	 1	 -40.7284	  173.2066
8.887	 2.04	 1	 -41.7228	  175.7741
8.896	 3.33	 1	 -41.6155	  174.3764
8.905	 2.30	 1	 -41.7715	  174.2578
8.921	 2.60	 1	 -47.1878	  172.8713
8.930	 2.13	 1	 -38.5286	  175.3315
8.931	 2.18	 1	 -43.1348	  172.6752
8.935	 2.57	 1	 -39.3178	  168.9791
8.943	 2.01	 1	 -42.7462	  174.5746
8.959	 2.16	 1	 -41.6445	  173.1928
8.959	 2.52	 1	 -41.4128	  175.3788
8.961	 2.19	 1	 -45.9717	  177.2082
8.964	 2.30	 1	 -46.5748	  175.2234
8.965	 2.20	 1	 -43.3721	  178.5698
8.975	 2.68	 1	 -41.9386	  167.5721
8.983	 2.01	 1	 -47.0148	  171.3354
8.991	 2.34	 1	 -42.6301	  173.6662
9.008	 2.43	 1	 -45.3301	  168.2632
9.016	 3.43	 1	 -46.3402	  172.6106
9.017	 3.72	 1	 -46.5252	  174.6806
9.020	 2.32	 1	 -45.4420	  168.1813
9.026	 2.04	 1	 -41.7012	  175.1758
9.040	 2.32	 1	 -44.4446	  167.3879
9.046	 2.51	 1	 -41.0218	  171.9841
9.049	 2.58	 1	 -42.2386	  167.9084
9.060	 2.50	 1	 -39.4351	  173.8806
9.069	 2.01	 1	 -42.9413	  169.5851
9.070	 2.77	 1	 -41.9913	  174.0797
9.085	 2.88	 1	 -44.2661	  175.6457
9.100	 2.14	 1	 -42.2490	  175.8593
9.108	 2.38	 1	 -40.8669	  173.4364
9.128	 2.23	 1	 -42.3685	  173.5479
9.143	 3.43	 1	 -42.4858	  176.1847
9.149	 2.54	 1	 -39.1254	  174.3488
9.169	 2.13	 1	 -41.8158	  173.4867
9.172	 2.47	 1	 -45.8502	  169.8244
9.174	 2.16	 1	 -43.3163	  166.9635
9.175	 2.17	 1	 -42.3617	  171.4816
9.200	 2.62	 1	 -43.6438	  172.5175
9.217	 2.08	 1	 -39.9968	  169.2336
9.220	 2.19	 1	 -41.4720	  170.9717
9.226	 2.08	 1	 -43.8014	  171.4232
9.240	 2.16	 1	 -42.1928	  171.5580
9.241	 2.13	 1	 -44.1922	  172.6256
9.241	 2.51	 1	 -41.5896	  170.7408
9.243	 2.43	 1	 -42.5985	  175.3528
9.259	 2.29	 1	 -43.1171	  173.2371
9.260	 2.06	 1	 -44.1710	  178.7998
9.271	 3.05	 1	 -42.2173	  166.9386
9.289	 2.13	 1	 -39.3253	  176.6189
9.298	 2.19	 1	 -41.0722	  171.7745
9.314	 2.01	 1	 -43.3546	  172.4758
9.316	 4.10	 1	 -44.2778	  167.2971
9.321	 2.40	 1	 -41.1046	  178.7458
9.325	 2.27	 1	 -43.3956	  171.6785
9.333	 2.02	 1	 -41.5133	  171.3214
9.338	 2.91	 1	 -41.3919	  170.3506
9.359	 2.03	 1	 -41.0080	  173.8697
9.398	 2.17	 1	 -44.5235	  175.2325
9.408	 2.09	 1	 -38.6873	  170.2414
9.441	 2.04	 1	 -46.6236	  175.9925
9.442	 2.27	 1	 -42.7343	  166.9046
9.453	 2.91	 1	 -43.2680	  173.0650
9.455	 2.36	 1	 -42.0184	  173.4320
9.462	 2.65	 1	 -43.1280	  177.2675
9.463	 2.30	 1	 -43.9350	  169.5520
9.494	 2.10	 1	 -39.3188	  168.9776
9.497	 2.70	 1	 -46.3002	  175.2451
9.501	 2.01	 1	 -43.1122	  171.5228
9.511	 2.65	 1	 -42.2480	  172.4414
9.518	 2.51	 1	 -43.0436	  171.3260
9.526	 2.11	 1	 -40.8749	  178.6178
9.529	 2.75	 1	 -44.0069	  171.7351
9.542	 3.27	 1	 -41.9846	  178.6833
9.552	 2.63	 1	 -38.2103	  173.5102
9.563	 2.31	 1	 -42.7222	  173.6535
9.572	 2.04	 1	 -41.8054	  172.8214
9.576	 2.22	 1	 -45.4512	  169.5871
9.587	 2.37	 1	 -46.7603	  175.6297
9.614	 2.45	 1	 -44.6273	  171.8947
9.616	 2.39	 1	 -47.0276	  174.6471
9.629	 2.82	 1	 -42.5037	  176.4071
9.631	 2.37	 1	 -45.0137	  171.8246
9.637	 2.31	 1	 -47.1814	  172.6626
9.640	 2.17	 1	 -39.4179	  177.2148
9.651	 2.37	 1	 -42.3414	  172.6704
9.653	 2.16	 1	 -42.1648	  173.5413
9.656	 2.06	 1	 -42.9976	  175.2763
9.656	 2.37	 1	 -41.4066	  173.0730
9.661	 2.87	 1	 -42.3144	  173.5374
9.675	 2.01	 1	 -43.7113	  171.6649
9.721	 2.08	 1	 -38.5297	  173.4840
9.734	 2.42	 1	 -38.7337	  175.9233
9.739	 2.74	 1	 -42.4927	  171.1537
9.750	 2.05	 1	 -41.9848	  173.7026
9.756	 2.01	 1	 -46.6958	  174.6925
9.765	 2.41	 1	 -38.5142	  170.7613
9.769	 2.13	 1	 -39.7236	  168.6338
9.780	 2.01	 1	 -45.3819	  177.9251
9.783	 2.07	 1	 -43.6865	  175.4038
9.808	 2.09	 1	 -41.9244	  176.9789
9.815	 2.96	 1	 -41.5098	  174.8433
9.837	 2.00	 1	 -45.3754	  174.9557
9.844	 2.71	 1	 -47.1784	  172.6004
9.852	 2.25	 1	 -41.9513	  170.6610
9.863	 2.16	 1	 -43.2130	  166.9454
9.865	 3.01	 1	 -39.7985	  172.1848
9.877	 2.28	 1	 -40.0378	  168.0843
9.906	 2.56	 1	 -42.1248	  171.8828
9.907	 4.25	 1	 -38.6137	  170.4471
9.909	 2.26	 1	 -42.4377	  173.0479
9.915	 2.39	 1	 -43.5448	  170.9187
9.926	 2.09	 1	 -41.8149	  173.2272
9.930	 2.35	 1	 -43.1470	  173.3232
9.931	 2.16	 1	 -43.5117	  169.9946
9.949	 2.93	 1	 -41.2704	  171.4841
9.952	 2.42	 1	 -42.5942	  166.9058
9.972	 2.37	 1	 -43.5429	  179.0296
9.988	 2.09	 1	 -40.8410	  167.4470
9.997	 2.03	 1	 -44.8468	  167.6521
10.003	 2.03	 1	 -43.3469	  172.7494
10.003	 2.24	 1	 -39.4000	  168.8556
10.013	 3.10	 1	 -41.6017	  171.5869
10.015	 2.13	 1	 -46.3006	  176.6732
10.027	 3.48	 1	 -42.4304	  173.9382
10.044	 2.20	 1	 -42.8199	  167.4418
10.053	 2.91	 1	 -46.6608	  175.8994
10.071	 2.05	 1	 -41.7263	  172.7741
10.078	 2.20	 1	 -40.7371	  178.5312
10.079	 2.57	 1	 -43.3684	  175.3940
10.080	 2.18	 1	 -41.0201	  173.0063
10.089	 2.20	 1	 -44.0019	  173.2783
10.091	 2.56	 1	 -43.7166	  172.4552
10.096	 2.37	 1	 -42.8618	  166.9087
10.122	 2.03	 1	 -45.0754	  170.4979
10.127	 3.06	 1	 -40.8839	  167.4210
10.140	 2.66	 1	 -42.9311	  173.3270
10.142	 2.36	 1	 -42.6999	  169.9633
10.149	 2.12	 1	 -40.9454	  170.9078
10.155	 2.01	 1	 -43.3325	  169.0756
10.155	 2.87	 1	 -41.9330	  177.5243
10.170	 2.44	 1	 -38.8322	  170.9183
10.177	 2.09	 1	 -41.7649	  179.0084
10.202	 3.64	 1	 -46.9795	  171.1759
10.229	 2.23	 1	 -44.9516	  167.7324
10.237	 2.35	 1	 -42.7117	  174.1865
10.239	 2.14	 1	 -43.3908	  174.1376
10.243	 2.59	 1	 -42.2151	  177.7451
10.246	 2.23	 1	 -39.2518	  176.9608
10.252	 2.48	 1	 -46.7027	  175.7898
10.261	 2.90	 1	 -41.8231	  167.5951
10.269	 2.42	 1	 -43.1412	  173.6743
10.282	 2.22	 1	 -41.8597	  173.4154
10.296	 2.19	 1	 -44.8679	  167.6679
10.302	 2.38	 1	 -38.4043	  174.8628
10.304	 2.02	 1	 -45.5480	  168.2962
10.304	 2.06	 1	 -40.9004	  177.6073
10.308	 2.03	 1	 -41.0931	  168.7598
10.326	 3.36	 1	 -45.6610	  168.4268
10.336	 2.25	 1	 -41.2822	  169.7564
10.384	 2.24	 1	 -44.5985	  172.2984
10.385	 2.59	 1	 -42.7879	  172.0465
10.390	 2.03	 1	 -39.4121	  174.2401
10.393	 2.27	 1	 -39.6378	  173.2542
10.428	 2.27	 1	 -42.2825	  173.5878
10.454	 2.29	 1	 -41.2481	  173.9647
10.456	 2.52	 1	 -43.1808	  176.5383
10.461	 2.66	 1	 -43.0023	  173.6012
10.480	 3.30	 1	 -41.9344	  168.4187
10.481	 2.01	 1	 -41.6910	  176.0748
10.482	 2.40	 1	 -43.8638	  171.9631
10.501	 2.31	 1	 -38.4559	  170.9719
10.504	 2.41	 1	 -45.9410	  176.4465
10.517	 2.19	 1	 -46.3118	  169.3916
10.520	 2.38	 1	 -43.2741	  172.8187
10.533	 2.07	 1	 -38.2261	  172.3143
10.540	 2.10	 1	 -43.0157	  166.9202
10.555	 2.05	 1	 -43.2620	  171.3496
10.559	 2.03	 1	 -43.3276	  179.0786
10.577	 2.13	 1	 -43.2749	  173.8901
10.585	 2.11	 1	 -45.2447	  178.0591
10.586	 2.28	 1	 -44.4656	  175.5745
10.589	 2.25	 1	 -42.2612	  171.3307
10.593	 2.86	 1	 -42.9600	  174.4353
10.599	 2.07	 1	 -43.2555	  172.9725
10.600	 3.50	 1	 -44.4127	  172.2603
10.603	 2.85	 1	 -42.2982	  173.1331
10.628	 2.36	 1	 -47.1565	  172.2867
10.633	 2.08	 1	 -42.4016	  173.3226
10.653	 2.28	 1	 -40.6369	  171.7529
10.655	 2.16	 1	 -40.7667	  170.0561
10.666	 2.41	 1	 -43.1733	  173.7134
10.672	 2.17	 1	 -40.7661	  171.2340
10.681	 2.01	 1	 -42.4296	  175.8927
10.682	 2.05	 1	 -42.0404	  173.0059
10.685	 2.31	 1	 -44.8003	  167.6181
10.695	 2.20	 1	 -47.1636	  172.3715
10.700	 3.95	 1	 -41.0044	  175.3080
10.715	 2.02	 1	 -42.8800	  172.9160
10.717	 2.54	 1	 -40.0720	  177.2203
10.719	 2.48	 1	 -45.0020	  178.2714
10.720	 2.00	 1	 -42.9024	  179.1333
10.725	 2.32	 1	 -41.3711	  176.6442
10.726	 2.05	 1	 -38.4604	  170.9550
10.729	 2.24	 1	 -38.5259	  170.7217
10.730	 2.19	 1	 -42.2595	  167.9958
10.737	 2.40	 1	 -42.4962	  174.2264
10.739	 2.12	 1	 -46.2814	  169.3362
10.747	 2.87	 1	 -42.6997	  172.7622
10.761	 2.15	 1	 -43.9740	  173.8722
10.770	 2.42	 1	 -42.5094	  174.4076
10.779	 2.54	 1	 -45.8949	  175.1713
10.801	 2.14	 1	 -47.1833	  172.7094
10.816	 2.21	 1	 -40.7236	  167.5220
10.822	 2.71	 1	 -44.5274	  172.9903
10.828	 2.35	 1	 -46.5292	  169.8316
10.843	 2.74	 1	 -46.9199	  170.9370
10.846	 2.13	 1	 -43.9118	  171.5130
10.854	 2.15	 1	 -42.3302	  174.0600
10.860	 2.07	 1	 -42.6625	  172.1929
10.861	 3.21	 1	 -41.6905	  174.3345
10.871	 2.00	 1	 -42.7358	  172.6689
10.878	 2.37	 1	 -42.4340	  172.6736
10.882	 2.24	 1	 -40.8552	  178.6059
10.883	 2.01	 1	 -43.4300	  167.2020
10.891	 2.20	 1	 -43.8180	  172.3292
10.897	 2.35	 1	 -41.7673	  167.0352
10.926	 2.15	 1	 -44.0628	  167.1953
10.930	 2.65	 1	 -42.7178	  176.2528
10.931	 2.06	 1	 -39.8240	  170.8696
10.931	 2.46	 1	 -44.9015	  174.5991
10.940	 2.04	 1	 -46.9341	  175.0532
10.940	 2.36	 1	 -42.2176	  176.1488
10.961	 2.89	 1	 -43.4035	  176.2168
10.975	 2.17	 1	 -42.4254	  170.9290
10.976	 3.04	 1	 -41.2709	  167.2181
10.989	 2.05	 1	 -44.4493	  167.3906
10.994	 2.07	 1	 -42.0011	  174.3071
11.006	 2.05	 1	 -42.3363	  171.9143
11.015	 2.24	 1	 -44.9703	  171.9177
11.017	 2.22	 1	 -40.1985	  170.4353
11.018	 2.58	 1	 -42.9792	  179.1275
11.020	 2.02	 1	 -43.4224	  172.0357
11.021	 2.43	 1	 -38.2448	  172.1229
11.028	 2.46	 1	 -42.9921	  172.0814
11.031	 2.77	 1	 -42.0943	  174.7415
11.049	 2.83	 1	 -44.8144	  167.6283
11.064	 2.62	 1	 -39.1278	  172.8203
11.069	 2.32	 1	 -41.2593	  174.4998
11.070	 3.04	 1	 -44.0162	  174.2375
11.120	 2.04	 1	 -42.2143	  172.5942
11.122	 2.18	 1	 -38.6085	  175.5820
11.145	 2.28	 1	 -45.1795	  170.5597
11.152	 3.02	 1	 -41.6986	  171.6031
11.159	 2.18	 1	 -41.9796	  166.9817
11.162	 2.22	 1	 -42.2723	  174.1206
11.166	 2.36	 1	 -42.6933	  175.9306
11.178	 2.21	 1	 -44.4265	  172.8858
11.182	 2.51	 1	 -42.6808	  173.2445
11.183	 2.38	 1	 -40.2552	  169.4386
11.196	 2.23	 1	 -43.8080	  172.5526
11.203	 2.05	 1	 -42.7036	  173.2226
11.215	 2.37	 1	 -42.6665	  166.9044
11.216	 2.27	 1	 -44.7876	  175.3902
11.222	 3.00	 1	 -42.9819	  175.2572
11.227	 2.43	 1	 -41.7471	  174.8346
11.234	 2.36	 1	 -42.6110	  172.9312
11.260	 2.20	 1	 -42.1771	  173.6707
11.272	 2.06	 1	 -40.9742	  170.1497
11.289	 2.08	 1	 -43.1373	  169.4663
11.305	 2.36	 1	 -44.9705	  175.3745
11.307	 2.14	 1	 -46.2221	  169.2317
11.308	 2.10	 1	 -42.0427	  177.2271
11.310	 3.17	 1	 -43.3303	  166.9662
11.326	 2.78	 1	 -42.9316	  175.2282
11.333	 2.56	 1	 -43.1584	  172.8844
11.359	 2.74	 1	 -45.4902	  173.9715
11.380	 2.43	 1	 -41.8500	  172.2672
11.386	 2.39	 1	 -42.5664	  172.9656
11.388	 2.03	 1	 -41.5564	  173.8938
11.392	 2.26	 1	 -44.8095	  172.3766
11.395	 2.21	 1	 -46.3051	  172.6631
11.405	 2.70	 1	 -41.6154	  173.2643
11.406	 2.52	 1	 -43.5810	  171.2288
11.441	 3.11	 1	 -44.7982	  169.7814
11.448	 2.18	 1	 -47.1831	  173.3382
11.467	 2.48	 1	 -43.3216	  172.3439
11.469	 2.27	 1	 -44.9699	  167.7470
11.491	 2.08	 1	 -47.0659	  171.5995
11.492	 2.12	 1	 -42.2696	  170.7369
11.494	 2.82	 1	 -40.9931	  169.0544
11.499	 2.24	 1	 -42.4820	  173.7724
11.506	 3.45	 1	 -46.7832	  175.5624
11.508	 2.63	 1	 -39.8900	  177.8064
11.516	 3.11	 1	 -41.5361	  175.8022
11.526	 2.02	 1	 -41.1401	  178.7638
11.573	 2.14	 1	 -38.2736	  171.8900
11.577	 2.97	 1	 -38.2126	  172.4952
11.585	 2.01	 1	 -43.6637	  167.0487
11.588	 4.42	 1	 -41.4027	  172.6838
11.591	 2.46	 1	 -42.3111	  173.3068
11.605	 2.29	 1	 -40.7033	  167.5355
11.606	 2.10	 1	 -44.6906	  171.8114
11.617	 2.02	 1	 -39.7445	  168.4026
11.619	 2.10	 1	 -42.3579	  166.9213
11.643	 2.67	 1	 -46.2219	  169.2314
11.647	 2.67	 1	 -41.9730	  174.4091
11.649	 2.00	 1	 -38.8535	  176.2074
11.663	 3.10	 1	 -44.0014	  177.5600
11.675	 3.56	 1	 -43.1460	  174.9060
11.675	 2.49	 1	 -38.6327	  174.4269
11.705	 2.02	 1	 -43.8253	  173.1150
11.716	 3.02	 1	 -43.8700	  174.7155
11.721	 2.11	 1	 -42.9112	  172.3919
11.733	 2.05	 1	 -42.5406	  173.2405
11.740	 3.30	 1	 -42.3189	  175.0737
11.750	 2.70	 1	 -43.7815	  173.3184
11.755	 2.02	 1	 -41.1096	  174.6573
11.775	 2.56	 1	 -44.0264	  171.9762
11.800	 2.18	 1	 -38.2073	  173.4568
11.819	 2.45	 1	 -42.9117	  173.6754
11.844	 2.01	 1	 -47.1889	  172.9614
11.853	 2.44	 1	 -44.5542	  178.5910
11.865	 2.94	 1	 -43.3672	  174.2222
11.887	 2.84	 1	 -43.8513	  171.2979
11.917	 2.14	 1	 -43.5607	  173.0649
11.938	 2.23	 1	 -44.1392	  175.2201
11.947	 2.01	 1	 -43.3303	  174.5574
11.956	 2.03	 1	 -40.5076	  174.3991
11.979	 2.45	 1	 -39.2106	  169.1511
11.993	 2.37	 1	 -43.4925	  173.1165
12.013	 2.51	 1	 -46.0360	  174.9578
12.014	 2.17	 1	 -42.3189	  179.1188
12.031	 2.68	 1	 -42.0129	  170.6211
12.033	 2.06	 1	 -41.7114	  178.3232
12.050	 3.11	 1	 -42.9799	  167.5968
12.055	 2.39	 1	 -42.3347	  171.4577
12.080	 3.74	 1	 -38.6815	  175.7875
12.083	 2.56	 1	 -43.3661	  173.5457
12.087	 2.51	 1	 -42.0281	  166.9715
12.104	 2.09	 1	 -44.2038	  175.0083
12.106	 2.10	 1	 -43.0512	  174.1716
12.108	 2.07	 1	 -43.0816	  173.2995
12.123	 2.96	 1	 -43.8160	  169.9210
12.128	 2.94	 1	 -42.3255	  172.8894
12.135	 2.32	 1	 -42.7751	  174.6728
12.157	 2.00	 1	 -47.1578	  173.7432
12.171	 2.30	 1	 -46.5938	  169.9799
12.192	 2.72	 1	 -41.0648	  169.9536
12.194	 2.43	 1	 -46.9999	  174.7781
12.268	 2.37	 1	 -41.1098	  170.7616
12.275	 2.30	 1	 -45.1459	  174.2256
12.281	 2.10	 1	 -43.7370	  175.0464
12.293	 2.42	 1	 -40.7753	  167.4883
12.295	 2.30	 1	 -40.1508	  178.0688
12.309	 3.64	 1	 -42.7596	  173.3232
12.312	 2.52	 1	 -38.2582	  174.0370
12.314	 2.06	 1	 -43.6842	  167.0550
12.325	 2.23	 1	 -41.5603	  171.7717
12.336	 2.02	 1	 -42.9245	  174.6247
12.354	 2.48	 1	 -47.1720	  172.4885
12.366	 2.05	 1	 -43.0942	  172.6217
12.373	 2.50	 1	 -43.6271	  174.0326
12.386	 2.20	 1	 -41.0376	  168.3904
12.387	 2.57	 1	 -40.6206	  178.4518
12.393	 2.93	 1	 -43.7990	  173.1015
12.407	 2.05	 1	 -43.8323	  172.0372
12.411	 2.43	 1	 -40.4759	  178.3450
12.435	 2.01	 1	 -42.7730	  172.5668
12.457	 2.29	 1	 -46.2821	  176.7067
12.458	 2.05	 1	 -43.0136	  173.0157
12.458	 2.46	 1	 -41.4340	  173.7027
12.470	 2.30	 1	 -45.9204	  168.7629
12.472	 2.45	 1	 -47.1870	  173.2114
12.487	 2.37	 1	 -38.5145	  175.2838
12.504	 2.46	 1	 -44.6430	  171.8019
12.507	 3.22	 1	 -39.3688	  168.9016
12.514	 2.20	 1	 -47.1880	  173.1620
12.519	 2.13	 1	 -47.1378	  173.9440
12.526	 2.20	 1	 -46.7437	  170.3673
12.527	 2.25	 1	 -44.3342	  174.3406
12.567	 3.02	 1	 -46.0061	  177.1578
12.567	 2.13	 1	 -44.1116	  174.2308
12.575	 2.21	 1	 -38.3439	  171.4656
12.578	 2.41	 1	 -39.0268	  173.0161
12.580	 2.30	 1	 -42.4544	  166.9129
12.585	 2.02	 1	 -45.6261	  177.6587
12.589	 2.13	 1	 -43.8151	  172.4809
12.604	 2.05	 1	 -44.2056	  175.6748
12.613	 2.81	 1	 -45.5773	  171.6220
12.630	 2.63	 1	 -47.1872	  173.2001
12.642	 2.23	 1	 -43.3806	  166.9764
12.669	 2.45	 1	 -41.3830	  171.7386
12.673	 2.02	 1	 -43.2043	  173.6026
12.717	 2.53	 1	 -44.1025	  172.9927
12.739	 2.46	 1	 -40.3018	  173.0003
12.755	 2.31	 1	 -44.6345	  171.5054
12.781	 2.06	 1	 -41.5862	  172.5709
12.792	 4.24	 1	 -42.7705	  172.0781
12.813	 2.03	 1	 -42.8490	  166.9080
12.817	 2.47	 1	 -42.6356	  172.6826
12.817	 2.35	 1	 -41.4321	  170.7545
12.857	 2.13	 1	 -45.2560	  176.2705
12.876	 2.62	 1	 -42.3252	  172.8180
12.877	 2.67	 1	 -42.9435	  172.4904
12.891	 2.41	 1	 -46.2312	  169.2475
12.896	 2.48	 1	 -45.4034	  172.3257
12.924	 2.40	 1	 -43.7516	  178.9678
12.932	 2.22	 1	 -42.5358	  170.5270
12.953	 2.32	 1	 -41.0404	  172.5832
12.968	 3.86	 1	 -41.9398	  173.6413
12.969	 2.23	 1	 -44.6990	  173.8500
12.973	 2.90	 1	 -47.0692	  174.4257
12.975	 2.21	 1	 -43.2205	  172.2812
13.056	 2.08	 1	 -44.6168	  167.4928
13.058	 2.31	 1	 -44.8267	  170.0045
13.079	 2.21	 1	 -42.6727	  172.3026
13.111	 2.13	 1	 -42.5701	  171.8355
13.113	 2.23	 1	 -42.7013	  174.9377
13.145	 4.07	 1	 -44.8712	  167.6704
13.163	 2.33	 1	 -40.5771	  175.1175
13.173	 2.49	 1	 -42.9937	  172.9526
13.212	 2.03	 1	 -44.5015	  172.5840
13.213	 2.95	 1	 -46.1681	  176.9039
13.221	 2.13	 1	 -46.8196	  170.5933
13.235	 3.11	 1	 -46.4198	  173.9688
13.251	 2.25	 1	 -46.3621	  176.5580
13.252	 2.46	 1	 -41.8589	  174.4293
13.263	 2.09	 1	 -39.5602	  177.4114
13.273	 3.15	 1	 -44.8657	  169.3198
13.282	 2.04	 1	 -40.7654	  171.8454
13.283	 2.56	 1	 -47.1563	  172.2843
13.286	 2.30	 1	 -44.9158	  171.8708
13.287	 4.34	 1	 -41.2246	  172.1507
13.290	 2.16	 1	 -46.2547	  176.7557
13.308	 2.40	 1	 -42.0054	  174.6627
13.316	 2.11	 1	 -42.0299	  174.9492
13.360	 2.25	 1	 -41.7833	  174.5944
13.365	 2.21	 1	 -43.1217	  174.6624
13.374	 2.11	 1	 -41.9916	  175.5375
13.379	 2.49	 1	 -41.6682	  173.0054
13.396	 3.57	 1	 -43.8420	  172.8864
13.401	 2.56	 1	 -46.0120	  177.1489
13.404	 2.62	 1	 -42.5627	  169.4089
13.405	 2.09	 1	 -43.3676	  174.6813
13.412	 2.04	 1	 -42.2518	  173.5565
13.413	 2.20	 1	 -42.8435	  175.4770
13.428	 3.54	 1	 -41.1999	  169.3090
13.454	 2.53	 1	 -42.4071	  179.1276
13.461	 2.94	 1	 -43.5008	  174.0944
13.471	 3.08	 1	 -40.8796	  167.4236
13.478	 3.00	 1	 -42.5676	  172.8622
13.481	 2.05	 1	 -45.9629	  177.2210
13.482	 2.09	 1	 -42.6849	  171.7314
13.483	 2.41	 1	 -41.7800	  169.4842
13.486	 2.21	 1	 -41.8068	  172.3260
13.524	 2.07	 1	 -46.2924	  169.3562
13.525	 4.24	 1	 -42.0114	  173.7336
13.559	 2.04	 1	 -45.7726	  168.5649
13.576	 2.64	 1	 -42.9535	  176.3586
13.602	 2.28	 1	 -41.1815	  174.9963
13.602	 2.42	 1	 -42.0577	  179.0787
13.608	 2.59	 1	 -42.9324	  173.9701
13.608	 2.75	 1	 -45.0857	  172.3707
13.614	 2.62	 1	 -38.6249	  175.6300
13.629	 2.13	 1	 -41.5823	  171.6699
13.633	 2.14	 1	 -46.5744	  176.1098
13.651	 2.30	 1	 -43.7038	  174.8446
13.660	 2.31	 1	 -45.1869	  173.8080
13.681	 3.80	 1	 -39.8436	  168.2889
13.684	 2.42	 1	 -42.1841	  173.2357
13.699	 2.19	 1	 -47.0887	  171.7361
13.703	 3.49	 1	 -43.9645	  178.8901
13.709	 2.45	 1	 -45.2709	  168.0099
13.728	 2.38	 1	 -42.6272	  174.3805
13.735	 2.28	 1	 -43.0478	  170.3422
13.736	 2.39	 1	 -40.3251	  174.8357
13.755	 2.10	 1	 -44.2092	  174.4960
13.769	 2.15	 1	 -43.6885	  173.0609
13.778	 3.23	 1	 -43.8524	  176.8313
13.814	 2.06	 1	 -43.0293	  173.4865
13.818	 2.53	 1	 -44.5984	  174.2215
13.823	 2.18	 1	 -39.4127	  175.6232
13.828	 2.09	 1	 -41.8478	  174.5729
13.838	 2.03	 1	 -42.1492	  176.8161
13.887	 3.13	 1	 -45.4149	  172.6976
13.888	 2.52	 1	 -40.5881	  176.1528
13.946	 2.66	 1	 -46.0655	  172.0258
13.953	 2.37	 1	 -42.1706	  179.0986
13.957	 3.32	 1	 -41.9679	  174.2171
13.959	 2.09	 1	 -41.1259	  172.5683
13.973	 3.50	 1	 -42.1401	  171.8237
13.993	 2.71	 1	 -47.1888	  173.0975
13.996	 2.17	 1	 -42.4811	  168.7863
