# Simulation 520
# RelativeTime(days) Magnitude Generation Latitude Longitude
Time Mag Gen Lat Lon
7.002	 2.69	 1	 -44.1416	  175.7577
7.003	 2.03	 1	 -41.6471	  174.0224
7.008	 2.20	 1	 -39.5629	  168.6293
7.010	 2.06	 1	 -39.0880	  176.6796
7.019	 3.27	 1	 -42.5175	  171.6724
7.020	 2.85	 1	 -42.3113	  174.5574
7.029	 2.44	 1	 -43.0506	  172.8771
7.034	 2.21	 1	 -44.6317	  173.3431
7.044	 3.03	 1	 -45.1360	  173.8094
7.055	 2.66	 1	 -43.9785	  167.1599
7.065	 2.94	 1	 -42.6624	  172.2445
7.074	 2.47	 1	 -45.1107	  178.1800
7.076	 2.12	 1	 -42.5529	  174.1574
7.087	 2.00	 1	 -43.3191	  173.6640
7.089	 2.66	 1	 -40.7705	  177.8730
7.093	 2.12	 1	 -41.8374	  174.2022
7.099	 2.28	 1	 -43.5800	  171.0367
7.104	 2.03	 1	 -41.9328	  172.0975
7.110	 2.10	 1	 -43.1122	  171.0309
7.125	 2.13	 1	 -41.7545	  172.7015
7.145	 2.13	 1	 -41.4261	  174.3720
7.149	 2.38	 1	 -47.1798	  172.6275
7.150	 2.06	 1	 -39.0812	  176.6672
7.154	 2.20	 1	 -43.2791	  179.0877
7.158	 2.42	 1	 -41.5534	  174.3657
7.185	 2.02	 1	 -44.1321	  167.2263
7.186	 2.17	 1	 -43.5643	  173.4495
7.194	 2.67	 1	 -38.1967	  173.1331
7.194	 4.24	 1	 -38.2385	  173.8616
7.195	 2.50	 2	 -38.2479	  173.8706
7.197	 2.00	 1	 -38.6980	  175.1413
7.203	 2.05	 1	 -42.9213	  172.9893
7.209	 2.64	 1	 -45.7950	  177.4505
7.211	 3.08	 1	 -38.9553	  169.6201
7.211	 2.27	 1	 -42.8149	  172.9973
7.223	 2.14	 1	 -39.6353	  168.5359
7.224	 2.43	 1	 -42.3505	  174.0907
7.234	 3.10	 1	 -42.9056	  173.1266
7.236	 2.02	 1	 -43.2038	  174.2338
7.236	 2.59	 2	 -38.9560	  169.6236
7.251	 2.01	 1	 -45.9069	  177.3002
7.270	 2.49	 1	 -39.0663	  171.4325
7.292	 2.26	 1	 -41.5841	  173.1644
7.301	 2.20	 1	 -43.7846	  172.8833
7.304	 2.05	 1	 -41.5178	  170.1489
7.307	 2.24	 1	 -44.1195	  172.4498
7.311	 3.39	 1	 -39.3040	  169.0005
7.319	 3.03	 1	 -41.6176	  175.3130
7.321	 2.30	 1	 -41.3723	  173.6150
7.323	 2.63	 1	 -44.5464	  168.9354
7.328	 2.21	 1	 -42.2343	  173.5070
7.330	 3.12	 1	 -42.1834	  172.8638
7.349	 2.28	 1	 -38.1964	  172.9292
7.355	 2.26	 1	 -39.2028	  169.1641
7.356	 2.22	 1	 -43.3482	  175.4701
7.361	 2.07	 1	 -43.2981	  173.2811
7.363	 2.19	 1	 -43.0888	  172.8125
7.369	 2.30	 1	 -40.5634	  173.5081
7.386	 2.22	 1	 -41.9271	  175.3063
7.387	 2.11	 1	 -43.3942	  171.3059
7.388	 2.38	 1	 -40.5328	  175.7266
7.393	 2.35	 1	 -41.6879	  172.9841
7.401	 2.25	 1	 -41.6021	  178.9574
7.404	 2.17	 1	 -47.1859	  172.7901
7.408	 2.10	 1	 -41.1963	  171.5220
7.422	 2.07	 1	 -43.7048	  172.7532
7.428	 2.12	 1	 -47.0985	  174.2445
7.434	 2.47	 1	 -46.7872	  175.5502
7.442	 2.68	 1	 -40.0226	  177.9447
7.450	 2.06	 1	 -42.4511	  172.8819
7.458	 2.25	 1	 -41.9456	  173.6839
7.464	 2.29	 1	 -46.5611	  176.1407
7.472	 3.05	 1	 -39.4307	  177.2332
7.484	 2.58	 1	 -43.2453	  173.6958
7.492	 2.03	 1	 -42.9312	  171.7568
7.494	 2.08	 1	 -46.9783	  171.1708
7.496	 2.05	 2	 -38.2313	  173.8605
7.497	 2.61	 1	 -40.5227	  167.6638
7.505	 2.16	 1	 -43.7564	  173.4387
7.510	 2.40	 1	 -41.7056	  172.3063
7.513	 2.24	 1	 -40.3329	  178.2299
7.519	 2.17	 1	 -43.3436	  171.5342
7.522	 2.30	 1	 -42.8021	  172.1658
7.539	 2.03	 1	 -42.2755	  173.7030
7.553	 2.45	 1	 -44.1832	  173.3591
7.559	 2.27	 1	 -39.0280	  172.9382
7.576	 2.02	 1	 -41.1287	  176.0992
7.582	 3.25	 1	 -41.5626	  172.7300
7.592	 3.30	 1	 -41.5208	  172.5133
7.593	 2.36	 1	 -42.4047	  171.7217
7.599	 2.21	 1	 -42.8907	  170.7378
7.599	 2.68	 1	 -41.9484	  173.2745
7.602	 2.32	 1	 -38.3632	  171.3690
7.603	 2.07	 2	 -41.9483	  173.2674
7.612	 2.08	 2	 -42.8021	  172.1607
7.612	 2.13	 1	 -41.1840	  173.8811
7.619	 2.19	 1	 -42.8018	  171.5573
7.627	 2.78	 1	 -41.2094	  172.0433
7.634	 2.07	 1	 -42.2878	  174.1124
7.637	 2.03	 1	 -42.9712	  171.8682
7.637	 2.28	 1	 -42.1288	  173.5668
7.641	 2.64	 1	 -42.0055	  173.7244
7.652	 2.24	 1	 -45.5706	  168.3216
7.655	 2.48	 1	 -42.4747	  173.2119
7.658	 2.34	 1	 -42.3276	  172.0511
7.660	 2.14	 1	 -43.0312	  172.7445
7.665	 2.70	 1	 -38.4982	  175.2275
7.675	 2.18	 1	 -42.2742	  174.3874
7.676	 2.49	 1	 -38.2941	  174.2935
7.686	 2.09	 1	 -43.8423	  173.5531
7.691	 2.07	 1	 -46.2186	  176.8185
7.698	 2.29	 1	 -40.2134	  176.0933
7.698	 3.14	 1	 -43.4521	  174.0117
7.699	 3.12	 1	 -42.9496	  174.2077
7.701	 2.06	 1	 -43.3634	  170.6198
7.707	 3.11	 1	 -44.2922	  167.3046
7.722	 2.48	 1	 -40.4436	  174.3637
7.726	 2.20	 1	 -42.5164	  179.1353
7.748	 2.43	 1	 -43.6787	  172.5637
7.752	 2.47	 1	 -43.8961	  173.3073
7.762	 2.65	 1	 -38.9888	  169.5530
7.776	 3.46	 1	 -45.3420	  177.9652
7.780	 2.34	 1	 -43.2264	  174.1960
7.783	 2.01	 1	 -41.7521	  174.2089
7.793	 2.28	 1	 -39.3368	  177.0944
7.797	 2.37	 1	 -45.6659	  171.3966
7.797	 2.47	 1	 -45.0232	  167.7903
7.808	 3.14	 1	 -42.3392	  173.4651
7.810	 2.44	 1	 -41.6644	  174.6750
7.822	 2.17	 1	 -38.2011	  173.3146
7.836	 2.28	 1	 -41.2407	  174.6071
7.838	 3.36	 1	 -43.9938	  173.3042
7.838	 2.84	 1	 -43.5268	  175.9424
7.849	 2.15	 1	 -43.2991	  172.7555
7.850	 2.41	 1	 -40.4891	  178.3551
7.866	 3.04	 1	 -46.1087	  177.0003
7.868	 2.60	 1	 -38.7834	  176.0455
7.876	 2.07	 1	 -41.6305	  172.0190
7.880	 2.12	 1	 -41.4023	  173.3017
7.882	 2.33	 1	 -43.5127	  171.2778
7.887	 3.77	 1	 -42.2913	  169.2131
7.888	 2.12	 1	 -41.7871	  174.4703
7.894	 2.88	 1	 -43.4314	  175.8958
7.899	 2.32	 1	 -44.6561	  172.0317
7.901	 2.20	 1	 -47.0111	  174.7265
7.930	 2.48	 1	 -41.7353	  172.2791
7.932	 2.05	 1	 -42.0570	  172.6731
7.946	 2.03	 1	 -41.9929	  171.7602
7.949	 2.82	 1	 -42.0054	  173.3250
7.950	 2.08	 1	 -40.7487	  167.5055
7.965	 2.28	 1	 -39.6851	  177.5702
7.976	 2.73	 1	 -42.9832	  171.5527
7.978	 2.30	 1	 -41.7645	  176.0369
7.989	 2.08	 1	 -41.1798	  171.3327
7.998	 2.21	 1	 -40.5433	  174.2945
7.999	 2.20	 1	 -42.0208	  173.1054
8.001	 2.06	 1	 -43.5144	  172.1753
8.007	 3.42	 1	 -43.9463	  176.9128
8.021	 2.03	 1	 -41.4109	  172.8068
8.021	 2.04	 1	 -42.1501	  173.2302
8.039	 2.18	 1	 -41.9369	  171.9916
8.050	 2.85	 1	 -41.4044	  173.6051
8.054	 2.44	 1	 -43.1219	  174.0112
8.058	 2.07	 1	 -42.9510	  175.6870
8.060	 2.18	 1	 -42.5833	  172.9663
8.070	 2.06	 1	 -43.5114	  171.8308
8.073	 2.27	 1	 -42.0290	  173.1370
8.119	 2.24	 1	 -43.2280	  173.8645
8.149	 2.15	 1	 -42.4326	  174.4640
8.153	 2.27	 1	 -41.9143	  173.9653
8.162	 3.02	 1	 -45.0136	  173.2328
8.173	 2.07	 1	 -45.3574	  168.0945
8.178	 2.84	 1	 -39.7897	  173.5700
8.182	 2.48	 1	 -46.8705	  175.2841
8.187	 2.24	 1	 -38.2281	  173.7530
8.190	 2.37	 1	 -43.5551	  173.0320
8.191	 2.19	 1	 -43.6291	  173.9224
8.194	 2.08	 2	 -41.1802	  171.3343
8.196	 2.12	 2	 -45.0143	  173.2322
8.203	 2.13	 1	 -43.0349	  174.4567
8.204	 2.26	 1	 -44.9445	  175.4154
8.210	 2.16	 1	 -42.4286	  173.4561
8.213	 2.10	 1	 -41.6488	  170.6796
8.213	 2.06	 1	 -42.1820	  173.6640
8.216	 2.12	 1	 -45.1298	  167.8810
8.219	 2.16	 1	 -44.9230	  177.7660
8.225	 2.43	 1	 -42.9061	  171.9320
8.226	 2.43	 1	 -42.6318	  171.3553
8.227	 2.10	 1	 -41.7558	  171.0216
8.232	 2.26	 1	 -42.2529	  173.6869
8.233	 2.33	 2	 -38.2267	  173.7518
8.245	 2.88	 1	 -43.0947	  172.5497
8.255	 2.42	 1	 -39.4257	  177.2260
8.266	 2.96	 1	 -43.1443	  173.1148
8.272	 2.77	 1	 -42.5328	  172.8724
8.276	 2.33	 1	 -42.0420	  173.6688
8.277	 2.54	 1	 -41.8825	  172.2543
8.279	 2.12	 1	 -40.7157	  175.7621
8.281	 2.18	 1	 -42.7096	  172.2783
8.293	 2.52	 1	 -42.4583	  173.0500
8.313	 3.06	 1	 -43.9293	  178.9040
8.324	 2.32	 1	 -42.9014	  172.4098
8.327	 2.36	 1	 -46.2009	  176.8488
8.330	 2.22	 1	 -47.0756	  174.3883
8.333	 2.25	 1	 -45.9502	  171.6083
8.338	 2.51	 1	 -42.4387	  169.8262
8.339	 2.02	 1	 -45.7797	  175.1589
8.341	 2.56	 2	 -43.0423	  175.9403
8.343	 2.00	 1	 -42.7280	  174.4717
8.351	 2.27	 1	 -42.2312	  173.0981
8.353	 2.02	 1	 -44.0168	  172.3039
8.354	 4.18	 1	 -42.3268	  173.1567
8.357	 2.56	 1	 -39.3703	  168.8994
8.382	 2.34	 1	 -41.8541	  173.9164
8.388	 2.02	 2	 -45.7784	  175.1576
8.401	 2.73	 2	 -42.3314	  173.1357
8.420	 2.01	 1	 -42.9705	  173.8133
8.459	 2.09	 1	 -43.3581	  172.5358
8.468	 2.55	 1	 -42.4160	  173.6957
8.481	 2.23	 1	 -42.7656	  172.1768
8.498	 2.77	 1	 -41.1491	  167.2760
8.512	 4.57	 1	 -42.1588	  174.5482
8.513	 2.84	 2	 -42.1017	  174.5732
8.522	 2.21	 1	 -43.6561	  178.9978
8.527	 2.03	 1	 -44.2462	  170.0218
8.534	 2.23	 1	 -41.7875	  174.2305
8.542	 2.63	 2	 -42.1623	  174.5438
8.547	 2.11	 1	 -42.2068	  173.7951
8.552	 2.03	 1	 -42.7372	  172.4420
8.567	 2.06	 1	 -44.8519	  169.5383
8.570	 2.60	 1	 -41.6355	  172.7969
8.608	 2.06	 2	 -42.1832	  174.4994
8.612	 2.78	 1	 -43.9490	  173.3212
8.613	 2.84	 2	 -42.1583	  174.5579
8.614	 2.12	 1	 -42.6049	  173.0998
8.616	 2.09	 1	 -43.0360	  179.1221
8.616	 2.48	 1	 -43.6770	  175.6348
8.622	 2.82	 1	 -41.9665	  175.6383
8.631	 2.29	 1	 -40.0922	  171.4948
8.635	 2.24	 1	 -42.3562	  173.8493
8.635	 2.06	 1	 -41.0924	  169.3022
8.637	 2.55	 1	 -38.3479	  171.4453
8.641	 2.54	 1	 -42.0352	  173.7614
8.656	 2.10	 1	 -40.9585	  173.5628
8.658	 2.06	 1	 -43.4219	  175.1487
8.660	 2.21	 1	 -43.2744	  171.9828
8.667	 3.54	 1	 -41.3383	  172.9990
8.668	 3.36	 1	 -43.0477	  169.5680
8.683	 2.02	 1	 -42.3090	  173.0757
8.686	 2.02	 1	 -40.4822	  173.7743
8.694	 2.15	 1	 -43.0324	  179.1225
8.698	 2.01	 1	 -46.1503	  170.2287
8.706	 2.23	 1	 -44.1744	  172.3182
8.706	 2.04	 1	 -43.2827	  169.9718
8.709	 3.31	 1	 -43.8885	  174.4361
8.725	 2.42	 1	 -46.8124	  175.1275
8.734	 2.07	 1	 -46.5177	  169.8061
8.734	 2.02	 1	 -42.6307	  179.1394
8.736	 2.41	 2	 -46.5169	  169.8036
8.757	 2.10	 1	 -40.3383	  172.3320
8.759	 2.62	 1	 -41.6543	  174.0565
8.762	 2.59	 1	 -41.3068	  170.2254
8.778	 3.95	 1	 -43.7445	  170.6945
8.783	 2.38	 1	 -41.7033	  174.2805
8.790	 2.05	 1	 -42.6781	  166.9044
8.793	 2.22	 1	 -38.2353	  172.2148
8.793	 2.57	 1	 -42.8070	  170.6541
8.793	 2.86	 1	 -43.7658	  175.2097
8.795	 2.01	 2	 -43.7394	  170.6982
8.812	 3.24	 1	 -45.1761	  169.7444
8.812	 2.08	 2	 -45.1752	  169.7437
8.825	 2.24	 1	 -40.6979	  174.9232
8.827	 2.06	 1	 -44.9868	  171.0647
8.837	 2.14	 1	 -40.9666	  178.6713
8.852	 2.05	 1	 -45.7482	  177.5103
8.854	 2.69	 1	 -42.8580	  169.8540
8.859	 2.01	 1	 -43.9322	  169.7411
8.880	 2.27	 1	 -42.8692	  173.9371
8.889	 2.46	 1	 -42.9271	  173.3653
8.892	 2.09	 1	 -43.1271	  172.6719
8.893	 3.52	 1	 -42.7080	  173.1202
8.904	 2.29	 1	 -44.6621	  171.8715
8.906	 2.58	 1	 -40.7286	  170.8597
8.910	 2.58	 1	 -43.0737	  170.9528
8.917	 2.75	 1	 -41.3720	  170.6494
8.922	 2.61	 1	 -42.6771	  170.8558
8.923	 2.72	 1	 -42.7886	  172.2719
8.945	 3.40	 1	 -42.2413	  173.1836
8.948	 2.02	 1	 -44.4548	  175.3507
8.965	 2.42	 1	 -43.3983	  174.2290
8.972	 2.26	 1	 -42.5005	  172.6387
8.979	 2.50	 1	 -43.0405	  175.5597
8.981	 2.09	 1	 -42.4571	  172.1064
8.985	 2.29	 1	 -43.5653	  172.0910
8.991	 2.01	 2	 -42.2395	  173.1997
8.993	 2.31	 1	 -43.3725	  173.1950
9.000	 2.39	 1	 -42.6677	  170.4148
9.010	 2.07	 1	 -43.3384	  173.0957
9.017	 2.38	 1	 -45.6534	  174.8044
9.019	 2.08	 1	 -42.5551	  172.1383
9.025	 2.08	 1	 -44.7664	  174.0407
9.029	 2.04	 1	 -42.8833	  173.1552
9.038	 2.08	 1	 -42.9984	  172.9770
9.039	 3.13	 1	 -42.3050	  173.4832
9.043	 2.20	 1	 -41.4332	  174.6500
9.044	 2.53	 1	 -44.5010	  175.6577
9.044	 4.05	 1	 -44.3904	  176.8854
9.047	 2.05	 1	 -45.8702	  172.6310
9.049	 2.08	 1	 -45.4874	  175.5519
9.059	 2.14	 1	 -43.6044	  179.0128
9.061	 2.35	 1	 -42.2201	  173.0243
9.072	 2.05	 1	 -40.7206	  175.0799
9.091	 2.63	 1	 -42.7499	  173.7892
9.096	 2.22	 1	 -42.3636	  179.1236
9.099	 2.73	 2	 -44.4279	  176.9251
9.100	 2.53	 1	 -40.6252	  173.8331
9.102	 2.04	 1	 -41.7053	  175.1689
9.111	 2.73	 1	 -41.9614	  174.6422
9.127	 2.38	 1	 -46.7438	  170.6059
9.135	 2.28	 1	 -39.3247	  168.9684
9.138	 2.86	 1	 -42.1800	  175.7132
9.152	 2.53	 1	 -39.8269	  169.8302
9.166	 2.09	 1	 -42.6681	  172.3455
9.169	 2.82	 1	 -42.5708	  173.4363
9.170	 2.00	 1	 -41.5107	  178.9249
9.181	 2.06	 1	 -42.3232	  173.3791
9.181	 2.17	 1	 -42.2965	  171.7852
9.193	 2.13	 1	 -43.3629	  171.2694
9.196	 2.63	 1	 -43.0258	  172.7529
9.215	 2.59	 1	 -40.6146	  171.6746
9.224	 2.03	 1	 -46.0835	  173.5347
9.227	 2.58	 1	 -43.7720	  167.0833
9.236	 3.15	 1	 -43.3658	  179.0710
9.240	 2.14	 1	 -42.0793	  172.2424
9.246	 3.47	 1	 -41.9488	  173.6808
9.257	 2.20	 1	 -42.4508	  175.2698
9.281	 2.22	 1	 -46.8836	  175.2388
9.283	 2.39	 1	 -42.5746	  170.7609
9.288	 2.36	 1	 -42.2287	  174.8138
9.288	 2.39	 1	 -38.5288	  170.7121
9.295	 2.84	 1	 -40.4785	  167.6973
9.301	 2.06	 1	 -43.9906	  171.5445
9.312	 2.56	 1	 -43.2660	  173.0106
9.315	 4.14	 1	 -42.7045	  172.8263
9.316	 2.58	 2	 -42.6911	  172.8302
9.320	 2.05	 2	 -41.9479	  173.6793
9.321	 3.29	 1	 -42.6216	  172.8583
9.329	 2.00	 1	 -43.2334	  171.2913
9.346	 2.51	 1	 -42.6930	  173.2314
9.355	 2.41	 1	 -45.3258	  168.0630
9.362	 2.85	 1	 -46.4792	  176.3215
9.372	 2.54	 1	 -41.5209	  173.0379
9.379	 2.03	 1	 -47.1749	  173.5085
9.384	 2.19	 2	 -42.4761	  172.6589
9.391	 2.86	 1	 -40.8734	  167.4274
9.401	 2.29	 1	 -41.2081	  174.5818
9.401	 2.12	 1	 -41.7039	  172.9344
9.402	 2.01	 2	 -44.3907	  176.8908
9.412	 2.71	 1	 -39.9921	  173.1463
9.419	 2.02	 2	 -42.6895	  172.8588
9.428	 2.67	 1	 -42.2128	  173.9430
9.429	 2.83	 1	 -43.4510	  174.7032
9.443	 2.37	 1	 -43.4076	  172.6756
9.454	 2.33	 1	 -40.8168	  167.4620
9.463	 3.10	 1	 -43.0641	  175.7180
9.464	 2.18	 2	 -42.9197	  173.1238
9.470	 2.27	 1	 -41.9715	  171.9681
9.485	 2.48	 1	 -42.4302	  171.7021
9.487	 2.37	 1	 -41.7717	  174.0386
9.494	 2.44	 2	 -42.1607	  174.5156
9.498	 2.03	 1	 -41.1585	  167.2714
9.501	 2.83	 1	 -42.7737	  171.1936
9.507	 2.56	 1	 -41.7086	  172.3798
9.521	 2.45	 1	 -44.1732	  178.7988
9.524	 2.12	 1	 -41.3244	  173.2878
9.524	 2.53	 3	 -42.4736	  172.6634
9.533	 2.93	 1	 -41.8708	  174.0621
9.539	 2.41	 1	 -39.1017	  169.9993
9.541	 3.56	 1	 -45.7843	  175.4866
9.549	 2.44	 1	 -43.1612	  172.7042
9.557	 2.08	 1	 -39.1449	  171.4348
9.567	 2.03	 1	 -38.7207	  170.1539
9.574	 2.65	 1	 -42.5410	  173.0657
9.580	 2.28	 1	 -43.6863	  173.4699
9.585	 2.02	 1	 -42.5904	  173.7078
9.610	 2.01	 2	 -42.7442	  172.8692
9.619	 3.57	 1	 -42.2230	  179.1065
9.621	 2.16	 1	 -42.2383	  173.8442
9.629	 2.03	 1	 -42.9686	  173.4790
9.630	 2.19	 1	 -41.6731	  178.3860
9.636	 2.49	 2	 -43.0698	  175.7338
9.637	 2.27	 1	 -42.2822	  172.7391
9.640	 2.05	 1	 -42.4933	  172.4500
9.652	 2.12	 1	 -44.8788	  170.5673
9.655	 2.03	 1	 -43.1131	  171.6959
9.665	 2.81	 1	 -43.2474	  171.3880
9.680	 2.79	 1	 -40.7091	  173.4445
9.685	 2.33	 1	 -43.6869	  174.6063
9.695	 2.05	 1	 -42.5595	  173.4136
9.699	 2.29	 1	 -41.6695	  174.1478
9.712	 2.56	 1	 -41.8146	  172.2784
9.724	 2.34	 1	 -44.1560	  174.5890
9.727	 2.80	 1	 -44.0461	  171.5750
9.731	 2.80	 1	 -41.0730	  174.3803
9.739	 2.03	 1	 -43.0358	  172.3980
9.759	 2.07	 1	 -43.0479	  170.6029
9.759	 3.23	 1	 -42.1498	  175.0526
9.777	 2.03	 1	 -45.0500	  174.7901
9.779	 2.87	 1	 -42.3674	  172.5035
9.781	 2.70	 1	 -42.6494	  166.9046
9.807	 3.24	 1	 -40.6283	  174.2142
9.813	 2.18	 2	 -42.1793	  175.1330
9.825	 2.64	 1	 -40.7428	  170.7899
9.826	 2.18	 1	 -42.2308	  173.4490
9.847	 2.06	 1	 -42.4128	  173.5232
9.847	 2.03	 1	 -42.1082	  173.8365
9.849	 2.15	 1	 -41.5190	  171.2520
9.851	 2.17	 1	 -42.0477	  169.0222
9.865	 2.21	 1	 -44.3375	  174.9264
9.882	 2.01	 1	 -42.2730	  172.9090
9.891	 2.21	 1	 -40.3495	  172.4120
9.891	 2.92	 1	 -44.1638	  178.8032
9.899	 2.00	 1	 -44.3768	  173.6530
9.901	 2.26	 2	 -42.1174	  173.8420
9.903	 2.05	 1	 -43.0099	  176.4146
9.909	 2.03	 1	 -42.2457	  172.0734
9.926	 2.17	 1	 -41.5154	  167.1177
9.929	 2.99	 1	 -39.4174	  168.8302
9.946	 2.18	 1	 -41.1692	  176.9947
9.948	 2.50	 1	 -45.0362	  172.7507
9.955	 2.58	 1	 -42.6976	  172.6612
9.961	 2.09	 1	 -39.0453	  176.6005
9.961	 2.57	 1	 -43.8256	  172.4145
9.977	 2.98	 1	 -38.6524	  170.6110
9.979	 2.01	 1	 -42.1625	  173.8188
10.020	 2.11	 1	 -42.4114	  173.1492
10.027	 2.65	 1	 -43.0181	  171.0243
10.033	 2.47	 1	 -42.6240	  171.9630
10.036	 2.45	 1	 -42.7188	  173.2233
10.050	 2.06	 1	 -41.6578	  172.4932
10.053	 4.04	 1	 -40.5113	  167.6723
10.058	 2.21	 1	 -43.7774	  174.0329
10.058	 3.24	 1	 -43.5871	  173.4942
10.062	 2.32	 1	 -45.7768	  168.5703
10.068	 3.06	 2	 -43.5884	  173.4681
10.069	 2.14	 2	 -40.5169	  167.6799
10.089	 2.06	 2	 -40.5098	  167.6671
10.092	 3.35	 1	 -43.1223	  174.6655
10.097	 2.60	 1	 -43.8364	  170.3330
10.105	 2.16	 1	 -40.8940	  174.9103
10.109	 2.12	 1	 -43.5197	  171.0856
10.117	 2.42	 1	 -42.6006	  172.9934
10.118	 2.48	 1	 -42.7510	  171.5341
10.126	 2.80	 1	 -39.4821	  168.7386
10.129	 2.05	 1	 -38.2773	  174.1805
10.135	 2.00	 1	 -41.1341	  173.2786
10.138	 2.19	 1	 -43.1650	  173.8166
10.147	 2.37	 1	 -41.7206	  172.8777
10.154	 2.00	 1	 -45.8723	  168.6964
10.168	 2.73	 1	 -42.3357	  173.6490
10.170	 2.13	 1	 -40.8087	  167.4671
10.202	 2.36	 1	 -44.4531	  172.3239
10.203	 2.04	 1	 -41.8274	  173.7405
10.211	 2.51	 2	 -42.6237	  174.3967
10.212	 2.23	 1	 -45.2560	  178.0485
10.215	 2.53	 1	 -42.4030	  175.1093
10.218	 2.03	 1	 -43.0806	  172.9393
10.228	 2.72	 1	 -43.5053	  179.0392
10.248	 2.16	 1	 -41.9763	  172.6912
10.255	 2.86	 1	 -42.2070	  174.2819
10.256	 2.22	 1	 -41.4154	  171.8068
10.261	 4.75	 1	 -42.7589	  172.1337
10.262	 2.14	 2	 -42.7780	  172.1854
10.264	 2.49	 1	 -39.9198	  168.8257
10.265	 2.31	 1	 -46.8160	  172.6703
10.267	 2.16	 2	 -42.7759	  172.0826
10.268	 2.46	 1	 -39.5636	  168.6284
10.284	 3.30	 1	 -43.2393	  172.9804
10.285	 2.35	 1	 -42.5731	  173.9996
10.286	 2.36	 1	 -42.3189	  173.0059
10.299	 2.29	 2	 -42.7529	  172.1361
10.301	 2.12	 1	 -43.1926	  173.4961
10.302	 3.55	 1	 -42.5070	  173.2848
10.304	 2.78	 3	 -42.7618	  172.1230
10.318	 2.10	 1	 -42.9599	  171.4631
10.325	 2.30	 1	 -39.8038	  168.3338
10.325	 2.01	 1	 -47.1676	  173.6200
10.356	 2.29	 1	 -41.6293	  174.0081
10.360	 2.35	 1	 -43.7990	  174.6771
10.365	 2.21	 2	 -42.7477	  172.1016
10.370	 2.26	 1	 -41.6560	  174.4976
10.385	 2.95	 2	 -42.7174	  171.9325
10.391	 2.50	 1	 -41.3588	  171.4159
10.392	 2.00	 1	 -46.7547	  173.9754
10.394	 2.19	 1	 -40.2205	  172.1389
10.402	 2.11	 1	 -46.2389	  172.8116
10.431	 2.15	 1	 -42.6849	  172.4483
10.439	 2.31	 1	 -42.8973	  173.4026
10.449	 2.03	 1	 -42.8935	  173.0922
10.451	 2.66	 1	 -42.5494	  166.9074
10.467	 3.23	 2	 -41.0145	  168.2249
10.470	 2.68	 1	 -42.2485	  179.1100
10.480	 2.36	 1	 -40.3540	  174.9730
10.488	 2.04	 1	 -41.9553	  173.5528
10.501	 2.29	 1	 -44.1209	  176.2806
10.503	 2.53	 1	 -45.8176	  173.6509
10.509	 2.14	 1	 -38.1964	  172.9384
10.530	 2.27	 1	 -43.5772	  170.2132
10.537	 2.11	 1	 -43.7069	  174.5893
10.586	 2.56	 1	 -38.4090	  171.1614
10.588	 2.23	 1	 -41.9365	  173.7342
10.592	 2.25	 1	 -43.0288	  173.5738
10.605	 2.25	 1	 -41.5252	  170.1141
10.608	 2.04	 1	 -41.5332	  172.3169
10.612	 2.27	 1	 -44.0168	  174.5827
10.633	 2.20	 1	 -45.2498	  175.9867
10.660	 2.29	 1	 -45.8965	  169.5612
10.671	 2.24	 1	 -42.7927	  172.7546
10.674	 2.22	 1	 -43.2052	  168.5096
10.691	 2.38	 1	 -41.9906	  170.1248
10.693	 2.13	 1	 -44.6403	  170.8770
10.706	 2.73	 1	 -38.2007	  173.3040
10.713	 2.68	 1	 -42.9123	  172.9435
10.719	 2.53	 1	 -47.0606	  171.5700
10.722	 2.07	 1	 -41.3244	  176.5450
10.723	 2.22	 1	 -42.8637	  174.8680
10.742	 2.06	 1	 -41.9689	  173.1310
10.742	 3.20	 1	 -45.3310	  170.6187
10.743	 3.12	 2	 -42.7929	  172.7523
10.746	 2.08	 1	 -42.2009	  176.8314
10.749	 2.05	 1	 -42.3811	  173.5795
10.752	 2.15	 1	 -44.1006	  171.1025
10.755	 2.56	 1	 -41.3932	  170.4714
10.758	 2.61	 1	 -42.4168	  173.8646
10.759	 2.66	 1	 -40.1925	  167.9371
10.779	 2.56	 1	 -45.3866	  168.1240
10.787	 3.87	 1	 -46.8348	  170.6416
10.791	 2.63	 1	 -41.6895	  178.9858
10.795	 2.19	 1	 -39.6236	  171.3240
10.802	 2.90	 1	 -41.4470	  175.6181
10.803	 2.22	 1	 -41.4294	  172.0706
10.819	 2.31	 1	 -42.9607	  172.7787
10.830	 2.33	 1	 -42.8170	  170.8749
10.849	 2.91	 1	 -42.5681	  171.9544
10.857	 2.06	 1	 -42.2984	  173.9052
10.858	 2.05	 1	 -43.3337	  174.2994
10.870	 2.43	 1	 -42.0710	  172.0944
10.870	 2.12	 1	 -42.9529	  172.8661
10.882	 3.20	 1	 -47.1631	  173.6800
10.889	 2.33	 1	 -42.5395	  166.9079
10.898	 2.41	 1	 -45.9686	  168.8315
10.898	 2.52	 1	 -44.2551	  178.7587
10.903	 3.91	 1	 -40.5768	  173.3229
10.903	 2.07	 2	 -43.0062	  174.9174
10.929	 2.27	 1	 -44.3571	  177.1136
10.941	 2.30	 2	 -40.5361	  173.3225
10.949	 2.17	 1	 -46.4326	  171.2930
10.956	 2.74	 2	 -42.7229	  172.0765
10.956	 2.06	 1	 -41.8562	  173.5632
10.961	 2.69	 1	 -41.0953	  175.3331
10.966	 2.11	 1	 -43.6522	  178.2604
10.972	 2.08	 1	 -42.9922	  171.1369
10.984	 2.39	 1	 -38.2893	  173.5324
10.989	 2.35	 1	 -41.3940	  173.4776
10.993	 2.07	 1	 -39.8005	  168.3376
10.997	 2.19	 1	 -41.6716	  171.9190
11.002	 2.37	 1	 -41.9379	  173.2793
11.018	 2.04	 1	 -42.4480	  173.8035
11.029	 2.21	 1	 -42.4680	  172.1466
11.050	 2.29	 1	 -41.0032	  172.5949
11.053	 2.18	 2	 -47.0749	  171.5621
11.063	 2.15	 1	 -43.1875	  173.4460
11.064	 2.21	 1	 -39.2353	  169.1103
11.068	 2.36	 1	 -44.0663	  172.1570
11.075	 2.04	 1	 -41.8178	  174.1969
11.081	 3.36	 1	 -44.7247	  173.9563
11.095	 2.04	 2	 -41.5863	  173.0310
11.099	 2.52	 1	 -38.3284	  174.4964
11.100	 2.15	 1	 -41.3707	  173.7301
11.123	 2.11	 1	 -43.0582	  175.2688
11.123	 2.26	 1	 -42.7021	  172.7668
11.125	 2.08	 2	 -46.8341	  170.6472
11.140	 2.76	 1	 -45.1811	  172.7480
11.141	 2.44	 1	 -42.0721	  175.8987
11.148	 2.41	 1	 -43.8833	  167.1227
11.167	 2.77	 1	 -38.4616	  170.9503
11.179	 3.19	 1	 -43.7675	  172.1089
11.182	 2.46	 1	 -43.3661	  173.9878
11.200	 2.10	 1	 -42.6143	  175.3675
11.207	 2.74	 2	 -44.7282	  173.9515
11.217	 2.18	 1	 -41.8384	  173.5467
11.231	 2.25	 1	 -43.5368	  171.9090
11.234	 2.31	 1	 -41.5552	  171.7114
11.237	 2.32	 1	 -47.0800	  174.3620
11.262	 2.99	 1	 -43.2071	  176.2525
11.278	 2.95	 1	 -42.4546	  173.6308
11.285	 2.70	 1	 -40.3483	  172.4880
11.294	 2.34	 1	 -38.3961	  171.2170
11.296	 2.15	 1	 -39.7087	  168.4454
11.313	 2.18	 1	 -42.2670	  174.0617
11.314	 2.54	 1	 -38.4976	  170.8191
11.316	 2.27	 1	 -40.0338	  172.9071
11.320	 2.62	 1	 -42.0150	  173.3549
11.321	 2.06	 1	 -42.6704	  173.6779
11.329	 2.43	 1	 -44.8241	  178.4089
11.334	 2.05	 1	 -38.2218	  172.3674
11.338	 2.30	 2	 -44.8366	  178.4087
11.349	 2.09	 1	 -42.0463	  172.4966
11.360	 2.17	 1	 -43.7460	  170.1942
11.365	 2.63	 2	 -42.3029	  173.1595
11.374	 2.03	 1	 -45.1296	  168.6312
11.386	 2.29	 1	 -41.3041	  172.4033
11.398	 2.19	 1	 -40.6476	  171.3515
11.399	 2.09	 1	 -40.8353	  167.4506
11.402	 2.15	 1	 -43.2976	  172.1839
11.423	 2.12	 1	 -40.2136	  167.9180
11.447	 3.55	 1	 -42.2496	  173.5790
11.451	 2.03	 1	 -39.5764	  168.6115
11.465	 3.31	 1	 -43.1255	  175.6226
11.482	 2.20	 1	 -42.8572	  173.0817
11.492	 2.11	 1	 -39.1501	  169.2540
11.515	 2.04	 1	 -42.7396	  172.5600
11.516	 2.15	 1	 -41.2951	  177.2379
11.518	 2.24	 1	 -42.5805	  172.4374
11.519	 2.14	 1	 -42.2070	  171.9444
11.534	 2.13	 1	 -42.5293	  169.1899
11.542	 2.59	 1	 -42.0641	  177.1508
11.545	 2.59	 1	 -39.0733	  173.1394
11.551	 2.14	 1	 -42.1203	  171.9918
11.553	 2.85	 1	 -43.0549	  173.1646
11.576	 2.24	 1	 -38.2549	  172.0347
11.585	 2.01	 1	 -42.0249	  174.1089
11.616	 2.52	 1	 -46.1582	  169.1241
11.618	 2.45	 1	 -41.5126	  167.1187
11.620	 2.73	 1	 -42.8600	  173.1921
11.627	 2.56	 1	 -43.2107	  172.1866
11.656	 2.32	 1	 -45.2007	  171.0544
11.661	 3.20	 1	 -42.4318	  173.7333
11.661	 2.28	 2	 -42.4018	  173.9149
11.667	 2.83	 1	 -41.6399	  174.1953
11.692	 2.30	 1	 -41.3023	  167.2041
11.700	 2.35	 1	 -43.9932	  174.8344
11.704	 2.48	 2	 -42.6193	  175.3685
11.723	 2.60	 1	 -42.4424	  173.7969
11.726	 2.35	 1	 -44.2667	  175.4929
11.733	 2.18	 1	 -43.1925	  171.7502
11.742	 2.18	 1	 -44.3290	  178.7204
11.754	 2.57	 1	 -38.6603	  173.6104
11.756	 3.03	 1	 -43.3402	  172.8224
11.772	 2.08	 1	 -41.1249	  178.7561
11.790	 2.07	 1	 -41.7866	  175.7101
11.798	 2.39	 1	 -42.3243	  174.3701
11.809	 2.81	 1	 -42.9936	  171.9007
11.831	 2.51	 1	 -43.4519	  172.7910
11.834	 2.65	 1	 -39.7067	  177.5965
11.842	 2.23	 1	 -44.3198	  175.5075
11.842	 2.29	 1	 -43.2563	  172.9361
11.872	 2.29	 1	 -40.0832	  178.0045
11.877	 2.05	 1	 -41.7593	  174.1771
11.885	 2.67	 1	 -44.2071	  171.9514
11.904	 2.17	 1	 -41.4849	  169.3079
11.920	 2.26	 1	 -43.8370	  178.9385
11.924	 2.26	 1	 -47.1755	  172.5461
11.940	 2.38	 1	 -43.7081	  173.0346
11.960	 2.08	 1	 -41.9738	  173.9871
12.020	 2.30	 1	 -38.5411	  175.3728
12.022	 2.19	 1	 -39.5734	  176.3868
12.024	 3.88	 1	 -45.2884	  170.1929
12.042	 2.32	 1	 -45.4839	  173.5183
12.048	 2.61	 1	 -45.9590	  168.8178
12.063	 2.11	 2	 -49.8489	  172.4025
12.065	 2.20	 1	 -41.4807	  171.4093
12.065	 2.27	 1	 -42.2358	  169.5723
12.079	 2.14	 1	 -42.7827	  172.1460
12.080	 2.23	 2	 -46.8439	  170.6439
12.083	 2.68	 1	 -46.9981	  174.7862
12.095	 2.40	 2	 -45.2930	  170.1806
12.107	 2.12	 1	 -42.6075	  174.5378
12.110	 2.31	 1	 -43.0627	  173.9328
12.115	 2.05	 1	 -42.0608	  173.5032
12.129	 2.07	 2	 -41.3382	  172.9987
12.140	 2.16	 1	 -43.1098	  174.1576
12.150	 2.02	 1	 -43.8150	  172.7498
12.164	 2.12	 1	 -42.6535	  172.3727
12.165	 2.46	 1	 -39.1109	  170.5152
12.178	 2.13	 1	 -41.1922	  171.8307
12.185	 3.53	 1	 -44.3597	  175.2176
12.189	 2.07	 2	 -44.3484	  175.2116
12.192	 4.02	 1	 -43.8036	  169.6308
12.192	 2.15	 1	 -43.9473	  173.2110
12.199	 2.10	 1	 -43.2389	  170.7941
12.206	 2.25	 1	 -42.3336	  173.4164
12.222	 2.34	 1	 -38.2144	  173.5768
12.228	 2.08	 1	 -41.5191	  173.7456
12.248	 2.52	 1	 -43.7361	  172.1537
12.265	 2.24	 1	 -43.0672	  173.9898
12.280	 2.19	 1	 -38.3572	  171.3985
12.301	 2.78	 1	 -45.7636	  169.2053
12.304	 2.50	 2	 -45.7677	  169.2051
12.384	 2.81	 1	 -42.1296	  173.8131
12.434	 2.10	 1	 -44.8613	  170.7588
12.442	 2.60	 1	 -42.0701	  175.8884
12.449	 2.66	 2	 -43.7997	  169.6282
12.467	 2.01	 1	 -43.1353	  172.2664
12.468	 2.66	 1	 -43.9720	  171.6991
12.480	 2.26	 1	 -41.1507	  172.9629
12.484	 2.43	 1	 -42.3967	  172.5724
12.486	 3.56	 1	 -39.9540	  168.1698
12.490	 2.08	 1	 -46.8685	  170.7533
12.495	 2.65	 1	 -42.8641	  174.1586
12.500	 2.11	 1	 -46.4723	  176.3361
12.544	 2.13	 1	 -41.9475	  173.9949
12.549	 2.55	 1	 -42.9104	  172.7109
12.556	 2.12	 1	 -42.4053	  172.8749
12.561	 3.29	 2	 -42.3558	  173.4537
12.561	 2.27	 1	 -41.0494	  170.9007
12.577	 2.19	 1	 -42.9652	  166.9156
12.583	 2.67	 1	 -46.2610	  176.7446
12.583	 2.17	 1	 -45.0691	  172.7816
12.586	 2.64	 1	 -45.0189	  169.6383
12.594	 2.08	 1	 -41.8390	  173.9816
12.596	 2.48	 1	 -42.7817	  174.0596
12.596	 2.92	 1	 -41.9893	  166.9796
12.606	 2.64	 1	 -44.3972	  178.6833
12.624	 2.05	 1	 -44.0296	  172.7351
12.635	 2.12	 1	 -44.2823	  167.2995
12.644	 3.51	 1	 -42.6920	  179.1400
12.645	 2.14	 1	 -40.5147	  176.0047
12.660	 2.05	 1	 -45.2983	  172.7005
12.667	 2.34	 1	 -41.9492	  174.4284
12.674	 2.34	 1	 -41.1277	  167.2868
12.678	 2.79	 1	 -44.5316	  174.2055
12.682	 2.33	 1	 -41.9812	  174.9373
12.685	 3.31	 1	 -42.7145	  173.3063
12.687	 2.32	 1	 -41.3073	  177.8398
12.693	 2.01	 1	 -41.7625	  173.8915
12.704	 2.49	 1	 -43.1066	  170.5841
12.708	 2.33	 1	 -43.6338	  172.7815
12.732	 2.26	 1	 -42.2852	  174.4732
12.736	 2.13	 2	 -43.1055	  170.5830
12.745	 2.05	 1	 -38.4997	  170.8116
12.745	 3.10	 1	 -47.0535	  174.5136
12.753	 2.25	 1	 -42.4871	  173.3247
12.770	 2.78	 1	 -42.3492	  174.3545
12.772	 2.66	 1	 -46.2797	  176.7112
12.784	 3.70	 1	 -45.2906	  168.0288
12.793	 2.31	 2	 -42.3109	  173.5223
12.797	 2.58	 1	 -38.2645	  174.0866
12.836	 2.17	 1	 -40.1884	  167.9408
12.836	 2.19	 1	 -42.7129	  173.0971
12.838	 2.24	 1	 -42.8974	  170.0735
12.851	 2.16	 1	 -44.9249	  178.3328
12.853	 2.13	 1	 -39.3064	  175.7840
12.861	 2.64	 1	 -42.7967	  173.5865
12.864	 2.52	 1	 -44.8149	  173.1307
12.866	 2.10	 1	 -46.1676	  176.9047
12.870	 2.84	 1	 -38.3023	  174.3452
12.883	 2.44	 1	 -42.1222	  173.5789
12.884	 2.16	 1	 -41.7642	  174.1235
12.901	 2.02	 1	 -38.8802	  175.5172
12.908	 2.19	 1	 -47.1603	  172.3299
12.916	 2.11	 1	 -43.6977	  167.9157
12.941	 2.06	 1	 -43.7164	  171.9172
12.956	 2.93	 1	 -46.4577	  176.3667
12.959	 2.62	 1	 -42.6014	  173.8055
12.959	 2.33	 2	 -45.2879	  170.2363
12.960	 2.60	 1	 -43.6281	  173.8590
12.970	 2.46	 1	 -38.6865	  175.8008
12.973	 2.92	 1	 -44.1831	  173.0388
13.005	 2.08	 1	 -40.7039	  169.9272
13.008	 3.66	 2	 -42.8990	  170.0599
13.013	 2.36	 1	 -42.4840	  171.8851
13.023	 3.15	 1	 -42.0302	  172.8847
13.029	 2.31	 1	 -43.2852	  171.4982
13.029	 2.74	 1	 -43.5945	  175.7719
13.048	 2.89	 1	 -38.2296	  173.7690
13.055	 2.21	 1	 -42.1859	  173.5318
13.069	 2.16	 1	 -46.7735	  175.5911
13.070	 2.06	 1	 -43.3097	  172.6479
13.083	 2.43	 1	 -45.7566	  177.4997
13.102	 2.36	 1	 -42.1535	  174.1422
13.103	 2.36	 1	 -43.6011	  173.8001
13.114	 2.01	 1	 -43.3391	  172.3494
13.121	 2.12	 1	 -41.6138	  174.3049
13.127	 2.33	 1	 -42.6803	  169.0190
13.131	 2.12	 1	 -42.4893	  173.6731
13.142	 2.87	 1	 -42.6179	  174.8017
13.151	 2.31	 1	 -43.4424	  171.7762
13.198	 2.09	 1	 -43.0369	  171.0578
13.202	 2.06	 1	 -43.1253	  172.7667
13.207	 2.26	 1	 -42.3894	  174.4803
13.207	 2.11	 1	 -40.4183	  170.4907
13.218	 2.05	 1	 -43.5485	  176.6784
13.254	 2.52	 2	 -42.1112	  174.6037
13.255	 2.76	 1	 -44.1850	  172.9095
13.284	 2.16	 1	 -43.9367	  174.1538
13.313	 2.69	 1	 -41.7263	  171.3993
13.344	 2.37	 1	 -39.7770	  168.6549
13.352	 2.42	 1	 -42.6240	  167.3163
13.358	 2.11	 1	 -41.6726	  174.2194
13.368	 2.07	 1	 -42.4780	  175.1557
13.371	 2.19	 1	 -43.3097	  175.2121
13.387	 2.12	 1	 -46.4305	  176.4227
13.401	 2.16	 1	 -42.2956	  172.6142
13.451	 2.20	 1	 -42.2426	  172.2798
13.452	 2.05	 1	 -45.0043	  172.8548
13.467	 2.54	 1	 -42.9846	  173.6991
13.506	 2.14	 1	 -42.2455	  173.1715
13.527	 2.29	 1	 -43.5484	  174.3227
13.528	 2.06	 1	 -47.0743	  171.6486
13.529	 2.27	 1	 -45.3658	  168.1029
13.534	 2.02	 1	 -41.8985	  172.3267
13.547	 6.59	 1	 -42.5115	  174.7969
13.547	 2.02	 2	 -42.4057	  174.8697
13.547	 2.03	 2	 -42.5529	  174.7199
13.547	 2.10	 2	 -42.3944	  174.7129
13.547	 2.11	 2	 -42.5891	  174.9155
13.548	 2.26	 2	 -42.5104	  175.0706
13.548	 2.24	 2	 -42.3870	  174.7997
13.548	 2.09	 2	 -42.5327	  174.8011
13.548	 2.97	 2	 -42.9384	  175.0605
13.548	 3.16	 2	 -42.3686	  174.8666
13.548	 2.07	 2	 -42.3281	  174.7294
13.548	 2.34	 2	 -43.0751	  174.2157
13.548	 3.56	 2	 -42.6273	  174.7380
13.548	 2.61	 2	 -42.5840	  174.7742
13.548	 2.37	 2	 -42.9147	  174.8016
13.548	 2.83	 2	 -42.6803	  175.3370
13.548	 2.13	 2	 -42.2163	  175.6461
13.548	 2.69	 2	 -43.1180	  175.0963
13.548	 2.97	 2	 -42.4957	  174.8102
13.548	 2.01	 2	 -42.2461	  174.5256
13.548	 2.86	 2	 -42.5406	  174.8114
13.549	 4.39	 2	 -42.2925	  174.7266
13.549	 3.19	 2	 -42.6889	  174.8619
13.549	 2.54	 2	 -42.2904	  174.9312
13.549	 2.19	 2	 -42.3959	  174.6819
13.549	 2.01	 2	 -43.0274	  174.4973
13.549	 2.24	 2	 -42.5738	  174.7304
13.549	 2.39	 2	 -42.6815	  174.5868
13.549	 2.04	 2	 -42.5680	  174.8564
13.549	 2.52	 2	 -42.5902	  174.7561
13.549	 3.56	 2	 -42.4559	  174.8290
13.549	 2.09	 2	 -42.5765	  174.7331
13.549	 2.56	 2	 -42.4181	  174.9987
13.549	 2.28	 2	 -42.0018	  175.4714
13.549	 2.10	 2	 -42.6435	  177.4179
13.550	 2.56	 2	 -42.4758	  174.7800
13.550	 2.05	 2	 -42.4405	  174.7493
13.550	 2.03	 2	 -42.3784	  174.9259
13.550	 2.65	 2	 -42.4885	  174.6372
13.550	 2.72	 2	 -42.4760	  174.7248
13.550	 2.35	 2	 -42.4207	  174.9015
13.551	 2.40	 2	 -42.5438	  174.9260
13.551	 2.22	 2	 -42.4191	  175.0001
13.551	 2.46	 2	 -42.5074	  174.8115
13.551	 2.42	 2	 -42.4349	  174.7086
13.551	 2.72	 2	 -39.1625	  178.8676
13.551	 2.05	 2	 -41.6478	  174.9752
13.551	 3.36	 2	 -42.5381	  175.0288
13.551	 2.12	 2	 -42.4858	  174.7320
13.551	 2.08	 2	 -42.4689	  174.5849
13.552	 2.18	 2	 -42.5286	  174.6563
13.552	 2.01	 2	 -42.6111	  174.6323
13.552	 2.25	 2	 -42.4577	  174.6190
13.552	 2.93	 2	 -42.2034	  174.5283
13.552	 3.53	 2	 -42.6240	  174.9280
13.552	 3.30	 2	 -42.2302	  174.0951
13.552	 2.31	 2	 -42.4581	  174.7949
13.552	 2.32	 2	 -42.6310	  174.7453
13.552	 4.67	 2	 -44.6166	  176.0385
13.552	 2.15	 2	 -42.6218	  173.8156
13.552	 2.14	 2	 -42.6201	  174.6866
13.552	 3.46	 2	 -42.6667	  174.8710
13.553	 2.14	 2	 -42.5901	  174.8131
13.553	 2.48	 2	 -42.7488	  174.5434
13.553	 2.03	 2	 -42.5336	  174.9114
13.553	 2.13	 2	 -42.5650	  174.7752
13.553	 2.52	 2	 -42.5252	  174.4544
13.553	 2.39	 2	 -42.5214	  174.9100
13.553	 2.09	 2	 -43.0191	  175.8424
13.553	 2.07	 2	 -42.4769	  174.9344
13.553	 2.74	 2	 -42.4862	  175.0202
13.553	 2.17	 1	 -42.1813	  174.8871
13.553	 2.05	 2	 -42.6774	  174.9166
13.554	 2.47	 2	 -42.4407	  174.8488
13.554	 2.18	 2	 -38.5242	  171.9768
13.554	 2.16	 2	 -42.5620	  174.7911
13.554	 2.83	 2	 -42.4967	  175.3262
13.554	 2.91	 2	 -42.9135	  175.9034
13.554	 2.45	 2	 -42.4351	  174.6847
13.554	 2.75	 2	 -42.4664	  174.5563
13.554	 2.19	 2	 -42.1636	  173.5758
13.554	 2.25	 2	 -42.5318	  174.9492
13.555	 3.02	 2	 -42.5598	  174.9209
13.555	 3.06	 2	 -41.7531	  175.4443
13.555	 2.22	 2	 -42.4614	  174.5667
13.555	 2.56	 2	 -42.6225	  174.7711
13.555	 3.43	 2	 -42.8162	  174.9581
13.555	 2.06	 2	 -42.5036	  174.7830
13.555	 3.36	 2	 -42.2904	  174.9128
13.556	 2.01	 2	 -42.4328	  174.8726
13.556	 2.15	 2	 -42.3801	  174.6796
13.556	 2.68	 2	 -42.5067	  174.9152
13.556	 2.91	 2	 -42.5629	  174.8473
13.556	 2.19	 2	 -42.5223	  174.8933
13.556	 2.17	 2	 -42.9711	  174.5158
13.556	 3.28	 2	 -42.5761	  174.9960
13.556	 2.43	 2	 -42.3123	  174.7198
13.556	 2.18	 2	 -42.6269	  174.5710
13.557	 2.05	 2	 -39.3574	  170.4492
13.557	 2.37	 2	 -42.5524	  174.9135
13.557	 3.04	 2	 -42.4657	  174.7464
13.557	 2.34	 2	 -41.1917	  176.6279
13.557	 2.16	 2	 -42.2069	  174.4750
13.558	 2.01	 3	 -42.6339	  174.9239
13.558	 2.47	 2	 -42.5056	  174.8745
13.558	 2.15	 2	 -42.6185	  175.0050
13.558	 2.97	 2	 -42.2118	  175.8306
13.558	 2.51	 2	 -42.3175	  174.9837
13.558	 2.13	 2	 -42.5235	  174.7708
13.558	 2.67	 2	 -42.5963	  174.7499
13.558	 2.69	 2	 -42.4471	  174.7455
13.558	 2.08	 2	 -42.6195	  174.7223
13.559	 2.83	 2	 -42.5980	  174.9583
13.559	 2.47	 2	 -42.5047	  175.0766
13.559	 2.64	 2	 -42.6499	  174.7227
13.559	 2.17	 2	 -42.4774	  174.8851
13.559	 2.62	 2	 -42.5940	  174.7832
13.559	 2.10	 2	 -39.3566	  179.1436
13.560	 2.40	 2	 -41.7869	  174.2645
13.560	 2.45	 2	 -42.4836	  175.3758
13.560	 2.55	 2	 -42.4643	  174.8859
13.561	 2.73	 3	 -42.7703	  174.5592
13.561	 2.18	 2	 -42.4371	  174.6252
13.561	 2.35	 2	 -42.5109	  174.7639
13.561	 2.57	 2	 -42.4768	  174.8183
13.562	 2.26	 2	 -42.6695	  174.6945
13.562	 2.15	 2	 -42.5166	  174.9167
13.562	 2.07	 2	 -42.7695	  174.1708
13.563	 2.51	 2	 -42.5500	  174.8560
13.563	 2.39	 2	 -42.1182	  174.9338
13.563	 2.28	 2	 -42.4501	  174.7835
13.564	 2.29	 3	 -44.6009	  176.1243
13.564	 2.18	 3	 -42.4473	  174.7454
13.565	 2.14	 2	 -41.8664	  174.9632
13.566	 3.89	 2	 -42.3850	  174.7829
13.566	 2.30	 2	 -42.4265	  174.8396
13.567	 2.28	 2	 -42.3320	  174.7399
13.567	 2.12	 2	 -42.6027	  174.9862
13.567	 4.15	 2	 -42.4234	  174.8988
13.567	 2.59	 2	 -42.4718	  174.8701
13.567	 2.01	 2	 -42.4459	  175.0813
13.568	 2.42	 2	 -42.5302	  174.7836
13.568	 2.25	 2	 -44.6839	  176.0820
13.569	 2.74	 2	 -42.4071	  174.8054
13.569	 3.29	 3	 -44.6100	  175.9772
13.570	 2.06	 2	 -42.5280	  174.8545
13.570	 2.17	 2	 -42.5103	  174.7625
13.570	 2.02	 2	 -42.1260	  175.0419
13.570	 2.60	 2	 -44.2631	  175.7042
13.570	 2.68	 2	 -42.6427	  174.9475
13.570	 2.10	 2	 -42.3812	  174.7061
13.571	 2.04	 2	 -42.5051	  174.8515
13.571	 2.04	 2	 -42.4627	  174.7137
13.572	 2.78	 2	 -42.6262	  173.6963
13.572	 2.25	 2	 -42.4176	  174.4671
13.573	 2.29	 2	 -42.3934	  175.0605
13.573	 2.44	 2	 -42.4890	  174.6267
13.573	 2.06	 2	 -38.1370	  176.2093
13.573	 2.03	 2	 -42.5942	  174.7861
13.574	 2.40	 2	 -42.7404	  174.7034
13.574	 2.08	 2	 -42.4894	  174.8558
13.574	 2.74	 1	 -45.7217	  173.2325
13.574	 2.20	 2	 -42.6827	  174.3915
13.575	 2.48	 2	 -42.4644	  174.8549
13.576	 3.55	 2	 -42.3254	  174.7125
13.576	 2.18	 2	 -42.2336	  175.3392
13.577	 2.08	 2	 -43.5588	  173.9337
13.577	 2.10	 2	 -42.4675	  174.9031
13.577	 2.25	 3	 -42.4277	  174.8751
13.577	 2.09	 2	 -42.3466	  174.8195
13.577	 2.50	 2	 -42.2322	  174.8388
13.578	 2.55	 2	 -42.9821	  174.1082
13.578	 2.21	 2	 -42.6598	  174.7952
13.578	 2.51	 2	 -40.0304	  171.2295
13.578	 2.16	 2	 -42.4736	  174.9177
13.579	 2.11	 2	 -42.5083	  174.7158
13.579	 2.09	 2	 -42.2499	  174.9353
13.579	 2.24	 2	 -42.6553	  174.6623
13.580	 2.03	 2	 -42.4780	  174.7300
13.580	 2.56	 2	 -42.3116	  174.6719
13.581	 2.39	 2	 -42.0902	  174.7489
13.581	 2.63	 1	 -41.3053	  170.5091
13.581	 2.79	 2	 -42.4036	  174.8552
13.582	 2.04	 2	 -42.5752	  174.4839
13.583	 2.08	 2	 -42.5972	  174.7056
13.583	 2.07	 2	 -42.8912	  174.7463
13.583	 2.55	 3	 -42.6199	  173.6965
13.583	 2.28	 2	 -42.3658	  174.2598
13.583	 2.16	 2	 -42.8190	  174.2189
13.583	 4.02	 2	 -42.8035	  174.7758
13.584	 2.56	 2	 -42.5051	  174.7443
13.584	 2.02	 2	 -42.3571	  174.7719
13.584	 2.69	 2	 -42.3883	  175.4544
13.584	 2.76	 2	 -42.3180	  174.9966
13.585	 3.05	 2	 -42.4871	  174.8387
13.586	 2.10	 2	 -42.4908	  174.5435
13.587	 2.14	 2	 -42.4887	  174.8875
13.587	 2.40	 2	 -42.5833	  175.0573
13.588	 2.03	 2	 -42.7232	  175.9257
13.588	 2.30	 2	 -44.2675	  172.6544
13.589	 3.53	 2	 -42.5408	  172.9251
13.589	 2.25	 2	 -42.5726	  174.6431
13.589	 2.43	 2	 -42.5810	  174.7252
13.589	 2.95	 2	 -42.6087	  175.0612
13.589	 2.07	 2	 -42.4790	  175.0701
13.589	 2.10	 3	 -42.4302	  174.9057
13.589	 2.29	 2	 -42.6357	  174.4289
13.590	 2.08	 3	 -42.5499	  172.9299
13.590	 2.06	 2	 -42.3662	  174.5770
13.591	 2.86	 2	 -42.7122	  174.8221
13.591	 2.31	 2	 -41.1151	  177.9600
13.593	 2.16	 2	 -44.7751	  169.5261
13.593	 2.84	 2	 -42.5792	  174.8422
13.594	 2.04	 2	 -42.4852	  174.8608
13.595	 2.41	 2	 -42.3400	  174.8083
13.595	 2.28	 2	 -43.2300	  174.7412
13.597	 2.83	 3	 -42.5534	  174.9122
13.597	 2.26	 2	 -42.4956	  174.9300
13.598	 2.60	 2	 -42.8392	  174.7043
13.598	 2.24	 2	 -42.6469	  175.1244
13.598	 2.39	 2	 -42.6066	  174.7943
13.600	 2.22	 2	 -42.3205	  174.9056
13.600	 2.43	 2	 -42.5502	  174.7073
13.600	 2.39	 2	 -42.5260	  174.9190
13.600	 2.89	 2	 -42.3181	  174.3515
13.601	 2.21	 2	 -42.7606	  174.8136
13.601	 2.04	 2	 -42.5256	  174.7593
13.601	 2.05	 2	 -42.5306	  174.8636
13.601	 2.04	 2	 -42.5644	  174.9154
13.602	 2.18	 2	 -45.0668	  174.9601
13.602	 3.19	 2	 -42.5602	  174.8621
13.603	 2.01	 2	 -42.5207	  175.1878
13.603	 2.11	 2	 -42.5411	  174.9834
13.604	 2.42	 2	 -42.3475	  174.8994
13.604	 2.41	 2	 -40.8869	  173.9395
13.605	 2.23	 2	 -42.5655	  175.0354
13.605	 2.40	 2	 -42.5777	  174.8121
13.607	 2.01	 2	 -43.4389	  173.5342
13.608	 2.40	 2	 -42.5157	  174.8655
13.608	 2.02	 2	 -43.0726	  174.3209
13.611	 2.01	 2	 -42.6763	  174.9261
13.612	 2.56	 2	 -42.5451	  174.7732
13.614	 2.36	 2	 -43.6605	  175.2654
13.614	 2.13	 2	 -42.3293	  174.4461
13.614	 2.25	 2	 -42.4855	  174.9038
13.614	 2.29	 2	 -42.6454	  174.8019
13.616	 2.53	 2	 -42.5621	  174.4556
13.617	 2.73	 2	 -42.6149	  174.6169
13.621	 2.26	 2	 -42.3397	  174.8679
13.622	 2.14	 2	 -42.3609	  174.9491
13.623	 2.23	 2	 -42.3594	  175.0501
13.624	 2.13	 2	 -42.3330	  175.0108
13.625	 2.09	 2	 -42.4750	  174.8402
13.627	 2.34	 2	 -42.4887	  174.9450
13.630	 2.01	 2	 -42.5749	  174.6531
13.630	 2.62	 1	 -42.8762	  168.5590
13.631	 2.01	 3	 -42.3252	  174.7522
13.632	 2.15	 2	 -42.5663	  174.7762
13.632	 2.41	 2	 -42.6007	  174.9997
13.633	 2.05	 2	 -42.3756	  174.6196
13.633	 2.39	 1	 -42.7842	  172.2899
13.634	 2.73	 2	 -42.4812	  174.7624
13.636	 2.62	 1	 -41.8249	  174.3100
13.636	 3.47	 2	 -42.9330	  174.2065
13.640	 2.77	 2	 -42.4511	  174.7274
13.640	 2.50	 1	 -38.2638	  171.9629
13.640	 2.21	 2	 -41.9939	  173.7711
13.643	 2.34	 2	 -42.5677	  174.7896
13.644	 2.04	 2	 -42.1095	  174.8588
13.645	 2.11	 2	 -42.5271	  173.5155
13.646	 2.44	 2	 -44.2395	  173.1082
13.647	 3.52	 2	 -42.5895	  174.7289
13.649	 3.06	 2	 -42.6682	  174.8603
13.649	 2.23	 2	 -42.7161	  175.0468
13.651	 3.94	 2	 -42.3647	  174.3645
13.652	 2.18	 2	 -42.3940	  174.8662
13.652	 2.01	 2	 -42.5038	  174.8692
13.653	 2.05	 3	 -41.5549	  175.5750
13.654	 2.40	 2	 -42.3037	  174.8048
13.655	 2.00	 2	 -42.3426	  174.9111
13.659	 2.25	 2	 -42.4767	  174.7570
13.661	 2.11	 3	 -42.3329	  174.3626
13.661	 2.75	 1	 -40.6085	  171.3300
13.661	 3.37	 4	 -42.3370	  174.3620
13.661	 3.18	 3	 -42.6225	  174.6822
13.667	 2.39	 2	 -42.4432	  174.9372
13.670	 2.02	 2	 -42.3406	  174.6441
13.671	 3.42	 2	 -42.5967	  174.9777
13.671	 2.67	 2	 -42.4982	  174.6768
13.672	 2.26	 2	 -42.4381	  174.7273
13.674	 2.02	 1	 -42.1437	  174.0381
13.675	 2.10	 2	 -42.5587	  177.8164
13.678	 2.40	 2	 -42.5014	  174.8894
13.680	 2.19	 2	 -42.5049	  174.7015
13.681	 2.07	 2	 -42.5360	  174.7050
13.681	 2.09	 3	 -42.3169	  174.9973
13.681	 2.37	 1	 -43.5646	  177.1218
13.681	 2.21	 2	 -44.3251	  174.2043
13.681	 3.03	 1	 -45.6971	  176.1340
13.684	 2.24	 2	 -42.5660	  174.7504
13.684	 2.81	 3	 -42.3212	  174.7215
13.688	 2.28	 2	 -42.6460	  174.8695
13.692	 2.39	 2	 -41.5590	  175.9158
13.692	 3.14	 2	 -42.5594	  174.7701
13.696	 2.44	 2	 -42.5638	  175.0865
13.697	 2.11	 2	 -42.7073	  175.0671
13.697	 2.05	 2	 -42.6161	  174.8976
13.698	 2.02	 2	 -42.5544	  174.7499
13.700	 2.27	 1	 -42.3534	  173.5856
13.703	 2.75	 2	 -42.5808	  174.2543
13.703	 2.00	 2	 -42.4653	  174.3074
13.704	 2.47	 2	 -42.4438	  174.6050
13.706	 2.10	 2	 -42.4991	  174.6634
13.706	 2.57	 2	 -39.0978	  170.8264
13.707	 2.15	 2	 -42.7426	  174.9048
13.712	 2.20	 2	 -42.4606	  174.7535
13.713	 2.02	 2	 -42.5655	  174.8217
13.716	 2.79	 2	 -42.5844	  174.7094
13.719	 2.94	 1	 -41.5072	  175.4932
13.723	 2.63	 2	 -42.5858	  175.4350
13.724	 2.38	 2	 -42.1385	  174.6592
13.732	 2.10	 1	 -44.5232	  178.2034
13.735	 2.27	 2	 -42.7434	  175.1434
13.736	 2.05	 2	 -42.5076	  174.6936
13.736	 2.31	 2	 -42.4871	  174.7106
13.737	 2.17	 2	 -42.8673	  174.0580
13.737	 2.23	 1	 -45.7337	  172.2380
13.740	 2.39	 2	 -42.2707	  174.7032
13.740	 2.10	 1	 -42.7116	  172.7076
13.741	 2.30	 2	 -42.5200	  174.2513
13.745	 2.15	 1	 -41.9916	  174.5020
13.746	 2.33	 2	 -42.5545	  174.7327
13.752	 2.26	 2	 -42.5224	  175.0878
13.752	 2.40	 2	 -42.2796	  174.5474
13.754	 2.02	 2	 -42.8433	  174.4463
13.766	 3.14	 2	 -42.1027	  175.2843
13.766	 2.07	 2	 -42.5316	  174.8031
13.771	 2.29	 2	 -42.5565	  174.7971
13.774	 2.24	 2	 -42.4634	  174.7365
13.778	 2.05	 2	 -42.5195	  174.7985
13.779	 2.04	 1	 -38.5318	  175.3421
13.785	 2.10	 2	 -42.2362	  174.8024
13.797	 2.33	 2	 -42.5912	  170.5874
13.798	 3.29	 1	 -42.8357	  172.3268
13.800	 2.01	 2	 -42.6819	  174.5621
13.801	 2.34	 2	 -42.3786	  175.0859
13.804	 2.69	 2	 -42.5862	  174.8309
13.804	 2.43	 2	 -43.8334	  176.3523
13.804	 2.72	 2	 -38.1538	  176.3017
13.814	 2.60	 2	 -42.4582	  174.7601
13.817	 2.24	 2	 -39.1672	  177.1837
13.818	 2.15	 2	 -42.5344	  174.6553
13.823	 2.71	 1	 -42.1782	  172.9797
13.824	 2.46	 2	 -42.5091	  175.0481
13.827	 2.23	 2	 -42.4456	  174.7995
13.828	 2.15	 1	 -45.7311	  174.4841
13.830	 3.59	 2	 -45.1977	  173.1112
13.830	 2.03	 1	 -42.6810	  169.0522
13.833	 2.42	 2	 -42.5551	  174.8694
13.834	 2.20	 1	 -41.9331	  175.6024
13.835	 2.77	 1	 -43.8961	  176.0060
13.836	 2.30	 3	 -42.5593	  174.9172
13.841	 2.30	 2	 -43.5951	  175.7706
13.846	 2.09	 2	 -42.5037	  174.6861
13.848	 2.11	 2	 -42.4259	  174.8905
13.855	 2.21	 2	 -42.5105	  174.8914
13.855	 2.55	 2	 -44.0032	  177.6879
13.856	 2.31	 2	 -42.4638	  174.8325
13.868	 2.39	 2	 -42.2579	  174.0137
13.882	 2.33	 2	 -42.5378	  174.6080
13.885	 2.26	 1	 -43.8677	  172.0506
13.887	 2.25	 2	 -42.4629	  174.8568
13.888	 2.70	 2	 -42.4452	  174.3454
13.893	 2.28	 3	 -42.5617	  174.7540
13.900	 2.73	 2	 -43.0182	  173.4970
13.907	 2.01	 1	 -42.8166	  172.5232
13.909	 2.05	 1	 -41.8822	  173.7929
13.909	 2.16	 1	 -41.9459	  173.9439
13.916	 2.01	 1	 -42.9134	  173.8418
13.916	 2.18	 1	 -40.9324	  167.3925
13.916	 2.88	 2	 -42.6910	  174.6349
13.928	 2.25	 2	 -42.4169	  174.7603
13.929	 2.17	 2	 -42.4556	  174.9984
13.929	 2.85	 1	 -43.1046	  172.4389
13.929	 2.06	 2	 -42.4661	  174.2918
13.933	 2.01	 2	 -42.2569	  174.4073
13.946	 2.18	 1	 -41.5308	  173.5522
13.947	 2.68	 2	 -42.5321	  174.8834
13.955	 2.42	 2	 -46.9398	  175.8557
13.969	 2.40	 1	 -44.5475	  174.9441
13.973	 3.11	 1	 -41.6375	  172.4412
13.976	 2.63	 2	 -42.6359	  175.0194
13.989	 2.12	 1	 -44.1116	  174.3901
13.990	 2.11	 2	 -42.4630	  174.2012
