# Simulation 314
# RelativeTime(days) Magnitude Generation Latitude Longitude
Time Mag Gen Lat Lon
7.001	 2.07	 1	 -47.1875	  173.1885
7.012	 2.04	 1	 -44.8774	  170.8214
7.030	 2.04	 1	 -38.9455	  169.6400
7.044	 2.19	 1	 -41.8292	  173.1956
7.053	 2.02	 1	 -41.5074	  178.9236
7.055	 2.46	 1	 -38.8579	  173.6715
7.062	 2.44	 1	 -39.0780	  175.3598
7.066	 2.15	 1	 -38.4348	  171.0546
7.067	 2.53	 1	 -42.0188	  166.9734
7.069	 3.09	 1	 -42.6619	  170.1744
7.075	 2.14	 1	 -41.1654	  171.4047
7.081	 2.52	 1	 -41.5422	  171.6847
7.082	 2.43	 1	 -42.0730	  168.7399
7.083	 2.00	 2	 -41.5637	  171.7370
7.087	 2.05	 1	 -44.0061	  178.8731
7.090	 2.52	 1	 -43.5344	  167.0125
7.092	 2.31	 1	 -38.3360	  171.5070
7.094	 2.42	 1	 -39.6946	  174.4292
7.107	 2.04	 1	 -42.0939	  169.2743
7.108	 2.50	 1	 -42.4671	  170.6782
7.114	 2.30	 1	 -42.7795	  179.1388
7.115	 2.57	 1	 -46.7922	  170.5090
7.117	 2.47	 1	 -41.3871	  167.1678
7.124	 2.05	 1	 -41.3783	  172.5556
7.128	 2.35	 1	 -42.0700	  174.0605
7.135	 2.00	 1	 -44.1370	  169.0547
7.137	 2.99	 1	 -43.8641	  176.8737
7.159	 3.13	 1	 -43.1948	  179.1017
7.184	 2.10	 1	 -46.5910	  171.8140
7.196	 3.18	 1	 -47.1135	  171.9045
7.213	 2.21	 1	 -40.2891	  173.0524
7.214	 2.41	 1	 -38.1960	  173.0603
7.224	 2.29	 1	 -46.4675	  176.3461
7.231	 3.44	 1	 -38.3808	  174.7581
7.254	 2.55	 1	 -42.4184	  172.6538
7.263	 2.43	 1	 -41.5347	  173.1156
7.275	 2.26	 1	 -44.7938	  167.6134
7.282	 2.29	 1	 -42.6037	  173.8486
7.283	 2.68	 1	 -38.5011	  175.2374
7.286	 2.13	 1	 -42.4641	  173.5988
7.286	 2.40	 1	 -41.8262	  174.7557
7.286	 2.25	 1	 -47.1875	  172.8587
7.293	 3.11	 1	 -46.6261	  170.0580
7.296	 2.13	 1	 -42.2942	  173.6979
7.310	 2.19	 1	 -47.1449	  172.3315
7.312	 2.68	 1	 -44.9916	  171.6483
7.313	 3.52	 1	 -43.3440	  173.3016
7.316	 2.28	 1	 -39.5090	  172.5108
7.326	 2.98	 1	 -42.6806	  171.9581
7.337	 2.00	 1	 -41.1973	  171.9543
7.343	 2.21	 1	 -44.2190	  167.2676
7.345	 2.27	 1	 -45.0931	  169.8157
7.347	 2.50	 1	 -44.4795	  171.1816
7.351	 2.15	 1	 -43.0897	  175.6558
7.355	 2.26	 1	 -46.3787	  176.3505
7.363	 2.17	 1	 -43.2359	  172.3570
7.364	 2.06	 1	 -41.8631	  169.9341
7.367	 2.14	 1	 -45.1284	  177.1303
7.388	 2.36	 1	 -42.5561	  171.4393
7.389	 2.62	 1	 -39.8702	  170.2000
7.398	 2.26	 1	 -41.9358	  174.7684
7.398	 2.23	 1	 -39.9335	  168.1913
7.400	 2.00	 1	 -40.4907	  167.6880
7.406	 3.28	 1	 -43.2945	  174.8567
7.409	 2.41	 1	 -39.7141	  177.6054
7.416	 3.26	 1	 -43.7811	  172.3669
7.424	 2.17	 1	 -41.6890	  172.1104
7.426	 2.07	 1	 -38.7811	  170.0044
7.430	 2.43	 1	 -43.0846	  171.4840
7.434	 2.21	 1	 -38.9517	  170.7619
7.436	 2.86	 1	 -42.6645	  179.1398
7.461	 2.36	 1	 -42.5837	  173.1942
7.462	 3.75	 1	 -38.2888	  171.7852
7.463	 2.01	 1	 -43.9492	  169.2648
7.463	 2.36	 1	 -42.1339	  172.7021
7.469	 2.10	 1	 -47.0013	  174.7719
7.474	 2.10	 1	 -42.2942	  172.1758
7.475	 2.13	 1	 -41.0263	  174.2059
7.488	 2.31	 1	 -47.1891	  173.0516
7.490	 2.17	 1	 -44.7577	  178.4565
7.512	 2.39	 1	 -38.2049	  173.4091
7.517	 2.04	 1	 -47.1720	  173.5566
7.523	 2.15	 1	 -42.9332	  171.6575
7.523	 2.40	 1	 -43.2204	  170.3363
7.527	 3.15	 1	 -46.4980	  176.2812
7.542	 2.34	 1	 -46.2181	  170.8835
7.547	 2.13	 1	 -38.1959	  173.0105
7.550	 2.60	 1	 -44.1285	  170.8821
7.552	 2.74	 1	 -40.2879	  170.6856
7.554	 2.12	 1	 -46.5385	  176.1918
7.561	 2.30	 1	 -42.8590	  175.3793
7.565	 2.94	 1	 -42.4196	  168.8619
7.568	 2.28	 1	 -42.3787	  173.3345
7.569	 2.01	 1	 -42.9521	  175.6726
7.578	 2.13	 1	 -44.8526	  167.6565
7.582	 2.05	 1	 -43.5174	  173.9265
7.588	 3.81	 1	 -43.2747	  172.9211
7.595	 2.26	 1	 -38.2972	  174.3132
7.603	 2.22	 1	 -42.4161	  169.7582
7.607	 2.03	 1	 -43.4285	  173.7525
7.609	 2.06	 1	 -40.4823	  173.5589
7.613	 2.64	 1	 -38.2114	  172.5153
7.617	 2.27	 1	 -40.1220	  172.4615
7.635	 2.28	 1	 -38.1997	  172.7705
7.637	 2.13	 1	 -40.7201	  172.3711
7.642	 2.15	 1	 -46.6188	  176.0040
7.645	 2.79	 1	 -44.8835	  171.2764
7.649	 3.46	 1	 -43.9587	  167.1519
7.649	 2.55	 1	 -41.7975	  174.3019
7.656	 2.08	 1	 -40.5408	  175.4454
7.664	 2.43	 1	 -38.7192	  170.1579
7.665	 2.53	 1	 -44.1938	  167.2554
7.682	 2.16	 1	 -45.2998	  168.0377
7.690	 2.06	 1	 -40.8320	  174.5192
7.691	 2.28	 1	 -44.5430	  178.5979
7.705	 2.26	 1	 -46.5221	  169.8158
7.706	 2.02	 1	 -46.7267	  171.6139
7.712	 4.02	 1	 -41.7158	  174.3334
7.715	 2.27	 1	 -42.7432	  171.3216
7.718	 2.55	 1	 -41.9104	  170.7970
7.721	 2.20	 1	 -41.6660	  172.0171
7.734	 2.64	 1	 -46.4529	  169.6677
7.740	 2.66	 1	 -41.5156	  175.2862
7.755	 2.33	 1	 -42.9022	  176.3370
7.758	 2.01	 1	 -45.9893	  177.1826
7.775	 2.54	 1	 -38.6619	  170.3100
7.787	 2.06	 1	 -41.7930	  172.5455
7.796	 2.16	 1	 -40.0741	  174.2378
7.804	 2.22	 1	 -43.6107	  173.9057
7.806	 2.09	 1	 -43.5182	  174.7486
7.812	 2.10	 1	 -42.6471	  172.9920
7.813	 2.02	 1	 -42.1711	  171.4297
7.817	 2.13	 1	 -44.6856	  167.5381
7.831	 2.23	 1	 -38.2230	  173.6925
7.834	 2.17	 1	 -41.0222	  176.5416
7.836	 2.62	 1	 -39.7734	  173.9927
7.846	 2.26	 1	 -43.5207	  174.0280
7.849	 2.00	 1	 -43.8968	  178.3302
7.857	 2.06	 1	 -44.0466	  167.1883
7.858	 2.38	 1	 -47.0398	  171.4588
7.882	 2.25	 1	 -42.0520	  179.0775
7.888	 2.03	 1	 -42.4132	  171.4392
7.890	 2.67	 1	 -41.5820	  173.3033
7.892	 2.43	 1	 -44.2355	  175.7232
7.905	 2.52	 1	 -38.4231	  174.9422
7.908	 2.60	 1	 -44.3328	  172.3939
7.912	 2.05	 2	 -43.5639	  173.6445
7.912	 2.10	 1	 -45.9600	  168.8191
7.915	 2.04	 1	 -41.7024	  174.8058
7.916	 2.40	 1	 -38.6346	  170.3865
7.921	 2.01	 1	 -44.5064	  167.4241
7.924	 2.53	 1	 -41.4417	  169.3675
7.940	 2.20	 1	 -39.9027	  175.9814
7.946	 2.24	 1	 -43.7089	  172.7305
7.951	 2.09	 1	 -45.4727	  168.3853
7.957	 2.66	 1	 -45.1515	  171.0501
7.958	 2.37	 1	 -45.3570	  170.9307
7.965	 2.25	 1	 -45.0261	  178.2516
7.965	 2.27	 1	 -38.3518	  174.6189
7.970	 2.19	 1	 -45.6105	  169.1862
7.977	 2.79	 2	 -44.2321	  175.7218
7.977	 2.28	 1	 -42.6151	  172.9891
7.977	 2.09	 1	 -45.5075	  168.4845
7.980	 2.46	 1	 -41.7293	  171.4572
7.981	 2.32	 1	 -41.5811	  167.0942
7.981	 2.03	 1	 -45.6324	  171.6635
7.984	 2.09	 1	 -43.4897	  179.0430
7.985	 2.12	 1	 -41.1859	  170.8777
7.991	 2.55	 1	 -43.2726	  179.0888
8.003	 2.29	 1	 -41.8016	  167.0256
8.007	 2.12	 1	 -40.4656	  178.3370
8.007	 2.26	 1	 -38.9282	  175.8712
8.009	 2.20	 1	 -39.2239	  175.4529
8.017	 3.40	 1	 -41.7764	  174.0831
8.017	 2.15	 1	 -43.3955	  170.7303
8.022	 2.31	 1	 -40.0571	  176.9629
8.028	 2.41	 1	 -40.6806	  172.5514
8.047	 2.39	 1	 -43.0740	  172.0761
8.055	 2.36	 1	 -47.1670	  172.4164
8.057	 2.16	 1	 -42.7703	  174.0354
8.058	 2.35	 1	 -40.0642	  168.5945
8.064	 2.76	 1	 -41.1096	  172.9215
8.076	 2.04	 1	 -43.9141	  178.9099
8.077	 2.64	 1	 -43.2914	  179.0854
8.080	 2.36	 1	 -42.1074	  172.5151
8.088	 2.15	 1	 -44.1235	  175.4834
8.106	 2.14	 1	 -44.7107	  178.4891
8.107	 2.48	 1	 -38.7590	  175.9864
8.118	 2.03	 1	 -41.1220	  173.8204
8.132	 2.04	 1	 -42.2769	  171.9715
8.142	 2.02	 1	 -42.6512	  174.2736
8.143	 2.11	 1	 -43.5921	  173.2196
8.150	 3.99	 1	 -46.8495	  170.6895
8.165	 2.04	 1	 -43.0814	  173.4584
8.167	 2.22	 1	 -38.7572	  175.9820
8.168	 2.66	 1	 -41.6532	  168.8804
8.168	 2.82	 1	 -38.3402	  174.5595
8.173	 2.14	 1	 -42.6429	  177.1190
8.175	 2.29	 1	 -38.1969	  173.1518
8.181	 2.49	 1	 -39.6159	  168.5606
8.185	 2.03	 1	 -41.8326	  175.0703
8.188	 2.05	 1	 -43.4990	  167.0035
8.194	 4.68	 1	 -42.3159	  166.9258
8.212	 2.09	 1	 -41.1371	  171.8350
8.234	 3.11	 1	 -45.6171	  169.9146
8.238	 2.15	 1	 -43.4229	  169.8720
8.240	 2.70	 1	 -46.8981	  175.1874
8.247	 2.88	 1	 -41.3596	  167.1793
8.249	 2.19	 1	 -43.3682	  178.4152
8.258	 2.01	 1	 -44.1149	  175.0863
8.269	 2.03	 1	 -44.0771	  178.8427
8.272	 2.61	 1	 -41.1911	  173.0345
8.274	 2.06	 1	 -46.3668	  173.2739
8.292	 2.11	 1	 -39.0332	  169.4667
8.300	 2.21	 1	 -42.6160	  179.1391
8.303	 2.25	 1	 -44.7141	  175.0448
8.317	 2.82	 1	 -44.4878	  170.2203
8.317	 2.10	 1	 -41.7691	  174.2989
8.318	 2.25	 1	 -46.4666	  169.6961
8.333	 5.52	 1	 -41.8215	  172.0094
8.334	 2.22	 1	 -43.3231	  175.6338
8.338	 2.15	 2	 -41.8085	  171.9979
8.342	 2.03	 2	 -41.8471	  172.0248
8.345	 2.57	 2	 -41.7727	  172.0181
8.345	 2.92	 2	 -41.7770	  171.9877
8.347	 2.03	 2	 -41.8396	  172.0450
8.349	 2.60	 2	 -41.9172	  171.9188
8.358	 2.00	 1	 -38.2717	  174.1403
8.362	 3.03	 1	 -41.1891	  174.0859
8.382	 2.44	 1	 -39.9921	  173.6329
8.386	 2.13	 1	 -45.2533	  170.0696
8.391	 2.27	 1	 -40.1735	  173.2733
8.399	 2.17	 2	 -41.8093	  171.9925
8.407	 2.86	 1	 -46.7414	  170.3609
8.411	 2.09	 1	 -41.8502	  169.1841
8.424	 2.06	 1	 -40.6535	  173.7803
8.424	 2.01	 2	 -41.8217	  172.0614
8.427	 3.15	 1	 -47.0090	  171.3081
8.454	 2.19	 1	 -39.9162	  177.8346
8.474	 3.67	 1	 -42.5366	  175.8615
8.483	 2.18	 1	 -44.3670	  170.0163
8.486	 2.05	 1	 -40.5438	  174.3161
8.491	 3.87	 1	 -46.5081	  176.2593
8.495	 2.06	 1	 -43.9850	  178.8818
8.514	 2.13	 1	 -41.4864	  167.1285
8.520	 3.07	 1	 -45.2230	  173.4671
8.529	 2.01	 1	 -44.4641	  172.7040
8.537	 2.33	 2	 -41.7398	  171.9253
8.545	 2.28	 1	 -42.6306	  171.6694
8.546	 2.63	 1	 -38.8283	  176.1506
8.556	 2.33	 1	 -46.8713	  170.7627
8.569	 2.25	 1	 -38.2429	  172.1402
8.573	 2.00	 1	 -47.0764	  174.3836
8.581	 2.01	 1	 -45.0733	  175.1596
8.596	 2.22	 1	 -38.5231	  170.7311
8.608	 3.03	 1	 -46.6124	  170.0247
8.610	 2.23	 1	 -39.3001	  173.4880
8.618	 2.00	 1	 -42.5438	  173.3546
8.620	 2.07	 1	 -44.1981	  167.2575
8.627	 2.07	 1	 -41.1298	  169.4962
8.627	 4.03	 1	 -42.2364	  178.4754
8.633	 3.02	 1	 -41.4126	  174.2601
8.640	 2.13	 1	 -41.6645	  175.2903
8.656	 2.01	 1	 -41.9551	  179.0571
8.660	 2.07	 1	 -41.4893	  174.1617
8.667	 2.34	 1	 -41.2112	  172.6738
8.667	 2.65	 1	 -42.9007	  173.8639
8.687	 2.13	 1	 -46.2432	  176.7760
8.691	 2.08	 1	 -43.8345	  168.1762
8.695	 2.96	 1	 -41.3085	  172.8012
8.708	 2.25	 1	 -43.2831	  171.4447
8.714	 2.15	 1	 -41.8782	  173.0587
8.716	 2.18	 1	 -45.1702	  174.3438
8.722	 3.03	 1	 -43.5887	  178.0216
8.732	 2.38	 1	 -38.9905	  174.4199
8.736	 2.19	 1	 -41.3852	  178.8757
8.736	 2.39	 1	 -47.1010	  171.8167
8.738	 2.06	 1	 -38.4349	  173.4188
8.745	 2.05	 1	 -38.8182	  176.1274
8.752	 2.47	 1	 -42.6737	  173.3301
8.753	 2.93	 1	 -41.0819	  174.6131
8.774	 2.09	 1	 -38.9296	  176.3714
8.800	 2.66	 1	 -42.6149	  170.3586
8.803	 2.37	 1	 -39.8266	  172.1417
8.808	 2.73	 1	 -44.1831	  174.0160
8.810	 2.46	 1	 -39.7989	  171.4512
8.814	 3.00	 1	 -43.0568	  178.8221
8.821	 2.16	 1	 -42.7372	  175.2881
8.827	 2.45	 1	 -44.5650	  173.8848
8.831	 2.13	 1	 -43.8191	  167.0994
8.833	 2.98	 1	 -42.6513	  173.8432
8.837	 2.12	 1	 -46.9964	  171.2504
8.858	 2.10	 1	 -45.4656	  168.2063
8.875	 2.22	 1	 -42.0127	  173.5362
8.877	 2.04	 1	 -46.6871	  171.1386
8.884	 2.41	 1	 -45.4495	  177.8551
8.896	 2.68	 1	 -41.1791	  175.6532
8.897	 2.99	 1	 -46.7530	  174.5108
8.899	 2.27	 1	 -44.8559	  168.7051
8.903	 2.93	 1	 -41.3785	  170.5858
8.925	 2.67	 1	 -42.0705	  172.2046
8.932	 2.28	 1	 -42.1925	  173.3804
8.945	 2.12	 1	 -46.6491	  173.2422
8.964	 2.15	 1	 -44.1452	  170.4562
8.970	 2.70	 1	 -43.0749	  173.7719
8.973	 3.01	 1	 -40.8690	  175.0486
8.978	 2.57	 1	 -46.1117	  169.0487
9.003	 4.03	 1	 -44.9380	  171.8065
9.008	 2.14	 1	 -42.6437	  166.9047
9.013	 3.14	 1	 -41.7756	  172.1406
9.027	 2.51	 1	 -40.8424	  171.7395
9.043	 2.71	 1	 -45.7504	  172.8511
9.048	 3.30	 1	 -43.4805	  168.2355
9.049	 2.08	 1	 -42.7811	  179.1388
9.066	 2.48	 1	 -39.8141	  177.5619
9.078	 2.40	 1	 -38.2827	  174.2183
9.089	 2.35	 1	 -46.3823	  176.5188
9.091	 2.22	 1	 -43.6708	  171.5156
9.092	 2.11	 1	 -43.8491	  170.9097
9.111	 3.53	 1	 -45.1837	  167.9290
9.124	 2.42	 1	 -39.6849	  168.4743
9.124	 2.76	 1	 -42.6147	  173.4120
9.125	 2.11	 1	 -41.5744	  172.3812
9.128	 3.14	 1	 -43.6069	  170.9875
9.133	 2.03	 1	 -38.6750	  175.7699
9.140	 2.27	 1	 -44.1468	  167.2331
9.145	 2.10	 1	 -43.8322	  171.9339
9.151	 2.11	 1	 -44.5577	  178.5888
9.151	 2.04	 1	 -39.3394	  168.9460
9.154	 2.35	 1	 -40.9688	  176.7706
9.154	 2.26	 1	 -45.0298	  168.0433
9.157	 2.51	 1	 -44.8832	  172.5355
9.165	 2.16	 1	 -43.4168	  174.3765
9.170	 2.00	 1	 -42.5433	  171.4447
9.178	 3.04	 1	 -44.9260	  176.7454
9.180	 2.48	 1	 -46.7327	  175.7077
9.185	 3.00	 1	 -41.7210	  174.1998
9.188	 2.01	 1	 -38.2033	  172.6710
9.193	 2.12	 1	 -47.1880	  172.8841
9.200	 2.25	 1	 -43.3220	  167.3159
9.215	 2.12	 1	 -44.7508	  178.4614
9.220	 2.39	 1	 -44.6758	  178.5127
9.233	 2.15	 1	 -43.7933	  169.5299
9.280	 2.37	 1	 -43.0510	  171.5684
9.280	 3.01	 1	 -42.9160	  171.6343
9.284	 3.78	 1	 -41.2760	  173.4295
9.286	 2.30	 1	 -40.9762	  172.9729
9.290	 2.25	 1	 -43.9032	  176.3473
9.301	 2.10	 1	 -45.1487	  167.8976
9.316	 2.93	 1	 -43.7538	  172.4100
9.323	 2.23	 1	 -44.2710	  172.3628
9.328	 2.01	 1	 -43.9906	  172.6377
9.348	 2.04	 1	 -38.5885	  175.5220
9.357	 2.52	 1	 -41.3599	  178.8651
9.359	 2.67	 1	 -43.5412	  174.1117
9.359	 2.02	 1	 -43.1894	  172.0846
9.377	 2.08	 1	 -39.1450	  173.8184
9.377	 3.39	 1	 -38.6085	  175.5820
9.387	 2.66	 1	 -43.6988	  170.9230
9.390	 3.97	 1	 -46.0192	  177.1382
9.393	 3.34	 1	 -41.2755	  172.1719
9.400	 2.04	 1	 -41.4706	  178.9097
9.406	 2.81	 1	 -39.9013	  171.4266
9.408	 2.49	 1	 -40.3637	  178.2555
9.417	 2.22	 1	 -46.9498	  171.0529
9.428	 2.20	 1	 -39.2553	  170.9370
9.431	 2.19	 1	 -38.4936	  175.2110
9.431	 2.11	 1	 -41.4013	  174.1821
9.440	 2.06	 1	 -41.5912	  171.4526
9.442	 2.05	 1	 -46.4691	  176.3428
9.442	 2.77	 1	 -43.5920	  179.0163
9.446	 2.26	 2	 -41.8216	  172.0316
9.448	 2.18	 1	 -41.6688	  178.9793
9.466	 2.25	 1	 -40.6520	  170.9984
9.476	 3.25	 1	 -44.1087	  170.7015
9.491	 2.05	 2	 -45.9955	  177.1152
9.491	 2.98	 1	 -41.8435	  179.0299
9.498	 2.60	 1	 -42.2595	  172.4897
9.502	 2.22	 1	 -38.2012	  173.3184
9.503	 3.19	 1	 -44.4433	  175.2723
9.504	 2.89	 1	 -39.1333	  169.2834
9.512	 2.44	 1	 -45.3710	  177.9361
9.527	 2.06	 1	 -44.6786	  167.5334
9.531	 2.30	 1	 -42.4335	  173.8531
9.537	 2.84	 1	 -41.6599	  174.3644
9.554	 2.21	 1	 -39.8531	  169.0671
9.561	 2.09	 1	 -44.8514	  175.1763
9.572	 2.15	 1	 -45.5664	  168.3169
9.582	 2.03	 1	 -42.6224	  173.1595
9.591	 3.17	 1	 -46.9805	  174.8641
9.613	 2.16	 2	 -41.7942	  172.0191
9.614	 2.15	 1	 -47.1785	  172.6013
9.619	 2.04	 1	 -41.3880	  173.8203
9.628	 2.63	 1	 -39.4134	  177.2083
9.644	 2.01	 1	 -46.1310	  176.2855
9.649	 2.07	 1	 -41.6224	  170.1239
9.653	 2.12	 1	 -38.3336	  171.5199
9.658	 2.01	 1	 -44.6459	  167.5118
9.672	 2.08	 1	 -38.6771	  170.5079
9.683	 2.41	 1	 -38.1961	  172.9753
9.684	 3.84	 1	 -41.9511	  172.8872
9.686	 2.31	 1	 -41.6809	  174.2687
9.687	 2.56	 1	 -41.2253	  172.6091
9.694	 2.30	 1	 -40.2604	  169.6389
9.695	 2.03	 1	 -41.3831	  171.9834
9.702	 2.48	 1	 -42.6050	  175.1242
9.717	 2.19	 1	 -43.0606	  174.7239
9.741	 2.24	 1	 -38.8614	  169.8194
9.747	 2.32	 1	 -41.3864	  170.7548
9.750	 3.18	 1	 -42.8984	  167.4682
9.774	 2.25	 1	 -43.2478	  169.4684
9.794	 2.03	 1	 -39.1813	  176.8439
9.799	 2.32	 1	 -45.4675	  173.2237
9.799	 2.02	 1	 -42.6201	  166.9051
9.818	 2.12	 1	 -38.5308	  170.7056
9.830	 2.02	 1	 -38.9706	  176.4551
9.840	 4.73	 1	 -45.7478	  177.5108
9.853	 2.30	 1	 -42.1983	  173.3052
9.855	 2.09	 1	 -47.1819	  173.3691
9.862	 2.31	 1	 -43.7011	  178.9841
9.867	 2.39	 1	 -39.8106	  177.7183
9.874	 2.26	 1	 -43.0051	  172.5430
9.893	 2.83	 2	 -45.7504	  177.5186
9.897	 3.48	 1	 -40.2843	  178.1886
9.900	 2.12	 1	 -46.5597	  176.1439
9.900	 2.01	 1	 -40.4742	  177.0026
9.911	 2.28	 1	 -43.1716	  169.4061
9.924	 2.86	 1	 -39.6982	  177.5862
9.924	 2.13	 1	 -43.1848	  169.3109
9.927	 2.41	 1	 -44.8934	  167.6872
9.930	 2.08	 1	 -43.9360	  167.1429
9.939	 2.29	 1	 -44.0147	  178.8695
9.953	 2.01	 1	 -45.4661	  172.6049
9.962	 2.10	 1	 -45.3240	  174.2714
9.984	 2.44	 1	 -42.8194	  173.0579
9.989	 2.28	 1	 -41.7861	  174.9974
9.991	 2.28	 1	 -39.4773	  168.7453
9.998	 2.50	 1	 -45.3348	  170.6266
10.007	 2.38	 1	 -45.6266	  168.3861
10.012	 3.78	 1	 -38.5423	  175.3766
10.015	 2.11	 1	 -42.0754	  179.0821
10.016	 2.09	 1	 -44.3644	  170.8636
10.017	 2.03	 1	 -46.9223	  170.9461
10.020	 2.04	 1	 -38.2053	  172.6264
10.049	 2.18	 1	 -44.4651	  171.5406
10.107	 2.31	 1	 -41.9995	  173.8048
10.112	 2.16	 1	 -43.0416	  179.1215
10.116	 4.48	 1	 -43.0227	  169.8584
10.120	 2.87	 1	 -44.7235	  174.0419
10.122	 2.40	 1	 -43.2320	  174.6663
10.127	 2.62	 1	 -45.1684	  170.7682
10.140	 2.28	 1	 -46.8110	  170.5664
10.152	 2.20	 1	 -41.6105	  175.5491
10.159	 2.90	 1	 -43.6930	  173.5405
10.168	 2.35	 2	 -41.8647	  169.1745
10.182	 2.19	 1	 -40.8693	  174.8414
10.188	 2.86	 1	 -43.4373	  174.0285
10.201	 2.57	 1	 -46.8842	  175.2365
10.209	 2.05	 1	 -41.4028	  174.4239
10.212	 2.17	 1	 -40.2167	  169.1950
10.228	 2.71	 1	 -42.2167	  166.9387
10.231	 2.67	 1	 -44.7086	  167.5537
10.234	 2.36	 1	 -39.2288	  169.6930
10.236	 2.62	 1	 -42.8911	  172.6948
10.237	 2.27	 1	 -40.3439	  170.2628
10.238	 2.22	 1	 -43.0227	  176.1799
10.239	 2.11	 1	 -42.5245	  169.6627
10.241	 2.73	 1	 -38.2512	  173.9787
10.243	 2.13	 1	 -40.8049	  169.1217
10.266	 2.12	 1	 -46.9830	  174.8531
10.270	 2.53	 1	 -42.2176	  171.6617
10.277	 2.13	 1	 -40.5815	  174.5822
10.278	 2.56	 1	 -41.6797	  172.4415
10.282	 2.15	 1	 -43.7782	  175.8853
10.287	 2.16	 1	 -43.7442	  170.7375
10.298	 2.34	 1	 -41.8144	  174.2229
10.302	 2.08	 1	 -41.0816	  176.6640
10.313	 2.01	 1	 -43.2878	  172.9627
10.327	 3.45	 1	 -39.1228	  171.1537
10.338	 2.02	 1	 -43.5210	  172.5969
10.339	 2.90	 1	 -41.3238	  171.5435
10.350	 2.54	 2	 -42.8262	  169.5475
10.353	 2.15	 1	 -40.4224	  171.6704
10.379	 2.10	 1	 -40.2660	  172.8187
10.379	 2.27	 2	 -42.1378	  174.5307
10.383	 2.01	 1	 -38.6578	  170.3214
10.388	 2.78	 1	 -44.8286	  175.5829
10.395	 2.37	 1	 -41.3531	  169.8895
10.406	 2.31	 1	 -42.4117	  179.1280
10.423	 2.34	 1	 -40.9010	  175.8885
10.430	 2.25	 1	 -43.1744	  172.8082
10.434	 2.14	 1	 -42.1647	  171.8642
10.437	 2.28	 1	 -41.3493	  178.4985
10.438	 2.45	 1	 -41.8399	  167.0153
10.448	 2.64	 1	 -38.7848	  176.0490
10.449	 2.34	 1	 -46.6792	  170.1924
10.459	 2.01	 1	 -44.9002	  171.7364
10.477	 2.44	 1	 -40.3881	  175.3531
10.483	 2.07	 1	 -41.4822	  178.9141
10.487	 2.33	 1	 -42.3309	  171.2528
10.490	 2.05	 1	 -42.3295	  172.1864
10.498	 2.25	 1	 -39.7972	  174.4423
10.514	 2.00	 1	 -45.6674	  176.2805
10.516	 2.24	 1	 -41.4466	  167.1439
10.562	 2.82	 1	 -43.2840	  179.0868
10.569	 2.12	 1	 -39.8913	  168.2365
10.587	 2.14	 1	 -41.1713	  167.2651
10.588	 2.28	 1	 -42.4094	  172.3727
10.594	 2.22	 1	 -39.7197	  168.4321
10.597	 2.89	 1	 -40.7036	  178.5089
10.598	 2.03	 1	 -42.7930	  179.1384
10.609	 2.92	 1	 -44.0087	  167.1723
10.617	 2.26	 1	 -39.9183	  176.0488
10.619	 2.07	 1	 -44.8438	  172.6575
10.619	 2.22	 1	 -41.6013	  178.9571
10.676	 2.33	 1	 -40.2950	  167.8465
10.703	 2.12	 1	 -43.1260	  174.1351
10.704	 2.26	 1	 -45.1283	  173.0097
10.714	 2.27	 1	 -42.1013	  177.1680
10.738	 2.10	 1	 -42.5436	  170.6261
10.760	 2.72	 1	 -43.2448	  173.7584
10.763	 3.55	 1	 -43.0423	  172.6586
10.766	 2.09	 2	 -45.5787	  169.9591
10.777	 2.11	 1	 -45.4822	  174.3217
10.808	 2.30	 1	 -40.7437	  178.5355
10.809	 2.27	 1	 -46.3262	  169.4184
10.815	 2.71	 1	 -41.4704	  171.7696
10.820	 2.11	 1	 -41.4117	  178.8865
10.825	 2.17	 1	 -41.0103	  167.3486
10.830	 2.44	 1	 -39.9752	  174.5423
10.830	 2.04	 1	 -41.5720	  175.1905
10.834	 2.43	 1	 -42.4064	  166.9167
10.835	 2.38	 1	 -44.6361	  172.6161
10.851	 2.42	 1	 -41.4355	  167.1482
10.863	 2.04	 1	 -39.0544	  176.6176
10.883	 2.26	 1	 -42.4306	  174.6040
10.905	 2.85	 1	 -41.9140	  173.9863
10.907	 2.24	 1	 -42.7754	  176.5372
10.926	 2.08	 1	 -47.1717	  173.5601
10.946	 2.21	 1	 -41.0402	  178.7119
10.946	 2.14	 1	 -42.3453	  173.7701
10.970	 2.28	 1	 -44.4309	  176.3170
10.984	 2.61	 1	 -47.1881	  172.8898
10.996	 2.49	 1	 -47.1369	  172.0923
11.021	 2.83	 1	 -42.8519	  179.1361
11.028	 2.08	 1	 -46.0237	  177.1315
11.028	 2.21	 1	 -38.3012	  172.9108
11.034	 2.76	 1	 -41.5161	  178.3571
11.081	 2.72	 1	 -46.4722	  169.7081
11.085	 2.44	 1	 -42.5757	  179.1379
11.086	 3.24	 1	 -43.5444	  170.0318
11.134	 2.10	 1	 -40.5937	  172.5984
11.143	 2.27	 1	 -45.2618	  172.2522
11.143	 2.37	 1	 -41.0096	  167.3490
11.155	 2.40	 1	 -38.2006	  173.2997
11.170	 2.27	 1	 -41.3163	  174.2535
11.198	 2.14	 1	 -45.7212	  168.5002
11.212	 3.18	 1	 -44.7120	  173.4959
11.242	 2.84	 1	 -39.6390	  172.2411
11.257	 2.22	 1	 -43.8662	  170.2661
11.269	 2.31	 1	 -43.3918	  167.3876
11.276	 2.41	 1	 -40.3355	  174.1595
11.293	 2.29	 1	 -47.0099	  171.3122
11.312	 2.16	 1	 -41.6246	  172.5570
11.333	 2.61	 1	 -42.2708	  173.1526
11.337	 2.92	 1	 -43.0893	  167.5894
11.360	 2.21	 1	 -43.6059	  179.0124
11.372	 2.00	 1	 -46.7376	  175.6942
11.399	 2.08	 1	 -46.7615	  175.6261
11.400	 2.24	 1	 -44.2563	  172.5184
11.416	 2.59	 1	 -42.5591	  176.4814
11.421	 2.00	 1	 -44.4764	  167.4064
11.423	 3.45	 1	 -43.3505	  171.4688
11.441	 2.34	 1	 -44.9212	  171.5806
11.442	 2.20	 1	 -47.0185	  174.6914
11.442	 3.09	 1	 -40.9476	  178.6605
11.451	 3.52	 1	 -43.5450	  179.0290
11.452	 2.23	 1	 -41.6401	  173.9206
11.453	 2.75	 1	 -42.9256	  170.6041
11.466	 2.31	 1	 -43.2330	  169.9537
11.483	 2.34	 1	 -42.1557	  173.5566
11.501	 2.04	 1	 -41.8441	  174.5861
11.512	 2.67	 1	 -42.5925	  179.1384
11.524	 2.37	 1	 -42.4976	  173.4148
11.535	 2.11	 1	 -42.0903	  172.9983
11.554	 2.38	 1	 -42.5946	  171.1038
11.568	 2.59	 1	 -40.1971	  178.1114
11.576	 2.21	 1	 -44.4957	  172.9332
11.581	 3.24	 1	 -45.4432	  168.1825
11.599	 3.16	 1	 -43.7154	  178.9796
11.599	 2.15	 1	 -44.8621	  170.3964
11.605	 2.01	 1	 -40.6197	  171.0638
11.622	 2.07	 1	 -42.3704	  166.9201
11.624	 4.38	 1	 -45.7245	  177.5399
11.629	 2.40	 2	 -45.7314	  177.4937
11.649	 2.52	 1	 -43.5868	  179.0177
11.669	 2.29	 1	 -44.6551	  178.5265
11.689	 2.63	 1	 -41.8674	  174.2648
11.702	 2.25	 2	 -41.8498	  174.2693
11.708	 2.00	 1	 -39.5758	  177.4319
11.717	 2.52	 1	 -38.8798	  169.7790
11.721	 2.15	 1	 -38.5212	  175.3068
11.758	 2.35	 1	 -46.1365	  176.9557
11.769	 2.12	 1	 -43.8140	  171.3766
11.779	 2.32	 1	 -41.5536	  176.8895
11.784	 2.51	 1	 -38.5669	  174.9402
11.786	 2.19	 1	 -38.5645	  175.4478
11.791	 2.70	 1	 -39.7323	  171.8742
11.792	 2.09	 1	 -43.0951	  172.4363
11.796	 2.29	 1	 -41.0727	  174.5513
11.816	 2.22	 1	 -45.5307	  168.2769
11.821	 2.47	 1	 -46.3182	  169.4036
11.825	 2.25	 1	 -43.6477	  174.8227
11.829	 2.56	 1	 -44.6570	  178.5252
11.832	 2.49	 1	 -38.4098	  171.1580
11.863	 2.37	 1	 -41.3304	  173.2470
11.866	 2.72	 1	 -46.0492	  174.7437
11.871	 2.63	 1	 -42.9569	  172.8381
11.872	 2.52	 1	 -45.3410	  174.1134
11.878	 2.11	 1	 -44.3050	  168.1010
11.894	 2.42	 1	 -40.0213	  176.7599
11.897	 2.14	 1	 -40.8917	  167.4164
11.927	 2.37	 1	 -38.1993	  173.2576
11.937	 2.21	 1	 -42.5478	  172.2375
11.938	 2.29	 1	 -40.1286	  178.0480
11.951	 2.40	 1	 -38.1985	  173.2271
11.952	 5.06	 1	 -42.1555	  172.9316
11.984	 2.82	 2	 -42.1479	  172.9128
12.009	 2.10	 2	 -39.9696	  175.5056
12.022	 2.79	 1	 -41.1375	  167.2818
12.025	 2.66	 1	 -46.2181	  176.8195
12.026	 2.27	 1	 -40.5666	  167.6313
12.032	 2.86	 1	 -42.0607	  166.9650
12.041	 2.79	 1	 -43.6732	  167.0516
12.081	 2.48	 1	 -41.8385	  174.2262
12.092	 2.46	 1	 -45.2084	  178.0928
12.095	 2.80	 1	 -41.9185	  173.6836
12.108	 2.06	 1	 -43.3345	  171.5727
12.113	 2.36	 2	 -42.1563	  172.9365
12.121	 3.07	 1	 -41.1923	  169.5756
12.124	 3.35	 1	 -42.7955	  173.7290
12.124	 4.25	 1	 -40.0443	  176.9205
12.172	 2.05	 1	 -39.7642	  177.2540
12.176	 2.57	 1	 -39.5277	  177.0949
12.183	 2.19	 1	 -47.1064	  174.1902
12.187	 2.09	 1	 -46.7380	  171.1682
12.194	 2.23	 1	 -40.9086	  174.3732
12.198	 2.07	 1	 -41.6203	  170.4718
12.212	 2.23	 1	 -46.8281	  170.6204
12.239	 2.36	 1	 -39.9070	  168.2196
12.259	 2.26	 1	 -46.7384	  175.6919
12.265	 2.39	 1	 -44.1431	  178.8129
12.292	 2.12	 1	 -46.9275	  170.9657
12.294	 2.39	 1	 -41.3452	  175.9495
12.295	 2.98	 1	 -43.9168	  174.1553
12.306	 3.51	 1	 -46.2338	  176.7923
12.315	 2.81	 2	 -40.0639	  176.9458
12.316	 2.42	 1	 -42.5435	  179.1366
12.326	 2.32	 1	 -39.3309	  177.0853
12.327	 2.18	 1	 -43.8753	  173.5453
12.339	 2.05	 1	 -43.8807	  167.1218
12.346	 2.02	 2	 -39.9421	  176.9260
12.356	 2.70	 1	 -47.0740	  171.6468
12.362	 2.26	 1	 -41.5396	  177.1536
12.363	 2.55	 1	 -38.9309	  169.6702
12.378	 2.56	 1	 -43.4425	  166.9900
12.409	 2.39	 1	 -42.7515	  173.6535
12.419	 2.14	 1	 -41.1278	  171.2815
12.422	 2.11	 1	 -45.1144	  178.1768
12.439	 2.16	 1	 -43.9727	  172.3168
12.445	 2.41	 1	 -46.8986	  170.8586
12.448	 2.12	 1	 -42.3074	  175.6293
12.451	 2.56	 1	 -43.3956	  171.3817
12.468	 2.38	 1	 -44.4747	  175.6220
12.470	 2.81	 1	 -42.5367	  173.5922
12.473	 2.04	 1	 -44.3450	  174.0083
12.482	 2.45	 1	 -41.8578	  173.9311
12.492	 2.05	 1	 -39.5311	  172.5110
12.512	 2.11	 1	 -42.9837	  173.4456
12.513	 2.02	 1	 -41.8418	  174.1647
12.517	 3.34	 1	 -41.6468	  173.3946
12.532	 2.20	 1	 -38.2919	  174.2794
12.541	 2.22	 1	 -38.2917	  174.2780
12.545	 2.15	 1	 -41.3028	  167.2039
12.550	 2.88	 1	 -45.7684	  171.0198
12.551	 2.70	 1	 -47.1881	  172.8880
12.582	 2.43	 1	 -47.0698	  174.4224
12.587	 3.46	 1	 -42.2369	  166.9358
12.588	 3.20	 1	 -44.8459	  171.9776
12.615	 2.44	 1	 -41.4250	  171.8918
12.639	 2.99	 1	 -40.8403	  167.4475
12.648	 2.31	 1	 -46.6209	  175.9991
12.673	 2.16	 1	 -44.8797	  172.6679
12.677	 2.60	 1	 -43.2406	  169.0408
12.678	 2.23	 1	 -43.4630	  170.3704
12.682	 2.29	 1	 -42.2805	  173.6895
12.683	 2.15	 1	 -39.6236	  174.0453
12.690	 2.17	 1	 -39.4920	  177.3194
12.706	 3.77	 1	 -40.5108	  167.6727
12.719	 3.26	 1	 -41.7384	  177.3717
12.747	 2.67	 1	 -41.0459	  178.7150
12.748	 2.07	 1	 -39.3654	  168.9068
12.784	 2.20	 1	 -44.5869	  171.5601
12.788	 2.11	 1	 -42.9025	  174.4761
12.794	 2.05	 1	 -38.9695	  169.5914
12.795	 2.42	 1	 -38.3584	  174.6518
12.803	 2.19	 1	 -43.8725	  167.1187
12.810	 2.13	 1	 -40.9482	  171.2417
12.811	 2.16	 1	 -43.3195	  176.4976
12.824	 2.24	 1	 -41.2069	  170.3477
12.834	 2.16	 1	 -41.7322	  174.1247
12.838	 2.43	 1	 -46.3090	  169.3866
12.841	 2.16	 1	 -42.6617	  176.6617
12.851	 2.76	 1	 -39.4384	  168.8001
12.862	 2.34	 1	 -42.3016	  173.8836
12.870	 2.33	 1	 -44.1135	  177.5838
12.886	 2.23	 1	 -40.6524	  178.4740
12.892	 2.10	 1	 -46.6852	  171.7135
12.900	 2.01	 1	 -43.0939	  172.3772
12.906	 2.29	 1	 -42.0310	  174.6342
12.911	 2.17	 1	 -47.1092	  174.1709
12.955	 2.12	 1	 -43.5763	  179.0206
12.959	 2.02	 1	 -44.9356	  171.9999
12.964	 2.16	 1	 -44.8818	  174.2624
12.965	 4.05	 2	 -45.1554	  171.0144
12.974	 2.41	 1	 -42.8269	  166.9071
12.990	 2.04	 1	 -43.1161	  173.7507
12.993	 2.69	 1	 -43.0734	  166.9263
12.997	 2.15	 1	 -42.8797	  173.2531
13.001	 2.10	 1	 -39.0313	  176.5739
13.013	 2.78	 1	 -39.7822	  168.3585
13.023	 2.13	 1	 -41.6474	  173.4723
13.029	 2.09	 1	 -43.4472	  173.0054
13.033	 3.26	 1	 -46.9158	  175.1226
13.036	 2.01	 1	 -42.9435	  167.5247
13.049	 2.08	 1	 -38.6542	  175.7128
13.053	 2.58	 1	 -47.1045	  174.2037
13.069	 2.22	 1	 -40.7280	  172.1513
13.088	 2.13	 1	 -44.3085	  171.7581
13.099	 2.06	 1	 -39.4468	  177.2562
13.101	 2.11	 1	 -40.5189	  167.6666
13.134	 2.31	 1	 -41.5561	  172.4978
13.137	 2.21	 1	 -40.7269	  178.5245
13.148	 2.82	 1	 -45.6410	  172.2198
13.155	 2.22	 1	 -41.5218	  174.7683
13.171	 2.41	 1	 -46.1063	  174.1372
13.196	 2.76	 1	 -42.9280	  171.6028
13.265	 3.36	 1	 -40.8076	  178.5765
13.271	 2.27	 1	 -44.2016	  170.8572
13.322	 2.03	 1	 -44.8271	  172.5112
13.325	 2.44	 1	 -39.3784	  177.1568
13.329	 2.86	 1	 -41.7261	  174.2422
13.341	 2.75	 1	 -42.0047	  176.9267
13.342	 2.51	 1	 -39.2740	  176.9964
13.350	 3.66	 1	 -38.2583	  172.0069
13.356	 2.65	 1	 -41.7318	  170.5024
13.358	 2.67	 1	 -39.2887	  177.0197
13.378	 2.11	 1	 -42.8085	  172.0497
13.393	 2.19	 1	 -46.9613	  174.9447
13.396	 2.15	 1	 -39.0436	  176.5972
13.408	 2.59	 1	 -42.7959	  176.6341
13.434	 2.36	 1	 -39.9796	  173.5717
13.441	 2.34	 1	 -42.7035	  179.1399
13.461	 2.99	 1	 -41.3054	  178.8416
13.461	 2.07	 1	 -42.5923	  172.3450
13.461	 2.31	 1	 -43.4224	  175.6985
13.463	 2.13	 1	 -45.0371	  173.7470
13.467	 2.69	 1	 -45.4356	  177.8698
13.468	 2.11	 1	 -42.2941	  173.5028
13.469	 3.46	 1	 -38.8646	  169.8121
13.470	 2.17	 2	 -38.8057	  169.7946
13.483	 2.15	 1	 -45.7652	  168.5555
13.485	 3.47	 1	 -45.5467	  175.7684
13.494	 2.23	 1	 -40.5385	  176.7625
13.524	 2.61	 1	 -39.9065	  177.8242
13.528	 2.14	 1	 -42.7171	  171.0141
13.529	 2.18	 1	 -42.5235	  173.2646
13.532	 2.79	 1	 -42.5045	  171.9086
13.534	 2.15	 1	 -41.9796	  166.9817
13.535	 2.77	 1	 -46.8968	  170.8521
13.555	 2.15	 1	 -38.2064	  172.6059
13.575	 3.43	 1	 -41.4442	  167.8530
13.590	 2.04	 1	 -41.7113	  167.0518
13.603	 3.90	 1	 -42.1956	  173.9766
13.606	 2.36	 2	 -42.1919	  173.9488
13.627	 2.19	 1	 -41.8093	  176.9972
13.644	 2.27	 1	 -41.9330	  175.4549
13.647	 2.63	 1	 -41.6288	  175.8120
13.683	 2.29	 1	 -41.1465	  170.9055
13.687	 2.96	 1	 -42.5712	  173.5560
13.688	 2.21	 1	 -42.4423	  179.1305
13.698	 2.46	 1	 -41.6804	  172.9446
13.728	 3.45	 1	 -39.2224	  176.9129
13.736	 2.06	 1	 -41.7090	  174.0243
13.744	 2.06	 1	 -42.8670	  179.1353
13.752	 2.22	 1	 -46.8099	  175.4812
13.757	 2.16	 1	 -38.4408	  175.0136
13.762	 2.29	 1	 -44.9597	  178.3054
13.793	 2.07	 1	 -39.9709	  177.8921
13.803	 2.02	 1	 -41.4751	  168.3617
13.813	 2.71	 1	 -40.8124	  178.5795
13.832	 2.24	 1	 -44.0537	  173.0473
13.873	 2.23	 1	 -44.2972	  173.3913
13.886	 2.43	 1	 -39.9810	  169.8124
13.896	 2.06	 1	 -42.3653	  166.9205
13.919	 2.13	 1	 -41.9198	  172.8906
13.971	 2.15	 1	 -46.6040	  170.0043
