# Simulation 868
# RelativeTime(days) Magnitude Generation Latitude Longitude
Time Mag Gen Lat Lon
0.250	 2.11	 1	 -42.1599	  173.6309
0.251	 2.02	 1	 -43.3597	  173.8329
0.251	 2.49	 1	 -41.6793	  174.3363
0.251	 2.79	 1	 -42.1824	  173.5662
0.252	 2.52	 1	 -42.1899	  173.0189
0.252	 2.08	 1	 -42.2978	  173.6676
0.253	 2.06	 1	 -42.5859	  172.9901
0.253	 2.14	 1	 -42.3661	  174.1025
0.257	 2.30	 1	 -41.9670	  174.0035
0.258	 2.16	 1	 -41.6905	  174.3601
0.258	 2.71	 1	 -43.1518	  174.9098
0.259	 2.08	 1	 -43.3366	  172.8553
0.259	 2.16	 1	 -42.0241	  173.8153
0.262	 2.41	 1	 -42.3439	  173.4334
0.265	 2.99	 1	 -42.4244	  173.7614
0.266	 3.28	 1	 -42.1855	  173.7301
0.266	 2.46	 1	 -42.6282	  173.3297
0.267	 2.14	 1	 -42.0638	  173.4641
0.267	 2.63	 1	 -43.9236	  172.7932
0.268	 2.59	 1	 -39.0616	  176.6309
0.272	 2.10	 1	 -42.2862	  174.3415
0.272	 2.73	 1	 -46.6105	  170.0201
0.274	 2.75	 1	 -43.6415	  171.6680
0.274	 2.45	 1	 -42.2325	  173.8893
0.274	 2.15	 1	 -42.9373	  172.9195
0.281	 2.60	 1	 -42.9722	  172.7274
0.281	 2.01	 1	 -43.3028	  173.1103
0.282	 2.37	 1	 -42.4585	  173.7220
0.284	 2.33	 1	 -43.3210	  173.1768
0.284	 2.12	 1	 -42.1722	  173.4364
0.286	 2.16	 1	 -42.5796	  173.0151
0.289	 2.18	 1	 -42.8868	  173.7627
0.293	 2.01	 1	 -46.0719	  168.9863
0.294	 2.14	 1	 -40.2942	  167.8472
0.295	 2.09	 1	 -42.2632	  173.1740
0.299	 2.61	 1	 -43.0064	  173.7224
0.299	 2.19	 1	 -42.1062	  173.7008
0.300	 3.13	 1	 -41.5394	  173.1409
0.301	 2.31	 1	 -42.2524	  173.6940
0.302	 2.35	 1	 -42.6138	  172.9937
0.305	 2.43	 1	 -41.7098	  174.3669
0.306	 3.35	 1	 -44.0562	  172.2386
0.308	 2.33	 1	 -42.7912	  172.9840
0.309	 3.89	 1	 -42.6514	  172.7936
0.310	 2.11	 1	 -42.6054	  173.0470
0.311	 2.11	 1	 -43.0581	  179.1197
0.312	 2.50	 1	 -44.5713	  171.3588
0.314	 2.65	 1	 -43.3840	  173.5373
0.314	 2.50	 1	 -38.6155	  170.4418
0.315	 3.14	 1	 -42.0786	  173.8011
0.316	 3.88	 1	 -39.0343	  176.5796
0.318	 2.07	 1	 -42.1033	  174.2594
0.318	 2.16	 1	 -40.2389	  167.8954
0.319	 2.11	 1	 -46.7127	  171.9681
0.321	 2.64	 1	 -40.1875	  172.9894
0.322	 2.32	 1	 -43.3952	  173.8729
0.325	 2.33	 1	 -42.1632	  172.4841
0.326	 2.40	 1	 -42.2381	  173.8736
0.327	 2.44	 1	 -41.6942	  174.2862
0.327	 2.07	 1	 -42.7413	  172.9832
0.328	 2.04	 1	 -43.2987	  173.8412
0.328	 2.58	 1	 -41.9637	  173.6492
0.329	 2.54	 1	 -39.3349	  170.8814
0.333	 2.72	 1	 -43.2060	  173.7782
0.334	 2.03	 1	 -42.8870	  173.1584
0.335	 2.71	 1	 -41.6155	  174.3225
0.336	 2.24	 1	 -42.5893	  173.1183
0.340	 2.17	 1	 -42.2485	  173.8312
0.341	 2.03	 1	 -42.1054	  173.6582
0.341	 2.04	 1	 -41.9985	  173.7418
0.342	 2.51	 1	 -42.7630	  172.4381
0.342	 2.23	 1	 -42.4895	  173.2061
0.344	 2.44	 1	 -41.9560	  170.8999
0.345	 2.22	 1	 -46.4304	  176.4229
0.346	 2.10	 1	 -42.6278	  173.0041
0.352	 2.03	 1	 -42.6789	  173.7123
0.353	 2.04	 1	 -41.8233	  174.1291
0.354	 2.44	 1	 -42.7032	  172.2129
0.354	 2.41	 1	 -41.7160	  174.2497
0.355	 2.24	 1	 -45.9311	  177.2663
0.355	 3.39	 1	 -38.8619	  176.2261
0.355	 2.47	 1	 -43.3532	  167.6243
0.357	 2.12	 1	 -42.5338	  173.1088
0.357	 2.11	 1	 -42.1831	  173.5610
0.359	 2.32	 1	 -43.5318	  170.0242
0.361	 2.63	 1	 -42.5643	  173.0908
0.362	 2.80	 1	 -40.8430	  175.0232
0.364	 2.02	 1	 -42.3437	  173.7284
0.365	 2.01	 1	 -44.5627	  167.4586
0.365	 3.23	 1	 -42.4648	  172.6849
0.366	 2.07	 1	 -41.7751	  174.2377
0.367	 4.16	 1	 -43.1237	  173.7743
0.368	 2.22	 1	 -41.8711	  173.9462
0.369	 2.03	 1	 -42.1950	  173.5477
0.373	 2.78	 1	 -42.5618	  173.0568
0.373	 2.08	 1	 -41.7303	  174.1409
0.375	 2.46	 1	 -42.2371	  173.5386
0.375	 2.00	 1	 -41.6581	  175.4270
0.376	 2.24	 1	 -46.8933	  173.0541
0.377	 2.24	 1	 -42.2129	  173.6786
0.379	 2.05	 1	 -42.1736	  173.5132
0.380	 2.01	 1	 -42.2745	  173.6618
0.382	 2.09	 1	 -43.0705	  172.9883
0.383	 2.08	 1	 -42.2320	  173.8076
0.385	 2.13	 1	 -41.8334	  174.3110
0.385	 2.84	 1	 -42.2621	  173.6613
0.385	 2.08	 1	 -42.7154	  171.6443
0.390	 2.66	 1	 -41.7111	  173.7210
0.390	 2.06	 1	 -42.1394	  173.7677
0.391	 2.49	 1	 -42.9575	  173.8934
0.391	 2.60	 1	 -42.5084	  173.4748
0.391	 2.31	 1	 -41.7307	  174.2684
0.396	 2.31	 1	 -41.6115	  171.5437
0.397	 2.16	 1	 -41.9748	  173.6704
0.397	 2.32	 1	 -47.1880	  172.8836
0.397	 2.17	 1	 -41.6436	  172.4237
0.397	 2.11	 1	 -44.0274	  174.1977
0.398	 3.12	 1	 -42.1969	  172.6190
0.400	 2.03	 1	 -42.7839	  173.0653
0.401	 3.40	 1	 -42.0233	  174.0728
0.401	 2.37	 1	 -42.6456	  172.6797
0.401	 3.43	 1	 -41.9560	  173.9887
0.401	 2.24	 1	 -41.8791	  174.2279
0.401	 3.42	 1	 -42.1435	  173.6918
0.405	 2.69	 1	 -41.6466	  174.1267
0.405	 2.01	 1	 -44.0304	  173.5557
0.406	 2.76	 1	 -42.6925	  172.8010
0.408	 2.06	 1	 -42.4608	  173.1195
0.410	 2.88	 1	 -42.6217	  173.5823
0.411	 2.72	 1	 -44.6313	  172.8234
0.412	 2.15	 1	 -43.3997	  172.6922
0.413	 2.75	 1	 -43.0241	  173.7911
0.413	 2.03	 1	 -42.5004	  173.8292
0.415	 2.13	 1	 -41.7771	  174.1858
0.417	 2.00	 1	 -45.1591	  173.2430
0.417	 2.15	 1	 -42.4782	  172.3703
0.418	 2.05	 1	 -41.8809	  174.2533
0.420	 2.12	 1	 -41.8942	  173.6956
0.420	 2.44	 1	 -43.1278	  171.7856
0.420	 3.50	 1	 -42.1319	  173.6683
0.422	 2.15	 1	 -42.4278	  173.1921
0.426	 2.84	 1	 -42.3590	  173.6651
0.427	 2.97	 1	 -40.0050	  172.8589
0.429	 2.12	 1	 -42.5702	  173.1034
0.431	 2.07	 1	 -43.5757	  173.3193
0.432	 2.25	 1	 -40.8339	  174.0211
0.433	 2.75	 1	 -43.0557	  172.6588
0.435	 2.63	 1	 -41.7442	  174.2101
0.435	 2.85	 1	 -42.2336	  173.8548
0.436	 2.66	 1	 -42.2248	  173.5545
0.438	 2.27	 1	 -43.8895	  176.6528
0.440	 2.10	 1	 -42.2975	  173.5190
0.440	 2.70	 1	 -41.7393	  174.2294
0.444	 2.11	 1	 -42.2666	  173.1115
0.445	 2.80	 1	 -41.4315	  175.0680
0.445	 2.91	 1	 -42.1539	  173.7218
0.446	 2.12	 1	 -42.4058	  173.7673
0.449	 2.46	 1	 -42.0344	  173.6793
0.450	 3.06	 1	 -43.2381	  171.1514
0.450	 2.32	 1	 -42.1407	  173.6548
0.452	 2.08	 1	 -42.3409	  173.5205
0.452	 2.03	 1	 -43.2461	  171.3757
0.453	 2.61	 1	 -42.6571	  172.7634
0.453	 2.11	 1	 -42.8511	  172.6012
0.455	 2.33	 1	 -42.1876	  173.7092
0.455	 2.34	 1	 -41.6049	  172.5295
0.457	 2.00	 1	 -42.7157	  173.0652
0.458	 2.24	 1	 -42.7745	  173.1370
0.459	 2.23	 1	 -41.7215	  171.7310
0.463	 2.01	 1	 -41.7320	  174.5995
0.466	 2.16	 1	 -42.3054	  173.6612
0.467	 2.03	 1	 -42.3495	  172.9983
0.468	 2.13	 1	 -42.0382	  172.8728
0.468	 2.29	 1	 -42.7131	  173.2172
0.470	 2.07	 1	 -40.3426	  171.7170
0.475	 2.08	 1	 -42.4674	  173.7182
0.477	 2.34	 1	 -42.3669	  172.9423
0.478	 2.08	 1	 -39.6939	  171.6160
0.482	 2.94	 1	 -44.5519	  172.4560
0.483	 2.03	 1	 -43.2060	  175.8406
0.485	 2.62	 1	 -41.7293	  174.2655
0.487	 2.08	 1	 -42.2404	  173.7346
0.488	 2.16	 1	 -38.9054	  173.8174
0.489	 2.44	 1	 -40.3507	  171.8522
0.489	 2.39	 1	 -43.0748	  173.4601
0.490	 2.13	 1	 -41.7188	  174.2626
0.490	 2.26	 2	 -43.1281	  173.7986
0.490	 2.67	 1	 -43.0215	  172.1091
0.493	 2.79	 1	 -42.6909	  173.8774
0.494	 2.59	 1	 -41.8648	  173.9720
0.496	 2.16	 1	 -42.3762	  170.7797
0.497	 2.02	 1	 -41.8508	  174.1455
0.499	 2.03	 1	 -42.2942	  172.2933
0.505	 2.98	 1	 -42.3786	  173.7763
0.506	 2.15	 1	 -40.3998	  173.7023
0.506	 2.06	 1	 -41.8728	  174.0523
0.508	 2.31	 1	 -42.5998	  172.1663
0.509	 2.44	 1	 -46.8737	  172.6478
0.512	 2.47	 1	 -42.0809	  171.9126
0.512	 2.18	 1	 -41.4695	  171.6430
0.513	 2.02	 1	 -41.7775	  174.6946
0.515	 2.59	 1	 -45.6052	  168.3613
0.516	 3.04	 1	 -38.2012	  173.3184
0.516	 2.14	 1	 -46.6593	  175.9033
0.519	 2.74	 1	 -42.3051	  174.0697
0.522	 2.06	 1	 -43.4943	  174.2499
0.523	 2.82	 1	 -42.3967	  172.8341
0.525	 2.60	 1	 -42.0991	  171.7754
0.526	 2.11	 1	 -41.8523	  173.0417
0.529	 2.29	 1	 -42.6667	  173.2876
0.536	 2.13	 1	 -42.2616	  173.6544
0.545	 2.45	 1	 -45.8213	  168.6282
0.546	 2.19	 1	 -44.6332	  167.5034
0.546	 2.09	 1	 -42.5936	  173.0653
0.548	 2.27	 1	 -42.8776	  172.2128
0.549	 2.90	 1	 -43.3121	  173.3431
0.551	 2.51	 1	 -41.8115	  174.3368
0.554	 2.23	 1	 -44.5707	  173.2458
0.558	 2.46	 1	 -41.1725	  175.7705
0.563	 3.00	 1	 -42.0597	  173.0452
0.563	 2.07	 1	 -43.5441	  173.0215
0.564	 3.86	 1	 -42.6551	  173.0277
0.565	 2.24	 1	 -42.0744	  172.1700
0.565	 2.27	 1	 -41.8559	  173.9249
0.566	 2.97	 1	 -42.7990	  173.4211
0.566	 2.17	 1	 -42.9216	  171.7282
0.566	 2.34	 1	 -42.6244	  172.1245
0.567	 2.16	 1	 -41.7906	  174.3060
0.573	 2.30	 1	 -42.3697	  174.0202
0.575	 2.45	 1	 -41.9522	  173.6450
0.575	 2.40	 1	 -43.1578	  173.0822
0.578	 2.80	 1	 -39.0390	  176.5884
0.578	 2.14	 1	 -41.7646	  173.5775
0.579	 2.00	 1	 -45.5796	  171.4043
0.580	 2.41	 1	 -43.8157	  171.1130
0.581	 2.26	 1	 -41.7621	  174.2204
0.581	 2.24	 1	 -41.7912	  174.3991
0.581	 2.31	 1	 -42.5292	  173.7441
0.583	 2.23	 1	 -43.2691	  172.7213
0.584	 2.15	 1	 -41.6487	  174.2909
0.586	 2.73	 1	 -40.5261	  171.2889
0.587	 2.12	 1	 -45.9203	  171.3679
0.588	 2.68	 1	 -42.1085	  173.4937
0.591	 2.05	 1	 -42.7212	  174.5017
0.591	 2.62	 1	 -42.3167	  173.7106
0.591	 2.05	 1	 -40.8737	  168.9616
0.592	 3.32	 1	 -42.2201	  173.7942
0.593	 4.63	 1	 -42.1086	  173.5793
0.597	 2.06	 1	 -43.0185	  172.4435
0.598	 2.04	 1	 -42.0008	  174.8405
0.599	 2.13	 1	 -42.2351	  173.5294
0.600	 2.03	 1	 -42.0243	  173.7200
0.601	 2.12	 1	 -41.9536	  173.7109
0.602	 2.78	 1	 -42.1236	  173.5150
0.606	 2.25	 1	 -42.3489	  173.7868
0.611	 2.31	 1	 -43.4537	  173.8466
0.611	 3.01	 1	 -41.0190	  177.3649
0.615	 2.50	 1	 -42.3064	  173.3224
0.617	 2.30	 1	 -42.5758	  172.3520
0.621	 3.00	 1	 -42.3312	  174.2577
0.624	 2.02	 1	 -42.4610	  173.7667
0.627	 2.40	 1	 -42.0632	  173.5389
0.628	 3.13	 1	 -42.2590	  173.7050
0.628	 2.13	 2	 -39.0418	  176.5860
0.635	 2.27	 1	 -41.8285	  174.1693
0.638	 3.60	 1	 -43.5271	  171.8937
0.643	 3.50	 1	 -40.9706	  173.5588
0.644	 2.11	 1	 -38.9350	  169.6618
0.646	 2.02	 1	 -42.2903	  173.6323
0.647	 3.78	 1	 -42.3371	  172.3336
0.648	 3.54	 1	 -45.3991	  168.7742
0.650	 2.52	 1	 -42.6052	  172.9931
0.650	 2.33	 1	 -42.0628	  173.8204
0.654	 2.65	 1	 -42.0025	  175.2728
0.659	 2.01	 1	 -38.8006	  169.9579
0.660	 2.25	 1	 -42.1931	  173.8225
0.661	 2.16	 1	 -43.1190	  170.5556
0.665	 3.07	 1	 -42.6633	  175.5860
0.666	 3.30	 1	 -46.4100	  171.1062
0.672	 2.85	 1	 -42.7803	  172.9856
0.681	 2.09	 1	 -42.6114	  173.7540
0.684	 2.90	 1	 -43.0076	  173.0263
0.685	 2.05	 1	 -43.0400	  172.1291
0.685	 2.32	 1	 -41.9647	  173.7491
0.686	 2.18	 1	 -42.2107	  173.6332
0.692	 2.16	 1	 -41.6856	  173.3749
0.694	 2.12	 1	 -42.0698	  173.7767
0.696	 2.03	 1	 -43.1055	  179.1141
0.697	 2.30	 1	 -41.8230	  174.0606
0.697	 2.27	 1	 -41.8775	  174.3477
0.699	 2.38	 1	 -42.5170	  173.7703
0.700	 2.41	 1	 -43.5469	  173.7073
0.701	 2.75	 1	 -42.4468	  173.0527
0.704	 2.80	 1	 -42.1456	  173.0592
0.704	 2.31	 1	 -42.2595	  173.6355
0.705	 2.09	 1	 -41.9704	  173.6693
0.708	 2.03	 1	 -42.2120	  173.7666
0.709	 2.16	 1	 -42.2101	  173.6370
0.711	 2.55	 1	 -42.2869	  173.6433
0.716	 2.36	 1	 -40.9352	  178.6534
0.716	 2.12	 1	 -42.3684	  173.9998
0.717	 2.03	 1	 -39.0778	  176.6610
0.722	 2.22	 1	 -43.3715	  176.0990
0.723	 4.00	 1	 -43.3997	  172.0088
0.725	 2.05	 1	 -42.4414	  173.1587
0.725	 3.46	 1	 -42.3681	  173.1865
0.726	 2.05	 1	 -41.7461	  173.7377
0.731	 2.81	 1	 -42.2839	  173.8230
0.731	 2.45	 1	 -42.4791	  173.1197
0.733	 2.26	 1	 -41.6915	  174.1967
0.734	 2.12	 1	 -42.2252	  173.0822
0.734	 3.06	 1	 -42.2159	  173.7065
0.735	 2.10	 1	 -42.5151	  172.2521
0.736	 2.62	 1	 -41.9943	  173.1694
0.737	 2.42	 1	 -41.6524	  174.2336
0.739	 2.96	 1	 -42.3524	  173.5340
0.744	 2.04	 2	 -42.0665	  173.0722
0.744	 2.50	 1	 -42.7071	  173.2205
0.745	 2.06	 1	 -42.2137	  173.3831
0.747	 3.41	 1	 -42.3952	  173.7625
0.749	 2.06	 1	 -42.4854	  173.8477
0.758	 2.08	 1	 -44.9824	  172.5407
0.760	 3.04	 1	 -42.0358	  173.6966
0.760	 2.40	 1	 -41.7629	  174.2560
0.763	 2.30	 1	 -42.2818	  173.6595
0.766	 2.06	 1	 -41.6881	  172.7966
0.767	 2.08	 1	 -41.7323	  174.1647
0.777	 2.75	 1	 -42.4688	  173.1711
0.779	 2.31	 1	 -42.1373	  173.4751
0.780	 2.27	 1	 -42.7459	  174.4778
0.783	 3.51	 1	 -41.7550	  174.2660
0.783	 2.42	 1	 -41.8823	  173.7196
0.784	 2.03	 1	 -41.8209	  174.2616
0.790	 2.01	 1	 -41.7827	  174.2758
0.793	 3.79	 1	 -42.9521	  173.0290
0.794	 2.09	 1	 -43.1810	  171.0345
0.795	 2.09	 1	 -42.4255	  172.9737
0.798	 2.34	 1	 -41.6725	  174.2398
0.808	 2.12	 1	 -41.9632	  174.0370
0.808	 2.51	 1	 -41.8361	  174.0956
0.809	 2.65	 1	 -42.1102	  173.9010
0.810	 2.08	 2	 -42.6575	  172.7518
0.813	 2.04	 1	 -41.6895	  174.2211
0.819	 2.03	 1	 -42.3273	  174.3040
0.820	 3.33	 1	 -42.7333	  172.9671
0.821	 2.17	 1	 -41.6831	  174.3016
0.826	 2.74	 1	 -41.9053	  174.1445
0.829	 2.15	 1	 -39.7206	  174.0775
0.832	 2.15	 1	 -42.0281	  173.5796
0.835	 2.53	 1	 -43.1497	  172.7525
0.838	 2.01	 1	 -41.8722	  174.2693
0.846	 2.38	 1	 -41.7397	  174.2584
0.849	 3.63	 1	 -43.1458	  173.4265
0.850	 2.66	 1	 -43.1826	  172.9838
0.850	 2.50	 1	 -42.9314	  173.3922
0.852	 2.00	 2	 -43.2304	  171.1450
0.855	 2.11	 1	 -40.7898	  172.3059
0.857	 2.16	 1	 -41.9871	  174.3878
0.857	 2.90	 1	 -42.7977	  173.0373
0.858	 2.15	 1	 -41.9481	  172.1134
0.861	 2.15	 1	 -42.2328	  173.6547
0.869	 2.31	 2	 -42.1245	  173.4950
0.874	 2.49	 1	 -41.7992	  174.2042
0.874	 2.49	 1	 -41.7824	  171.7114
0.875	 2.51	 1	 -42.3793	  173.6724
0.879	 2.08	 1	 -42.6261	  172.8527
0.879	 2.06	 1	 -41.8759	  174.0876
0.888	 2.10	 1	 -42.4899	  171.9969
0.891	 2.15	 1	 -42.4306	  173.7635
0.893	 2.05	 1	 -44.4767	  168.6880
0.893	 2.58	 1	 -42.0532	  174.0826
0.901	 2.30	 1	 -41.9729	  174.2400
0.902	 2.73	 1	 -42.2930	  173.6513
0.906	 2.39	 1	 -42.5878	  172.2032
0.906	 2.02	 1	 -41.6883	  174.3287
0.910	 2.23	 1	 -41.7136	  174.3290
0.916	 2.25	 1	 -41.7417	  174.1592
0.919	 2.03	 1	 -42.2348	  173.4192
0.920	 2.04	 1	 -42.1764	  173.6058
0.920	 2.87	 1	 -42.2463	  173.6484
0.920	 2.76	 1	 -43.5311	  171.3180
0.921	 2.30	 1	 -42.7442	  179.1395
0.921	 2.37	 1	 -41.9824	  173.7910
0.921	 2.10	 1	 -43.2979	  172.8934
0.928	 2.19	 1	 -42.4156	  173.6100
0.929	 2.00	 1	 -42.5132	  173.2948
0.934	 2.00	 1	 -41.7758	  174.2504
0.934	 2.07	 1	 -45.5131	  173.4280
0.939	 2.45	 1	 -41.8909	  174.1662
0.940	 2.09	 1	 -41.7324	  174.2696
0.943	 2.65	 1	 -41.9477	  174.1885
0.944	 2.11	 1	 -40.4997	  170.5981
0.945	 3.10	 1	 -41.7739	  174.1708
0.951	 2.17	 1	 -41.7241	  174.3108
0.952	 2.06	 1	 -42.6941	  172.8595
0.955	 2.01	 1	 -42.4415	  172.7997
0.955	 2.62	 1	 -43.0151	  172.8889
0.955	 3.98	 1	 -40.4054	  178.2895
0.958	 2.23	 1	 -42.2884	  173.7482
0.959	 2.17	 1	 -41.7575	  174.4306
0.960	 3.97	 1	 -41.8537	  172.5970
0.968	 2.35	 1	 -42.4557	  173.4234
0.972	 2.43	 1	 -41.7262	  173.4716
0.972	 2.18	 1	 -41.8221	  174.4325
0.980	 2.16	 1	 -41.2441	  173.2239
0.980	 2.27	 1	 -43.1525	  171.5072
0.982	 2.40	 1	 -42.4689	  173.8146
0.983	 2.06	 1	 -43.4393	  171.7365
0.984	 2.14	 1	 -43.5733	  172.3414
0.986	 2.35	 1	 -42.3530	  173.9497
0.986	 2.30	 1	 -41.6881	  174.2898
0.987	 2.02	 1	 -42.2679	  173.6927
0.988	 2.98	 1	 -43.3592	  173.5731
0.989	 4.00	 1	 -41.7354	  174.2724
0.990	 2.22	 1	 -41.3702	  170.5114
0.996	 2.09	 1	 -39.1824	  170.0445
0.997	 2.75	 1	 -42.4721	  172.9040
0.998	 2.29	 1	 -39.8037	  172.3359
0.999	 4.27	 1	 -46.0743	  168.9900
1.003	 3.01	 1	 -42.6080	  173.3145
1.004	 2.04	 1	 -42.9600	  172.4011
1.005	 2.60	 1	 -42.0189	  173.8923
1.009	 2.73	 1	 -42.8690	  173.2044
1.011	 2.47	 1	 -42.0155	  173.6778
1.014	 2.42	 1	 -42.7541	  172.8483
1.014	 2.23	 1	 -42.6223	  172.9343
1.015	 2.47	 1	 -41.7616	  174.3801
1.017	 2.07	 1	 -42.5780	  172.9798
1.018	 2.56	 1	 -41.6902	  174.1603
1.019	 2.19	 1	 -42.0962	  173.7837
1.020	 2.23	 1	 -41.9850	  172.8161
1.021	 2.61	 1	 -42.1760	  173.6818
1.024	 2.36	 1	 -43.7757	  173.0461
1.024	 2.69	 1	 -42.6677	  172.8064
1.027	 2.39	 1	 -42.9690	  172.4502
1.032	 2.31	 1	 -42.7453	  173.2448
1.034	 2.50	 1	 -42.6522	  172.8930
1.034	 2.68	 1	 -39.1708	  171.7478
1.034	 2.17	 2	 -42.1318	  173.5350
1.035	 2.73	 1	 -41.6868	  174.2731
1.038	 2.10	 2	 -41.6929	  174.1626
1.039	 2.15	 1	 -42.1315	  173.6451
1.040	 2.01	 1	 -42.9771	  179.1277
1.042	 3.09	 1	 -42.0360	  174.1109
1.043	 2.38	 1	 -39.3551	  173.1764
1.046	 2.05	 1	 -42.7667	  172.5506
1.046	 2.45	 1	 -42.8674	  172.6626
1.047	 2.04	 1	 -42.9320	  172.7551
1.048	 2.06	 1	 -42.1715	  173.5895
1.052	 2.06	 1	 -41.8117	  174.2688
1.055	 2.01	 1	 -42.4898	  173.0642
1.056	 2.18	 1	 -42.2936	  173.1821
1.059	 2.77	 1	 -42.4491	  173.6875
1.062	 2.47	 1	 -41.6833	  174.2328
1.064	 2.37	 1	 -43.3200	  166.9642
1.064	 2.18	 1	 -42.0558	  173.7532
1.064	 2.08	 1	 -44.2889	  174.3155
1.073	 2.03	 1	 -43.0657	  172.5418
1.084	 2.63	 1	 -42.8269	  176.3045
1.088	 2.04	 1	 -41.2895	  172.5334
1.098	 2.57	 1	 -42.5242	  172.9802
1.108	 2.39	 1	 -42.5522	  173.3225
1.108	 2.21	 1	 -42.0090	  174.5184
1.110	 2.31	 1	 -42.2374	  173.7207
1.113	 2.42	 1	 -42.1518	  174.2244
1.115	 2.75	 1	 -41.8524	  174.1447
1.116	 2.39	 1	 -42.0968	  172.9616
1.120	 2.11	 1	 -41.8205	  174.0653
1.120	 2.28	 1	 -43.0909	  173.1411
1.121	 2.31	 1	 -43.1260	  172.9450
1.124	 2.27	 1	 -41.7837	  171.7116
1.125	 2.67	 1	 -42.2765	  173.9721
1.128	 2.19	 1	 -41.8825	  173.9292
1.131	 2.96	 1	 -42.4875	  171.7657
1.131	 2.17	 1	 -42.2772	  173.8230
1.134	 2.05	 1	 -43.4439	  166.9904
1.155	 2.07	 1	 -45.2333	  172.2933
1.161	 2.35	 1	 -41.7181	  174.0116
1.164	 2.24	 1	 -41.7381	  174.1787
1.168	 2.35	 1	 -42.2813	  175.0206
1.168	 2.10	 1	 -42.3408	  173.6840
1.177	 2.04	 1	 -44.4988	  172.6172
1.178	 2.20	 1	 -41.6227	  174.3754
1.181	 2.48	 1	 -41.4949	  171.2481
1.188	 2.17	 2	 -42.3877	  173.7315
1.189	 2.82	 1	 -41.9129	  173.8285
1.190	 2.16	 1	 -42.7799	  173.1575
1.192	 2.29	 1	 -42.2739	  173.5315
1.195	 2.20	 1	 -41.9217	  174.1988
1.198	 2.25	 1	 -44.1487	  171.3957
1.202	 2.01	 1	 -42.0039	  174.3950
1.204	 2.04	 1	 -42.2271	  173.6175
1.206	 2.05	 1	 -43.3544	  172.9592
1.206	 2.48	 1	 -41.6717	  174.2164
1.208	 2.07	 1	 -41.7380	  174.2495
1.211	 2.38	 1	 -43.6967	  173.3006
1.211	 2.13	 1	 -42.0022	  169.4906
1.219	 2.05	 1	 -42.0885	  173.5930
1.224	 2.96	 1	 -42.3316	  173.7310
1.227	 2.19	 1	 -41.4529	  172.1283
1.236	 2.04	 1	 -41.4284	  173.7919
1.236	 2.10	 1	 -42.8871	  172.2372
1.237	 2.09	 1	 -38.7891	  176.0592
1.241	 2.08	 1	 -41.7682	  174.3003
1.242	 2.36	 1	 -45.6897	  177.5827
1.250	 2.42	 1	 -41.9216	  173.7172
1.251	 4.00	 1	 -42.7387	  175.8585
1.251	 2.37	 1	 -40.9388	  175.4654
1.253	 2.49	 1	 -43.0303	  172.7109
1.253	 2.01	 1	 -43.2054	  173.5374
1.255	 2.52	 1	 -42.5328	  173.1576
1.256	 2.45	 1	 -42.5670	  173.3843
1.258	 2.06	 1	 -42.7024	  172.8993
1.258	 2.49	 1	 -42.3465	  173.8519
1.261	 2.05	 1	 -42.3955	  172.9630
1.265	 2.04	 1	 -43.1657	  177.9824
1.266	 2.70	 1	 -42.0035	  173.7858
1.267	 2.06	 1	 -46.4309	  173.5015
1.268	 3.10	 1	 -43.1715	  169.4949
1.269	 3.07	 1	 -41.8090	  174.2640
1.270	 2.49	 1	 -42.7277	  173.4515
1.271	 2.24	 1	 -42.5459	  173.1920
1.275	 2.01	 2	 -41.7376	  174.2484
1.275	 2.08	 1	 -42.6909	  172.9066
1.275	 2.58	 1	 -42.2467	  173.4958
1.284	 2.34	 1	 -42.5452	  172.5777
1.286	 2.72	 1	 -42.1090	  179.0882
1.288	 2.04	 1	 -41.4812	  173.1556
1.293	 2.22	 1	 -43.1819	  173.4377
1.296	 2.37	 1	 -42.0494	  170.6356
1.310	 2.09	 1	 -41.8354	  174.2440
1.312	 3.82	 1	 -45.4883	  173.8082
1.316	 2.58	 1	 -46.5612	  169.9039
1.317	 2.16	 1	 -42.2913	  173.6808
1.323	 2.44	 1	 -43.2077	  173.0982
1.325	 2.78	 1	 -41.7929	  174.2202
1.331	 2.29	 1	 -42.1461	  173.7093
1.332	 2.11	 1	 -45.0485	  167.8113
1.334	 2.81	 1	 -41.7133	  174.2530
1.336	 2.62	 1	 -41.7649	  174.2031
1.341	 2.06	 1	 -42.4711	  173.1222
1.343	 2.24	 1	 -42.2687	  173.6569
1.355	 2.04	 1	 -41.1708	  174.3467
1.355	 2.40	 1	 -43.4894	  174.2271
1.355	 2.33	 1	 -43.6319	  173.5101
1.362	 2.98	 1	 -42.5263	  173.8680
1.364	 3.71	 1	 -42.5837	  173.7948
1.366	 2.30	 1	 -43.1208	  173.8230
1.373	 2.15	 1	 -42.7141	  173.1070
1.375	 2.00	 1	 -41.7755	  174.2244
1.386	 2.44	 1	 -41.7288	  174.2846
1.392	 2.63	 1	 -41.8312	  173.7496
1.399	 2.14	 1	 -41.7707	  174.3531
1.403	 2.54	 1	 -42.0788	  179.0827
1.405	 2.41	 1	 -43.5168	  172.0461
1.407	 2.57	 1	 -43.0790	  173.9237
1.407	 2.21	 1	 -42.9007	  173.4797
1.418	 2.09	 1	 -42.4079	  173.1889
1.420	 2.34	 1	 -41.9492	  174.2205
1.420	 2.03	 1	 -42.6512	  172.8852
1.421	 2.05	 1	 -42.8559	  170.7211
1.427	 2.28	 1	 -38.8374	  174.5469
1.430	 2.27	 1	 -42.3656	  173.7081
1.431	 2.34	 1	 -44.9734	  167.7498
1.431	 2.52	 1	 -43.2366	  174.0876
1.437	 2.17	 1	 -42.1802	  174.2608
1.440	 2.25	 1	 -41.8985	  174.2151
1.444	 2.73	 1	 -42.2558	  173.8985
1.445	 2.65	 1	 -39.4107	  173.7184
1.446	 2.59	 1	 -42.0053	  173.5738
1.448	 2.06	 1	 -41.6937	  174.3819
1.460	 2.41	 1	 -42.1176	  173.7866
1.460	 2.13	 1	 -42.8866	  173.5926
1.462	 2.51	 1	 -40.8867	  172.4515
1.464	 2.04	 1	 -45.4618	  168.2022
1.465	 2.22	 1	 -41.9839	  172.9925
1.467	 2.25	 1	 -42.7104	  173.3593
1.470	 2.40	 1	 -42.2344	  173.8203
1.482	 2.41	 1	 -42.6660	  172.4375
1.484	 2.89	 1	 -43.5907	  172.8937
1.485	 2.29	 1	 -42.0439	  173.4857
1.486	 2.32	 1	 -42.6392	  173.2466
1.489	 2.08	 1	 -41.6422	  174.3401
1.490	 2.22	 1	 -42.3270	  173.4846
1.496	 2.83	 1	 -41.8146	  174.0221
1.501	 2.15	 1	 -44.3288	  173.2262
1.501	 2.05	 1	 -42.7071	  174.5809
1.501	 2.06	 1	 -42.6172	  173.5960
1.503	 2.02	 1	 -43.3868	  172.8936
1.505	 2.59	 1	 -41.8611	  173.2261
1.505	 2.32	 1	 -42.2510	  173.4673
1.520	 2.06	 1	 -42.0644	  173.7477
1.526	 2.32	 1	 -41.8884	  175.9657
1.535	 2.27	 2	 -42.0480	  170.5908
1.544	 2.54	 1	 -42.3762	  173.6947
1.546	 2.71	 1	 -41.6099	  174.3451
1.548	 2.22	 1	 -45.0528	  167.8149
1.556	 2.34	 1	 -42.2519	  173.5988
1.559	 2.29	 1	 -42.7391	  172.7254
1.566	 2.02	 1	 -42.3970	  173.9248
1.567	 2.03	 1	 -42.3025	  177.2050
1.581	 2.16	 1	 -42.8635	  172.8546
1.582	 2.30	 2	 -43.5192	  172.0586
1.587	 2.10	 1	 -43.3090	  174.4822
1.597	 2.56	 1	 -45.3405	  173.3373
1.607	 2.05	 1	 -42.3392	  173.5574
1.607	 2.27	 1	 -40.0942	  178.0152
1.615	 2.97	 1	 -42.5934	  173.0463
1.617	 2.31	 1	 -42.8010	  172.7496
1.631	 2.14	 1	 -41.4351	  171.4657
1.634	 2.01	 1	 -39.8156	  177.7240
1.634	 2.48	 1	 -42.8452	  176.7222
1.642	 3.05	 1	 -42.3343	  173.4040
1.642	 2.35	 1	 -43.4569	  172.4751
1.647	 2.67	 1	 -42.3867	  173.6310
1.661	 2.11	 1	 -42.0218	  174.0736
1.664	 2.47	 1	 -42.3157	  173.9888
1.669	 2.85	 2	 -42.4916	  172.4116
1.675	 2.20	 1	 -41.7256	  174.2654
1.677	 3.09	 1	 -46.2776	  169.3294
1.690	 2.13	 1	 -43.3406	  171.0840
1.696	 2.16	 1	 -42.1150	  173.3649
1.704	 2.12	 1	 -41.7793	  174.4089
1.711	 2.08	 1	 -42.8822	  173.5603
1.718	 2.02	 2	 -43.2321	  174.1001
1.722	 2.07	 1	 -41.9673	  174.0809
1.725	 2.08	 1	 -42.9350	  173.2644
1.727	 2.33	 1	 -42.2697	  173.6850
1.729	 2.66	 1	 -42.4027	  173.9223
1.739	 2.24	 2	 -42.6559	  173.0314
1.747	 2.39	 1	 -41.7576	  174.1438
1.753	 2.61	 1	 -45.0846	  171.9077
1.759	 3.12	 1	 -43.3916	  173.5298
1.759	 2.03	 1	 -42.6243	  174.6507
1.775	 2.22	 1	 -42.2470	  173.0473
1.777	 2.02	 1	 -41.0649	  172.1334
1.778	 2.05	 1	 -42.5684	  173.3149
1.780	 2.19	 1	 -43.0988	  173.6675
1.800	 3.22	 1	 -45.6426	  177.6393
1.804	 2.95	 1	 -47.0453	  174.3113
1.806	 2.16	 1	 -41.6953	  174.2283
1.806	 2.45	 1	 -40.9957	  173.2479
1.808	 2.01	 1	 -41.4935	  171.6638
1.814	 2.31	 1	 -42.2805	  173.2251
1.816	 2.08	 1	 -43.7030	  173.3171
1.818	 2.13	 1	 -42.0359	  172.1438
1.818	 2.70	 1	 -43.4520	  172.7957
1.822	 2.54	 1	 -42.2885	  174.0003
1.837	 2.23	 1	 -42.6430	  172.9269
1.863	 2.06	 1	 -39.3736	  174.1431
1.864	 2.38	 1	 -43.3547	  175.8233
1.867	 2.02	 1	 -42.0214	  173.7176
1.873	 2.10	 1	 -43.9435	  170.9464
1.874	 2.41	 1	 -42.2107	  173.6419
1.876	 2.75	 1	 -41.9038	  173.6698
1.877	 2.03	 1	 -41.8210	  174.1276
1.878	 2.51	 1	 -41.9340	  173.7155
1.887	 2.75	 1	 -42.1460	  173.5410
1.891	 2.13	 1	 -38.3421	  171.4748
1.892	 2.34	 1	 -42.0720	  173.6474
1.903	 3.44	 1	 -43.6466	  173.6812
1.920	 3.46	 1	 -42.0709	  179.0812
1.926	 2.21	 1	 -41.8308	  174.1954
1.929	 2.25	 1	 -42.1984	  172.0875
1.931	 2.88	 1	 -41.4177	  178.8889
1.940	 2.79	 1	 -41.6673	  172.1843
1.943	 2.61	 1	 -42.7954	  173.4043
1.945	 2.40	 2	 -45.4829	  173.8187
1.947	 2.82	 1	 -43.1147	  170.0488
1.948	 2.18	 1	 -43.7462	  174.2517
1.958	 2.60	 1	 -42.1090	  172.8596
1.974	 2.13	 1	 -42.3312	  172.2763
1.975	 2.11	 1	 -42.2330	  173.3553
1.977	 2.60	 1	 -44.2178	  175.1093
1.979	 2.94	 1	 -43.3159	  171.7815
1.982	 3.98	 1	 -42.2897	  173.7122
1.991	 2.26	 1	 -42.2373	  172.4384
1.991	 2.49	 1	 -42.2692	  173.6066
1.994	 2.27	 2	 -42.3255	  173.7595
2.014	 2.51	 1	 -46.8677	  172.8266
2.025	 2.02	 1	 -42.7438	  175.3244
2.026	 2.01	 1	 -42.9756	  173.2718
2.035	 2.70	 1	 -42.1443	  173.4784
2.044	 2.53	 1	 -42.1489	  173.7887
2.045	 2.49	 1	 -42.2311	  173.5821
2.046	 2.36	 1	 -41.7962	  174.4442
2.047	 3.13	 1	 -46.1951	  174.5415
2.048	 2.72	 1	 -42.6044	  172.9995
2.048	 2.35	 1	 -44.6237	  167.4973
2.053	 2.60	 1	 -42.1528	  173.7253
2.057	 2.15	 1	 -42.6370	  172.9839
2.059	 3.52	 1	 -42.1217	  173.7252
2.060	 2.14	 1	 -42.2489	  172.2273
2.067	 2.63	 1	 -42.6002	  173.5295
2.077	 2.37	 1	 -41.7597	  174.2968
2.078	 2.54	 1	 -43.0520	  173.1773
2.090	 2.24	 1	 -46.5055	  169.7793
2.094	 2.12	 1	 -42.7794	  172.8784
2.096	 2.45	 1	 -41.8163	  174.8011
2.100	 2.10	 1	 -43.0276	  173.5176
2.103	 2.13	 1	 -41.7951	  174.2634
2.108	 2.41	 1	 -43.7452	  175.0291
2.111	 2.02	 1	 -44.0259	  171.9695
2.119	 2.38	 1	 -43.3903	  173.6532
2.119	 2.09	 1	 -41.8048	  174.1535
2.122	 2.71	 1	 -42.5601	  173.4814
2.124	 2.11	 1	 -43.9499	  174.2662
2.128	 2.42	 1	 -47.0949	  171.7765
2.145	 2.12	 1	 -42.3329	  173.7312
2.163	 2.09	 1	 -41.7905	  174.2067
2.165	 2.06	 1	 -43.0451	  175.0827
2.168	 2.90	 1	 -42.9145	  172.1930
2.177	 2.19	 1	 -42.5719	  173.1718
2.180	 2.94	 1	 -41.7108	  173.7374
2.184	 2.15	 1	 -41.7347	  174.1940
2.186	 2.14	 1	 -42.2328	  173.6522
2.191	 2.24	 1	 -43.3135	  173.1666
2.192	 2.25	 1	 -41.8111	  174.1789
2.193	 2.13	 2	 -42.2610	  173.7482
2.194	 2.21	 1	 -44.1447	  168.5454
2.196	 2.10	 1	 -47.0664	  171.6025
2.198	 2.53	 1	 -42.8966	  173.4413
2.201	 2.30	 1	 -42.7377	  173.3560
2.208	 3.12	 1	 -42.1044	  173.6902
2.214	 2.17	 1	 -44.9009	  172.6604
2.215	 2.22	 1	 -41.7337	  174.2871
2.217	 2.19	 2	 -42.9006	  173.4895
2.231	 2.07	 1	 -42.6181	  172.9946
2.236	 2.46	 1	 -42.4961	  172.7339
2.240	 2.10	 1	 -42.7009	  172.9425
2.242	 3.35	 1	 -39.0375	  169.4587
2.243	 2.36	 1	 -42.3383	  173.4839
2.246	 2.20	 1	 -43.4778	  172.3092
2.248	 2.15	 1	 -42.5687	  172.0508
2.258	 2.48	 1	 -43.3653	  171.8670
2.264	 3.25	 1	 -41.0884	  172.3805
2.265	 2.11	 1	 -41.7530	  174.1876
2.265	 2.50	 1	 -42.2378	  173.7396
2.265	 2.30	 1	 -41.7443	  174.2675
2.276	 2.77	 1	 -42.6436	  172.1715
2.281	 2.01	 1	 -41.7652	  174.2359
2.284	 2.04	 1	 -41.8579	  174.2632
2.286	 2.41	 1	 -41.9938	  173.6848
2.287	 2.25	 1	 -42.4631	  173.7392
2.289	 2.38	 1	 -41.6317	  174.4890
2.314	 2.32	 1	 -42.7906	  172.6148
2.314	 2.23	 1	 -42.0203	  168.2099
2.316	 2.38	 1	 -42.0944	  173.6166
2.320	 2.39	 1	 -42.6238	  173.0170
2.321	 2.59	 1	 -42.0990	  174.9720
2.321	 2.11	 2	 -42.3771	  172.2532
2.323	 2.35	 1	 -41.9828	  173.7935
2.343	 2.06	 1	 -41.7638	  174.2986
2.354	 2.56	 1	 -41.9509	  173.6459
2.355	 2.23	 1	 -42.1786	  173.5846
2.361	 2.22	 1	 -43.4068	  173.9858
2.363	 2.21	 1	 -38.1960	  173.0006
2.383	 2.47	 1	 -42.1708	  172.7770
2.384	 2.23	 1	 -42.4133	  173.8551
2.384	 2.74	 1	 -41.8299	  174.2958
2.384	 2.28	 1	 -42.7717	  172.9446
2.386	 2.56	 1	 -39.8274	  169.4671
2.392	 2.54	 1	 -41.8649	  172.1243
2.418	 2.71	 1	 -41.7316	  174.2689
2.422	 3.26	 1	 -41.4857	  175.3410
2.425	 2.44	 1	 -42.6230	  173.7216
2.426	 3.88	 1	 -42.0817	  173.5079
2.440	 2.17	 1	 -42.0630	  173.6833
2.446	 2.07	 1	 -41.9033	  174.3475
2.446	 2.10	 1	 -42.0498	  173.5730
2.447	 2.24	 1	 -42.7340	  172.5412
2.459	 2.05	 1	 -42.2212	  173.6657
2.462	 2.42	 1	 -42.2950	  173.8858
2.470	 2.20	 1	 -41.8405	  174.2355
2.475	 2.86	 1	 -42.5837	  173.8106
2.501	 2.45	 1	 -41.7147	  174.1499
2.501	 2.02	 1	 -42.9260	  172.9505
2.510	 2.03	 1	 -42.1429	  173.7099
2.513	 2.24	 1	 -42.7111	  172.5496
2.522	 2.04	 1	 -41.7817	  174.0778
2.529	 2.34	 1	 -43.7916	  172.7095
2.538	 2.35	 1	 -42.9764	  173.2049
2.542	 2.14	 1	 -42.4988	  172.0775
2.545	 2.66	 1	 -45.2387	  171.4468
2.550	 2.00	 1	 -42.2676	  173.6753
2.550	 2.88	 1	 -44.0565	  169.9348
2.553	 2.31	 1	 -42.5716	  169.7979
2.555	 2.76	 1	 -42.4507	  173.0906
2.563	 2.10	 1	 -41.7682	  174.2177
2.564	 2.03	 1	 -41.9390	  171.7258
2.574	 2.05	 1	 -44.4392	  171.9757
2.588	 2.70	 1	 -42.7553	  172.3049
2.595	 2.41	 1	 -42.5563	  173.7279
2.598	 2.02	 1	 -42.1806	  173.4376
2.608	 2.37	 1	 -42.2683	  173.6229
2.618	 2.09	 1	 -41.7161	  174.2231
2.645	 2.62	 1	 -40.8457	  173.1243
2.667	 3.37	 2	 -42.7523	  172.6019
2.674	 2.12	 1	 -42.0469	  172.8648
2.677	 2.29	 1	 -41.8239	  174.0848
2.681	 3.27	 1	 -42.3725	  173.8967
2.682	 3.00	 1	 -41.2836	  172.3320
2.702	 2.14	 1	 -44.3976	  172.9477
2.705	 2.50	 1	 -41.8482	  174.2919
2.714	 3.44	 1	 -41.7714	  172.6726
2.728	 3.16	 1	 -40.0574	  168.0649
2.742	 2.35	 1	 -42.5120	  173.0473
2.747	 2.11	 2	 -42.0795	  173.5404
2.756	 2.81	 1	 -42.2682	  173.6582
2.758	 2.46	 1	 -43.0057	  172.4450
2.759	 2.87	 1	 -42.1723	  170.4271
2.766	 2.06	 1	 -41.9501	  173.6972
2.769	 2.58	 1	 -44.9252	  170.4928
2.769	 3.60	 1	 -46.4699	  171.4084
2.776	 2.52	 1	 -43.5981	  170.7060
2.807	 2.84	 1	 -42.4710	  170.6660
2.836	 2.69	 1	 -42.7815	  173.1776
2.854	 2.79	 1	 -42.2425	  173.6856
2.861	 2.57	 1	 -41.7989	  174.2766
2.864	 4.55	 1	 -43.5432	  173.3044
2.867	 2.01	 1	 -42.3906	  173.7758
2.868	 2.04	 1	 -43.7706	  170.5566
2.871	 2.19	 1	 -42.5231	  173.1848
2.883	 2.06	 1	 -41.7247	  174.3831
2.885	 2.00	 1	 -42.4510	  173.7592
2.889	 2.46	 1	 -41.6816	  174.1201
2.899	 2.03	 1	 -42.1613	  171.4576
2.915	 2.65	 1	 -44.8976	  173.1358
2.918	 2.27	 1	 -41.9270	  173.5821
2.918	 2.68	 1	 -42.4338	  171.9751
2.952	 2.69	 1	 -42.5471	  173.0473
2.981	 2.00	 1	 -42.4312	  173.5363
2.994	 2.32	 1	 -42.5564	  173.1198
3.023	 2.65	 1	 -41.9772	  174.0632
3.024	 3.52	 1	 -42.7321	  172.8932
3.024	 2.05	 1	 -41.7496	  174.1908
3.026	 2.13	 1	 -42.7067	  172.7195
3.028	 2.59	 2	 -42.2818	  174.0452
3.042	 2.10	 1	 -43.5154	  173.5654
3.042	 3.17	 1	 -42.7837	  172.7919
3.044	 2.39	 1	 -42.4607	  173.9445
3.046	 2.37	 1	 -42.9535	  172.6976
3.050	 2.03	 1	 -42.5946	  173.0540
3.053	 2.05	 1	 -41.9519	  173.6414
3.060	 2.40	 1	 -42.0347	  171.1358
3.071	 2.62	 1	 -42.7518	  173.5604
3.078	 2.32	 1	 -42.5929	  172.7658
3.080	 2.15	 1	 -42.5367	  173.5705
3.081	 2.67	 1	 -41.7795	  174.2233
3.088	 2.02	 2	 -42.1355	  173.6965
3.103	 2.46	 1	 -41.0421	  172.2845
3.113	 2.08	 1	 -42.6264	  173.0755
3.115	 2.43	 1	 -41.8452	  174.1648
3.121	 2.06	 1	 -43.0857	  174.0987
3.131	 2.81	 1	 -44.7880	  178.4350
3.141	 2.40	 1	 -41.9262	  175.0567
3.157	 3.06	 1	 -41.8142	  174.2266
3.161	 2.02	 1	 -42.9258	  166.9126
3.163	 2.34	 1	 -42.7894	  174.2033
3.163	 2.07	 1	 -42.8074	  173.6278
3.176	 2.47	 1	 -42.0408	  173.9455
3.193	 2.10	 1	 -42.6393	  173.0112
3.194	 2.34	 1	 -44.4085	  172.8637
3.213	 3.10	 1	 -42.3439	  172.7447
3.232	 3.23	 1	 -43.8442	  172.1366
3.235	 2.09	 1	 -43.4701	  173.8638
3.241	 2.09	 1	 -41.6479	  174.3008
3.245	 2.07	 1	 -42.1380	  173.5477
3.263	 2.03	 1	 -45.0918	  174.1568
3.264	 2.04	 1	 -46.6735	  170.1776
3.265	 3.31	 1	 -42.8716	  173.1924
3.269	 2.58	 1	 -41.7342	  174.2986
3.276	 2.21	 1	 -42.9989	  174.9046
3.280	 3.41	 1	 -42.7373	  172.9035
3.281	 2.62	 1	 -42.4623	  171.2955
3.285	 2.22	 1	 -42.0591	  174.2049
3.286	 2.04	 1	 -43.2988	  168.4999
3.286	 2.24	 1	 -42.1621	  167.9461
3.303	 4.42	 1	 -42.1782	  172.7778
3.304	 2.05	 1	 -38.2677	  174.1106
3.333	 2.37	 1	 -40.3252	  178.2235
3.339	 2.92	 1	 -42.2730	  170.3898
3.340	 2.16	 1	 -42.5117	  173.1553
3.342	 2.38	 1	 -42.0860	  173.7019
3.344	 2.14	 1	 -41.9372	  173.7619
3.344	 2.20	 1	 -42.1177	  173.6259
3.348	 2.54	 1	 -44.3009	  178.7352
3.353	 2.68	 1	 -41.7737	  174.9679
3.359	 2.35	 1	 -39.7700	  177.6716
3.379	 2.57	 1	 -42.1354	  173.8418
3.384	 2.22	 1	 -44.4591	  170.8656
3.390	 2.43	 1	 -41.7891	  170.4283
3.398	 3.04	 1	 -42.2653	  173.5270
3.403	 2.65	 1	 -41.5991	  174.3329
3.407	 2.03	 1	 -43.2299	  173.0114
3.422	 2.34	 1	 -42.8029	  172.6402
3.430	 2.01	 1	 -42.4174	  172.9177
3.441	 2.05	 1	 -41.9620	  173.7974
3.451	 2.21	 1	 -42.1563	  173.6230
3.460	 2.62	 1	 -43.2600	  172.8765
3.474	 3.06	 1	 -43.2924	  173.4989
3.476	 2.89	 1	 -41.8388	  171.6956
3.477	 2.70	 1	 -40.2553	  173.4172
3.478	 2.31	 1	 -42.5631	  173.8986
3.481	 2.09	 1	 -42.3992	  173.1455
3.483	 2.09	 1	 -39.9463	  174.7737
3.483	 2.69	 1	 -42.8380	  173.3198
3.492	 2.02	 1	 -43.4175	  174.0538
3.498	 2.14	 1	 -41.7954	  174.4466
3.501	 2.13	 1	 -42.3482	  173.9786
3.508	 2.68	 1	 -44.7749	  178.4444
3.519	 2.11	 1	 -47.0011	  171.2716
3.523	 2.25	 1	 -42.8847	  173.0657
3.526	 2.30	 1	 -41.9803	  171.4016
3.528	 2.50	 1	 -42.2924	  173.6593
3.538	 2.06	 1	 -41.0509	  172.9565
3.549	 2.65	 1	 -45.9194	  171.7150
3.567	 3.31	 1	 -43.7300	  172.0008
3.581	 2.61	 1	 -41.6623	  174.1036
3.587	 2.77	 1	 -42.5992	  172.9924
3.587	 2.62	 1	 -42.0757	  173.9587
3.595	 2.07	 1	 -42.9240	  171.2585
3.600	 3.56	 1	 -42.0659	  173.7798
3.615	 2.20	 1	 -43.2660	  173.2286
3.623	 2.04	 2	 -41.6622	  174.1053
3.637	 2.90	 1	 -43.2384	  173.1479
3.647	 2.32	 1	 -43.1752	  172.8165
3.651	 2.20	 1	 -42.6279	  172.8245
3.657	 2.47	 1	 -44.2329	  171.7639
3.667	 2.09	 1	 -43.3780	  173.2028
3.687	 2.54	 1	 -42.0565	  172.7701
3.690	 2.23	 1	 -41.9796	  173.7476
3.714	 2.15	 1	 -42.5405	  166.9078
3.737	 2.20	 1	 -42.6260	  172.9321
3.789	 3.66	 1	 -41.8101	  174.2386
3.791	 2.05	 1	 -41.9785	  173.6568
3.795	 2.60	 1	 -41.8028	  174.0531
3.805	 2.37	 1	 -42.1874	  173.6343
3.815	 2.15	 2	 -42.6580	  173.0250
3.815	 2.93	 1	 -43.1221	  172.8828
3.820	 2.82	 1	 -43.1724	  172.2711
3.823	 2.31	 1	 -42.2200	  173.7850
3.842	 2.85	 1	 -44.3461	  170.3074
3.846	 2.82	 1	 -43.8243	  172.9789
3.862	 2.05	 1	 -43.1421	  173.4305
3.873	 2.25	 1	 -42.2193	  175.0723
3.875	 2.37	 1	 -42.1513	  171.7242
3.877	 2.50	 1	 -42.9914	  173.0605
3.904	 2.50	 1	 -41.6766	  172.9326
3.926	 2.23	 1	 -42.2260	  173.9324
3.933	 3.00	 1	 -38.8267	  176.1468
3.938	 2.13	 1	 -47.0886	  171.7356
3.945	 2.05	 1	 -40.5095	  172.2679
3.971	 2.69	 1	 -41.1709	  172.9585
3.975	 2.08	 1	 -39.7611	  173.4165
3.981	 2.14	 1	 -38.6546	  175.7140
3.981	 2.30	 1	 -46.4348	  176.4138
3.993	 2.68	 1	 -41.6751	  174.3079
4.007	 2.06	 1	 -42.1418	  174.0088
4.016	 2.36	 1	 -41.9528	  173.9674
4.018	 2.09	 1	 -41.7032	  174.1569
4.024	 2.24	 1	 -42.7197	  173.6446
4.037	 3.07	 1	 -42.2987	  173.8913
4.043	 2.01	 1	 -42.1820	  174.5128
4.050	 2.20	 1	 -42.1562	  173.6833
4.080	 2.54	 1	 -41.8067	  173.9734
4.090	 2.36	 1	 -42.4361	  173.8903
4.112	 2.34	 1	 -42.0040	  173.4563
4.122	 2.12	 1	 -42.9968	  173.6665
4.125	 2.27	 1	 -42.1811	  173.8150
4.128	 2.34	 1	 -41.8204	  174.0854
4.133	 2.00	 1	 -41.9373	  173.9378
4.138	 2.06	 1	 -41.8898	  179.0417
4.143	 2.05	 1	 -46.9825	  174.8556
4.147	 2.16	 1	 -42.1317	  173.4644
4.147	 2.34	 1	 -41.7670	  174.2955
4.169	 2.82	 1	 -42.6219	  173.0785
4.172	 2.56	 1	 -42.4146	  174.2285
4.179	 2.75	 1	 -42.1690	  171.9108
4.193	 2.41	 1	 -42.5237	  173.8381
4.195	 2.51	 1	 -42.3140	  173.6999
4.213	 2.07	 1	 -42.9700	  171.9808
4.219	 2.50	 2	 -41.7705	  174.3530
4.221	 2.07	 1	 -42.6747	  171.3543
4.222	 2.20	 1	 -42.1976	  173.5329
4.224	 2.79	 1	 -42.6953	  173.2081
4.247	 2.59	 1	 -42.6323	  173.2787
4.251	 2.01	 1	 -42.4033	  171.9245
4.259	 2.47	 1	 -43.3667	  171.9580
4.272	 2.73	 1	 -42.7668	  173.1555
4.282	 2.33	 1	 -41.7443	  174.4859
4.301	 2.84	 1	 -42.4611	  173.1284
4.301	 2.62	 2	 -45.2322	  172.2923
4.305	 2.14	 1	 -42.1855	  173.3814
4.309	 2.04	 1	 -42.8546	  172.8953
4.320	 3.05	 1	 -47.1785	  172.6019
4.321	 2.38	 1	 -42.3451	  173.6197
4.324	 2.12	 1	 -42.3127	  172.1730
4.346	 2.10	 1	 -41.7046	  174.2938
4.350	 2.74	 1	 -40.7204	  178.5201
4.351	 2.21	 1	 -42.5059	  173.0219
4.366	 2.52	 1	 -44.4306	  170.4757
4.369	 2.76	 2	 -42.1027	  173.6899
4.383	 2.31	 1	 -46.7618	  173.4801
4.405	 2.22	 1	 -42.3850	  173.3494
4.416	 2.40	 1	 -42.2085	  173.6328
4.416	 2.30	 2	 -45.4717	  173.7778
4.448	 2.08	 1	 -42.2758	  173.6353
4.458	 3.70	 2	 -44.8929	  173.1356
4.460	 2.44	 1	 -42.2042	  173.5003
4.471	 2.07	 1	 -41.5333	  169.5888
4.472	 3.06	 1	 -42.4359	  173.8401
4.474	 2.40	 1	 -42.5740	  173.0706
4.480	 2.05	 1	 -42.1453	  173.7276
4.502	 2.13	 1	 -43.0653	  172.9327
4.510	 3.24	 1	 -42.0401	  173.6715
4.510	 2.38	 1	 -42.3373	  173.0805
4.518	 2.40	 1	 -45.6127	  174.0454
4.540	 2.04	 1	 -41.7662	  174.2876
4.546	 2.12	 1	 -42.2289	  173.7721
4.574	 2.07	 1	 -41.9025	  173.7765
4.578	 2.33	 1	 -42.5859	  172.8274
4.585	 2.38	 2	 -41.6156	  174.3751
4.598	 2.12	 1	 -41.8067	  174.2742
4.614	 3.03	 1	 -40.7912	  172.4719
4.619	 2.25	 1	 -43.3949	  175.0029
4.663	 2.30	 1	 -42.9515	  173.9953
4.663	 3.28	 1	 -40.7760	  172.5698
4.693	 2.89	 1	 -42.3609	  173.7068
4.702	 2.13	 1	 -42.4838	  173.2626
4.703	 2.03	 1	 -42.3405	  173.2027
4.733	 2.03	 1	 -42.7241	  173.3262
4.746	 3.47	 1	 -41.8056	  174.3918
4.772	 2.53	 1	 -42.0942	  173.9095
4.774	 2.40	 1	 -43.8096	  178.9482
4.775	 2.16	 1	 -42.5650	  172.9133
4.784	 2.14	 1	 -42.6476	  173.6624
4.805	 2.07	 1	 -42.0963	  173.5925
4.814	 2.05	 1	 -45.3721	  177.6537
4.816	 2.19	 1	 -42.2861	  173.6727
4.826	 2.43	 1	 -42.5383	  166.9079
4.832	 2.08	 1	 -44.4642	  171.0654
4.856	 2.16	 1	 -43.4888	  176.3196
4.872	 2.78	 1	 -42.2773	  173.6134
4.877	 2.05	 1	 -43.4871	  167.0006
4.878	 3.23	 1	 -44.6498	  167.5143
4.892	 2.47	 1	 -42.0885	  170.6670
4.899	 2.42	 2	 -41.7924	  174.4103
4.907	 3.02	 1	 -42.2740	  173.5712
4.915	 3.27	 1	 -41.8524	  174.1913
4.928	 2.15	 1	 -42.4359	  173.9556
4.928	 2.12	 1	 -45.6601	  177.6184
4.930	 2.21	 1	 -43.3768	  176.7544
4.935	 2.41	 1	 -42.5711	  173.0216
4.938	 2.01	 1	 -42.0028	  173.5829
4.943	 4.33	 1	 -42.1887	  173.5692
4.943	 3.39	 1	 -46.1922	  176.8635
4.948	 2.92	 1	 -42.8178	  172.5331
4.949	 2.29	 1	 -42.6286	  173.7200
4.959	 2.77	 1	 -42.3278	  173.4306
4.966	 2.03	 1	 -42.2810	  173.6372
4.970	 2.39	 1	 -45.5706	  170.7080
4.989	 2.65	 2	 -45.6096	  170.5947
5.007	 2.28	 1	 -42.0984	  174.5811
5.010	 2.07	 1	 -42.4673	  172.8786
5.019	 3.13	 1	 -40.9388	  176.4025
5.059	 2.08	 1	 -42.7449	  173.4039
5.065	 2.82	 1	 -42.2200	  173.5657
5.070	 2.41	 1	 -42.1451	  173.8267
5.071	 2.02	 1	 -41.6881	  174.1755
5.075	 2.37	 2	 -42.3018	  173.5894
5.087	 2.01	 1	 -41.2995	  170.5445
5.122	 2.67	 1	 -42.2874	  173.8122
5.125	 2.17	 1	 -42.6357	  173.7553
5.126	 3.63	 1	 -41.8287	  173.9978
5.141	 2.48	 1	 -41.7647	  174.1997
5.148	 2.11	 1	 -42.1506	  173.6320
5.171	 2.79	 1	 -42.1218	  173.4395
5.183	 2.18	 1	 -42.7090	  172.9005
5.188	 2.81	 1	 -42.6399	  172.8316
5.188	 3.71	 1	 -42.3770	  171.9654
5.191	 2.39	 1	 -42.2676	  173.6674
5.205	 2.45	 1	 -38.1960	  173.0000
5.217	 2.27	 1	 -42.3465	  172.8007
5.232	 2.20	 1	 -41.8441	  174.0239
5.235	 3.39	 1	 -42.3995	  173.3191
5.243	 3.81	 1	 -42.0708	  176.6641
5.244	 2.02	 1	 -43.1828	  174.1920
5.255	 2.50	 1	 -47.1261	  172.0010
5.272	 2.92	 1	 -42.2763	  172.7540
5.285	 3.75	 1	 -42.7482	  175.1373
5.292	 2.04	 2	 -42.7629	  175.1447
5.302	 2.00	 2	 -42.1335	  176.6340
5.333	 2.63	 1	 -41.9990	  172.7090
5.335	 2.14	 1	 -42.6251	  172.9496
5.353	 2.24	 1	 -42.7130	  173.4417
5.378	 2.60	 1	 -42.7195	  171.7464
5.383	 2.06	 1	 -42.4465	  174.1902
5.394	 2.34	 1	 -41.7614	  174.1120
5.397	 2.04	 1	 -42.7289	  172.0206
5.412	 2.14	 1	 -45.6964	  177.5746
5.417	 2.20	 1	 -42.8701	  169.3798
5.417	 2.41	 2	 -41.7822	  174.1207
5.429	 2.64	 1	 -42.2880	  173.9810
5.449	 2.15	 1	 -41.4437	  175.1869
5.451	 2.02	 1	 -43.4432	  173.6940
5.475	 2.00	 2	 -40.8996	  171.7355
5.482	 2.17	 1	 -42.0835	  173.7603
5.500	 2.08	 1	 -41.6449	  174.2462
5.503	 2.13	 1	 -41.0774	  173.4606
5.503	 2.82	 1	 -39.4428	  168.7938
5.513	 2.18	 1	 -42.5767	  172.5893
5.536	 2.94	 2	 -42.1974	  173.5784
5.541	 2.53	 1	 -47.1832	  172.7427
5.547	 2.67	 1	 -41.9161	  173.9063
5.549	 2.13	 1	 -41.8503	  174.1817
5.570	 2.36	 1	 -44.8384	  168.6026
5.572	 2.22	 1	 -41.9759	  174.4949
5.587	 2.95	 1	 -42.5845	  172.9175
5.593	 2.10	 1	 -41.1677	  171.7102
5.597	 2.26	 1	 -41.7019	  174.2803
5.599	 2.18	 1	 -41.7009	  174.1021
5.673	 2.44	 1	 -42.0182	  173.5184
5.727	 2.56	 1	 -42.0366	  173.8296
5.735	 2.36	 1	 -41.7251	  174.1621
5.767	 2.48	 1	 -41.9002	  173.9691
5.769	 2.33	 1	 -42.5537	  173.0612
5.773	 2.75	 1	 -41.7542	  174.3864
5.779	 3.48	 1	 -45.5105	  175.1193
5.781	 2.31	 1	 -42.2388	  173.8257
5.811	 2.11	 1	 -42.7090	  172.3067
5.837	 2.06	 1	 -42.0228	  173.7066
5.837	 2.18	 1	 -43.1449	  173.2688
5.838	 2.04	 1	 -38.2821	  171.8300
5.839	 2.44	 1	 -42.6450	  166.9047
5.858	 2.34	 1	 -42.9668	  172.1585
5.878	 2.32	 1	 -42.2886	  173.5287
5.888	 2.12	 1	 -43.4188	  173.3778
5.901	 2.03	 1	 -39.4059	  168.8470
5.940	 2.14	 1	 -42.3548	  173.7574
5.942	 2.80	 1	 -41.8287	  174.1521
5.955	 2.01	 1	 -42.1395	  173.4808
5.969	 2.13	 1	 -42.6433	  173.1627
5.975	 2.42	 1	 -41.7975	  174.3608
5.980	 2.07	 1	 -42.6222	  172.5844
5.998	 2.54	 1	 -42.4372	  173.6762
6.010	 2.08	 1	 -41.6809	  173.2211
6.014	 3.35	 1	 -42.2655	  176.9287
6.020	 2.12	 1	 -45.9162	  175.6107
6.026	 2.64	 1	 -42.4950	  173.6717
6.060	 2.23	 1	 -43.1695	  172.5652
6.063	 2.13	 2	 -42.5805	  173.8160
6.087	 2.45	 1	 -44.1974	  172.2745
6.096	 2.03	 1	 -42.7361	  173.6344
6.106	 2.16	 1	 -42.6712	  173.4125
6.112	 2.33	 1	 -41.7245	  174.0609
6.147	 2.99	 1	 -42.7900	  172.1842
6.161	 3.57	 1	 -42.9009	  173.3695
6.190	 3.21	 2	 -41.7716	  174.2758
6.204	 2.20	 1	 -42.3477	  173.7589
6.204	 2.11	 1	 -42.0625	  171.6567
6.240	 2.68	 1	 -41.6818	  174.0687
6.254	 5.44	 1	 -41.1508	  173.0343
6.264	 2.02	 1	 -42.5583	  173.0526
6.267	 2.24	 1	 -41.9611	  173.7225
6.272	 2.11	 1	 -42.5679	  172.8452
6.290	 2.43	 1	 -43.0709	  172.5011
6.312	 2.01	 1	 -41.7016	  174.1766
6.324	 2.03	 1	 -41.4634	  171.8167
6.332	 2.14	 2	 -41.1441	  173.0830
6.351	 2.99	 2	 -41.2041	  173.0298
6.359	 2.27	 1	 -42.2399	  173.7135
6.380	 4.02	 1	 -42.2261	  173.6543
6.383	 2.17	 1	 -42.4752	  173.6873
6.390	 2.20	 2	 -42.2271	  173.6626
6.398	 2.03	 2	 -41.2340	  173.0885
6.400	 2.27	 2	 -41.1886	  172.9958
6.401	 2.39	 1	 -43.1136	  173.4880
6.404	 2.79	 1	 -42.7799	  172.5614
6.405	 2.70	 1	 -42.0698	  173.6759
6.430	 2.57	 1	 -41.7434	  174.2478
6.436	 2.11	 1	 -42.5002	  173.2226
6.441	 2.21	 1	 -46.6105	  176.0243
6.446	 2.51	 1	 -42.2808	  173.5956
6.448	 2.08	 1	 -42.5291	  173.5898
6.472	 2.25	 1	 -42.3028	  173.6578
6.481	 2.53	 1	 -43.0711	  172.9538
6.500	 3.21	 2	 -42.2054	  173.0886
6.509	 2.07	 1	 -41.5841	  173.3642
6.515	 3.31	 1	 -43.6804	  177.7907
6.520	 2.16	 1	 -42.9939	  171.3616
6.522	 2.13	 1	 -42.1818	  173.5747
6.523	 2.57	 1	 -42.9669	  172.5793
6.526	 2.25	 1	 -41.9972	  172.2581
6.544	 2.44	 1	 -42.7789	  174.0251
6.548	 2.23	 1	 -42.8581	  175.4305
6.550	 2.26	 2	 -45.6676	  177.5921
6.563	 2.18	 2	 -41.1595	  173.0421
6.564	 2.24	 2	 -42.2409	  173.6175
6.572	 2.04	 2	 -42.0922	  173.4937
6.581	 2.04	 1	 -43.7271	  178.9758
6.593	 2.28	 1	 -41.8669	  172.9414
6.633	 2.04	 1	 -41.7086	  174.2789
6.634	 3.22	 1	 -42.7330	  173.0204
6.648	 2.17	 1	 -42.7192	  172.9266
6.661	 2.62	 1	 -43.0254	  172.1322
6.690	 2.37	 2	 -41.1205	  173.0730
6.721	 3.08	 1	 -42.2620	  173.0781
6.741	 2.34	 1	 -41.6693	  172.9783
6.745	 2.36	 2	 -43.6279	  171.9225
6.774	 2.48	 1	 -42.4420	  173.7917
6.793	 2.21	 1	 -41.6766	  174.2754
6.805	 3.33	 1	 -43.2324	  172.1232
6.825	 2.19	 1	 -45.9647	  177.2183
6.838	 2.33	 1	 -41.0765	  172.4013
6.852	 2.26	 1	 -42.3114	  173.6891
6.857	 2.39	 1	 -42.0712	  174.1394
6.892	 2.15	 1	 -42.3929	  173.7984
6.893	 2.05	 1	 -42.3497	  173.7479
6.900	 2.36	 1	 -41.7383	  174.3774
6.945	 2.19	 1	 -42.3942	  173.6791
6.961	 2.65	 1	 -41.7361	  174.2779
6.984	 2.06	 1	 -42.1912	  173.5926
6.989	 2.50	 1	 -45.3255	  168.0628
7.027	 2.50	 1	 -41.7410	  174.2645
7.028	 2.04	 1	 -41.8820	  174.2628
7.055	 3.24	 1	 -42.0586	  173.7473
7.060	 3.21	 1	 -44.2626	  173.7538
7.111	 2.25	 1	 -43.8909	  172.2835
7.113	 2.25	 1	 -43.3227	  173.0979
7.114	 2.06	 1	 -38.2384	  172.1829
7.128	 2.12	 1	 -42.0708	  173.8079
7.136	 2.34	 1	 -43.2449	  174.3267
7.146	 2.11	 2	 -44.2856	  173.7093
7.172	 2.35	 1	 -41.1722	  171.8980
7.204	 2.29	 1	 -42.3853	  173.9930
7.258	 2.38	 1	 -42.7156	  172.4132
7.263	 2.14	 1	 -42.1072	  172.5148
7.264	 2.10	 1	 -41.6623	  174.3567
7.294	 2.08	 1	 -38.2645	  171.9582
7.296	 2.46	 1	 -42.3441	  172.8118
7.313	 2.14	 1	 -42.0028	  172.6308
7.336	 2.50	 1	 -42.0275	  170.4828
7.350	 2.19	 1	 -42.6348	  173.0895
7.350	 2.01	 1	 -41.7171	  174.2070
7.373	 2.56	 1	 -43.2906	  173.0735
7.384	 2.21	 1	 -42.0300	  173.8149
7.402	 2.32	 1	 -41.7649	  174.3872
7.408	 2.16	 1	 -40.1055	  178.9691
7.425	 2.36	 1	 -41.6492	  174.3736
7.456	 2.45	 1	 -43.3790	  172.9871
7.460	 2.48	 1	 -44.4508	  168.3685
7.468	 2.97	 2	 -44.4672	  168.3795
7.483	 2.53	 1	 -41.7231	  178.9961
7.485	 2.38	 1	 -42.9270	  172.8909
7.492	 2.89	 1	 -42.5418	  173.2652
7.502	 2.33	 1	 -41.5687	  174.1438
7.511	 2.27	 1	 -41.4907	  174.9636
7.514	 2.36	 1	 -42.5526	  173.1327
7.518	 2.61	 1	 -43.7599	  174.8353
7.566	 2.26	 1	 -42.6266	  172.9586
7.570	 2.89	 1	 -42.5743	  173.4403
7.585	 2.44	 1	 -41.9713	  173.6543
7.589	 3.02	 1	 -42.7017	  172.1320
7.593	 2.09	 1	 -42.6515	  172.7955
7.601	 2.81	 2	 -42.0321	  170.4580
7.606	 2.41	 2	 -41.1434	  173.0269
7.617	 2.53	 1	 -43.5344	  174.2981
7.632	 2.27	 1	 -42.4556	  172.1427
7.637	 2.28	 1	 -42.8975	  172.7945
7.639	 2.37	 1	 -42.2534	  173.6989
7.656	 2.05	 1	 -39.6346	  172.5675
7.667	 2.01	 1	 -41.7623	  174.3311
7.675	 2.42	 1	 -42.1515	  173.5300
7.680	 2.31	 1	 -42.8470	  174.3107
7.706	 2.32	 1	 -41.9450	  166.9895
7.729	 2.57	 1	 -41.5969	  169.7471
7.758	 2.64	 1	 -42.4649	  173.8710
7.839	 2.31	 2	 -42.1932	  172.8194
7.840	 2.07	 1	 -41.9397	  174.1672
7.858	 2.11	 1	 -41.8091	  174.2442
7.890	 2.80	 1	 -42.8363	  172.1479
7.897	 2.53	 1	 -41.7400	  174.2884
7.910	 2.28	 1	 -44.1144	  175.5068
7.910	 2.00	 1	 -42.3756	  173.7903
7.949	 2.62	 1	 -41.4389	  172.3556
7.950	 2.49	 1	 -39.5479	  177.3952
7.959	 2.17	 1	 -42.6475	  171.7886
7.982	 2.42	 1	 -42.3229	  173.6252
7.993	 2.29	 1	 -42.2689	  173.6424
8.009	 3.97	 2	 -42.1626	  172.7801
8.013	 2.56	 1	 -42.8188	  171.1857
8.058	 2.72	 1	 -42.5158	  172.9660
8.060	 2.04	 1	 -41.9210	  173.9867
8.061	 2.01	 1	 -42.4756	  172.1670
8.066	 2.69	 1	 -42.2426	  173.3682
8.076	 2.22	 1	 -41.7531	  174.0962
8.109	 3.17	 2	 -41.2397	  173.0197
8.114	 2.11	 1	 -42.2134	  173.6485
8.121	 3.39	 1	 -42.9127	  173.2592
8.124	 2.16	 1	 -42.1770	  173.8615
8.176	 2.19	 1	 -41.7091	  174.1922
8.189	 2.23	 1	 -41.7566	  174.5227
8.195	 2.09	 1	 -42.6215	  170.1595
8.204	 2.19	 1	 -42.6430	  172.4316
8.236	 2.25	 2	 -42.2075	  173.5024
8.240	 2.33	 1	 -42.0899	  173.8488
8.246	 2.40	 1	 -42.8811	  173.4633
8.248	 2.10	 1	 -42.9051	  172.7985
8.313	 2.50	 1	 -42.2954	  172.6978
8.331	 2.65	 1	 -44.4522	  171.7586
8.336	 2.68	 1	 -43.8537	  178.9324
8.340	 2.31	 1	 -42.1520	  173.7630
8.342	 2.26	 1	 -41.9551	  173.7101
8.350	 2.26	 1	 -41.6409	  174.3164
8.375	 2.32	 1	 -43.2206	  171.0293
8.376	 2.73	 1	 -42.0460	  173.1882
8.407	 3.56	 1	 -41.9716	  171.0389
8.482	 2.00	 1	 -41.3888	  175.1612
8.486	 2.26	 1	 -42.2197	  172.1262
8.493	 2.45	 1	 -41.6666	  174.2554
8.502	 2.30	 2	 -41.2535	  173.2637
8.523	 2.97	 1	 -41.7765	  174.1933
8.542	 2.07	 2	 -43.1641	  173.4445
8.544	 2.13	 1	 -42.8685	  173.1994
8.545	 2.01	 1	 -41.7729	  174.1439
8.564	 2.41	 1	 -43.8315	  173.7043
8.580	 2.04	 1	 -42.5200	  173.2721
8.628	 2.00	 1	 -42.4096	  173.9828
8.633	 2.89	 1	 -43.0574	  175.5217
8.633	 2.33	 1	 -42.3278	  173.5060
8.638	 2.02	 1	 -39.4583	  177.2724
8.652	 2.27	 1	 -42.3022	  173.6192
8.672	 2.65	 1	 -42.1762	  173.7697
8.683	 2.69	 2	 -42.4438	  173.6916
8.690	 2.18	 1	 -41.6797	  174.2014
8.698	 2.43	 1	 -41.7785	  174.4006
8.700	 3.26	 1	 -42.2387	  173.4915
8.701	 2.00	 1	 -41.3057	  177.7772
8.712	 2.56	 1	 -41.7257	  174.2514
8.742	 2.13	 1	 -42.3841	  170.6295
8.762	 2.15	 1	 -42.4096	  173.7703
8.777	 4.69	 1	 -44.9106	  172.3736
8.786	 2.39	 1	 -40.8583	  172.8350
8.827	 2.42	 1	 -42.0091	  174.4010
8.833	 2.20	 1	 -42.1553	  173.8398
8.833	 2.49	 1	 -42.4890	  173.7445
8.836	 2.00	 1	 -42.2625	  173.6293
8.838	 2.16	 2	 -44.8259	  172.3701
8.849	 2.61	 1	 -43.4783	  171.8213
8.868	 2.62	 1	 -42.6479	  173.8808
8.869	 2.14	 1	 -41.0004	  174.8482
8.889	 3.65	 1	 -43.3753	  172.7355
8.899	 2.60	 1	 -41.1273	  173.8904
8.926	 2.53	 1	 -43.0504	  172.4700
8.934	 2.01	 1	 -41.1775	  173.3467
8.947	 2.33	 1	 -42.3176	  173.8452
8.954	 2.98	 1	 -42.8525	  173.7659
8.983	 2.18	 1	 -43.1502	  172.4946
9.009	 2.00	 1	 -42.7367	  174.5731
9.012	 2.06	 1	 -43.3354	  173.8320
9.072	 3.17	 1	 -42.5056	  173.1825
9.096	 2.52	 2	 -39.2852	  176.8498
9.140	 2.00	 1	 -42.6778	  172.8939
9.156	 2.29	 1	 -42.8121	  173.0186
9.180	 2.36	 1	 -41.3936	  174.1129
9.187	 2.37	 1	 -42.6216	  173.9747
9.206	 2.56	 1	 -42.3723	  172.9386
9.211	 2.32	 1	 -42.2735	  173.7094
9.212	 2.22	 1	 -42.0258	  173.7173
9.220	 2.46	 1	 -43.2043	  171.9207
9.258	 2.75	 1	 -42.7005	  173.6526
9.278	 2.11	 2	 -41.2034	  173.1305
9.281	 2.55	 2	 -44.9984	  172.2343
9.310	 2.91	 1	 -42.8520	  172.4791
9.311	 2.35	 1	 -42.7216	  172.6017
9.314	 2.10	 1	 -42.2237	  173.8152
9.316	 3.02	 1	 -42.6296	  173.6053
9.332	 2.05	 1	 -42.5088	  172.9559
9.335	 3.67	 2	 -46.0652	  168.9743
9.360	 3.19	 1	 -42.4869	  173.4518
9.377	 2.05	 1	 -42.6694	  172.9004
9.402	 2.62	 1	 -41.8196	  174.2393
9.416	 2.19	 1	 -43.3063	  179.0827
9.421	 2.17	 1	 -38.9470	  169.6370
9.427	 2.04	 1	 -43.4282	  176.6526
9.428	 3.60	 1	 -42.2515	  174.4030
9.515	 2.58	 1	 -42.2640	  173.6773
9.524	 2.52	 1	 -42.2206	  173.5088
9.554	 2.05	 1	 -41.8495	  174.3115
9.554	 2.13	 1	 -42.5361	  173.1674
9.560	 2.08	 2	 -43.0413	  173.4649
9.648	 2.29	 1	 -42.2811	  173.5516
9.655	 2.05	 1	 -42.9970	  173.9687
9.667	 2.70	 1	 -40.4614	  167.8022
9.696	 2.13	 1	 -42.9792	  176.4536
9.700	 2.54	 1	 -42.1740	  173.7530
9.716	 2.18	 1	 -44.2230	  172.1892
9.763	 2.06	 1	 -42.2664	  173.7177
9.786	 2.60	 1	 -41.9338	  173.8750
9.791	 2.01	 1	 -42.1687	  173.3780
9.816	 2.75	 1	 -42.1375	  173.5887
9.842	 2.04	 1	 -42.5669	  173.0448
9.864	 2.90	 1	 -42.1943	  173.6936
9.899	 2.04	 1	 -42.1102	  174.2122
9.902	 2.01	 1	 -46.8073	  175.4893
9.911	 2.56	 1	 -42.5531	  172.7581
9.955	 2.40	 1	 -42.7868	  175.6537
9.980	 3.23	 1	 -43.6227	  173.7911
10.013	 2.02	 1	 -42.0251	  173.8086
10.024	 2.46	 1	 -42.6993	  172.9265
10.035	 2.03	 1	 -41.9403	  173.6088
10.039	 2.24	 1	 -41.7725	  174.2187
10.057	 2.12	 1	 -42.0385	  173.7889
10.058	 2.18	 2	 -43.5329	  171.3348
10.067	 2.84	 1	 -42.5232	  173.3672
10.112	 2.02	 1	 -42.1519	  174.0475
10.119	 2.42	 1	 -42.0822	  173.7395
10.137	 2.01	 1	 -42.7255	  174.4080
10.137	 2.23	 1	 -46.3791	  176.5249
10.150	 2.20	 1	 -42.4791	  173.0960
10.155	 2.52	 2	 -41.1119	  173.0388
10.162	 2.09	 1	 -41.9873	  178.8997
10.164	 3.14	 1	 -42.7921	  171.8988
10.166	 2.24	 1	 -44.1997	  172.9621
10.179	 2.79	 1	 -40.6927	  178.5016
10.294	 2.07	 1	 -40.6959	  168.8644
10.300	 2.23	 1	 -41.7223	  174.2841
10.328	 2.62	 1	 -39.2660	  169.0606
10.423	 2.52	 1	 -40.7448	  173.3859
10.437	 2.17	 2	 -41.8984	  173.5866
10.440	 2.31	 1	 -41.7804	  174.0919
10.503	 2.08	 1	 -42.2332	  166.9363
10.514	 2.21	 1	 -43.4464	  173.7646
10.547	 2.05	 1	 -42.1389	  173.4454
10.567	 2.61	 1	 -42.0705	  171.4589
10.598	 2.01	 1	 -44.4490	  168.0280
10.611	 2.01	 1	 -41.1783	  173.2784
10.639	 2.58	 1	 -42.9104	  172.9414
10.695	 2.32	 1	 -41.7848	  174.2031
10.699	 2.17	 1	 -42.7833	  172.9431
10.731	 2.17	 1	 -41.7436	  174.0839
10.750	 2.07	 1	 -41.3075	  173.4466
10.751	 2.03	 1	 -41.6888	  172.6147
10.762	 2.29	 1	 -42.5709	  172.8094
10.814	 2.31	 1	 -40.2513	  178.1598
10.819	 2.15	 2	 -41.0785	  173.2287
10.833	 2.55	 1	 -43.7405	  173.7085
10.843	 3.71	 1	 -43.0807	  170.5182
10.874	 2.69	 1	 -42.4302	  173.1882
10.880	 2.10	 2	 -44.8355	  172.3712
10.898	 2.21	 1	 -42.8278	  172.7979
10.925	 2.07	 1	 -41.9751	  173.9568
11.022	 2.34	 2	 -38.2821	  171.4480
11.027	 2.12	 1	 -41.9953	  173.9428
11.039	 2.77	 1	 -42.2075	  173.6466
11.056	 2.96	 2	 -41.7095	  173.7356
11.065	 2.05	 1	 -42.8106	  172.9770
11.068	 2.64	 1	 -42.2669	  171.6652
11.110	 3.24	 1	 -38.2052	  172.6292
11.154	 2.61	 1	 -42.3529	  173.7330
11.170	 2.15	 1	 -42.1651	  172.6381
11.175	 2.83	 1	 -42.1864	  173.5904
11.178	 2.39	 1	 -43.5671	  172.3394
11.196	 2.05	 1	 -42.5026	  173.4450
11.206	 2.22	 1	 -42.2314	  173.6405
11.243	 2.27	 1	 -41.7201	  174.3818
11.256	 2.26	 1	 -39.9889	  173.0798
11.263	 2.45	 1	 -42.4115	  169.7127
11.268	 2.12	 1	 -43.4110	  173.5835
11.300	 2.11	 1	 -42.2158	  173.4208
11.314	 2.82	 1	 -41.8376	  174.5076
11.315	 2.84	 1	 -44.1199	  172.9839
11.319	 2.58	 1	 -40.2448	  176.1373
11.386	 2.29	 1	 -42.0181	  173.6831
11.426	 2.72	 1	 -41.7787	  174.3591
11.427	 2.38	 1	 -42.2007	  173.6377
11.435	 2.42	 2	 -41.0162	  173.3350
11.447	 2.05	 1	 -46.1882	  176.8703
11.491	 2.54	 2	 -42.1787	  173.6036
11.538	 2.22	 1	 -41.7573	  174.0516
11.547	 2.87	 1	 -42.9883	  174.0692
11.582	 2.56	 1	 -42.9551	  173.0210
11.635	 2.38	 1	 -41.8533	  173.9690
11.641	 2.87	 2	 -42.6956	  172.1379
11.644	 2.11	 1	 -44.1884	  170.3874
11.661	 2.23	 1	 -41.8206	  174.2381
11.697	 2.05	 1	 -42.2317	  173.7471
11.706	 2.12	 1	 -41.8741	  173.5176
11.749	 2.06	 1	 -43.9350	  175.0092
11.754	 2.90	 1	 -42.3818	  170.8900
11.786	 2.05	 1	 -42.5639	  172.5052
11.797	 2.04	 1	 -41.7503	  174.2235
11.813	 2.19	 1	 -42.7911	  172.6737
11.848	 2.70	 1	 -42.3589	  172.7121
11.861	 2.43	 1	 -41.9780	  173.8417
11.877	 2.02	 2	 -42.8181	  171.7079
11.888	 2.27	 1	 -42.3261	  173.7222
11.953	 2.02	 1	 -42.6722	  172.9226
11.982	 2.13	 1	 -40.4177	  170.3155
11.999	 2.24	 2	 -42.7447	  175.1382
12.011	 2.85	 1	 -43.2766	  174.7385
12.035	 2.01	 1	 -44.4475	  172.7054
12.039	 2.29	 1	 -42.6163	  172.2270
12.098	 2.01	 1	 -41.7674	  173.1018
12.239	 2.53	 1	 -41.9665	  168.2785
12.281	 2.13	 1	 -42.9093	  174.2246
12.282	 2.26	 1	 -41.7884	  174.2375
12.284	 2.04	 1	 -42.4227	  173.3000
12.305	 2.73	 1	 -43.0473	  173.1138
12.356	 2.42	 1	 -42.9382	  173.1843
12.365	 2.04	 1	 -41.9435	  173.7812
12.377	 2.75	 1	 -41.9885	  173.6251
12.433	 2.08	 1	 -41.6243	  173.5493
12.464	 2.62	 1	 -41.6963	  174.2108
12.469	 2.79	 1	 -44.2817	  171.8966
12.472	 3.55	 2	 -46.1894	  176.8621
12.478	 2.73	 1	 -42.1448	  173.5829
12.503	 2.68	 1	 -42.6957	  172.7673
12.548	 2.22	 2	 -42.4573	  172.7564
12.596	 2.57	 1	 -42.1622	  173.8461
12.627	 2.19	 2	 -43.0949	  173.8161
12.724	 2.02	 1	 -41.8461	  174.3195
12.734	 3.74	 1	 -42.4217	  173.0953
12.780	 2.31	 1	 -43.0370	  172.7130
12.787	 2.86	 2	 -42.3047	  172.5522
12.818	 2.03	 1	 -42.2368	  173.6537
12.825	 2.02	 2	 -40.9724	  173.1755
12.848	 2.40	 1	 -44.0016	  167.2062
12.928	 2.23	 1	 -42.1138	  173.6110
12.935	 2.11	 1	 -42.2877	  173.8176
12.968	 2.69	 1	 -43.1693	  174.4281
13.010	 2.38	 1	 -39.7140	  171.2294
13.014	 2.06	 1	 -41.7080	  174.2489
13.040	 2.06	 1	 -40.0455	  168.0767
13.096	 2.19	 1	 -41.9311	  174.0863
13.114	 2.52	 1	 -43.3448	  173.7620
13.123	 2.05	 1	 -42.3356	  173.4828
13.145	 2.20	 1	 -42.4074	  172.8414
13.163	 2.43	 1	 -41.5407	  169.1977
13.193	 2.21	 1	 -42.2221	  173.6782
13.249	 2.50	 1	 -40.2664	  174.1441
13.277	 2.29	 1	 -42.3048	  173.9169
13.278	 2.51	 1	 -40.6134	  173.4189
13.289	 2.05	 1	 -42.4753	  173.1055
13.300	 2.19	 1	 -42.2483	  173.3453
13.327	 3.29	 1	 -41.7934	  174.3055
13.336	 2.17	 1	 -39.7323	  172.2166
13.357	 2.22	 1	 -42.0009	  174.1644
13.380	 2.64	 1	 -42.2734	  173.9623
13.412	 2.35	 1	 -41.8400	  173.9359
13.413	 2.20	 1	 -41.0828	  172.0798
13.421	 2.68	 1	 -41.8660	  172.2262
13.424	 2.66	 1	 -42.5471	  173.1520
13.433	 2.19	 1	 -42.1916	  173.7988
13.441	 2.02	 1	 -41.5984	  172.0068
13.502	 2.07	 1	 -41.6811	  172.7917
13.502	 3.03	 2	 -42.3047	  173.9213
13.523	 2.17	 1	 -41.7895	  174.3530
13.548	 2.21	 1	 -42.1623	  173.6427
13.557	 2.16	 1	 -44.2006	  167.2587
13.587	 2.53	 1	 -41.0315	  172.1784
13.644	 2.31	 1	 -42.6789	  172.9639
13.673	 2.62	 1	 -42.6426	  172.8505
13.698	 3.21	 1	 -42.4971	  173.1601
13.706	 2.48	 1	 -40.7737	  169.1508
13.727	 2.76	 1	 -41.7874	  174.2645
13.728	 2.41	 1	 -42.5765	  172.7358
13.779	 2.08	 1	 -41.7366	  172.6800
13.796	 2.53	 1	 -42.1671	  173.6061
13.799	 2.54	 1	 -41.9950	  173.5165
13.809	 2.37	 1	 -44.7190	  172.8355
13.820	 2.76	 1	 -42.2131	  173.5858
13.979	 2.08	 1	 -44.2629	  176.2769
14.006	 2.18	 1	 -42.4218	  173.6927
14.049	 2.46	 1	 -42.5314	  173.1022
14.052	 2.08	 1	 -42.4920	  174.1526
14.070	 2.12	 1	 -43.7039	  173.4488
14.144	 2.02	 2	 -41.7681	  174.3014
14.164	 2.29	 1	 -41.7892	  174.2825
14.174	 2.12	 1	 -42.5231	  172.9295
14.196	 2.08	 1	 -43.5452	  174.2933
14.207	 2.38	 1	 -43.0736	  178.2548
14.249	 2.17	 1	 -42.5640	  173.6140
14.262	 2.64	 1	 -42.3860	  172.7563
14.287	 2.57	 1	 -42.8922	  172.7639
14.299	 2.19	 1	 -44.6394	  170.3854
14.312	 2.85	 1	 -42.0550	  173.4665
14.322	 2.22	 2	 -43.4953	  173.3314
14.341	 2.21	 1	 -43.0425	  174.2476
14.380	 2.89	 1	 -41.7099	  174.0255
14.394	 2.01	 1	 -42.6368	  172.8740
14.421	 2.53	 1	 -42.4499	  171.9574
14.438	 2.42	 1	 -38.2444	  173.9182
