# Simulation 342
# RelativeTime(days) Magnitude Generation Latitude Longitude
Time Mag Gen Lat Lon
7.003	 2.63	 1	 -41.1035	  172.7757
7.006	 2.00	 1	 -44.0819	  172.1193
7.011	 2.22	 1	 -40.7127	  167.5293
7.016	 2.38	 1	 -42.0085	  173.7661
7.019	 2.37	 1	 -44.7466	  176.9021
7.025	 3.25	 1	 -44.9435	  167.7261
7.031	 2.60	 1	 -47.0758	  174.3871
7.031	 2.05	 1	 -41.2152	  175.4355
7.034	 2.05	 1	 -42.1915	  173.7297
7.039	 2.54	 1	 -42.9454	  175.7377
7.042	 2.12	 1	 -40.0992	  170.0781
7.043	 3.52	 1	 -44.3133	  178.7287
7.056	 2.77	 1	 -42.7895	  166.9058
7.057	 2.45	 1	 -46.8329	  175.4087
7.058	 2.27	 1	 -43.8559	  167.1126
7.063	 2.46	 1	 -42.9327	  173.9776
7.067	 2.25	 1	 -40.7070	  172.9641
7.069	 2.52	 1	 -38.3800	  171.2896
7.079	 2.23	 1	 -42.7712	  172.7048
7.079	 2.19	 1	 -42.2209	  179.1062
7.084	 2.40	 1	 -42.0445	  172.0244
7.103	 3.88	 1	 -38.6118	  174.8252
7.107	 2.50	 1	 -44.6632	  175.9336
7.107	 2.50	 1	 -43.4628	  166.9948
7.108	 2.18	 2	 -38.6122	  174.8097
7.111	 2.03	 1	 -46.8358	  170.6449
7.132	 2.55	 1	 -42.2158	  174.5949
7.143	 2.20	 1	 -42.0079	  173.5264
7.155	 2.30	 1	 -45.2288	  167.9704
7.161	 2.15	 1	 -42.9707	  179.1282
7.164	 4.08	 1	 -41.7400	  172.2641
7.164	 2.28	 1	 -43.5899	  173.7011
7.169	 2.33	 1	 -41.9842	  179.0636
7.170	 2.12	 1	 -45.8164	  175.3850
7.172	 2.07	 1	 -43.9610	  169.5255
7.173	 2.37	 1	 -41.4530	  175.9882
7.173	 2.42	 1	 -41.9279	  174.6691
7.179	 2.76	 1	 -42.2935	  172.5522
7.181	 2.24	 1	 -39.8425	  168.4322
7.182	 2.35	 1	 -40.2891	  174.4887
7.194	 3.97	 1	 -41.4702	  171.2485
7.207	 2.00	 1	 -38.6103	  175.5874
7.209	 2.55	 1	 -46.7728	  175.5930
7.221	 2.17	 1	 -42.0064	  173.4829
7.223	 3.69	 1	 -46.3034	  176.6680
7.230	 2.30	 1	 -38.5063	  174.2378
7.233	 2.64	 1	 -43.7511	  175.9153
7.240	 2.10	 1	 -42.7949	  171.8752
7.244	 2.25	 1	 -42.5410	  171.2901
7.249	 2.26	 1	 -47.0274	  171.3963
7.249	 2.32	 1	 -42.8818	  172.0531
7.251	 2.64	 1	 -42.5442	  176.9084
7.252	 2.02	 1	 -40.5908	  170.9079
7.254	 2.07	 1	 -42.6148	  174.1685
7.287	 2.91	 1	 -42.7364	  171.3166
7.298	 2.05	 1	 -43.2972	  178.3405
7.305	 2.26	 1	 -42.1331	  166.9519
7.306	 2.52	 1	 -43.3265	  174.2019
7.307	 2.97	 1	 -40.5478	  172.3174
7.317	 3.22	 1	 -39.0991	  173.6337
7.318	 2.17	 1	 -42.4639	  178.0438
7.325	 2.94	 1	 -39.2347	  169.1112
7.327	 2.04	 1	 -39.8292	  170.6086
7.329	 2.06	 1	 -40.9023	  174.6216
7.335	 2.03	 1	 -42.2602	  173.6254
7.340	 2.16	 1	 -43.3276	  174.6440
7.350	 2.98	 1	 -43.2033	  179.1004
7.353	 2.21	 1	 -41.4903	  175.3070
7.357	 2.68	 1	 -44.4048	  167.3652
7.371	 3.00	 1	 -45.9747	  174.7253
7.374	 2.87	 1	 -41.8960	  170.8550
7.388	 2.35	 1	 -42.3279	  179.1198
7.400	 2.60	 1	 -44.2310	  178.7708
7.403	 2.04	 1	 -42.5792	  175.8158
7.404	 2.00	 1	 -44.0363	  176.5358
7.410	 3.03	 1	 -43.6981	  167.0593
7.413	 2.83	 1	 -42.3880	  179.1259
7.413	 2.41	 1	 -40.4129	  169.1724
7.416	 2.55	 1	 -41.2767	  173.0175
7.425	 2.12	 1	 -46.9085	  170.8946
7.425	 2.01	 1	 -42.4969	  173.0999
7.427	 2.20	 1	 -41.5454	  176.9109
7.454	 2.68	 1	 -46.0322	  169.7600
7.454	 2.71	 1	 -40.9358	  172.8526
7.454	 2.15	 1	 -42.6268	  175.0887
7.461	 2.11	 1	 -39.3497	  173.2344
7.462	 3.78	 1	 -42.9805	  171.6535
7.469	 3.34	 1	 -40.0524	  168.0699
7.492	 2.57	 1	 -42.5716	  173.4839
7.500	 2.28	 1	 -44.8290	  172.3932
7.512	 2.42	 1	 -43.6587	  173.7941
7.513	 2.47	 1	 -43.3960	  171.6943
7.519	 2.14	 1	 -38.9544	  176.4224
7.525	 2.41	 1	 -41.8861	  168.0531
7.534	 2.23	 1	 -39.7254	  175.2585
7.540	 2.73	 1	 -41.2619	  167.2222
7.545	 2.05	 1	 -42.0702	  175.2058
7.546	 2.27	 1	 -38.2564	  172.0224
7.594	 2.07	 1	 -38.5539	  175.4143
7.610	 2.86	 1	 -38.3021	  171.7007
7.621	 2.36	 1	 -44.2880	  178.7419
7.627	 2.32	 1	 -43.4669	  170.2079
7.634	 2.41	 1	 -39.7354	  168.4134
7.636	 3.22	 1	 -43.6641	  170.4937
7.639	 2.59	 1	 -38.4778	  170.8903
7.641	 2.23	 1	 -42.3092	  175.3585
7.653	 2.10	 1	 -40.1188	  175.3185
7.653	 2.10	 1	 -38.8454	  169.8551
7.659	 2.19	 1	 -40.5367	  167.6533
7.660	 2.27	 1	 -42.4037	  174.7915
7.666	 2.68	 1	 -44.9832	  169.7075
7.675	 3.08	 1	 -40.2983	  174.5009
7.678	 2.48	 1	 -44.8454	  174.1204
7.681	 2.95	 2	 -40.5268	  167.6497
7.685	 2.74	 1	 -41.3521	  176.3533
7.697	 2.00	 1	 -38.4104	  174.8890
7.716	 2.40	 1	 -42.8677	  167.8666
7.719	 2.08	 1	 -47.0211	  172.3495
7.724	 2.54	 1	 -42.8038	  176.7689
7.734	 2.16	 1	 -43.4022	  174.8132
7.746	 2.09	 1	 -39.5490	  172.4556
7.751	 3.43	 1	 -39.3520	  168.9269
7.753	 2.20	 1	 -42.7211	  172.7388
7.756	 3.35	 1	 -42.0834	  173.7690
7.776	 3.42	 1	 -40.9865	  167.3618
7.777	 2.13	 1	 -43.4030	  170.8828
7.788	 2.43	 1	 -43.9027	  173.8268
7.793	 2.21	 1	 -40.1052	  168.9146
7.802	 2.47	 1	 -43.1156	  174.2035
7.804	 2.18	 1	 -42.7983	  172.9400
7.815	 2.25	 1	 -42.5541	  170.8738
7.816	 2.34	 1	 -40.1541	  168.9718
7.818	 2.54	 1	 -44.0941	  173.7478
7.824	 2.06	 1	 -40.2795	  178.1844
7.834	 2.83	 1	 -38.3266	  171.5579
7.836	 2.20	 1	 -38.5218	  175.3087
7.844	 2.01	 1	 -38.2722	  174.1440
7.845	 2.10	 1	 -41.1821	  176.1914
7.861	 2.16	 1	 -43.0902	  171.3898
7.884	 2.32	 1	 -42.2119	  179.1049
7.884	 2.30	 1	 -42.1350	  173.9975
7.892	 2.19	 1	 -45.2186	  174.8523
7.897	 2.63	 1	 -39.2537	  176.9639
7.901	 2.67	 1	 -41.1187	  175.8177
7.902	 2.82	 1	 -39.8296	  177.7397
7.909	 2.07	 1	 -46.8631	  175.3094
7.914	 2.06	 1	 -38.2636	  174.0797
7.924	 2.10	 1	 -42.8338	  173.9072
7.948	 2.69	 1	 -44.1262	  178.8206
7.966	 2.24	 1	 -43.1691	  173.9133
7.968	 2.30	 1	 -43.6535	  173.0290
7.968	 2.07	 1	 -42.3170	  179.1186
7.973	 2.09	 1	 -42.1399	  176.0250
8.005	 2.08	 1	 -38.2348	  173.8243
8.040	 2.61	 1	 -42.4315	  172.3238
8.046	 2.19	 1	 -42.9971	  179.1259
8.048	 2.77	 1	 -41.0226	  167.3419
8.048	 2.06	 1	 -45.2855	  170.9995
8.058	 2.10	 1	 -40.3251	  170.7945
8.059	 2.24	 1	 -42.4077	  166.9166
8.064	 2.17	 1	 -43.6596	  178.9968
8.065	 2.33	 1	 -44.7268	  173.6030
8.067	 2.22	 1	 -40.9309	  171.7013
8.068	 2.43	 1	 -45.8854	  170.0268
8.077	 3.64	 1	 -42.1642	  174.3510
8.091	 2.08	 1	 -44.4319	  174.5720
8.110	 2.01	 1	 -40.4007	  173.9758
8.111	 2.20	 1	 -41.7936	  174.0715
8.111	 2.35	 1	 -46.4469	  176.3892
8.122	 2.02	 1	 -40.0284	  168.0937
8.137	 3.40	 1	 -43.0976	  172.5512
8.140	 2.23	 1	 -43.1201	  173.2188
8.149	 3.47	 2	 -43.0993	  172.5539
8.149	 2.34	 1	 -40.4557	  169.0617
8.152	 2.10	 1	 -43.0938	  171.1266
8.168	 2.52	 1	 -42.1785	  172.4499
8.184	 2.05	 1	 -44.7024	  172.3854
8.185	 2.17	 1	 -47.0748	  171.6514
8.197	 2.24	 1	 -41.2410	  175.3981
8.204	 2.58	 1	 -41.9312	  171.5799
8.211	 2.20	 1	 -43.7648	  174.7014
8.211	 3.35	 1	 -43.0867	  176.5727
8.213	 2.43	 1	 -40.7671	  170.9783
8.240	 2.04	 1	 -44.4646	  170.5424
8.241	 2.28	 1	 -42.7350	  173.6598
8.248	 2.11	 1	 -42.4958	  171.1902
8.253	 2.37	 1	 -42.0367	  172.7532
8.255	 2.94	 1	 -42.2181	  175.5873
8.261	 3.42	 1	 -44.0420	  168.3438
8.268	 2.08	 1	 -45.6374	  177.6454
8.281	 2.22	 1	 -39.6385	  172.1053
8.283	 2.37	 1	 -42.8862	  171.5540
8.287	 2.77	 1	 -42.2304	  172.0933
8.290	 2.30	 1	 -38.5879	  173.7355
8.291	 2.42	 1	 -41.4722	  167.1339
8.301	 3.52	 1	 -43.8812	  172.8855
8.305	 2.29	 1	 -42.7407	  172.5010
8.308	 2.30	 1	 -42.7101	  166.9044
8.309	 2.34	 1	 -42.8194	  171.8831
8.310	 2.24	 1	 -44.2383	  167.2772
8.319	 2.72	 1	 -41.3967	  172.4229
8.330	 2.36	 1	 -38.6434	  175.6827
8.330	 2.43	 1	 -41.7864	  172.4113
8.338	 2.06	 1	 -42.3283	  173.8950
8.340	 2.00	 2	 -40.6777	  167.5836
8.347	 2.21	 1	 -40.4648	  167.7079
8.368	 2.53	 1	 -44.2465	  175.7418
8.373	 2.10	 1	 -38.5858	  170.5304
8.373	 2.02	 1	 -41.2459	  178.8147
8.382	 2.45	 1	 -41.3254	  175.3053
8.394	 3.16	 1	 -43.5207	  167.0090
8.395	 2.37	 1	 -38.3564	  171.4023
8.399	 2.21	 1	 -44.7675	  174.4710
8.402	 2.29	 1	 -42.9221	  176.0696
8.409	 2.97	 1	 -43.9066	  170.3363
8.412	 2.07	 1	 -41.0901	  167.3060
8.415	 3.23	 1	 -42.8384	  171.1623
8.416	 2.51	 1	 -42.2939	  179.1159
8.421	 2.68	 1	 -45.0518	  170.5790
8.427	 2.26	 1	 -38.2556	  174.0151
8.468	 2.00	 1	 -42.7321	  175.3030
8.469	 2.02	 1	 -43.1384	  174.6918
8.475	 2.31	 1	 -38.2462	  172.1101
8.488	 2.33	 1	 -44.0149	  172.2754
8.507	 2.09	 1	 -46.4978	  176.2815
8.511	 2.17	 1	 -46.5077	  176.2602
8.517	 3.06	 1	 -42.1660	  173.7207
8.525	 2.03	 1	 -43.8160	  172.2563
8.532	 2.88	 1	 -42.0020	  174.3796
8.539	 2.11	 1	 -44.7134	  174.8089
8.540	 2.72	 1	 -38.3720	  171.3267
8.541	 2.64	 1	 -46.1514	  171.4668
8.545	 2.22	 1	 -42.1810	  174.4953
8.545	 2.02	 2	 -44.0759	  168.3359
8.548	 2.46	 1	 -47.0181	  171.3509
8.559	 3.62	 1	 -43.1911	  172.4388
8.561	 2.26	 1	 -46.4677	  169.6986
8.575	 2.26	 1	 -43.0196	  170.5605
8.591	 2.21	 1	 -38.4528	  170.9842
8.597	 2.08	 1	 -43.9986	  176.1859
8.607	 2.34	 1	 -44.2361	  173.0196
8.619	 2.02	 1	 -42.1200	  171.4961
8.624	 2.19	 1	 -40.9944	  172.7104
8.630	 2.50	 1	 -46.8450	  175.3696
8.633	 2.52	 1	 -43.0185	  179.1239
8.649	 2.08	 1	 -40.2770	  176.5248
8.659	 2.75	 1	 -47.0495	  174.5351
8.670	 2.01	 1	 -42.4684	  173.6041
8.672	 2.13	 1	 -38.7943	  176.0715
8.676	 2.11	 1	 -42.0961	  176.3355
8.694	 2.38	 1	 -44.8957	  167.6890
8.694	 2.72	 1	 -43.9680	  172.6593
8.697	 2.75	 1	 -42.7233	  171.9374
8.701	 2.09	 1	 -38.2663	  174.1000
8.701	 2.68	 1	 -41.3960	  174.0986
8.704	 2.32	 1	 -38.3203	  174.4513
8.709	 2.14	 1	 -42.2451	  174.1017
8.713	 2.05	 1	 -42.2262	  173.6926
8.715	 2.52	 1	 -44.0786	  175.1334
8.716	 2.61	 1	 -42.4524	  173.7328
8.721	 2.40	 1	 -41.8895	  173.8061
8.731	 2.19	 1	 -44.7305	  174.0361
8.732	 2.59	 1	 -40.1579	  172.8401
8.740	 2.21	 1	 -43.5647	  172.6132
8.743	 2.09	 1	 -44.9698	  174.6678
8.747	 2.31	 1	 -40.4728	  178.3426
8.763	 2.41	 1	 -45.2461	  173.8950
8.771	 2.42	 1	 -46.3331	  176.6129
8.773	 2.10	 1	 -43.8688	  167.1174
8.790	 2.41	 1	 -43.4747	  173.7805
8.800	 2.59	 1	 -42.7963	  173.1608
8.819	 2.63	 1	 -41.6217	  167.0804
8.830	 2.43	 1	 -40.9050	  168.1986
8.833	 2.46	 1	 -47.0944	  174.2715
8.853	 2.21	 1	 -45.5471	  168.2952
8.860	 2.02	 1	 -38.5929	  170.5087
8.861	 2.36	 1	 -42.0648	  172.0177
8.861	 2.00	 1	 -44.2679	  171.7434
8.864	 3.13	 1	 -43.9597	  170.4870
8.892	 3.17	 1	 -42.8773	  176.1772
8.895	 2.08	 1	 -46.2426	  176.7770
8.898	 2.64	 1	 -39.9088	  174.7990
8.915	 2.14	 1	 -42.4362	  174.3462
8.916	 5.90	 1	 -38.2148	  172.4623
8.916	 2.72	 2	 -38.1820	  172.4458
8.917	 2.06	 2	 -38.2409	  172.4194
8.917	 2.52	 2	 -38.1746	  172.5756
8.918	 2.02	 2	 -38.2039	  172.4133
8.918	 2.41	 2	 -38.1628	  172.3355
8.918	 2.00	 2	 -37.8757	  172.5850
8.919	 4.79	 2	 -38.2160	  172.5083
8.920	 2.54	 2	 -38.1089	  172.4789
8.921	 2.45	 2	 -38.1190	  172.3824
8.921	 2.37	 2	 -38.4852	  172.2307
8.922	 2.62	 2	 -38.2242	  172.4750
8.922	 2.26	 1	 -43.1531	  174.0569
8.924	 2.66	 1	 -46.8316	  175.4128
8.924	 2.16	 2	 -38.2466	  172.5866
8.925	 3.61	 2	 -38.1847	  172.4599
8.925	 2.22	 2	 -38.1481	  172.4638
8.927	 2.56	 2	 -38.2634	  172.5041
8.928	 2.15	 2	 -38.2288	  172.3827
8.932	 2.03	 1	 -43.1686	  170.7231
8.932	 2.60	 2	 -38.7132	  172.4582
8.932	 2.05	 2	 -38.0781	  172.4328
8.934	 2.52	 1	 -41.7490	  174.2976
8.941	 2.53	 2	 -38.2778	  172.3914
8.942	 2.19	 2	 -38.1773	  172.5224
8.946	 2.03	 1	 -41.2511	  173.7314
8.949	 2.04	 1	 -46.8199	  173.8447
8.949	 2.73	 2	 -38.2241	  172.4526
8.952	 2.25	 3	 -38.6609	  172.7576
8.955	 2.30	 1	 -43.2366	  166.9493
8.957	 2.72	 2	 -38.2430	  172.5299
8.966	 2.62	 2	 -38.1495	  172.5026
8.975	 2.58	 1	 -46.7605	  175.6288
8.975	 2.02	 1	 -38.4873	  172.4981
8.977	 2.16	 2	 -38.2336	  172.4571
8.977	 2.14	 2	 -38.1984	  172.6073
8.984	 3.09	 2	 -37.8646	  172.5263
8.986	 2.14	 2	 -38.2977	  172.6605
8.987	 2.27	 1	 -38.3241	  171.5719
8.989	 2.00	 1	 -46.4205	  173.8319
8.990	 2.29	 1	 -47.0791	  174.3670
8.990	 2.06	 2	 -38.2898	  172.5952
8.990	 2.27	 1	 -44.2675	  170.5165
8.993	 2.93	 1	 -38.4231	  174.9422
8.997	 2.12	 2	 -38.2486	  172.4160
9.003	 2.46	 2	 -38.5920	  173.3875
9.004	 2.04	 2	 -38.0392	  172.1700
9.007	 2.04	 1	 -43.0768	  179.1176
9.007	 2.73	 1	 -44.1337	  172.8482
9.012	 2.39	 2	 -39.4431	  172.6394
9.024	 2.06	 1	 -43.4267	  172.5724
9.025	 4.27	 1	 -41.5396	  176.8554
9.027	 2.20	 1	 -43.3446	  179.0753
9.027	 2.57	 1	 -40.2087	  174.7650
9.035	 2.00	 1	 -41.5212	  171.2592
9.038	 2.87	 1	 -44.0083	  172.4659
9.038	 3.30	 2	 -41.5239	  176.8257
9.043	 2.41	 2	 -38.0441	  172.4699
9.048	 2.00	 1	 -45.6009	  172.7333
9.051	 2.22	 1	 -41.9275	  173.9161
9.053	 2.25	 3	 -38.2272	  172.4875
9.059	 3.07	 1	 -41.4699	  178.9094
9.062	 2.07	 1	 -40.0679	  177.1317
9.062	 2.14	 1	 -46.7436	  170.3671
9.085	 2.23	 1	 -38.2582	  174.0366
9.088	 2.20	 1	 -43.9745	  172.7079
9.094	 2.63	 1	 -39.8903	  177.8067
9.102	 2.67	 1	 -38.3404	  174.5606
9.106	 2.95	 1	 -43.3967	  173.2851
9.108	 2.92	 1	 -41.1776	  171.2922
9.114	 2.06	 1	 -43.1538	  174.9084
9.122	 3.32	 1	 -44.0457	  177.8123
9.138	 2.12	 1	 -40.5201	  172.9603
9.139	 2.80	 1	 -38.2977	  171.7280
9.148	 2.78	 1	 -41.4644	  167.1369
9.161	 2.18	 2	 -38.1761	  172.5334
9.169	 2.71	 1	 -39.3655	  177.1376
9.179	 2.11	 1	 -41.3166	  177.2742
9.185	 2.05	 1	 -43.3474	  170.9334
9.190	 2.90	 1	 -44.5299	  167.4383
9.196	 2.33	 1	 -40.2357	  173.3846
9.205	 2.20	 1	 -43.0417	  172.5135
9.206	 2.59	 1	 -45.0821	  170.4969
9.213	 2.51	 2	 -38.1591	  172.4828
9.238	 4.58	 1	 -43.6644	  173.5062
9.238	 2.19	 1	 -42.4774	  171.2606
9.242	 2.35	 2	 -38.2392	  172.4683
9.244	 2.56	 1	 -42.1477	  172.6937
9.247	 2.23	 1	 -43.3606	  174.2958
9.251	 2.76	 1	 -41.2987	  174.4560
9.256	 2.47	 2	 -38.1994	  172.4055
9.259	 2.26	 1	 -40.6859	  174.6777
9.265	 2.21	 1	 -42.2382	  174.4836
9.274	 2.56	 1	 -42.9333	  171.2200
9.277	 2.90	 1	 -47.1096	  171.8765
9.279	 2.30	 1	 -42.5898	  170.6656
9.283	 2.48	 1	 -41.9143	  166.9966
9.285	 2.19	 1	 -45.6803	  168.4501
9.287	 2.37	 2	 -43.6788	  173.5165
9.293	 2.88	 1	 -44.8981	  170.4337
9.301	 2.55	 1	 -42.6048	  173.6452
9.320	 2.08	 1	 -44.5288	  173.2570
9.322	 2.09	 1	 -45.3067	  177.7793
9.331	 3.67	 1	 -43.9267	  173.4095
9.336	 2.85	 1	 -40.7419	  169.4562
9.352	 2.36	 1	 -38.2511	  173.9775
9.353	 3.28	 1	 -39.6420	  168.5275
9.360	 2.25	 1	 -45.9590	  174.3058
9.371	 2.85	 1	 -46.4502	  176.3823
9.384	 3.34	 1	 -38.3031	  171.6943
9.388	 2.23	 1	 -39.8246	  177.7341
9.396	 2.04	 2	 -43.6894	  173.4615
9.401	 2.97	 1	 -42.2502	  166.9340
9.402	 2.20	 1	 -46.2771	  176.7159
9.408	 2.85	 2	 -38.1370	  172.5091
9.417	 2.13	 1	 -42.4474	  172.7006
9.419	 2.21	 2	 -38.9981	  172.8492
9.424	 2.04	 1	 -43.8321	  172.7117
9.435	 2.27	 2	 -38.2324	  172.3553
9.438	 2.04	 1	 -41.2721	  167.2176
9.439	 2.35	 1	 -42.3263	  172.5392
9.443	 2.80	 1	 -45.4367	  172.6258
9.447	 2.07	 1	 -38.2101	  172.5369
9.459	 2.65	 1	 -44.8877	  174.8716
9.480	 2.76	 1	 -41.2903	  171.2888
9.485	 2.23	 1	 -39.6756	  177.5585
9.489	 2.49	 1	 -46.8236	  175.4384
9.491	 2.07	 1	 -42.9297	  173.4695
9.509	 2.09	 1	 -44.7417	  170.6038
9.512	 3.90	 1	 -41.3753	  174.2704
9.512	 2.31	 2	 -38.2928	  171.7181
9.513	 2.56	 1	 -44.0322	  167.1822
9.516	 2.01	 1	 -47.1753	  172.5430
9.520	 3.74	 1	 -41.8399	  171.0870
9.521	 2.65	 1	 -43.5247	  179.0343
9.545	 2.06	 1	 -46.1413	  169.0965
9.570	 2.10	 1	 -40.1023	  171.3605
9.585	 2.29	 1	 -40.1411	  172.7258
9.595	 2.08	 1	 -43.2550	  179.0919
9.597	 2.62	 1	 -43.9418	  174.2086
9.597	 2.16	 1	 -42.3169	  171.2920
9.600	 2.42	 1	 -39.1524	  176.7943
9.616	 2.44	 1	 -42.2999	  176.2062
9.629	 3.09	 1	 -43.1741	  169.0216
9.638	 2.68	 1	 -42.5581	  172.7087
9.651	 2.42	 1	 -46.0755	  168.9918
9.652	 2.03	 1	 -38.6933	  170.2255
9.660	 2.47	 1	 -42.4556	  170.6600
9.679	 2.08	 1	 -40.9754	  169.7688
9.681	 2.27	 1	 -40.1116	  178.0318
9.685	 2.80	 1	 -44.3349	  174.7509
9.690	 3.83	 1	 -44.2593	  170.1863
9.697	 2.21	 1	 -43.8261	  176.6608
9.698	 2.14	 1	 -40.2915	  178.1948
9.699	 2.20	 1	 -39.9413	  177.8612
9.712	 2.07	 1	 -43.2633	  170.6658
9.726	 2.96	 1	 -38.6788	  170.2641
9.732	 2.48	 2	 -43.5271	  179.0254
9.741	 2.28	 1	 -42.6985	  168.7478
9.742	 2.18	 1	 -38.5112	  170.7718
9.747	 2.44	 1	 -40.6236	  173.6328
9.754	 2.14	 1	 -38.9577	  169.6152
9.770	 2.79	 1	 -41.9078	  173.9117
9.772	 2.31	 1	 -44.5577	  170.3060
9.779	 2.00	 1	 -42.8707	  167.6607
9.784	 2.08	 1	 -39.3631	  174.9838
9.788	 2.61	 1	 -40.8206	  167.4597
9.789	 2.44	 1	 -43.7718	  167.0832
9.800	 2.11	 1	 -44.3509	  174.7038
9.807	 2.03	 1	 -38.6901	  170.2338
9.819	 2.42	 1	 -42.0378	  175.0241
9.823	 2.12	 2	 -38.0741	  172.4536
9.825	 2.97	 1	 -38.5299	  175.3357
9.849	 2.06	 2	 -38.2386	  171.9912
9.851	 4.00	 1	 -38.4150	  171.1360
9.875	 2.26	 1	 -38.7885	  173.6523
9.887	 2.55	 1	 -40.1874	  172.2669
9.896	 2.28	 1	 -47.1883	  173.1373
9.908	 2.08	 1	 -39.1045	  172.7375
9.909	 2.03	 1	 -44.3245	  176.4924
9.918	 2.16	 1	 -45.7658	  170.9822
9.925	 2.12	 1	 -46.6447	  175.9401
9.934	 2.79	 1	 -41.2717	  172.8825
9.939	 2.68	 1	 -42.8961	  171.5908
9.953	 2.58	 1	 -44.3177	  174.6244
9.956	 2.88	 1	 -40.8189	  170.6139
9.959	 2.26	 1	 -45.7554	  177.5012
9.964	 2.64	 1	 -38.6200	  175.6157
9.965	 2.08	 1	 -41.2633	  173.5650
9.968	 2.14	 1	 -43.0041	  166.9190
9.969	 2.42	 2	 -38.2132	  172.5389
9.973	 2.03	 1	 -43.0235	  172.6859
9.980	 2.17	 2	 -38.4196	  171.1881
9.984	 2.22	 1	 -42.6233	  173.4720
9.984	 2.41	 1	 -42.6262	  173.0759
9.990	 2.54	 1	 -39.4969	  177.3262
9.998	 2.04	 1	 -47.0921	  174.2865
10.000	 2.13	 1	 -44.1239	  178.8217
10.009	 2.59	 1	 -41.4059	  175.5064
10.010	 2.66	 1	 -43.9000	  178.9152
10.019	 2.12	 1	 -44.6825	  167.5360
10.023	 2.66	 1	 -42.4044	  173.6245
10.031	 2.53	 1	 -42.4989	  173.0328
10.042	 3.59	 1	 -43.1632	  173.9761
10.068	 2.65	 1	 -41.0339	  167.3357
10.096	 2.15	 1	 -47.0022	  171.2763
10.113	 2.54	 1	 -41.6959	  171.1769
10.118	 2.20	 1	 -38.4037	  174.8604
10.120	 2.31	 1	 -41.9724	  179.0610
10.136	 2.54	 1	 -44.2405	  167.2783
10.142	 2.26	 1	 -42.0426	  171.3143
10.146	 2.21	 1	 -44.3727	  168.9704
10.150	 2.31	 1	 -40.0972	  178.0180
10.170	 2.11	 1	 -42.1616	  173.1038
10.180	 2.42	 1	 -42.8593	  179.1357
10.185	 2.34	 2	 -38.2273	  172.4478
10.186	 2.13	 1	 -42.6057	  173.3216
10.195	 2.92	 2	 -37.6947	  172.8008
10.200	 2.06	 1	 -41.6168	  170.8431
10.213	 2.63	 1	 -38.2922	  171.7630
10.231	 2.09	 1	 -42.9485	  171.2182
10.247	 2.09	 1	 -39.3198	  177.0683
10.249	 2.25	 1	 -43.6594	  171.7595
10.252	 2.71	 1	 -42.0669	  174.6342
10.254	 2.04	 1	 -41.5455	  171.7808
10.255	 2.56	 1	 -42.6317	  170.9882
10.258	 2.47	 1	 -41.8401	  167.1839
10.280	 2.12	 1	 -38.4598	  170.9572
10.283	 2.23	 1	 -42.8390	  172.3185
10.284	 2.06	 1	 -42.0510	  169.8210
10.289	 2.11	 1	 -46.6935	  174.2836
10.314	 2.63	 1	 -44.2047	  177.2884
10.318	 2.08	 1	 -41.2766	  177.0113
10.354	 2.30	 1	 -42.1667	  172.6434
10.361	 2.29	 1	 -44.3277	  178.7211
10.382	 2.14	 1	 -39.8954	  175.1770
10.405	 2.13	 1	 -47.1400	  172.1204
10.417	 2.10	 1	 -43.7025	  176.1385
10.422	 2.53	 1	 -44.5567	  176.0180
10.442	 2.27	 1	 -38.6724	  170.2815
10.447	 2.61	 1	 -40.7461	  176.7954
10.458	 2.53	 1	 -38.2920	  174.2797
10.485	 2.23	 1	 -46.3343	  169.4336
10.486	 2.05	 1	 -44.5183	  178.6129
10.491	 2.20	 1	 -42.5352	  173.1144
10.495	 2.16	 1	 -42.2820	  173.6651
10.495	 2.49	 1	 -38.3380	  171.4964
10.506	 2.22	 1	 -39.5004	  168.7134
10.522	 2.21	 1	 -43.2897	  172.8784
10.561	 2.01	 1	 -43.8532	  178.9326
10.562	 2.16	 1	 -38.5280	  175.3294
10.567	 2.03	 1	 -42.4569	  173.4874
10.568	 3.48	 1	 -46.0170	  177.1415
10.569	 2.36	 1	 -42.2739	  173.7827
10.576	 2.06	 1	 -45.7179	  171.4275
10.580	 2.34	 2	 -46.0205	  177.1491
10.581	 2.57	 1	 -44.5094	  172.2272
10.581	 2.67	 1	 -42.4911	  171.2627
10.588	 2.91	 1	 -43.7871	  167.0883
10.589	 2.38	 1	 -44.8137	  167.6278
10.591	 2.79	 1	 -39.6547	  173.6792
10.595	 2.46	 1	 -41.1077	  176.1735
10.604	 3.15	 1	 -42.2244	  179.1067
10.609	 2.20	 1	 -38.2362	  173.8394
10.615	 2.09	 1	 -42.7115	  174.9032
10.615	 2.79	 1	 -40.2562	  174.9652
10.625	 2.69	 1	 -43.8472	  171.9470
10.628	 2.25	 1	 -45.0856	  178.2016
10.638	 2.69	 1	 -43.9407	  172.7200
10.641	 3.40	 1	 -41.2721	  171.3006
10.659	 2.43	 1	 -42.9535	  173.1103
10.659	 2.48	 2	 -38.2565	  172.3670
10.661	 2.38	 1	 -46.9057	  171.3846
10.671	 2.28	 1	 -45.3374	  176.5314
10.684	 2.03	 1	 -43.1619	  168.2322
10.685	 2.37	 1	 -39.1560	  169.2437
10.686	 2.79	 1	 -42.6774	  176.0193
10.691	 2.57	 1	 -42.6638	  171.3834
10.696	 2.06	 1	 -40.3849	  167.7714
10.700	 2.74	 1	 -47.1834	  172.7140
10.709	 2.02	 1	 -43.5580	  173.9951
10.714	 2.24	 1	 -47.1888	  173.0985
10.719	 2.22	 1	 -44.3281	  171.6298
10.733	 3.00	 1	 -43.5993	  179.0143
10.741	 2.62	 1	 -42.7440	  175.5561
10.743	 2.55	 1	 -40.8347	  171.7603
10.753	 2.50	 1	 -42.0007	  176.3084
10.763	 2.38	 1	 -43.6013	  174.4621
10.769	 2.16	 1	 -42.6034	  179.1387
10.771	 2.23	 1	 -41.0457	  177.1455
10.788	 2.17	 1	 -41.1419	  178.7646
10.797	 2.53	 1	 -43.7860	  174.7395
10.801	 2.67	 1	 -39.0102	  169.5110
10.803	 2.25	 1	 -41.8077	  177.9471
10.805	 2.71	 1	 -46.7896	  175.5430
10.820	 2.83	 1	 -40.8479	  173.2403
10.830	 2.59	 1	 -41.4713	  171.0225
10.833	 2.13	 1	 -43.8200	  173.9747
10.850	 2.40	 2	 -43.7903	  167.0859
10.855	 2.39	 1	 -42.0338	  177.6078
10.869	 2.04	 1	 -42.1703	  177.1413
10.874	 2.01	 1	 -44.5759	  173.7157
10.890	 2.59	 1	 -38.3093	  174.3873
10.891	 2.77	 1	 -41.4286	  173.7126
10.910	 2.58	 1	 -41.9272	  174.2411
10.914	 2.37	 1	 -42.1607	  178.2653
10.931	 2.46	 1	 -43.7854	  174.7879
10.933	 2.33	 1	 -44.6989	  177.6580
10.936	 2.08	 1	 -47.0288	  174.6415
10.942	 2.07	 1	 -47.1763	  172.5598
10.953	 2.26	 1	 -47.1653	  172.3933
10.954	 2.65	 1	 -45.7806	  168.5752
10.958	 2.27	 1	 -41.3495	  174.4033
10.958	 3.10	 1	 -44.7000	  173.2203
10.966	 2.00	 1	 -46.9155	  175.1237
10.966	 2.09	 1	 -40.8927	  169.3425
10.966	 2.27	 1	 -42.1964	  179.1026
10.971	 2.26	 1	 -42.9088	  169.9686
10.993	 2.17	 1	 -42.9010	  170.7012
11.012	 3.28	 1	 -41.2978	  167.2061
11.014	 2.57	 1	 -44.6004	  178.5620
11.022	 2.39	 1	 -40.6445	  173.2355
11.032	 2.12	 1	 -38.6096	  170.4591
11.034	 2.16	 1	 -38.1962	  172.9510
11.037	 2.11	 1	 -42.2626	  173.0543
11.067	 2.08	 1	 -41.9874	  175.0580
11.067	 2.87	 1	 -39.8288	  173.4966
11.076	 2.19	 1	 -45.0989	  174.3449
11.094	 2.07	 1	 -46.9877	  171.2115
11.094	 2.29	 1	 -45.7940	  177.4518
11.098	 2.12	 1	 -47.1503	  172.2197
11.105	 2.28	 1	 -43.3246	  177.7628
11.109	 2.20	 1	 -40.0494	  175.6813
11.116	 2.68	 1	 -41.2489	  167.2282
11.119	 2.02	 1	 -42.4967	  175.2038
11.124	 2.03	 1	 -40.0694	  169.3312
11.125	 2.48	 1	 -38.9379	  169.6558
11.136	 3.04	 1	 -45.7729	  177.4789
11.138	 2.02	 1	 -41.5645	  170.4994
11.142	 2.21	 1	 -43.8244	  176.8704
11.159	 2.10	 1	 -44.6165	  169.0490
11.159	 2.62	 1	 -39.9511	  177.8714
11.177	 2.66	 1	 -43.6664	  172.1347
11.178	 2.48	 1	 -46.5412	  172.3366
11.190	 2.06	 1	 -38.4219	  171.1071
11.194	 2.08	 1	 -47.1286	  174.0224
11.197	 2.96	 1	 -45.0914	  175.8705
11.215	 2.07	 1	 -41.8353	  172.8557
11.216	 2.57	 1	 -42.0179	  173.6536
11.230	 2.16	 1	 -42.5850	  172.8504
11.234	 2.04	 1	 -40.4246	  167.7395
11.237	 2.15	 1	 -41.9328	  175.6778
11.240	 2.60	 1	 -41.7757	  173.2923
11.243	 2.29	 1	 -38.3393	  174.5547
11.259	 2.11	 1	 -38.7116	  170.3751
11.262	 2.74	 1	 -38.2075	  172.5842
11.265	 2.06	 1	 -41.6199	  173.6974
11.268	 2.08	 2	 -38.2083	  172.5832
11.281	 2.91	 1	 -45.7655	  174.0593
11.289	 2.57	 1	 -42.2712	  173.6023
11.318	 2.67	 1	 -42.7328	  173.9959
11.329	 2.12	 1	 -42.4129	  174.0302
11.342	 2.04	 1	 -46.1362	  169.0881
11.353	 2.27	 1	 -42.6272	  173.0466
11.360	 2.07	 1	 -42.4090	  172.5100
11.371	 2.31	 1	 -44.5536	  174.2645
11.390	 2.53	 1	 -43.7695	  175.7625
11.401	 2.64	 1	 -45.2085	  167.9516
11.412	 2.28	 1	 -42.2028	  173.1981
11.439	 2.12	 1	 -42.5697	  173.6900
11.448	 2.83	 1	 -41.7848	  169.8041
11.452	 3.23	 1	 -38.5482	  170.6486
11.461	 2.42	 2	 -38.5090	  170.4804
11.461	 3.10	 1	 -45.1163	  178.1751
11.467	 2.34	 1	 -38.3034	  171.6928
11.469	 2.61	 1	 -43.6822	  171.3728
11.492	 2.21	 1	 -46.4234	  176.4370
11.494	 2.41	 2	 -45.1106	  178.1797
11.501	 2.11	 1	 -43.5447	  172.6004
11.508	 2.19	 1	 -40.3852	  178.2731
11.516	 3.45	 1	 -43.6456	  179.0010
11.523	 2.37	 1	 -43.1201	  171.9577
11.527	 2.14	 1	 -42.5220	  169.3345
11.533	 2.30	 1	 -44.6091	  174.4777
11.546	 2.01	 1	 -44.2407	  167.2784
11.551	 2.03	 1	 -38.4888	  170.8503
11.557	 2.38	 1	 -42.9679	  172.8122
11.559	 2.56	 1	 -43.2411	  173.6941
11.583	 2.17	 1	 -44.9134	  178.3417
11.590	 2.04	 1	 -44.2692	  174.3016
11.590	 2.71	 1	 -40.8365	  171.3660
11.601	 2.79	 1	 -41.8285	  175.3701
11.606	 3.36	 1	 -46.1697	  176.9012
11.627	 2.08	 1	 -38.8780	  175.5673
11.670	 2.39	 1	 -39.9346	  171.5958
11.670	 2.32	 1	 -42.1877	  174.5665
11.698	 2.41	 1	 -38.3579	  173.6258
11.699	 2.36	 1	 -42.5627	  171.2713
11.705	 2.13	 1	 -41.7472	  173.9790
11.708	 3.29	 1	 -41.7918	  171.2466
11.714	 2.66	 1	 -45.6644	  177.6133
11.719	 2.02	 1	 -44.9863	  178.2841
11.722	 2.02	 1	 -41.4132	  169.4822
11.726	 2.21	 1	 -40.4337	  168.7886
11.728	 2.38	 1	 -38.7073	  175.8556
11.730	 2.11	 1	 -44.1930	  178.7893
11.740	 2.01	 1	 -44.9062	  175.2514
11.754	 2.01	 1	 -42.1578	  169.1060
11.754	 2.29	 1	 -46.6196	  170.3059
11.799	 2.04	 1	 -41.7616	  174.2295
11.809	 2.40	 1	 -42.5322	  173.0384
11.814	 2.15	 1	 -46.0913	  172.3580
11.818	 2.36	 1	 -42.6448	  179.1396
11.820	 2.70	 1	 -43.7627	  171.9531
11.827	 2.26	 1	 -39.9221	  168.2034
11.834	 2.03	 1	 -41.4065	  174.2207
11.849	 2.24	 1	 -42.4721	  171.2862
11.856	 2.15	 1	 -41.4191	  167.1548
11.858	 2.08	 1	 -45.1035	  171.0686
11.866	 2.43	 1	 -39.9150	  169.7539
11.878	 2.32	 1	 -46.9985	  174.7847
11.881	 2.20	 1	 -45.6160	  177.6705
11.895	 2.28	 1	 -43.3240	  166.9650
11.896	 2.03	 1	 -38.3377	  171.4983
11.904	 2.13	 1	 -43.4397	  176.4971
11.912	 2.88	 1	 -41.3218	  171.9795
11.922	 2.07	 1	 -42.3261	  173.0469
11.928	 2.51	 1	 -43.1095	  175.0906
11.932	 2.12	 1	 -41.5970	  167.0887
11.933	 2.05	 1	 -39.1781	  176.8385
11.942	 2.08	 1	 -46.2542	  169.2878
11.963	 2.09	 1	 -42.2110	  173.2245
11.973	 2.40	 1	 -46.6386	  175.9552
11.979	 2.09	 1	 -42.5264	  172.1170
11.991	 2.02	 1	 -38.4797	  175.1609
11.995	 3.15	 1	 -44.3262	  167.7189
12.006	 2.06	 1	 -39.4461	  168.7890
12.007	 2.75	 1	 -42.6060	  170.9439
12.039	 2.85	 1	 -43.5728	  167.0227
12.041	 2.54	 2	 -38.1743	  172.4568
12.047	 2.03	 1	 -42.3727	  177.1958
12.050	 3.07	 1	 -45.3822	  177.9249
12.054	 2.01	 1	 -42.2329	  173.1224
12.058	 2.34	 1	 -39.1945	  176.8663
12.060	 2.19	 1	 -38.6058	  170.4704
12.063	 2.22	 1	 -40.6295	  167.5862
12.067	 2.22	 1	 -41.8385	  173.9176
12.069	 2.46	 1	 -42.0678	  173.3563
12.080	 2.19	 1	 -43.0781	  171.1892
12.094	 2.16	 1	 -42.6913	  166.9043
12.095	 2.37	 1	 -43.2977	  172.4202
12.097	 2.44	 1	 -42.1237	  172.1347
12.108	 2.10	 1	 -39.6653	  177.5458
12.117	 2.08	 1	 -42.6275	  175.8316
12.129	 2.02	 1	 -43.4846	  172.0329
12.138	 2.20	 1	 -41.5022	  173.8808
12.152	 2.24	 1	 -39.9653	  168.5904
12.179	 2.21	 1	 -39.7687	  175.5757
12.179	 3.05	 1	 -43.2686	  179.0895
12.187	 2.41	 1	 -42.2195	  173.8238
12.192	 2.38	 1	 -39.7651	  175.2530
12.200	 2.33	 1	 -43.2854	  174.2326
12.217	 2.29	 1	 -39.3010	  177.0390
12.228	 3.01	 1	 -45.3870	  177.9200
12.241	 2.86	 1	 -43.3637	  175.5669
12.243	 2.30	 1	 -43.2040	  173.8371
12.243	 2.11	 1	 -43.6549	  178.9982
12.258	 2.04	 1	 -43.6113	  176.9944
12.261	 2.09	 1	 -43.0928	  172.0291
12.272	 2.19	 1	 -42.0009	  168.9438
12.275	 2.48	 1	 -42.7394	  169.3112
12.276	 2.67	 1	 -42.6307	  172.7258
12.278	 3.41	 1	 -47.0359	  174.6054
12.293	 2.69	 1	 -38.2097	  172.5434
12.318	 2.07	 1	 -45.1108	  178.1799
12.321	 2.11	 1	 -46.7849	  170.4869
12.337	 3.67	 1	 -42.4890	  170.0995
12.348	 2.37	 1	 -42.9882	  179.1267
12.349	 2.26	 1	 -47.1650	  172.3885
12.352	 2.08	 1	 -44.3229	  174.5295
12.364	 2.42	 1	 -38.9857	  169.5591
12.379	 2.11	 1	 -43.5016	  179.0401
12.382	 2.24	 1	 -40.6093	  178.4438
12.404	 2.34	 1	 -42.8703	  172.0311
12.424	 2.55	 1	 -46.7452	  175.0839
12.439	 2.23	 1	 -42.0491	  173.6473
12.440	 3.79	 1	 -38.6341	  170.3879
12.445	 2.17	 1	 -42.0244	  173.6459
12.455	 2.23	 1	 -42.1560	  179.0962
12.462	 2.47	 1	 -46.9075	  172.3037
12.465	 2.35	 1	 -42.5705	  172.6336
12.486	 2.37	 1	 -46.4942	  176.2893
12.493	 2.13	 1	 -38.1961	  172.9719
12.493	 2.54	 1	 -44.5177	  172.5661
12.495	 2.36	 1	 -38.5130	  170.7657
12.515	 2.04	 1	 -38.2014	  172.7202
12.525	 3.04	 1	 -40.3813	  167.7744
12.530	 2.04	 1	 -42.3514	  171.9531
12.531	 2.08	 1	 -44.7031	  173.0880
12.555	 2.04	 1	 -42.9937	  173.2795
12.572	 2.13	 1	 -42.3849	  173.6681
12.575	 2.27	 1	 -41.0314	  172.2612
12.595	 2.90	 1	 -44.4318	  171.7297
12.596	 2.33	 1	 -41.6878	  172.5860
12.636	 3.84	 1	 -47.1891	  173.0547
12.654	 2.09	 1	 -44.1788	  170.3053
12.658	 2.87	 1	 -46.0641	  177.0700
12.699	 2.41	 1	 -43.5340	  174.0876
12.724	 2.46	 1	 -41.7655	  174.1951
12.725	 2.85	 1	 -38.8711	  171.0106
12.729	 2.40	 2	 -47.1851	  173.0578
12.749	 2.07	 1	 -43.6623	  178.9960
12.765	 2.21	 1	 -45.0667	  178.2177
12.770	 2.39	 1	 -41.3035	  171.6416
12.777	 3.77	 1	 -40.6174	  172.3538
12.779	 2.57	 2	 -40.6154	  172.3537
12.782	 2.37	 2	 -47.1650	  172.3849
12.785	 2.09	 1	 -43.2290	  176.5022
12.813	 2.11	 1	 -47.1432	  172.1503
12.840	 3.32	 1	 -41.7800	  174.2764
12.847	 2.32	 1	 -38.8313	  176.1573
12.853	 2.09	 1	 -42.1505	  166.9489
12.857	 2.59	 1	 -43.6227	  173.0874
12.868	 2.14	 1	 -41.3553	  172.9704
12.890	 2.03	 1	 -42.9916	  173.2554
12.890	 2.10	 1	 -43.3198	  178.0283
12.893	 2.63	 1	 -41.9695	  174.6010
12.916	 2.07	 1	 -43.7603	  175.8849
12.918	 2.07	 1	 -45.3750	  177.1257
12.923	 2.55	 1	 -47.0247	  174.6616
12.955	 3.76	 1	 -41.5609	  175.5489
12.960	 2.22	 1	 -40.7762	  173.2168
12.971	 2.01	 1	 -46.5790	  176.0991
12.977	 3.09	 1	 -43.0994	  170.7257
12.977	 2.90	 1	 -41.9280	  171.5914
12.981	 2.10	 1	 -44.2798	  173.0718
13.007	 2.03	 1	 -43.7040	  178.9832
13.014	 3.74	 1	 -43.7037	  167.0610
13.016	 3.38	 1	 -40.5340	  167.6553
13.020	 2.53	 1	 -43.1415	  176.3241
13.046	 2.99	 1	 -41.1984	  167.2520
13.048	 3.15	 1	 -41.5950	  172.0568
13.083	 2.19	 1	 -44.0903	  172.5449
13.083	 2.47	 1	 -43.1577	  173.5799
13.086	 2.83	 1	 -38.7252	  170.1424
13.105	 2.32	 1	 -43.3065	  170.6421
13.114	 2.69	 1	 -46.7822	  172.0617
13.117	 2.46	 1	 -39.0698	  176.6463
13.127	 2.30	 2	 -43.7051	  167.0787
13.144	 2.41	 1	 -42.5023	  172.4651
13.149	 2.02	 1	 -38.7155	  175.8770
13.157	 2.61	 1	 -42.9250	  173.4628
13.159	 2.32	 1	 -44.9023	  172.5793
13.166	 2.33	 1	 -40.7587	  172.9762
13.169	 2.74	 1	 -46.9504	  174.9891
13.175	 2.35	 1	 -45.0665	  171.6890
13.201	 2.34	 1	 -42.1975	  172.6678
13.202	 2.36	 1	 -43.6157	  167.6214
13.210	 2.29	 1	 -44.2713	  174.4025
13.219	 2.26	 1	 -40.8028	  172.3257
13.249	 2.84	 1	 -39.3781	  174.9365
13.319	 2.01	 1	 -44.0013	  175.0500
13.320	 2.43	 1	 -40.5201	  175.8273
13.366	 2.12	 1	 -43.3532	  179.0735
13.403	 2.00	 1	 -42.8179	  172.4151
13.405	 2.10	 1	 -38.6201	  170.4282
13.423	 2.02	 1	 -43.7371	  173.0588
13.434	 2.13	 1	 -43.9630	  169.2222
13.436	 3.16	 1	 -42.8617	  169.5414
13.454	 2.91	 1	 -39.5583	  171.3962
13.469	 2.39	 1	 -45.3262	  176.7557
13.474	 3.50	 1	 -42.5207	  173.4249
13.507	 2.97	 1	 -45.7218	  177.0339
13.515	 2.54	 1	 -43.2976	  172.9639
13.536	 2.03	 1	 -44.4866	  167.4124
13.545	 2.12	 1	 -43.7732	  175.1634
13.546	 2.10	 1	 -41.7161	  167.0503
13.551	 2.37	 1	 -42.4711	  169.7616
13.561	 2.00	 1	 -46.3600	  169.4823
13.562	 2.67	 1	 -38.1982	  172.8263
13.567	 2.07	 1	 -41.4721	  171.3877
13.582	 2.05	 2	 -43.3773	  172.8659
13.587	 2.17	 1	 -42.2956	  172.6507
13.596	 3.05	 1	 -41.2679	  171.3886
13.599	 2.02	 1	 -43.0913	  170.7621
13.605	 2.09	 1	 -44.9565	  167.7363
13.606	 2.65	 1	 -45.3097	  177.9969
13.612	 2.48	 1	 -43.9589	  171.2737
13.621	 2.13	 2	 -44.2577	  170.1821
13.659	 2.53	 1	 -46.8364	  175.3972
13.660	 3.32	 1	 -39.0161	  171.9994
13.666	 3.14	 1	 -42.7343	  169.6293
13.696	 2.04	 1	 -46.8882	  170.8216
13.706	 2.46	 1	 -46.1509	  169.1121
13.718	 2.37	 1	 -38.6352	  170.3848
13.722	 2.23	 1	 -38.2402	  172.1661
13.741	 2.48	 1	 -41.8510	  175.5463
13.755	 3.94	 1	 -43.1272	  179.1113
13.771	 2.62	 1	 -42.5322	  168.0271
13.777	 2.30	 1	 -44.4785	  170.9767
13.782	 3.88	 1	 -42.9261	  174.1670
13.811	 3.25	 1	 -41.6547	  174.4965
13.829	 2.05	 1	 -47.1382	  173.9406
13.854	 2.27	 1	 -43.5205	  172.5575
13.865	 2.47	 1	 -46.4067	  176.4707
13.875	 2.27	 1	 -38.2190	  173.6416
13.894	 2.11	 1	 -43.3973	  176.2811
13.897	 2.02	 1	 -41.5499	  171.0119
13.921	 2.24	 1	 -44.9455	  171.4799
13.921	 2.07	 1	 -43.9263	  174.1554
13.921	 2.75	 1	 -42.1037	  173.7527
13.947	 2.09	 1	 -45.7084	  171.0965
13.948	 2.15	 1	 -41.2000	  178.7931
13.949	 2.29	 1	 -43.1285	  172.6391
13.968	 2.26	 2	 -38.1839	  172.4257
13.973	 2.47	 1	 -40.8458	  176.8773
