# Simulation 938
# RelativeTime(days) Magnitude Generation Latitude Longitude
Time Mag Gen Lat Lon
7.008	 2.21	 1	 -40.9408	  176.3105
7.019	 2.64	 1	 -41.2240	  174.9076
7.022	 2.26	 1	 -43.1429	  175.1162
7.022	 2.45	 1	 -42.3382	  166.9234
7.031	 3.51	 1	 -38.9536	  176.4207
7.033	 2.72	 1	 -46.2234	  169.2339
7.034	 2.54	 1	 -45.7972	  172.4433
7.052	 2.31	 1	 -43.7851	  173.1153
7.055	 2.05	 1	 -44.2859	  178.3293
7.056	 2.00	 1	 -45.1010	  178.1884
7.056	 2.98	 1	 -43.9607	  174.8721
7.057	 2.55	 1	 -43.5346	  172.6515
7.068	 2.06	 1	 -38.3558	  174.6390
7.076	 2.54	 1	 -39.3853	  174.9284
7.080	 2.40	 1	 -41.7591	  176.2830
7.088	 2.17	 1	 -45.7293	  169.4211
7.099	 3.91	 1	 -42.2105	  179.1047
7.104	 2.85	 1	 -43.1220	  172.3429
7.111	 3.85	 1	 -44.3813	  167.3522
7.120	 2.31	 1	 -43.8087	  178.9485
7.125	 2.15	 1	 -41.6017	  173.5301
7.129	 2.01	 1	 -41.9270	  172.1499
7.130	 2.71	 1	 -40.4898	  178.3556
7.133	 2.12	 1	 -38.2289	  173.7615
7.135	 2.94	 1	 -43.2678	  166.9546
7.136	 2.62	 1	 -47.0054	  174.7533
7.143	 2.06	 1	 -38.3325	  174.5183
7.159	 3.62	 1	 -45.1034	  167.8580
7.179	 2.18	 1	 -44.2770	  167.2967
7.183	 2.24	 1	 -42.7014	  171.1260
7.193	 2.37	 1	 -43.6116	  167.0335
7.205	 2.44	 1	 -42.9979	  171.1252
7.207	 2.39	 1	 -44.0422	  171.0867
7.209	 3.24	 1	 -43.7322	  173.0100
7.210	 2.47	 1	 -45.0456	  172.1257
7.210	 3.27	 1	 -43.9626	  177.9106
7.213	 2.25	 1	 -42.1992	  171.4768
7.227	 2.55	 1	 -40.9034	  178.5690
7.228	 2.26	 1	 -46.7148	  175.7572
7.237	 2.03	 1	 -46.4969	  176.2836
7.241	 3.91	 1	 -40.8935	  173.5195
7.243	 2.61	 1	 -42.5063	  173.1354
7.263	 2.20	 1	 -45.2851	  168.0236
7.264	 2.08	 1	 -42.6474	  175.2049
7.279	 2.31	 1	 -41.1178	  169.7043
7.286	 2.04	 1	 -38.2145	  172.4672
7.290	 2.09	 1	 -41.5392	  178.9353
7.298	 2.47	 1	 -41.8857	  179.0406
7.299	 2.11	 1	 -40.2800	  178.1849
7.300	 2.33	 1	 -44.7204	  178.4825
7.303	 2.78	 1	 -41.9653	  170.6977
7.308	 2.07	 1	 -38.3316	  171.5304
7.323	 2.85	 1	 -45.2603	  170.1260
7.323	 2.53	 1	 -42.1412	  173.8853
7.324	 2.46	 1	 -46.6271	  170.0605
7.333	 2.17	 1	 -43.5955	  169.5428
7.335	 2.01	 1	 -45.5770	  172.8986
7.336	 2.33	 1	 -46.7335	  170.3387
7.342	 3.18	 1	 -47.1268	  172.0071
7.350	 2.36	 1	 -39.3151	  177.0610
7.351	 2.12	 1	 -42.8689	  177.8358
7.368	 2.00	 1	 -43.7633	  175.0648
7.377	 2.26	 1	 -46.7507	  175.6572
7.378	 2.06	 1	 -42.8583	  170.2952
7.380	 2.13	 1	 -40.0520	  171.9447
7.381	 2.61	 1	 -41.4317	  178.8945
7.392	 2.14	 1	 -43.0313	  171.9233
7.397	 3.49	 1	 -40.9341	  178.6528
7.398	 2.11	 1	 -42.0639	  175.2891
7.399	 2.25	 1	 -43.1083	  172.9647
7.405	 2.13	 1	 -40.2877	  167.8528
7.409	 2.24	 1	 -44.5929	  174.5703
7.411	 2.63	 1	 -46.7513	  170.3889
7.414	 2.00	 1	 -38.7464	  170.0892
7.416	 2.64	 1	 -40.0992	  172.5504
7.425	 2.04	 1	 -44.5413	  174.8494
7.426	 2.20	 1	 -42.4355	  173.3427
7.426	 2.95	 1	 -43.4858	  172.3148
7.426	 2.46	 1	 -43.3912	  168.1519
7.431	 2.93	 1	 -42.6884	  172.2486
7.436	 3.03	 1	 -38.8189	  169.9153
7.440	 2.23	 1	 -39.0503	  174.6526
7.449	 2.21	 1	 -43.2059	  174.8919
7.452	 2.05	 1	 -43.0366	  172.5115
7.471	 2.04	 1	 -44.5764	  175.4283
7.478	 2.57	 1	 -41.0594	  174.4045
7.482	 2.66	 1	 -38.2009	  172.7336
7.488	 2.11	 1	 -46.7824	  175.5646
7.506	 2.49	 1	 -40.4680	  176.7362
7.517	 2.19	 1	 -40.7397	  173.5281
7.520	 3.31	 1	 -41.9556	  173.6485
7.522	 2.21	 1	 -42.6164	  173.9180
7.523	 2.15	 1	 -42.5924	  174.0875
7.528	 2.13	 1	 -40.9243	  174.5019
7.545	 2.35	 1	 -44.1124	  177.7936
7.553	 3.35	 1	 -38.6054	  170.4716
7.555	 2.55	 1	 -40.3132	  167.8310
7.565	 2.74	 1	 -42.5915	  179.1384
7.571	 2.16	 1	 -39.1008	  176.7029
7.573	 2.09	 1	 -44.5692	  174.1391
7.574	 2.48	 1	 -44.8173	  178.4138
7.577	 2.06	 1	 -43.4949	  167.0025
7.584	 2.11	 1	 -40.9171	  178.6429
7.586	 2.07	 1	 -42.1822	  170.6328
7.593	 2.38	 1	 -43.1181	  174.2547
7.601	 2.13	 1	 -45.7576	  177.4985
7.603	 2.08	 1	 -38.3925	  173.5282
7.603	 2.06	 1	 -44.8606	  172.3634
7.619	 2.66	 1	 -41.3483	  173.3628
7.622	 2.67	 1	 -38.2567	  174.0247
7.627	 2.21	 1	 -41.7315	  174.0346
7.635	 2.14	 1	 -47.1017	  171.8218
7.637	 2.24	 1	 -46.1893	  176.8685
7.644	 2.45	 1	 -41.9161	  171.7458
7.644	 2.05	 1	 -40.8342	  178.5930
7.646	 2.25	 1	 -41.3822	  173.1700
7.656	 2.34	 1	 -43.3342	  178.9280
7.661	 2.08	 1	 -42.4217	  172.8481
7.678	 2.05	 1	 -47.0953	  171.7787
7.687	 2.14	 1	 -38.5670	  175.4557
7.702	 2.07	 1	 -41.9230	  172.1922
7.713	 2.06	 1	 -40.0798	  178.0012
7.716	 2.18	 1	 -42.3358	  170.8669
7.716	 2.34	 1	 -46.9753	  174.8863
7.731	 2.23	 1	 -43.1554	  171.8456
7.735	 2.97	 1	 -41.8007	  174.4010
7.744	 2.24	 1	 -46.0917	  169.0172
7.771	 2.97	 1	 -41.2537	  175.5104
7.777	 2.57	 1	 -40.3905	  171.7425
7.781	 2.81	 1	 -42.0587	  173.9368
7.784	 2.00	 1	 -42.3388	  173.1044
7.794	 2.18	 1	 -39.8915	  176.3245
7.805	 2.33	 2	 -42.2110	  179.0862
7.810	 2.19	 1	 -44.4227	  173.0756
7.820	 2.24	 1	 -40.2649	  167.8725
7.825	 2.69	 1	 -41.9721	  173.7258
7.826	 2.26	 1	 -41.8873	  167.0032
7.842	 2.19	 1	 -44.8230	  170.3581
7.843	 2.28	 1	 -41.7589	  173.9845
7.843	 2.09	 1	 -41.4168	  172.4309
7.861	 2.77	 1	 -42.5147	  172.3793
7.864	 2.15	 1	 -45.6274	  168.3871
7.867	 2.27	 1	 -45.7432	  177.5167
7.871	 2.79	 1	 -42.7579	  173.0819
7.876	 2.04	 1	 -45.3992	  168.1368
7.878	 2.02	 1	 -40.6659	  168.8920
7.879	 2.51	 1	 -43.3805	  172.7972
7.881	 2.50	 1	 -42.9079	  171.5853
7.886	 2.47	 1	 -43.8795	  167.1213
7.897	 2.14	 1	 -42.2840	  174.0095
7.899	 2.45	 1	 -44.7629	  171.8548
7.902	 2.17	 1	 -42.6809	  174.3116
7.924	 2.42	 1	 -42.1243	  173.6432
7.931	 2.03	 1	 -41.7596	  174.2699
7.934	 2.28	 1	 -46.1686	  176.9031
7.937	 2.27	 1	 -44.1673	  173.4749
7.938	 3.71	 1	 -44.4282	  169.9821
7.938	 2.17	 1	 -42.0231	  173.1088
7.939	 2.17	 1	 -42.5995	  172.9546
7.960	 2.09	 1	 -44.3374	  167.3283
7.969	 2.31	 1	 -43.6415	  172.4319
7.972	 2.11	 2	 -41.3054	  175.6581
7.972	 2.09	 1	 -43.0093	  177.5452
7.986	 2.04	 1	 -43.8504	  167.3553
7.990	 2.01	 1	 -38.2808	  171.8391
8.007	 2.20	 1	 -38.1959	  173.0265
8.013	 2.31	 1	 -42.2662	  173.5472
8.020	 2.31	 1	 -43.8534	  171.8360
8.022	 2.19	 1	 -41.2159	  173.5413
8.022	 2.08	 1	 -42.1809	  173.6964
8.032	 2.03	 1	 -45.5198	  170.5022
8.040	 2.10	 1	 -44.3080	  174.6465
8.056	 2.13	 1	 -39.5467	  177.3936
8.063	 3.31	 1	 -45.4632	  177.7309
8.066	 2.19	 1	 -41.9414	  173.8631
8.073	 2.13	 1	 -44.6568	  173.5199
8.078	 2.42	 1	 -46.2008	  176.8490
8.081	 2.10	 1	 -46.2064	  174.1914
8.093	 2.69	 1	 -40.4420	  171.4500
8.105	 2.38	 1	 -44.4535	  167.3930
8.106	 2.27	 1	 -42.6216	  172.8307
8.106	 2.33	 1	 -45.4273	  177.8784
8.107	 2.16	 1	 -42.6453	  173.7974
8.113	 2.27	 1	 -39.0991	  176.6998
8.121	 2.47	 1	 -41.3991	  174.7486
8.135	 2.26	 1	 -46.8992	  170.8609
8.137	 2.31	 1	 -42.5196	  173.1111
8.146	 2.14	 1	 -38.2610	  171.9851
8.149	 2.01	 1	 -42.6397	  179.1395
8.151	 2.55	 1	 -40.4337	  168.4195
8.152	 2.06	 1	 -46.7034	  175.0161
8.168	 2.03	 1	 -43.7136	  173.2061
8.184	 3.66	 1	 -41.0240	  174.2803
8.198	 2.47	 1	 -42.1799	  179.1001
8.205	 2.40	 1	 -39.0840	  174.4562
8.210	 2.54	 1	 -39.0504	  172.1156
8.226	 2.54	 1	 -42.0926	  174.9262
8.254	 2.05	 1	 -45.0655	  167.8255
8.256	 2.28	 1	 -40.0425	  168.0797
8.257	 2.80	 1	 -45.5785	  168.3306
8.258	 2.04	 1	 -38.7012	  175.8398
8.258	 2.00	 1	 -43.2550	  172.9672
8.260	 2.89	 1	 -42.5762	  173.9622
8.272	 2.16	 1	 -40.9798	  175.0647
8.278	 2.78	 1	 -43.0657	  171.9678
8.285	 2.30	 1	 -39.0453	  171.0326
8.289	 2.30	 1	 -42.3601	  168.7594
8.296	 3.21	 1	 -40.9523	  171.7249
8.298	 2.14	 1	 -43.5548	  174.9359
8.301	 2.12	 1	 -43.2861	  173.5912
8.305	 2.04	 1	 -46.8653	  170.7424
8.321	 2.28	 1	 -44.0545	  174.9729
8.334	 2.33	 1	 -44.7857	  176.2855
8.336	 2.29	 1	 -38.5855	  175.5130
8.337	 2.14	 1	 -42.6855	  169.9132
8.338	 2.06	 1	 -41.9419	  170.6738
8.343	 2.05	 1	 -44.6896	  167.7125
8.349	 2.53	 1	 -43.1993	  171.9136
8.353	 2.66	 1	 -42.6383	  175.5640
8.375	 2.37	 1	 -38.2371	  172.1965
8.379	 3.38	 1	 -41.7284	  174.3502
8.384	 2.33	 1	 -43.2821	  173.1688
8.386	 2.41	 1	 -46.5144	  176.2455
8.403	 2.14	 1	 -41.6052	  173.8318
8.423	 2.62	 1	 -38.2670	  174.1058
8.442	 2.26	 1	 -44.2145	  167.2654
8.469	 2.26	 1	 -44.1645	  174.2030
8.471	 2.16	 1	 -42.5932	  172.6879
8.481	 2.54	 1	 -38.8646	  176.2321
8.484	 2.32	 1	 -46.4461	  169.6535
8.487	 2.07	 1	 -47.0116	  174.7241
8.492	 2.29	 1	 -44.0246	  173.7427
8.494	 2.14	 1	 -40.2500	  167.8856
8.508	 2.67	 1	 -47.1799	  173.4152
8.522	 3.02	 1	 -40.0623	  168.0601
8.523	 2.06	 1	 -41.1243	  178.7558
8.526	 2.19	 1	 -44.5180	  173.4290
8.532	 2.04	 1	 -44.7462	  170.2808
8.542	 2.65	 1	 -44.2317	  177.9436
8.544	 2.94	 1	 -41.1627	  167.2693
8.545	 2.04	 1	 -45.6885	  177.5842
8.557	 2.31	 1	 -42.8643	  169.2719
8.559	 2.05	 1	 -44.6705	  175.3424
8.566	 2.11	 1	 -43.0945	  179.1154
8.578	 2.32	 1	 -44.6606	  174.3176
8.590	 2.72	 1	 -40.5429	  178.3956
8.602	 2.50	 1	 -42.6505	  173.9785
8.602	 2.18	 1	 -40.9480	  178.6608
8.609	 2.08	 1	 -43.4827	  177.8732
8.613	 2.10	 1	 -38.3070	  171.6707
8.617	 3.36	 1	 -43.3863	  172.2484
8.622	 2.11	 1	 -44.2006	  178.7856
8.632	 2.11	 1	 -45.0863	  173.1479
8.639	 2.35	 1	 -38.4885	  170.8513
8.656	 2.87	 1	 -43.2765	  170.8701
8.674	 2.17	 1	 -43.4965	  173.4508
8.675	 2.77	 1	 -41.4723	  176.6561
8.680	 2.70	 1	 -39.5497	  177.3974
8.682	 3.14	 1	 -43.4306	  169.8263
8.686	 2.15	 1	 -46.1954	  176.8581
8.696	 2.18	 1	 -43.6215	  173.7532
8.701	 2.27	 1	 -41.6024	  173.6387
8.705	 2.63	 2	 -43.0376	  169.7166
8.709	 2.28	 1	 -41.1323	  175.1845
8.716	 2.30	 1	 -45.9619	  172.4218
8.717	 2.16	 1	 -42.0452	  170.2150
8.723	 2.10	 1	 -45.7235	  172.6886
8.733	 2.41	 1	 -42.9728	  175.5446
8.734	 2.36	 1	 -41.4552	  171.7823
8.741	 2.26	 1	 -42.9256	  166.9126
8.746	 3.58	 1	 -40.7948	  175.1095
8.751	 2.73	 1	 -42.9624	  172.0804
8.759	 2.35	 1	 -40.3317	  174.9150
8.761	 3.01	 1	 -40.1969	  176.3777
8.785	 2.20	 2	 -40.5383	  176.7576
8.794	 2.34	 1	 -38.7267	  170.1387
8.816	 2.17	 1	 -42.4606	  171.6516
8.820	 2.02	 1	 -41.3958	  167.1642
8.822	 2.17	 1	 -47.1719	  172.4863
8.831	 2.53	 1	 -42.4044	  173.4417
8.843	 2.04	 1	 -39.2045	  169.1612
8.845	 2.45	 1	 -45.6308	  177.6532
8.854	 2.36	 1	 -41.0678	  173.0514
8.866	 2.16	 1	 -41.3213	  174.9086
8.874	 2.04	 1	 -47.1426	  172.1447
8.879	 2.23	 1	 -42.9814	  173.2604
8.889	 2.17	 1	 -43.4130	  179.0609
8.893	 2.81	 1	 -46.8890	  170.8246
8.913	 2.69	 1	 -43.5443	  177.5360
8.934	 2.03	 1	 -42.6466	  175.0415
8.936	 2.10	 1	 -39.9596	  171.6697
8.941	 2.00	 1	 -40.8634	  178.6109
8.946	 2.53	 1	 -45.9007	  175.6300
8.975	 2.27	 1	 -45.5016	  172.3144
8.977	 2.31	 1	 -38.3453	  171.4583
8.979	 2.28	 1	 -42.5423	  173.0819
8.991	 3.46	 2	 -40.9525	  171.7243
8.995	 2.80	 1	 -43.2044	  170.7321
8.995	 2.62	 1	 -42.7763	  172.2203
8.997	 2.33	 1	 -41.1368	  178.6599
9.001	 2.11	 1	 -44.4417	  171.7141
9.019	 2.45	 1	 -46.0421	  171.2195
9.027	 2.45	 1	 -39.4653	  177.2823
9.036	 2.70	 1	 -42.5077	  173.2640
9.036	 2.50	 1	 -44.1113	  178.8275
9.040	 2.40	 1	 -43.0077	  169.0016
9.081	 2.15	 1	 -42.6794	  172.7163
9.083	 2.91	 1	 -43.4976	  173.0155
9.083	 2.10	 1	 -41.4792	  167.1313
9.084	 2.64	 1	 -41.0363	  176.9574
9.102	 2.50	 1	 -42.8897	  176.8020
9.105	 3.45	 1	 -38.2359	  173.8359
9.125	 2.23	 1	 -44.9670	  174.1695
9.136	 2.17	 1	 -42.2073	  173.6604
9.161	 3.14	 1	 -47.1877	  173.1787
9.162	 2.26	 1	 -45.9218	  168.7648
9.172	 2.36	 1	 -39.0678	  176.6424
9.178	 2.50	 1	 -43.7550	  173.7590
9.180	 2.12	 1	 -45.3598	  168.0968
9.195	 2.36	 1	 -42.6479	  174.8651
9.199	 3.21	 1	 -41.3699	  170.1575
9.219	 2.61	 1	 -46.2530	  173.8698
9.226	 2.37	 1	 -45.7056	  177.5634
9.227	 2.36	 1	 -39.0947	  169.3525
9.239	 2.75	 1	 -39.3814	  174.0918
9.241	 3.25	 1	 -45.7368	  168.5197
9.248	 2.43	 1	 -38.2188	  173.6381
9.251	 3.09	 1	 -39.0029	  169.5252
9.253	 2.22	 1	 -43.4772	  174.4041
9.275	 2.73	 1	 -39.7234	  171.7082
9.293	 2.26	 1	 -38.2064	  172.6058
9.317	 2.57	 1	 -42.8034	  172.2224
9.324	 2.61	 1	 -46.7997	  175.5126
9.331	 2.02	 1	 -45.0502	  168.2909
9.340	 2.18	 1	 -39.2914	  177.0240
9.344	 2.39	 1	 -44.4022	  171.3161
9.347	 2.33	 1	 -43.9230	  172.8409
9.353	 2.38	 1	 -42.0591	  167.9894
9.355	 2.03	 1	 -42.3440	  173.0065
9.360	 2.07	 1	 -41.5694	  178.9460
9.363	 3.54	 1	 -43.2209	  170.4763
9.387	 2.13	 1	 -44.3138	  172.3077
9.390	 2.36	 1	 -43.9351	  170.3987
9.392	 2.76	 1	 -39.6255	  168.5483
9.397	 2.45	 1	 -42.3277	  174.1992
9.401	 2.06	 1	 -45.3872	  177.5712
9.410	 5.28	 1	 -40.8996	  171.2938
9.424	 2.44	 1	 -40.5390	  167.6516
9.434	 2.03	 1	 -45.2173	  178.0846
9.451	 2.52	 1	 -44.0040	  173.8228
9.461	 2.22	 1	 -45.5077	  175.1124
9.462	 2.50	 1	 -41.3166	  175.5609
9.468	 2.10	 1	 -41.6922	  168.7985
9.503	 2.40	 1	 -42.2164	  173.6707
9.522	 2.75	 1	 -42.3914	  171.8856
9.536	 2.59	 1	 -39.1430	  176.7779
9.545	 2.19	 1	 -45.3466	  172.8871
9.559	 2.42	 1	 -42.2198	  171.8353
9.568	 2.41	 1	 -42.7843	  169.9480
9.582	 2.18	 1	 -43.5988	  174.0995
9.583	 2.01	 1	 -46.5419	  176.1842
9.598	 2.65	 1	 -42.3141	  174.7938
9.613	 2.06	 1	 -40.7929	  178.5672
9.618	 2.01	 1	 -42.6653	  175.7112
9.621	 2.32	 1	 -42.9005	  169.0800
9.630	 2.01	 1	 -44.6109	  173.6377
9.640	 2.05	 1	 -42.3209	  173.6420
9.649	 2.27	 1	 -44.1676	  170.7423
9.650	 2.02	 1	 -41.9696	  173.7367
9.679	 2.14	 1	 -40.3495	  170.9235
9.688	 3.22	 1	 -41.1963	  171.5913
9.698	 3.01	 1	 -42.1966	  173.6075
9.705	 2.03	 1	 -40.8506	  175.3760
9.707	 2.60	 1	 -40.2210	  173.5819
9.725	 3.20	 1	 -39.0351	  169.9436
9.735	 2.17	 1	 -46.9287	  170.9703
9.738	 2.03	 1	 -39.9012	  175.3917
9.742	 2.18	 1	 -43.5010	  171.7583
9.757	 3.14	 1	 -43.1969	  174.4394
9.784	 2.43	 1	 -43.8234	  170.4127
9.788	 3.25	 1	 -42.5810	  176.0855
9.788	 2.01	 1	 -46.9763	  174.8819
9.800	 2.20	 1	 -43.8476	  172.8018
9.810	 2.27	 1	 -44.0119	  167.1736
9.820	 2.13	 1	 -43.0046	  169.6032
9.822	 2.80	 1	 -41.2839	  176.6539
9.826	 2.24	 1	 -40.7378	  171.2559
9.838	 2.03	 1	 -47.0392	  171.4554
9.849	 2.40	 1	 -44.2907	  178.7405
9.850	 2.18	 1	 -42.8260	  174.1637
9.850	 2.65	 1	 -41.7530	  167.0394
9.854	 2.45	 1	 -44.6177	  167.4934
9.872	 2.36	 1	 -40.3486	  167.8012
9.880	 2.01	 1	 -38.6006	  175.5585
9.888	 2.16	 1	 -41.8876	  174.4218
9.889	 2.04	 1	 -47.1891	  173.0113
9.895	 2.67	 1	 -47.1486	  173.8418
9.898	 2.35	 1	 -38.6183	  173.1331
9.910	 2.14	 1	 -43.3382	  174.4669
9.917	 2.34	 1	 -43.2767	  173.2047
9.925	 2.72	 1	 -41.5248	  173.8909
9.927	 2.77	 1	 -46.2607	  169.2992
9.945	 3.02	 1	 -42.9049	  167.8411
9.956	 2.03	 1	 -46.9833	  171.1922
9.970	 2.74	 1	 -42.0411	  173.6789
9.978	 2.12	 1	 -42.5664	  174.7172
10.001	 2.00	 1	 -43.8981	  170.4804
10.007	 3.17	 1	 -42.3185	  173.4000
10.007	 2.08	 1	 -38.3982	  171.2078
10.017	 2.24	 1	 -42.4645	  171.9572
10.019	 3.44	 1	 -43.6552	  172.7803
10.028	 2.98	 1	 -42.2421	  173.6472
10.038	 2.12	 1	 -42.5917	  171.9889
10.038	 2.03	 1	 -40.5951	  176.7179
10.040	 2.32	 1	 -38.9448	  170.1553
10.046	 2.11	 1	 -41.3175	  178.8469
10.064	 2.32	 1	 -40.8323	  170.1363
10.078	 2.41	 1	 -47.0879	  174.3132
10.083	 2.39	 1	 -43.7553	  171.1217
10.084	 2.42	 1	 -41.1796	  175.6426
10.104	 2.52	 1	 -40.7904	  174.3584
10.107	 2.24	 1	 -43.8385	  178.9379
10.122	 2.89	 1	 -39.1236	  176.7437
10.122	 3.33	 1	 -41.7308	  172.4617
10.127	 2.09	 1	 -42.7315	  171.2482
10.127	 2.20	 1	 -42.8717	  175.0068
10.136	 2.44	 1	 -43.6830	  167.0546
10.148	 2.14	 1	 -45.1923	  169.1032
10.152	 2.05	 1	 -41.8502	  173.3920
10.177	 2.01	 1	 -42.7804	  173.8455
10.178	 2.14	 1	 -40.9872	  174.2790
10.188	 3.45	 1	 -45.3365	  168.5384
10.201	 2.19	 1	 -41.9766	  174.7440
10.214	 2.31	 1	 -42.5423	  172.5947
10.239	 2.21	 1	 -42.2038	  173.5910
10.239	 2.21	 2	 -45.3252	  168.5043
10.250	 2.94	 1	 -39.9205	  177.8392
10.253	 3.02	 1	 -38.5789	  175.4928
10.254	 2.22	 1	 -38.3426	  174.5720
10.255	 2.30	 1	 -44.3114	  178.7297
10.281	 2.71	 1	 -39.7347	  168.4142
10.291	 2.78	 1	 -43.6252	  172.3713
10.294	 2.27	 1	 -43.6042	  167.0314
10.295	 2.14	 1	 -42.8500	  166.9081
10.306	 2.85	 1	 -46.5958	  169.9847
10.308	 2.35	 1	 -42.9856	  172.2918
10.308	 2.07	 1	 -46.6100	  176.0256
10.309	 2.44	 1	 -45.4936	  174.2835
10.326	 2.97	 1	 -41.9671	  170.3947
10.330	 2.42	 1	 -42.6011	  176.6469
10.345	 2.98	 1	 -44.2191	  170.2012
10.348	 2.02	 1	 -43.5750	  175.8510
10.350	 2.38	 1	 -43.3357	  173.0224
10.366	 2.87	 1	 -41.9532	  171.3501
10.370	 2.44	 1	 -47.1811	  173.3887
10.374	 2.59	 1	 -43.9296	  173.2179
10.375	 2.20	 1	 -41.7625	  171.0109
10.391	 2.21	 1	 -42.6626	  173.5993
10.404	 2.31	 1	 -43.2285	  175.3550
10.409	 2.08	 1	 -40.3453	  171.4608
10.412	 2.20	 1	 -38.2575	  174.0313
10.426	 2.03	 1	 -42.8750	  174.5935
10.429	 2.21	 1	 -40.6742	  171.8911
10.439	 2.19	 1	 -43.0322	  172.5344
10.446	 2.20	 1	 -39.9577	  176.1777
10.448	 2.53	 1	 -43.6835	  172.7869
10.449	 2.85	 1	 -42.7029	  170.8675
10.452	 2.27	 1	 -39.9482	  170.0811
10.457	 2.39	 1	 -43.0137	  174.1803
10.469	 2.02	 1	 -42.1425	  172.5532
10.483	 2.29	 1	 -44.6274	  168.7051
10.498	 2.64	 1	 -40.7053	  167.5342
10.502	 3.18	 1	 -44.5070	  178.6198
10.504	 2.71	 1	 -43.9079	  178.9122
10.523	 2.38	 2	 -40.8984	  171.2931
10.524	 2.28	 1	 -40.9980	  178.6889
10.530	 2.22	 1	 -40.3613	  167.7907
10.533	 2.89	 1	 -42.5630	  171.6124
10.541	 2.27	 1	 -43.6296	  179.0056
10.548	 3.17	 1	 -42.9668	  177.2532
10.554	 2.14	 1	 -42.6870	  172.2469
10.568	 2.24	 1	 -41.8571	  171.2060
10.568	 2.63	 1	 -43.3535	  173.0491
10.570	 2.76	 1	 -42.2527	  173.5411
10.576	 2.73	 1	 -39.7630	  177.6634
10.577	 3.08	 1	 -38.2900	  171.7775
10.578	 2.16	 1	 -47.1881	  173.1544
10.579	 2.09	 1	 -47.1066	  174.1887
10.583	 2.87	 1	 -47.1143	  174.1335
10.602	 2.17	 1	 -42.6142	  170.3315
10.605	 2.26	 1	 -44.2099	  172.3171
10.607	 2.25	 1	 -38.9523	  176.4181
10.610	 2.93	 1	 -43.6946	  170.4844
10.620	 2.05	 1	 -42.9940	  174.3087
10.621	 2.91	 1	 -41.8125	  174.1262
10.631	 2.14	 1	 -43.3286	  171.5652
10.660	 2.32	 1	 -42.6460	  173.3689
10.662	 2.47	 1	 -42.0751	  171.3111
10.673	 2.01	 1	 -44.1649	  173.5992
10.676	 2.87	 1	 -41.5157	  178.9267
10.690	 3.03	 1	 -44.3278	  172.4303
10.709	 2.93	 1	 -42.4032	  173.3184
10.724	 2.37	 1	 -46.7350	  170.3428
10.733	 2.36	 1	 -41.9862	  172.8243
10.737	 2.48	 1	 -41.6710	  173.7902
10.745	 2.44	 1	 -42.5399	  179.1364
10.748	 2.98	 1	 -44.0743	  172.4905
10.755	 3.17	 1	 -38.1960	  172.9931
10.772	 2.18	 1	 -42.6975	  174.4826
10.773	 2.13	 1	 -42.4707	  175.4170
10.781	 2.91	 1	 -44.7578	  174.9192
10.800	 2.59	 1	 -46.3745	  169.5104
10.802	 2.98	 1	 -42.4482	  172.3520
10.810	 2.18	 1	 -41.7209	  174.2266
10.811	 2.08	 1	 -43.9113	  171.9637
10.812	 2.26	 1	 -42.5012	  175.4855
10.812	 3.00	 1	 -43.4336	  178.1312
10.860	 2.18	 1	 -42.7918	  171.4913
10.892	 2.62	 1	 -44.4848	  174.5067
10.892	 3.36	 1	 -42.4396	  171.2534
10.906	 2.09	 1	 -38.8214	  169.9096
10.954	 2.11	 1	 -46.6288	  170.0647
10.962	 2.40	 1	 -38.3687	  172.0490
10.965	 2.10	 1	 -40.8944	  177.5157
10.966	 2.10	 1	 -46.9983	  172.9675
10.976	 2.17	 1	 -42.3517	  173.9474
10.983	 2.26	 2	 -40.8759	  171.4024
10.987	 2.11	 1	 -45.1585	  173.2660
10.997	 2.23	 1	 -46.2043	  169.2012
10.998	 2.61	 1	 -39.3274	  177.0799
11.000	 2.07	 1	 -42.1940	  173.5361
11.032	 3.78	 1	 -44.4612	  167.3975
11.053	 2.22	 1	 -39.0831	  169.3737
11.060	 2.43	 1	 -45.0764	  171.9575
11.085	 2.62	 1	 -43.5377	  173.2260
11.085	 2.96	 1	 -38.3954	  174.8239
11.093	 3.39	 1	 -45.4229	  174.1458
11.096	 2.05	 1	 -44.1605	  178.8048
11.110	 2.56	 1	 -44.5485	  171.4321
11.120	 2.23	 1	 -40.0930	  174.8015
11.131	 3.50	 1	 -41.4309	  172.5831
11.215	 2.27	 1	 -41.9532	  177.5488
11.218	 2.18	 1	 -46.5587	  169.8982
11.227	 2.30	 1	 -41.8496	  167.0128
11.227	 2.46	 1	 -44.1786	  167.2481
11.229	 2.13	 1	 -41.7832	  173.8084
11.243	 2.71	 1	 -46.6530	  175.9191
11.264	 2.76	 1	 -45.9012	  177.3082
11.267	 2.57	 1	 -42.5541	  173.8179
11.275	 2.10	 1	 -38.8731	  173.7284
11.284	 2.51	 1	 -44.7618	  173.4895
11.294	 2.98	 1	 -41.7083	  172.3190
11.306	 2.05	 1	 -42.2137	  173.6522
11.308	 2.44	 1	 -43.8315	  173.7674
11.330	 2.32	 1	 -39.4091	  175.6172
11.346	 3.03	 1	 -42.2458	  166.9346
11.348	 2.01	 1	 -39.3796	  170.2605
11.353	 2.66	 1	 -42.5973	  166.9057
11.358	 2.23	 1	 -38.3632	  171.3689
11.365	 2.42	 1	 -42.9344	  171.6060
11.387	 2.25	 1	 -47.0692	  171.6188
11.402	 3.80	 1	 -43.0262	  176.6611
11.402	 2.05	 2	 -43.0078	  176.6891
11.404	 2.01	 1	 -42.9671	  173.5687
11.412	 2.29	 1	 -42.5798	  173.3436
11.423	 2.23	 1	 -41.4673	  178.9084
11.427	 2.43	 1	 -38.6117	  170.4527
11.431	 3.59	 1	 -42.0007	  173.7069
11.443	 2.13	 1	 -39.9278	  176.7641
11.445	 2.55	 1	 -43.1677	  172.8359
11.453	 2.37	 1	 -42.5546	  173.1570
11.480	 2.90	 1	 -38.2292	  172.2789
11.484	 2.49	 1	 -41.6547	  178.9748
11.493	 2.47	 1	 -40.3581	  169.8402
11.503	 2.26	 1	 -38.6197	  170.4294
11.509	 4.29	 1	 -40.1133	  168.0108
11.511	 2.74	 1	 -42.3705	  173.2859
11.540	 2.81	 1	 -41.7086	  173.8964
11.550	 2.70	 1	 -43.9569	  171.6074
11.551	 2.12	 1	 -44.8029	  171.6344
11.558	 2.39	 1	 -41.8597	  171.7156
11.558	 2.54	 1	 -40.9144	  178.6413
11.565	 2.07	 1	 -42.2936	  172.3073
11.567	 2.12	 1	 -40.6090	  175.3850
11.568	 2.27	 2	 -40.1157	  168.0096
11.571	 4.04	 1	 -38.2377	  173.8537
11.603	 2.50	 1	 -43.4248	  169.9274
11.605	 2.89	 1	 -47.0730	  174.4038
11.610	 2.23	 1	 -41.6136	  175.2221
11.620	 2.24	 1	 -40.4272	  175.4324
11.627	 3.22	 1	 -45.0424	  170.0338
11.639	 2.41	 1	 -43.2801	  172.1813
11.649	 2.48	 1	 -41.9267	  172.1443
11.655	 2.45	 1	 -42.0864	  171.8134
11.685	 2.26	 1	 -41.9867	  166.9802
11.699	 2.43	 1	 -43.8562	  174.4076
11.713	 2.69	 1	 -39.2819	  177.0091
11.714	 2.50	 1	 -45.4184	  168.1566
11.720	 2.41	 1	 -42.2728	  173.9845
11.728	 2.99	 2	 -43.4621	  173.4088
11.737	 2.04	 1	 -41.8943	  171.5779
11.741	 2.08	 1	 -38.1975	  173.1856
11.746	 3.07	 1	 -44.5716	  174.7858
11.750	 2.28	 1	 -45.3676	  172.7706
11.784	 2.77	 1	 -39.5610	  177.3435
11.807	 2.70	 1	 -47.1872	  173.2007
11.832	 2.38	 1	 -42.2182	  174.1614
11.841	 2.11	 1	 -41.1544	  173.8234
11.864	 2.30	 1	 -42.9590	  173.4214
11.877	 2.22	 1	 -39.0816	  174.8592
11.883	 2.55	 1	 -45.1445	  175.4544
11.902	 2.53	 1	 -43.9993	  175.8224
11.910	 2.92	 1	 -44.3677	  173.1997
11.923	 2.09	 1	 -44.0899	  173.1298
11.925	 2.16	 1	 -41.2922	  177.1515
11.938	 2.06	 1	 -43.9059	  173.1407
11.938	 3.19	 1	 -38.9356	  169.6604
11.947	 2.25	 1	 -42.2019	  173.7529
11.963	 2.33	 1	 -46.3299	  170.5610
11.969	 3.60	 1	 -44.7684	  176.9244
11.976	 2.04	 1	 -42.6404	  179.1395
11.995	 2.10	 1	 -43.1716	  173.2741
11.999	 2.54	 1	 -41.0317	  172.3187
12.005	 2.91	 1	 -41.4675	  172.9803
12.009	 2.87	 1	 -38.2136	  172.4798
12.029	 2.63	 2	 -40.6928	  171.6148
12.044	 2.92	 1	 -42.1957	  173.6894
12.045	 2.12	 1	 -44.2533	  170.2958
12.051	 2.49	 1	 -42.3556	  171.9610
12.054	 2.22	 1	 -41.6458	  173.0274
12.056	 2.81	 1	 -42.5155	  172.8350
12.063	 2.01	 1	 -47.1286	  174.0225
12.064	 2.16	 1	 -42.5378	  173.4034
12.066	 2.01	 1	 -40.8201	  171.0328
12.069	 2.36	 2	 -39.0880	  174.8500
12.076	 2.23	 1	 -42.2619	  174.6460
12.083	 2.05	 1	 -44.6217	  178.5483
12.098	 2.69	 1	 -41.8204	  172.9729
12.104	 2.48	 1	 -42.3271	  170.8694
12.107	 2.08	 1	 -42.6414	  171.5962
12.115	 2.16	 1	 -41.2988	  170.4393
12.119	 2.30	 1	 -43.5934	  171.3713
12.124	 3.38	 1	 -42.0910	  179.0850
12.135	 2.70	 1	 -43.3944	  172.3132
12.148	 2.06	 1	 -38.8134	  176.1162
12.156	 2.28	 1	 -41.9662	  173.1841
12.159	 2.77	 1	 -44.3066	  170.9087
12.160	 2.13	 1	 -41.8496	  175.7088
12.166	 2.05	 1	 -42.7264	  171.1760
12.190	 2.22	 1	 -39.2913	  169.0205
12.197	 3.04	 1	 -42.5753	  166.9064
12.207	 2.10	 1	 -42.1020	  166.9573
12.236	 2.41	 1	 -43.1281	  179.1112
12.240	 2.18	 1	 -41.5061	  171.4688
12.256	 2.07	 1	 -39.3281	  177.0810
12.256	 2.01	 1	 -41.1889	  173.2876
12.257	 2.02	 1	 -40.1199	  175.7399
12.270	 2.07	 1	 -45.7656	  174.2467
12.277	 2.32	 1	 -45.8378	  175.2201
12.299	 3.38	 1	 -38.6540	  170.3320
12.346	 2.14	 1	 -45.3436	  172.4846
12.357	 2.97	 2	 -40.8809	  173.4688
12.377	 2.15	 1	 -43.7868	  172.6737
12.382	 3.09	 1	 -39.2855	  169.0295
12.391	 2.16	 1	 -41.8322	  178.9011
12.462	 2.00	 1	 -44.7753	  171.6322
12.466	 2.02	 1	 -39.9779	  174.7071
12.468	 2.11	 1	 -38.5338	  175.3486
12.477	 2.59	 1	 -45.0236	  178.2537
12.482	 2.04	 1	 -42.0262	  171.2974
12.524	 2.12	 1	 -39.5732	  168.6157
12.531	 2.28	 1	 -42.2276	  173.5979
12.544	 2.30	 1	 -42.1285	  172.6910
12.562	 2.04	 1	 -43.5585	  176.4079
12.582	 2.79	 1	 -40.7053	  167.5342
12.596	 2.08	 1	 -43.4347	  172.3095
12.611	 2.72	 1	 -38.3697	  174.7065
12.613	 2.16	 1	 -45.8810	  171.4220
12.620	 2.92	 1	 -46.6676	  170.1623
12.626	 2.08	 1	 -42.4377	  179.1301
12.632	 2.03	 1	 -42.5997	  179.1386
12.657	 2.25	 1	 -43.3971	  174.3641
12.660	 2.75	 1	 -46.9244	  175.0901
12.665	 2.02	 1	 -42.9313	  173.7739
12.667	 2.16	 1	 -42.3484	  173.8249
12.682	 2.08	 1	 -40.3615	  167.7906
12.712	 4.34	 1	 -43.4655	  166.9954
12.740	 2.04	 1	 -42.3802	  173.1843
12.754	 2.50	 1	 -38.1966	  173.1241
12.760	 3.43	 1	 -44.8086	  175.9874
12.762	 2.10	 1	 -42.9365	  173.5676
12.776	 2.43	 1	 -42.9522	  166.9146
12.870	 2.04	 1	 -42.7288	  172.8007
12.876	 2.42	 1	 -42.2462	  174.2941
12.882	 2.05	 1	 -38.5651	  170.5944
12.903	 2.47	 1	 -41.8580	  173.9334
12.905	 2.51	 1	 -42.9653	  171.5009
12.919	 2.13	 1	 -44.9223	  170.6046
12.941	 2.97	 1	 -42.5556	  172.6284
12.948	 2.17	 1	 -44.8231	  167.6347
12.961	 2.28	 1	 -45.0241	  169.8987
12.976	 2.01	 1	 -45.0083	  170.6998
12.980	 2.51	 1	 -46.9492	  174.9938
12.989	 3.05	 1	 -42.4183	  173.7195
12.989	 2.26	 1	 -47.0832	  172.0062
12.989	 2.22	 1	 -45.1888	  172.5220
13.017	 2.11	 1	 -42.1774	  173.5770
13.026	 2.74	 1	 -43.3151	  176.5381
13.040	 2.17	 1	 -44.8962	  169.8955
13.047	 2.31	 1	 -46.8393	  175.3880
13.075	 2.61	 1	 -42.2450	  179.1096
13.077	 2.53	 1	 -41.8088	  174.2311
13.081	 2.04	 1	 -43.8106	  172.7909
13.115	 2.13	 1	 -39.4785	  177.3007
13.122	 2.88	 1	 -39.5283	  176.1328
13.124	 2.47	 1	 -42.7199	  175.5530
13.130	 2.37	 1	 -44.7364	  175.6318
13.134	 2.02	 1	 -42.3343	  173.7903
13.148	 2.38	 1	 -38.8582	  173.3784
13.159	 2.59	 1	 -43.5726	  172.5942
13.162	 2.92	 1	 -41.9201	  171.8891
13.169	 5.13	 1	 -42.3553	  166.9216
13.170	 2.38	 2	 -42.3558	  166.9450
13.170	 2.32	 1	 -44.3523	  172.9402
13.190	 2.12	 2	 -42.3523	  166.9030
13.196	 2.59	 1	 -47.1735	  173.5040
13.204	 2.49	 2	 -42.3612	  166.9168
13.209	 2.29	 1	 -42.8731	  175.3998
13.224	 2.31	 1	 -42.3523	  172.0905
13.227	 2.66	 1	 -47.1661	  173.6411
13.230	 3.30	 1	 -45.9843	  177.1899
13.233	 2.92	 1	 -40.5220	  167.6643
13.252	 2.61	 1	 -43.1802	  174.0287
13.255	 2.19	 1	 -47.1175	  174.1100
13.264	 2.12	 1	 -42.3486	  173.4392
13.267	 2.14	 1	 -40.9983	  173.2432
13.269	 2.19	 1	 -41.0955	  172.3465
13.274	 2.06	 1	 -44.7541	  167.5852
13.279	 2.06	 1	 -39.4018	  168.8528
13.286	 2.09	 1	 -43.1076	  179.1138
13.301	 2.64	 1	 -43.6588	  176.0746
13.310	 2.31	 1	 -39.5717	  177.4266
13.336	 2.94	 1	 -42.2412	  173.9003
13.351	 2.36	 1	 -39.7446	  177.6417
13.353	 2.00	 1	 -42.5127	  170.4740
13.362	 2.44	 1	 -41.7931	  179.0163
13.380	 2.05	 1	 -38.5564	  170.6222
13.382	 2.00	 1	 -43.8080	  178.4231
13.384	 2.11	 1	 -42.5673	  174.0109
13.414	 2.59	 1	 -41.8841	  173.9499
13.431	 2.38	 1	 -45.0183	  172.0589
13.437	 2.67	 1	 -43.3196	  175.1099
13.449	 2.09	 1	 -40.4459	  171.2529
13.471	 2.73	 1	 -44.3135	  171.0649
13.478	 2.62	 1	 -42.3235	  172.9098
13.500	 2.10	 1	 -42.2453	  172.4072
13.515	 2.36	 1	 -45.6428	  173.4776
13.518	 2.13	 1	 -44.6051	  178.5590
13.520	 2.03	 2	 -42.9252	  167.7894
13.527	 2.55	 1	 -41.9406	  173.7474
13.538	 2.31	 1	 -44.6931	  175.5662
13.559	 2.49	 1	 -43.3033	  174.4424
13.596	 2.26	 1	 -42.1717	  171.0226
13.642	 2.09	 1	 -42.2303	  173.7115
13.660	 3.11	 1	 -44.1434	  174.1553
13.672	 2.47	 1	 -41.9825	  179.0632
13.680	 2.03	 1	 -43.9048	  167.1309
13.681	 3.64	 1	 -43.1404	  168.6830
13.686	 2.56	 1	 -39.7116	  177.6024
13.697	 2.58	 1	 -42.2460	  167.7139
13.700	 2.14	 1	 -39.0630	  174.6403
13.702	 2.06	 1	 -43.1404	  179.1095
13.702	 2.05	 1	 -42.3000	  175.1161
13.715	 2.15	 1	 -44.3669	  172.3807
13.735	 2.44	 1	 -47.0854	  171.7158
13.751	 2.51	 1	 -41.6218	  167.5366
13.751	 3.37	 1	 -42.3592	  176.3213
13.762	 2.08	 1	 -42.6400	  173.0397
13.764	 2.34	 1	 -45.5971	  177.6924
13.778	 2.03	 1	 -42.7970	  173.2038
13.784	 2.32	 1	 -40.3103	  174.6465
13.784	 2.30	 1	 -43.5830	  167.0255
13.790	 3.99	 1	 -47.1890	  173.0730
13.792	 2.50	 1	 -41.5817	  174.7631
13.815	 2.18	 1	 -46.6164	  170.0344
13.815	 2.50	 1	 -42.9582	  173.0661
13.849	 2.03	 1	 -41.7834	  175.1935
13.849	 2.27	 1	 -41.7891	  168.9876
13.890	 2.75	 1	 -40.8340	  167.6533
13.897	 2.16	 1	 -41.7743	  174.3187
13.940	 2.13	 1	 -42.1713	  173.8128
13.950	 2.13	 1	 -42.7458	  166.9048
13.957	 2.30	 1	 -41.6407	  173.8873
13.960	 2.17	 1	 -45.9365	  169.0687
13.964	 2.19	 1	 -47.1380	  172.1023
13.973	 2.03	 1	 -38.8158	  170.3714
13.976	 2.11	 1	 -42.2403	  179.1089
