# Simulation 818
# RelativeTime(days) Magnitude Generation Latitude Longitude
Time Mag Gen Lat Lon
7.010	 2.85	 1	 -45.5968	  168.3516
7.045	 2.47	 1	 -46.7474	  175.6664
7.047	 3.33	 1	 -43.5934	  174.2178
7.057	 2.02	 1	 -41.6727	  173.7065
7.058	 2.15	 1	 -42.5965	  173.2766
7.059	 2.36	 1	 -41.5158	  173.8528
7.066	 2.13	 1	 -41.7237	  167.0480
7.073	 2.77	 1	 -43.9547	  172.8120
7.092	 3.82	 1	 -42.4982	  172.1660
7.103	 2.50	 1	 -42.1372	  172.7505
7.104	 2.41	 1	 -42.5950	  172.8400
7.108	 2.19	 1	 -44.0261	  173.8129
7.111	 3.31	 1	 -44.0313	  173.9130
7.111	 2.25	 1	 -42.5429	  174.7083
7.113	 2.27	 1	 -41.6555	  178.9750
7.115	 2.18	 1	 -42.1616	  173.6265
7.124	 2.70	 1	 -41.6018	  175.7756
7.132	 2.16	 1	 -42.2328	  179.1079
7.147	 2.11	 1	 -41.2142	  172.4143
7.157	 2.68	 1	 -42.6280	  172.9639
7.158	 2.19	 1	 -41.7043	  174.1050
7.158	 2.34	 1	 -41.9724	  166.9833
7.180	 2.47	 1	 -42.3417	  173.4610
7.188	 2.00	 1	 -43.2227	  173.7757
7.195	 2.11	 1	 -44.3223	  175.5799
7.201	 2.24	 1	 -42.0222	  173.8365
7.215	 3.61	 1	 -43.5960	  171.8959
7.221	 2.45	 1	 -44.9789	  173.6608
7.222	 2.17	 1	 -43.9461	  171.4031
7.224	 2.21	 2	 -43.5959	  171.9191
7.228	 2.75	 1	 -43.2193	  172.7782
7.229	 2.06	 1	 -42.2107	  172.1811
7.230	 2.18	 1	 -38.7924	  171.0663
7.232	 2.02	 1	 -43.9190	  176.5703
7.237	 2.09	 1	 -43.2747	  172.7426
7.251	 2.28	 1	 -42.4971	  173.8175
7.251	 2.26	 1	 -45.0690	  174.6848
7.253	 2.60	 1	 -43.1408	  172.7204
7.259	 2.28	 1	 -42.2772	  174.0898
7.271	 2.57	 1	 -42.3690	  171.8729
7.272	 2.51	 1	 -42.3566	  171.9291
7.276	 3.43	 1	 -42.7170	  172.5192
7.285	 2.32	 1	 -42.5409	  173.7435
7.287	 2.11	 1	 -43.4465	  170.8040
7.288	 2.21	 1	 -43.8420	  173.4614
7.290	 3.21	 1	 -41.7529	  174.2896
7.309	 2.46	 1	 -43.5318	  172.3785
7.321	 2.05	 1	 -40.1962	  170.8075
7.334	 2.00	 1	 -43.7555	  174.1452
7.339	 3.88	 1	 -46.2629	  169.9562
7.342	 2.64	 1	 -43.1184	  172.2091
7.350	 2.57	 1	 -42.2427	  173.5525
7.354	 2.02	 1	 -42.5910	  172.3372
7.361	 2.05	 1	 -43.0448	  172.2182
7.388	 3.17	 1	 -43.3482	  172.2455
7.392	 2.35	 1	 -43.1582	  174.0202
7.397	 2.11	 1	 -40.7408	  170.8814
7.400	 3.89	 1	 -41.6928	  171.8448
7.405	 2.15	 2	 -37.2246	  172.5204
7.405	 2.24	 1	 -42.2866	  173.6144
7.413	 2.76	 1	 -47.0491	  171.5072
7.416	 3.77	 1	 -43.8553	  171.0584
7.417	 2.04	 1	 -42.3623	  173.0252
7.419	 2.02	 1	 -42.2479	  171.2249
7.431	 2.05	 1	 -43.0411	  172.9756
7.442	 2.15	 1	 -38.2408	  172.1602
7.444	 2.32	 1	 -42.8329	  174.1595
7.444	 2.11	 1	 -43.1098	  172.5570
7.446	 2.21	 1	 -42.3235	  173.2945
7.447	 2.42	 1	 -44.4417	  170.5189
7.450	 2.39	 1	 -42.2136	  173.6434
7.451	 2.23	 1	 -42.1590	  173.5117
7.451	 2.30	 1	 -42.8386	  172.9565
7.452	 2.19	 1	 -42.8052	  172.6056
7.453	 2.61	 1	 -42.2227	  173.5896
7.460	 4.45	 1	 -41.7525	  174.2749
7.460	 2.06	 2	 -41.8228	  174.1952
7.463	 2.49	 1	 -43.3386	  171.0862
7.464	 2.53	 2	 -41.7254	  174.0659
7.465	 2.35	 2	 -46.2706	  169.9578
7.469	 2.22	 1	 -42.7677	  173.6230
7.470	 2.13	 1	 -42.1419	  171.1769
7.472	 2.04	 1	 -42.7828	  173.9978
7.472	 2.65	 1	 -41.0102	  169.8124
7.473	 2.45	 1	 -42.4680	  173.7563
7.486	 2.35	 2	 -43.3432	  172.2607
7.490	 2.70	 1	 -45.2996	  172.3756
7.494	 2.51	 1	 -42.0726	  172.8959
7.495	 2.11	 1	 -38.8568	  169.8295
7.495	 2.66	 1	 -42.1379	  173.6403
7.496	 2.48	 1	 -42.4868	  173.8853
7.499	 2.12	 1	 -44.3452	  171.8855
7.504	 4.50	 2	 -42.1329	  173.6551
7.505	 2.07	 3	 -42.1333	  173.6583
7.505	 2.28	 1	 -42.9391	  166.9135
7.512	 2.90	 3	 -42.1051	  173.4743
7.512	 2.04	 1	 -43.6067	  170.4879
7.513	 2.35	 1	 -42.4151	  174.7653
7.514	 2.37	 2	 -41.7850	  174.2657
7.518	 2.06	 1	 -42.4902	  173.8178
7.521	 2.21	 1	 -44.2028	  178.7845
7.522	 2.24	 1	 -43.3073	  172.8875
7.525	 2.67	 1	 -42.3707	  174.3885
7.526	 2.70	 1	 -40.3733	  167.7809
7.536	 2.40	 1	 -42.2722	  173.5174
7.543	 2.02	 2	 -41.7167	  174.1377
7.543	 2.42	 1	 -43.9437	  173.1828
7.544	 2.12	 1	 -44.6126	  173.3784
7.544	 2.40	 1	 -43.4859	  173.0948
7.545	 2.42	 1	 -43.5152	  170.6759
7.554	 2.58	 1	 -43.8009	  167.0931
7.561	 3.36	 1	 -42.1758	  173.4789
7.564	 2.41	 1	 -43.1072	  173.0731
7.573	 2.05	 1	 -42.1446	  173.6234
7.577	 2.44	 1	 -41.9985	  173.7433
7.579	 2.32	 1	 -41.1267	  175.5171
7.581	 2.43	 1	 -43.7135	  171.7558
7.584	 2.67	 1	 -40.7536	  174.1556
7.588	 2.33	 1	 -42.1307	  174.6268
7.591	 2.09	 1	 -42.2966	  173.6564
7.595	 2.13	 1	 -46.5709	  176.1180
7.596	 2.54	 1	 -42.8641	  173.3745
7.601	 2.21	 1	 -41.4786	  172.5700
7.604	 2.85	 1	 -38.4659	  170.9341
7.611	 2.15	 1	 -41.6220	  174.2259
7.612	 3.26	 1	 -42.8784	  173.9478
7.612	 2.53	 1	 -42.9398	  173.3291
7.615	 2.37	 1	 -43.4457	  173.0271
7.621	 2.13	 1	 -41.2799	  175.0010
7.625	 2.70	 1	 -42.8455	  173.7796
7.634	 2.38	 1	 -41.7311	  174.1719
7.652	 2.18	 1	 -42.8691	  173.4659
7.673	 2.34	 1	 -47.1764	  173.4829
7.677	 2.24	 1	 -42.2030	  174.0397
7.679	 2.23	 1	 -41.8078	  173.8642
7.680	 2.19	 1	 -42.7550	  172.0133
7.695	 2.61	 1	 -41.8171	  173.0979
7.699	 2.90	 1	 -43.5384	  177.6770
7.700	 2.41	 1	 -44.3641	  167.3427
7.734	 2.17	 1	 -41.1669	  173.7797
7.749	 2.32	 1	 -43.2466	  172.8751
7.750	 2.01	 1	 -39.5013	  168.7121
7.759	 2.08	 3	 -42.1440	  173.6961
7.767	 3.00	 1	 -43.0454	  172.2999
7.777	 2.23	 1	 -42.2250	  173.7529
7.778	 2.32	 1	 -40.8967	  171.5128
7.784	 2.32	 1	 -43.8651	  173.6241
7.796	 2.41	 1	 -43.4837	  172.5658
7.800	 2.70	 1	 -43.8143	  174.2319
7.803	 2.35	 1	 -42.8484	  171.6520
7.804	 2.19	 1	 -39.7359	  168.4128
7.809	 2.01	 1	 -40.8487	  167.8159
7.816	 2.99	 1	 -42.5569	  174.3836
7.817	 2.81	 1	 -42.5175	  172.7928
7.826	 2.18	 1	 -42.9197	  173.1668
7.828	 2.54	 1	 -42.0780	  171.2029
7.836	 3.19	 1	 -41.5693	  174.0347
7.854	 2.10	 1	 -42.2529	  173.4785
7.866	 2.16	 1	 -42.9771	  172.8717
7.882	 2.36	 1	 -41.9916	  173.8112
7.887	 2.13	 1	 -42.0953	  176.7085
7.893	 2.05	 1	 -43.1108	  173.2628
7.896	 2.19	 1	 -42.9832	  174.2037
7.902	 2.04	 1	 -38.7166	  175.8797
7.903	 2.59	 1	 -42.8185	  175.1618
7.906	 2.27	 2	 -42.8415	  175.2424
7.906	 2.01	 1	 -42.4962	  173.7148
7.918	 2.27	 1	 -45.0540	  178.2284
7.924	 2.09	 1	 -42.7223	  172.5632
7.940	 2.08	 1	 -46.9435	  175.0164
7.945	 3.33	 1	 -41.7440	  174.3166
7.948	 2.43	 1	 -41.6333	  174.2050
7.951	 2.28	 1	 -39.8643	  168.2659
7.954	 2.30	 1	 -43.4719	  166.9969
7.970	 2.15	 1	 -42.4984	  173.6301
7.984	 2.21	 1	 -42.5179	  173.1370
8.002	 2.63	 1	 -43.0441	  172.2715
8.004	 2.08	 1	 -47.1875	  172.8551
8.008	 2.09	 1	 -43.0401	  173.3037
8.011	 2.17	 1	 -43.5136	  172.0143
8.012	 2.11	 1	 -42.6094	  170.0555
8.012	 2.16	 1	 -42.3424	  172.3736
8.018	 2.44	 1	 -43.5904	  175.1252
8.028	 2.21	 1	 -43.6215	  172.6263
8.031	 2.34	 1	 -44.3315	  175.1765
8.041	 2.08	 1	 -39.4631	  177.2792
8.042	 2.71	 1	 -41.6345	  172.6762
8.047	 2.97	 1	 -43.4956	  172.6860
8.053	 2.36	 1	 -42.8590	  173.0139
8.060	 2.09	 1	 -40.4688	  167.7048
8.069	 2.07	 1	 -43.9708	  173.3834
8.073	 2.29	 1	 -41.0627	  174.4211
8.073	 2.39	 1	 -42.6140	  173.3542
8.077	 3.08	 1	 -39.9332	  168.1916
8.087	 2.41	 1	 -44.1007	  171.7200
8.111	 2.99	 1	 -43.8427	  167.1078
8.114	 3.06	 1	 -42.5371	  173.3185
8.122	 2.08	 1	 -42.2311	  172.5830
8.128	 3.35	 1	 -42.7340	  175.1587
8.166	 2.02	 1	 -42.0093	  166.9754
8.184	 2.69	 1	 -42.6984	  171.1223
8.185	 2.86	 1	 -42.1687	  174.4629
8.186	 2.05	 1	 -42.1041	  173.5389
8.201	 2.80	 1	 -43.4602	  173.7455
8.203	 2.44	 1	 -41.8291	  174.3617
8.203	 2.37	 3	 -42.1471	  173.6821
8.209	 3.88	 1	 -39.6907	  171.5567
8.219	 2.12	 1	 -43.7459	  170.6043
8.221	 2.08	 1	 -47.1321	  173.9935
8.223	 2.22	 2	 -39.6906	  171.5523
8.247	 2.39	 1	 -43.7653	  173.6218
8.252	 2.35	 1	 -42.5896	  171.0507
8.256	 2.88	 1	 -43.1935	  174.1364
8.261	 2.20	 1	 -38.9173	  171.8415
8.263	 2.21	 1	 -42.5645	  173.6789
8.264	 2.34	 1	 -44.1142	  178.8261
8.266	 2.10	 2	 -39.6590	  171.6421
8.267	 2.29	 1	 -40.5599	  172.5084
8.268	 2.67	 1	 -43.5383	  175.3431
8.273	 2.00	 1	 -40.9694	  171.8134
8.281	 2.08	 1	 -41.9459	  173.7200
8.286	 2.49	 2	 -40.9721	  171.8018
8.308	 2.66	 1	 -41.9661	  173.5412
8.326	 2.56	 1	 -47.0561	  174.4995
8.335	 4.43	 1	 -43.1001	  174.5196
8.342	 2.40	 2	 -43.1646	  174.2501
8.349	 2.55	 1	 -43.2528	  173.1826
8.353	 2.89	 1	 -43.9689	  177.0112
8.364	 3.04	 1	 -41.4459	  174.7105
8.376	 2.23	 1	 -42.6259	  172.9447
8.387	 2.31	 1	 -45.5061	  168.8279
8.390	 2.73	 1	 -43.9922	  173.5281
8.391	 2.26	 1	 -44.5643	  172.0941
8.396	 2.73	 2	 -43.0817	  174.5207
8.405	 2.28	 1	 -41.6138	  174.8907
8.405	 2.12	 1	 -42.5969	  173.1783
8.407	 2.27	 1	 -40.7845	  173.8855
8.412	 2.00	 1	 -42.7465	  172.9653
8.414	 3.10	 1	 -45.0805	  173.5501
8.416	 3.91	 1	 -42.4022	  172.8976
8.419	 2.54	 1	 -43.2703	  172.1248
8.426	 2.18	 1	 -42.9837	  173.3116
8.427	 2.17	 2	 -39.6054	  171.5807
8.437	 2.19	 1	 -40.9293	  169.5058
8.438	 2.73	 1	 -44.2738	  173.4525
8.442	 2.67	 1	 -42.7894	  173.2076
8.461	 2.26	 1	 -41.2997	  175.7670
8.469	 4.05	 1	 -40.8148	  174.9981
8.477	 2.16	 2	 -40.8283	  174.9883
8.485	 2.17	 2	 -43.1406	  174.5294
8.496	 2.06	 3	 -43.1500	  174.4526
8.496	 2.15	 1	 -42.9534	  170.6009
8.499	 2.97	 1	 -39.5148	  171.7732
8.502	 3.38	 1	 -42.7685	  173.2205
8.505	 2.07	 1	 -41.4868	  172.1486
8.513	 2.02	 1	 -42.6792	  174.1942
8.518	 2.24	 1	 -41.9868	  173.4712
8.518	 2.07	 1	 -44.1523	  174.7814
8.520	 2.74	 1	 -46.5942	  169.9810
8.530	 2.09	 2	 -42.7647	  173.2202
8.538	 2.69	 1	 -41.4862	  173.1377
8.538	 2.33	 1	 -44.1549	  174.6368
8.542	 2.60	 1	 -45.7911	  177.4556
8.549	 3.36	 1	 -43.1254	  172.9923
8.569	 3.16	 1	 -42.4867	  173.1721
8.580	 2.21	 1	 -42.1345	  175.8896
8.582	 2.34	 1	 -41.9449	  174.1939
8.588	 4.15	 1	 -43.1992	  172.8711
8.589	 2.51	 2	 -42.8533	  173.4405
8.590	 2.04	 2	 -43.1983	  172.8287
8.594	 2.69	 1	 -41.5378	  172.9537
8.597	 2.40	 1	 -43.7165	  172.9942
8.600	 2.18	 1	 -44.1527	  174.5345
8.604	 2.19	 1	 -41.9114	  173.9986
8.607	 2.35	 2	 -43.1147	  172.8754
8.609	 2.07	 1	 -42.3654	  172.0632
8.624	 2.45	 1	 -42.1012	  170.7856
8.625	 2.04	 1	 -42.3004	  173.7628
8.627	 2.60	 1	 -43.6761	  173.4980
8.635	 3.04	 1	 -43.2182	  172.0374
8.639	 2.28	 1	 -43.5724	  171.3089
8.645	 2.35	 1	 -43.3648	  172.6572
8.650	 2.04	 2	 -43.8560	  171.0127
8.655	 3.14	 2	 -42.5389	  173.3188
8.655	 2.03	 1	 -41.4784	  173.2955
8.658	 2.08	 1	 -47.1308	  172.0396
8.679	 2.30	 1	 -42.7784	  174.3336
8.689	 2.98	 1	 -43.7492	  171.2213
8.708	 2.29	 1	 -41.7809	  174.4274
8.711	 2.61	 1	 -43.4025	  166.9811
8.715	 2.14	 1	 -43.4166	  174.2142
8.725	 2.32	 1	 -42.3745	  173.7158
8.726	 2.53	 1	 -42.0103	  171.8345
8.741	 2.22	 1	 -41.8692	  173.9800
8.750	 3.73	 1	 -41.8891	  174.7242
8.752	 2.30	 1	 -42.5682	  172.6618
8.754	 2.67	 1	 -43.4429	  173.3692
8.761	 2.04	 1	 -40.6841	  168.8671
8.766	 2.14	 1	 -43.2124	  174.0884
8.774	 3.15	 1	 -46.9510	  174.9868
8.778	 2.14	 1	 -40.5788	  167.6224
8.783	 2.74	 1	 -43.2156	  174.2023
8.785	 3.31	 1	 -46.6487	  170.1142
8.790	 3.63	 1	 -42.6375	  167.4901
8.802	 2.24	 1	 -41.8924	  173.6120
8.806	 2.10	 1	 -42.4991	  173.1120
8.810	 2.15	 1	 -43.8027	  173.1980
8.838	 3.97	 2	 -42.6302	  167.4391
8.843	 2.51	 1	 -42.2977	  174.0660
8.858	 2.55	 1	 -41.3462	  173.4623
8.859	 2.57	 1	 -41.7552	  175.8841
8.866	 3.27	 1	 -42.7667	  172.9783
8.867	 3.65	 1	 -42.2455	  174.1982
8.871	 2.96	 1	 -42.1917	  173.9771
8.879	 2.91	 1	 -42.5543	  175.4332
8.880	 2.29	 1	 -43.1634	  171.6788
8.886	 2.32	 1	 -42.1650	  173.1074
8.894	 2.31	 1	 -43.8393	  174.0887
8.896	 2.16	 1	 -44.8541	  173.7123
8.900	 2.03	 1	 -42.4355	  166.9143
8.916	 2.27	 1	 -42.0911	  176.4710
8.928	 2.38	 1	 -41.6426	  174.4268
8.930	 2.41	 1	 -42.1528	  173.2984
8.946	 2.50	 1	 -41.7214	  174.1731
8.966	 2.15	 1	 -43.8798	  172.8510
8.969	 2.53	 1	 -42.3292	  176.4207
8.981	 2.28	 1	 -41.9627	  174.2914
8.983	 2.05	 1	 -43.6133	  169.3819
8.985	 2.81	 1	 -41.5485	  173.3528
8.996	 2.36	 1	 -44.1378	  172.3941
9.007	 2.44	 1	 -42.4259	  171.8060
9.020	 2.14	 1	 -43.5841	  174.8415
9.026	 2.44	 1	 -38.5273	  170.7173
9.032	 2.20	 1	 -40.8305	  167.4535
9.035	 3.43	 1	 -42.7041	  170.8961
9.037	 2.03	 1	 -43.0130	  174.8653
9.041	 2.44	 1	 -42.7462	  173.7712
9.057	 3.83	 1	 -40.2721	  170.8916
9.059	 2.13	 1	 -41.2665	  172.6007
9.072	 2.27	 1	 -38.4527	  174.0519
9.081	 2.01	 1	 -41.9115	  173.9269
9.083	 2.47	 1	 -43.2468	  173.9023
9.084	 2.67	 1	 -38.7539	  175.9737
9.088	 2.08	 1	 -41.1243	  178.7558
9.094	 2.04	 1	 -41.6018	  174.8515
9.104	 2.15	 1	 -41.8928	  171.2146
9.106	 2.21	 1	 -43.5784	  172.8816
9.106	 2.68	 1	 -46.2357	  169.2552
9.108	 2.07	 1	 -44.8176	  178.4137
9.113	 2.06	 1	 -44.0100	  174.1508
9.119	 2.07	 2	 -42.7001	  170.8912
9.119	 2.24	 1	 -42.4028	  172.9174
9.128	 2.06	 1	 -42.5550	  173.2816
9.128	 3.90	 1	 -42.9487	  171.9889
9.128	 2.16	 1	 -43.1515	  173.0719
9.145	 2.16	 1	 -41.9428	  175.2132
9.145	 2.01	 1	 -44.8710	  174.5944
9.161	 2.22	 2	 -42.9486	  171.9737
9.166	 2.12	 1	 -42.1382	  174.6370
9.167	 2.22	 1	 -43.0270	  166.9213
9.212	 2.23	 1	 -42.3919	  168.7278
9.231	 2.22	 1	 -41.7951	  174.2807
9.243	 2.27	 1	 -43.5987	  172.4677
9.244	 2.24	 1	 -42.2914	  173.9687
9.245	 2.27	 1	 -44.5794	  173.2592
9.250	 2.72	 1	 -42.5665	  178.2547
9.269	 2.25	 1	 -40.7762	  172.9492
9.278	 2.00	 1	 -44.1443	  178.8123
9.284	 2.27	 1	 -41.3815	  178.8741
9.292	 2.10	 1	 -41.6953	  178.5623
9.296	 2.32	 1	 -41.4317	  172.0791
9.301	 3.31	 1	 -42.4603	  172.6018
9.304	 2.65	 1	 -43.5237	  172.5809
9.325	 2.08	 1	 -41.8735	  173.4997
9.331	 2.50	 1	 -41.5500	  172.2060
9.337	 2.01	 1	 -41.6762	  171.6047
9.337	 2.34	 1	 -41.0664	  172.0043
9.346	 2.61	 1	 -41.6502	  172.7145
9.357	 2.34	 1	 -43.0065	  173.7408
9.358	 2.28	 1	 -41.9193	  174.1635
9.371	 2.08	 1	 -43.2126	  172.5682
9.376	 2.62	 1	 -42.8777	  172.9931
9.380	 2.14	 1	 -44.8198	  175.6256
9.417	 2.37	 1	 -43.0916	  172.7657
9.419	 2.43	 1	 -42.7058	  174.6128
9.425	 3.06	 1	 -43.8974	  177.1071
9.438	 2.08	 1	 -41.9391	  173.5527
9.451	 2.50	 1	 -42.7206	  172.0644
9.457	 2.44	 1	 -43.6462	  172.6342
9.457	 3.53	 2	 -42.4594	  172.6003
9.472	 2.93	 1	 -43.2755	  170.1954
9.481	 2.19	 1	 -42.6212	  172.7225
9.483	 2.07	 2	 -43.9936	  173.5293
9.484	 3.17	 1	 -42.6270	  174.1969
9.485	 2.57	 1	 -42.0194	  172.7805
9.496	 2.20	 2	 -42.6947	  174.6035
9.497	 2.46	 1	 -42.6946	  171.3158
9.510	 2.07	 1	 -41.5470	  175.4783
9.520	 2.28	 1	 -43.6042	  173.9253
9.522	 2.96	 1	 -42.1345	  173.5471
9.527	 2.14	 1	 -43.0830	  171.7549
9.529	 2.07	 1	 -42.2412	  173.4747
9.542	 2.34	 1	 -42.1776	  173.7563
9.556	 2.12	 1	 -42.9418	  173.0853
9.574	 2.34	 1	 -46.0777	  168.9953
9.591	 2.13	 1	 -42.9980	  171.0559
9.601	 2.07	 1	 -43.1301	  173.5089
9.602	 2.50	 1	 -42.9254	  174.2193
9.605	 2.24	 1	 -41.2972	  172.9903
9.629	 2.59	 1	 -43.9582	  172.0028
9.633	 2.10	 1	 -42.3620	  173.6780
9.637	 3.01	 1	 -41.2907	  170.7614
9.643	 2.04	 1	 -43.4360	  173.6879
9.649	 2.03	 1	 -42.5472	  179.1367
9.654	 2.75	 1	 -41.8359	  175.2646
9.659	 2.35	 1	 -42.3228	  173.5969
9.661	 2.42	 1	 -42.5431	  173.1288
9.671	 3.55	 1	 -41.2440	  178.8138
9.675	 2.40	 1	 -40.8115	  171.1202
9.684	 2.85	 1	 -42.2694	  171.7091
9.700	 2.54	 1	 -42.1859	  173.3373
9.706	 2.05	 1	 -43.9941	  173.8451
9.707	 2.61	 1	 -43.1160	  173.4715
9.708	 2.55	 1	 -41.4885	  170.8406
9.709	 2.26	 1	 -44.3851	  172.7565
9.711	 4.70	 1	 -42.1003	  174.0208
9.713	 2.08	 2	 -42.1054	  173.9862
9.714	 2.07	 1	 -42.4123	  172.8918
9.716	 2.24	 2	 -42.0935	  174.0260
9.749	 2.26	 1	 -44.6196	  167.4946
9.780	 2.50	 1	 -42.5264	  173.2182
9.783	 2.07	 1	 -42.5331	  173.0219
9.784	 2.16	 1	 -42.1864	  172.3637
9.786	 3.03	 1	 -43.5141	  174.9304
9.797	 3.62	 1	 -40.7824	  171.1880
9.805	 2.62	 2	 -41.9420	  174.0104
9.809	 2.90	 1	 -43.6318	  171.5141
9.812	 2.21	 1	 -43.9013	  172.6417
9.829	 3.22	 1	 -41.9488	  173.9722
9.840	 2.71	 1	 -46.4434	  170.8344
9.853	 2.13	 1	 -40.9462	  171.6299
9.859	 2.50	 1	 -41.6399	  173.3642
9.867	 2.52	 1	 -43.5339	  172.9629
9.870	 2.37	 1	 -46.2784	  176.7135
9.870	 2.22	 1	 -44.4258	  174.3132
9.877	 2.39	 1	 -41.5896	  172.6100
9.893	 2.04	 1	 -43.4673	  173.8070
9.906	 2.18	 1	 -41.8694	  173.3824
9.908	 2.36	 1	 -42.3863	  172.2618
9.909	 2.51	 1	 -46.7408	  170.3592
9.913	 2.50	 1	 -41.1857	  170.8447
9.920	 4.01	 1	 -43.0133	  166.9199
9.935	 2.23	 1	 -38.8587	  169.8254
9.942	 2.09	 1	 -42.3966	  172.3641
9.960	 2.15	 1	 -42.0349	  173.0261
9.966	 2.70	 1	 -43.5374	  174.0564
9.978	 2.05	 1	 -41.0207	  173.7253
9.982	 2.11	 1	 -44.5184	  176.2912
9.988	 2.01	 1	 -41.2336	  174.1165
9.989	 3.78	 1	 -42.2657	  174.4884
9.996	 3.45	 1	 -43.9439	  173.6806
10.008	 2.22	 1	 -41.8329	  171.6257
10.009	 2.47	 1	 -42.9666	  172.5234
10.015	 3.49	 1	 -42.5979	  174.1488
10.024	 2.43	 1	 -40.8295	  169.3487
10.027	 2.17	 1	 -43.0706	  174.3768
10.031	 2.07	 1	 -42.2868	  172.0220
10.040	 2.57	 1	 -42.4616	  171.2370
10.046	 2.05	 1	 -44.4004	  173.6838
10.046	 2.39	 1	 -41.9598	  173.7117
10.063	 2.23	 1	 -38.7017	  175.8411
10.073	 2.05	 1	 -41.7230	  174.1128
10.098	 2.30	 1	 -41.9006	  173.8906
10.099	 2.22	 1	 -42.6977	  167.2691
10.107	 2.80	 1	 -41.8188	  174.2474
10.114	 2.42	 2	 -42.8758	  174.4361
10.115	 2.17	 1	 -42.7289	  172.4642
10.120	 2.62	 1	 -41.1746	  173.3732
10.129	 2.74	 1	 -41.6405	  174.0394
10.134	 2.59	 1	 -43.1594	  172.8771
10.146	 2.09	 1	 -42.0662	  172.1630
10.146	 2.04	 1	 -42.3884	  173.7374
10.147	 2.62	 1	 -41.2934	  173.1526
10.153	 2.17	 1	 -40.2164	  175.7074
10.156	 2.28	 1	 -38.8038	  174.1172
10.177	 2.99	 1	 -44.1746	  175.8582
10.192	 3.24	 1	 -41.6127	  172.8285
10.202	 4.42	 1	 -44.0703	  168.6500
10.203	 2.04	 2	 -41.5375	  172.6679
10.204	 2.40	 2	 -44.0704	  168.6575
10.221	 2.08	 1	 -41.6932	  173.9645
10.227	 2.23	 1	 -41.7990	  167.1771
10.227	 2.24	 1	 -42.7118	  169.3967
10.234	 2.63	 1	 -41.8151	  167.0219
10.237	 2.27	 1	 -43.7477	  174.0091
10.237	 2.59	 1	 -42.0457	  173.3777
10.249	 2.09	 1	 -42.2863	  173.5979
10.252	 2.03	 1	 -46.1593	  169.6356
10.261	 2.13	 1	 -43.5138	  170.4118
10.262	 3.58	 1	 -42.8083	  170.3023
10.263	 2.86	 2	 -42.8454	  170.4485
10.264	 2.28	 1	 -43.7248	  173.5941
10.265	 4.09	 2	 -44.0802	  168.6402
10.265	 2.12	 2	 -42.8144	  170.1798
10.266	 2.35	 3	 -44.1224	  168.6847
10.284	 2.08	 1	 -42.5928	  174.2000
10.293	 3.01	 1	 -47.1614	  173.7006
10.295	 2.10	 1	 -42.4287	  172.4535
10.300	 3.02	 1	 -42.2448	  174.0614
10.302	 2.71	 1	 -44.7540	  172.5212
10.327	 2.33	 1	 -47.0804	  174.3593
10.333	 2.18	 3	 -44.0803	  168.6402
10.342	 2.07	 2	 -44.0747	  168.6544
10.353	 3.16	 1	 -43.2989	  172.1352
10.358	 2.34	 1	 -43.0864	  171.8176
10.361	 2.70	 1	 -47.1490	  173.8378
10.372	 2.27	 1	 -42.6794	  173.9954
10.379	 2.44	 1	 -41.3529	  178.8621
10.379	 2.05	 1	 -43.1609	  173.5582
10.403	 2.00	 1	 -42.2555	  171.4713
10.416	 2.00	 1	 -45.5952	  177.6946
10.417	 2.26	 1	 -43.1929	  172.1989
10.423	 2.14	 1	 -44.0226	  178.8662
10.425	 2.08	 1	 -42.7956	  173.8004
10.442	 2.03	 1	 -43.0528	  172.6883
10.449	 2.08	 1	 -43.7270	  171.9951
10.454	 2.10	 1	 -42.4316	  172.8494
10.462	 3.41	 1	 -42.7615	  176.8018
10.467	 2.21	 1	 -47.1768	  173.2988
10.468	 2.01	 1	 -42.9632	  176.5696
10.474	 2.52	 1	 -41.7006	  174.1897
10.475	 2.22	 2	 -43.9334	  171.9436
10.482	 2.64	 1	 -42.6313	  173.4418
10.492	 2.03	 1	 -47.0987	  174.2428
10.510	 2.45	 1	 -38.7525	  170.0739
10.555	 2.14	 1	 -42.8155	  173.2680
10.566	 2.09	 1	 -41.7650	  173.3145
10.567	 2.54	 1	 -41.9488	  173.6887
10.572	 2.91	 1	 -42.2693	  174.1040
10.579	 2.22	 1	 -43.2028	  173.3589
10.589	 2.04	 1	 -42.8742	  172.6961
10.603	 2.01	 1	 -42.4814	  177.2974
10.608	 2.14	 1	 -42.1059	  172.9935
10.617	 2.33	 2	 -40.8019	  175.0702
10.631	 3.32	 1	 -39.7198	  168.4320
10.633	 2.22	 1	 -42.3630	  172.8252
10.636	 2.13	 1	 -42.7420	  171.3478
10.648	 2.62	 1	 -42.6465	  172.9744
10.651	 2.00	 1	 -42.3768	  173.3339
10.654	 2.74	 1	 -41.4604	  171.3510
10.655	 2.03	 1	 -42.1651	  173.7691
10.668	 2.27	 1	 -46.8777	  170.7848
10.680	 2.26	 1	 -41.7779	  174.2567
10.680	 2.30	 1	 -42.0684	  173.6410
10.691	 2.13	 1	 -40.4328	  170.9645
10.698	 3.30	 1	 -41.7480	  174.1228
10.700	 4.85	 1	 -39.7580	  168.3867
10.700	 2.13	 2	 -40.1507	  167.7976
10.703	 2.10	 2	 -39.7215	  168.4043
10.704	 2.10	 1	 -47.0240	  171.3792
10.708	 2.19	 2	 -39.8233	  168.4031
10.714	 4.14	 2	 -44.0928	  168.6415
10.716	 2.13	 2	 -39.8486	  168.0506
10.727	 2.76	 2	 -39.7718	  168.3619
10.730	 2.27	 1	 -43.1636	  173.8038
10.738	 2.75	 2	 -39.7514	  168.4388
10.743	 2.05	 2	 -39.7477	  168.4241
10.744	 2.31	 1	 -38.2179	  173.5964
10.746	 2.89	 1	 -42.1009	  179.0868
10.768	 2.44	 1	 -42.5032	  173.6466
10.772	 2.01	 1	 -47.0983	  174.2458
10.785	 2.23	 1	 -42.4680	  173.2035
10.793	 2.30	 1	 -46.0069	  177.1565
10.801	 2.07	 2	 -39.6444	  168.8055
10.804	 2.51	 1	 -42.7672	  176.5551
10.818	 2.69	 1	 -42.2035	  172.6164
10.820	 2.02	 1	 -42.2407	  171.3585
10.820	 4.53	 1	 -42.2932	  172.2519
10.821	 2.35	 1	 -45.9624	  168.8227
10.821	 4.62	 2	 -42.3227	  172.2357
10.821	 3.38	 3	 -42.3142	  172.2488
10.823	 2.64	 2	 -42.3330	  172.2867
10.825	 2.12	 1	 -42.3064	  174.0942
10.828	 2.17	 2	 -42.3466	  172.3977
10.836	 2.53	 2	 -42.3034	  172.2813
10.839	 2.76	 3	 -42.3169	  172.2434
10.843	 2.43	 1	 -45.4338	  168.1726
10.846	 2.14	 2	 -39.7579	  168.3807
10.873	 2.76	 1	 -41.5682	  174.4698
10.875	 3.71	 1	 -41.8089	  172.7390
10.878	 2.39	 1	 -41.2412	  175.2666
10.881	 3.07	 1	 -43.3964	  174.0878
10.888	 2.08	 1	 -39.7257	  172.7352
10.889	 2.12	 1	 -42.1969	  173.6523
10.906	 2.02	 1	 -42.4521	  173.8729
10.909	 2.20	 1	 -42.0027	  172.8602
10.910	 2.04	 1	 -42.7038	  172.4086
10.917	 3.46	 1	 -42.5205	  174.0921
10.920	 2.19	 1	 -42.8617	  173.4758
10.924	 2.37	 1	 -42.0729	  174.0008
10.946	 2.20	 1	 -42.0761	  173.2633
10.957	 2.44	 1	 -38.8411	  169.8646
10.966	 2.14	 1	 -39.7224	  171.5533
10.978	 3.89	 1	 -41.6603	  174.3332
10.981	 2.12	 1	 -42.6124	  168.4506
10.983	 2.35	 1	 -42.6474	  172.3077
11.001	 2.16	 1	 -44.4267	  171.6991
11.025	 2.62	 1	 -43.2035	  172.5692
11.025	 2.21	 1	 -42.3814	  173.7596
11.027	 2.76	 1	 -43.7496	  178.7082
11.034	 2.03	 3	 -42.2170	  172.2418
11.048	 2.02	 1	 -43.1235	  175.3270
11.052	 2.56	 1	 -43.9235	  173.2807
11.056	 2.75	 1	 -43.9244	  172.4639
11.071	 2.06	 1	 -44.6458	  178.5326
11.074	 2.21	 2	 -43.9293	  173.3059
11.082	 2.22	 1	 -41.3728	  172.8112
11.085	 2.12	 1	 -41.1085	  171.9525
11.145	 2.39	 1	 -42.7266	  173.6308
11.153	 2.52	 3	 -42.2685	  172.2337
11.170	 2.05	 1	 -45.7025	  173.2049
11.182	 2.23	 1	 -43.9694	  172.1937
11.183	 2.21	 1	 -44.1757	  173.4252
11.197	 2.22	 1	 -42.8104	  172.7138
11.205	 2.37	 1	 -41.0184	  176.1944
11.222	 2.56	 1	 -42.9934	  173.5933
11.241	 2.27	 1	 -41.6885	  170.9808
11.276	 2.48	 1	 -42.7908	  172.6913
11.296	 2.33	 1	 -42.9582	  171.7682
11.321	 2.01	 1	 -42.9157	  172.8451
11.322	 2.32	 1	 -42.2688	  173.8007
11.329	 2.13	 1	 -44.0129	  171.9622
11.361	 2.06	 1	 -42.4536	  174.9464
11.366	 3.35	 1	 -44.1091	  171.5316
11.372	 2.15	 1	 -41.6835	  173.6871
11.376	 2.20	 1	 -43.0725	  176.1252
11.385	 2.37	 1	 -41.8289	  173.1505
11.389	 2.58	 1	 -42.5722	  172.2538
11.399	 2.70	 1	 -42.3848	  173.0519
11.401	 2.93	 1	 -41.7368	  173.9604
11.404	 3.44	 1	 -44.5080	  172.7103
11.409	 2.49	 1	 -42.7896	  168.9653
11.420	 2.11	 1	 -41.5412	  173.2718
11.423	 2.25	 1	 -42.3532	  173.0052
11.423	 2.25	 1	 -45.1707	  178.1270
11.425	 2.39	 1	 -42.5167	  175.2197
11.425	 2.04	 1	 -43.0089	  173.1423
11.426	 2.47	 1	 -45.8697	  174.7035
11.432	 2.73	 2	 -42.2900	  172.2690
11.435	 2.63	 1	 -41.8947	  171.3297
11.439	 2.01	 1	 -43.9169	  176.6717
11.444	 2.38	 1	 -42.2470	  173.2610
11.444	 2.63	 1	 -41.4688	  173.0720
11.458	 2.63	 1	 -41.6953	  174.2317
11.467	 2.42	 1	 -41.5936	  174.1346
11.475	 2.02	 1	 -43.0843	  172.9569
11.478	 2.54	 1	 -42.3372	  173.0313
11.480	 2.41	 1	 -42.2121	  166.9394
11.497	 2.04	 1	 -40.6729	  176.9621
11.499	 2.10	 1	 -42.5344	  173.1124
11.499	 2.28	 1	 -43.0549	  168.1123
11.501	 2.32	 1	 -42.9775	  172.2704
11.503	 2.13	 1	 -41.9496	  172.6054
11.503	 2.65	 1	 -42.8450	  173.0997
11.509	 2.01	 2	 -42.3221	  172.2621
11.526	 2.43	 1	 -43.4740	  172.2023
11.528	 2.03	 1	 -43.1024	  172.6292
11.528	 2.05	 1	 -43.1634	  172.3161
11.543	 2.10	 1	 -44.0568	  171.4270
11.551	 2.17	 1	 -43.9026	  175.1657
11.568	 2.28	 1	 -43.4903	  175.3069
11.577	 2.34	 1	 -43.1099	  173.0992
11.591	 2.02	 1	 -43.0012	  173.1313
11.593	 2.29	 1	 -42.6537	  172.8761
11.604	 2.56	 1	 -42.7690	  174.5638
11.622	 2.08	 2	 -41.2648	  178.8118
11.630	 2.45	 1	 -43.7664	  172.3940
11.652	 2.05	 1	 -43.2179	  174.2371
11.680	 2.59	 1	 -42.9335	  172.7773
11.683	 2.60	 1	 -41.4629	  171.9192
11.696	 2.32	 1	 -44.1703	  167.2441
11.722	 2.68	 1	 -46.2470	  169.2751
11.725	 2.19	 1	 -39.5641	  174.3687
11.727	 2.67	 1	 -41.8964	  171.3148
11.738	 2.47	 2	 -42.6363	  167.4894
11.750	 2.20	 1	 -42.8150	  174.8788
11.750	 2.27	 1	 -38.5738	  170.5674
11.759	 2.64	 1	 -42.4490	  173.8206
11.785	 2.02	 1	 -42.1361	  172.3524
11.785	 3.05	 2	 -42.1364	  172.3524
11.807	 2.46	 3	 -42.0660	  172.3560
11.808	 2.74	 1	 -45.9044	  171.2870
11.809	 2.07	 1	 -43.7795	  173.0668
11.826	 2.33	 1	 -42.3790	  173.0457
11.845	 2.22	 1	 -42.3206	  172.8598
11.852	 2.08	 1	 -43.0745	  173.0620
11.854	 2.02	 1	 -42.6399	  174.6493
11.864	 2.31	 1	 -42.3980	  173.6793
11.868	 2.27	 1	 -42.0738	  172.1531
11.870	 2.63	 1	 -45.3067	  168.0444
11.876	 2.22	 1	 -39.9553	  171.2918
11.880	 2.11	 1	 -40.2566	  174.6883
11.881	 2.14	 1	 -41.7665	  174.7952
11.888	 2.23	 1	 -40.9774	  173.1121
11.902	 2.10	 1	 -42.9965	  173.2476
11.910	 2.27	 1	 -41.9913	  173.2482
11.913	 3.80	 1	 -41.7606	  174.7989
11.913	 2.59	 1	 -42.5859	  172.7579
11.915	 2.85	 2	 -41.7599	  174.7793
11.919	 2.24	 1	 -44.6698	  173.7490
11.922	 2.18	 1	 -39.4453	  171.3755
11.936	 3.65	 1	 -42.5584	  170.6938
11.942	 2.28	 2	 -42.5554	  170.6222
11.942	 3.48	 1	 -43.5294	  176.1291
11.961	 2.99	 1	 -41.0587	  167.3224
11.970	 2.18	 1	 -42.1980	  173.6956
11.971	 2.57	 1	 -41.9799	  172.2557
11.980	 2.58	 1	 -43.3394	  170.1801
12.002	 2.73	 1	 -42.7698	  174.6138
12.030	 2.01	 1	 -46.8381	  175.3920
12.037	 2.01	 1	 -41.4213	  175.1077
12.055	 2.82	 1	 -42.2076	  173.5987
12.100	 2.45	 1	 -38.2003	  172.7516
12.132	 2.04	 1	 -44.1456	  176.2903
12.136	 2.02	 1	 -47.1119	  171.8934
12.147	 2.04	 1	 -42.9672	  173.9862
12.155	 2.37	 1	 -42.1078	  173.3308
12.168	 2.53	 1	 -46.8737	  175.2731
12.174	 2.36	 1	 -40.3961	  172.6429
12.174	 2.11	 1	 -40.7007	  172.9596
12.182	 2.08	 1	 -41.0842	  173.3492
12.189	 2.21	 1	 -44.4549	  174.4707
12.200	 2.19	 1	 -41.5584	  171.3392
12.219	 2.14	 2	 -42.2950	  172.2625
12.229	 2.09	 1	 -41.9898	  173.7498
12.230	 2.02	 1	 -43.3776	  168.5810
12.242	 2.08	 1	 -42.5832	  173.0505
12.244	 2.03	 1	 -41.7078	  175.3130
12.249	 2.03	 1	 -42.4853	  171.8665
12.251	 2.21	 1	 -41.9781	  173.1546
12.251	 2.35	 1	 -42.0944	  172.3119
12.263	 2.18	 1	 -43.5904	  173.0012
12.267	 2.14	 1	 -42.2988	  179.1165
12.269	 3.69	 1	 -46.3029	  175.2439
12.282	 2.73	 1	 -43.2368	  172.4953
12.294	 2.90	 1	 -41.0966	  170.0783
12.299	 2.24	 1	 -39.3234	  177.0738
12.308	 2.21	 1	 -41.7690	  173.5469
12.311	 2.05	 1	 -42.6800	  173.6739
12.320	 2.51	 1	 -42.6980	  172.9200
12.344	 3.47	 1	 -43.0356	  174.2670
12.348	 2.09	 3	 -42.3285	  172.2319
12.355	 2.21	 1	 -42.8632	  174.8519
12.378	 2.94	 1	 -42.4571	  173.8250
12.384	 3.03	 1	 -42.1538	  174.1919
12.386	 2.13	 1	 -46.2942	  169.3594
12.415	 2.00	 1	 -43.2192	  173.4851
12.426	 2.27	 1	 -43.3403	  171.8489
12.436	 2.33	 1	 -45.3497	  175.4001
12.439	 2.44	 1	 -43.4214	  173.7670
12.458	 2.41	 1	 -42.0963	  168.9003
12.475	 3.39	 1	 -42.0182	  172.4339
12.476	 4.09	 1	 -39.4891	  170.9908
12.484	 2.07	 2	 -39.2681	  171.0940
12.486	 2.01	 1	 -42.1423	  179.0097
12.494	 3.72	 1	 -42.5653	  168.6832
12.495	 2.30	 1	 -44.0285	  174.7654
12.498	 2.28	 2	 -39.4958	  170.9769
12.508	 3.00	 1	 -42.0628	  168.6378
12.509	 4.01	 1	 -44.2182	  178.7770
12.514	 2.28	 2	 -39.4727	  170.9936
12.516	 2.18	 1	 -42.4887	  173.7816
12.529	 2.06	 2	 -39.4901	  170.9955
12.539	 2.71	 1	 -42.5210	  172.7886
12.542	 2.51	 2	 -44.2016	  178.7319
12.545	 3.12	 1	 -43.3791	  172.8402
12.546	 3.21	 1	 -42.8783	  172.2923
12.548	 3.10	 1	 -46.7364	  170.3469
12.551	 2.07	 1	 -41.8420	  170.0732
12.586	 2.39	 1	 -41.7070	  173.3917
12.602	 2.23	 1	 -42.8564	  171.2060
12.605	 2.81	 1	 -46.3051	  174.9471
12.608	 2.40	 1	 -41.6259	  170.8154
12.615	 2.01	 1	 -41.5291	  176.3822
12.622	 2.31	 1	 -42.1240	  173.6186
12.668	 2.39	 1	 -42.5532	  173.5025
12.677	 2.04	 1	 -42.9867	  173.0966
12.685	 2.21	 1	 -42.9561	  174.4223
12.694	 2.21	 1	 -42.6598	  174.4592
12.694	 2.90	 1	 -39.8551	  173.7077
12.719	 2.22	 1	 -41.8106	  173.8227
12.732	 2.45	 1	 -41.9622	  170.8222
12.735	 2.45	 2	 -42.2599	  174.1009
12.745	 2.39	 1	 -41.7159	  169.4876
12.746	 2.38	 1	 -41.9272	  175.4437
12.752	 2.05	 1	 -41.4437	  174.4127
12.754	 2.16	 1	 -42.7348	  172.5306
12.769	 3.35	 1	 -41.8329	  173.5202
12.780	 2.07	 1	 -41.7638	  174.3170
12.781	 2.70	 1	 -43.0690	  172.9174
12.786	 2.18	 1	 -42.4657	  173.2306
12.797	 2.02	 1	 -42.6525	  172.4438
12.797	 2.33	 1	 -41.7913	  173.4777
12.798	 2.69	 1	 -43.2930	  171.7570
12.803	 2.27	 1	 -42.2320	  171.5898
12.806	 2.06	 1	 -40.7131	  172.7433
12.822	 2.25	 1	 -40.2170	  178.1293
12.852	 2.02	 2	 -46.3004	  175.1943
12.856	 3.00	 1	 -39.5060	  168.7056
12.860	 2.37	 1	 -41.9059	  171.2141
12.886	 2.05	 1	 -43.1977	  172.3911
12.902	 2.02	 1	 -42.7457	  173.0514
12.921	 2.38	 1	 -42.7043	  170.8955
12.943	 2.48	 1	 -43.0554	  172.6263
12.948	 2.86	 1	 -42.1590	  173.9643
12.959	 2.35	 1	 -43.8364	  173.5879
12.961	 2.78	 1	 -43.3812	  179.0678
12.979	 3.20	 1	 -43.1868	  172.4969
13.002	 2.08	 1	 -42.7246	  172.8384
13.012	 2.23	 1	 -42.0601	  173.6803
13.019	 2.03	 1	 -39.8482	  171.4350
13.031	 2.44	 1	 -44.2854	  173.9953
13.043	 2.02	 1	 -43.3666	  171.7228
13.053	 2.34	 1	 -42.5936	  172.5601
13.059	 2.07	 1	 -38.2808	  171.8391
13.059	 2.14	 1	 -42.9336	  166.9131
13.061	 2.17	 1	 -42.7675	  171.8663
13.064	 2.20	 1	 -42.8888	  171.7156
13.066	 2.19	 1	 -43.0325	  172.6070
13.066	 2.91	 1	 -45.1873	  175.4992
13.080	 2.16	 1	 -42.4886	  173.0035
13.093	 2.03	 1	 -43.7340	  172.9228
13.103	 2.02	 1	 -41.3317	  171.9708
13.107	 2.88	 1	 -43.4169	  177.8536
13.139	 2.04	 1	 -45.7635	  171.0988
13.144	 2.01	 1	 -42.9997	  173.2576
13.144	 2.09	 1	 -42.4890	  171.9164
13.152	 3.01	 1	 -41.7703	  173.4453
13.162	 2.03	 1	 -43.4131	  173.6263
13.167	 2.01	 1	 -43.1424	  174.7497
13.170	 2.41	 1	 -42.3916	  173.4648
13.172	 2.99	 1	 -40.5921	  174.0645
13.173	 4.06	 1	 -41.7246	  174.0707
13.188	 2.16	 1	 -42.1286	  173.4393
13.207	 2.64	 1	 -42.7261	  176.0854
13.229	 2.94	 1	 -39.2719	  169.0511
13.249	 3.88	 1	 -42.3045	  166.9272
13.252	 2.08	 1	 -40.3705	  167.7831
13.255	 2.97	 1	 -41.1952	  174.1252
13.274	 3.09	 1	 -42.2577	  173.7114
13.295	 3.22	 1	 -41.6926	  172.6533
13.301	 2.26	 1	 -43.7049	  170.7849
13.301	 2.91	 1	 -41.9341	  174.1953
13.303	 2.37	 1	 -43.9298	  173.1686
13.316	 2.51	 1	 -46.7531	  175.6502
13.321	 2.30	 1	 -42.1729	  173.4165
13.323	 2.04	 1	 -40.5133	  171.1787
13.339	 2.44	 1	 -42.4132	  173.6740
13.340	 2.62	 1	 -42.1638	  170.9978
13.345	 2.27	 1	 -39.3293	  176.1554
13.367	 2.23	 1	 -38.5866	  175.5164
13.387	 2.01	 1	 -45.3120	  171.7928
13.392	 2.29	 1	 -44.7198	  171.2347
13.417	 2.05	 2	 -43.3835	  179.0644
13.420	 2.20	 1	 -43.1267	  171.0359
13.422	 2.52	 1	 -41.4664	  173.9614
13.424	 2.10	 1	 -46.8457	  170.6773
13.430	 2.42	 1	 -43.2682	  174.4700
13.436	 2.15	 1	 -42.7049	  172.3227
13.441	 2.09	 1	 -42.0657	  172.4244
13.469	 2.56	 1	 -42.5659	  172.8902
13.475	 2.01	 1	 -41.2758	  167.2159
13.503	 2.25	 1	 -41.2263	  167.2387
13.510	 2.37	 1	 -42.4339	  172.9386
13.512	 2.80	 1	 -42.8962	  173.4077
13.518	 2.21	 1	 -42.1696	  172.2607
13.521	 2.18	 2	 -42.6585	  172.8801
13.546	 2.40	 1	 -45.8583	  168.6775
13.548	 2.14	 1	 -42.7536	  171.9489
13.554	 2.07	 1	 -43.3473	  175.2146
13.566	 2.18	 2	 -42.7146	  170.8937
13.571	 2.10	 1	 -40.9536	  174.5075
13.582	 2.11	 1	 -42.9223	  171.0443
13.612	 2.16	 1	 -43.1541	  171.9457
13.625	 2.33	 1	 -42.3724	  172.5813
13.644	 2.17	 1	 -43.7985	  171.9095
13.648	 2.06	 1	 -42.1164	  172.2669
13.653	 2.15	 1	 -41.6885	  173.5210
13.663	 2.05	 1	 -39.5200	  175.5646
13.673	 2.10	 2	 -43.8064	  173.6000
13.673	 2.26	 1	 -44.7455	  175.7873
13.684	 2.00	 2	 -41.7489	  174.2683
13.694	 2.02	 1	 -41.9148	  173.3913
13.701	 2.77	 1	 -41.5468	  178.9380
13.705	 2.10	 1	 -47.0298	  171.7150
13.729	 2.07	 1	 -41.5442	  173.5979
13.745	 2.11	 1	 -43.3178	  171.1924
13.758	 2.12	 1	 -44.7266	  173.2098
13.766	 2.81	 1	 -43.4624	  172.2608
13.769	 2.29	 1	 -41.9985	  172.5456
13.784	 2.25	 1	 -39.8625	  168.2680
13.791	 2.16	 1	 -42.1388	  173.7374
13.792	 3.69	 3	 -42.3814	  172.1905
13.806	 2.05	 1	 -40.9734	  174.6382
13.811	 2.56	 2	 -43.7028	  170.7867
13.811	 2.54	 2	 -42.2962	  166.9762
13.813	 2.05	 1	 -47.0986	  171.8004
13.817	 2.12	 1	 -42.5077	  172.3268
13.830	 3.33	 1	 -44.0081	  175.2336
13.839	 2.22	 1	 -42.7562	  173.2589
13.884	 2.10	 1	 -42.4834	  170.7839
13.898	 2.58	 1	 -41.8587	  174.1617
13.911	 2.21	 4	 -42.4063	  172.1601
13.926	 2.22	 1	 -42.4104	  173.4208
13.927	 2.38	 1	 -42.0184	  173.7954
13.946	 2.20	 1	 -41.7278	  172.0914
13.953	 2.69	 1	 -41.0698	  172.0650
13.981	 2.60	 1	 -43.8475	  177.8770
13.998	 2.22	 1	 -43.1858	  166.9413
