# Simulation 100
# RelativeTime(days) Magnitude Generation Latitude Longitude
Time Mag Gen Lat Lon
7.006	 2.07	 1	 -38.2671	  174.1065
7.015	 3.13	 1	 -42.8385	  173.6418
7.018	 2.32	 1	 -39.9072	  175.2391
7.022	 2.22	 1	 -39.3293	  168.9615
7.027	 2.80	 1	 -43.2263	  175.1110
7.028	 2.39	 1	 -43.7282	  173.7074
7.030	 2.66	 1	 -42.8994	  179.1335
7.031	 2.04	 1	 -45.0541	  172.8454
7.033	 2.05	 1	 -42.3172	  173.3474
7.034	 3.21	 1	 -46.0857	  169.0078
7.034	 2.25	 1	 -46.6570	  175.9092
7.039	 2.18	 1	 -42.5550	  171.6659
7.050	 2.36	 1	 -46.7930	  175.5330
7.053	 3.12	 1	 -43.1906	  168.4147
7.058	 2.56	 1	 -44.6201	  178.5493
7.068	 2.06	 1	 -46.0416	  168.9398
7.070	 2.10	 1	 -42.2244	  171.2007
7.072	 2.86	 1	 -44.7344	  178.4729
7.074	 2.55	 1	 -44.8223	  176.8723
7.078	 2.45	 1	 -42.6165	  172.7909
7.081	 2.49	 1	 -42.0877	  172.2273
7.088	 2.10	 1	 -43.3231	  170.4062
7.104	 2.05	 1	 -42.1995	  169.0281
7.105	 2.40	 1	 -38.3208	  174.4538
7.106	 2.09	 1	 -47.1477	  173.8505
7.119	 3.17	 1	 -43.4641	  170.8722
7.119	 2.06	 1	 -41.2119	  173.2805
7.122	 2.25	 1	 -41.3316	  177.1550
7.123	 3.11	 1	 -46.7540	  175.6477
7.124	 2.31	 1	 -45.2756	  168.8306
7.130	 2.44	 1	 -43.9943	  172.9136
7.138	 2.40	 1	 -42.4066	  173.3326
7.148	 2.68	 1	 -42.7252	  172.7443
7.159	 2.71	 1	 -41.8153	  173.6463
7.162	 2.23	 1	 -43.6321	  177.0302
7.162	 2.19	 1	 -44.9182	  178.3380
7.170	 2.08	 1	 -41.0020	  171.9823
7.170	 2.57	 1	 -45.7982	  169.6189
7.171	 3.84	 1	 -42.9350	  177.6109
7.182	 2.41	 1	 -47.1824	  173.3567
7.187	 2.19	 1	 -42.6621	  178.0261
7.202	 2.26	 1	 -39.4249	  168.8194
7.213	 2.03	 1	 -42.6126	  173.0490
7.214	 2.23	 1	 -43.0910	  172.8854
7.216	 2.97	 1	 -43.5622	  175.3882
7.219	 2.13	 1	 -42.1801	  170.8024
7.220	 2.28	 1	 -41.1290	  172.8887
7.228	 2.17	 1	 -40.5164	  178.3758
7.231	 2.01	 1	 -42.2967	  171.3944
7.241	 2.20	 1	 -38.3052	  171.6816
7.244	 2.13	 1	 -44.8553	  173.2312
7.249	 2.71	 1	 -42.0089	  173.7850
7.254	 2.11	 1	 -40.7776	  172.2195
7.259	 2.30	 1	 -42.9554	  172.7994
7.276	 2.45	 1	 -42.5284	  177.4135
7.282	 2.04	 1	 -41.9689	  172.5567
7.282	 2.45	 1	 -46.8222	  175.4426
7.286	 2.01	 1	 -38.6825	  170.2541
7.286	 2.42	 1	 -38.3866	  171.2595
7.296	 2.37	 1	 -44.6923	  177.2231
7.315	 2.06	 1	 -40.6782	  173.8975
7.315	 2.50	 1	 -42.3959	  173.4020
7.316	 2.21	 1	 -44.4113	  167.3689
7.326	 2.21	 1	 -42.1665	  173.5956
7.333	 2.28	 1	 -41.0132	  168.1073
7.341	 2.11	 1	 -38.5575	  175.4257
7.354	 2.84	 1	 -42.2907	  172.6638
7.354	 2.20	 1	 -43.1654	  174.2363
7.358	 2.15	 1	 -39.1540	  173.7426
7.362	 2.09	 1	 -41.9311	  173.9925
7.364	 2.08	 1	 -38.3602	  171.3835
7.364	 2.65	 1	 -39.4913	  174.0806
7.367	 2.23	 1	 -47.0218	  174.6758
7.369	 2.19	 1	 -42.0194	  174.0876
7.371	 2.68	 1	 -42.9051	  177.3609
7.372	 2.37	 1	 -43.2825	  176.5634
7.376	 2.29	 1	 -42.3818	  173.0367
7.377	 2.10	 1	 -42.5419	  174.9201
7.378	 3.16	 1	 -40.5640	  178.4111
7.381	 2.12	 1	 -43.0360	  176.5668
7.382	 2.05	 1	 -41.7851	  173.1034
7.383	 2.67	 1	 -39.5861	  168.5989
7.389	 2.49	 1	 -39.1325	  172.6629
7.392	 2.07	 1	 -47.1359	  172.0839
7.395	 2.39	 1	 -43.9004	  173.6410
7.419	 2.21	 1	 -43.0768	  173.2560
7.432	 3.49	 1	 -41.1207	  173.6265
7.438	 2.06	 1	 -42.6251	  172.9457
7.446	 2.26	 1	 -39.7237	  172.1472
7.448	 2.05	 1	 -41.8829	  172.3305
7.454	 2.00	 1	 -40.8601	  168.4259
7.460	 2.42	 1	 -43.8491	  172.0381
7.470	 2.74	 1	 -44.0554	  174.0054
7.487	 2.13	 1	 -45.2903	  168.0286
7.491	 3.51	 1	 -41.8888	  173.0667
7.497	 2.36	 1	 -42.9868	  173.3695
7.505	 2.02	 1	 -41.3364	  167.1892
7.532	 2.08	 1	 -46.5185	  169.9165
7.540	 2.19	 1	 -42.0846	  172.0927
7.551	 2.04	 1	 -43.0107	  171.4735
7.558	 2.66	 1	 -43.8838	  169.3858
7.566	 2.83	 1	 -43.5824	  173.0128
7.574	 2.01	 1	 -40.7694	  175.4347
7.577	 2.09	 1	 -46.6211	  171.3107
7.578	 2.35	 1	 -43.8782	  177.1107
7.581	 2.31	 1	 -42.2901	  174.0060
7.596	 2.48	 1	 -42.2345	  172.7630
7.599	 2.57	 1	 -39.7701	  168.3726
7.602	 3.11	 1	 -43.2980	  171.7449
7.603	 2.68	 1	 -45.7102	  171.8587
7.609	 2.11	 1	 -46.8222	  175.4427
7.610	 2.36	 1	 -38.6844	  175.7953
7.613	 2.31	 1	 -43.3547	  175.6184
7.620	 2.08	 1	 -41.4770	  173.0180
7.630	 2.06	 1	 -38.9685	  176.4508
7.632	 3.04	 1	 -38.5063	  175.2557
7.637	 2.02	 1	 -43.2752	  172.5943
7.642	 2.28	 1	 -38.5262	  170.7207
7.645	 2.08	 1	 -38.2335	  172.2327
7.651	 2.12	 1	 -42.8905	  172.6930
7.652	 2.15	 1	 -41.7765	  174.0827
7.656	 2.05	 1	 -40.8702	  174.9930
7.657	 2.06	 1	 -45.5109	  171.2974
7.658	 2.23	 1	 -39.2964	  172.4695
7.662	 2.00	 1	 -39.7989	  168.3393
7.675	 3.08	 1	 -46.9814	  174.8600
7.681	 2.04	 1	 -46.3289	  169.4234
7.684	 2.24	 1	 -42.2164	  171.4807
7.687	 2.58	 1	 -39.6824	  171.3922
7.692	 2.00	 1	 -40.5146	  175.5796
7.695	 2.10	 1	 -44.6698	  174.5205
7.702	 2.03	 1	 -41.9907	  173.5926
7.705	 2.37	 1	 -44.8104	  167.6254
7.717	 2.24	 1	 -41.7942	  174.6907
7.720	 2.03	 1	 -41.0235	  173.8921
7.722	 2.43	 1	 -42.7512	  173.2843
7.722	 2.41	 1	 -39.5027	  168.7102
7.726	 2.34	 1	 -47.1185	  171.9422
7.728	 2.64	 1	 -43.1375	  173.3175
7.735	 2.55	 1	 -41.4553	  171.8340
7.737	 3.18	 1	 -47.0311	  174.6297
7.746	 2.00	 1	 -38.3275	  171.5532
7.746	 2.07	 1	 -44.6329	  168.8830
7.749	 2.75	 1	 -39.4926	  173.5084
7.770	 2.11	 1	 -47.1854	  173.2704
7.771	 2.15	 1	 -47.0705	  171.6260
7.773	 2.00	 1	 -44.2780	  172.4640
7.795	 2.76	 1	 -44.5086	  171.9887
7.822	 2.03	 1	 -42.4961	  173.9234
7.831	 2.30	 1	 -39.5677	  168.6229
7.848	 2.73	 1	 -40.3561	  172.2133
7.849	 2.31	 1	 -43.0162	  172.9901
7.851	 2.38	 1	 -43.5094	  179.0381
7.861	 2.12	 1	 -42.3958	  173.3078
7.865	 2.63	 1	 -44.0948	  172.2763
7.866	 2.98	 1	 -44.5976	  173.1724
7.876	 2.57	 1	 -43.0025	  173.2704
7.890	 2.03	 1	 -43.5416	  179.0299
7.890	 2.68	 1	 -44.6554	  175.5978
7.916	 2.10	 1	 -42.6306	  172.7936
7.934	 2.45	 1	 -44.2289	  171.5865
7.942	 2.65	 1	 -38.3835	  171.2735
7.946	 2.48	 1	 -43.2490	  173.1999
7.948	 2.71	 1	 -44.0689	  172.2307
7.959	 2.33	 1	 -42.6085	  173.0149
7.963	 2.14	 1	 -40.3194	  167.8257
7.963	 2.33	 1	 -43.1080	  170.3547
7.987	 2.25	 1	 -44.9016	  175.9209
8.003	 2.50	 1	 -40.5925	  170.3008
8.004	 2.72	 1	 -41.5569	  169.4023
8.026	 2.39	 1	 -42.0267	  173.6651
8.067	 2.62	 1	 -47.1379	  173.9429
8.088	 2.21	 1	 -47.1241	  174.0588
8.088	 2.55	 1	 -46.2186	  170.8544
8.089	 2.53	 1	 -44.3299	  167.3243
8.095	 2.26	 1	 -39.4338	  175.3172
8.104	 2.19	 1	 -43.2906	  173.9495
8.105	 2.08	 1	 -42.2591	  166.9328
8.122	 2.03	 1	 -40.7383	  173.5419
8.137	 2.08	 1	 -42.6550	  172.9338
8.138	 2.26	 1	 -44.5118	  171.5276
8.145	 2.60	 1	 -39.6036	  168.5762
8.167	 2.66	 1	 -39.9487	  177.8690
8.183	 2.00	 1	 -42.0133	  173.7931
8.189	 2.13	 1	 -40.2821	  178.1867
8.197	 2.57	 1	 -42.1670	  173.7968
8.204	 2.30	 1	 -42.3803	  174.7883
8.206	 2.05	 1	 -42.1489	  173.9609
8.207	 2.35	 1	 -40.5181	  173.7268
8.211	 2.23	 1	 -43.3162	  173.7615
8.229	 2.47	 1	 -42.1495	  171.4432
8.230	 2.03	 1	 -43.4810	  174.7493
8.232	 2.03	 1	 -39.1434	  176.7786
8.249	 2.13	 1	 -42.3636	  170.9471
8.251	 2.62	 1	 -42.7327	  172.3657
8.256	 2.95	 1	 -42.2056	  173.2976
8.256	 2.42	 1	 -42.9158	  177.7682
8.257	 2.18	 1	 -42.5605	  173.1861
8.266	 3.00	 1	 -43.2815	  166.9570
8.288	 2.57	 1	 -43.6060	  174.0409
8.296	 2.28	 1	 -42.9677	  172.7849
8.311	 2.13	 1	 -42.8604	  179.1357
8.311	 2.02	 1	 -40.3948	  174.6463
8.315	 2.23	 1	 -38.9342	  169.6635
8.326	 2.64	 1	 -42.9976	  172.8468
8.328	 2.47	 1	 -43.4061	  172.8133
8.342	 2.84	 1	 -44.8803	  173.6285
8.345	 2.38	 1	 -41.6183	  167.0815
8.365	 2.13	 1	 -44.1577	  174.3069
8.368	 2.31	 1	 -43.3694	  175.5982
8.381	 2.87	 1	 -41.8589	  171.5709
8.394	 2.95	 1	 -39.6142	  175.7753
8.410	 2.64	 1	 -43.3546	  175.0174
8.429	 2.64	 1	 -38.7478	  170.0856
8.442	 2.21	 1	 -39.0864	  169.3675
8.443	 2.42	 1	 -47.0944	  174.2713
8.450	 2.27	 1	 -41.0709	  172.0884
8.451	 2.14	 1	 -41.0360	  172.9281
8.456	 2.75	 1	 -42.7851	  179.1387
8.459	 2.83	 1	 -42.9501	  172.2784
8.461	 2.25	 1	 -44.0170	  172.8958
8.480	 2.06	 1	 -42.3401	  172.8608
8.494	 2.29	 1	 -46.9391	  171.0105
8.494	 2.57	 1	 -44.2136	  170.8521
8.508	 2.03	 1	 -40.9564	  177.2434
8.514	 2.04	 1	 -43.6022	  174.5372
8.517	 2.51	 1	 -43.5084	  167.0059
8.522	 2.29	 1	 -41.7685	  171.8271
8.526	 3.16	 1	 -43.2866	  174.1304
8.528	 2.12	 1	 -45.8024	  171.1429
8.529	 3.17	 1	 -41.9849	  173.7976
8.545	 2.14	 1	 -38.6388	  170.3746
8.577	 2.31	 1	 -44.6497	  174.5593
8.580	 2.30	 1	 -43.8263	  171.6859
8.583	 2.48	 1	 -44.1875	  175.7965
8.585	 2.74	 1	 -40.9275	  170.0323
8.590	 2.02	 1	 -45.3890	  168.1724
8.597	 2.03	 1	 -46.6153	  170.0316
8.610	 2.42	 1	 -46.9199	  170.9369
8.622	 2.43	 1	 -42.8016	  176.0285
8.625	 3.22	 1	 -42.0633	  167.5298
8.628	 2.14	 1	 -44.8311	  173.8896
8.652	 2.21	 1	 -46.9279	  170.9674
8.652	 2.80	 1	 -43.9691	  175.2444
8.655	 2.53	 1	 -45.2932	  173.7280
8.664	 2.20	 1	 -42.2882	  173.6962
8.673	 2.23	 1	 -41.9627	  174.0549
8.675	 2.51	 1	 -43.3900	  172.8506
8.679	 2.16	 1	 -41.9745	  176.4395
8.694	 2.29	 1	 -43.7076	  174.8469
8.695	 2.05	 1	 -47.1855	  172.7773
8.699	 2.30	 1	 -44.1898	  178.7908
8.701	 2.58	 1	 -46.0525	  177.0879
8.710	 2.30	 1	 -40.8287	  173.8811
8.710	 2.92	 1	 -43.8245	  172.7205
8.712	 2.40	 1	 -42.5247	  172.7004
8.722	 2.22	 1	 -43.5563	  172.3906
8.751	 3.35	 1	 -41.6843	  174.1386
8.772	 2.89	 1	 -40.4645	  167.7081
8.772	 2.05	 1	 -41.0877	  174.9117
8.777	 2.19	 1	 -44.0521	  168.8407
8.777	 2.26	 1	 -38.5246	  175.3183
8.787	 3.96	 1	 -44.9344	  176.0655
8.793	 2.04	 1	 -42.4728	  173.6643
8.795	 3.12	 1	 -39.6243	  168.7889
8.795	 2.73	 1	 -41.6209	  174.2397
8.802	 2.63	 1	 -42.1461	  175.0171
8.805	 2.43	 1	 -42.1255	  173.6505
8.808	 2.28	 1	 -42.7970	  171.1370
8.842	 2.14	 1	 -41.3418	  175.6243
8.862	 2.25	 1	 -46.5056	  169.7797
8.866	 2.10	 1	 -41.2606	  175.3036
8.869	 2.47	 1	 -41.5758	  178.9483
8.877	 2.54	 1	 -41.1333	  171.3500
8.889	 2.11	 1	 -47.1208	  174.0844
8.895	 2.11	 1	 -43.3624	  169.4228
8.898	 2.89	 1	 -43.4191	  172.5282
8.900	 2.18	 1	 -39.0798	  175.4849
8.901	 2.34	 1	 -41.6956	  174.6401
8.901	 2.04	 1	 -42.4424	  173.1148
8.907	 2.18	 1	 -42.2071	  176.0418
8.907	 2.44	 1	 -40.9859	  178.5516
8.907	 2.18	 1	 -41.7082	  173.3294
8.916	 2.09	 1	 -43.3579	  172.7856
8.922	 2.98	 1	 -42.8400	  175.8003
8.922	 2.47	 1	 -45.7588	  174.4772
8.949	 3.07	 1	 -41.7069	  174.4121
8.962	 2.85	 1	 -43.2627	  172.9065
8.964	 2.82	 1	 -42.7653	  171.2863
8.970	 2.45	 1	 -41.1359	  174.6782
8.971	 3.04	 1	 -41.9282	  176.0101
8.978	 2.29	 1	 -42.9916	  170.6364
8.979	 2.10	 1	 -46.7291	  175.7177
8.994	 2.60	 1	 -44.0338	  176.4226
9.015	 2.32	 1	 -41.8044	  169.6176
9.020	 2.43	 1	 -45.2088	  167.9519
9.030	 2.63	 1	 -40.4993	  176.2260
9.035	 2.02	 1	 -41.9559	  173.2504
9.044	 2.37	 1	 -42.5779	  175.0878
9.044	 2.43	 1	 -38.2234	  173.6976
9.045	 2.01	 1	 -42.1716	  173.1853
9.046	 2.23	 1	 -42.5558	  171.4213
9.050	 2.38	 1	 -42.8809	  172.8470
9.050	 2.13	 1	 -44.4129	  171.1412
9.051	 2.01	 1	 -44.4151	  174.5746
9.060	 3.17	 1	 -42.9583	  171.5642
9.099	 3.12	 1	 -42.6917	  169.4147
9.110	 2.39	 1	 -45.8240	  177.4126
9.119	 2.12	 1	 -41.7364	  172.6036
9.120	 2.20	 1	 -44.9493	  167.7307
9.121	 2.29	 1	 -43.2678	  170.9765
9.129	 2.20	 1	 -41.7457	  175.4935
9.130	 2.03	 1	 -47.0358	  172.0918
9.132	 2.52	 1	 -47.1601	  172.3275
9.137	 2.91	 1	 -42.9025	  166.9110
9.158	 2.55	 1	 -42.7599	  176.3501
9.167	 2.44	 1	 -39.0623	  176.6322
9.167	 2.95	 1	 -44.6347	  178.5398
9.178	 2.15	 1	 -43.3604	  176.2663
9.193	 2.20	 1	 -44.7646	  173.6108
9.216	 2.27	 1	 -43.1131	  172.9987
9.219	 2.26	 1	 -43.7379	  175.9077
9.242	 2.25	 1	 -45.2796	  172.0084
9.249	 2.94	 1	 -40.5497	  171.0421
9.263	 2.54	 1	 -42.6876	  172.8874
9.272	 2.13	 1	 -46.6737	  170.1780
9.275	 3.59	 1	 -42.7183	  173.0457
9.277	 2.24	 1	 -45.8690	  168.6920
9.291	 2.11	 1	 -41.6269	  174.1216
9.292	 2.10	 1	 -42.4984	  179.1342
9.310	 2.69	 1	 -46.1921	  176.1557
9.328	 2.61	 1	 -40.0057	  172.9767
9.330	 2.08	 1	 -40.7824	  175.5163
9.357	 2.36	 1	 -44.4836	  172.2985
9.364	 2.08	 1	 -44.0950	  178.8348
9.369	 2.67	 1	 -45.2317	  173.2066
9.372	 3.88	 1	 -38.9473	  169.6365
9.378	 2.15	 1	 -44.3226	  177.6040
9.387	 2.12	 1	 -42.4354	  173.8300
9.398	 2.44	 1	 -42.7428	  173.5646
9.404	 2.92	 1	 -42.9728	  174.5579
9.413	 2.09	 1	 -38.6947	  174.2679
9.417	 2.06	 1	 -42.7557	  173.9912
9.418	 2.09	 1	 -42.4363	  172.6410
9.422	 2.53	 1	 -44.0720	  178.8450
9.424	 2.35	 1	 -43.3085	  174.1837
9.448	 2.22	 1	 -42.1924	  174.4765
9.450	 3.29	 1	 -38.7677	  173.0869
9.456	 2.64	 1	 -42.6452	  174.1054
9.464	 2.45	 1	 -45.4491	  177.8555
9.465	 2.16	 1	 -40.4473	  167.7216
9.493	 2.74	 1	 -42.4504	  173.2119
9.496	 2.79	 1	 -43.3249	  172.1001
9.513	 2.86	 1	 -40.0012	  168.1212
9.519	 2.03	 1	 -44.3651	  178.7010
9.532	 4.36	 1	 -41.2440	  177.1501
9.538	 2.00	 1	 -42.3093	  172.8725
9.552	 2.06	 1	 -43.6887	  178.2690
9.557	 2.04	 1	 -40.4608	  168.4425
9.570	 2.20	 1	 -43.0508	  177.2346
9.570	 2.31	 1	 -41.5159	  178.9268
9.575	 2.04	 1	 -44.7706	  171.8476
9.578	 2.26	 1	 -46.0328	  177.1178
9.581	 2.47	 1	 -43.6481	  175.6376
9.582	 3.01	 1	 -41.1717	  170.5815
9.593	 3.88	 1	 -38.7296	  175.9129
9.594	 2.04	 1	 -46.1348	  169.7368
9.605	 2.92	 1	 -46.2804	  169.3345
9.609	 2.18	 1	 -41.1201	  173.2082
9.614	 2.68	 1	 -41.7164	  175.9429
9.615	 2.30	 1	 -40.9217	  173.4848
9.624	 2.01	 1	 -38.6949	  170.2211
9.628	 2.30	 1	 -40.9607	  176.6564
9.634	 3.52	 1	 -42.8591	  175.9978
9.635	 2.24	 1	 -40.6520	  173.9633
9.636	 2.05	 1	 -43.8688	  170.0495
9.644	 2.01	 1	 -42.2679	  171.8495
9.646	 2.61	 1	 -39.2612	  176.9761
9.659	 2.52	 1	 -42.8311	  174.7215
9.695	 3.01	 1	 -45.7991	  175.6520
9.696	 2.62	 1	 -42.1434	  173.5650
9.699	 2.53	 1	 -43.1723	  171.2340
9.708	 2.13	 1	 -43.9899	  167.1645
9.710	 2.11	 1	 -38.8291	  169.8919
9.738	 3.04	 1	 -42.6847	  169.2804
9.762	 2.28	 1	 -41.7980	  174.2524
9.770	 2.05	 1	 -42.8823	  174.0610
9.775	 3.14	 1	 -45.2726	  168.0116
9.791	 2.09	 1	 -43.6959	  173.0198
9.793	 2.19	 1	 -41.6280	  171.3916
9.807	 2.64	 1	 -45.4209	  174.9208
9.808	 2.68	 1	 -44.7829	  169.8829
9.819	 2.02	 1	 -42.5150	  175.5136
9.844	 3.45	 1	 -43.4930	  179.0422
9.844	 2.30	 1	 -41.4417	  176.7742
9.872	 2.20	 1	 -46.5758	  176.1066
9.878	 2.12	 1	 -47.1852	  172.7672
9.889	 2.10	 1	 -43.9531	  170.6597
9.903	 2.34	 1	 -44.0893	  167.2070
9.904	 2.31	 1	 -45.8595	  171.9165
9.905	 2.06	 1	 -42.9704	  170.4078
9.906	 2.98	 1	 -40.3419	  172.8231
9.907	 3.32	 1	 -42.2059	  166.9403
9.911	 2.08	 1	 -41.4577	  176.4206
9.917	 2.10	 1	 -44.9397	  167.7231
9.917	 2.35	 1	 -42.6853	  179.1399
9.923	 2.27	 1	 -43.8192	  167.1568
9.924	 2.21	 1	 -38.2633	  171.9668
9.932	 2.22	 1	 -47.0006	  173.9226
9.940	 2.13	 1	 -46.1873	  176.8717
9.946	 2.20	 1	 -42.3944	  171.8538
9.961	 2.27	 1	 -44.2606	  171.6053
9.976	 2.17	 1	 -40.8080	  173.9577
9.984	 2.50	 1	 -43.0661	  172.0372
9.987	 2.19	 1	 -45.0129	  174.0307
9.993	 2.45	 1	 -41.9763	  170.7326
10.002	 2.44	 1	 -40.1010	  170.1720
10.022	 2.80	 1	 -41.8706	  173.9157
10.023	 2.69	 1	 -44.3941	  178.1377
10.025	 3.14	 1	 -40.3748	  178.2646
10.027	 2.40	 1	 -43.6408	  173.9569
10.031	 2.09	 1	 -40.0950	  174.1943
10.037	 2.19	 1	 -38.4720	  170.9117
10.053	 2.60	 1	 -44.6142	  174.5615
10.053	 2.10	 1	 -39.3549	  174.9317
10.054	 2.62	 1	 -45.4834	  173.3107
10.057	 2.63	 1	 -42.7303	  173.0154
10.062	 2.10	 1	 -47.1769	  172.5711
10.066	 2.08	 1	 -44.6544	  173.8939
10.071	 2.59	 1	 -41.7803	  174.4451
10.090	 2.25	 1	 -42.4224	  172.0439
10.090	 2.45	 1	 -42.3060	  173.0730
10.098	 2.29	 1	 -41.7476	  174.1382
10.098	 2.57	 1	 -43.2332	  174.2731
10.107	 2.01	 1	 -41.7962	  171.2450
10.120	 2.72	 1	 -44.9798	  171.9009
10.129	 2.05	 1	 -43.3977	  170.3788
10.180	 3.39	 1	 -38.1999	  172.7662
10.198	 2.22	 1	 -42.4088	  173.1050
10.201	 2.28	 1	 -43.8341	  177.5853
10.208	 2.00	 1	 -43.3273	  175.5853
10.216	 2.45	 1	 -40.6086	  175.5426
10.224	 2.06	 1	 -43.0590	  171.9684
10.228	 2.55	 1	 -38.2650	  174.0900
10.250	 2.11	 1	 -43.4071	  173.2378
10.263	 2.30	 1	 -44.0059	  173.0307
10.279	 2.33	 1	 -44.9561	  174.0988
10.281	 2.21	 1	 -42.6848	  171.1378
10.307	 2.16	 1	 -42.1636	  173.4827
10.312	 2.08	 1	 -41.1479	  174.6086
10.315	 2.96	 1	 -46.4580	  176.3660
10.327	 2.05	 1	 -42.0133	  171.3267
10.330	 2.36	 1	 -42.2484	  172.9532
10.342	 2.29	 1	 -41.9207	  173.3080
10.343	 2.54	 1	 -42.1510	  171.9249
10.363	 2.03	 1	 -42.5681	  170.7276
10.375	 2.70	 1	 -45.4714	  168.2124
10.380	 2.11	 1	 -42.1984	  179.1029
10.382	 2.27	 1	 -41.5478	  170.6133
10.388	 2.07	 1	 -42.7783	  166.9054
10.416	 3.09	 1	 -41.9601	  175.8896
10.424	 2.97	 1	 -39.3744	  177.1510
10.435	 2.32	 1	 -45.2640	  172.5618
10.443	 2.13	 1	 -44.1165	  167.2192
10.446	 2.12	 1	 -38.9116	  171.8239
10.452	 2.00	 1	 -40.8053	  174.1529
10.473	 2.60	 1	 -38.9629	  172.1586
10.475	 2.05	 1	 -44.7531	  167.5845
10.479	 2.35	 1	 -42.0751	  173.4157
10.502	 2.23	 1	 -41.5428	  178.9366
10.506	 2.91	 1	 -43.6468	  167.0437
10.511	 2.15	 1	 -44.3116	  178.7296
10.515	 2.35	 1	 -43.0200	  173.4862
10.520	 2.09	 1	 -41.6095	  168.8719
10.531	 2.24	 1	 -38.4805	  175.1640
10.553	 2.58	 1	 -41.7990	  171.4981
10.588	 2.62	 1	 -41.7868	  171.3654
10.590	 2.49	 1	 -45.4371	  168.1761
10.593	 2.17	 1	 -46.9143	  170.9160
10.597	 2.01	 1	 -39.9158	  168.2102
10.598	 2.22	 1	 -42.3958	  173.4896
10.618	 3.73	 1	 -39.6414	  168.5282
10.619	 2.04	 1	 -46.9992	  174.0631
10.637	 3.46	 1	 -40.9940	  171.8406
10.656	 2.18	 1	 -42.5576	  174.2877
10.663	 2.65	 1	 -42.2357	  174.4540
10.676	 2.11	 1	 -41.0652	  178.7253
10.687	 2.97	 1	 -47.1398	  172.1185
10.695	 2.91	 1	 -38.2503	  172.0735
10.708	 2.57	 1	 -44.0889	  174.2139
10.710	 2.84	 1	 -44.1196	  173.9422
10.727	 2.01	 1	 -40.7977	  174.9013
10.732	 2.19	 1	 -40.7650	  178.5493
10.734	 2.33	 1	 -42.5536	  179.1370
10.742	 2.47	 1	 -43.3608	  169.2043
10.756	 2.62	 1	 -43.0820	  173.2744
10.783	 2.26	 1	 -41.1116	  173.4228
10.796	 2.84	 1	 -43.6061	  173.1565
10.803	 2.49	 1	 -43.0422	  174.1370
10.829	 2.00	 1	 -45.1970	  167.9411
10.833	 2.16	 1	 -40.4030	  178.2876
10.837	 2.51	 1	 -41.8416	  169.6683
10.847	 2.16	 1	 -42.9931	  173.3725
10.851	 2.09	 1	 -42.7571	  174.1575
10.851	 2.31	 1	 -41.1284	  174.5766
10.858	 2.29	 1	 -42.7194	  173.3610
10.869	 2.76	 1	 -42.6636	  174.6449
10.875	 2.26	 1	 -43.4822	  172.1546
10.876	 2.49	 1	 -41.6729	  173.4199
10.889	 2.38	 1	 -46.4387	  176.4059
10.918	 2.43	 1	 -42.5864	  174.4828
10.919	 2.73	 1	 -46.2222	  169.2318
10.920	 2.19	 1	 -41.1130	  167.2942
10.927	 2.77	 1	 -41.9499	  173.0042
10.937	 2.10	 1	 -40.3465	  174.7592
10.939	 2.12	 1	 -43.5752	  173.9229
10.945	 3.15	 1	 -39.2787	  169.0404
10.958	 2.90	 1	 -42.5013	  172.9625
10.958	 2.33	 1	 -42.7861	  173.6921
10.969	 2.10	 1	 -43.1688	  172.3878
10.970	 2.04	 1	 -41.3293	  177.7273
10.975	 2.98	 1	 -47.1313	  172.0440
10.976	 2.40	 1	 -42.1732	  174.6969
11.000	 2.23	 1	 -41.2248	  174.8969
11.000	 2.20	 1	 -40.3119	  171.3415
11.015	 2.15	 1	 -43.1702	  172.3603
11.016	 2.28	 1	 -42.1250	  176.6467
11.017	 2.02	 1	 -43.0020	  172.4842
11.026	 2.17	 1	 -42.6764	  171.3193
11.037	 2.01	 1	 -46.8248	  170.6098
11.043	 2.28	 1	 -42.0211	  172.3847
11.055	 2.48	 1	 -42.0452	  172.5181
11.064	 2.06	 1	 -44.5670	  170.6559
11.094	 2.01	 1	 -43.8270	  175.6377
11.097	 2.04	 1	 -42.0061	  170.7029
11.102	 2.92	 1	 -38.5962	  175.5453
11.110	 2.84	 1	 -45.1792	  176.4394
11.128	 2.06	 1	 -42.3985	  166.9174
11.145	 2.10	 1	 -41.3061	  175.7257
11.155	 2.15	 1	 -40.7415	  175.2703
11.165	 2.07	 1	 -46.6168	  176.0091
11.181	 2.60	 1	 -42.2383	  173.5973
11.182	 2.08	 1	 -43.7870	  176.4728
11.183	 2.16	 1	 -45.6392	  172.6385
11.208	 2.22	 1	 -47.1847	  172.7499
11.214	 2.04	 1	 -42.7461	  179.1395
11.215	 2.01	 1	 -38.2971	  174.3129
11.225	 2.60	 1	 -40.4843	  172.6030
11.225	 2.13	 1	 -40.0588	  172.0435
11.230	 2.41	 1	 -40.8376	  173.9875
11.243	 2.73	 1	 -41.9814	  172.4104
11.249	 2.29	 1	 -41.8783	  172.3140
11.265	 2.15	 1	 -42.0581	  173.7773
11.283	 3.54	 1	 -44.0090	  177.1179
11.283	 2.99	 1	 -42.0941	  175.6427
11.286	 2.33	 1	 -45.2425	  168.6863
11.289	 2.38	 1	 -43.1983	  173.6768
11.292	 3.15	 1	 -41.4123	  171.7663
11.308	 2.20	 1	 -42.4601	  170.6026
11.309	 2.88	 1	 -45.8666	  170.6855
11.318	 2.05	 1	 -41.6439	  170.2210
11.326	 2.10	 1	 -40.5647	  174.5279
11.345	 2.89	 1	 -43.8752	  171.6396
11.379	 2.50	 1	 -40.9256	  178.6478
11.379	 2.09	 1	 -42.6762	  172.6899
11.385	 4.06	 1	 -42.5322	  166.9082
11.389	 2.00	 1	 -42.6357	  172.5171
11.394	 3.05	 1	 -45.4452	  168.1846
11.400	 2.34	 1	 -44.9227	  178.3345
11.410	 2.74	 1	 -39.7402	  177.6366
11.414	 2.35	 1	 -42.6634	  173.7387
11.432	 2.12	 1	 -45.5286	  168.2746
11.439	 2.13	 1	 -41.6558	  170.0641
11.447	 2.59	 1	 -46.2618	  176.7430
11.455	 2.11	 1	 -42.2287	  179.1073
11.456	 2.28	 1	 -47.1787	  173.4394
11.481	 2.82	 1	 -39.6625	  177.5424
11.495	 2.28	 1	 -43.4162	  179.0602
11.501	 2.27	 1	 -43.5166	  173.4227
11.503	 2.32	 1	 -43.2121	  173.0693
11.508	 2.28	 1	 -41.0978	  171.8588
11.509	 2.43	 1	 -41.2107	  173.5350
11.510	 2.57	 1	 -39.5830	  170.8229
11.534	 2.33	 1	 -41.2197	  167.2418
11.545	 2.10	 1	 -43.5635	  168.0570
11.551	 2.64	 1	 -40.2048	  178.1184
11.556	 2.65	 1	 -41.5637	  167.1003
11.559	 2.91	 1	 -40.5452	  171.6897
11.564	 2.02	 1	 -45.2912	  168.8780
11.586	 2.31	 1	 -41.5271	  173.0666
11.594	 2.16	 1	 -44.5161	  171.1756
11.599	 2.09	 1	 -42.1851	  176.4855
11.611	 2.02	 1	 -44.8478	  171.9980
11.614	 2.72	 1	 -43.3248	  171.9570
11.616	 4.53	 1	 -43.2094	  172.2993
11.618	 2.35	 1	 -47.1376	  173.9462
11.634	 3.19	 1	 -42.4722	  175.3466
11.662	 2.49	 1	 -43.6197	  173.3743
11.664	 2.06	 1	 -41.8251	  174.3011
11.673	 2.06	 1	 -39.7047	  171.9712
11.696	 3.26	 1	 -45.0491	  178.2325
11.700	 2.27	 1	 -47.0085	  174.7386
11.705	 3.18	 1	 -45.1284	  178.1646
11.709	 2.18	 1	 -44.1264	  174.1681
11.727	 2.14	 1	 -42.7850	  172.0192
11.733	 3.53	 1	 -41.8195	  174.1869
11.771	 2.17	 1	 -43.8760	  171.9668
11.781	 3.26	 1	 -42.5303	  171.8039
11.798	 2.03	 1	 -38.2429	  173.9042
11.800	 3.14	 1	 -39.3063	  174.2845
11.805	 2.01	 1	 -42.0082	  174.9945
11.823	 2.23	 1	 -44.1671	  167.2426
11.838	 2.31	 1	 -41.8446	  174.1210
11.839	 2.53	 1	 -47.1776	  172.5841
11.848	 2.34	 1	 -41.7416	  173.2033
11.857	 3.23	 1	 -47.1634	  172.3685
11.859	 2.13	 1	 -43.8159	  167.0983
11.865	 2.76	 1	 -43.2208	  174.0527
11.866	 2.02	 1	 -39.0482	  169.4384
11.871	 2.39	 1	 -38.5751	  170.5633
11.887	 2.83	 1	 -44.9568	  172.2393
11.890	 2.35	 1	 -42.8945	  175.5305
11.896	 2.40	 1	 -40.0728	  170.8614
11.898	 2.04	 1	 -45.0578	  170.8355
11.908	 2.49	 1	 -39.2069	  170.9675
11.918	 2.33	 1	 -40.8131	  169.6954
11.926	 2.54	 1	 -42.4152	  166.9160
11.961	 2.08	 1	 -38.2911	  174.2744
11.970	 2.07	 1	 -41.2834	  178.8318
11.993	 2.03	 1	 -40.1853	  167.9436
11.993	 2.40	 1	 -44.5561	  168.8974
12.002	 3.24	 1	 -44.0921	  176.6747
12.006	 2.48	 1	 -42.0585	  172.0985
12.011	 3.13	 1	 -43.2901	  175.6199
12.014	 2.92	 1	 -42.5368	  170.5253
12.034	 2.16	 1	 -44.7771	  170.9784
12.036	 2.53	 1	 -43.0325	  179.1224
12.046	 2.25	 1	 -43.2543	  179.0920
12.057	 2.20	 1	 -42.9428	  172.7847
12.085	 3.67	 1	 -39.0977	  176.6973
12.098	 2.80	 1	 -42.8995	  166.9108
12.109	 2.69	 1	 -42.7070	  172.5083
12.120	 2.06	 1	 -41.6810	  176.1767
12.141	 2.84	 1	 -45.3195	  170.3358
12.152	 2.47	 1	 -42.5183	  170.5280
12.169	 2.01	 1	 -43.3382	  175.0798
12.172	 2.47	 1	 -41.9404	  172.6815
12.175	 2.20	 1	 -41.4529	  172.7915
12.186	 2.08	 1	 -43.4438	  172.2209
12.190	 2.13	 1	 -40.7751	  167.4884
12.194	 2.44	 1	 -44.3450	  178.7119
12.196	 2.15	 1	 -42.2378	  172.1729
12.203	 2.26	 1	 -46.3627	  175.9019
12.206	 2.19	 1	 -38.2528	  173.9921
12.218	 2.29	 1	 -43.1563	  171.5684
12.227	 2.02	 1	 -41.1174	  174.5543
12.237	 2.06	 1	 -40.7344	  172.1494
12.238	 2.75	 1	 -45.5219	  171.8546
12.249	 3.48	 1	 -46.8029	  170.5414
12.254	 2.17	 1	 -43.5016	  172.2699
12.280	 2.99	 1	 -43.6673	  173.4606
12.322	 3.63	 1	 -41.9256	  166.9940
12.370	 3.30	 1	 -43.8546	  170.7475
12.389	 2.91	 1	 -41.8123	  173.9041
12.412	 2.26	 1	 -42.2306	  170.7546
12.413	 2.48	 1	 -42.3388	  173.0054
12.423	 2.78	 1	 -42.5399	  173.1277
12.442	 2.75	 1	 -41.9301	  179.0514
12.445	 2.71	 1	 -45.6062	  174.1732
12.452	 2.18	 1	 -42.1158	  174.0857
12.464	 2.30	 1	 -41.7658	  174.2168
12.467	 2.57	 1	 -41.4520	  170.8878
12.471	 2.71	 1	 -44.4131	  170.5949
12.486	 2.45	 1	 -41.4895	  170.5332
12.490	 2.16	 1	 -42.4033	  174.3753
12.493	 2.37	 1	 -44.1456	  167.2326
12.513	 2.01	 1	 -43.9607	  170.9641
12.526	 2.67	 1	 -45.4541	  168.1940
12.543	 2.29	 1	 -42.1673	  173.5110
12.552	 2.13	 1	 -42.5368	  173.1976
12.556	 2.44	 1	 -47.1878	  172.8744
12.559	 2.03	 1	 -45.1322	  169.3164
12.606	 4.93	 1	 -42.8496	  173.1304
12.608	 2.15	 1	 -40.3463	  178.2411
12.611	 2.69	 1	 -46.9015	  170.8692
12.616	 2.04	 1	 -41.4265	  171.4265
12.618	 2.32	 1	 -43.9117	  173.4487
12.620	 2.05	 1	 -42.3717	  174.3494
12.626	 2.14	 1	 -41.6296	  174.6709
12.643	 2.32	 1	 -43.2670	  173.3040
12.646	 2.16	 1	 -41.1401	  175.5129
12.647	 2.41	 1	 -42.3546	  174.2605
12.651	 2.36	 1	 -38.5035	  171.6915
12.660	 2.37	 1	 -44.0805	  171.2280
12.661	 2.02	 1	 -45.3083	  175.0050
12.666	 2.06	 1	 -42.4455	  172.0248
12.674	 2.03	 1	 -42.2857	  173.7935
12.675	 2.61	 1	 -39.8244	  168.3104
12.677	 2.36	 1	 -44.5404	  172.0082
12.679	 2.04	 1	 -41.1314	  178.7594
12.685	 2.07	 1	 -42.8876	  172.3213
12.686	 2.30	 1	 -42.8103	  173.1011
12.699	 2.12	 1	 -42.3367	  173.8591
12.707	 2.08	 1	 -42.3434	  176.1259
12.717	 2.08	 1	 -40.8727	  177.1215
12.718	 2.02	 1	 -46.3960	  169.5524
12.733	 2.49	 1	 -41.4850	  174.4896
12.739	 2.14	 1	 -41.5777	  173.3604
12.769	 2.72	 1	 -41.5540	  170.3091
12.773	 2.08	 1	 -45.6985	  177.5720
12.774	 2.27	 1	 -38.8855	  176.2778
12.779	 2.05	 1	 -38.2985	  174.3214
12.790	 2.19	 1	 -42.0611	  172.4609
12.797	 2.20	 1	 -41.6175	  178.9625
12.801	 3.07	 1	 -42.8198	  172.1719
12.803	 2.29	 1	 -42.5334	  173.8734
12.813	 2.08	 1	 -42.2018	  173.1753
12.816	 3.66	 1	 -42.8678	  171.2241
12.817	 2.31	 1	 -39.8648	  176.3787
12.845	 2.41	 1	 -43.0911	  171.1221
12.846	 3.26	 1	 -42.0847	  171.7784
12.864	 2.14	 1	 -38.9143	  171.7113
12.869	 2.52	 1	 -44.3011	  167.3092
12.881	 2.17	 1	 -46.3728	  176.5372
12.884	 2.28	 1	 -44.6650	  172.7772
12.907	 2.13	 1	 -43.3908	  166.9785
12.917	 2.01	 1	 -47.1306	  174.0060
12.921	 2.77	 1	 -42.4431	  174.2152
12.925	 2.02	 1	 -42.4362	  173.7733
12.926	 2.76	 1	 -41.6988	  174.2275
12.943	 2.52	 1	 -41.8748	  173.9118
12.967	 2.71	 1	 -40.5481	  170.0207
12.971	 2.06	 1	 -42.3904	  174.2664
12.978	 2.59	 1	 -42.2819	  173.6799
12.980	 2.64	 1	 -42.0797	  166.9614
12.994	 2.28	 1	 -38.5659	  170.5920
13.003	 2.13	 1	 -46.5739	  169.9332
13.007	 2.33	 1	 -43.7163	  173.9940
13.030	 2.38	 1	 -43.8275	  170.8603
13.042	 2.00	 1	 -44.4707	  178.6413
13.051	 2.31	 1	 -38.6478	  173.9463
13.074	 2.34	 1	 -41.4502	  177.6697
13.080	 2.19	 1	 -42.5867	  174.0626
13.098	 2.25	 1	 -42.3524	  173.9672
13.099	 2.53	 1	 -45.6206	  168.3792
13.149	 2.21	 1	 -42.2992	  176.1518
13.170	 2.35	 1	 -42.9994	  166.9186
13.171	 3.11	 1	 -45.5422	  168.2897
13.202	 2.21	 1	 -43.6558	  174.2824
13.205	 3.49	 1	 -42.2780	  172.1400
13.207	 2.60	 1	 -44.3151	  169.0827
13.214	 2.71	 1	 -45.7246	  175.1709
13.221	 4.09	 1	 -38.1965	  173.1222
13.229	 2.02	 1	 -43.2102	  172.1455
13.240	 2.03	 1	 -42.8869	  172.7011
13.241	 2.16	 1	 -38.2050	  172.6337
13.251	 2.89	 1	 -41.4696	  172.3196
13.259	 2.29	 1	 -41.3627	  172.8479
13.263	 2.89	 1	 -47.0495	  173.3199
13.263	 2.45	 1	 -41.4484	  167.1432
13.265	 2.13	 1	 -46.3883	  171.8282
13.273	 2.00	 1	 -45.3454	  177.7573
13.277	 2.37	 1	 -42.8029	  173.2419
13.277	 2.04	 1	 -39.1551	  174.1954
13.285	 2.47	 1	 -43.8761	  172.6122
13.299	 2.31	 1	 -43.9186	  167.1362
13.310	 2.35	 1	 -40.8207	  178.5847
13.320	 2.87	 1	 -43.9760	  172.3554
13.324	 2.05	 1	 -44.0515	  174.3442
13.330	 2.32	 1	 -41.6301	  176.3414
13.358	 2.11	 1	 -42.7451	  168.2089
13.384	 2.24	 1	 -42.1957	  174.1839
13.395	 2.52	 1	 -39.9203	  172.5098
13.397	 2.53	 1	 -40.0014	  173.3524
13.401	 2.13	 1	 -42.4837	  172.9073
13.402	 2.59	 1	 -41.1506	  171.2291
13.436	 2.31	 1	 -46.0165	  172.4217
13.443	 2.15	 1	 -41.7596	  173.7908
13.451	 2.54	 1	 -46.6075	  170.0127
13.507	 2.21	 1	 -41.6970	  178.9881
13.511	 2.24	 1	 -43.7061	  178.9825
13.522	 2.27	 1	 -41.6831	  174.0879
13.537	 2.18	 1	 -43.7764	  170.0249
13.555	 2.07	 1	 -41.7668	  173.8407
13.561	 2.09	 1	 -41.3266	  174.5439
13.571	 2.22	 1	 -42.1230	  173.4282
13.571	 2.17	 1	 -43.5558	  179.0262
13.572	 2.08	 1	 -47.1071	  171.8591
13.577	 2.93	 1	 -46.5334	  176.2034
13.587	 3.32	 1	 -42.4477	  178.0331
13.589	 2.40	 1	 -42.2456	  173.8408
13.591	 2.00	 1	 -40.0559	  177.9779
13.605	 2.07	 1	 -40.0129	  177.9350
13.619	 2.35	 1	 -42.1409	  171.7181
13.627	 3.45	 1	 -42.8850	  179.1343
13.628	 2.34	 1	 -46.4343	  169.8213
13.633	 2.12	 1	 -41.7283	  173.4935
13.648	 2.21	 1	 -41.9498	  170.6821
13.656	 2.01	 1	 -40.7952	  174.7651
13.706	 2.60	 1	 -42.1994	  167.8286
13.727	 3.24	 1	 -39.5387	  168.6614
13.743	 2.02	 1	 -40.1841	  170.9297
13.747	 2.38	 1	 -39.4707	  168.7545
13.761	 2.79	 1	 -44.3475	  177.5457
13.778	 2.01	 1	 -42.5098	  175.8886
13.780	 2.12	 1	 -44.0815	  172.7896
13.796	 2.00	 1	 -40.8465	  168.4261
13.798	 2.11	 1	 -43.1971	  175.2141
13.826	 2.26	 1	 -43.8344	  172.7558
13.834	 2.25	 1	 -44.2638	  174.2239
13.860	 2.19	 1	 -42.2152	  177.1164
13.871	 2.24	 1	 -44.6670	  174.0928
13.874	 2.11	 1	 -40.0021	  171.2764
13.884	 2.03	 1	 -41.1080	  171.7689
13.888	 2.61	 1	 -41.2562	  172.2081
13.917	 2.85	 1	 -43.9144	  174.2073
13.937	 3.98	 1	 -42.1222	  173.6308
13.943	 2.24	 1	 -42.2459	  174.1124
13.945	 2.02	 1	 -47.1885	  173.1232
13.953	 2.65	 1	 -41.4156	  174.4380
13.958	 2.10	 1	 -42.4591	  173.2177
13.959	 3.44	 1	 -44.5128	  170.8513
13.969	 2.44	 1	 -42.6242	  172.9716
13.984	 2.03	 1	 -45.7771	  168.5707
13.996	 2.68	 1	 -47.0667	  171.6042
