# Simulation 634
# RelativeTime(days) Magnitude Generation Latitude Longitude
Time Mag Gen Lat Lon
7.004	 2.45	 1	 -46.7592	  170.4116
7.014	 2.85	 1	 -44.3454	  173.2271
7.030	 2.16	 1	 -39.0871	  176.0414
7.044	 2.91	 1	 -42.0790	  175.1170
7.048	 2.63	 1	 -42.6219	  171.9924
7.054	 3.60	 1	 -40.7110	  173.1860
7.065	 2.09	 1	 -43.9786	  171.9556
7.072	 2.17	 1	 -39.7520	  174.6670
7.076	 2.19	 1	 -44.7016	  167.5489
7.082	 2.01	 1	 -38.8619	  169.8182
7.085	 2.52	 1	 -41.0126	  175.1540
7.086	 2.05	 1	 -41.0386	  170.6735
7.087	 2.14	 1	 -43.0853	  172.6568
7.088	 2.75	 1	 -40.4105	  172.8228
7.091	 2.90	 1	 -43.2902	  179.0857
7.099	 2.61	 1	 -44.3717	  175.3434
7.103	 2.53	 1	 -39.7066	  174.0302
7.116	 2.84	 1	 -43.8862	  172.7343
7.125	 2.13	 1	 -38.5211	  170.7378
7.127	 2.27	 1	 -46.1473	  171.9696
7.134	 2.23	 1	 -43.2072	  170.0309
7.137	 2.21	 1	 -38.9821	  169.5662
7.142	 3.20	 1	 -41.7676	  173.5294
7.156	 2.37	 1	 -45.0620	  168.5400
7.156	 2.17	 1	 -43.5893	  176.0433
7.157	 2.14	 1	 -40.3124	  176.5310
7.162	 2.02	 1	 -41.5816	  172.7848
7.164	 3.04	 1	 -41.1374	  173.1328
7.166	 2.24	 1	 -41.3810	  168.6953
7.169	 2.81	 1	 -41.2719	  167.2177
7.200	 2.60	 1	 -41.2118	  173.4279
7.221	 2.59	 1	 -43.9804	  173.8641
7.229	 2.32	 1	 -41.8842	  172.3493
7.232	 2.69	 1	 -38.6480	  170.3486
7.233	 2.23	 1	 -43.5039	  173.4007
7.236	 2.61	 1	 -44.2478	  170.1590
7.240	 2.15	 1	 -40.2689	  171.3637
7.250	 2.97	 1	 -45.8179	  171.2124
7.250	 2.18	 1	 -44.5262	  171.5227
7.250	 2.02	 1	 -41.9503	  170.6197
7.258	 2.34	 1	 -42.1841	  173.5990
7.259	 2.15	 1	 -39.9970	  168.1255
7.267	 2.12	 1	 -44.3499	  172.9685
7.268	 2.25	 1	 -44.7660	  167.5936
7.268	 2.04	 1	 -43.2750	  173.1176
7.282	 2.58	 1	 -43.0087	  172.3168
7.285	 2.10	 1	 -44.1618	  175.0629
7.286	 2.39	 1	 -41.5902	  174.9187
7.296	 3.57	 1	 -42.7477	  172.7951
7.300	 2.22	 1	 -42.4903	  177.4956
7.301	 2.99	 1	 -43.6706	  170.5219
7.303	 2.48	 1	 -44.4913	  175.4397
7.303	 2.94	 1	 -43.3719	  168.6582
7.305	 3.04	 1	 -43.2751	  172.5403
7.307	 2.49	 1	 -41.7295	  168.0709
7.307	 2.57	 1	 -47.0505	  171.5148
7.320	 2.01	 1	 -46.0750	  177.0532
7.332	 2.67	 1	 -42.2044	  170.7343
7.334	 2.15	 1	 -41.4730	  178.9107
7.341	 5.38	 1	 -41.0285	  167.3387
7.347	 2.42	 1	 -47.1386	  172.1077
7.364	 2.09	 1	 -46.7028	  170.2548
7.375	 2.47	 1	 -43.4591	  179.0504
7.393	 3.30	 1	 -38.2217	  173.6757
7.394	 2.41	 1	 -41.6012	  172.4423
7.402	 2.07	 1	 -43.6380	  169.3739
7.414	 3.12	 1	 -41.2273	  172.0801
7.416	 2.34	 1	 -40.9033	  174.0694
7.426	 2.20	 1	 -42.7361	  179.1397
7.434	 2.08	 1	 -39.3462	  168.9357
7.443	 2.32	 1	 -43.0438	  166.9230
7.461	 2.06	 1	 -45.8609	  176.4109
7.464	 2.73	 1	 -41.7919	  173.5893
7.466	 3.36	 1	 -42.2336	  173.6064
7.478	 2.07	 1	 -39.6366	  173.8676
7.486	 2.44	 1	 -40.5156	  177.7245
7.491	 2.49	 1	 -42.7704	  173.2290
7.492	 2.68	 1	 -40.6717	  171.8450
7.496	 2.13	 1	 -46.0833	  169.0040
7.522	 2.08	 1	 -41.1283	  172.3545
7.542	 2.49	 1	 -42.2411	  172.0939
7.545	 2.23	 1	 -42.7789	  176.4810
7.556	 2.29	 1	 -42.8996	  170.8270
7.558	 2.25	 1	 -38.3604	  174.6618
7.565	 3.08	 1	 -43.5112	  167.0066
7.567	 2.58	 1	 -46.7458	  175.6709
7.572	 2.11	 1	 -41.2663	  174.4002
7.572	 2.16	 1	 -43.3620	  166.9725
7.574	 2.04	 1	 -39.5485	  168.6483
7.585	 2.72	 1	 -44.3336	  169.5625
7.594	 2.07	 1	 -41.0000	  170.1593
7.603	 2.48	 1	 -41.8939	  177.8692
7.604	 2.86	 1	 -38.4540	  170.9793
7.605	 2.23	 1	 -38.7053	  175.8504
7.608	 2.76	 1	 -43.2234	  174.6559
7.612	 2.05	 1	 -46.7750	  175.5866
7.614	 3.15	 1	 -42.5967	  172.9251
7.624	 2.14	 1	 -38.2476	  172.0970
7.633	 2.28	 1	 -42.5918	  174.5700
7.633	 2.10	 1	 -40.1510	  170.5777
7.639	 2.25	 1	 -44.5130	  172.3279
7.640	 4.13	 1	 -40.5211	  174.4677
7.651	 2.00	 1	 -45.1744	  175.3242
7.652	 2.48	 1	 -42.1475	  166.9494
7.666	 2.05	 1	 -41.7185	  173.1579
7.673	 2.05	 1	 -42.2688	  172.4730
7.674	 2.05	 1	 -42.9266	  166.9126
7.677	 2.05	 1	 -38.9599	  169.8917
7.682	 2.32	 1	 -40.3491	  170.4152
7.684	 2.53	 1	 -46.5539	  169.8872
7.686	 2.19	 1	 -41.4352	  173.7660
7.692	 4.54	 1	 -44.2858	  178.7431
7.696	 3.18	 1	 -41.2200	  174.6852
7.702	 3.21	 1	 -38.3910	  171.2396
7.709	 2.12	 1	 -41.4909	  178.9174
7.713	 3.19	 1	 -44.0649	  170.9650
7.727	 2.12	 1	 -43.1521	  174.2237
7.730	 2.95	 1	 -44.3899	  172.9499
7.733	 2.39	 1	 -38.9122	  176.3348
7.739	 2.56	 1	 -45.0877	  171.9317
7.749	 2.38	 1	 -43.3581	  174.0276
7.750	 2.85	 1	 -44.8554	  173.2677
7.752	 2.30	 1	 -43.3428	  177.3708
7.752	 2.66	 1	 -43.8543	  173.1562
7.756	 2.43	 1	 -41.8393	  171.2385
7.759	 2.17	 1	 -43.4354	  171.3566
7.773	 2.10	 1	 -38.7025	  173.7010
7.777	 2.50	 1	 -42.0001	  176.4127
7.778	 2.22	 1	 -38.7520	  175.9690
7.783	 2.28	 1	 -42.0095	  173.7232
7.784	 2.22	 1	 -43.7199	  167.0661
7.790	 2.15	 1	 -42.3223	  166.9251
7.793	 2.07	 1	 -43.0910	  170.8020
7.796	 2.09	 1	 -42.9207	  170.8777
7.802	 2.38	 1	 -38.6000	  175.5566
7.806	 2.14	 1	 -46.7119	  174.4039
7.809	 2.28	 1	 -45.9533	  177.2348
7.817	 2.06	 1	 -43.5594	  174.5285
7.828	 2.14	 1	 -44.2913	  169.4856
7.832	 2.02	 1	 -38.9248	  169.6830
7.839	 2.05	 1	 -47.1734	  173.5338
7.862	 2.15	 1	 -40.8683	  175.0795
7.880	 2.03	 1	 -40.2292	  178.1403
7.886	 2.20	 1	 -40.4132	  178.2957
7.893	 3.91	 1	 -42.6173	  174.7118
7.893	 2.91	 1	 -44.5287	  173.4614
7.898	 3.10	 1	 -47.0990	  171.8033
7.915	 2.19	 1	 -39.6131	  173.0968
7.917	 2.61	 1	 -42.2064	  173.7926
7.935	 2.46	 1	 -43.6897	  173.4790
7.938	 2.30	 1	 -41.8679	  171.8879
7.942	 2.24	 1	 -42.3876	  173.7665
7.946	 2.49	 1	 -40.5306	  170.1489
7.960	 2.08	 1	 -42.3143	  172.7233
7.973	 2.02	 1	 -41.3885	  173.8265
7.984	 2.67	 1	 -41.9971	  172.3855
7.993	 3.92	 1	 -39.1255	  169.2973
7.994	 2.45	 1	 -40.1702	  167.9575
7.994	 2.08	 1	 -45.4614	  168.2018
7.994	 3.54	 1	 -45.8518	  177.3755
8.002	 2.56	 1	 -39.3301	  172.5713
8.028	 2.15	 1	 -39.0256	  171.7867
8.029	 2.76	 1	 -46.8805	  175.2497
8.030	 2.14	 1	 -44.5312	  172.5100
8.041	 2.11	 1	 -44.6080	  175.6088
8.048	 2.37	 1	 -45.9594	  168.8183
8.056	 2.02	 1	 -42.8385	  171.8941
8.057	 2.09	 1	 -42.4572	  174.5356
8.061	 2.01	 1	 -38.5671	  175.4561
8.064	 2.09	 1	 -39.4080	  168.8439
8.072	 2.09	 1	 -42.2375	  172.1559
8.101	 2.42	 1	 -40.5681	  172.1050
8.114	 2.34	 1	 -41.6706	  178.9798
8.115	 2.15	 1	 -38.3982	  171.2081
8.121	 2.04	 1	 -40.5912	  175.8520
8.129	 2.11	 1	 -44.2365	  174.2680
8.131	 3.21	 1	 -40.8431	  174.3702
8.139	 2.02	 1	 -39.3492	  175.0388
8.149	 2.91	 1	 -43.1366	  166.9342
8.158	 2.21	 1	 -42.3299	  170.1488
8.185	 3.63	 1	 -41.7851	  167.0302
8.190	 2.32	 1	 -41.7109	  172.4026
8.195	 2.03	 1	 -42.9000	  171.9178
8.199	 2.20	 1	 -41.3320	  176.7955
8.200	 2.26	 1	 -46.7083	  175.7746
8.205	 2.41	 1	 -44.0373	  178.7543
8.219	 2.45	 1	 -44.0559	  168.9587
8.225	 2.69	 1	 -47.1143	  171.9105
8.244	 2.01	 1	 -38.2211	  172.3757
8.247	 2.08	 1	 -41.9688	  175.5738
8.253	 2.10	 1	 -42.5719	  173.1974
8.259	 2.86	 1	 -46.6296	  175.9776
8.262	 2.16	 1	 -42.7548	  173.2683
8.263	 2.05	 1	 -39.1120	  169.3212
8.265	 2.14	 1	 -45.1234	  169.4370
8.280	 2.50	 1	 -39.4922	  168.7246
8.287	 2.08	 1	 -38.7939	  176.0706
8.288	 2.07	 1	 -42.6215	  172.0053
8.288	 2.33	 1	 -43.7118	  175.8320
8.288	 2.11	 1	 -42.7703	  176.0356
8.296	 2.30	 1	 -40.8703	  173.1059
8.297	 2.32	 1	 -39.7292	  173.6966
8.299	 2.78	 1	 -40.8897	  173.1927
8.304	 2.08	 1	 -45.1139	  174.2969
8.319	 2.26	 1	 -40.9822	  170.2146
8.321	 2.04	 1	 -45.7021	  169.3194
8.324	 3.19	 1	 -41.0553	  178.7200
8.355	 2.21	 1	 -43.1706	  174.1733
8.356	 2.13	 1	 -42.4940	  171.8001
8.367	 2.80	 1	 -41.5512	  176.4969
8.389	 2.12	 1	 -41.4931	  173.3591
8.397	 2.49	 1	 -44.1872	  170.8658
8.412	 2.12	 1	 -40.9492	  178.6615
8.424	 2.22	 1	 -41.5991	  178.4235
8.436	 3.21	 1	 -41.7434	  174.2841
8.454	 2.08	 1	 -41.9551	  174.0695
8.455	 2.97	 1	 -39.4546	  177.2672
8.456	 2.42	 1	 -41.1053	  176.1905
8.456	 2.38	 1	 -45.6359	  170.5647
8.458	 2.05	 1	 -47.1260	  172.0006
8.465	 2.29	 1	 -39.7540	  170.3068
8.467	 2.33	 1	 -38.5299	  172.6698
8.479	 2.24	 1	 -44.7538	  173.2307
8.487	 2.05	 1	 -38.9102	  170.8761
8.488	 2.02	 1	 -42.8289	  173.3506
8.493	 2.04	 1	 -40.3116	  172.5788
8.495	 2.21	 1	 -44.6000	  178.5622
8.497	 2.23	 1	 -42.3198	  173.5930
8.510	 2.73	 1	 -45.9577	  171.7700
8.511	 2.65	 1	 -45.0400	  167.8042
8.514	 2.00	 1	 -38.8380	  173.0076
8.525	 2.23	 1	 -42.4329	  174.7933
8.527	 3.04	 1	 -41.9076	  174.0450
8.540	 2.30	 1	 -44.1931	  173.6096
8.544	 2.26	 1	 -42.7685	  174.0293
8.549	 2.24	 1	 -43.3028	  171.8163
8.552	 2.16	 1	 -42.9795	  171.8606
8.561	 2.06	 1	 -45.7151	  176.2859
8.566	 2.10	 1	 -41.8915	  171.4137
8.569	 2.00	 1	 -43.3042	  172.8308
8.572	 2.36	 1	 -42.2196	  173.0945
8.573	 2.27	 1	 -43.2837	  171.7881
8.573	 2.12	 1	 -45.7840	  173.7633
8.575	 4.08	 1	 -47.0464	  174.5515
8.578	 2.40	 1	 -41.9770	  171.1122
8.589	 3.40	 1	 -43.7452	  172.7770
8.604	 2.26	 1	 -43.6058	  174.2292
8.631	 3.24	 1	 -42.9990	  170.4722
8.642	 2.07	 1	 -43.3379	  173.2513
8.645	 2.41	 1	 -41.9518	  174.7322
8.652	 2.80	 1	 -44.8557	  176.2728
8.653	 2.40	 1	 -40.0701	  174.9301
8.653	 2.12	 1	 -38.2082	  172.5698
8.654	 2.67	 1	 -39.0281	  173.2428
8.664	 2.18	 1	 -39.6690	  175.5947
8.669	 2.15	 1	 -43.9866	  178.8811
8.674	 2.44	 1	 -44.3217	  177.3327
8.680	 2.26	 1	 -43.4578	  173.8480
8.681	 2.10	 1	 -41.8911	  173.7982
8.685	 2.20	 1	 -44.2390	  174.3453
8.685	 2.95	 1	 -43.1314	  178.0264
8.688	 2.26	 1	 -43.9658	  171.4519
8.694	 2.79	 1	 -38.4225	  174.9397
8.702	 2.20	 1	 -45.9702	  177.2103
8.705	 2.64	 1	 -40.6395	  173.2213
8.707	 2.07	 1	 -40.7079	  171.6252
8.730	 2.12	 1	 -44.8821	  173.7744
8.732	 2.05	 1	 -45.1432	  172.5802
8.732	 2.47	 1	 -46.7524	  175.6522
8.741	 2.24	 1	 -39.2987	  177.0355
8.744	 2.75	 1	 -46.7844	  175.5589
8.798	 2.02	 1	 -42.7497	  172.1526
8.810	 2.55	 1	 -43.0486	  168.6120
8.812	 2.10	 1	 -38.6981	  170.2127
8.818	 2.36	 1	 -41.4458	  172.7982
8.832	 2.17	 1	 -42.1549	  173.3791
8.836	 2.36	 1	 -38.5062	  175.2552
8.843	 2.59	 1	 -45.2603	  168.0000
8.855	 2.23	 1	 -43.3430	  172.0209
8.862	 2.02	 1	 -47.1031	  174.2134
8.863	 2.22	 1	 -46.8356	  175.3998
8.863	 2.48	 1	 -47.1862	  172.8015
8.891	 2.19	 1	 -46.6881	  170.2158
8.928	 3.08	 1	 -43.2529	  172.3025
8.931	 2.24	 1	 -38.1994	  172.7822
8.933	 2.34	 1	 -38.8506	  169.8434
8.947	 2.04	 1	 -39.8913	  170.3739
8.950	 2.41	 1	 -46.1796	  169.1595
8.957	 2.41	 1	 -38.7325	  175.9202
8.959	 2.42	 1	 -40.9087	  178.6379
8.967	 2.50	 1	 -44.1679	  173.5207
8.968	 2.11	 1	 -46.3058	  169.3806
8.969	 2.23	 1	 -38.8998	  170.4963
8.970	 2.97	 1	 -42.6813	  166.9044
8.973	 3.12	 1	 -47.1324	  173.9907
8.974	 2.50	 1	 -47.0300	  174.6351
8.980	 2.66	 1	 -40.0959	  176.4735
8.981	 2.02	 1	 -42.8159	  172.2310
8.982	 2.11	 1	 -41.5414	  178.9361
8.997	 3.35	 1	 -39.5238	  168.6815
9.002	 2.10	 1	 -46.6825	  175.8433
9.002	 2.27	 1	 -41.9030	  173.0689
9.002	 2.24	 1	 -45.7951	  177.4503
9.003	 3.75	 1	 -43.7176	  174.2453
9.013	 2.32	 1	 -38.2089	  173.4859
9.021	 2.18	 1	 -42.8824	  172.7922
9.023	 2.61	 1	 -41.5251	  169.6570
9.031	 2.08	 1	 -42.4411	  173.1865
9.037	 2.79	 1	 -38.3594	  174.6567
9.039	 2.77	 1	 -44.0433	  176.3105
9.061	 3.01	 1	 -40.5690	  168.5648
9.067	 2.26	 1	 -38.9328	  176.3780
9.072	 2.24	 1	 -41.1282	  170.6428
9.075	 2.45	 1	 -43.0830	  174.9783
9.078	 2.27	 1	 -47.1710	  173.5706
9.084	 2.03	 1	 -38.9340	  169.6638
9.091	 3.27	 1	 -46.1129	  176.9936
9.109	 2.43	 1	 -43.1577	  170.6289
9.134	 2.15	 1	 -39.8516	  168.2800
9.141	 2.12	 1	 -41.8214	  170.5048
9.150	 2.12	 1	 -42.7890	  169.7160
9.160	 2.01	 1	 -41.7295	  174.0726
9.188	 2.37	 1	 -43.0640	  176.4788
9.193	 2.73	 1	 -42.3933	  173.9951
9.193	 2.01	 1	 -42.3919	  174.6144
9.223	 2.01	 1	 -39.8696	  177.7842
9.223	 2.45	 1	 -43.4769	  174.5764
9.224	 2.16	 1	 -42.8438	  170.1732
9.226	 2.25	 1	 -42.6436	  179.1396
9.242	 2.45	 1	 -47.1440	  173.8865
9.246	 2.20	 1	 -41.8945	  167.0014
9.248	 2.23	 1	 -42.0467	  170.1661
9.258	 2.68	 1	 -42.1701	  172.8405
9.261	 2.39	 1	 -45.9120	  168.7511
9.262	 2.07	 1	 -39.5627	  177.4147
9.268	 2.15	 1	 -46.6530	  170.1251
9.271	 2.29	 1	 -46.8129	  170.5723
9.280	 2.09	 1	 -42.3134	  174.1489
9.290	 2.41	 1	 -42.6075	  171.3846
9.303	 2.19	 1	 -44.5418	  168.8216
9.316	 2.60	 1	 -41.7188	  173.0626
9.341	 2.05	 1	 -43.1344	  169.9654
9.354	 2.26	 1	 -44.2243	  167.2702
9.374	 2.75	 1	 -40.6174	  174.4844
9.405	 2.17	 1	 -42.3531	  166.9218
9.408	 2.49	 1	 -38.7211	  172.1279
9.416	 2.68	 1	 -40.4049	  167.7552
9.420	 2.20	 1	 -40.8335	  170.0378
9.422	 2.45	 1	 -42.2150	  173.2418
9.423	 2.01	 1	 -45.4641	  177.8396
9.426	 2.11	 1	 -45.1233	  173.7416
9.439	 2.02	 1	 -43.0855	  171.1813
9.440	 2.16	 1	 -39.1233	  169.3011
9.450	 2.69	 1	 -44.5528	  176.1392
9.454	 2.01	 1	 -39.2617	  174.9183
9.456	 2.36	 1	 -41.7614	  172.3475
9.458	 2.14	 1	 -43.8957	  167.1274
9.463	 2.36	 1	 -41.6048	  170.6587
9.466	 3.04	 1	 -43.0613	  173.5387
9.483	 2.22	 1	 -43.3808	  179.0679
9.488	 2.95	 1	 -42.5597	  179.1373
9.511	 2.59	 1	 -44.6458	  172.3411
9.522	 2.16	 1	 -43.5905	  172.0683
9.523	 2.11	 1	 -41.9715	  174.8777
9.529	 2.51	 1	 -42.6160	  172.6850
9.538	 2.19	 1	 -43.2651	  172.8945
9.540	 2.10	 1	 -42.6338	  173.0072
9.566	 2.96	 1	 -41.8786	  167.0054
9.576	 2.04	 1	 -42.5578	  179.1372
9.598	 4.30	 1	 -42.1730	  171.2579
9.612	 2.71	 1	 -40.0398	  169.9040
9.614	 2.48	 1	 -45.4422	  174.3937
9.627	 2.42	 1	 -43.5878	  170.7790
9.641	 2.13	 1	 -43.3148	  177.1321
9.642	 2.38	 1	 -44.0757	  178.8433
9.648	 2.99	 1	 -40.8603	  167.4353
9.662	 3.32	 1	 -41.1642	  174.6356
9.675	 2.74	 1	 -43.4549	  174.4418
9.689	 2.54	 1	 -45.6189	  175.8675
9.697	 3.11	 1	 -44.5970	  171.5315
9.704	 4.17	 1	 -38.8089	  176.1057
9.707	 2.20	 1	 -45.8252	  169.8126
9.709	 2.35	 1	 -46.5032	  176.2699
9.711	 2.06	 1	 -43.2475	  173.5475
9.719	 2.19	 1	 -44.9535	  173.6754
9.737	 2.02	 1	 -39.6447	  169.9011
9.738	 2.17	 1	 -41.2698	  172.4467
9.766	 3.21	 1	 -40.5873	  174.4935
9.774	 2.17	 1	 -38.7591	  175.9867
9.792	 2.27	 1	 -46.5059	  176.2640
9.801	 3.95	 1	 -44.0235	  173.9907
9.807	 3.29	 1	 -41.5805	  172.6668
9.815	 2.06	 1	 -43.9199	  178.9076
9.844	 2.32	 1	 -43.9237	  171.6534
9.867	 2.76	 1	 -43.5445	  174.9418
9.868	 2.13	 1	 -41.5991	  172.7481
9.873	 2.12	 1	 -42.4655	  175.5254
9.881	 2.78	 1	 -40.3607	  167.7912
9.891	 2.02	 1	 -41.1023	  178.7446
9.926	 2.17	 1	 -40.7732	  170.5582
9.926	 3.20	 1	 -42.1799	  173.6346
9.933	 2.15	 1	 -44.8542	  178.3866
9.942	 3.47	 1	 -47.0987	  174.2429
9.945	 2.11	 1	 -44.5195	  178.6122
9.947	 2.78	 1	 -41.8146	  171.5605
9.963	 2.02	 1	 -41.2916	  178.8355
9.975	 2.40	 1	 -41.5439	  173.6560
9.994	 4.34	 1	 -43.8418	  170.8590
9.996	 2.71	 1	 -44.9908	  167.7638
10.006	 2.45	 1	 -42.3159	  171.2580
10.021	 2.02	 1	 -40.9833	  178.6807
10.025	 2.38	 1	 -41.7657	  179.0086
10.047	 2.16	 1	 -41.0777	  175.0715
10.056	 2.22	 1	 -44.2277	  167.2719
10.064	 2.08	 1	 -45.0812	  171.2203
10.065	 2.11	 1	 -42.6225	  173.5247
10.066	 2.08	 1	 -42.5449	  172.1679
10.070	 2.22	 1	 -44.7979	  167.6164
10.077	 2.85	 1	 -41.7799	  174.2066
10.080	 2.26	 1	 -45.8510	  170.0017
10.098	 3.06	 1	 -38.2410	  172.1582
10.112	 3.05	 1	 -44.7468	  171.7126
10.127	 2.28	 1	 -41.0538	  167.6941
10.127	 2.04	 1	 -44.0906	  167.2075
10.130	 2.04	 1	 -43.7114	  174.1578
10.138	 2.30	 1	 -43.8929	  171.9559
10.145	 2.36	 1	 -42.6139	  171.9731
10.151	 2.14	 1	 -41.1649	  174.4011
10.154	 2.13	 1	 -38.4337	  174.9852
10.182	 2.78	 1	 -46.5010	  169.7697
10.191	 2.21	 1	 -41.4931	  174.7341
10.214	 2.26	 1	 -45.2747	  174.5334
10.219	 2.07	 1	 -44.8527	  171.8778
10.234	 2.41	 1	 -42.9287	  172.1490
10.249	 2.09	 1	 -46.8124	  175.4733
10.251	 2.98	 1	 -40.5746	  178.4189
10.267	 2.25	 1	 -40.8543	  173.9428
10.269	 3.02	 1	 -43.2988	  173.9325
10.274	 2.03	 1	 -41.4976	  172.3778
10.278	 2.53	 1	 -41.7333	  174.2189
10.290	 2.21	 1	 -40.4367	  178.3144
10.291	 3.31	 1	 -41.4708	  174.3613
10.296	 2.44	 1	 -41.4814	  171.1984
10.301	 2.02	 1	 -41.3040	  169.5442
10.303	 2.78	 1	 -46.1428	  175.9533
10.305	 2.63	 1	 -41.4800	  167.1310
10.332	 2.31	 1	 -43.5003	  171.9233
10.335	 2.35	 1	 -41.9396	  172.7672
10.336	 2.20	 1	 -45.0893	  178.1985
10.352	 2.69	 1	 -42.5114	  171.9017
10.355	 2.34	 1	 -46.2560	  169.2908
10.357	 2.48	 1	 -45.2891	  168.0274
10.363	 2.62	 1	 -44.7013	  175.8523
10.366	 2.02	 1	 -40.4538	  167.7165
10.367	 2.65	 1	 -43.3560	  173.7380
10.370	 2.41	 1	 -42.3165	  173.9743
10.371	 3.00	 1	 -42.8898	  173.3294
10.392	 2.12	 1	 -42.8520	  174.5494
10.402	 2.21	 1	 -42.1794	  171.7357
10.403	 2.56	 1	 -47.1144	  174.1331
10.405	 2.42	 1	 -44.1616	  171.9758
10.414	 2.05	 1	 -42.6033	  172.2019
10.416	 2.01	 1	 -42.7333	  172.2200
10.427	 2.35	 1	 -43.2090	  179.0995
10.459	 2.37	 1	 -39.6323	  168.5398
10.471	 2.58	 1	 -38.4131	  171.1439
10.473	 3.28	 1	 -41.9859	  166.9803
10.487	 3.13	 1	 -38.3251	  174.4780
10.498	 2.02	 1	 -42.0103	  173.6260
10.508	 2.83	 1	 -39.8794	  172.6256
10.513	 3.24	 1	 -42.9834	  179.1271
10.524	 2.07	 1	 -43.1230	  178.3306
10.541	 2.09	 1	 -42.7905	  170.3499
10.546	 2.10	 1	 -46.9318	  175.0622
10.553	 2.34	 1	 -43.0162	  172.2101
10.560	 3.39	 1	 -41.7939	  173.5559
10.563	 2.25	 1	 -40.4222	  169.7163
10.565	 2.11	 1	 -43.7883	  171.2665
10.590	 2.49	 1	 -41.0047	  174.2929
10.602	 2.09	 1	 -43.1064	  170.8376
10.606	 2.08	 1	 -38.7116	  175.8667
10.608	 2.30	 1	 -42.9439	  166.9139
10.614	 2.73	 1	 -41.6461	  172.5896
10.614	 2.27	 1	 -42.9935	  175.2739
10.645	 2.27	 1	 -42.9630	  173.1819
10.648	 2.19	 1	 -41.8225	  167.0199
10.662	 2.19	 1	 -44.6933	  173.4499
10.681	 2.69	 1	 -46.5337	  169.8416
10.693	 2.01	 1	 -43.1902	  179.1024
10.700	 2.15	 1	 -47.1552	  172.2718
10.701	 2.89	 1	 -43.4575	  169.4673
10.716	 2.36	 1	 -44.2532	  178.7596
10.717	 2.05	 1	 -43.1011	  171.8544
10.720	 2.76	 1	 -43.8741	  173.4355
10.733	 2.04	 1	 -43.3310	  175.7937
10.748	 2.70	 1	 -41.8438	  170.1579
10.752	 2.18	 1	 -47.1608	  172.5156
10.796	 2.04	 1	 -39.8146	  168.3215
10.811	 2.90	 1	 -40.1432	  175.2643
10.817	 2.94	 1	 -43.0515	  179.1204
10.825	 2.84	 1	 -42.5796	  172.1001
10.826	 2.03	 1	 -42.9767	  172.3456
10.831	 2.20	 1	 -44.1186	  171.7099
10.842	 2.32	 1	 -41.4304	  173.2527
10.849	 2.91	 1	 -40.7358	  169.7015
10.850	 3.53	 1	 -41.9562	  173.2330
10.857	 2.33	 1	 -42.4150	  171.9110
10.861	 2.60	 1	 -40.7492	  170.1263
10.864	 2.00	 1	 -42.3424	  171.9856
10.867	 2.10	 1	 -44.1490	  173.8720
10.907	 2.51	 1	 -43.7356	  173.3788
10.914	 2.08	 1	 -47.1848	  173.2906
10.919	 2.36	 1	 -44.1119	  167.2171
10.931	 2.56	 1	 -40.4598	  178.3325
10.935	 2.45	 1	 -41.7690	  171.8233
10.944	 2.03	 1	 -39.5284	  177.3690
10.945	 2.66	 1	 -45.1469	  174.1395
10.950	 2.78	 1	 -39.2344	  172.8522
10.954	 3.48	 1	 -41.9081	  175.7545
10.955	 2.60	 1	 -42.9686	  172.0529
10.963	 2.40	 1	 -47.0698	  171.6220
10.975	 2.16	 1	 -43.7616	  177.7344
10.979	 2.31	 1	 -42.6467	  172.9602
10.985	 2.25	 1	 -41.5444	  173.1600
11.011	 2.07	 1	 -44.2017	  172.4640
11.029	 2.18	 1	 -38.8738	  176.2523
11.031	 2.09	 1	 -44.4016	  167.3634
11.033	 2.18	 1	 -44.3622	  172.9303
11.034	 2.34	 1	 -43.6531	  178.9987
11.049	 2.03	 1	 -46.9566	  171.0801
11.050	 2.49	 1	 -46.3103	  176.6554
11.058	 2.15	 1	 -42.0770	  174.4894
11.062	 2.10	 1	 -42.6118	  169.7046
11.065	 2.26	 1	 -41.9580	  174.9453
11.070	 2.38	 1	 -43.0063	  174.2698
11.071	 2.09	 1	 -45.9481	  173.9125
11.075	 2.07	 1	 -39.3939	  175.7518
11.075	 2.43	 1	 -39.9820	  168.1408
11.128	 2.18	 1	 -44.3662	  174.8790
11.132	 2.01	 1	 -43.4544	  170.9033
11.141	 3.66	 1	 -43.8844	  175.3473
11.143	 2.57	 1	 -43.2382	  174.9029
11.143	 2.99	 1	 -38.2584	  172.0058
11.164	 2.16	 1	 -43.9745	  171.4484
11.167	 3.09	 1	 -43.5837	  174.4079
11.175	 2.28	 1	 -38.4480	  175.0418
11.191	 2.18	 1	 -46.9875	  171.2105
11.200	 2.27	 1	 -45.1454	  176.6028
11.202	 2.01	 1	 -43.7527	  173.5266
11.248	 2.31	 1	 -43.7297	  171.4429
11.265	 2.07	 1	 -45.1251	  172.4352
11.268	 2.01	 1	 -42.0181	  173.7487
11.285	 2.26	 1	 -38.3886	  171.8244
11.291	 2.95	 1	 -41.9618	  172.9180
11.292	 2.25	 1	 -41.9369	  173.9010
11.293	 2.57	 1	 -43.2591	  171.0466
11.302	 2.00	 1	 -40.8437	  172.1137
11.313	 2.96	 1	 -38.9746	  173.9161
11.327	 2.93	 1	 -41.4742	  174.3859
11.341	 2.14	 1	 -41.3100	  178.8436
11.343	 3.35	 1	 -47.0736	  174.4003
11.359	 2.00	 1	 -42.2194	  173.6475
11.361	 2.06	 1	 -41.7224	  178.9959
11.371	 2.50	 1	 -44.3757	  171.0557
11.373	 2.26	 1	 -41.5973	  174.3713
11.374	 2.00	 1	 -46.7111	  170.2770
11.379	 2.57	 1	 -45.7394	  177.5214
11.390	 2.04	 1	 -40.9386	  175.0959
11.393	 2.17	 1	 -43.6635	  171.7582
11.395	 2.60	 1	 -41.6705	  169.4753
11.411	 2.40	 1	 -40.9744	  170.7887
11.425	 3.06	 1	 -45.6289	  168.3889
11.426	 2.26	 1	 -40.4517	  167.7181
11.444	 3.30	 1	 -42.3015	  172.6409
11.448	 2.10	 1	 -42.6066	  174.0986
11.452	 2.35	 1	 -38.2190	  173.6412
11.471	 2.64	 1	 -46.3104	  171.1544
11.471	 2.09	 1	 -43.3663	  172.8582
11.471	 2.33	 1	 -43.6876	  169.4178
11.496	 2.00	 1	 -42.3098	  171.6863
11.503	 2.15	 1	 -43.2390	  170.0220
11.521	 2.24	 1	 -45.6856	  173.7947
11.523	 2.05	 1	 -45.3681	  169.4499
11.523	 2.10	 1	 -39.9707	  174.8552
11.549	 2.23	 1	 -43.1713	  175.0877
11.549	 2.15	 1	 -42.9226	  171.6620
11.550	 2.01	 1	 -42.1157	  171.3402
11.550	 2.03	 1	 -42.0897	  171.0561
11.560	 3.82	 1	 -46.9482	  171.0463
11.575	 2.03	 1	 -44.6710	  178.5160
11.588	 2.47	 1	 -43.0139	  172.6785
11.592	 2.36	 1	 -43.7544	  172.7442
11.605	 2.45	 1	 -38.3635	  171.3675
11.607	 3.06	 1	 -38.4200	  171.1151
11.608	 2.13	 1	 -44.3015	  176.6427
11.624	 2.21	 1	 -44.8679	  178.3764
11.627	 2.00	 1	 -46.4382	  169.6373
11.628	 2.21	 1	 -40.7392	  171.3827
11.638	 2.78	 1	 -41.0551	  172.5682
11.656	 3.30	 1	 -47.1547	  172.2659
11.666	 2.32	 1	 -39.8409	  176.6952
11.708	 2.12	 1	 -42.6922	  173.4723
11.709	 5.02	 1	 -42.8698	  179.1352
11.710	 2.13	 1	 -47.1707	  172.4689
11.722	 2.25	 1	 -43.7024	  173.9394
11.729	 2.75	 1	 -38.2000	  173.2822
11.741	 2.01	 1	 -41.5754	  173.3468
11.759	 2.12	 1	 -40.9682	  174.1292
11.770	 2.32	 1	 -41.4495	  172.3112
11.794	 2.08	 1	 -45.4072	  177.8993
11.796	 2.48	 1	 -39.4816	  177.3050
11.799	 2.06	 1	 -44.4614	  175.4373
11.807	 2.34	 1	 -39.1395	  169.2726
11.813	 2.54	 1	 -46.6933	  170.2295
11.816	 2.29	 1	 -44.5208	  178.6115
11.822	 3.69	 1	 -43.5661	  173.0726
11.841	 2.74	 1	 -46.9992	  171.2626
11.869	 2.03	 1	 -42.7677	  179.1391
11.871	 2.81	 1	 -41.0675	  176.3668
11.874	 2.44	 1	 -41.7436	  174.1398
11.892	 2.11	 1	 -44.4768	  176.1456
11.895	 2.30	 1	 -42.0124	  173.6832
11.916	 2.03	 1	 -46.2596	  176.7471
11.927	 2.15	 1	 -38.4347	  174.9891
11.933	 2.73	 1	 -44.0118	  171.0609
11.960	 2.96	 1	 -44.5127	  167.4280
11.972	 2.11	 1	 -44.2580	  172.5023
11.978	 3.01	 1	 -46.0985	  172.7035
11.984	 2.88	 1	 -40.9036	  171.5884
11.985	 2.01	 1	 -43.7147	  170.6810
11.993	 2.20	 1	 -38.3615	  174.6670
11.997	 2.24	 1	 -41.5925	  172.1585
12.019	 2.68	 1	 -45.0896	  168.5923
12.029	 2.68	 1	 -44.3374	  172.5697
12.029	 2.01	 1	 -39.9006	  172.6791
12.083	 2.24	 1	 -43.5333	  175.8326
12.104	 2.18	 1	 -38.5242	  170.7277
12.119	 3.21	 1	 -38.9686	  176.4511
12.120	 2.29	 1	 -44.6648	  178.5201
12.126	 3.27	 1	 -39.7448	  177.6420
12.129	 2.58	 1	 -41.9930	  174.4695
12.132	 2.57	 1	 -42.5543	  177.2607
12.135	 2.16	 1	 -43.2072	  175.8929
12.139	 2.17	 1	 -45.6481	  177.6328
12.147	 2.35	 1	 -43.8617	  178.9295
12.150	 2.26	 1	 -47.1067	  171.8561
12.154	 2.37	 1	 -41.3439	  170.2730
12.165	 2.68	 1	 -42.0603	  172.1268
12.176	 2.01	 1	 -45.1476	  174.8725
12.178	 2.08	 1	 -42.0217	  173.7246
12.195	 2.12	 1	 -39.7115	  169.5387
12.201	 2.15	 1	 -43.7071	  167.0621
12.204	 2.35	 1	 -42.1537	  174.3071
12.207	 3.56	 1	 -45.1591	  167.9069
12.218	 2.20	 1	 -42.7390	  174.5924
12.219	 2.50	 1	 -38.3272	  171.5546
12.225	 2.92	 1	 -44.8981	  167.6908
12.263	 2.50	 1	 -41.9974	  170.6837
12.263	 2.97	 1	 -42.6867	  171.4695
12.268	 2.64	 1	 -40.2919	  167.8492
12.268	 2.40	 1	 -41.2582	  173.1953
12.278	 2.19	 1	 -38.8585	  169.8257
12.294	 2.16	 1	 -38.6128	  175.5947
12.298	 2.43	 1	 -38.7237	  175.8978
12.336	 2.59	 1	 -44.7501	  171.0926
12.338	 2.22	 1	 -41.2752	  174.2284
12.339	 2.41	 1	 -41.9982	  175.0207
12.351	 2.47	 1	 -42.7510	  170.4775
12.352	 2.67	 1	 -41.3054	  167.2027
12.353	 2.01	 1	 -44.0400	  169.5196
12.368	 2.37	 1	 -44.5626	  172.6869
12.380	 2.05	 1	 -41.1839	  175.1592
12.404	 2.02	 1	 -46.9172	  175.1175
12.407	 2.35	 1	 -42.9048	  174.9253
12.414	 2.18	 1	 -44.1842	  173.8644
12.418	 2.35	 1	 -40.6208	  174.9429
12.444	 2.09	 1	 -41.5972	  170.1826
12.452	 2.28	 1	 -47.1690	  172.4435
12.459	 2.85	 1	 -42.3582	  172.9752
12.503	 2.09	 1	 -43.1327	  170.7435
12.508	 2.47	 1	 -39.3869	  177.1695
12.522	 2.32	 1	 -45.6601	  168.4259
12.529	 2.22	 1	 -42.1810	  173.3031
12.534	 2.26	 1	 -45.3443	  172.9337
12.537	 2.34	 1	 -39.8431	  175.2035
12.541	 2.24	 1	 -43.6188	  172.7146
12.546	 2.21	 1	 -44.6890	  174.5618
12.560	 2.07	 1	 -43.3665	  173.7575
12.570	 2.58	 1	 -44.4425	  167.3867
12.585	 2.34	 1	 -44.1086	  175.4995
12.599	 2.29	 1	 -39.9563	  172.3506
12.606	 2.01	 1	 -40.7836	  171.2287
12.626	 2.03	 1	 -41.5454	  170.7984
12.626	 2.13	 1	 -42.3635	  166.9207
12.630	 3.04	 1	 -41.5991	  173.0516
12.640	 2.10	 1	 -41.1665	  169.5719
12.649	 2.50	 1	 -46.7944	  172.4272
12.650	 2.08	 1	 -40.2984	  169.6624
12.662	 2.32	 1	 -38.2269	  172.3053
12.688	 2.58	 1	 -43.8154	  178.9462
12.695	 2.07	 1	 -41.5502	  174.1251
12.710	 2.61	 1	 -38.2341	  172.2262
12.719	 2.75	 1	 -39.9320	  177.8513
12.735	 2.49	 1	 -41.3305	  167.1917
12.738	 2.15	 1	 -42.9180	  174.0373
12.743	 2.54	 1	 -39.6799	  168.4805
12.759	 3.21	 1	 -40.8506	  169.3203
12.763	 2.37	 1	 -42.3681	  172.5053
12.765	 2.03	 1	 -38.4048	  174.8649
12.766	 3.68	 1	 -42.5781	  177.6974
12.787	 2.16	 1	 -45.3001	  174.5902
12.794	 2.29	 1	 -47.1891	  173.0307
12.816	 2.44	 1	 -42.8397	  176.0291
12.825	 2.54	 1	 -39.1299	  176.7549
12.830	 2.35	 1	 -43.0047	  171.2645
12.832	 2.02	 1	 -40.2345	  171.4198
12.846	 2.08	 1	 -43.4436	  172.8219
12.861	 2.17	 1	 -40.8582	  172.1194
12.866	 2.39	 1	 -42.1931	  173.9682
12.871	 2.00	 1	 -41.8263	  174.3094
12.940	 2.12	 1	 -45.3518	  170.4284
12.981	 2.17	 1	 -43.4173	  179.0600
12.995	 2.23	 1	 -42.1894	  175.3741
13.034	 2.12	 1	 -47.1751	  173.5055
13.046	 3.40	 1	 -42.1483	  173.6286
13.047	 2.03	 1	 -46.9808	  171.1815
13.059	 2.45	 1	 -40.7683	  175.3585
13.065	 2.93	 1	 -44.2795	  169.5787
13.085	 2.52	 1	 -44.9197	  178.3368
13.088	 3.52	 1	 -41.0989	  177.6914
13.098	 2.49	 1	 -46.0185	  168.9050
13.102	 2.04	 1	 -43.8544	  167.1121
13.107	 2.01	 1	 -47.1051	  174.1991
13.108	 2.66	 1	 -45.1729	  173.3104
13.144	 2.07	 1	 -41.9445	  174.0803
13.149	 2.36	 1	 -45.4675	  172.0516
13.164	 2.20	 1	 -45.0156	  170.3851
13.167	 2.23	 1	 -44.3038	  167.3106
13.181	 2.28	 1	 -45.1966	  167.9407
13.188	 2.08	 1	 -39.1364	  169.2780
13.199	 2.10	 1	 -43.6299	  171.8062
13.209	 2.71	 1	 -42.9195	  169.6592
13.219	 3.08	 1	 -41.3960	  174.3429
13.222	 2.04	 1	 -43.8499	  174.7351
13.227	 2.06	 1	 -42.0257	  174.4434
13.231	 2.12	 1	 -43.4711	  169.4408
13.238	 2.26	 1	 -45.5444	  173.0310
13.267	 3.49	 1	 -45.0021	  177.5919
13.277	 2.29	 1	 -42.9352	  170.2868
13.290	 2.38	 1	 -39.1733	  176.8304
13.295	 2.29	 1	 -43.0248	  179.1232
13.303	 2.55	 1	 -44.4224	  178.6691
13.318	 2.37	 1	 -41.2970	  173.8745
13.321	 2.34	 1	 -41.9946	  172.1219
13.322	 2.30	 1	 -40.6420	  173.5290
13.323	 2.72	 1	 -38.5247	  175.3183
13.325	 2.33	 1	 -41.2330	  175.5418
13.330	 2.35	 1	 -42.9561	  174.8534
13.351	 2.14	 1	 -38.7849	  169.9952
13.361	 2.16	 1	 -42.9331	  166.9131
13.365	 2.00	 1	 -42.0511	  171.2069
13.372	 2.24	 1	 -45.5634	  174.0985
13.380	 3.18	 1	 -40.5478	  167.6450
13.398	 2.71	 1	 -38.9354	  174.5526
13.442	 2.51	 1	 -45.2564	  174.5779
13.447	 2.48	 1	 -43.2942	  173.1834
13.464	 2.10	 1	 -46.3190	  176.6394
13.467	 3.07	 1	 -42.2834	  173.7070
13.474	 2.62	 1	 -42.7678	  174.4581
13.493	 3.23	 1	 -40.5772	  177.2166
13.513	 2.53	 1	 -41.8136	  174.1070
13.530	 2.17	 1	 -41.3061	  176.1642
13.559	 2.06	 1	 -43.6236	  173.2610
13.564	 2.16	 1	 -41.3519	  170.1663
13.581	 2.13	 1	 -42.6659	  170.4175
13.650	 3.22	 1	 -38.1979	  173.2011
13.658	 2.08	 1	 -44.1017	  172.4819
13.662	 2.63	 1	 -44.6600	  167.5211
13.669	 3.11	 1	 -42.9073	  166.9113
13.686	 2.31	 1	 -42.4740	  171.9023
13.691	 2.55	 1	 -42.3744	  174.3040
13.691	 2.01	 1	 -40.1470	  171.0499
13.698	 2.62	 1	 -42.4578	  169.6903
13.707	 2.22	 1	 -47.1850	  172.7593
13.717	 2.63	 1	 -42.0148	  173.5428
13.723	 2.72	 1	 -41.6444	  173.6399
13.744	 2.04	 1	 -43.4770	  171.9283
13.752	 2.31	 1	 -47.1891	  172.9882
13.762	 2.76	 1	 -41.7335	  174.2782
13.782	 3.20	 1	 -40.5057	  175.9961
13.789	 2.08	 1	 -44.2732	  170.3894
13.790	 2.11	 1	 -43.1753	  169.8590
13.797	 2.36	 1	 -42.1930	  166.9422
13.831	 2.06	 1	 -42.6680	  175.2459
13.861	 2.51	 1	 -41.6486	  178.9728
13.864	 2.50	 1	 -43.0739	  173.1421
13.868	 2.37	 1	 -45.8046	  168.6062
13.884	 2.96	 1	 -44.1232	  172.0789
13.894	 2.00	 1	 -43.7657	  178.9632
13.901	 2.23	 1	 -42.6019	  172.9968
13.903	 4.07	 1	 -47.1724	  172.4944
13.911	 2.39	 1	 -42.7978	  174.3028
13.916	 2.34	 1	 -43.0121	  173.4418
13.932	 3.28	 1	 -42.4735	  170.6022
13.933	 2.27	 1	 -38.7984	  176.0811
13.956	 2.29	 1	 -43.2374	  168.9083
13.964	 2.13	 1	 -41.6084	  174.9342
13.970	 2.87	 1	 -40.0366	  175.6019
13.976	 2.59	 1	 -43.1032	  172.3978
13.981	 2.12	 1	 -41.8721	  172.8345
13.989	 2.40	 1	 -41.8201	  174.2464
13.994	 3.57	 1	 -41.5327	  172.6059
