# Simulation 437
# RelativeTime(days) Magnitude Generation Latitude Longitude
Time Mag Gen Lat Lon
7.001	 4.02	 1	 -42.0611	  173.7650
7.003	 2.58	 1	 -42.2154	  173.4254
7.009	 2.33	 1	 -40.4825	  169.6591
7.009	 2.78	 1	 -45.8543	  177.3721
7.018	 3.65	 1	 -42.9218	  172.3143
7.020	 2.60	 1	 -43.1836	  166.9409
7.022	 2.99	 1	 -42.0722	  172.6625
7.029	 3.15	 1	 -42.6635	  170.5945
7.032	 2.44	 1	 -41.8155	  175.0347
7.033	 2.52	 2	 -42.9249	  172.3145
7.039	 2.54	 1	 -44.5881	  167.4745
7.046	 2.19	 1	 -41.7971	  172.4596
7.055	 3.09	 1	 -43.4277	  171.0883
7.057	 2.08	 1	 -44.7233	  176.4428
7.058	 2.15	 1	 -43.1608	  166.9376
7.059	 2.51	 1	 -39.3879	  168.8733
7.062	 2.15	 1	 -43.4125	  173.1654
7.066	 2.00	 1	 -42.6383	  178.6228
7.067	 2.16	 1	 -38.7612	  170.0526
7.071	 2.02	 1	 -43.5207	  172.2894
7.085	 2.30	 1	 -41.7395	  172.2129
7.096	 2.11	 1	 -45.3272	  174.6555
7.107	 2.18	 1	 -41.9481	  173.7495
7.114	 2.14	 1	 -43.4758	  175.7294
7.133	 2.14	 1	 -43.1072	  172.6771
7.139	 3.28	 1	 -44.7448	  178.4656
7.141	 2.11	 1	 -43.8775	  174.4593
7.152	 2.17	 1	 -42.3421	  173.7378
7.155	 2.12	 1	 -38.9618	  169.6070
7.162	 2.37	 1	 -42.2645	  173.7254
7.164	 2.71	 1	 -41.8123	  174.2366
7.169	 3.25	 1	 -42.1507	  173.5504
7.169	 3.80	 1	 -41.0448	  170.1634
7.170	 2.09	 2	 -40.9995	  170.3364
7.171	 2.59	 1	 -41.7580	  172.9942
7.190	 3.29	 1	 -39.7360	  174.0086
7.195	 2.50	 1	 -43.5718	  174.2155
7.198	 2.42	 1	 -46.9584	  171.0874
7.205	 2.27	 1	 -38.6029	  175.5655
7.212	 2.26	 1	 -42.4189	  173.7693
7.217	 2.22	 1	 -42.4074	  173.7093
7.221	 2.17	 1	 -38.4946	  172.1399
7.232	 2.78	 1	 -42.6288	  166.9050
7.234	 2.20	 1	 -42.7832	  172.3356
7.242	 2.05	 1	 -47.0172	  174.6979
7.256	 2.03	 1	 -42.4115	  173.9822
7.259	 2.96	 1	 -41.9853	  173.7194
7.265	 2.45	 1	 -44.6941	  172.7043
7.268	 2.03	 1	 -43.9478	  173.6713
7.271	 2.06	 1	 -42.2361	  173.8950
7.286	 3.44	 1	 -45.0986	  177.6539
7.298	 2.25	 1	 -41.7763	  174.2491
7.301	 2.11	 1	 -38.5550	  175.4178
7.309	 2.45	 1	 -40.2916	  169.7079
7.318	 2.72	 1	 -42.4168	  173.6868
7.330	 2.11	 1	 -43.2642	  173.0533
7.340	 2.59	 1	 -41.4830	  170.6555
7.341	 3.90	 1	 -38.1969	  172.8969
7.344	 3.01	 1	 -41.8743	  174.7188
7.345	 2.55	 1	 -38.2113	  173.5272
7.346	 2.07	 1	 -46.6693	  175.5845
7.349	 3.26	 1	 -43.1910	  174.6108
7.358	 2.44	 1	 -43.4714	  176.1640
7.359	 2.41	 1	 -40.9840	  172.8923
7.361	 2.53	 1	 -42.8781	  172.5964
7.362	 2.10	 2	 -45.8546	  177.4120
7.369	 2.14	 1	 -45.0196	  167.7873
7.371	 2.58	 1	 -42.3781	  173.0740
7.384	 2.07	 1	 -44.1047	  174.8044
7.390	 2.15	 1	 -41.7476	  172.0682
7.394	 2.86	 1	 -39.5754	  177.4314
7.395	 2.07	 1	 -42.3640	  173.2106
7.404	 2.31	 1	 -43.8322	  172.7380
7.406	 2.30	 1	 -43.6147	  173.8792
7.411	 2.66	 1	 -42.2456	  173.9245
7.418	 2.13	 1	 -43.0875	  176.4385
7.423	 2.57	 1	 -41.3993	  178.8815
7.434	 2.86	 1	 -41.3287	  178.8517
7.435	 2.76	 1	 -41.4057	  177.3668
7.450	 2.01	 1	 -41.7524	  170.7551
7.451	 2.69	 1	 -42.4709	  173.0029
7.453	 2.01	 1	 -41.9640	  173.7917
7.455	 4.92	 2	 -43.1710	  174.6041
7.456	 2.04	 3	 -43.1645	  174.7552
7.458	 2.14	 3	 -43.2532	  174.6633
7.460	 2.54	 1	 -40.7625	  170.8381
7.461	 2.72	 1	 -42.2509	  173.6374
7.468	 2.17	 1	 -39.4762	  168.7468
7.468	 2.18	 3	 -42.9592	  174.6739
7.479	 2.02	 1	 -41.9856	  174.0644
7.479	 2.30	 1	 -44.7209	  174.9016
7.485	 2.63	 1	 -42.0460	  173.5513
7.495	 2.07	 3	 -43.2136	  174.5885
7.503	 2.13	 1	 -39.1784	  175.4714
7.504	 2.26	 1	 -42.8146	  173.3500
7.508	 2.17	 1	 -44.7827	  167.6055
7.514	 2.70	 1	 -41.4097	  171.5603
7.515	 2.07	 1	 -41.9513	  173.9873
7.531	 2.41	 1	 -40.6045	  174.8136
7.536	 2.23	 3	 -43.1848	  174.5883
7.538	 2.31	 1	 -43.0040	  174.7195
7.543	 2.26	 3	 -43.2274	  174.5599
7.553	 2.22	 1	 -42.6191	  172.9759
7.555	 2.23	 1	 -42.2593	  173.6414
7.555	 2.07	 1	 -42.3737	  174.3919
7.557	 2.25	 1	 -42.3671	  173.1294
7.572	 2.01	 1	 -41.8027	  172.9627
7.583	 2.21	 1	 -42.3690	  173.3933
7.586	 2.02	 2	 -42.9270	  172.3050
7.592	 2.22	 1	 -44.8074	  173.4808
7.592	 2.52	 1	 -40.9698	  174.1540
7.599	 2.05	 1	 -43.0071	  173.0079
7.599	 2.22	 1	 -42.4213	  173.1534
7.601	 3.59	 1	 -42.6723	  171.8939
7.606	 2.11	 1	 -43.7774	  178.9592
7.611	 2.39	 1	 -40.1566	  174.0648
7.620	 2.23	 1	 -42.6772	  175.0574
7.626	 2.80	 1	 -45.9265	  177.2729
7.632	 2.21	 1	 -42.5999	  166.9056
7.632	 2.25	 1	 -43.1397	  169.9624
7.655	 2.47	 1	 -42.6479	  172.7898
7.663	 2.47	 1	 -38.3207	  174.4533
7.672	 2.19	 1	 -42.4162	  174.0817
7.674	 2.10	 1	 -45.7765	  168.5699
7.678	 2.33	 1	 -41.6164	  173.6037
7.682	 3.11	 1	 -40.8757	  173.0774
7.683	 2.21	 1	 -42.6661	  172.7942
7.691	 2.12	 1	 -43.4872	  170.8241
7.696	 2.59	 1	 -43.3484	  172.9036
7.703	 2.52	 1	 -42.1127	  172.7508
7.706	 2.12	 1	 -42.8060	  173.7681
7.706	 2.51	 1	 -42.3272	  173.7169
7.708	 2.05	 1	 -43.0360	  171.2952
7.711	 2.50	 1	 -43.1102	  171.4400
7.713	 2.65	 1	 -39.9269	  175.3212
7.716	 2.62	 1	 -43.7697	  167.0825
7.731	 2.63	 1	 -44.6573	  174.1579
7.732	 2.23	 1	 -43.9279	  178.9045
7.753	 2.47	 1	 -44.1005	  171.4870
7.754	 2.45	 1	 -42.3144	  173.3138
7.764	 2.85	 1	 -45.8978	  168.7315
7.766	 2.28	 1	 -44.0807	  172.8290
7.769	 3.01	 1	 -42.5582	  174.2814
7.776	 2.33	 1	 -46.4291	  176.4256
7.776	 2.84	 1	 -44.8427	  170.2758
7.777	 3.01	 1	 -40.9471	  178.6602
7.782	 2.36	 1	 -46.9617	  174.9431
7.785	 2.06	 1	 -42.1076	  173.8352
7.796	 3.04	 1	 -42.3597	  172.6599
7.797	 2.02	 1	 -39.9746	  168.1484
7.802	 2.22	 1	 -42.3097	  171.8301
7.830	 2.28	 1	 -41.5694	  173.1575
7.830	 2.08	 1	 -41.7617	  171.7084
7.873	 2.64	 1	 -40.3679	  178.2590
7.875	 2.09	 1	 -42.0360	  167.9057
7.878	 2.43	 1	 -42.3222	  171.6069
7.887	 2.94	 1	 -44.1406	  167.9928
7.889	 2.10	 1	 -41.5565	  171.8444
7.889	 2.16	 1	 -41.4775	  178.9124
7.890	 2.17	 1	 -43.0674	  172.3692
7.893	 2.07	 1	 -46.0273	  169.8692
7.897	 2.50	 1	 -43.4569	  179.0509
7.900	 2.09	 1	 -41.9347	  173.6711
7.902	 2.82	 1	 -43.7353	  169.6687
7.904	 2.12	 1	 -43.6579	  171.0125
7.908	 2.61	 1	 -45.4113	  173.4557
7.911	 2.72	 1	 -42.3619	  173.3828
7.921	 2.43	 1	 -42.2410	  173.9841
7.927	 2.61	 1	 -41.2063	  173.7867
7.940	 2.20	 1	 -40.8949	  178.6298
7.954	 2.22	 1	 -41.3669	  174.9012
7.975	 2.66	 1	 -42.3955	  173.4032
7.977	 2.29	 1	 -42.4478	  173.7624
7.978	 2.98	 1	 -42.1470	  166.9495
7.981	 2.85	 1	 -45.7131	  168.4901
7.983	 2.30	 1	 -39.7899	  168.3496
7.985	 2.64	 1	 -40.4003	  174.6155
7.987	 2.33	 1	 -46.2553	  169.2897
7.997	 3.08	 1	 -43.7702	  173.4808
8.002	 2.04	 1	 -41.1672	  176.9891
8.004	 2.04	 1	 -42.4237	  173.0911
8.005	 2.04	 1	 -41.2993	  167.2054
8.009	 2.42	 1	 -40.9629	  172.2979
8.014	 2.72	 1	 -43.6246	  173.7601
8.027	 2.45	 1	 -42.3137	  173.9662
8.030	 2.79	 1	 -41.8830	  167.0043
8.040	 2.10	 1	 -41.2642	  172.1935
8.047	 2.55	 1	 -38.8454	  169.8549
8.056	 2.61	 1	 -42.3962	  173.1391
8.068	 2.51	 1	 -41.4577	  176.7269
8.071	 2.31	 1	 -41.5566	  168.3214
8.096	 2.09	 1	 -43.1855	  174.1283
8.101	 2.30	 1	 -38.5406	  170.6733
8.110	 2.22	 1	 -42.4523	  168.4382
8.114	 2.15	 1	 -43.8372	  172.9377
8.115	 2.00	 1	 -41.5829	  174.8335
8.115	 2.33	 1	 -41.7623	  174.1190
8.135	 2.24	 1	 -42.6827	  174.6066
8.137	 2.06	 1	 -40.4829	  167.6940
8.144	 2.14	 1	 -47.1787	  173.4388
8.148	 2.03	 1	 -41.1663	  178.7768
8.150	 2.64	 1	 -42.2337	  173.7055
8.156	 2.27	 1	 -46.6208	  170.0450
8.160	 2.09	 1	 -41.6494	  174.3198
8.162	 2.02	 1	 -42.5117	  173.1389
8.168	 2.06	 1	 -44.3765	  167.3495
8.181	 2.67	 1	 -47.1468	  172.1846
8.183	 2.04	 1	 -41.0296	  172.8479
8.193	 2.24	 1	 -42.0064	  171.9945
8.195	 2.89	 1	 -40.2457	  178.1549
8.201	 2.29	 1	 -40.7343	  168.2058
8.210	 2.37	 1	 -44.6265	  173.7176
8.215	 2.22	 1	 -42.0382	  173.6995
8.218	 2.72	 1	 -42.0524	  170.8647
8.228	 2.84	 1	 -38.1964	  172.9370
8.237	 2.07	 1	 -40.4055	  175.4167
8.242	 2.48	 2	 -38.2038	  172.9312
8.243	 2.01	 1	 -42.1530	  173.7248
8.252	 2.13	 1	 -42.7759	  173.4433
8.257	 2.08	 1	 -44.1870	  175.4041
8.265	 2.71	 1	 -40.3770	  175.2171
8.273	 2.05	 1	 -42.8091	  173.2400
8.273	 2.06	 1	 -45.3065	  171.8380
8.278	 2.36	 1	 -43.4312	  172.2021
8.283	 2.29	 1	 -44.0763	  174.1701
8.285	 2.08	 1	 -43.6012	  170.5504
8.287	 2.51	 1	 -38.7899	  169.9832
8.291	 2.01	 1	 -42.4016	  173.8323
8.293	 2.35	 1	 -38.3592	  174.6558
8.307	 2.44	 1	 -41.3354	  170.3740
8.312	 2.20	 1	 -42.2786	  170.4149
8.315	 2.42	 1	 -41.2813	  171.0840
8.316	 2.21	 1	 -43.5341	  175.4105
8.317	 2.17	 1	 -44.9038	  178.3491
8.317	 2.11	 1	 -44.8266	  178.4071
8.318	 2.03	 1	 -42.9880	  171.7988
8.344	 2.45	 1	 -46.8006	  175.5098
8.346	 2.12	 1	 -42.6240	  169.0008
8.360	 2.04	 1	 -40.1582	  169.9449
8.360	 2.94	 1	 -42.0654	  171.5018
8.364	 2.29	 2	 -42.2233	  167.0947
8.368	 2.77	 1	 -41.7684	  174.2352
8.370	 2.04	 1	 -41.6022	  173.2620
8.372	 2.02	 1	 -46.0078	  168.8967
8.384	 2.07	 1	 -42.4171	  173.8008
8.386	 2.95	 1	 -47.1708	  172.4705
8.387	 2.42	 1	 -42.8512	  172.6079
8.394	 2.04	 1	 -44.4103	  174.0200
8.398	 2.61	 1	 -40.6701	  173.5377
8.403	 2.04	 1	 -44.0017	  178.8749
8.422	 2.03	 1	 -43.8204	  176.1328
8.425	 3.03	 1	 -38.2216	  172.3691
8.425	 2.24	 1	 -44.1627	  176.5837
8.426	 2.09	 1	 -44.3939	  167.3592
8.430	 2.03	 1	 -47.1701	  173.5839
8.442	 2.18	 1	 -45.0014	  167.7724
8.449	 2.07	 1	 -40.4676	  167.7057
8.460	 2.02	 1	 -43.7311	  178.9745
8.470	 2.09	 1	 -39.6154	  177.4831
8.479	 2.65	 1	 -43.9493	  171.8421
8.496	 2.28	 1	 -43.3375	  178.8305
8.497	 2.97	 1	 -41.6440	  174.2248
8.509	 2.18	 1	 -46.8851	  170.8109
8.517	 2.03	 1	 -42.9021	  171.3363
8.518	 2.22	 1	 -42.2746	  173.6219
8.520	 2.45	 1	 -44.1651	  174.8905
8.533	 2.59	 1	 -41.7029	  174.3039
8.533	 2.23	 1	 -44.9593	  177.7491
8.539	 2.58	 1	 -41.3125	  169.4521
8.542	 2.62	 1	 -42.7634	  170.7295
8.543	 2.12	 1	 -42.3485	  173.9173
8.549	 3.28	 1	 -39.8715	  171.8446
8.561	 2.23	 1	 -38.2226	  172.3570
8.562	 3.61	 1	 -44.3515	  171.7636
8.564	 2.18	 1	 -42.0248	  173.7299
8.570	 2.59	 1	 -42.1388	  173.6422
8.576	 2.28	 1	 -38.2399	  173.8756
8.578	 2.23	 1	 -41.4819	  173.1585
8.585	 2.03	 1	 -38.8752	  175.0889
8.591	 2.06	 1	 -43.5011	  174.5006
8.599	 2.27	 1	 -43.8655	  173.9408
8.603	 2.00	 1	 -42.1401	  173.5586
8.607	 2.40	 1	 -38.6640	  170.3045
8.608	 2.13	 1	 -42.2886	  173.7340
8.631	 2.23	 1	 -38.4421	  171.0259
8.635	 2.27	 1	 -42.1479	  173.8513
8.641	 2.04	 1	 -41.4166	  170.3307
8.657	 2.71	 1	 -40.7949	  170.7923
8.659	 2.38	 1	 -38.8651	  173.2404
8.660	 2.04	 1	 -42.0738	  171.0223
8.662	 4.68	 1	 -44.8635	  170.5754
8.662	 2.88	 3	 -43.2282	  174.6181
8.674	 2.51	 1	 -39.5462	  171.5236
8.683	 2.17	 2	 -44.8751	  170.5157
8.690	 2.62	 1	 -45.4984	  173.6184
8.691	 2.48	 1	 -47.0995	  174.2375
8.695	 2.05	 2	 -45.6906	  169.6831
8.708	 2.23	 1	 -39.7352	  168.4136
8.708	 2.38	 2	 -44.9066	  170.6715
8.710	 2.34	 1	 -41.8286	  174.2133
8.716	 2.24	 1	 -43.6006	  173.6389
8.725	 2.40	 1	 -40.8064	  170.8011
8.750	 3.52	 1	 -42.1755	  173.9238
8.754	 2.05	 1	 -40.8898	  172.7558
8.757	 2.60	 1	 -43.6936	  176.8594
8.772	 2.31	 1	 -45.1494	  167.8983
8.775	 2.30	 1	 -41.7340	  173.8488
8.794	 3.01	 1	 -43.0212	  172.0435
8.800	 2.06	 1	 -38.2441	  173.9149
8.802	 2.18	 1	 -45.3463	  168.5308
8.806	 2.24	 1	 -40.3026	  167.9953
8.811	 2.03	 1	 -43.7671	  178.9627
8.811	 2.36	 1	 -38.2039	  173.3874
8.825	 2.06	 1	 -47.1576	  173.7451
8.839	 2.49	 1	 -40.6111	  176.1743
8.854	 2.15	 1	 -47.0177	  171.3492
8.855	 2.03	 1	 -45.8314	  171.9134
8.857	 2.11	 1	 -45.3352	  177.9719
8.907	 2.30	 1	 -42.3094	  173.1864
8.909	 2.10	 1	 -44.0621	  176.1922
8.913	 2.02	 1	 -42.0565	  172.2780
8.914	 2.57	 1	 -38.4094	  174.8847
8.919	 2.62	 1	 -42.3936	  170.2042
8.923	 2.62	 1	 -41.8083	  173.0459
8.928	 2.17	 1	 -42.5029	  174.0456
8.952	 2.57	 1	 -41.3409	  175.8764
8.955	 2.54	 1	 -39.7596	  177.6595
8.957	 2.02	 1	 -40.9219	  178.6457
8.958	 2.13	 1	 -45.3413	  172.3043
8.960	 2.79	 1	 -45.6019	  174.1341
8.967	 2.43	 1	 -44.2855	  171.3999
8.971	 2.11	 1	 -38.1960	  173.0635
8.972	 2.31	 1	 -42.5732	  172.9236
8.973	 3.18	 1	 -42.0654	  172.6831
8.974	 3.73	 1	 -39.8831	  168.2455
8.987	 2.13	 1	 -43.1604	  175.1577
8.996	 2.11	 1	 -43.6587	  172.0562
9.006	 2.82	 1	 -41.0902	  178.7383
9.007	 2.65	 1	 -38.0123	  172.0672
9.009	 2.61	 1	 -42.9473	  174.0696
9.014	 2.55	 1	 -44.1665	  169.6865
9.021	 2.06	 1	 -43.6958	  174.8831
9.027	 2.23	 1	 -40.5749	  167.6253
9.033	 2.86	 1	 -46.0634	  168.9731
9.058	 2.10	 1	 -43.1700	  173.8145
9.059	 3.35	 1	 -41.4734	  173.3595
9.064	 2.75	 1	 -41.7764	  169.4994
9.067	 2.30	 1	 -42.5803	  173.3389
9.069	 4.25	 1	 -42.4480	  172.4765
9.074	 2.51	 1	 -40.5281	  178.3846
9.074	 2.38	 1	 -45.5507	  176.4035
9.081	 2.30	 2	 -44.8211	  170.5328
9.101	 3.00	 2	 -44.8594	  170.5956
9.110	 2.11	 1	 -42.2863	  173.7108
9.124	 2.89	 1	 -38.6284	  170.4044
9.126	 2.05	 1	 -42.4554	  175.3730
9.128	 2.48	 1	 -46.3124	  172.7260
9.128	 2.08	 2	 -46.3063	  172.7201
9.140	 2.04	 1	 -46.0714	  174.2690
9.151	 3.37	 1	 -41.5587	  168.2078
9.157	 2.16	 1	 -46.5739	  176.1111
9.160	 2.11	 1	 -43.0700	  172.0524
9.164	 2.62	 1	 -43.9300	  172.4842
9.167	 2.02	 1	 -42.0100	  171.4407
9.175	 2.33	 1	 -42.4541	  173.2492
9.181	 2.40	 1	 -42.0475	  175.7413
9.189	 2.72	 1	 -38.2438	  172.1322
9.205	 2.32	 1	 -42.3903	  173.0993
9.208	 2.34	 1	 -42.2031	  173.5313
9.216	 2.22	 1	 -42.6213	  173.0444
9.218	 2.04	 1	 -38.2067	  172.5988
9.219	 2.44	 1	 -41.5724	  167.5497
9.234	 2.77	 1	 -43.5101	  176.9985
9.236	 2.94	 1	 -43.5395	  175.0991
9.276	 2.09	 1	 -44.9906	  178.2806
9.289	 2.39	 1	 -44.6197	  173.6996
9.289	 2.47	 1	 -42.6528	  173.1700
9.304	 2.51	 1	 -42.4401	  173.4416
9.319	 2.23	 1	 -43.0227	  166.9208
9.324	 2.79	 1	 -42.5771	  172.8526
9.330	 2.40	 1	 -43.1888	  179.1026
9.339	 2.58	 1	 -41.1577	  169.7093
9.362	 2.16	 1	 -46.8037	  175.5004
9.363	 2.11	 1	 -44.6757	  169.8399
9.408	 2.18	 1	 -41.9009	  173.7092
9.410	 2.09	 1	 -42.1618	  171.7197
9.413	 2.10	 1	 -42.5628	  175.3336
9.422	 2.27	 1	 -44.3261	  176.3712
9.422	 2.12	 1	 -38.1960	  172.9899
9.426	 2.39	 1	 -41.7745	  174.2752
9.433	 2.26	 1	 -47.0630	  171.5831
9.433	 2.83	 1	 -46.6220	  170.0480
9.437	 2.62	 1	 -42.2597	  173.8381
9.442	 2.44	 1	 -41.1228	  174.1893
9.442	 2.21	 1	 -39.0033	  169.5246
9.448	 2.98	 1	 -39.3159	  177.0622
9.460	 2.70	 1	 -43.5415	  179.0299
9.461	 2.27	 1	 -40.6336	  169.9788
9.472	 2.95	 1	 -46.6545	  175.9155
9.475	 2.40	 1	 -43.6366	  179.0036
9.476	 2.16	 1	 -40.3076	  170.8072
9.480	 2.37	 1	 -40.7144	  172.8804
9.481	 2.53	 1	 -41.9440	  166.9897
9.494	 2.97	 1	 -44.1750	  178.7979
9.496	 3.14	 1	 -43.2504	  172.7525
9.513	 2.15	 1	 -42.5823	  171.4572
9.524	 2.88	 1	 -45.1904	  175.1217
9.535	 2.81	 1	 -42.6898	  172.9353
9.543	 2.21	 2	 -45.9107	  168.6625
9.546	 2.05	 1	 -42.7043	  175.8601
9.553	 5.32	 1	 -42.3829	  174.1137
9.554	 2.74	 2	 -42.3679	  174.1249
9.557	 3.00	 2	 -42.3655	  174.0823
9.559	 2.12	 1	 -41.8381	  174.2479
9.565	 2.59	 2	 -42.4449	  174.1555
9.565	 2.34	 1	 -42.3473	  173.4386
9.565	 2.20	 2	 -42.5254	  173.9429
9.569	 2.22	 1	 -42.2435	  173.6627
9.582	 2.64	 1	 -41.8468	  179.0308
9.596	 2.08	 2	 -42.3708	  174.7484
9.603	 2.06	 1	 -41.2272	  172.3427
9.608	 2.51	 1	 -42.4307	  173.1890
9.614	 2.66	 1	 -41.8713	  174.1511
9.616	 2.56	 1	 -45.0075	  178.2669
9.621	 2.26	 1	 -45.1093	  167.8631
9.629	 2.68	 1	 -44.9247	  175.1085
9.642	 2.28	 1	 -42.3284	  179.1199
9.656	 2.86	 2	 -42.3468	  174.2215
9.666	 3.60	 1	 -45.1347	  167.8852
9.667	 2.25	 1	 -39.1042	  169.4816
9.680	 2.04	 1	 -46.9062	  170.8863
9.685	 2.38	 1	 -45.0038	  171.3544
9.700	 2.14	 1	 -46.9233	  170.9496
9.701	 2.07	 1	 -42.3431	  173.1088
9.720	 2.64	 1	 -44.1661	  176.3032
9.720	 2.11	 1	 -42.4108	  173.8642
9.729	 2.41	 1	 -42.3237	  173.7717
9.732	 2.16	 1	 -40.3508	  170.1924
9.733	 2.13	 1	 -42.5033	  173.4209
9.753	 3.07	 1	 -40.1705	  178.0871
9.754	 2.28	 1	 -43.0186	  178.8354
9.761	 2.04	 1	 -40.6566	  171.9742
9.763	 3.28	 1	 -45.8973	  177.3135
9.794	 2.08	 1	 -38.2006	  173.3013
9.798	 2.33	 1	 -42.1478	  173.8593
9.799	 2.44	 1	 -47.1890	  173.0761
9.811	 2.29	 1	 -44.6121	  167.4898
9.816	 3.51	 1	 -43.6240	  170.5740
9.817	 2.04	 1	 -42.4015	  173.1178
9.828	 2.21	 1	 -42.2941	  173.6777
9.855	 2.37	 1	 -46.0101	  177.1518
9.866	 2.01	 1	 -44.9561	  167.7360
9.866	 2.92	 1	 -41.7450	  173.5903
9.868	 3.92	 2	 -44.3566	  171.7514
9.870	 2.16	 1	 -42.6960	  178.5920
9.871	 2.27	 1	 -40.8657	  178.6123
9.873	 2.01	 1	 -41.5794	  171.4244
9.895	 2.60	 1	 -38.5047	  170.7941
9.897	 2.17	 1	 -42.5536	  173.6870
9.904	 2.51	 1	 -42.3614	  173.1235
9.913	 2.23	 1	 -44.6839	  177.2301
9.928	 2.24	 1	 -41.8223	  174.2104
9.930	 2.78	 1	 -41.9428	  173.7696
9.932	 3.74	 1	 -42.4853	  172.8073
9.941	 3.06	 1	 -42.2692	  173.7575
9.946	 2.06	 1	 -43.0483	  166.9235
9.956	 2.25	 1	 -42.2436	  177.8690
9.972	 2.23	 1	 -42.4459	  173.1448
9.974	 2.36	 1	 -42.2427	  173.6774
9.977	 2.52	 1	 -42.5713	  173.4568
9.982	 2.13	 1	 -44.7600	  176.7055
9.984	 2.33	 1	 -44.4073	  167.3667
10.000	 2.04	 1	 -44.8722	  178.3731
10.023	 2.09	 1	 -46.1487	  174.2239
10.026	 3.71	 1	 -43.0113	  174.3870
10.031	 2.21	 1	 -43.8576	  168.9131
10.039	 2.67	 1	 -41.3934	  173.1153
10.044	 2.97	 1	 -43.8263	  176.5363
10.048	 2.05	 1	 -44.3762	  172.5716
10.052	 3.56	 1	 -39.4642	  175.3181
10.052	 2.21	 1	 -40.8836	  178.6231
10.054	 2.11	 1	 -40.3052	  171.1896
10.060	 2.08	 1	 -43.0696	  174.6067
10.063	 2.62	 1	 -42.1287	  166.9526
10.063	 2.68	 1	 -38.4001	  174.4751
10.064	 2.03	 2	 -39.4669	  175.3332
10.066	 2.08	 1	 -41.4557	  168.5289
10.082	 2.63	 1	 -43.8752	  170.8321
10.085	 2.22	 1	 -42.4735	  174.9554
10.089	 2.26	 1	 -42.1421	  173.7575
10.110	 2.53	 2	 -42.4028	  174.1073
10.116	 2.26	 1	 -44.6667	  172.5891
10.118	 2.12	 1	 -41.9001	  172.8123
10.119	 2.22	 1	 -41.8616	  174.2170
10.122	 2.45	 1	 -40.5254	  174.0659
10.126	 2.09	 1	 -47.0833	  171.7025
10.129	 2.63	 2	 -47.0844	  171.7012
10.138	 2.41	 1	 -38.2903	  174.2691
10.142	 2.19	 1	 -42.7063	  172.8143
10.145	 2.81	 1	 -41.7220	  174.0673
10.161	 3.06	 1	 -41.3929	  175.7714
10.163	 2.31	 1	 -46.5721	  169.9290
10.181	 2.68	 1	 -44.0792	  178.8418
10.186	 2.04	 1	 -44.7082	  171.0539
10.192	 2.42	 1	 -39.2559	  176.9675
10.193	 2.16	 1	 -44.9342	  170.7064
10.199	 2.60	 1	 -42.4940	  173.2221
10.227	 2.21	 1	 -38.2264	  173.7329
10.228	 2.93	 1	 -43.7207	  167.8811
10.232	 2.50	 1	 -42.3708	  172.8510
10.233	 2.09	 1	 -47.1803	  173.4053
10.234	 2.45	 1	 -42.5598	  173.7427
10.236	 2.11	 1	 -42.1493	  176.5021
10.237	 2.94	 1	 -45.4870	  168.2291
10.253	 2.08	 1	 -43.9283	  175.3113
10.253	 2.09	 1	 -43.6569	  177.8142
10.257	 2.08	 1	 -40.0333	  173.1102
10.265	 2.12	 1	 -47.1891	  173.0399
10.265	 2.53	 1	 -42.8885	  174.0181
10.269	 2.37	 1	 -43.5230	  171.0383
10.270	 2.87	 1	 -38.2945	  172.1228
10.272	 2.04	 1	 -41.8158	  174.2884
10.273	 2.05	 1	 -44.0824	  172.6072
10.276	 3.14	 1	 -46.7155	  175.7552
10.279	 2.12	 1	 -45.5087	  168.2527
10.280	 2.26	 1	 -41.0418	  172.8368
10.282	 2.68	 1	 -42.0355	  169.4930
10.292	 2.24	 1	 -42.3769	  172.9248
10.320	 2.36	 1	 -44.7940	  175.8919
10.324	 2.06	 1	 -40.2855	  178.0391
10.335	 2.24	 1	 -38.7449	  175.9514
10.342	 2.89	 1	 -42.7186	  166.9044
10.347	 2.26	 1	 -39.3066	  177.0478
10.353	 2.51	 1	 -42.1764	  177.5956
10.359	 2.26	 1	 -42.0038	  173.7175
10.370	 2.17	 1	 -41.5160	  167.1174
10.374	 2.22	 1	 -42.3985	  173.9606
10.375	 2.30	 1	 -43.3393	  172.9024
10.379	 2.41	 1	 -42.3222	  174.0325
10.382	 2.19	 1	 -40.7214	  172.6219
10.391	 2.11	 1	 -42.5363	  176.4615
10.391	 2.10	 1	 -42.3232	  173.2373
10.391	 3.11	 1	 -42.4498	  173.8077
10.397	 2.75	 1	 -41.5855	  170.5157
10.404	 2.21	 1	 -42.3977	  173.8112
10.419	 2.22	 1	 -44.0400	  168.3401
10.421	 2.17	 1	 -42.6372	  172.7333
10.423	 2.25	 1	 -44.2179	  174.4132
10.440	 2.07	 1	 -42.2700	  172.2790
10.450	 2.46	 1	 -40.1189	  171.6963
10.455	 2.39	 1	 -44.0264	  174.3234
10.458	 2.88	 1	 -44.5509	  175.1646
10.461	 2.33	 1	 -40.4591	  167.7124
10.485	 2.05	 1	 -42.3988	  173.7071
10.492	 2.25	 1	 -42.4091	  171.5232
10.497	 2.60	 1	 -38.6094	  170.4597
10.503	 2.80	 1	 -41.6210	  174.5381
10.507	 2.04	 1	 -45.0882	  178.1994
10.544	 2.48	 1	 -40.2467	  178.1558
10.549	 3.01	 1	 -43.1133	  176.1859
10.550	 2.10	 1	 -42.0366	  173.8413
10.560	 2.05	 1	 -46.6988	  170.7727
10.562	 2.03	 1	 -41.7375	  177.1200
10.575	 2.58	 1	 -42.2846	  173.5636
10.585	 2.09	 1	 -45.1362	  167.8866
10.602	 2.86	 1	 -42.1805	  179.1002
10.607	 2.74	 1	 -42.0497	  171.0566
10.619	 2.68	 1	 -42.3326	  173.4104
10.626	 2.24	 1	 -43.1071	  172.3491
10.628	 3.04	 1	 -41.7650	  174.1147
10.635	 2.14	 1	 -41.7739	  173.7621
10.646	 2.03	 2	 -43.1107	  176.1890
10.669	 2.24	 1	 -42.3785	  173.7795
10.670	 3.04	 1	 -40.2371	  173.7598
10.673	 2.24	 1	 -43.8676	  172.3036
10.682	 2.28	 1	 -43.0477	  174.4487
10.689	 2.08	 1	 -46.4922	  173.1095
10.693	 2.32	 1	 -43.2396	  168.8228
10.694	 2.05	 1	 -44.6137	  173.4290
10.698	 4.03	 1	 -45.5515	  170.8325
10.736	 2.62	 1	 -42.4056	  173.2769
10.738	 2.57	 1	 -45.0229	  178.2543
10.754	 2.43	 1	 -39.8048	  168.3327
10.758	 2.59	 1	 -46.5820	  169.9522
10.770	 2.03	 1	 -42.2319	  173.6041
10.771	 2.23	 1	 -42.4526	  173.0876
10.778	 2.10	 1	 -43.0704	  174.0736
10.778	 2.60	 1	 -44.7491	  167.5817
10.782	 3.24	 1	 -38.9364	  176.3854
10.787	 2.24	 1	 -40.4246	  167.7395
10.801	 2.04	 1	 -42.9285	  166.9128
10.805	 2.71	 1	 -40.3356	  168.4034
10.814	 2.01	 1	 -41.5677	  170.8400
10.814	 2.98	 1	 -42.8216	  173.4148
10.824	 2.40	 1	 -43.4487	  172.6988
10.827	 3.44	 1	 -42.3722	  171.5005
10.836	 2.31	 1	 -43.9188	  171.5382
10.838	 2.33	 1	 -43.9550	  171.4308
10.860	 2.66	 1	 -41.3751	  171.0686
10.863	 2.34	 1	 -42.0096	  173.8238
10.864	 2.36	 2	 -46.0689	  168.9707
10.868	 2.17	 1	 -42.1589	  176.1720
10.870	 2.05	 1	 -41.9129	  173.8636
10.875	 2.42	 2	 -42.3877	  173.8174
10.880	 2.23	 1	 -42.7204	  172.7131
10.881	 2.75	 1	 -46.8770	  170.7827
10.883	 2.17	 1	 -43.2527	  171.1736
10.885	 2.74	 1	 -47.1412	  172.1312
10.893	 2.06	 1	 -42.0998	  173.6571
10.897	 2.02	 1	 -41.8797	  171.9568
10.902	 2.05	 1	 -39.1782	  176.8386
10.919	 2.52	 1	 -42.9992	  170.5620
10.924	 2.99	 1	 -43.9554	  172.1293
10.929	 2.30	 1	 -41.6555	  176.9283
10.942	 3.94	 1	 -38.5713	  175.4693
10.943	 2.24	 1	 -46.7065	  175.7796
10.948	 2.18	 1	 -40.8843	  173.4029
10.959	 2.27	 1	 -41.7488	  174.2472
10.960	 2.24	 2	 -42.3806	  174.0966
10.962	 2.17	 1	 -42.9376	  173.7266
10.982	 2.03	 1	 -43.4775	  173.5899
10.994	 2.34	 1	 -39.4787	  168.7433
10.995	 2.32	 1	 -45.4649	  169.1934
10.995	 2.31	 1	 -41.1858	  169.4526
10.996	 2.27	 1	 -41.1146	  178.7509
10.996	 2.88	 1	 -39.5751	  168.6133
10.998	 2.22	 1	 -41.7469	  174.3012
11.005	 2.14	 1	 -42.8301	  173.8983
11.015	 2.23	 1	 -47.0294	  174.6381
11.016	 2.58	 1	 -40.8616	  171.1883
11.025	 2.60	 1	 -42.3642	  173.2722
11.027	 2.55	 1	 -42.4677	  173.1714
11.041	 2.51	 1	 -38.3663	  174.6902
11.044	 2.11	 1	 -42.9539	  173.4817
11.045	 2.17	 1	 -42.0781	  175.9946
11.050	 2.38	 1	 -38.8521	  169.9339
11.069	 4.13	 1	 -40.6730	  167.5561
11.075	 2.09	 1	 -43.2292	  171.9976
11.089	 2.03	 1	 -42.3937	  171.7274
11.090	 2.18	 1	 -41.7253	  174.3433
11.096	 3.20	 2	 -40.8825	  173.0838
11.100	 2.76	 1	 -41.8311	  174.2478
11.104	 2.60	 1	 -43.0455	  173.8490
11.105	 2.13	 1	 -39.7921	  177.6971
11.109	 2.12	 1	 -44.6231	  171.0659
11.112	 3.80	 1	 -38.9076	  169.7192
11.133	 2.05	 1	 -42.3829	  173.6257
11.134	 2.00	 1	 -44.4337	  169.6627
11.136	 2.44	 2	 -42.4096	  174.1628
11.137	 2.10	 1	 -38.5743	  175.4785
11.138	 3.44	 1	 -42.1126	  173.7941
11.165	 3.32	 1	 -42.6456	  171.1029
11.166	 2.44	 1	 -42.3562	  173.7807
11.186	 2.10	 1	 -42.7600	  169.8603
11.188	 2.18	 1	 -42.4689	  166.9119
11.190	 2.14	 1	 -41.1700	  174.2443
11.201	 2.27	 1	 -42.7364	  170.7773
11.201	 2.79	 1	 -42.6424	  172.8264
11.221	 2.43	 1	 -38.8126	  169.9300
11.226	 2.49	 1	 -42.1307	  171.5088
11.230	 2.17	 1	 -46.9121	  175.1362
11.239	 2.93	 1	 -44.0392	  175.1440
11.242	 2.16	 1	 -42.2541	  173.6005
11.273	 3.12	 1	 -44.0547	  173.6357
11.277	 2.11	 1	 -44.5103	  171.0806
11.284	 2.65	 1	 -42.9087	  173.2634
11.287	 2.32	 1	 -43.4797	  176.7741
11.301	 2.29	 1	 -40.9109	  167.4050
11.339	 2.81	 1	 -43.7234	  174.8441
11.342	 2.19	 1	 -42.7549	  174.9751
11.360	 2.31	 1	 -44.4109	  176.7326
11.371	 2.55	 1	 -41.8215	  173.7673
11.377	 2.15	 1	 -42.3133	  173.5783
11.389	 3.47	 1	 -40.4567	  172.9792
11.400	 2.36	 1	 -46.6259	  170.0576
11.431	 2.38	 1	 -42.5847	  173.0037
11.433	 2.76	 1	 -42.1048	  173.9279
11.435	 2.11	 2	 -42.1029	  173.9417
11.437	 3.06	 1	 -40.5344	  167.6550
11.448	 2.05	 1	 -38.4907	  175.2007
11.449	 2.13	 1	 -44.7601	  178.4549
11.449	 2.05	 1	 -41.6801	  174.2498
11.454	 2.05	 1	 -38.2650	  171.9536
11.455	 2.59	 1	 -42.8004	  173.3223
11.458	 3.50	 1	 -42.0225	  173.4312
11.482	 2.19	 2	 -42.3691	  174.0861
11.495	 2.86	 1	 -41.9737	  174.1807
11.501	 2.46	 1	 -42.6118	  176.4265
11.513	 2.08	 1	 -38.1961	  172.9706
11.527	 2.47	 1	 -43.2566	  173.1607
11.560	 2.10	 1	 -41.8596	  172.2921
11.565	 2.89	 1	 -43.2421	  173.3109
11.567	 2.00	 2	 -43.2496	  173.3141
11.572	 2.45	 1	 -43.4508	  179.0523
11.575	 2.25	 1	 -45.7648	  170.6186
11.582	 2.52	 1	 -42.5918	  173.0947
11.583	 3.86	 1	 -42.4430	  170.8596
11.588	 2.92	 1	 -39.5418	  177.3869
11.590	 2.20	 1	 -42.4504	  172.9037
11.591	 2.23	 1	 -41.3306	  178.8526
11.601	 2.26	 1	 -39.6808	  172.6326
11.603	 2.23	 1	 -44.1336	  173.3314
11.611	 2.35	 1	 -40.0930	  178.0140
11.622	 3.31	 1	 -47.1867	  172.8190
11.624	 2.42	 1	 -45.9495	  168.8041
11.626	 3.90	 2	 -42.6353	  170.2019
11.632	 2.17	 1	 -43.2093	  174.2097
11.637	 2.03	 1	 -41.3037	  167.2035
11.647	 2.67	 1	 -42.4711	  174.5094
11.648	 2.66	 1	 -41.7154	  173.6956
11.654	 2.11	 1	 -43.9291	  178.9041
11.667	 2.48	 1	 -44.9349	  169.7585
11.701	 2.05	 1	 -41.8601	  174.0623
11.707	 3.07	 1	 -40.7395	  167.5115
11.709	 2.74	 1	 -40.9959	  176.8535
11.716	 2.49	 1	 -39.6643	  175.6931
11.736	 2.42	 1	 -41.8221	  168.5665
11.742	 2.22	 1	 -41.0205	  170.8230
11.743	 3.63	 1	 -46.7494	  170.7764
11.749	 2.01	 1	 -44.8232	  178.4095
11.776	 2.19	 1	 -41.5447	  176.4551
11.789	 2.23	 1	 -43.9562	  170.3866
11.800	 2.95	 1	 -42.4372	  173.8376
11.820	 2.01	 1	 -41.9061	  173.8717
11.821	 2.57	 1	 -41.7878	  174.2052
11.824	 2.01	 1	 -39.8481	  174.4624
11.834	 2.39	 2	 -40.6015	  167.6528
11.837	 2.05	 1	 -40.2714	  172.0768
11.853	 2.07	 1	 -42.5276	  173.1371
11.857	 2.01	 1	 -39.5184	  171.6060
11.864	 4.32	 1	 -41.7597	  174.3249
11.877	 2.46	 1	 -42.4112	  174.0089
11.881	 2.06	 2	 -42.1231	  173.6017
11.887	 2.28	 1	 -43.0929	  171.4158
11.893	 2.28	 1	 -41.9883	  166.9798
11.902	 3.35	 1	 -42.1096	  173.8714
11.905	 2.42	 1	 -43.4673	  175.5374
11.928	 2.51	 1	 -41.5156	  174.7964
11.929	 2.38	 1	 -43.7606	  178.9648
11.930	 2.06	 1	 -40.5580	  167.6375
11.941	 2.45	 1	 -43.4188	  175.8496
11.945	 2.30	 1	 -43.5887	  171.0963
11.946	 2.29	 1	 -41.3607	  174.7027
11.955	 2.44	 1	 -45.8839	  175.4476
11.956	 2.30	 1	 -41.4352	  177.8549
11.977	 2.45	 1	 -43.0114	  175.9696
11.978	 2.12	 1	 -39.7873	  168.3526
11.981	 2.17	 1	 -41.7654	  173.9869
11.981	 2.63	 1	 -43.3026	  178.7110
11.992	 2.59	 1	 -42.6979	  174.3900
12.001	 2.83	 1	 -40.9692	  173.1833
12.006	 2.30	 1	 -45.8415	  172.7067
12.010	 2.27	 1	 -42.7803	  172.4009
12.019	 2.44	 1	 -43.2451	  174.5534
12.019	 2.15	 1	 -47.1748	  172.5337
12.021	 2.39	 1	 -41.3110	  169.2729
12.021	 2.57	 1	 -44.8869	  169.6580
12.032	 2.40	 1	 -41.4969	  176.0353
12.047	 2.06	 1	 -41.9630	  174.0495
12.049	 2.30	 1	 -42.6779	  172.8619
12.053	 2.26	 1	 -47.1338	  173.9791
12.055	 4.10	 1	 -42.3410	  173.5765
12.061	 2.83	 1	 -42.3217	  166.9252
12.064	 2.16	 1	 -42.1555	  174.5932
12.064	 2.12	 1	 -42.5591	  173.0346
12.071	 2.02	 1	 -41.1183	  167.2915
12.071	 2.02	 1	 -42.7993	  173.9657
12.085	 2.23	 1	 -43.7248	  173.2729
12.089	 2.16	 1	 -42.1611	  173.5958
12.108	 2.09	 1	 -45.5575	  177.7374
12.119	 2.82	 1	 -39.2409	  176.9431
12.122	 2.30	 1	 -41.6774	  174.2289
12.122	 2.32	 1	 -43.2614	  174.2571
12.130	 2.06	 1	 -39.4715	  173.8397
12.147	 2.48	 1	 -41.6934	  174.2419
12.148	 2.01	 1	 -42.1463	  173.3685
12.157	 2.18	 1	 -41.6291	  175.0240
12.158	 2.25	 1	 -39.1823	  176.8456
12.182	 2.14	 1	 -42.0834	  172.3998
12.202	 2.62	 1	 -38.8712	  169.7977
12.204	 2.23	 1	 -42.6868	  172.7579
12.208	 2.07	 1	 -43.1870	  172.0806
12.251	 2.46	 1	 -43.6852	  178.9890
12.252	 2.52	 1	 -38.8556	  176.2121
12.254	 2.45	 1	 -46.6113	  176.0223
12.277	 2.07	 1	 -41.9822	  166.9812
12.283	 2.26	 3	 -43.1214	  174.7013
12.290	 2.47	 1	 -41.5174	  174.8171
12.292	 3.05	 1	 -45.5991	  173.6403
12.296	 2.31	 1	 -45.2211	  178.0811
12.299	 2.04	 1	 -43.0879	  175.9791
12.307	 2.06	 1	 -47.1149	  174.1296
12.327	 2.38	 1	 -44.9451	  178.3169
12.335	 2.80	 1	 -43.7837	  170.4360
12.340	 2.62	 1	 -42.0977	  173.8958
12.346	 2.52	 1	 -44.9854	  172.9913
12.347	 4.83	 1	 -42.6639	  172.6801
12.370	 2.47	 1	 -45.4431	  177.8618
12.386	 2.22	 1	 -41.7664	  172.0318
12.421	 2.45	 1	 -41.2467	  169.3364
12.433	 2.03	 1	 -40.2212	  178.1331
12.435	 2.16	 1	 -46.3488	  176.5833
12.444	 2.11	 1	 -44.9191	  176.0835
12.459	 2.19	 1	 -38.5592	  175.4312
12.468	 2.33	 1	 -41.0991	  178.7429
12.470	 2.84	 1	 -44.0463	  172.6109
12.472	 2.18	 1	 -42.3526	  174.0703
12.472	 2.07	 1	 -42.1181	  169.2656
12.489	 2.13	 1	 -39.5806	  174.1400
12.492	 2.18	 1	 -42.8482	  171.5398
12.502	 2.06	 1	 -44.5068	  170.7460
12.515	 2.47	 1	 -43.5239	  174.5048
12.519	 2.35	 1	 -43.7682	  176.9597
12.521	 2.05	 1	 -38.5479	  175.3948
12.526	 2.77	 1	 -42.4663	  172.2248
12.526	 2.00	 1	 -41.2703	  171.4936
12.529	 2.05	 2	 -42.5369	  172.6984
12.535	 2.03	 1	 -44.2193	  173.2905
12.537	 3.00	 3	 -42.6322	  170.2060
12.551	 2.10	 1	 -47.1221	  171.9700
12.570	 2.50	 1	 -39.0374	  176.5854
12.615	 2.52	 1	 -42.1872	  173.8418
12.627	 3.61	 1	 -46.7866	  175.5523
12.629	 2.06	 1	 -41.6224	  172.5956
12.655	 2.09	 1	 -46.8906	  170.8301
12.705	 2.07	 1	 -43.8826	  178.9218
12.705	 2.34	 1	 -41.6939	  167.6908
12.724	 2.87	 1	 -42.3866	  170.1808
12.727	 2.61	 1	 -45.7038	  173.0206
12.747	 3.78	 1	 -38.4915	  170.8408
12.762	 2.39	 1	 -42.4741	  173.4002
12.774	 2.15	 1	 -46.6194	  176.0026
12.781	 2.40	 1	 -41.5541	  172.7143
12.783	 2.81	 1	 -42.4174	  174.1232
12.783	 2.97	 1	 -41.3703	  170.3470
12.786	 3.08	 1	 -46.4524	  169.6666
12.790	 3.61	 1	 -39.3786	  170.4299
12.800	 3.74	 1	 -42.5240	  175.7146
12.802	 2.02	 1	 -44.6854	  176.3290
12.807	 2.04	 1	 -39.8256	  171.6954
12.820	 3.09	 1	 -42.4381	  173.3993
12.822	 2.22	 1	 -43.7454	  175.4240
12.836	 2.41	 1	 -42.3995	  173.1154
12.843	 2.30	 1	 -44.0158	  172.3271
12.848	 2.10	 3	 -42.3497	  174.1501
12.850	 2.01	 1	 -43.0997	  173.1971
12.855	 2.46	 1	 -42.6244	  173.0990
12.866	 2.19	 1	 -42.5716	  172.9922
12.869	 2.31	 1	 -43.5787	  174.6768
12.874	 2.12	 1	 -46.1595	  169.1262
12.875	 2.95	 1	 -41.5408	  172.3099
12.888	 2.96	 1	 -41.9076	  174.2990
12.888	 2.11	 1	 -41.2058	  172.3321
12.892	 3.25	 1	 -40.2949	  167.8465
12.896	 2.04	 1	 -42.5281	  173.5917
12.915	 2.08	 1	 -43.4416	  179.0545
12.928	 2.04	 1	 -39.1723	  169.2158
12.929	 2.36	 1	 -41.7812	  174.2286
12.935	 2.10	 1	 -41.8757	  173.9602
12.935	 2.26	 1	 -41.9218	  173.9806
12.941	 2.15	 1	 -41.0195	  167.3436
12.951	 2.20	 1	 -47.1340	  172.0674
12.951	 2.23	 1	 -39.8964	  169.7855
12.959	 3.06	 1	 -41.9958	  171.2674
12.965	 2.09	 1	 -40.2610	  167.8760
12.991	 2.04	 1	 -39.5158	  168.6923
13.017	 2.48	 1	 -39.8994	  176.0556
13.024	 2.70	 1	 -42.3366	  170.1149
13.038	 2.00	 1	 -38.2503	  173.9707
13.061	 2.30	 1	 -42.5472	  179.1367
13.075	 2.59	 1	 -39.9008	  175.3952
13.079	 2.09	 2	 -43.0159	  174.3822
13.094	 2.48	 1	 -46.7444	  173.3502
13.098	 2.12	 1	 -41.5091	  178.9243
13.098	 4.19	 1	 -38.6492	  170.8356
13.106	 2.79	 1	 -40.3772	  172.5283
13.107	 2.18	 1	 -43.8560	  170.9800
13.116	 2.45	 1	 -43.7189	  173.9961
13.126	 2.51	 2	 -42.6657	  172.6680
13.132	 2.36	 1	 -43.7040	  175.0085
13.134	 2.91	 1	 -46.7320	  170.3344
13.139	 2.34	 1	 -42.2753	  172.5012
13.141	 2.12	 1	 -42.4944	  179.1340
13.159	 2.13	 1	 -45.6472	  177.6338
13.161	 4.11	 1	 -47.1756	  172.5474
13.161	 2.03	 1	 -38.2785	  171.8552
13.161	 3.51	 3	 -43.1407	  174.5924
13.162	 2.64	 1	 -42.4306	  174.9259
13.168	 2.34	 1	 -41.7490	  174.2796
13.171	 2.61	 1	 -41.6863	  174.1508
13.175	 2.26	 2	 -47.1771	  172.5600
13.178	 2.23	 1	 -42.0745	  173.9422
13.191	 2.15	 2	 -44.0539	  173.6381
13.201	 2.08	 1	 -46.2650	  169.3068
13.201	 2.31	 1	 -42.4030	  173.7437
13.201	 2.26	 1	 -40.8618	  178.6100
13.208	 2.04	 2	 -42.3348	  173.5595
13.237	 2.30	 1	 -42.8940	  172.5963
13.239	 2.26	 1	 -46.9894	  171.2192
13.265	 2.05	 1	 -43.1201	  173.7367
13.266	 2.20	 1	 -42.5051	  171.5976
13.266	 2.28	 1	 -45.3208	  173.4118
13.266	 2.07	 1	 -41.3529	  174.4921
13.274	 2.01	 1	 -42.6063	  172.8193
13.284	 2.01	 1	 -42.2506	  173.6226
13.285	 2.24	 1	 -41.7928	  171.1893
13.306	 2.61	 1	 -41.5635	  175.1408
13.312	 2.39	 1	 -40.0776	  172.1754
13.313	 3.01	 1	 -43.0811	  174.1344
13.315	 2.00	 1	 -41.0444	  178.7142
13.330	 3.39	 1	 -41.1609	  175.1371
13.335	 2.14	 1	 -41.9897	  174.0433
13.335	 2.64	 1	 -45.2443	  171.6248
13.337	 2.02	 1	 -42.2281	  172.9947
13.342	 2.68	 1	 -43.1466	  173.6657
13.354	 2.34	 1	 -42.8577	  173.2985
13.359	 2.80	 1	 -42.0702	  173.5111
13.376	 2.21	 1	 -43.8890	  173.0012
13.377	 2.84	 1	 -41.0061	  174.7820
13.378	 2.11	 1	 -46.3027	  169.3750
13.382	 2.83	 1	 -42.3648	  173.6810
13.383	 2.07	 1	 -41.6430	  173.3350
13.399	 2.02	 1	 -42.4230	  173.9721
13.413	 3.34	 1	 -42.3558	  173.0303
13.414	 2.21	 1	 -45.8260	  168.6344
13.424	 2.02	 1	 -40.7269	  167.5198
13.438	 2.52	 2	 -44.7556	  178.5007
13.443	 3.58	 1	 -39.7268	  177.2708
13.483	 2.45	 1	 -44.3066	  174.1753
13.486	 2.02	 1	 -39.5831	  173.9605
13.498	 2.92	 2	 -38.6340	  170.8407
13.500	 3.15	 1	 -42.1267	  173.2861
13.507	 2.48	 1	 -42.6186	  175.5096
13.511	 2.60	 1	 -41.8727	  173.6278
13.517	 2.65	 1	 -46.7242	  175.7312
13.527	 3.04	 1	 -42.4025	  173.2974
13.534	 2.42	 1	 -42.1114	  172.2489
13.557	 2.28	 1	 -44.8132	  174.5224
13.558	 2.69	 1	 -42.6328	  175.9090
13.565	 2.30	 1	 -44.8727	  168.3017
13.565	 2.34	 1	 -45.4439	  177.8611
13.581	 3.42	 1	 -39.4268	  168.8168
13.594	 2.23	 1	 -44.5739	  167.4655
13.598	 2.66	 1	 -40.3563	  178.2494
13.602	 2.11	 1	 -42.4990	  166.9100
13.612	 2.41	 1	 -38.6095	  170.4592
13.612	 2.48	 1	 -41.7148	  174.3185
13.618	 2.81	 1	 -44.6960	  172.7980
13.619	 2.40	 1	 -44.1472	  168.1980
13.627	 2.85	 1	 -42.3395	  173.8518
13.649	 2.78	 1	 -43.7866	  174.0778
13.667	 2.33	 1	 -42.6285	  173.0944
13.693	 2.01	 1	 -44.8568	  175.6881
13.717	 2.04	 1	 -42.3016	  175.0398
13.723	 2.24	 1	 -46.1481	  169.1076
13.751	 2.51	 1	 -44.2643	  174.2057
13.752	 2.37	 1	 -38.1959	  173.0126
13.773	 2.19	 1	 -41.9606	  166.9859
13.778	 2.03	 1	 -38.5657	  170.5927
13.791	 2.62	 1	 -42.2851	  173.7720
13.794	 2.30	 1	 -43.4907	  170.8971
13.801	 2.58	 1	 -42.0003	  172.9267
13.807	 2.95	 1	 -39.5905	  171.2607
13.815	 2.40	 1	 -41.6489	  174.2434
13.818	 2.10	 1	 -45.7504	  177.5076
13.823	 2.10	 1	 -41.2947	  176.4635
13.827	 2.23	 1	 -44.0169	  167.1757
13.830	 2.51	 1	 -43.7109	  168.4202
13.846	 2.15	 1	 -38.3195	  171.5979
13.851	 2.10	 1	 -44.7948	  174.2708
13.854	 2.09	 1	 -42.0823	  175.0050
13.855	 2.45	 1	 -39.3636	  168.9094
13.856	 2.36	 1	 -46.4460	  176.3910
13.856	 3.01	 1	 -41.8043	  174.5383
13.868	 2.16	 1	 -45.9325	  177.2643
13.871	 2.28	 1	 -43.5509	  169.7110
13.900	 2.61	 1	 -43.3482	  175.0921
13.905	 2.11	 1	 -41.1642	  178.7757
13.935	 2.01	 1	 -39.2943	  176.0731
13.944	 3.01	 1	 -39.2980	  169.0100
13.963	 2.06	 1	 -46.9702	  171.1364
13.976	 2.76	 1	 -40.7598	  174.5047
13.995	 2.44	 1	 -38.4242	  174.9464
13.998	 2.18	 1	 -42.0703	  173.4836
