# Simulation 730
# RelativeTime(days) Magnitude Generation Latitude Longitude
Time Mag Gen Lat Lon
7.032	 2.37	 1	 -41.3504	  176.4705
7.054	 2.27	 1	 -44.7015	  173.1194
7.057	 2.05	 1	 -41.9355	  169.3857
7.058	 2.31	 1	 -41.7708	  171.7773
7.062	 2.09	 1	 -42.4349	  174.8069
7.068	 2.34	 1	 -42.4832	  170.3157
7.069	 2.23	 1	 -41.7077	  169.5387
7.073	 2.36	 1	 -44.8655	  167.6661
7.080	 2.68	 1	 -43.7823	  173.1081
7.085	 2.09	 1	 -42.4532	  179.1313
7.091	 2.80	 1	 -45.6511	  168.4151
7.096	 2.19	 1	 -40.9058	  178.6362
7.096	 2.48	 1	 -46.6464	  175.9359
7.105	 2.12	 1	 -38.6042	  170.4750
7.106	 2.14	 1	 -44.8975	  178.3539
7.109	 2.50	 1	 -43.8136	  173.5031
7.120	 2.14	 1	 -46.2541	  169.3658
7.129	 4.15	 1	 -46.5319	  176.2068
7.134	 2.70	 1	 -42.5786	  174.7723
7.139	 2.53	 1	 -40.0040	  170.9148
7.143	 2.37	 1	 -42.7760	  178.6562
7.145	 3.04	 1	 -41.7142	  173.8916
7.169	 2.69	 1	 -43.3941	  172.6426
7.172	 2.27	 1	 -44.8501	  172.4886
7.174	 2.51	 1	 -47.1792	  173.4281
7.182	 2.25	 1	 -42.1569	  168.8952
7.186	 2.02	 1	 -40.7822	  171.1923
7.189	 2.28	 1	 -47.1363	  172.0867
7.194	 2.96	 1	 -45.8259	  169.9566
7.201	 2.31	 1	 -42.9657	  169.8792
7.205	 2.34	 1	 -39.5974	  168.5843
7.220	 2.50	 1	 -40.7958	  167.4752
7.220	 2.11	 1	 -45.0242	  169.9641
7.220	 2.27	 1	 -43.6447	  171.7419
7.228	 2.31	 1	 -46.0090	  174.0405
7.231	 2.17	 1	 -40.1757	  169.3205
7.238	 2.42	 1	 -46.5252	  169.8228
7.241	 3.40	 1	 -47.1820	  172.6778
7.242	 2.87	 1	 -38.1964	  172.9375
7.243	 2.57	 1	 -38.9473	  176.4079
7.248	 2.17	 1	 -41.3514	  171.6150
7.250	 2.16	 1	 -47.1606	  173.7103
7.265	 3.03	 1	 -44.9238	  167.7106
7.271	 2.38	 1	 -40.4499	  170.2506
7.279	 2.26	 1	 -43.6085	  177.6143
7.284	 3.54	 1	 -44.1899	  170.7390
7.302	 2.14	 1	 -42.5480	  171.3771
7.307	 2.42	 1	 -40.8779	  175.3979
7.313	 2.23	 1	 -43.1823	  172.3616
7.324	 2.00	 1	 -42.3621	  175.1388
7.330	 2.04	 1	 -39.5024	  168.7106
7.337	 2.73	 1	 -40.1526	  167.9738
7.341	 2.14	 1	 -42.1293	  173.5318
7.342	 3.41	 1	 -45.6880	  177.5849
7.348	 3.90	 1	 -39.3240	  168.9695
7.354	 2.36	 1	 -39.6251	  177.4954
7.355	 3.55	 1	 -40.6022	  173.8835
7.363	 2.68	 1	 -38.2811	  171.8371
7.365	 2.26	 1	 -44.3547	  167.6659
7.368	 2.00	 1	 -43.9546	  171.2113
7.373	 2.80	 1	 -43.5502	  175.3141
7.375	 2.09	 1	 -39.1205	  169.3062
7.380	 2.01	 1	 -47.0835	  171.7041
7.391	 2.42	 1	 -40.7117	  168.4630
7.402	 3.93	 1	 -44.7295	  168.3018
7.414	 2.95	 1	 -43.7631	  173.1646
7.415	 2.35	 1	 -40.8874	  173.7186
7.415	 3.10	 1	 -38.6434	  175.6825
7.420	 2.39	 1	 -46.1265	  169.0726
7.420	 2.12	 1	 -41.9514	  168.9948
7.424	 3.20	 1	 -45.1362	  176.1617
7.433	 3.43	 1	 -44.5268	  167.4365
7.434	 2.23	 1	 -38.2554	  174.0141
7.437	 2.82	 1	 -47.1811	  172.6561
7.438	 2.09	 2	 -47.1741	  172.7372
7.442	 2.04	 1	 -38.6308	  170.3975
7.446	 2.37	 1	 -42.9361	  176.5844
7.470	 2.10	 1	 -41.2430	  167.2309
7.472	 2.20	 1	 -46.0899	  169.0144
7.475	 2.04	 1	 -44.1873	  167.2522
7.485	 2.44	 1	 -41.1780	  178.7825
7.485	 2.34	 1	 -43.8832	  167.1227
7.491	 2.09	 1	 -44.9192	  173.1852
7.492	 2.08	 1	 -41.4344	  174.4466
7.493	 2.45	 1	 -42.9707	  176.3734
7.514	 4.12	 1	 -41.4182	  170.4136
7.525	 2.30	 1	 -46.9156	  170.9208
7.525	 2.57	 1	 -44.1962	  173.0816
7.531	 2.38	 1	 -46.8369	  170.6486
7.532	 2.79	 2	 -41.4231	  170.4858
7.545	 2.75	 1	 -44.6971	  174.7323
7.554	 2.39	 1	 -43.6984	  167.0594
7.554	 2.76	 1	 -39.2445	  171.2243
7.569	 2.34	 1	 -39.8939	  173.1487
7.569	 2.25	 1	 -43.1611	  175.5578
7.577	 2.38	 1	 -42.3381	  166.9234
7.603	 2.81	 1	 -46.3570	  176.5678
7.604	 2.14	 1	 -43.8516	  178.9332
7.607	 2.20	 1	 -41.9300	  173.6968
7.613	 2.05	 1	 -41.1621	  167.2696
7.615	 2.80	 1	 -43.4946	  172.8077
7.622	 2.04	 1	 -40.2673	  175.1076
7.627	 2.29	 1	 -41.9747	  174.0008
7.636	 2.49	 1	 -43.9532	  167.1497
7.668	 2.63	 1	 -45.3978	  168.1354
7.668	 2.09	 1	 -42.2114	  172.7157
7.679	 3.07	 1	 -39.1989	  169.1705
7.680	 2.32	 1	 -43.9875	  167.1635
7.680	 2.07	 1	 -38.2677	  171.9338
7.685	 3.93	 1	 -41.6679	  171.8979
7.692	 2.04	 1	 -41.7793	  179.0124
7.701	 2.14	 1	 -38.6099	  175.5860
7.706	 2.43	 1	 -38.2046	  173.4017
7.710	 2.22	 1	 -42.5792	  173.6958
7.711	 2.69	 1	 -40.9677	  175.4029
7.714	 2.12	 1	 -44.9828	  175.3242
7.718	 2.49	 1	 -41.5672	  174.3845
7.725	 2.51	 1	 -40.6613	  173.4143
7.725	 2.08	 1	 -42.0371	  174.5777
7.733	 2.32	 1	 -41.1541	  172.0759
7.745	 2.74	 1	 -40.4406	  178.3175
7.746	 2.55	 1	 -43.6255	  175.5646
7.750	 2.85	 1	 -42.3051	  179.1172
7.755	 2.19	 1	 -41.5140	  176.2137
7.758	 2.05	 1	 -42.3723	  176.1970
7.759	 2.16	 1	 -46.8488	  170.6873
7.762	 2.17	 1	 -39.5485	  174.4302
7.769	 2.20	 1	 -38.5620	  175.4398
7.779	 3.64	 1	 -39.7855	  177.6896
7.786	 2.21	 1	 -44.5395	  178.6001
7.793	 2.15	 1	 -45.1825	  167.9279
7.793	 2.49	 1	 -47.1342	  172.0686
7.807	 2.60	 1	 -44.8668	  171.6424
7.813	 2.80	 1	 -39.0782	  176.6617
7.820	 2.37	 1	 -40.9894	  173.0280
7.826	 2.16	 1	 -38.3799	  174.7540
7.836	 2.41	 1	 -43.7039	  169.0275
7.850	 2.22	 1	 -42.9781	  179.1276
7.854	 2.25	 1	 -38.7135	  175.8717
7.898	 2.16	 1	 -39.8591	  177.0062
7.903	 2.44	 1	 -47.1790	  173.4324
7.908	 2.23	 1	 -43.2054	  171.3518
7.914	 2.21	 1	 -45.8713	  168.6950
7.918	 2.13	 1	 -40.2157	  178.1282
7.929	 3.60	 1	 -44.7641	  176.8780
7.930	 2.65	 1	 -42.6673	  170.9028
7.931	 2.19	 1	 -43.3683	  179.0705
7.938	 2.48	 1	 -44.8820	  167.6786
7.940	 2.50	 1	 -38.4370	  174.9984
7.946	 2.17	 1	 -44.8563	  167.6592
7.948	 2.28	 1	 -41.4518	  174.4622
7.957	 2.02	 1	 -40.8232	  178.5863
7.970	 2.61	 1	 -43.8381	  178.9381
7.973	 2.54	 1	 -44.4894	  176.2151
7.978	 3.42	 1	 -42.1915	  166.9424
7.981	 2.45	 1	 -40.7798	  170.7611
7.985	 2.20	 1	 -42.1230	  174.9101
8.005	 2.93	 1	 -44.0967	  167.2103
8.006	 3.12	 1	 -41.1122	  176.4577
8.006	 2.65	 1	 -42.5381	  170.7744
8.017	 2.39	 1	 -40.4344	  175.6635
8.017	 2.16	 1	 -40.8165	  168.0345
8.017	 2.10	 1	 -38.2366	  172.2009
8.019	 2.06	 1	 -38.2309	  172.2606
8.032	 2.74	 1	 -45.4914	  168.2339
8.032	 2.69	 1	 -44.3566	  173.9627
8.034	 2.14	 1	 -42.3279	  173.7356
8.041	 2.56	 1	 -40.1468	  172.2204
8.049	 2.02	 1	 -43.5265	  177.4350
8.059	 2.03	 1	 -42.1586	  168.7029
8.060	 2.04	 2	 -39.7832	  177.6568
8.064	 2.38	 1	 -43.9792	  175.0699
8.065	 2.18	 1	 -42.0252	  172.7288
8.068	 2.10	 1	 -42.2041	  169.9155
8.078	 3.23	 1	 -40.4472	  174.8187
8.084	 2.58	 1	 -44.0466	  172.9027
8.089	 2.11	 1	 -41.6536	  167.0699
8.102	 2.68	 1	 -40.2909	  167.8500
8.121	 2.12	 1	 -40.9936	  176.4578
8.123	 2.25	 1	 -45.4055	  168.1433
8.131	 2.34	 1	 -46.3050	  169.3791
8.136	 3.00	 1	 -42.1238	  172.6702
8.142	 2.85	 1	 -46.0096	  168.8917
8.152	 2.20	 1	 -42.3680	  179.1240
8.153	 2.62	 1	 -43.8881	  178.9197
8.164	 2.91	 1	 -41.6105	  178.5243
8.166	 2.34	 1	 -44.0476	  178.8555
8.169	 2.31	 1	 -40.8641	  167.4329
8.179	 2.03	 1	 -39.2196	  173.6318
8.186	 2.45	 1	 -43.8580	  178.3419
8.187	 2.59	 1	 -44.7782	  170.3557
8.190	 2.54	 1	 -41.7813	  172.7125
8.192	 2.03	 1	 -42.9123	  166.9117
8.196	 2.03	 1	 -45.7392	  168.5227
8.206	 2.22	 1	 -43.5697	  179.0224
8.208	 2.46	 1	 -43.0950	  172.0897
8.213	 3.13	 1	 -39.3376	  168.9488
8.215	 2.32	 1	 -47.1084	  174.1760
8.216	 2.32	 1	 -41.6128	  178.9610
8.223	 2.64	 1	 -41.0277	  169.5591
8.229	 2.91	 1	 -42.2122	  174.7707
8.229	 4.01	 1	 -43.2823	  166.9572
8.263	 2.15	 1	 -41.1022	  173.6044
8.266	 2.17	 2	 -39.4842	  168.9964
8.273	 2.24	 1	 -40.0222	  174.1434
8.276	 2.47	 1	 -44.8611	  178.3815
8.282	 2.36	 1	 -41.9817	  172.3927
8.293	 2.38	 1	 -40.5237	  178.3813
8.294	 2.37	 1	 -40.4294	  173.5052
8.295	 2.08	 1	 -38.2036	  172.6642
8.299	 2.37	 1	 -43.6769	  171.8908
8.308	 2.40	 1	 -42.6230	  171.3763
8.309	 2.49	 1	 -42.9845	  168.8916
8.309	 2.69	 1	 -45.3389	  169.5374
8.314	 2.46	 1	 -41.4922	  173.2255
8.320	 2.03	 1	 -42.0348	  173.7601
8.324	 2.47	 1	 -46.3184	  175.7725
8.336	 2.10	 1	 -40.0515	  168.0707
8.336	 2.62	 1	 -44.2266	  178.7729
8.374	 2.42	 1	 -43.5051	  167.0051
8.383	 2.04	 2	 -42.6180	  166.9732
8.386	 2.14	 1	 -39.8086	  171.7595
8.388	 2.42	 1	 -47.0852	  171.7145
8.400	 2.34	 1	 -41.9080	  175.4146
8.403	 3.04	 1	 -45.0591	  178.2241
8.432	 3.43	 1	 -43.2660	  170.8683
8.434	 2.39	 1	 -43.3215	  173.7077
8.435	 2.24	 1	 -43.1222	  174.1154
8.451	 2.57	 1	 -40.1002	  174.8515
8.457	 2.02	 1	 -39.5652	  168.6263
8.471	 2.08	 1	 -47.1833	  172.7111
8.491	 2.87	 1	 -45.6804	  168.4503
8.509	 2.30	 1	 -46.8701	  175.2855
8.514	 2.18	 1	 -42.0581	  172.5146
8.516	 2.07	 1	 -45.6981	  168.4717
8.517	 3.18	 1	 -46.5031	  176.2701
8.522	 2.28	 1	 -43.6623	  167.0483
8.533	 2.05	 1	 -42.1540	  168.3304
8.552	 2.25	 1	 -40.3399	  170.4316
8.556	 2.01	 1	 -41.7336	  178.9992
8.556	 2.84	 1	 -44.2822	  171.9959
8.581	 2.51	 1	 -46.5882	  176.0776
8.583	 2.16	 1	 -39.3335	  177.0894
8.598	 2.04	 1	 -44.1020	  174.4632
8.623	 2.78	 1	 -40.0424	  171.6763
8.635	 2.07	 1	 -38.9037	  176.3169
8.638	 2.57	 1	 -46.8677	  175.2937
8.641	 2.21	 1	 -42.9386	  172.7300
8.656	 2.09	 1	 -38.8895	  169.7580
8.661	 4.03	 1	 -42.2024	  175.2831
8.677	 2.18	 1	 -39.4638	  168.7641
8.682	 2.32	 1	 -41.4427	  178.8989
8.688	 2.32	 1	 -41.6976	  172.9291
8.721	 2.04	 1	 -45.7006	  177.5694
8.722	 2.05	 1	 -44.1448	  178.8121
8.745	 2.17	 1	 -40.0608	  177.9827
8.746	 2.44	 1	 -39.7738	  168.3683
8.763	 2.78	 1	 -45.6972	  177.5737
8.765	 2.11	 1	 -44.4883	  177.9618
8.769	 2.15	 1	 -43.7261	  171.8072
8.777	 3.01	 1	 -42.5971	  166.9057
8.790	 2.10	 1	 -41.6528	  175.6994
8.800	 2.22	 1	 -40.8722	  171.6216
8.824	 3.01	 1	 -42.2824	  173.5654
8.824	 2.21	 1	 -42.3464	  171.2920
8.843	 2.18	 1	 -46.5453	  176.1766
8.858	 2.00	 1	 -38.2052	  172.6290
8.874	 2.20	 1	 -45.3407	  171.3836
8.877	 2.42	 1	 -43.4343	  166.9881
8.880	 2.36	 1	 -39.8688	  169.4265
8.890	 2.48	 1	 -46.8871	  175.2265
8.892	 2.45	 1	 -43.2796	  173.7887
8.898	 2.30	 1	 -41.7209	  178.9954
8.902	 2.14	 1	 -40.2817	  173.3600
8.910	 2.04	 1	 -46.9766	  171.1635
8.916	 2.23	 1	 -42.7178	  172.1608
8.922	 2.09	 1	 -41.9636	  167.4963
8.946	 2.41	 1	 -46.9707	  174.9060
8.966	 2.03	 1	 -42.2308	  173.6961
8.968	 2.22	 1	 -44.7580	  174.5915
8.982	 3.32	 1	 -45.8890	  168.7192
9.005	 2.01	 1	 -38.3122	  171.6401
9.007	 2.89	 1	 -41.8364	  174.0419
9.023	 3.21	 1	 -43.3074	  179.0825
9.027	 2.91	 1	 -44.0759	  173.6083
9.033	 2.49	 1	 -42.7271	  174.7537
9.035	 2.29	 1	 -44.6980	  168.6400
9.045	 2.80	 1	 -38.2268	  173.7374
9.050	 2.10	 1	 -41.8514	  174.1598
9.061	 2.07	 1	 -43.8094	  178.9482
9.075	 2.53	 1	 -38.6703	  175.7571
9.080	 2.12	 1	 -44.9677	  177.7280
9.083	 2.14	 1	 -45.6778	  177.5972
9.091	 2.03	 1	 -45.1170	  178.1745
9.096	 2.12	 1	 -45.3318	  177.9753
9.097	 2.44	 1	 -39.0207	  176.5536
9.100	 2.33	 1	 -40.3811	  178.2698
9.113	 2.92	 1	 -45.8715	  175.6585
9.118	 2.00	 1	 -41.8883	  168.6545
9.127	 2.01	 1	 -42.2878	  170.9823
9.128	 2.17	 1	 -46.3841	  176.5152
9.139	 2.82	 1	 -42.0919	  166.9592
9.190	 3.64	 1	 -39.5404	  175.6807
9.193	 2.39	 1	 -42.7794	  173.9092
9.198	 2.51	 1	 -40.0168	  168.1053
9.209	 2.11	 1	 -46.8442	  175.3719
9.224	 2.06	 1	 -39.2934	  169.0172
9.240	 3.09	 1	 -44.9044	  168.0143
9.242	 2.44	 1	 -38.4128	  174.8991
9.251	 2.10	 1	 -42.7462	  166.9048
9.256	 2.05	 1	 -42.1597	  175.7823
9.260	 2.19	 1	 -41.9162	  174.5099
9.260	 2.18	 1	 -43.5978	  170.4859
9.273	 2.80	 1	 -41.9636	  173.7203
9.279	 2.08	 1	 -41.5435	  167.1074
9.281	 2.00	 1	 -39.8340	  174.8878
9.292	 2.44	 1	 -42.4449	  174.5749
9.296	 2.11	 1	 -41.7409	  175.0549
9.300	 3.43	 1	 -38.1962	  172.9538
9.302	 3.25	 1	 -45.8051	  175.9488
9.304	 2.06	 1	 -39.2622	  173.5616
9.312	 2.12	 1	 -46.9302	  170.9759
9.313	 3.44	 1	 -45.3989	  168.1364
9.319	 3.00	 1	 -43.0814	  168.7831
9.328	 2.39	 1	 -47.1501	  173.8264
9.329	 2.64	 1	 -41.6712	  167.0643
9.336	 3.70	 1	 -39.0911	  176.6853
9.337	 3.22	 1	 -44.9662	  178.3002
9.337	 2.06	 1	 -41.7916	  167.0284
9.340	 2.69	 1	 -40.1739	  178.0902
9.343	 2.94	 1	 -40.4492	  167.7201
9.360	 2.40	 1	 -43.0409	  166.9227
9.378	 2.29	 1	 -42.3804	  173.9496
9.398	 2.12	 1	 -38.3069	  171.6714
9.439	 2.20	 2	 -44.9620	  178.3069
9.445	 2.06	 1	 -39.2985	  177.0352
9.450	 2.15	 1	 -38.6730	  175.7644
9.467	 2.04	 1	 -47.1887	  173.1075
9.468	 2.01	 1	 -39.6321	  177.5043
9.469	 2.74	 1	 -38.1960	  173.0624
9.483	 2.03	 1	 -42.9586	  173.5591
9.516	 2.88	 1	 -45.4856	  177.1703
9.523	 2.14	 1	 -39.8759	  171.9308
9.534	 2.36	 1	 -47.0518	  174.5224
9.544	 4.41	 1	 -40.9052	  169.6835
9.548	 3.87	 1	 -41.6471	  178.9723
9.551	 2.27	 1	 -44.1946	  167.7066
9.564	 2.13	 1	 -45.2251	  171.9191
9.565	 2.01	 1	 -47.0852	  174.3300
9.570	 2.41	 1	 -40.3587	  174.2450
9.571	 2.08	 1	 -45.8502	  177.3777
9.597	 2.81	 1	 -43.5133	  178.0015
9.612	 2.17	 1	 -43.1490	  169.2704
9.616	 2.33	 1	 -41.4405	  178.8980
9.618	 2.21	 1	 -42.5842	  176.2943
9.621	 2.05	 1	 -38.2243	  173.7084
9.628	 2.76	 1	 -45.2982	  168.0362
9.674	 2.06	 1	 -45.7294	  177.5338
9.688	 2.20	 2	 -41.8180	  178.8610
9.689	 2.01	 1	 -45.4319	  172.6350
9.694	 2.65	 1	 -47.1863	  173.2396
9.700	 2.52	 1	 -40.4628	  172.8429
9.706	 2.48	 1	 -39.3577	  172.1008
9.718	 2.33	 1	 -40.4140	  168.5944
9.724	 2.44	 1	 -45.8149	  168.6197
9.727	 2.10	 1	 -47.0086	  174.7382
9.729	 2.11	 1	 -46.9541	  174.9740
9.729	 2.31	 1	 -39.7519	  174.1863
9.730	 2.00	 1	 -40.9193	  178.6442
9.731	 2.04	 1	 -41.1843	  178.7855
9.733	 2.12	 1	 -39.4893	  175.8810
9.735	 2.43	 1	 -42.6824	  172.9444
9.735	 2.18	 1	 -43.5544	  167.0177
9.747	 2.21	 1	 -44.8621	  178.3807
9.750	 2.22	 1	 -39.4159	  170.5465
9.754	 2.11	 2	 -43.1602	  166.8470
9.754	 2.03	 1	 -39.5103	  170.4114
9.768	 2.06	 1	 -44.4091	  176.4262
9.774	 2.51	 1	 -46.4585	  169.6794
9.778	 2.44	 1	 -42.5645	  176.5911
9.783	 2.37	 1	 -38.2901	  174.2675
9.800	 2.34	 1	 -42.5705	  166.9066
9.811	 2.22	 1	 -41.3582	  174.3489
9.819	 2.95	 1	 -41.6733	  174.4117
9.841	 2.25	 1	 -43.0592	  172.2500
9.846	 2.39	 1	 -40.4252	  170.3407
9.881	 2.15	 1	 -38.4160	  171.1316
9.886	 2.66	 1	 -46.9470	  175.0027
9.893	 2.14	 1	 -42.4879	  166.9107
9.923	 2.57	 1	 -39.0466	  169.4414
9.924	 2.45	 1	 -40.8683	  178.6139
9.925	 2.18	 1	 -43.5115	  171.6375
9.926	 2.16	 1	 -41.9840	  175.9598
9.951	 2.43	 1	 -46.7378	  175.6935
9.954	 2.14	 1	 -46.4613	  169.6850
9.971	 2.02	 2	 -38.4208	  171.1291
9.973	 2.65	 1	 -44.1416	  167.2307
9.979	 2.08	 1	 -44.0412	  167.1860
9.989	 2.37	 1	 -45.5828	  168.3355
9.997	 2.05	 1	 -46.7878	  170.4958
9.998	 2.18	 1	 -41.6869	  174.0628
9.999	 2.21	 1	 -44.6411	  176.8193
10.001	 2.03	 1	 -47.1888	  173.0926
10.013	 3.06	 1	 -42.1161	  167.5765
10.017	 2.65	 1	 -43.7479	  169.5352
10.034	 2.49	 1	 -42.1283	  169.8624
10.047	 2.33	 1	 -45.4069	  175.7748
10.049	 3.32	 1	 -42.0900	  175.6264
10.050	 2.03	 1	 -43.4013	  166.9808
10.052	 2.28	 1	 -47.1071	  174.1854
10.057	 2.86	 1	 -39.6424	  177.5173
10.059	 2.96	 1	 -40.8570	  167.4373
10.060	 2.39	 1	 -45.7268	  175.2663
10.061	 2.79	 1	 -38.1970	  172.8861
10.063	 2.17	 2	 -39.6282	  177.5326
10.065	 2.25	 1	 -45.0752	  178.2105
10.075	 2.16	 1	 -38.2113	  173.5269
10.084	 2.12	 1	 -47.1532	  172.2500
10.102	 2.22	 1	 -41.4725	  173.7904
10.103	 2.02	 1	 -47.0912	  174.2920
10.103	 2.33	 1	 -38.2074	  173.4581
10.109	 2.73	 1	 -43.6092	  167.0328
10.116	 2.06	 1	 -46.5213	  169.8140
10.119	 2.26	 1	 -38.7246	  175.9003
10.119	 2.13	 1	 -46.8530	  170.7014
10.120	 2.15	 1	 -42.7515	  179.1394
10.147	 2.52	 1	 -39.1492	  176.7887
10.158	 2.08	 1	 -47.0760	  171.6582
10.162	 2.22	 1	 -43.4681	  166.9960
10.169	 2.71	 1	 -42.2781	  171.9425
10.177	 2.23	 1	 -43.8613	  178.7977
10.183	 2.73	 1	 -44.9187	  178.3376
10.185	 2.70	 1	 -47.0801	  171.6831
10.193	 2.78	 1	 -44.1454	  173.0445
10.209	 2.11	 1	 -47.0785	  174.3708
10.221	 2.04	 1	 -38.2951	  171.7441
10.236	 2.64	 1	 -42.9079	  178.2969
10.239	 2.54	 1	 -43.5734	  172.7897
10.240	 2.52	 1	 -38.6186	  170.4328
10.276	 2.20	 1	 -41.2808	  167.2137
10.294	 2.83	 1	 -43.8150	  171.4387
10.295	 2.16	 1	 -39.1913	  172.5351
10.297	 2.20	 1	 -45.5119	  168.2563
10.298	 2.30	 1	 -44.1889	  178.7913
10.310	 2.02	 1	 -44.8459	  172.7589
10.329	 2.34	 1	 -43.0206	  177.2766
10.330	 2.11	 2	 -44.8710	  172.7619
10.333	 2.20	 1	 -44.2619	  173.8290
10.334	 2.02	 1	 -39.8931	  177.8098
10.344	 2.46	 1	 -39.7435	  177.6405
10.347	 2.75	 1	 -40.5424	  171.6832
10.352	 2.19	 1	 -45.7097	  177.5583
10.361	 2.22	 1	 -41.0491	  173.3431
10.362	 2.86	 1	 -43.0399	  175.1197
10.369	 2.15	 1	 -39.2543	  169.6543
10.411	 3.27	 1	 -40.3866	  169.4263
10.440	 2.15	 1	 -44.1500	  177.8488
10.444	 2.20	 1	 -38.6369	  175.6644
10.451	 2.37	 1	 -38.9481	  169.6347
10.451	 2.34	 1	 -42.3297	  166.9243
10.479	 2.41	 1	 -44.3974	  174.1559
10.481	 2.10	 1	 -40.8188	  167.4608
10.487	 2.81	 1	 -47.1157	  174.1231
10.493	 2.03	 1	 -46.4037	  169.5677
10.497	 2.11	 1	 -47.1642	  172.3790
10.503	 2.15	 1	 -42.9927	  179.1263
10.507	 2.03	 1	 -44.1225	  172.0075
10.534	 2.05	 1	 -44.8477	  174.0899
10.534	 2.95	 1	 -42.3251	  174.3092
10.535	 2.24	 1	 -39.6791	  177.5628
10.538	 2.00	 1	 -47.1438	  173.8887
10.552	 2.18	 1	 -38.2121	  173.5408
10.558	 2.80	 1	 -41.9539	  177.3652
10.576	 2.14	 1	 -43.8657	  173.4972
10.587	 2.40	 1	 -45.6603	  177.6182
10.623	 2.03	 1	 -44.2632	  171.3544
10.638	 2.34	 1	 -42.5668	  168.6273
10.639	 2.06	 1	 -44.8905	  178.3593
10.649	 2.03	 1	 -45.5301	  177.7680
10.651	 2.44	 1	 -41.7721	  174.3199
10.658	 2.67	 1	 -40.6515	  167.5709
10.660	 2.07	 1	 -45.9521	  168.8079
10.670	 2.08	 1	 -46.9437	  171.0287
10.674	 2.28	 1	 -41.8875	  179.0411
10.683	 2.64	 1	 -41.8514	  172.3676
10.687	 2.47	 1	 -44.7156	  168.6577
10.687	 2.47	 1	 -40.5387	  178.1570
10.694	 2.48	 1	 -41.9675	  174.3777
10.697	 2.18	 1	 -45.0802	  178.2063
10.709	 2.94	 1	 -42.5328	  179.1361
10.711	 2.27	 1	 -44.0493	  168.6464
10.714	 2.96	 1	 -45.0899	  178.1980
10.717	 2.11	 1	 -43.4017	  170.9151
10.717	 2.44	 1	 -44.5217	  167.4334
10.723	 3.09	 1	 -43.8198	  172.2487
10.725	 2.14	 1	 -38.7237	  170.1464
10.729	 2.19	 1	 -39.2193	  176.9077
10.739	 2.36	 1	 -42.5047	  173.8574
10.747	 2.02	 1	 -40.4582	  169.2908
10.755	 2.08	 1	 -40.4229	  167.7408
10.767	 3.03	 1	 -43.6329	  179.0047
10.767	 2.69	 1	 -43.7990	  172.6601
10.773	 2.09	 1	 -43.6397	  167.0416
10.775	 2.32	 1	 -43.2987	  166.9602
10.777	 2.14	 2	 -43.6333	  179.0067
10.783	 2.41	 1	 -42.4481	  173.4999
10.785	 2.02	 2	 -43.6348	  179.0057
10.798	 2.02	 1	 -47.0803	  171.6845
10.802	 2.93	 1	 -45.9553	  168.8125
10.813	 2.28	 1	 -44.5722	  167.4645
10.821	 2.92	 1	 -44.0614	  173.7651
10.821	 2.17	 1	 -42.3173	  170.3635
10.824	 2.03	 1	 -42.1781	  175.2774
10.834	 2.10	 1	 -40.5968	  167.6094
10.841	 3.58	 1	 -41.1025	  177.7668
10.843	 2.56	 2	 -41.0797	  177.7672
10.855	 2.19	 1	 -45.5370	  177.7604
10.892	 2.06	 1	 -38.1993	  173.2583
10.908	 2.82	 1	 -46.2949	  176.4510
10.908	 2.07	 1	 -44.2850	  167.6640
10.911	 3.25	 1	 -45.3288	  168.1472
10.913	 2.16	 1	 -39.8632	  168.2672
10.917	 2.17	 1	 -46.2347	  176.7907
10.932	 2.53	 1	 -41.8444	  170.0663
10.959	 2.12	 1	 -40.1648	  167.9624
10.965	 2.01	 1	 -42.2933	  173.7622
10.970	 3.03	 1	 -43.0190	  173.7639
10.979	 2.51	 1	 -38.8105	  169.9348
11.002	 2.00	 1	 -41.1896	  167.2561
11.008	 3.80	 1	 -47.1405	  172.1243
11.010	 2.31	 1	 -38.9404	  172.9187
11.012	 2.47	 1	 -47.1032	  174.2123
11.021	 2.81	 1	 -46.5618	  169.9053
11.026	 2.27	 1	 -42.7280	  179.1398
11.033	 2.63	 1	 -43.3900	  170.1479
11.036	 2.95	 1	 -47.0756	  171.6561
11.037	 2.24	 1	 -38.4679	  170.9267
11.038	 2.06	 1	 -45.1873	  167.9323
11.051	 2.52	 1	 -40.0270	  169.5871
11.059	 2.10	 1	 -44.1806	  173.7577
11.068	 2.61	 1	 -41.5392	  178.9353
11.078	 3.60	 1	 -43.3500	  179.0742
11.089	 2.42	 1	 -41.2830	  171.8186
11.117	 2.25	 1	 -45.7205	  176.9810
11.119	 2.18	 1	 -42.1472	  166.9495
11.123	 2.93	 1	 -41.9703	  170.1462
11.142	 3.00	 1	 -41.8223	  168.7868
11.155	 2.14	 1	 -40.0802	  174.5408
11.157	 2.29	 1	 -47.1397	  173.9267
11.157	 2.62	 1	 -45.8389	  176.8262
11.172	 2.46	 1	 -41.5323	  178.9328
11.184	 2.04	 1	 -42.6561	  176.9654
11.194	 2.67	 1	 -40.2755	  167.8633
11.195	 2.38	 1	 -41.1706	  176.9938
11.207	 2.38	 1	 -41.1546	  178.7710
11.210	 3.06	 1	 -38.7856	  169.9934
11.210	 2.44	 1	 -42.7605	  173.4429
11.218	 2.46	 1	 -40.7356	  178.5302
11.237	 2.49	 1	 -43.9429	  171.5122
11.245	 2.13	 1	 -47.0461	  171.4914
11.245	 2.03	 1	 -41.3794	  172.5703
11.248	 2.01	 1	 -40.8695	  171.3621
11.255	 2.14	 1	 -38.2038	  173.3849
11.267	 2.32	 1	 -42.8747	  169.5350
11.271	 2.07	 1	 -39.8219	  177.7310
11.313	 2.36	 1	 -46.7607	  170.4158
11.324	 3.16	 1	 -43.0908	  169.7317
11.325	 2.71	 1	 -38.8991	  176.3071
11.327	 2.12	 1	 -45.5702	  168.3212
11.329	 3.06	 1	 -43.9424	  170.7482
11.335	 2.17	 1	 -45.0014	  174.5729
11.343	 2.10	 1	 -43.1413	  168.5040
11.349	 2.27	 1	 -42.5272	  170.0728
11.352	 2.42	 1	 -47.1806	  173.3988
11.365	 2.39	 1	 -46.8277	  175.4253
11.369	 2.03	 1	 -42.6753	  170.0021
11.418	 2.41	 1	 -41.6230	  178.9644
11.442	 2.18	 1	 -47.1226	  171.9735
11.451	 2.85	 1	 -41.7093	  178.9919
11.457	 2.24	 1	 -46.7497	  175.6598
11.473	 2.56	 1	 -42.1772	  179.0996
11.475	 2.84	 1	 -40.7727	  178.5543
11.480	 2.61	 1	 -39.8530	  168.4585
11.480	 2.34	 1	 -43.8392	  167.1066
11.481	 2.31	 1	 -43.2940	  166.9593
11.517	 2.38	 1	 -41.1053	  169.8001
11.524	 2.26	 1	 -43.0032	  171.7565
11.529	 2.28	 1	 -46.5599	  169.9008
11.575	 2.09	 1	 -38.7914	  169.9796
11.588	 2.11	 1	 -46.6193	  174.9640
11.595	 2.98	 1	 -43.7286	  175.8390
11.615	 2.86	 1	 -41.8573	  174.7982
11.622	 2.39	 1	 -38.2074	  173.4594
11.623	 2.18	 1	 -46.3428	  169.4496
11.627	 2.59	 1	 -44.8829	  178.3650
11.630	 2.11	 1	 -39.8744	  177.7894
11.636	 2.45	 1	 -41.9235	  167.6144
11.648	 2.71	 1	 -42.3457	  179.1217
11.654	 2.01	 1	 -42.6119	  179.1390
11.693	 2.08	 1	 -42.0424	  179.0757
11.694	 2.29	 1	 -41.2512	  178.8171
11.695	 2.28	 1	 -39.3373	  177.0952
11.714	 3.53	 1	 -42.4744	  172.6608
11.715	 4.11	 1	 -40.8834	  170.9366
11.739	 2.41	 1	 -38.2045	  173.4001
11.746	 2.52	 1	 -41.6947	  169.3048
11.776	 2.32	 1	 -40.9969	  178.6883
11.781	 2.05	 1	 -44.4205	  171.9605
11.788	 3.06	 1	 -44.0311	  176.9100
11.813	 2.80	 1	 -43.3467	  172.0342
11.816	 2.42	 1	 -44.5019	  167.4215
11.817	 2.25	 1	 -40.3250	  167.8210
11.833	 3.54	 1	 -42.1272	  176.5856
11.839	 2.23	 1	 -44.3665	  178.7002
11.853	 3.01	 1	 -41.2260	  178.8055
11.855	 2.19	 1	 -40.8334	  169.6410
11.864	 2.23	 1	 -38.3197	  171.5965
11.870	 2.37	 1	 -42.3530	  178.4289
11.886	 2.74	 1	 -43.0868	  177.5312
11.888	 2.75	 1	 -41.0584	  167.3226
11.889	 2.10	 1	 -42.0012	  171.1703
11.891	 2.21	 1	 -42.4471	  173.8393
11.913	 2.01	 1	 -43.7882	  178.9556
11.928	 2.60	 1	 -38.2029	  172.6809
11.948	 2.21	 1	 -47.1192	  171.9473
11.958	 3.16	 1	 -43.8587	  170.8037
11.963	 2.97	 1	 -38.8457	  176.1900
11.979	 2.15	 1	 -45.2665	  174.9668
11.979	 2.07	 1	 -42.9092	  175.5515
11.981	 2.42	 1	 -41.8095	  170.7219
11.983	 2.08	 1	 -40.8960	  171.3409
11.984	 2.28	 1	 -44.4168	  171.1564
11.984	 2.84	 1	 -43.7264	  167.0682
11.984	 2.25	 1	 -38.3918	  174.8081
11.985	 2.12	 1	 -46.2752	  169.3251
11.993	 2.38	 1	 -43.6202	  175.0020
12.011	 2.83	 1	 -40.2481	  167.8872
12.021	 2.07	 1	 -42.7266	  174.8979
12.032	 2.00	 1	 -39.7273	  170.7954
12.033	 3.29	 1	 -46.4201	  176.4438
12.034	 2.82	 1	 -41.3405	  171.4569
12.035	 2.10	 1	 -41.2469	  171.1577
12.045	 2.14	 1	 -46.3284	  169.4225
12.047	 3.10	 1	 -38.2257	  173.7255
12.057	 2.06	 2	 -44.0250	  176.9096
12.066	 2.33	 1	 -41.9275	  179.0508
12.066	 2.09	 1	 -46.2852	  169.3711
12.074	 2.76	 1	 -46.2433	  169.2686
12.130	 2.17	 1	 -42.7971	  179.1383
12.149	 2.59	 1	 -44.8062	  172.9405
12.183	 2.46	 1	 -45.7475	  169.8248
12.188	 2.98	 1	 -44.3303	  178.7197
12.201	 2.71	 1	 -42.3899	  173.5756
12.204	 2.33	 1	 -41.9432	  172.7649
12.205	 3.16	 1	 -46.1670	  176.9057
12.237	 2.07	 1	 -42.9532	  177.6070
12.250	 2.20	 1	 -38.8258	  169.8995
12.253	 2.53	 1	 -42.1932	  177.0843
12.254	 2.19	 1	 -41.2609	  168.8605
12.266	 2.02	 1	 -38.1969	  173.1474
12.281	 2.38	 1	 -40.9430	  169.4656
12.288	 2.40	 1	 -42.0219	  173.7634
12.290	 2.23	 1	 -38.7699	  170.0313
12.300	 2.22	 1	 -39.1781	  171.9850
12.307	 2.26	 1	 -38.3194	  171.5983
12.308	 2.29	 1	 -41.0001	  169.9190
12.314	 2.36	 1	 -42.1857	  173.6335
12.323	 2.04	 1	 -46.7203	  170.3024
12.332	 4.05	 1	 -43.3430	  177.1089
12.335	 2.42	 1	 -42.5889	  173.4089
12.337	 2.59	 1	 -38.1959	  173.0344
12.345	 2.83	 1	 -47.1866	  172.8146
12.356	 2.11	 1	 -47.0428	  171.4739
12.404	 2.43	 1	 -43.5650	  169.0591
12.426	 2.00	 1	 -45.2456	  167.9861
12.428	 2.01	 1	 -43.2533	  166.9521
12.450	 2.45	 1	 -46.5273	  176.2169
12.466	 2.49	 1	 -42.2468	  166.9345
12.468	 2.12	 1	 -44.2370	  171.2251
12.483	 2.28	 1	 -46.1082	  177.0011
12.483	 2.52	 1	 -42.6213	  173.0353
12.484	 2.03	 1	 -39.8674	  177.7817
12.498	 2.07	 1	 -42.0238	  167.8491
12.501	 2.50	 1	 -39.8788	  177.7942
12.501	 2.56	 1	 -41.9901	  174.7230
12.512	 2.24	 1	 -42.4823	  175.7120
12.519	 3.04	 1	 -40.0667	  168.0558
12.537	 3.97	 1	 -38.4352	  174.9910
12.540	 2.01	 1	 -46.3050	  169.3791
12.542	 2.65	 1	 -41.7120	  174.2626
12.550	 2.17	 1	 -40.5176	  176.9110
12.551	 2.22	 2	 -42.2463	  166.9350
12.556	 2.30	 1	 -41.6405	  176.0569
12.566	 2.70	 1	 -45.9927	  171.3811
12.572	 2.42	 1	 -46.5425	  176.1829
12.593	 3.25	 1	 -45.0239	  178.2534
12.605	 2.61	 1	 -42.6549	  172.4913
12.607	 2.56	 1	 -46.1931	  176.8621
12.621	 2.32	 1	 -43.2597	  179.0911
12.624	 2.96	 2	 -46.0302	  171.4315
12.637	 2.10	 1	 -40.0608	  175.9220
12.647	 2.47	 1	 -38.8348	  176.1654
12.656	 3.03	 2	 -38.4376	  174.9751
12.659	 2.03	 1	 -46.2287	  169.2432
12.681	 2.12	 1	 -41.5187	  178.9278
12.692	 2.03	 1	 -44.0471	  172.9514
12.698	 2.31	 1	 -44.8244	  170.1206
12.713	 2.14	 1	 -40.9632	  176.5853
12.717	 2.18	 1	 -44.0158	  175.8414
12.721	 2.59	 1	 -43.1984	  166.9432
12.723	 2.18	 1	 -42.9356	  174.1199
12.767	 4.31	 1	 -43.6117	  170.7123
12.769	 2.54	 1	 -46.6247	  175.9897
12.773	 2.42	 1	 -46.8103	  175.4799
12.778	 2.64	 1	 -45.7132	  177.5540
12.778	 2.01	 1	 -45.2130	  174.7816
12.786	 2.59	 1	 -47.1103	  174.1627
12.802	 2.48	 1	 -44.7311	  172.2939
12.812	 2.84	 1	 -41.8241	  175.4309
12.815	 2.78	 1	 -47.0832	  171.7020
12.822	 2.27	 2	 -41.3125	  171.4884
12.829	 3.68	 1	 -39.8306	  172.9456
12.834	 2.28	 2	 -43.6230	  170.7027
12.835	 3.14	 1	 -43.4190	  174.3969
12.866	 2.41	 1	 -43.1745	  172.2444
12.866	 2.05	 1	 -42.0500	  179.0772
12.876	 2.09	 1	 -43.9232	  178.9064
12.881	 2.79	 1	 -46.5312	  176.2083
13.007	 2.05	 1	 -41.8018	  173.6706
13.017	 2.08	 1	 -45.6299	  177.6542
13.038	 2.87	 1	 -43.7736	  167.4584
13.053	 2.03	 1	 -45.3450	  177.9622
13.072	 2.69	 1	 -44.0145	  178.8696
13.081	 2.35	 1	 -41.9257	  176.5505
13.099	 2.03	 1	 -42.1296	  170.2621
13.114	 2.05	 1	 -46.5790	  169.9451
13.136	 2.58	 1	 -38.2757	  171.8747
13.152	 2.43	 1	 -41.5656	  178.9447
13.161	 2.24	 1	 -44.9793	  178.2897
13.194	 2.21	 1	 -38.4273	  171.0850
13.197	 2.17	 1	 -44.2766	  172.5713
13.205	 2.26	 1	 -44.3061	  172.6492
13.220	 2.37	 1	 -42.6614	  172.0412
13.246	 2.83	 1	 -46.4922	  176.2937
13.272	 2.41	 1	 -46.7751	  170.4580
13.278	 2.61	 1	 -40.1547	  178.0725
13.282	 2.34	 1	 -45.3914	  168.1289
13.310	 2.33	 1	 -42.6471	  172.8808
13.312	 2.17	 1	 -43.0362	  166.9222
13.319	 2.15	 1	 -39.2665	  172.9949
13.331	 2.10	 1	 -43.1635	  166.9380
13.359	 2.06	 1	 -42.1098	  179.0884
13.367	 3.44	 1	 -45.8721	  168.6962
13.368	 2.22	 1	 -42.4429	  176.6419
13.381	 2.30	 1	 -44.6650	  176.3091
13.394	 2.50	 1	 -43.0241	  167.4182
13.411	 2.14	 1	 -46.6877	  170.2145
13.411	 2.37	 1	 -42.2150	  167.6129
13.412	 3.46	 1	 -44.2766	  173.6805
13.415	 2.05	 1	 -39.8050	  177.7119
13.427	 2.02	 1	 -38.7326	  170.1237
13.456	 2.45	 1	 -43.6413	  167.0421
13.461	 2.07	 1	 -46.2985	  169.3672
13.477	 2.63	 1	 -38.2534	  173.9968
13.479	 2.54	 1	 -39.0084	  176.5297
13.479	 2.05	 1	 -46.9341	  175.0534
13.481	 2.41	 1	 -43.4319	  172.5032
13.484	 2.91	 1	 -41.8355	  173.4019
13.484	 2.24	 1	 -41.9082	  172.0506
13.505	 2.60	 1	 -44.6523	  168.8925
13.514	 2.09	 2	 -40.9170	  170.9146
13.516	 2.06	 1	 -39.4985	  168.7160
13.522	 2.27	 1	 -42.0838	  168.0058
13.525	 2.84	 1	 -42.5206	  179.1355
13.539	 2.32	 1	 -38.5247	  171.7644
13.542	 2.02	 1	 -39.2591	  176.9727
13.542	 2.20	 1	 -40.9018	  178.6339
13.551	 2.09	 1	 -42.3927	  171.8503
13.552	 2.02	 1	 -46.6998	  170.2468
13.567	 2.31	 1	 -43.6028	  178.1994
13.572	 2.22	 1	 -40.6287	  178.4575
13.579	 2.31	 1	 -46.6400	  170.0923
13.580	 2.53	 1	 -46.1085	  177.0005
13.600	 2.33	 1	 -42.4637	  170.2826
13.602	 2.27	 1	 -38.4526	  175.0596
13.644	 2.20	 1	 -46.8676	  171.2668
13.667	 2.18	 1	 -46.4527	  169.6672
13.708	 2.14	 1	 -42.4539	  173.2238
13.711	 2.21	 1	 -41.0655	  178.7254
13.724	 2.18	 1	 -40.8786	  167.4242
13.731	 2.42	 1	 -41.2488	  174.4265
13.734	 2.33	 1	 -40.7925	  173.5411
13.765	 3.00	 1	 -44.0294	  174.9944
13.771	 2.76	 1	 -40.2669	  176.7518
13.775	 2.92	 1	 -46.8024	  175.5043
13.806	 2.06	 2	 -44.2798	  173.6829
13.809	 2.38	 1	 -46.8138	  175.4689
13.830	 2.04	 1	 -38.2277	  173.7484
13.840	 2.02	 1	 -43.7813	  167.0864
13.841	 2.17	 1	 -38.3664	  171.3535
13.875	 2.23	 1	 -38.2244	  173.7098
13.881	 2.11	 2	 -39.0133	  176.5333
13.883	 3.05	 1	 -42.8105	  166.9064
13.891	 2.13	 1	 -42.5003	  176.3296
13.899	 2.03	 1	 -38.2370	  173.8471
13.903	 2.10	 1	 -42.3110	  173.6732
13.926	 2.91	 1	 -44.0879	  170.8544
13.944	 3.32	 1	 -38.4032	  173.2738
13.977	 2.21	 1	 -40.3278	  178.2256
