# Simulation 726
# RelativeTime(days) Magnitude Generation Latitude Longitude
Time Mag Gen Lat Lon
7.003	 2.54	 1	 -44.0460	  172.6681
7.007	 3.00	 1	 -43.2681	  174.9846
7.020	 2.56	 1	 -44.2287	  169.8426
7.024	 3.20	 1	 -41.5872	  171.6375
7.026	 2.16	 1	 -38.9198	  169.6934
7.036	 2.01	 1	 -45.3837	  168.1210
7.039	 2.25	 1	 -41.9609	  179.0584
7.045	 2.06	 1	 -46.4613	  173.9590
7.049	 2.54	 1	 -42.4350	  169.2623
7.057	 2.31	 1	 -40.9985	  178.6892
7.062	 2.51	 1	 -42.6896	  166.9043
7.062	 2.22	 1	 -42.5958	  170.3919
7.067	 2.18	 1	 -44.6988	  170.8026
7.072	 2.23	 1	 -42.1417	  173.8548
7.076	 2.02	 1	 -44.7966	  178.4289
7.077	 3.21	 1	 -42.7438	  173.7780
7.082	 2.23	 1	 -42.5859	  171.0753
7.101	 2.04	 1	 -38.1998	  173.2755
7.102	 2.04	 1	 -45.7613	  174.9748
7.106	 2.07	 1	 -46.6033	  176.0416
7.108	 2.25	 1	 -42.0042	  171.5551
7.108	 4.47	 1	 -42.1870	  173.6913
7.109	 2.96	 1	 -39.3502	  168.9295
7.112	 3.03	 1	 -41.3064	  176.5294
7.120	 2.02	 1	 -46.0807	  177.0443
7.134	 2.62	 1	 -42.4519	  179.1312
7.138	 2.23	 1	 -39.7454	  168.4015
7.144	 2.19	 1	 -43.0079	  179.1249
7.149	 2.02	 1	 -44.3539	  172.2396
7.157	 2.09	 1	 -42.6623	  172.8501
7.157	 3.37	 1	 -39.0456	  176.6009
7.160	 2.40	 1	 -42.0067	  179.0684
7.173	 2.58	 1	 -43.3455	  173.2476
7.174	 2.03	 1	 -46.9687	  174.9140
7.174	 2.38	 1	 -43.3053	  179.0829
7.176	 3.08	 1	 -42.2422	  173.7950
7.180	 2.30	 1	 -41.9137	  173.7032
7.183	 2.38	 1	 -42.9076	  169.9401
7.184	 3.22	 1	 -41.4340	  174.4545
7.186	 3.22	 1	 -42.1855	  166.9433
7.218	 2.66	 1	 -41.9726	  173.5234
7.234	 2.31	 1	 -42.0560	  173.8065
7.249	 2.73	 1	 -40.2793	  176.7783
7.250	 2.60	 1	 -41.7404	  174.1354
7.304	 2.52	 1	 -42.4212	  175.0523
7.304	 2.76	 1	 -42.2749	  173.9702
7.311	 2.11	 1	 -41.4154	  177.9996
7.317	 2.01	 1	 -41.7243	  174.0714
7.322	 2.30	 1	 -41.7478	  174.3365
7.323	 2.01	 1	 -43.3047	  174.2594
7.325	 3.17	 1	 -41.5286	  172.9754
7.336	 2.08	 1	 -41.7756	  173.9363
7.338	 2.43	 1	 -44.8609	  167.6626
7.341	 2.28	 2	 -42.2006	  173.7003
7.352	 2.04	 1	 -43.1894	  166.9418
7.353	 2.89	 1	 -44.6366	  175.7518
7.372	 2.73	 1	 -39.7242	  170.8807
7.375	 2.19	 1	 -42.8376	  166.9075
7.378	 2.70	 1	 -42.3786	  173.7607
7.379	 2.36	 1	 -41.1422	  177.0178
7.386	 2.47	 1	 -41.8515	  174.1015
7.386	 2.19	 1	 -43.0164	  174.0438
7.403	 2.34	 1	 -42.4691	  173.2918
7.410	 2.15	 1	 -39.8254	  172.8569
7.415	 2.72	 1	 -42.6194	  171.5514
7.421	 2.09	 1	 -44.1618	  173.3678
7.422	 2.53	 1	 -46.8387	  170.6545
7.429	 2.29	 1	 -46.9995	  171.2641
7.438	 2.23	 1	 -40.9936	  178.6865
7.446	 2.55	 1	 -43.8615	  169.9774
7.453	 2.02	 1	 -42.3539	  177.1523
7.453	 3.17	 1	 -39.6871	  169.7930
7.461	 2.09	 1	 -46.0719	  168.9863
7.479	 2.29	 1	 -44.1282	  173.7685
7.487	 2.51	 1	 -43.0514	  167.4883
7.492	 2.01	 1	 -46.2993	  169.3687
7.495	 2.48	 1	 -41.3389	  173.4729
7.506	 2.18	 1	 -44.9478	  173.2308
7.508	 2.41	 1	 -44.9590	  171.1269
7.509	 2.20	 1	 -44.3249	  178.7226
7.509	 2.15	 1	 -45.3597	  168.7170
7.523	 2.36	 1	 -44.7499	  178.4620
7.526	 2.06	 1	 -46.2611	  169.2999
7.529	 2.07	 1	 -38.3518	  171.4254
7.541	 2.02	 1	 -42.8329	  170.6272
7.547	 2.08	 1	 -42.0672	  176.5936
7.547	 2.10	 1	 -41.6135	  168.0721
7.561	 2.06	 1	 -47.0894	  174.3036
7.568	 2.13	 1	 -41.5914	  168.3649
7.569	 2.23	 1	 -41.7099	  174.6242
7.571	 2.65	 1	 -41.6214	  167.0804
7.575	 2.13	 1	 -42.7015	  171.8920
7.577	 2.36	 1	 -46.8470	  175.3629
7.577	 2.04	 1	 -44.9380	  174.8540
7.579	 2.75	 1	 -41.9535	  173.8604
7.584	 2.12	 1	 -41.0792	  167.3116
7.593	 2.29	 1	 -41.6299	  170.8752
7.601	 2.51	 1	 -42.0780	  169.8425
7.614	 2.86	 1	 -40.4529	  178.3271
7.626	 2.81	 1	 -41.1561	  176.0515
7.637	 2.44	 1	 -38.4989	  170.8146
7.638	 2.06	 1	 -38.7988	  176.0821
7.642	 2.46	 1	 -41.7230	  174.3150
7.658	 2.23	 1	 -44.1683	  170.6998
7.664	 2.57	 1	 -42.6856	  172.7698
7.664	 2.18	 1	 -38.1974	  173.1795
7.664	 2.29	 1	 -42.4624	  173.9676
7.691	 2.45	 1	 -43.2795	  166.9567
7.694	 2.08	 2	 -42.1520	  173.7031
7.699	 2.74	 1	 -38.6899	  174.0712
7.700	 2.80	 1	 -42.6536	  172.8989
7.716	 2.07	 1	 -42.5051	  173.1300
7.724	 2.04	 1	 -43.2264	  172.4771
7.730	 3.10	 1	 -45.4149	  177.0674
7.737	 2.70	 1	 -41.3259	  172.1085
7.744	 2.03	 1	 -42.3614	  168.9340
7.752	 2.25	 1	 -42.3388	  179.1210
7.757	 2.86	 1	 -46.0759	  177.0517
7.761	 2.27	 1	 -46.7788	  175.5753
7.765	 2.19	 1	 -45.5730	  170.6214
7.775	 2.08	 1	 -42.6819	  167.0565
7.786	 2.00	 1	 -38.2036	  172.6639
7.787	 2.02	 1	 -44.6852	  174.6503
7.790	 2.41	 1	 -43.4493	  172.4445
7.794	 2.14	 1	 -40.6588	  167.5658
7.796	 2.68	 1	 -39.4257	  176.4043
7.814	 2.75	 1	 -44.7126	  167.5565
7.818	 2.08	 1	 -47.1842	  173.3076
7.819	 2.39	 1	 -41.7246	  170.8986
7.827	 3.95	 1	 -42.6763	  172.7094
7.828	 2.29	 1	 -42.3991	  179.1269
7.832	 2.00	 1	 -42.5802	  173.0569
7.835	 2.10	 1	 -45.5231	  172.6568
7.843	 2.37	 1	 -43.9495	  168.3676
7.847	 2.48	 1	 -38.8230	  169.9058
7.848	 2.25	 1	 -42.2169	  170.0988
7.859	 2.07	 1	 -38.3388	  171.4925
7.862	 2.13	 1	 -42.2532	  173.9587
7.872	 3.15	 1	 -47.1724	  172.4953
7.880	 3.62	 1	 -43.4951	  172.3270
7.890	 2.21	 1	 -46.4174	  169.5950
7.896	 2.10	 1	 -47.1132	  174.1421
7.897	 2.56	 2	 -42.6609	  172.7061
7.902	 2.36	 1	 -44.7567	  167.5870
7.904	 2.07	 1	 -47.1124	  174.1477
7.908	 2.40	 1	 -42.6145	  166.9053
7.919	 2.42	 1	 -41.9994	  173.7742
7.922	 2.03	 1	 -39.3644	  172.0971
7.940	 2.72	 1	 -38.5177	  175.2949
7.944	 2.35	 1	 -38.3030	  171.6948
7.955	 2.25	 1	 -40.6977	  167.5393
7.970	 2.14	 1	 -42.7980	  173.8376
7.972	 2.28	 1	 -42.3142	  173.9666
7.986	 2.32	 1	 -43.0471	  166.9234
7.990	 2.30	 1	 -42.4550	  174.3585
7.991	 2.29	 1	 -42.5467	  173.7466
7.992	 2.25	 1	 -42.2738	  173.6662
8.001	 2.08	 1	 -42.5713	  170.1640
8.006	 2.25	 1	 -43.3373	  177.2036
8.006	 2.60	 1	 -41.7519	  174.3006
8.018	 2.72	 1	 -40.3637	  172.7211
8.020	 2.29	 1	 -45.5680	  168.3187
8.024	 2.44	 1	 -42.8358	  175.2309
8.030	 2.41	 1	 -40.8711	  173.4006
8.033	 2.10	 1	 -42.3126	  173.6764
8.038	 2.10	 1	 -41.2151	  167.8443
8.044	 2.12	 1	 -38.2126	  173.5487
8.050	 2.06	 1	 -38.5460	  175.3889
8.053	 2.17	 1	 -41.6615	  167.0673
8.057	 2.56	 1	 -45.0404	  178.2398
8.057	 2.50	 1	 -45.1264	  173.7782
8.060	 3.87	 1	 -38.8053	  169.9468
8.069	 2.12	 1	 -39.2398	  176.9414
8.079	 3.58	 1	 -42.1635	  178.8536
8.088	 2.27	 1	 -42.5232	  171.0551
8.093	 2.06	 1	 -44.9748	  170.1425
8.099	 2.12	 1	 -45.5248	  168.2704
8.101	 2.00	 2	 -38.8105	  169.9429
8.104	 2.02	 1	 -43.5234	  170.3237
8.119	 2.01	 1	 -41.2761	  176.0513
8.123	 2.16	 1	 -46.5774	  169.9413
8.126	 2.02	 1	 -42.6650	  173.3501
8.136	 2.17	 1	 -42.5353	  179.1362
8.153	 2.05	 1	 -44.4291	  174.0442
8.155	 2.09	 1	 -44.5542	  176.9932
8.156	 2.11	 1	 -44.2171	  178.7776
8.157	 3.08	 1	 -38.2847	  174.2318
8.166	 2.13	 1	 -46.9919	  171.2303
8.167	 2.19	 1	 -39.8198	  170.7938
8.170	 2.23	 1	 -46.4667	  169.6964
8.170	 2.24	 1	 -40.4401	  173.7466
8.171	 2.19	 1	 -42.3581	  173.8927
8.171	 2.30	 1	 -43.9895	  172.4671
8.181	 2.97	 1	 -42.0045	  166.9764
8.190	 2.07	 1	 -39.9665	  174.6192
8.196	 2.04	 1	 -44.9050	  174.3790
8.199	 2.19	 1	 -45.3831	  174.9043
8.199	 2.11	 1	 -45.7020	  177.2108
8.211	 3.36	 1	 -42.3285	  173.9152
8.241	 2.08	 1	 -44.0928	  176.5640
8.241	 2.04	 1	 -43.5012	  175.0737
8.254	 2.08	 1	 -45.2740	  171.2484
8.254	 2.95	 1	 -46.5665	  169.9162
8.255	 2.08	 1	 -42.5947	  175.0808
8.262	 2.72	 1	 -40.2505	  171.9915
8.263	 2.08	 1	 -41.7886	  174.2512
8.265	 2.27	 1	 -43.5591	  173.5522
8.269	 2.22	 1	 -43.3966	  174.6146
8.271	 3.14	 1	 -38.2843	  171.8149
8.275	 3.42	 1	 -42.1360	  179.0929
8.277	 2.03	 1	 -38.6484	  170.3477
8.280	 2.83	 1	 -41.8402	  174.1914
8.283	 2.02	 1	 -46.2181	  176.8195
8.284	 2.09	 1	 -40.9966	  170.0147
8.287	 2.36	 1	 -41.9485	  166.9887
8.291	 2.04	 1	 -44.2729	  176.0701
8.294	 2.04	 1	 -44.6891	  178.5038
8.306	 2.37	 1	 -43.0123	  174.6363
8.311	 2.45	 2	 -44.3538	  172.2395
8.322	 2.15	 1	 -39.4228	  177.2218
8.327	 2.19	 1	 -41.3546	  171.5569
8.330	 5.31	 1	 -45.1964	  167.9406
8.331	 2.01	 2	 -45.2388	  167.8577
8.331	 2.29	 2	 -45.2169	  167.9527
8.333	 2.15	 2	 -45.1897	  168.0236
8.334	 2.02	 2	 -42.6006	  168.8924
8.334	 2.09	 2	 -45.1573	  168.0923
8.346	 2.29	 1	 -38.9591	  169.6124
8.348	 2.46	 2	 -45.1797	  167.9234
8.354	 2.03	 1	 -44.4864	  171.0179
8.368	 2.02	 1	 -43.1107	  176.9331
8.371	 2.42	 1	 -38.2004	  173.2946
8.371	 3.07	 1	 -39.0004	  169.6375
8.377	 2.73	 1	 -42.9307	  172.3441
8.389	 2.31	 1	 -41.1042	  167.2987
8.397	 2.45	 1	 -44.2811	  169.7763
8.413	 2.63	 1	 -42.5953	  173.5721
8.416	 2.38	 1	 -41.7820	  174.3027
8.416	 2.54	 1	 -38.2234	  173.6978
8.419	 2.33	 1	 -41.6728	  174.2960
8.419	 2.73	 1	 -45.1421	  172.9404
8.427	 2.31	 1	 -43.3901	  166.9784
8.432	 2.94	 1	 -47.0404	  171.4615
8.440	 3.12	 1	 -41.1948	  167.2537
8.440	 2.29	 1	 -40.3091	  178.2098
8.442	 2.03	 1	 -45.9428	  177.2498
8.453	 3.05	 1	 -40.5407	  171.8586
8.456	 2.09	 1	 -42.1408	  179.0937
8.458	 2.05	 1	 -43.1638	  174.4575
8.459	 2.05	 1	 -46.7465	  170.3751
8.462	 2.88	 1	 -42.4236	  167.2309
8.476	 2.25	 1	 -46.6724	  170.1747
8.486	 2.14	 2	 -45.1966	  167.9337
8.490	 2.29	 1	 -38.3456	  174.5874
8.497	 2.02	 1	 -42.3253	  176.0358
8.498	 2.35	 1	 -43.1945	  172.8512
8.498	 2.33	 1	 -41.9203	  170.4994
8.515	 2.13	 1	 -43.9926	  167.9489
8.525	 2.06	 1	 -42.7452	  176.5569
8.529	 2.07	 1	 -46.1163	  176.9882
8.535	 2.51	 1	 -42.2999	  173.3625
8.538	 2.27	 1	 -47.1123	  174.1481
8.544	 2.14	 1	 -43.5542	  173.4366
8.553	 2.23	 1	 -42.5697	  173.1898
8.569	 2.23	 1	 -45.9284	  170.9796
8.580	 2.05	 1	 -41.9834	  173.8712
8.583	 2.09	 1	 -46.8291	  174.8575
8.583	 2.47	 1	 -43.2527	  176.4906
8.587	 2.84	 1	 -43.9530	  168.9415
8.590	 2.00	 1	 -42.1128	  179.0889
8.595	 2.02	 1	 -45.0892	  169.7959
8.605	 2.13	 1	 -39.5533	  168.6419
8.616	 2.77	 1	 -42.1923	  173.6166
8.629	 2.13	 2	 -45.2047	  167.8953
8.638	 3.07	 1	 -39.7048	  177.5943
8.643	 2.17	 1	 -39.5206	  173.2491
8.652	 2.33	 1	 -39.7326	  177.6276
8.658	 2.11	 1	 -43.3944	  172.8856
8.665	 3.22	 1	 -43.4603	  174.3012
8.666	 2.35	 1	 -46.7264	  175.7252
8.693	 2.84	 1	 -44.7760	  177.5383
8.694	 2.16	 1	 -44.1201	  174.6599
8.701	 2.75	 1	 -42.5741	  168.4610
8.717	 2.01	 1	 -41.6974	  169.9561
8.721	 2.17	 1	 -38.2800	  171.8448
8.723	 2.69	 1	 -47.0497	  174.5340
8.732	 2.13	 1	 -45.1980	  175.3761
8.745	 2.33	 1	 -42.3025	  173.8288
8.747	 2.04	 1	 -43.7009	  178.9841
8.755	 2.19	 1	 -44.4421	  173.8153
8.770	 3.78	 1	 -46.8240	  170.6072
8.773	 2.02	 1	 -46.2797	  171.7774
8.777	 2.24	 1	 -43.1107	  175.6728
8.778	 2.30	 1	 -38.6622	  175.7349
8.781	 2.47	 1	 -41.3372	  178.8554
8.798	 2.52	 1	 -44.6900	  172.2697
8.809	 2.13	 1	 -38.2456	  173.9293
8.834	 2.57	 1	 -42.5107	  172.5586
8.835	 2.03	 1	 -40.9270	  170.3331
8.836	 2.28	 1	 -43.2859	  166.9578
8.838	 2.12	 1	 -43.6319	  167.0393
8.838	 2.97	 1	 -43.0259	  172.7357
8.843	 2.04	 1	 -43.9287	  178.9042
8.845	 2.10	 1	 -44.6335	  167.5037
8.863	 2.89	 1	 -44.7724	  173.8457
8.885	 2.03	 1	 -45.9584	  168.8168
8.891	 2.21	 1	 -45.3514	  171.0354
8.894	 2.01	 1	 -42.4653	  175.2647
8.901	 2.11	 1	 -42.9939	  173.9451
8.914	 2.12	 1	 -42.5911	  173.1312
8.943	 2.05	 1	 -41.2868	  178.8333
8.949	 3.15	 1	 -43.5392	  168.7000
8.956	 2.76	 1	 -43.1265	  166.9329
8.956	 2.34	 1	 -41.7327	  174.4689
8.959	 2.43	 2	 -45.1742	  167.9154
8.963	 2.76	 1	 -44.7198	  173.7977
8.963	 3.56	 1	 -41.4086	  172.3100
8.972	 3.16	 1	 -40.6382	  175.8998
8.979	 3.07	 1	 -43.3825	  172.7852
8.981	 2.33	 1	 -46.0417	  171.8763
8.993	 2.24	 1	 -42.8312	  173.5048
8.997	 2.61	 1	 -42.5473	  172.4178
9.003	 2.20	 1	 -45.0915	  173.0099
9.005	 2.90	 1	 -46.0725	  176.4588
9.018	 2.31	 1	 -42.4520	  173.5301
9.018	 2.05	 1	 -38.6721	  173.2942
9.022	 2.14	 1	 -47.1872	  173.2004
9.025	 2.10	 1	 -44.1763	  169.6768
9.044	 2.94	 1	 -46.7573	  170.4062
9.057	 2.08	 1	 -45.8547	  168.6727
9.061	 2.16	 1	 -43.9486	  172.7695
9.063	 2.29	 1	 -42.0193	  174.1906
9.066	 2.49	 1	 -46.3265	  176.6252
9.067	 2.29	 1	 -42.5286	  173.2100
9.070	 2.72	 1	 -45.5871	  168.3405
9.085	 2.24	 1	 -41.4243	  169.5680
9.089	 2.18	 1	 -43.4572	  171.9254
9.091	 2.64	 1	 -46.2416	  169.2656
9.094	 2.83	 1	 -38.6174	  172.1149
9.102	 2.27	 1	 -40.4441	  175.2173
9.103	 2.52	 1	 -42.0274	  170.9063
9.105	 2.13	 1	 -38.2620	  171.9769
9.106	 2.82	 1	 -43.4464	  169.3861
9.133	 2.36	 1	 -43.8084	  173.7560
9.136	 2.35	 1	 -42.3773	  174.0403
9.152	 2.66	 1	 -46.3019	  170.2525
9.152	 2.10	 1	 -41.7290	  174.2455
9.152	 2.32	 1	 -43.5609	  173.5486
9.157	 2.78	 1	 -41.1697	  178.7784
9.162	 2.18	 1	 -43.7664	  171.2491
9.165	 2.54	 1	 -38.2555	  174.0148
9.166	 2.93	 1	 -40.5565	  175.7166
9.171	 2.58	 1	 -46.9919	  174.8142
9.181	 2.16	 1	 -39.7670	  176.2072
9.204	 2.44	 1	 -45.8161	  168.6214
9.221	 2.08	 1	 -41.7873	  174.3974
9.234	 2.60	 1	 -42.5890	  172.9941
9.245	 2.36	 1	 -42.5756	  179.1379
9.247	 3.16	 1	 -43.5147	  170.8045
9.265	 2.20	 1	 -46.8003	  173.1927
9.267	 2.68	 1	 -45.9283	  168.7740
9.273	 2.33	 1	 -40.5167	  172.3755
9.273	 2.45	 1	 -38.8978	  176.3042
9.289	 2.11	 1	 -40.0523	  177.9743
9.297	 2.37	 1	 -42.3773	  172.9828
9.299	 2.05	 1	 -44.0817	  168.8409
9.301	 4.13	 1	 -39.2265	  176.9196
9.303	 2.16	 1	 -47.1818	  172.6739
9.333	 3.22	 1	 -47.0227	  174.6714
9.341	 2.10	 1	 -40.4608	  167.7110
9.345	 3.15	 1	 -41.3081	  173.3412
9.347	 2.19	 1	 -42.5362	  175.5882
9.354	 2.20	 1	 -43.4618	  172.6810
9.360	 2.21	 1	 -44.2964	  178.7375
9.377	 2.78	 1	 -44.5580	  174.7429
9.380	 2.08	 1	 -42.3452	  171.3165
9.389	 2.29	 1	 -42.3033	  172.9670
9.395	 2.31	 1	 -38.9145	  169.7045
9.399	 2.22	 1	 -43.6535	  174.2125
9.418	 2.15	 1	 -40.6424	  167.5772
9.422	 4.48	 1	 -40.5611	  178.4090
9.432	 5.08	 1	 -38.2718	  174.1413
9.434	 2.02	 2	 -38.2741	  174.1225
9.436	 2.73	 1	 -41.6428	  171.0226
9.436	 2.05	 2	 -38.2918	  174.1637
9.442	 2.04	 2	 -38.2825	  174.1065
9.453	 2.48	 1	 -39.2802	  177.0063
9.484	 2.82	 1	 -44.9083	  178.3457
9.486	 2.36	 1	 -44.6480	  176.7452
9.494	 2.50	 1	 -41.7437	  174.3324
9.497	 2.38	 1	 -42.0286	  166.9714
9.509	 2.11	 1	 -44.1942	  174.8516
9.511	 3.17	 1	 -42.6785	  172.8508
9.514	 2.49	 2	 -38.2608	  174.1166
9.520	 2.17	 1	 -44.3417	  178.3417
9.535	 2.24	 1	 -44.2993	  167.3082
9.543	 2.10	 1	 -41.2816	  172.7922
9.551	 2.16	 1	 -40.5449	  173.4973
9.558	 2.15	 1	 -43.4005	  178.1563
9.569	 2.08	 1	 -42.2360	  173.4878
9.579	 2.10	 1	 -41.8925	  175.1210
9.589	 2.04	 1	 -44.3642	  167.3428
9.589	 2.28	 1	 -42.5425	  173.2019
9.595	 2.23	 1	 -41.3209	  167.9593
9.595	 2.08	 1	 -43.6804	  173.2904
9.604	 2.34	 1	 -44.5740	  175.1052
9.608	 2.11	 1	 -44.4811	  167.4091
9.608	 2.06	 1	 -43.0230	  172.3816
9.613	 2.69	 1	 -47.1714	  173.5655
9.626	 2.28	 1	 -43.4958	  174.1779
9.627	 2.07	 1	 -40.8989	  178.6322
9.630	 2.02	 1	 -40.8311	  175.8370
9.655	 2.54	 1	 -40.8811	  173.3087
9.670	 2.66	 1	 -42.8746	  175.2063
9.689	 2.21	 1	 -42.2129	  174.2444
9.696	 2.88	 1	 -40.0797	  168.0432
9.697	 2.78	 1	 -39.9942	  173.2131
9.698	 2.10	 1	 -45.5699	  176.9172
9.706	 3.98	 2	 -42.4240	  167.2316
9.712	 2.84	 1	 -42.4210	  166.9155
9.715	 2.67	 1	 -43.5152	  175.7580
9.719	 2.24	 1	 -41.6525	  173.1477
9.730	 3.04	 1	 -38.7934	  169.9749
9.736	 2.27	 1	 -47.0819	  174.3505
9.754	 3.32	 1	 -42.7436	  179.1396
9.759	 2.08	 1	 -43.4308	  172.1180
9.766	 2.02	 1	 -40.2104	  167.9208
9.777	 2.72	 1	 -44.9011	  177.5887
9.785	 2.45	 1	 -42.2494	  174.4222
9.792	 2.25	 1	 -47.1038	  171.8356
9.795	 2.26	 1	 -41.7708	  173.8348
9.803	 2.01	 1	 -42.7156	  173.6391
9.807	 2.53	 1	 -42.4926	  173.0761
9.808	 3.50	 1	 -43.5867	  167.0265
9.823	 2.45	 1	 -42.3254	  173.4684
9.829	 3.18	 1	 -41.7683	  174.2034
9.839	 2.10	 1	 -45.2305	  168.6600
9.842	 2.65	 1	 -42.2835	  173.7348
9.844	 3.10	 1	 -44.2990	  174.9460
9.846	 2.89	 1	 -46.2216	  172.6656
9.850	 3.15	 1	 -42.2831	  172.6764
9.850	 2.56	 1	 -41.8302	  167.0179
9.850	 2.87	 1	 -41.0522	  170.5956
9.866	 2.46	 1	 -41.6401	  178.9700
9.875	 2.07	 1	 -41.9327	  172.7310
9.884	 2.51	 1	 -44.5920	  178.5673
9.885	 2.24	 1	 -41.2105	  175.9843
9.892	 2.04	 1	 -42.2570	  173.4148
9.893	 2.07	 1	 -41.8509	  173.9398
9.896	 2.19	 1	 -38.7366	  170.8853
9.926	 2.06	 1	 -39.3139	  168.9852
9.954	 2.32	 1	 -40.2045	  178.1181
9.966	 2.18	 1	 -43.7247	  172.7820
9.985	 3.35	 1	 -42.4114	  172.6490
9.991	 2.56	 1	 -43.8155	  173.3075
10.004	 4.55	 1	 -42.3483	  179.1220
10.006	 2.69	 1	 -42.8164	  175.0812
10.009	 2.30	 1	 -43.4942	  173.6604
10.012	 2.31	 1	 -41.7372	  174.3118
10.044	 3.10	 1	 -42.0126	  173.6924
10.047	 2.35	 1	 -44.2552	  178.7587
10.057	 2.50	 1	 -39.1716	  169.2169
10.064	 2.23	 1	 -41.3177	  171.9663
10.066	 2.11	 1	 -43.8442	  178.9359
10.067	 2.04	 1	 -46.7566	  175.6401
10.067	 3.93	 1	 -39.0181	  169.4958
10.074	 2.02	 1	 -42.8298	  172.4071
10.079	 2.20	 1	 -45.9346	  168.7830
10.086	 3.37	 1	 -44.0034	  172.2907
10.086	 3.58	 1	 -43.0791	  168.6926
10.099	 2.37	 1	 -42.8187	  174.5886
10.102	 2.16	 1	 -42.4475	  173.1550
10.103	 2.43	 1	 -42.2481	  173.6286
10.104	 3.34	 1	 -41.5711	  176.4764
10.107	 2.34	 1	 -41.8015	  174.0821
10.111	 2.17	 1	 -41.7722	  174.2314
10.113	 2.18	 1	 -39.1164	  169.3133
10.116	 2.16	 1	 -41.7801	  172.4863
10.119	 2.18	 1	 -43.1695	  166.9388
10.119	 2.25	 1	 -44.0016	  167.1693
10.130	 3.15	 1	 -41.8480	  174.2350
10.133	 2.25	 1	 -44.6032	  167.4841
10.139	 2.33	 1	 -42.1583	  172.7877
10.142	 2.30	 1	 -44.2818	  172.3838
10.146	 2.01	 1	 -44.3053	  167.3114
10.149	 2.60	 1	 -42.4139	  172.7747
10.174	 2.15	 1	 -41.7851	  174.0400
10.180	 2.60	 1	 -42.1671	  172.9669
10.187	 2.52	 1	 -42.9561	  170.8299
10.191	 2.27	 1	 -46.7586	  170.4098
10.208	 2.58	 1	 -43.3027	  170.5968
10.220	 2.74	 1	 -44.8945	  177.2654
10.229	 2.42	 1	 -42.4582	  173.1016
10.234	 2.40	 1	 -38.5005	  170.8089
10.235	 3.19	 1	 -42.8908	  172.0738
10.244	 2.43	 1	 -39.3272	  168.9646
10.244	 2.02	 1	 -44.8842	  169.0517
10.251	 2.34	 1	 -42.2995	  173.9812
10.254	 2.82	 1	 -38.2979	  171.7268
10.267	 2.59	 2	 -42.3637	  178.9579
10.284	 2.03	 1	 -38.5161	  175.2895
10.286	 2.03	 1	 -44.1169	  174.4846
10.294	 2.21	 1	 -42.2085	  176.8945
10.299	 2.73	 1	 -41.1823	  171.6212
10.304	 2.14	 1	 -42.4133	  173.2946
10.306	 2.04	 1	 -42.2623	  173.6921
10.324	 2.05	 1	 -42.4709	  172.2495
10.338	 2.97	 1	 -43.9538	  178.8828
10.339	 2.32	 1	 -47.0758	  171.6571
10.340	 3.02	 1	 -42.6597	  172.7973
10.358	 2.06	 1	 -41.9819	  173.6294
10.358	 2.38	 2	 -42.6841	  172.8390
10.363	 2.60	 1	 -41.9721	  173.6654
10.367	 2.64	 1	 -43.7617	  167.0798
10.373	 2.05	 1	 -41.7662	  170.5081
10.373	 3.09	 1	 -40.4267	  173.1963
10.390	 3.10	 1	 -44.2559	  175.8301
10.390	 2.56	 1	 -39.8081	  168.3288
10.393	 3.60	 1	 -43.3178	  178.8075
10.400	 2.38	 1	 -43.3545	  173.6992
10.403	 2.18	 1	 -42.3824	  173.1637
10.408	 2.17	 1	 -40.5804	  178.4230
10.410	 2.44	 1	 -42.2719	  174.0182
10.412	 2.37	 1	 -40.5379	  167.6524
10.425	 2.61	 1	 -41.7789	  174.2569
10.445	 2.49	 1	 -47.1710	  173.5714
10.455	 2.73	 1	 -38.7851	  176.0495
10.469	 2.09	 1	 -42.2429	  173.5707
10.503	 2.45	 1	 -44.6939	  173.9252
10.515	 2.17	 1	 -41.8653	  173.9461
10.525	 3.57	 1	 -40.3138	  172.7829
10.528	 2.47	 1	 -42.0906	  173.1402
10.538	 3.11	 1	 -45.6998	  168.4738
10.539	 2.06	 1	 -42.1480	  172.5589
10.545	 2.15	 1	 -41.1541	  172.2720
10.556	 2.15	 1	 -40.7342	  172.0972
10.557	 2.24	 1	 -42.3683	  172.0396
10.559	 2.09	 1	 -42.1594	  173.5350
10.577	 2.46	 1	 -42.7633	  166.9051
10.581	 2.60	 1	 -41.7180	  174.2371
10.602	 2.11	 1	 -41.7664	  174.1245
10.602	 2.52	 1	 -39.2345	  176.9326
10.621	 2.19	 1	 -41.0286	  171.1015
10.622	 3.40	 1	 -42.3196	  174.0272
10.624	 2.29	 1	 -45.0123	  178.2629
10.626	 2.07	 1	 -42.7149	  167.6516
10.627	 2.79	 1	 -44.6168	  178.5515
10.645	 2.49	 1	 -42.0723	  166.9628
10.648	 2.45	 1	 -38.3814	  171.2830
10.650	 2.89	 1	 -42.2718	  176.5682
10.664	 3.86	 1	 -42.3676	  169.7913
10.709	 2.88	 1	 -41.8487	  174.3579
10.713	 2.34	 1	 -45.9531	  173.5947
10.726	 2.12	 1	 -44.4770	  167.4067
10.728	 2.50	 1	 -43.5766	  179.0205
10.730	 2.12	 1	 -39.3432	  174.8335
10.765	 2.39	 1	 -41.6530	  174.8188
10.786	 2.73	 1	 -42.6354	  172.1629
10.804	 2.41	 1	 -46.2012	  176.8484
10.807	 2.75	 2	 -44.4868	  175.6731
10.808	 2.35	 1	 -38.6931	  170.7185
10.810	 2.07	 1	 -41.4109	  172.5844
10.811	 2.01	 1	 -42.9752	  175.4177
10.820	 2.17	 1	 -42.0543	  173.4072
10.823	 3.46	 1	 -38.2060	  173.4314
10.823	 2.03	 1	 -43.8755	  172.7142
10.854	 3.47	 1	 -43.2871	  170.9704
10.856	 2.62	 1	 -41.7202	  169.6042
10.859	 2.55	 1	 -41.5215	  167.1154
10.894	 2.37	 1	 -45.3585	  171.9381
10.894	 3.10	 1	 -46.8550	  175.3365
10.895	 2.12	 1	 -38.6061	  175.5748
10.909	 2.12	 2	 -39.2330	  176.9385
10.916	 2.30	 2	 -43.3078	  170.9326
10.927	 2.16	 1	 -43.4565	  172.1808
10.929	 2.54	 1	 -39.4641	  177.2806
10.953	 2.01	 1	 -42.3679	  173.2479
10.956	 2.16	 1	 -43.3853	  171.3864
10.956	 2.21	 1	 -38.9101	  176.3304
10.962	 2.45	 1	 -41.4191	  172.3946
10.976	 2.03	 1	 -41.6999	  167.0553
10.982	 2.72	 1	 -41.3921	  174.2758
10.987	 3.68	 1	 -38.5615	  175.4385
10.996	 2.61	 1	 -42.4864	  173.0238
11.001	 2.18	 1	 -41.6692	  174.0582
11.032	 2.22	 1	 -41.5603	  174.2422
11.041	 2.04	 1	 -41.3278	  167.1929
11.042	 2.15	 1	 -43.7260	  175.5376
11.043	 2.39	 1	 -41.5989	  174.6665
11.043	 2.02	 1	 -41.9176	  169.8595
11.050	 2.82	 1	 -43.0983	  171.0916
11.052	 3.49	 1	 -45.0044	  173.5630
11.057	 2.16	 2	 -38.2845	  174.2331
11.080	 2.19	 1	 -42.3957	  174.0176
11.091	 2.24	 1	 -42.4887	  173.1167
11.099	 2.06	 1	 -41.5714	  170.2936
11.111	 2.13	 1	 -41.2906	  167.2093
11.122	 2.26	 1	 -38.2088	  172.5600
11.128	 2.36	 1	 -41.0603	  169.6829
11.128	 2.25	 1	 -41.4747	  172.5139
11.147	 3.21	 1	 -42.0656	  172.9904
11.155	 2.14	 1	 -44.1444	  172.2764
11.161	 2.65	 1	 -41.9667	  174.0709
11.162	 2.08	 1	 -42.9948	  179.1261
11.162	 2.05	 1	 -39.4612	  177.2766
11.162	 2.09	 1	 -41.8134	  178.1432
11.163	 2.07	 1	 -44.0671	  170.3275
11.170	 3.04	 1	 -43.3416	  166.9684
11.173	 2.57	 1	 -43.6254	  172.5605
11.182	 2.04	 1	 -46.7399	  170.3566
11.185	 2.51	 1	 -44.0456	  167.1879
11.191	 2.37	 1	 -42.0657	  173.1575
11.198	 2.33	 1	 -47.0106	  174.7289
11.200	 2.09	 1	 -41.5775	  172.8625
11.213	 3.29	 1	 -42.6757	  175.2393
11.216	 2.14	 1	 -41.5155	  178.9266
11.227	 2.44	 1	 -42.6044	  171.4747
11.242	 2.20	 1	 -41.7504	  173.3897
11.248	 2.88	 1	 -43.0969	  174.0557
11.259	 2.03	 2	 -45.1494	  167.9209
11.262	 2.38	 1	 -44.5585	  173.4867
11.287	 2.29	 1	 -43.5617	  172.5607
11.289	 3.03	 1	 -46.1380	  176.9531
11.322	 2.25	 1	 -46.0804	  173.3006
11.324	 2.05	 1	 -44.9474	  173.7405
11.336	 2.61	 1	 -43.9758	  176.7566
11.345	 2.24	 1	 -41.4024	  167.1616
11.352	 2.34	 1	 -42.4014	  179.1271
11.363	 2.53	 1	 -46.5551	  174.1121
11.368	 2.57	 1	 -40.2953	  173.1434
11.380	 2.04	 1	 -40.2415	  173.5158
11.384	 2.58	 1	 -39.0778	  174.8346
11.395	 2.24	 1	 -43.1263	  171.3376
11.400	 2.33	 1	 -46.2290	  169.2436
11.406	 2.24	 1	 -42.3124	  173.4940
11.420	 2.39	 1	 -46.2263	  176.8052
11.425	 2.15	 1	 -41.0534	  175.1434
11.433	 2.17	 1	 -42.6746	  175.3964
11.437	 2.34	 1	 -42.3078	  173.9610
11.446	 2.79	 1	 -42.3187	  172.8672
11.455	 2.10	 1	 -42.1547	  179.0960
11.458	 2.40	 1	 -43.5520	  170.1949
11.462	 2.08	 1	 -43.8459	  173.4346
11.469	 2.21	 1	 -46.4547	  169.6714
11.475	 2.14	 1	 -38.2102	  173.5092
11.477	 2.43	 1	 -42.8841	  166.9099
11.504	 2.16	 1	 -44.6256	  178.5458
11.526	 2.15	 1	 -40.9913	  173.0459
11.536	 2.06	 1	 -39.3084	  168.9937
11.556	 2.09	 1	 -38.4793	  175.1597
11.558	 3.17	 1	 -41.8425	  173.3742
11.569	 2.15	 1	 -46.9968	  171.2522
11.576	 2.11	 1	 -45.8318	  168.6420
11.583	 2.24	 1	 -46.0332	  168.9271
11.606	 2.04	 1	 -41.1835	  176.1170
11.618	 2.10	 1	 -40.5637	  170.6262
11.621	 2.35	 1	 -40.2432	  178.1527
11.643	 2.51	 1	 -40.9709	  167.3705
11.656	 2.65	 1	 -41.8857	  171.2350
11.656	 2.37	 1	 -42.1167	  173.8507
11.666	 2.23	 1	 -41.7564	  167.0384
11.696	 2.20	 1	 -39.2998	  177.0372
11.707	 2.24	 1	 -47.0092	  171.3089
11.719	 2.65	 1	 -45.6227	  176.3505
11.734	 2.22	 1	 -41.3175	  174.6275
11.741	 2.26	 1	 -44.6730	  174.9890
11.772	 2.55	 1	 -46.5808	  176.0949
11.789	 2.13	 1	 -46.4927	  176.2926
11.797	 2.03	 1	 -39.6272	  168.5462
11.808	 2.07	 1	 -42.2831	  166.9297
11.813	 2.15	 1	 -43.1257	  173.3618
11.817	 2.42	 1	 -38.5770	  170.5574
11.823	 2.70	 1	 -41.4138	  174.4724
11.825	 2.46	 1	 -41.7731	  174.3445
11.844	 2.29	 1	 -41.5375	  174.2887
11.850	 2.09	 1	 -41.2671	  170.7533
11.854	 2.25	 1	 -41.6794	  172.9758
11.858	 2.97	 1	 -45.9848	  168.8552
11.866	 2.08	 1	 -39.9069	  172.6190
11.892	 2.21	 1	 -44.8252	  174.7885
11.906	 2.17	 1	 -39.5448	  171.4128
11.913	 3.86	 1	 -43.2106	  175.7339
11.943	 2.07	 1	 -42.2166	  173.6613
11.959	 2.73	 1	 -44.9270	  177.3249
11.959	 3.17	 1	 -38.2455	  173.9279
11.961	 2.50	 1	 -46.7645	  170.4269
11.969	 2.14	 1	 -39.4166	  172.8884
11.988	 3.62	 1	 -43.6341	  169.0447
12.004	 2.05	 1	 -39.2111	  176.8941
12.007	 2.36	 1	 -40.0141	  173.0269
12.011	 2.78	 1	 -42.3139	  174.0175
12.047	 2.31	 1	 -44.7196	  178.4831
12.052	 3.03	 1	 -41.3210	  173.6876
12.074	 2.48	 2	 -38.2620	  174.2188
12.075	 2.81	 1	 -41.5548	  175.2480
12.076	 2.93	 1	 -42.4176	  174.5383
12.080	 2.09	 1	 -43.3573	  170.0492
12.081	 3.23	 1	 -40.6873	  172.4576
12.102	 2.57	 1	 -42.4998	  174.1074
12.110	 2.02	 1	 -45.5391	  171.6910
12.111	 2.02	 1	 -41.5093	  169.8289
12.113	 2.11	 1	 -45.8278	  168.6368
12.114	 2.02	 1	 -39.9324	  172.2189
12.116	 2.76	 1	 -45.7913	  168.5890
12.117	 2.68	 1	 -44.8892	  175.8161
12.117	 2.18	 1	 -42.6142	  172.7421
12.119	 2.00	 1	 -41.2666	  167.5164
12.135	 2.49	 1	 -42.3228	  173.7324
12.137	 2.98	 1	 -41.3114	  175.8696
12.157	 2.36	 1	 -42.3684	  175.0255
12.159	 2.41	 1	 -43.6442	  174.7653
12.177	 2.11	 1	 -43.5310	  167.5053
12.193	 2.39	 1	 -41.8070	  174.8168
12.193	 2.08	 1	 -42.3762	  173.2029
12.193	 2.34	 1	 -39.3476	  175.2508
12.208	 2.38	 1	 -43.1125	  171.4020
12.212	 2.11	 1	 -45.6451	  177.6363
12.238	 2.11	 1	 -44.0391	  173.3382
12.268	 2.14	 1	 -39.9307	  168.1942
12.288	 2.16	 1	 -42.9242	  172.3250
12.293	 2.48	 1	 -38.3234	  174.4686
12.295	 2.32	 1	 -46.0028	  171.3378
12.296	 2.01	 1	 -44.0583	  173.9831
12.308	 2.66	 1	 -43.4130	  172.8087
12.309	 2.38	 1	 -42.9058	  175.5406
12.317	 2.43	 2	 -45.1709	  167.9670
12.338	 3.29	 1	 -42.5283	  171.8712
12.347	 2.22	 1	 -44.2703	  178.6971
12.353	 2.04	 1	 -39.0626	  169.4114
12.359	 2.23	 1	 -39.8271	  177.7370
12.390	 2.02	 1	 -43.1480	  170.7378
12.406	 2.66	 1	 -38.9919	  176.4974
12.418	 2.52	 1	 -41.7044	  174.2051
12.424	 2.02	 1	 -43.3123	  172.3164
12.425	 2.86	 1	 -39.6434	  172.9579
12.429	 3.08	 2	 -44.9336	  177.3263
12.433	 2.71	 1	 -41.4627	  173.1338
12.464	 3.90	 1	 -42.9092	  174.0437
12.480	 2.34	 1	 -41.9826	  175.4481
12.484	 2.08	 1	 -38.5052	  175.2520
12.514	 2.10	 1	 -45.8707	  177.3500
12.536	 2.03	 1	 -41.9160	  170.0782
12.537	 2.08	 1	 -38.5635	  175.4447
12.539	 2.11	 1	 -42.5305	  175.4876
12.545	 2.25	 1	 -44.0383	  173.4221
12.553	 2.06	 1	 -42.4160	  173.4803
12.562	 2.18	 1	 -42.5364	  173.9205
12.575	 2.25	 1	 -38.9930	  169.5446
12.594	 2.15	 1	 -41.0082	  167.3498
12.608	 2.46	 1	 -39.6065	  168.5726
12.614	 2.21	 1	 -45.7359	  168.5185
12.621	 2.49	 1	 -38.2889	  174.2595
12.643	 2.46	 1	 -39.6718	  168.4903
12.650	 2.15	 1	 -40.4772	  178.3460
12.666	 3.05	 1	 -45.1219	  178.1702
12.681	 2.00	 1	 -41.9407	  175.7135
12.683	 2.00	 1	 -44.5675	  175.8488
12.684	 2.37	 1	 -46.8084	  175.4857
12.686	 4.17	 2	 -46.5981	  176.0553
12.734	 2.31	 1	 -39.9253	  174.6239
12.752	 2.42	 1	 -45.2104	  169.2301
12.753	 2.58	 1	 -42.1494	  177.4498
12.757	 2.72	 1	 -41.7300	  174.2740
12.767	 2.27	 1	 -38.9810	  169.5684
12.767	 2.93	 1	 -38.3324	  174.5180
12.772	 2.33	 2	 -42.1879	  177.4014
12.788	 2.18	 1	 -40.9240	  178.6469
12.788	 2.05	 1	 -42.4341	  173.7644
12.790	 2.49	 1	 -42.8176	  175.6340
12.800	 2.04	 1	 -42.6748	  179.1399
12.808	 2.38	 3	 -46.7370	  176.0289
12.816	 2.41	 1	 -42.6530	  170.2239
12.820	 2.11	 1	 -44.1632	  172.4654
12.835	 2.28	 1	 -40.9065	  174.5009
12.855	 2.57	 1	 -41.6931	  174.3178
12.859	 2.11	 1	 -40.1440	  174.4742
12.863	 3.43	 1	 -41.1557	  170.8602
12.865	 3.24	 1	 -39.0462	  169.4421
12.888	 2.77	 1	 -46.6281	  174.5174
12.894	 2.03	 1	 -41.7067	  175.1005
12.895	 2.02	 1	 -41.1738	  175.2861
12.901	 2.10	 1	 -43.2374	  171.8226
12.907	 2.42	 1	 -38.3673	  171.3493
12.917	 2.34	 1	 -40.8232	  167.5200
12.927	 2.10	 1	 -39.8469	  168.2852
12.930	 2.11	 1	 -43.6825	  170.3441
12.941	 2.04	 1	 -41.5341	  174.4898
12.943	 2.30	 1	 -38.2319	  173.7948
12.964	 2.08	 1	 -42.3359	  172.8418
13.022	 2.62	 1	 -44.7846	  172.2981
13.037	 2.18	 1	 -41.2421	  178.8129
13.051	 2.11	 1	 -43.2372	  172.9423
13.054	 2.14	 1	 -42.2338	  173.8987
13.063	 2.01	 2	 -45.8769	  170.8419
13.066	 3.05	 1	 -42.0521	  173.6315
13.076	 2.57	 1	 -45.1330	  172.6396
13.089	 2.02	 1	 -43.5472	  178.3939
13.096	 2.05	 1	 -41.7737	  169.8567
13.113	 2.36	 1	 -42.5022	  173.2506
13.114	 2.31	 1	 -42.6195	  179.1391
13.117	 2.21	 1	 -41.9690	  173.9048
13.151	 2.78	 1	 -38.3529	  171.4199
13.157	 2.39	 1	 -42.5252	  172.8996
13.205	 2.19	 1	 -47.1891	  172.9915
13.206	 2.05	 1	 -40.2716	  167.8667
13.220	 2.03	 1	 -45.3593	  174.3893
13.253	 2.26	 1	 -41.2676	  178.8246
13.270	 2.84	 1	 -42.4285	  173.2538
13.279	 2.07	 1	 -38.8391	  176.1750
13.314	 3.13	 1	 -42.0779	  174.0609
13.324	 2.09	 1	 -45.6950	  169.8380
13.325	 2.04	 1	 -40.3846	  174.9464
13.355	 2.22	 1	 -42.2831	  173.8329
13.358	 2.69	 1	 -42.5854	  173.2586
13.362	 2.61	 1	 -44.3738	  178.6962
13.385	 2.05	 1	 -41.7903	  174.0825
13.387	 2.09	 1	 -42.1539	  173.8433
13.402	 2.10	 1	 -44.1179	  174.3149
13.404	 2.04	 1	 -40.6344	  170.9186
13.423	 2.55	 1	 -47.0103	  171.3139
13.439	 2.33	 1	 -46.9924	  174.8120
13.455	 2.11	 1	 -43.9398	  173.8906
13.456	 2.70	 1	 -42.1754	  172.2299
13.474	 2.50	 1	 -39.2911	  177.0235
13.506	 2.24	 1	 -38.1960	  172.9893
13.510	 2.05	 1	 -42.0029	  175.6864
13.532	 2.42	 1	 -41.1556	  168.7113
13.543	 2.40	 1	 -45.3172	  168.0547
13.569	 2.17	 1	 -38.8217	  169.9088
13.576	 3.35	 1	 -43.7539	  173.0348
13.578	 2.78	 1	 -42.6451	  168.3433
13.592	 2.36	 1	 -47.1889	  172.9557
13.593	 2.45	 1	 -46.2891	  169.4092
13.603	 2.09	 1	 -43.4185	  166.9846
13.620	 2.73	 1	 -38.3461	  171.4541
13.631	 2.12	 1	 -41.8766	  170.4863
13.637	 3.54	 1	 -41.9381	  174.4543
13.646	 3.87	 1	 -39.4353	  177.2398
13.650	 2.72	 2	 -39.4201	  177.2437
13.660	 3.07	 1	 -38.9383	  176.3893
13.661	 2.27	 2	 -38.9435	  176.3887
13.681	 2.10	 1	 -41.5614	  167.1011
13.691	 2.11	 1	 -40.7275	  173.4722
13.695	 3.22	 1	 -42.2997	  173.6803
13.704	 2.18	 1	 -42.4787	  173.1950
13.722	 3.86	 1	 -42.2588	  179.1114
13.738	 2.19	 1	 -42.2614	  172.5128
13.747	 2.00	 1	 -41.7055	  174.3540
13.751	 2.95	 1	 -42.0645	  173.5560
13.753	 2.01	 1	 -41.3427	  173.8526
13.756	 2.11	 1	 -42.4788	  173.1750
13.763	 2.14	 1	 -47.1690	  172.4434
13.765	 2.40	 1	 -41.4322	  170.7055
13.771	 3.07	 1	 -38.2302	  173.7759
13.777	 2.14	 1	 -45.2503	  172.2505
13.777	 2.75	 1	 -46.6999	  175.7974
13.781	 2.94	 1	 -40.4267	  177.9538
13.816	 2.17	 1	 -39.8020	  168.3359
13.818	 2.30	 1	 -39.8405	  168.2924
13.818	 2.44	 1	 -43.2552	  173.5084
13.819	 2.10	 1	 -45.5565	  174.1733
13.820	 2.35	 1	 -46.3784	  172.6242
13.848	 2.72	 1	 -42.7461	  173.0059
13.854	 2.00	 1	 -45.6217	  177.6638
13.867	 2.16	 1	 -42.7081	  171.1565
13.869	 2.71	 1	 -44.8941	  178.3566
13.911	 2.18	 1	 -38.5557	  175.4200
13.912	 2.05	 1	 -41.4958	  174.5303
13.918	 2.26	 1	 -41.3621	  169.7509
13.935	 2.12	 1	 -45.9562	  177.2306
13.939	 2.32	 1	 -40.2942	  169.1314
13.944	 2.61	 1	 -38.5996	  170.4887
13.947	 2.15	 1	 -44.2419	  172.7729
13.954	 3.58	 1	 -42.9204	  173.2446
13.955	 2.06	 1	 -42.4566	  173.0234
13.966	 2.17	 1	 -39.3983	  173.9210
13.969	 3.00	 1	 -46.2776	  169.3294
13.979	 2.39	 1	 -46.7641	  175.6187
13.986	 2.47	 1	 -39.2276	  169.1229
13.998	 2.04	 1	 -42.4344	  173.0780
