# Simulation 277
# RelativeTime(days) Magnitude Generation Latitude Longitude
Time Mag Gen Lat Lon
7.015	 2.27	 1	 -46.8155	  170.5805
7.019	 2.46	 1	 -39.8340	  172.3734
7.023	 2.06	 1	 -46.0626	  171.3436
7.025	 2.14	 1	 -40.9969	  170.0834
7.028	 3.04	 1	 -44.0255	  175.1585
7.035	 2.22	 1	 -42.0716	  173.7959
7.037	 2.57	 1	 -46.8309	  170.6291
7.038	 2.24	 1	 -41.8654	  179.0356
7.039	 2.09	 1	 -40.9890	  174.6603
7.041	 2.12	 1	 -45.4410	  172.7056
7.047	 2.24	 1	 -39.3158	  171.1223
7.052	 2.68	 1	 -43.3279	  179.0786
7.054	 2.17	 1	 -47.0045	  171.2872
7.066	 2.66	 1	 -44.4712	  167.5049
7.069	 2.13	 1	 -42.3855	  173.1518
7.072	 2.58	 1	 -41.0942	  169.7183
7.074	 2.33	 1	 -41.8430	  173.7279
7.075	 3.84	 1	 -47.1684	  172.4348
7.087	 2.21	 1	 -42.1693	  173.8495
7.089	 3.29	 1	 -40.6177	  169.5882
7.089	 2.41	 1	 -42.6885	  172.7889
7.097	 2.20	 1	 -38.2022	  173.3449
7.099	 2.13	 1	 -42.3406	  173.5267
7.100	 2.05	 1	 -41.7798	  173.8100
7.105	 2.20	 1	 -42.5871	  171.9845
7.115	 3.02	 1	 -41.7216	  174.2500
7.121	 2.10	 1	 -47.1783	  173.4458
7.132	 2.68	 1	 -47.1814	  172.6639
7.136	 2.02	 1	 -39.3035	  169.1417
7.136	 2.19	 1	 -42.1487	  173.0519
7.139	 2.46	 1	 -38.6110	  170.4550
7.141	 2.12	 1	 -47.1723	  172.4932
7.146	 2.44	 1	 -43.2111	  174.2598
7.155	 2.07	 1	 -46.1301	  176.9660
7.157	 2.04	 1	 -40.9861	  169.4411
7.165	 2.87	 1	 -42.4794	  173.7489
7.166	 2.05	 1	 -40.2303	  177.3807
7.175	 2.47	 1	 -38.7346	  170.1188
7.177	 2.65	 1	 -41.3206	  172.5861
7.182	 2.40	 1	 -45.7856	  175.5276
7.184	 2.18	 1	 -42.8356	  175.3686
7.184	 2.15	 1	 -43.1517	  171.2670
7.189	 2.14	 1	 -42.5866	  173.4672
7.207	 2.16	 1	 -38.2986	  174.3219
7.211	 2.69	 1	 -43.3471	  171.7113
7.214	 2.21	 1	 -41.6977	  167.0559
7.226	 3.55	 1	 -42.3282	  173.6391
7.261	 2.62	 1	 -44.1649	  170.4729
7.272	 2.57	 1	 -41.7016	  171.7873
7.288	 2.41	 1	 -43.3834	  175.4098
7.293	 2.91	 1	 -40.2882	  178.1920
7.300	 2.50	 1	 -40.9646	  169.4605
7.302	 2.11	 1	 -39.7669	  177.6680
7.306	 2.81	 1	 -42.2635	  173.2843
7.309	 2.09	 1	 -47.1850	  172.7602
7.311	 2.63	 1	 -39.9113	  173.6752
7.325	 2.70	 1	 -42.9764	  171.7407
7.330	 2.08	 1	 -43.8711	  168.0743
7.344	 2.36	 1	 -43.3474	  171.7612
7.351	 2.49	 1	 -38.4664	  170.9325
7.362	 2.71	 1	 -42.3259	  173.3504
7.364	 2.82	 1	 -46.8752	  171.4375
7.367	 2.56	 1	 -43.0278	  179.1229
7.370	 2.06	 1	 -41.7844	  174.2869
7.373	 2.64	 1	 -42.7656	  166.9051
7.377	 2.05	 1	 -39.9287	  173.4905
7.386	 2.27	 1	 -46.9641	  171.1109
7.393	 2.68	 1	 -39.7383	  168.6776
7.398	 2.32	 1	 -42.5895	  173.1869
7.407	 2.39	 1	 -46.2509	  169.2818
7.424	 2.08	 1	 -42.6098	  174.8437
7.428	 2.51	 1	 -41.9386	  173.6443
7.428	 3.32	 1	 -42.6376	  173.0181
7.438	 2.02	 1	 -41.3422	  171.6072
7.441	 2.75	 1	 -44.0455	  172.1456
7.448	 3.45	 1	 -42.5047	  171.0981
7.451	 2.19	 1	 -46.0549	  173.1276
7.454	 2.29	 1	 -42.4932	  173.5179
7.463	 3.21	 1	 -40.9945	  170.0584
7.482	 2.40	 1	 -41.2219	  170.4176
7.496	 3.12	 1	 -39.1605	  171.6921
7.507	 2.79	 1	 -42.2165	  173.5764
7.516	 2.11	 1	 -42.0153	  173.6702
7.521	 2.14	 1	 -46.4813	  169.7273
7.551	 3.27	 1	 -41.7281	  173.9882
7.556	 2.82	 1	 -42.6828	  171.6599
7.559	 2.97	 1	 -41.6284	  174.2520
7.578	 2.34	 1	 -46.4753	  169.7147
7.581	 2.73	 1	 -44.3388	  175.8090
7.584	 2.07	 1	 -40.9025	  174.2549
7.614	 2.19	 1	 -43.8503	  174.3542
7.614	 2.25	 1	 -47.1073	  174.1837
7.618	 2.25	 1	 -38.4588	  175.0833
7.619	 3.20	 1	 -40.3798	  175.7372
7.631	 2.27	 1	 -40.6133	  168.6765
7.634	 2.04	 1	 -44.4542	  176.7648
7.634	 3.97	 1	 -40.5501	  170.7265
7.641	 2.23	 1	 -41.6084	  174.3240
7.660	 2.32	 1	 -45.9738	  177.2052
7.665	 2.13	 1	 -43.7146	  175.6184
7.667	 2.20	 1	 -43.6872	  173.7950
7.672	 2.58	 1	 -46.6925	  170.3726
7.674	 2.60	 1	 -41.7133	  173.6591
7.679	 2.11	 1	 -44.3099	  168.2060
7.684	 2.03	 1	 -42.3256	  169.3738
7.696	 2.52	 1	 -41.8966	  176.2296
7.701	 2.70	 1	 -46.3368	  176.6059
7.710	 2.02	 1	 -39.6428	  174.0632
7.715	 2.06	 1	 -42.1559	  173.5464
7.725	 2.14	 1	 -41.5855	  173.0525
7.728	 2.18	 1	 -40.6633	  178.4815
7.731	 2.01	 1	 -44.8809	  167.6777
7.733	 3.02	 1	 -47.1681	  173.6126
7.757	 2.49	 1	 -42.5714	  173.1318
7.772	 2.13	 1	 -44.8259	  174.6090
7.773	 3.39	 1	 -46.0576	  173.5396
7.777	 2.54	 1	 -47.1476	  173.8514
7.790	 2.71	 1	 -41.7096	  176.3080
7.795	 2.11	 1	 -42.3724	  173.9133
7.802	 2.00	 1	 -42.5095	  172.7726
7.808	 2.87	 1	 -41.7478	  174.4855
7.816	 2.04	 1	 -42.9379	  175.4933
7.827	 2.83	 1	 -38.8685	  169.8035
7.841	 2.23	 1	 -38.2686	  174.1176
7.851	 2.13	 1	 -42.2486	  173.7883
7.859	 2.11	 1	 -43.4728	  166.9971
7.866	 2.51	 1	 -41.5996	  175.3056
7.866	 2.86	 1	 -39.3045	  170.9245
7.872	 2.37	 1	 -42.3722	  173.5252
7.883	 2.40	 2	 -40.5562	  170.7225
7.886	 2.39	 1	 -45.8955	  168.7283
7.906	 3.12	 2	 -41.4157	  174.2847
7.909	 2.02	 1	 -43.7656	  172.4397
7.922	 2.11	 1	 -46.0970	  169.0256
7.926	 2.06	 1	 -39.3977	  177.1853
7.926	 2.48	 1	 -42.5551	  173.1253
7.928	 2.36	 1	 -38.1984	  173.2247
7.928	 2.11	 1	 -38.7129	  170.1740
7.930	 3.63	 1	 -42.7792	  169.5128
7.939	 2.07	 1	 -42.2449	  172.9175
7.939	 2.24	 1	 -42.4790	  178.8277
7.958	 2.15	 1	 -47.1473	  172.1894
7.958	 2.11	 1	 -41.9441	  179.0546
7.959	 2.03	 1	 -42.3747	  173.8106
7.963	 2.03	 1	 -42.5438	  173.9236
7.966	 3.73	 1	 -38.8560	  169.8312
7.968	 2.70	 1	 -42.6899	  166.9043
7.983	 2.17	 1	 -42.0209	  173.8875
7.985	 2.10	 1	 -42.7115	  174.5692
7.987	 2.05	 1	 -46.4494	  174.6939
7.996	 2.59	 1	 -40.6792	  167.5518
8.000	 2.17	 1	 -44.5460	  174.8770
8.001	 3.19	 1	 -42.8819	  173.0329
8.003	 2.92	 2	 -38.8332	  169.8549
8.004	 2.29	 1	 -43.1736	  176.9736
8.005	 2.15	 1	 -42.4856	  173.9746
8.014	 3.14	 1	 -40.2396	  169.8832
8.027	 2.18	 1	 -45.5076	  168.2516
8.029	 2.28	 1	 -38.3047	  171.6847
8.030	 2.49	 1	 -40.3221	  169.1831
8.039	 2.41	 1	 -38.9333	  169.6653
8.041	 3.00	 1	 -45.9535	  172.6045
8.043	 2.48	 1	 -46.3316	  171.3298
8.049	 2.58	 1	 -40.9807	  167.3650
8.057	 3.02	 1	 -45.8856	  173.5216
8.058	 2.04	 1	 -40.8784	  173.9327
8.059	 2.93	 1	 -41.9507	  174.1314
8.071	 2.05	 1	 -42.3825	  173.8125
8.074	 2.10	 1	 -43.0979	  170.9100
8.082	 2.02	 1	 -43.1633	  175.4365
8.082	 2.71	 1	 -47.1780	  172.5917
8.083	 2.60	 1	 -41.6396	  175.0435
8.092	 2.07	 1	 -41.5536	  178.9404
8.103	 2.47	 2	 -46.0649	  173.5438
8.106	 2.87	 1	 -42.3106	  173.7956
8.111	 2.79	 1	 -39.1986	  169.1711
8.119	 2.56	 1	 -42.7924	  173.2681
8.122	 2.27	 1	 -43.8376	  173.4932
8.127	 2.23	 1	 -45.2699	  169.5434
8.133	 2.47	 1	 -45.6360	  171.8166
8.143	 2.60	 1	 -41.6825	  174.2022
8.147	 2.46	 1	 -43.4108	  168.8138
8.158	 2.19	 1	 -42.2771	  173.6886
8.162	 2.29	 1	 -42.7955	  174.1830
8.164	 4.89	 1	 -47.1282	  172.0187
8.165	 2.08	 1	 -42.1493	  172.3836
8.171	 2.07	 2	 -47.1852	  172.1836
8.177	 2.38	 1	 -38.2584	  174.0383
8.177	 2.83	 1	 -44.5240	  172.7278
8.179	 2.29	 2	 -47.1272	  172.0068
8.186	 2.05	 1	 -43.5839	  172.7445
8.193	 2.08	 1	 -42.1646	  169.4668
8.210	 2.57	 1	 -42.7108	  172.6029
8.229	 2.28	 1	 -42.3197	  173.6537
8.233	 2.12	 1	 -45.8683	  176.5971
8.235	 2.55	 1	 -39.8574	  169.3429
8.242	 2.14	 1	 -47.1752	  173.5035
8.245	 2.33	 1	 -44.3356	  174.2595
8.251	 2.38	 1	 -43.1777	  171.9913
8.261	 2.91	 1	 -44.7421	  167.5768
8.276	 2.09	 2	 -47.1144	  172.0266
8.276	 2.32	 2	 -47.1279	  172.0398
8.289	 2.27	 2	 -47.1097	  171.9471
8.291	 2.38	 3	 -47.1231	  171.9535
8.302	 2.01	 1	 -41.9526	  172.1311
8.304	 2.14	 1	 -41.3585	  171.0915
8.311	 2.46	 1	 -40.7232	  167.5223
8.317	 2.85	 1	 -41.8444	  173.0524
8.321	 3.24	 1	 -42.5817	  173.1819
8.323	 2.03	 1	 -41.9323	  172.2666
8.325	 2.20	 2	 -47.1476	  172.2053
8.332	 2.87	 1	 -44.2682	  167.2922
8.333	 2.29	 1	 -42.6127	  173.0665
8.338	 2.14	 2	 -47.0723	  172.1058
8.341	 2.40	 1	 -41.7099	  174.2841
8.355	 2.45	 1	 -43.9575	  172.3032
8.360	 3.07	 1	 -38.2781	  174.1863
8.362	 2.00	 1	 -46.3295	  172.1619
8.373	 2.34	 1	 -38.3096	  173.2490
8.377	 2.06	 1	 -41.1241	  172.2652
8.378	 2.06	 1	 -47.0145	  171.3336
8.380	 2.29	 1	 -39.1255	  175.4896
8.387	 2.15	 1	 -41.1914	  173.0898
8.392	 2.55	 1	 -42.9003	  173.0235
8.398	 3.05	 1	 -45.4959	  168.2388
8.403	 2.10	 1	 -40.7770	  178.5571
8.408	 2.87	 1	 -42.1868	  172.5623
8.412	 2.05	 1	 -38.1959	  173.0409
8.417	 2.47	 1	 -46.1720	  169.1470
8.418	 2.17	 1	 -41.8087	  174.2172
8.427	 2.48	 1	 -43.5893	  173.7567
8.443	 2.16	 1	 -43.8434	  171.9766
8.444	 2.86	 1	 -40.6685	  178.4852
8.447	 2.25	 1	 -43.3163	  179.0808
8.467	 2.58	 1	 -42.2632	  174.1263
8.470	 2.79	 1	 -39.0934	  176.6894
8.472	 2.34	 1	 -42.6575	  172.7969
8.477	 2.62	 1	 -46.7034	  175.7879
8.479	 3.85	 1	 -41.7120	  174.2987
8.487	 2.23	 1	 -42.6764	  172.3519
8.496	 3.56	 1	 -42.7162	  176.7300
8.499	 2.56	 1	 -41.4708	  167.1345
8.503	 2.42	 1	 -43.6883	  167.9397
8.503	 2.77	 1	 -46.5433	  176.1811
8.517	 2.32	 1	 -44.6285	  177.5536
8.524	 2.73	 1	 -41.6490	  172.9650
8.525	 2.92	 1	 -40.1389	  175.0807
8.527	 2.11	 2	 -40.1415	  175.0807
8.541	 2.39	 1	 -41.4311	  170.7210
8.549	 2.06	 1	 -40.6007	  176.5258
8.550	 3.01	 1	 -46.1443	  176.9429
8.551	 3.17	 1	 -46.4891	  175.3115
8.563	 2.21	 1	 -43.7606	  172.9063
8.563	 2.18	 1	 -42.3751	  173.9472
8.572	 2.30	 1	 -42.0591	  175.8791
8.579	 2.04	 1	 -44.5285	  172.6171
8.586	 2.29	 1	 -42.3813	  173.1547
8.599	 2.31	 1	 -45.0623	  167.8228
8.600	 2.54	 1	 -43.4189	  176.3397
8.602	 2.29	 1	 -45.2273	  167.9689
8.605	 2.45	 1	 -41.0569	  174.8383
8.607	 2.05	 1	 -47.0584	  171.5574
8.614	 2.04	 1	 -42.1960	  173.0959
8.623	 2.22	 1	 -42.3120	  173.7633
8.630	 2.48	 1	 -42.2213	  179.1062
8.632	 2.51	 1	 -44.1367	  175.4889
8.665	 2.06	 1	 -43.5918	  170.9424
8.671	 2.06	 1	 -43.2564	  171.9433
8.674	 3.20	 1	 -39.9447	  177.8648
8.674	 2.34	 1	 -44.5029	  167.4221
8.676	 2.49	 1	 -40.8632	  174.0056
8.676	 2.80	 1	 -42.1749	  172.1390
8.678	 2.29	 2	 -42.1750	  172.1447
8.682	 2.09	 1	 -40.2650	  170.8040
8.682	 2.29	 1	 -44.0148	  171.4468
8.686	 2.14	 1	 -42.0149	  171.8764
8.687	 2.99	 1	 -38.4898	  171.9880
8.689	 2.06	 1	 -42.5658	  171.6525
8.696	 2.40	 1	 -44.7285	  178.4770
8.699	 2.41	 1	 -41.6004	  173.9212
8.701	 2.34	 1	 -45.0713	  170.2354
8.704	 2.94	 1	 -42.4138	  173.0266
8.705	 2.09	 1	 -42.7559	  171.8766
8.724	 2.25	 1	 -46.0853	  177.0371
8.725	 2.18	 1	 -41.9398	  172.8291
8.740	 2.23	 1	 -47.1494	  173.8338
8.753	 3.62	 1	 -42.4824	  172.7827
8.754	 3.00	 1	 -43.8632	  173.4645
8.758	 2.73	 1	 -39.2015	  169.1663
8.763	 2.76	 1	 -41.7826	  169.3822
8.787	 2.15	 1	 -41.1931	  172.8777
8.792	 3.21	 1	 -43.4536	  173.7881
8.797	 2.13	 1	 -41.9913	  173.5410
8.801	 2.91	 1	 -43.8496	  173.1549
8.815	 4.02	 1	 -44.5889	  175.7247
8.819	 2.34	 1	 -43.5808	  172.1119
8.825	 2.54	 1	 -42.2536	  173.5745
8.838	 2.17	 1	 -41.4270	  178.8927
8.844	 2.82	 1	 -42.2246	  172.1019
8.846	 2.15	 1	 -40.3602	  178.2526
8.849	 2.60	 1	 -42.0089	  173.6591
8.856	 2.26	 1	 -46.6278	  170.0621
8.856	 2.30	 1	 -43.4965	  171.9446
8.859	 2.32	 1	 -40.8473	  173.7277
8.866	 2.02	 1	 -42.4823	  172.9018
8.868	 2.32	 1	 -41.7502	  174.1848
8.871	 2.43	 1	 -40.4464	  173.9992
8.882	 2.08	 1	 -41.7668	  174.6128
8.887	 2.78	 1	 -41.3281	  167.1928
8.887	 2.47	 2	 -42.4882	  172.7753
8.900	 2.94	 1	 -44.4771	  178.6375
8.902	 2.63	 1	 -43.0816	  179.1170
8.907	 2.42	 1	 -44.0841	  169.5761
8.913	 2.05	 1	 -46.1765	  176.8899
8.913	 2.12	 1	 -46.8883	  170.8222
8.928	 2.47	 1	 -46.5328	  176.2046
8.929	 2.53	 1	 -43.0531	  173.9704
8.930	 2.06	 1	 -42.6828	  173.2382
8.936	 3.57	 1	 -42.0458	  173.2381
8.944	 2.19	 1	 -42.6960	  173.0957
8.954	 2.50	 1	 -42.4236	  173.7394
8.957	 2.06	 1	 -45.2371	  171.6712
8.963	 2.17	 1	 -40.4789	  178.3473
8.965	 2.28	 1	 -42.2757	  173.6678
8.966	 2.10	 1	 -47.1673	  173.6244
8.969	 2.99	 1	 -42.6013	  173.2306
8.974	 2.21	 1	 -42.6714	  174.0452
8.975	 2.31	 1	 -42.1592	  174.0338
8.983	 2.00	 1	 -45.1352	  176.5925
8.992	 2.27	 1	 -40.0259	  168.0962
8.992	 3.25	 1	 -40.5841	  175.1812
8.993	 2.19	 1	 -41.0895	  167.7347
8.996	 3.27	 1	 -42.4030	  173.7657
9.006	 3.15	 1	 -38.7910	  174.0435
9.007	 2.79	 1	 -43.8648	  174.6629
9.017	 2.07	 1	 -43.7564	  172.6646
9.019	 3.35	 1	 -42.2097	  174.5738
9.027	 2.74	 1	 -42.8911	  174.0605
9.035	 2.31	 1	 -42.0466	  174.1242
9.044	 2.83	 1	 -43.7583	  169.8420
9.044	 2.36	 1	 -46.9340	  173.3523
9.044	 2.13	 1	 -39.9477	  168.1764
9.047	 4.12	 2	 -47.4390	  171.7464
9.050	 2.19	 3	 -47.4415	  171.7516
9.050	 2.53	 1	 -43.1478	  166.9358
9.067	 2.51	 1	 -46.9655	  171.1169
9.072	 2.18	 1	 -42.9181	  173.6411
9.079	 2.21	 1	 -40.4590	  171.7435
9.079	 2.74	 1	 -43.4718	  171.9912
9.080	 3.73	 1	 -42.3289	  173.5838
9.084	 2.32	 1	 -42.1535	  173.2030
9.086	 4.56	 1	 -41.8490	  173.1863
9.088	 2.14	 1	 -43.4315	  174.0774
9.094	 2.78	 2	 -41.8689	  173.1765
9.095	 2.14	 1	 -42.6859	  171.6910
9.098	 4.13	 1	 -40.3962	  178.2820
9.104	 3.10	 1	 -39.3303	  171.4440
9.107	 2.03	 2	 -41.8567	  173.1857
9.109	 2.30	 1	 -45.2162	  173.1192
9.110	 2.59	 1	 -43.0727	  171.7458
9.112	 3.58	 1	 -46.6550	  175.9140
9.114	 2.65	 1	 -46.7396	  170.3558
9.114	 3.10	 1	 -42.1985	  174.1106
9.120	 3.16	 1	 -38.2097	  173.5004
9.120	 2.03	 1	 -43.9473	  175.1029
9.130	 2.33	 1	 -42.1734	  173.4737
9.133	 2.07	 1	 -39.2393	  176.9406
9.144	 2.47	 1	 -43.0012	  172.3906
9.153	 2.25	 1	 -42.6823	  173.3491
9.153	 2.01	 1	 -41.7447	  174.3159
9.163	 2.41	 1	 -39.7872	  171.0910
9.197	 2.05	 1	 -40.9519	  176.4637
9.203	 2.22	 1	 -46.2580	  169.2945
9.211	 2.65	 1	 -42.1825	  174.0448
9.213	 2.49	 1	 -42.3553	  166.9216
9.223	 2.50	 1	 -42.7719	  178.1021
9.224	 2.27	 1	 -42.5287	  173.1499
9.227	 2.75	 1	 -39.4907	  168.7267
9.228	 2.37	 1	 -41.7511	  167.0399
9.247	 2.10	 1	 -38.3624	  174.6714
9.250	 2.57	 1	 -42.3138	  173.2354
9.252	 2.17	 1	 -41.5886	  173.9035
9.265	 2.16	 1	 -47.1858	  172.7869
9.275	 2.16	 1	 -44.3277	  178.7211
9.280	 2.31	 1	 -42.2474	  173.7450
9.280	 2.77	 1	 -45.1601	  176.2257
9.288	 2.28	 1	 -41.5650	  177.7816
9.300	 2.38	 1	 -41.9460	  172.2571
9.315	 2.30	 1	 -43.0191	  168.1967
9.315	 2.19	 1	 -38.2516	  173.9820
9.315	 2.06	 1	 -43.1043	  171.6028
9.321	 2.22	 1	 -42.7010	  168.1044
9.327	 2.13	 1	 -38.8454	  176.1892
9.332	 2.04	 1	 -40.3682	  170.5112
9.337	 2.09	 1	 -38.6511	  175.7043
9.339	 2.52	 1	 -45.5613	  177.7332
9.348	 2.16	 1	 -45.0968	  173.3613
9.350	 2.42	 1	 -41.8523	  173.3018
9.350	 2.45	 1	 -46.8438	  175.3734
9.360	 2.78	 1	 -38.4075	  171.1678
9.364	 2.08	 1	 -45.2795	  172.8450
9.375	 2.08	 1	 -43.0432	  171.3142
9.385	 2.07	 1	 -38.3358	  171.5082
9.386	 2.12	 1	 -47.1711	  172.4752
9.388	 2.14	 1	 -47.1873	  172.8454
9.397	 2.76	 1	 -43.4388	  173.2704
9.402	 2.43	 1	 -41.7156	  174.2941
9.402	 2.27	 1	 -43.1921	  174.8879
9.407	 2.02	 1	 -42.3470	  173.8301
9.409	 2.66	 1	 -46.6972	  170.2399
9.416	 2.04	 1	 -44.0776	  175.5785
9.418	 2.08	 1	 -41.6821	  174.6940
9.428	 3.16	 2	 -47.1310	  172.0295
9.434	 2.25	 1	 -44.5805	  178.5746
9.436	 2.12	 1	 -41.7608	  174.0896
9.461	 2.72	 2	 -46.9618	  171.1139
9.470	 3.26	 1	 -42.5149	  173.1999
9.477	 2.26	 1	 -40.6389	  178.4646
9.490	 3.79	 1	 -46.2290	  176.8007
9.491	 3.28	 1	 -44.1755	  173.3631
9.491	 2.13	 1	 -46.0635	  177.0710
9.516	 3.18	 1	 -41.8339	  174.2052
9.549	 2.40	 1	 -38.1964	  172.9309
9.549	 2.66	 1	 -38.3866	  171.2596
9.550	 3.08	 1	 -39.3067	  169.6758
9.562	 2.01	 1	 -46.2223	  169.2320
9.569	 2.07	 1	 -42.3825	  173.2870
9.575	 2.01	 1	 -45.5635	  173.8704
9.589	 3.61	 1	 -42.1129	  173.6780
9.592	 2.33	 1	 -42.4706	  174.7212
9.604	 3.78	 1	 -41.5838	  174.1894
9.606	 2.31	 1	 -41.6027	  173.8155
9.606	 3.43	 1	 -42.2786	  172.9217
9.607	 2.98	 1	 -43.7579	  173.3841
9.610	 2.09	 1	 -38.6390	  170.3741
9.611	 2.08	 1	 -46.9643	  174.9326
9.616	 2.17	 1	 -40.3717	  168.9731
9.621	 3.13	 1	 -43.9738	  171.9477
9.623	 2.24	 1	 -42.5185	  174.1605
9.636	 2.12	 1	 -39.5468	  168.6506
9.647	 2.15	 1	 -42.3869	  174.0577
9.657	 3.34	 1	 -38.3926	  174.8116
9.660	 2.87	 1	 -40.2341	  169.9285
9.670	 2.22	 1	 -42.5687	  173.2588
9.671	 2.76	 1	 -45.2446	  178.0592
9.673	 2.03	 1	 -45.7210	  173.3631
9.675	 2.67	 1	 -41.3858	  173.3828
9.678	 2.07	 1	 -41.9912	  176.7108
9.684	 2.02	 1	 -38.4087	  171.1627
9.714	 2.43	 1	 -43.1750	  170.6981
9.717	 2.05	 2	 -46.2424	  177.0085
9.726	 2.10	 1	 -43.5262	  174.5910
9.727	 3.33	 1	 -41.9930	  173.8427
9.739	 2.38	 1	 -43.2283	  174.8123
9.745	 2.01	 1	 -44.5848	  172.8503
9.758	 2.15	 1	 -38.2029	  172.6814
9.763	 2.87	 1	 -42.1310	  178.6265
9.771	 2.25	 1	 -38.2318	  173.7932
9.776	 2.04	 1	 -41.5583	  172.5144
9.791	 2.96	 1	 -42.2192	  174.3954
9.803	 2.09	 1	 -46.7911	  170.5058
9.809	 2.20	 1	 -41.7238	  174.3802
9.813	 2.40	 1	 -44.0253	  173.3745
9.813	 2.20	 1	 -42.6039	  173.0904
9.854	 2.19	 1	 -40.2463	  175.2521
9.856	 2.14	 1	 -41.1509	  168.5675
9.863	 2.25	 1	 -43.1946	  172.0719
9.874	 2.55	 1	 -42.3780	  179.1250
9.878	 2.41	 1	 -43.1409	  171.1192
9.884	 2.18	 1	 -47.0199	  171.3597
9.884	 2.03	 1	 -42.0784	  172.8266
9.887	 3.30	 1	 -38.3313	  171.5325
9.900	 3.00	 1	 -41.4495	  178.9016
9.906	 2.59	 1	 -41.8426	  173.1496
9.908	 3.63	 1	 -41.9643	  174.4059
9.927	 2.21	 1	 -42.2798	  175.5618
9.932	 2.35	 1	 -47.1549	  172.2684
9.934	 2.20	 1	 -45.6371	  171.3863
9.936	 3.04	 2	 -40.4618	  171.6376
9.944	 3.07	 1	 -42.3098	  173.6896
9.945	 2.03	 1	 -41.7796	  174.3616
9.945	 2.08	 1	 -43.6109	  169.9827
9.953	 3.23	 1	 -42.7376	  179.1396
9.955	 2.71	 2	 -42.2881	  173.6851
9.956	 2.79	 1	 -45.0555	  178.2272
9.967	 2.66	 1	 -45.7607	  168.5497
9.989	 2.16	 1	 -42.7635	  172.2563
10.005	 2.06	 1	 -45.6821	  177.5920
10.022	 2.57	 1	 -42.2845	  175.2633
10.025	 2.19	 1	 -43.0028	  166.9189
10.028	 2.60	 1	 -42.2540	  173.7624
10.032	 2.06	 1	 -42.7347	  170.4781
10.050	 2.29	 1	 -41.9713	  166.9835
10.051	 2.52	 1	 -43.7395	  177.3642
10.070	 2.84	 1	 -42.9517	  171.7731
10.071	 2.01	 1	 -43.3216	  173.2973
10.077	 2.98	 1	 -42.5794	  170.1211
10.078	 2.03	 1	 -43.8305	  173.1248
10.086	 2.54	 2	 -42.7198	  176.7242
10.094	 2.37	 1	 -42.2745	  172.1619
10.095	 2.90	 1	 -41.2013	  178.7937
10.100	 2.51	 1	 -43.1373	  166.9343
10.110	 2.29	 1	 -42.4833	  177.8508
10.113	 2.04	 1	 -42.0810	  173.6988
10.119	 2.19	 1	 -47.1661	  172.4037
10.125	 2.64	 1	 -45.2606	  176.5019
10.125	 2.64	 1	 -43.7972	  171.5172
10.128	 2.07	 1	 -38.3087	  174.3838
10.137	 2.29	 1	 -47.1863	  173.2390
10.140	 2.26	 1	 -44.0936	  171.5947
10.155	 2.04	 1	 -42.3805	  174.2753
10.157	 2.38	 1	 -41.9331	  173.7959
10.157	 2.13	 1	 -38.1963	  173.1004
10.168	 2.24	 1	 -44.9398	  171.8898
10.169	 2.04	 1	 -41.5512	  170.2872
10.172	 2.01	 1	 -43.9477	  173.6258
10.175	 2.08	 1	 -40.9137	  175.0278
10.176	 2.17	 1	 -41.2414	  175.5766
10.179	 2.04	 1	 -41.9336	  173.8823
10.182	 2.68	 1	 -46.6773	  175.8569
10.190	 2.61	 1	 -38.2555	  174.0142
10.191	 3.14	 1	 -46.0048	  177.1597
10.196	 2.18	 1	 -41.4430	  169.9555
10.201	 3.73	 1	 -43.5175	  176.6443
10.202	 2.21	 1	 -38.4935	  175.2107
10.212	 2.84	 1	 -45.6939	  177.5777
10.214	 2.33	 1	 -45.1456	  175.2096
10.244	 3.22	 1	 -39.3857	  168.8766
10.251	 2.48	 1	 -41.9412	  174.2360
10.261	 2.19	 1	 -42.2782	  173.6401
10.263	 2.00	 1	 -41.7068	  178.9529
10.265	 2.11	 1	 -41.9083	  174.0666
10.269	 2.47	 1	 -41.5191	  173.9497
10.271	 2.13	 1	 -42.5136	  173.2192
10.272	 2.52	 1	 -45.5722	  170.5231
10.275	 2.14	 1	 -42.3081	  176.8407
10.289	 3.09	 1	 -42.3677	  174.0305
10.291	 2.12	 1	 -42.6107	  172.8521
10.297	 2.34	 1	 -42.4810	  174.1923
10.321	 2.10	 1	 -47.1370	  172.0934
10.330	 2.05	 1	 -42.2816	  176.8033
10.336	 2.59	 1	 -42.0027	  173.6731
10.343	 2.06	 1	 -39.7287	  174.5123
10.351	 2.26	 1	 -41.5686	  173.4530
10.356	 2.13	 1	 -38.1991	  172.7918
10.383	 2.15	 1	 -38.3530	  171.4195
10.409	 2.06	 1	 -42.9682	  176.3374
10.412	 2.75	 1	 -43.5257	  179.0340
10.414	 2.13	 1	 -42.4927	  172.4989
10.415	 4.08	 1	 -45.8950	  176.9877
10.415	 2.67	 1	 -42.7860	  177.1794
10.416	 2.23	 1	 -42.8528	  175.2489
10.424	 2.32	 1	 -42.2483	  173.6435
10.426	 3.44	 1	 -41.1500	  178.7687
10.429	 2.52	 1	 -46.9073	  170.8903
10.436	 2.13	 1	 -43.4304	  175.1857
10.438	 2.76	 1	 -40.9946	  174.2068
10.444	 2.02	 1	 -46.9346	  170.9931
10.458	 2.01	 1	 -38.8964	  176.3013
10.464	 2.34	 1	 -41.7718	  174.1980
10.467	 2.05	 2	 -45.8886	  176.9868
10.467	 2.37	 1	 -42.0704	  166.9632
10.470	 2.01	 1	 -38.3308	  174.5092
10.481	 2.49	 1	 -42.6790	  174.6955
10.481	 2.86	 1	 -46.2438	  170.9493
10.494	 2.55	 1	 -42.3731	  173.6842
10.495	 2.13	 1	 -42.6129	  171.7339
10.496	 2.54	 1	 -40.1129	  171.6143
10.497	 2.04	 1	 -41.4706	  167.2115
10.518	 2.04	 1	 -43.2875	  166.9581
10.533	 2.04	 1	 -42.4309	  173.2058
10.547	 2.60	 1	 -43.6919	  172.9846
10.550	 2.18	 1	 -45.4283	  177.8773
10.557	 3.01	 2	 -45.8469	  177.0588
10.558	 2.24	 1	 -39.7616	  174.6957
10.562	 3.19	 1	 -41.6843	  174.2753
10.564	 2.27	 1	 -42.4693	  173.5178
10.585	 3.91	 1	 -40.2469	  167.8884
10.587	 2.07	 1	 -43.4804	  179.0453
10.588	 2.40	 2	 -41.6873	  174.2578
10.603	 2.10	 1	 -42.6056	  172.8967
10.608	 2.46	 1	 -43.6027	  172.5739
10.614	 2.16	 1	 -41.2153	  171.6819
10.616	 2.51	 1	 -41.4709	  175.5312
10.621	 2.09	 1	 -38.1983	  172.8255
10.625	 2.11	 1	 -40.8866	  167.4194
10.628	 2.08	 1	 -40.5907	  172.8526
10.629	 2.04	 1	 -40.5232	  171.3617
10.630	 2.03	 1	 -42.5098	  171.1242
10.646	 2.63	 1	 -39.3679	  173.3519
10.650	 2.71	 1	 -42.0835	  173.1640
10.650	 2.19	 1	 -44.9068	  174.2876
10.655	 2.48	 1	 -39.9616	  174.2178
10.665	 2.53	 1	 -46.2017	  171.5432
10.674	 4.18	 1	 -47.1588	  173.7315
10.687	 2.42	 2	 -47.2004	  173.9077
10.692	 2.90	 1	 -42.5393	  171.0873
10.693	 2.70	 1	 -41.0628	  174.8774
10.697	 2.16	 1	 -40.2520	  173.9573
10.705	 2.35	 1	 -41.8821	  167.0045
10.707	 2.00	 1	 -42.4053	  171.7184
10.721	 2.92	 1	 -42.2758	  173.6242
10.727	 2.13	 1	 -43.0411	  173.2238
10.730	 2.00	 1	 -46.6031	  170.0021
10.747	 2.32	 1	 -44.7227	  173.5781
10.758	 2.19	 1	 -42.2906	  173.8041
10.766	 2.46	 1	 -46.3828	  169.5265
10.769	 2.13	 1	 -42.2306	  174.2340
10.775	 2.88	 1	 -41.6983	  174.2907
10.798	 2.10	 1	 -46.7178	  170.2954
10.811	 2.77	 1	 -41.9204	  166.9952
10.811	 3.03	 1	 -41.8184	  174.2155
10.812	 2.04	 1	 -42.8580	  173.9796
10.824	 2.12	 1	 -40.6524	  167.5702
10.827	 2.50	 1	 -38.1981	  172.8327
10.833	 2.16	 1	 -46.4214	  169.6032
10.833	 2.33	 1	 -42.0719	  172.7446
10.843	 2.01	 1	 -42.9504	  166.9144
10.853	 2.08	 1	 -38.9515	  169.6278
10.866	 2.29	 1	 -42.4397	  173.2396
10.866	 2.99	 1	 -45.3399	  169.6485
10.875	 2.16	 1	 -41.7901	  174.2216
10.880	 2.55	 1	 -39.3969	  168.8601
10.883	 2.36	 1	 -38.3519	  174.6195
10.884	 2.32	 2	 -47.1756	  173.7301
10.886	 2.02	 1	 -40.4431	  167.7249
10.890	 2.15	 1	 -41.9869	  173.9747
10.891	 2.40	 1	 -42.9771	  173.6865
10.896	 2.81	 1	 -45.6132	  168.3705
10.900	 2.65	 1	 -41.8077	  174.2573
10.924	 2.66	 1	 -41.3620	  174.6395
10.926	 2.02	 1	 -45.5755	  175.8512
10.935	 3.79	 1	 -42.0206	  174.3429
10.937	 2.04	 1	 -46.3033	  176.6682
10.944	 2.07	 1	 -41.9533	  174.1612
10.952	 2.40	 1	 -46.7342	  174.9133
10.981	 2.53	 1	 -39.5593	  168.6341
10.987	 2.20	 1	 -42.8130	  172.0774
11.021	 2.57	 1	 -42.0479	  173.8056
11.042	 2.18	 1	 -42.1838	  170.6556
11.045	 2.30	 1	 -39.7265	  177.6203
11.053	 2.28	 1	 -42.4777	  173.0340
11.064	 2.17	 1	 -41.2093	  170.5142
11.114	 2.09	 1	 -38.1960	  173.0655
11.120	 2.58	 1	 -39.4616	  177.2771
11.138	 2.85	 1	 -42.6323	  172.9194
11.148	 2.22	 1	 -41.0025	  167.3529
11.149	 2.08	 1	 -46.7513	  175.6553
11.163	 2.28	 1	 -46.8098	  170.5627
11.185	 2.15	 1	 -42.2120	  173.6652
11.189	 2.65	 1	 -38.5872	  170.5263
11.190	 2.52	 1	 -42.0637	  174.3403
11.206	 2.88	 1	 -44.8700	  178.3748
11.209	 2.54	 1	 -43.1135	  166.9312
11.219	 2.07	 1	 -39.6982	  173.1123
11.220	 2.34	 1	 -41.7771	  174.0605
11.240	 2.40	 1	 -44.4429	  174.4434
11.243	 2.60	 1	 -40.2496	  174.9756
11.249	 2.73	 1	 -42.7245	  166.9045
11.253	 2.19	 1	 -46.8784	  175.2568
11.258	 2.24	 1	 -41.3317	  174.3655
11.265	 2.46	 1	 -47.1170	  171.9308
11.280	 2.12	 1	 -43.1574	  175.1489
11.289	 2.88	 1	 -42.4642	  173.1341
11.301	 2.02	 1	 -42.9823	  179.1927
11.302	 2.05	 1	 -41.0659	  167.3187
11.316	 2.02	 1	 -42.0495	  179.0771
11.320	 2.09	 1	 -42.4234	  174.0028
11.322	 2.89	 1	 -41.6841	  171.7065
11.332	 2.22	 1	 -41.9347	  174.2837
11.332	 2.48	 1	 -42.9039	  170.7537
11.336	 2.82	 1	 -43.0820	  172.0607
11.343	 2.48	 1	 -42.2591	  173.6704
11.345	 2.08	 1	 -43.9870	  173.4103
11.369	 2.26	 1	 -38.8550	  171.6916
11.380	 2.13	 1	 -41.6748	  173.5820
11.389	 2.87	 1	 -42.0724	  173.6705
11.403	 2.15	 1	 -40.1402	  176.9345
11.406	 2.06	 1	 -44.0944	  173.8114
11.421	 2.29	 1	 -42.4354	  173.0345
11.429	 2.83	 1	 -41.7684	  172.6161
11.463	 2.13	 1	 -42.1808	  173.9403
11.468	 2.91	 1	 -42.1464	  173.6006
11.478	 3.57	 1	 -40.1526	  172.5155
11.482	 2.18	 1	 -40.9708	  167.3706
11.487	 2.24	 1	 -40.8576	  174.7232
11.487	 2.22	 1	 -44.3314	  171.3050
11.489	 2.50	 1	 -41.4003	  173.3555
11.502	 2.21	 1	 -39.9217	  168.2039
11.504	 2.04	 1	 -42.0147	  173.4933
11.514	 2.97	 1	 -44.7868	  178.4359
11.516	 2.21	 1	 -45.9175	  168.7588
11.525	 2.28	 1	 -42.0363	  173.6687
11.546	 2.26	 1	 -41.7005	  174.2928
11.552	 2.31	 1	 -45.5446	  172.2976
11.561	 2.42	 1	 -46.3426	  176.5950
11.562	 2.33	 1	 -46.8929	  171.7570
11.565	 2.33	 1	 -43.9460	  175.1689
11.573	 2.28	 1	 -42.6171	  172.5371
11.584	 2.30	 1	 -42.3192	  173.0607
11.585	 2.29	 1	 -40.5314	  177.4889
11.589	 2.78	 1	 -41.7646	  174.2180
11.592	 2.29	 1	 -41.8909	  174.7204
11.592	 3.38	 1	 -47.0116	  171.3199
11.593	 2.23	 1	 -44.6382	  172.5005
11.616	 2.20	 1	 -42.4566	  173.1618
11.622	 2.09	 1	 -41.1745	  173.1862
11.638	 2.20	 1	 -44.0893	  172.0062
11.642	 2.56	 1	 -42.9093	  175.4303
11.673	 3.09	 1	 -42.5853	  173.1127
11.674	 2.01	 1	 -43.1692	  175.1151
11.678	 2.32	 1	 -42.6976	  174.7500
11.684	 2.61	 1	 -41.0831	  171.8738
11.685	 2.31	 1	 -41.6792	  167.0617
11.690	 2.69	 1	 -41.9336	  173.9551
11.697	 2.19	 1	 -42.4647	  174.3685
11.731	 2.07	 1	 -46.5060	  176.2639
11.732	 2.30	 1	 -42.3772	  173.5334
11.738	 2.43	 1	 -42.8067	  176.4137
11.750	 2.05	 1	 -44.9604	  170.8747
11.752	 2.36	 1	 -44.5218	  167.4334
11.767	 2.50	 1	 -42.5712	  168.7488
11.770	 2.28	 1	 -39.4727	  168.7517
11.788	 2.44	 1	 -38.5662	  175.4533
11.801	 3.47	 1	 -41.6837	  174.3327
11.809	 3.30	 1	 -46.3255	  173.5469
11.815	 2.16	 1	 -41.7605	  173.2843
11.816	 2.63	 1	 -44.8971	  175.0738
11.819	 2.09	 1	 -42.1494	  173.0888
11.834	 2.07	 1	 -41.0631	  174.0209
11.854	 2.17	 1	 -43.1520	  171.3311
11.858	 2.41	 1	 -38.4638	  170.9420
11.861	 2.04	 1	 -42.9338	  166.9131
11.873	 2.63	 1	 -42.2472	  173.7586
11.884	 2.16	 1	 -45.3132	  176.8457
11.884	 2.20	 1	 -41.7631	  174.1965
11.898	 2.08	 1	 -43.4524	  179.0520
11.921	 2.56	 1	 -44.1650	  170.7012
11.931	 2.14	 2	 -43.4503	  179.0541
11.942	 3.01	 1	 -41.7923	  174.2128
11.955	 2.38	 1	 -41.2224	  178.8037
11.975	 2.55	 1	 -41.9632	  173.8237
11.976	 2.09	 1	 -45.1971	  173.1712
11.979	 2.61	 1	 -40.0160	  175.6806
11.983	 2.19	 1	 -41.5468	  178.9380
11.986	 3.70	 1	 -43.1771	  173.4033
11.992	 2.15	 1	 -43.3442	  166.9689
12.004	 2.25	 1	 -43.1609	  172.7508
12.005	 2.51	 1	 -45.0043	  175.1873
12.011	 2.23	 1	 -44.6860	  167.5384
12.023	 2.11	 1	 -41.8912	  176.3035
12.033	 2.42	 1	 -44.9913	  178.2801
12.034	 3.31	 1	 -38.3905	  174.8022
12.042	 2.47	 1	 -42.0240	  172.0470
12.061	 2.51	 1	 -42.5427	  173.2311
12.062	 2.12	 1	 -45.7823	  177.4669
12.067	 2.57	 1	 -44.1473	  175.2582
12.083	 2.24	 1	 -41.8655	  173.6086
12.107	 2.39	 1	 -42.8867	  168.0482
12.119	 2.46	 1	 -46.4929	  169.7521
12.138	 2.35	 1	 -42.6542	  169.8473
12.147	 2.16	 1	 -42.6134	  172.6986
12.160	 2.49	 1	 -47.0588	  174.4845
12.181	 2.09	 1	 -42.9692	  172.5775
12.182	 2.21	 2	 -47.0114	  171.3169
12.184	 3.05	 1	 -40.4110	  175.2225
12.196	 2.92	 1	 -38.6199	  172.6003
12.211	 2.06	 1	 -41.9209	  179.0492
12.221	 2.05	 1	 -43.6069	  172.6698
12.223	 2.21	 1	 -44.3413	  174.3907
12.223	 4.50	 1	 -43.6540	  171.8741
12.235	 2.16	 1	 -42.5485	  173.2810
12.241	 3.27	 1	 -41.7608	  174.1431
12.244	 2.02	 1	 -40.7377	  172.6633
12.249	 2.26	 1	 -46.3193	  176.6388
12.251	 2.90	 1	 -41.3004	  173.8623
12.255	 2.28	 1	 -42.3517	  173.8607
12.262	 2.50	 1	 -42.4487	  171.6370
12.264	 2.51	 1	 -41.8629	  173.9665
12.274	 2.70	 2	 -42.6186	  173.1790
12.278	 2.06	 1	 -38.1959	  173.0240
12.279	 2.21	 1	 -45.8087	  168.6116
12.307	 3.00	 1	 -40.5036	  173.0622
12.307	 2.49	 1	 -44.8265	  175.3336
12.311	 2.11	 1	 -46.3573	  176.5671
12.321	 2.18	 1	 -42.1788	  173.5585
12.324	 2.05	 1	 -42.9550	  171.2619
12.324	 2.06	 1	 -43.3034	  173.3524
12.343	 2.30	 1	 -41.6234	  173.8368
12.354	 2.49	 1	 -43.6835	  167.0547
12.360	 2.09	 1	 -44.1192	  178.8239
12.362	 2.20	 1	 -42.3494	  173.8054
12.365	 2.86	 1	 -43.4130	  170.3670
12.369	 2.12	 2	 -38.2096	  173.5262
12.374	 3.77	 1	 -41.5953	  172.1580
12.376	 3.54	 1	 -42.5804	  173.3182
12.379	 2.62	 1	 -40.6901	  167.5444
12.392	 2.47	 1	 -42.4105	  172.8494
12.394	 4.32	 1	 -43.3423	  172.5795
12.396	 3.10	 1	 -42.0859	  166.9603
12.414	 2.13	 1	 -42.3353	  166.9237
12.417	 2.28	 1	 -44.8950	  178.3558
12.421	 2.25	 1	 -43.2379	  173.0437
12.427	 2.22	 1	 -42.4616	  170.3324
12.437	 2.04	 1	 -46.0370	  171.9119
12.444	 2.14	 1	 -40.5456	  177.3235
12.446	 2.93	 1	 -41.9474	  175.3483
12.465	 2.07	 1	 -42.3163	  179.1185
12.471	 2.89	 1	 -43.6104	  171.0782
12.473	 2.40	 1	 -42.6615	  172.7800
12.475	 2.85	 1	 -42.4134	  173.2728
12.485	 2.19	 1	 -42.1780	  173.5468
12.491	 2.02	 1	 -42.5470	  174.0937
12.501	 3.05	 1	 -42.2882	  170.1859
12.505	 2.18	 1	 -45.3105	  177.9961
12.515	 5.14	 1	 -44.1122	  170.9937
12.516	 2.11	 1	 -42.3737	  173.2029
12.531	 2.99	 1	 -41.8688	  173.9648
12.547	 2.08	 1	 -42.1669	  173.8016
12.567	 2.98	 2	 -44.1510	  170.9864
12.569	 2.52	 1	 -40.5580	  171.9693
12.576	 2.31	 1	 -46.3835	  175.2849
12.578	 2.49	 2	 -44.1185	  170.9913
12.580	 3.85	 1	 -43.3044	  171.0101
12.582	 2.26	 1	 -38.2309	  172.2605
12.583	 2.21	 1	 -43.8147	  176.6294
12.589	 2.60	 1	 -38.2232	  172.3490
12.595	 2.24	 1	 -42.2995	  174.0280
12.597	 2.02	 1	 -45.0398	  167.8040
12.601	 2.11	 1	 -42.4175	  176.8318
12.608	 2.56	 1	 -42.1784	  176.7299
12.610	 2.91	 1	 -39.4118	  175.9922
12.615	 2.35	 1	 -43.5839	  172.4110
12.622	 2.58	 1	 -41.2238	  175.1569
12.629	 2.16	 1	 -42.1468	  170.6936
12.637	 2.45	 1	 -46.3306	  171.0020
12.640	 2.27	 1	 -42.0854	  173.8686
12.657	 2.92	 1	 -41.8667	  174.1306
12.671	 3.21	 1	 -42.7685	  171.6400
12.671	 2.69	 1	 -46.7646	  172.6225
12.681	 2.61	 1	 -42.7247	  179.1398
12.682	 2.59	 2	 -42.7233	  179.1404
12.687	 2.03	 1	 -42.2377	  173.6991
12.694	 2.09	 1	 -40.7226	  177.1953
12.709	 2.29	 1	 -41.4353	  174.8201
12.709	 2.01	 1	 -42.2517	  173.6637
12.728	 2.24	 1	 -42.2869	  166.9293
12.728	 2.01	 1	 -43.7262	  171.8382
12.735	 2.40	 1	 -42.5775	  174.5125
12.754	 2.21	 1	 -42.2735	  173.8485
12.763	 2.26	 1	 -44.1812	  173.9400
12.797	 2.16	 1	 -41.3393	  167.1879
12.801	 2.53	 1	 -42.0510	  173.7247
12.812	 2.86	 1	 -47.1834	  173.3310
12.822	 2.05	 1	 -44.9606	  172.1891
12.825	 3.27	 1	 -47.1333	  172.0614
12.833	 2.33	 1	 -43.2680	  174.2829
12.835	 2.07	 1	 -41.3058	  171.2019
12.840	 2.67	 1	 -47.1704	  172.4639
12.856	 2.34	 1	 -40.7338	  167.5153
12.873	 2.17	 1	 -38.2467	  173.9387
12.885	 2.85	 1	 -42.1679	  173.5994
12.892	 2.93	 1	 -43.6538	  172.5153
12.905	 2.18	 1	 -43.1964	  175.8108
12.915	 2.46	 1	 -41.8434	  172.4355
12.936	 2.30	 1	 -41.5287	  178.9315
12.945	 2.07	 1	 -41.9412	  173.4890
12.948	 2.85	 1	 -44.1496	  178.8098
12.959	 2.28	 1	 -41.6976	  174.2736
12.964	 2.49	 1	 -40.1359	  177.2113
12.965	 2.13	 1	 -40.6629	  169.7729
12.966	 2.00	 1	 -42.6683	  174.4180
12.967	 2.28	 1	 -45.2953	  172.2286
12.969	 2.13	 1	 -43.8610	  172.8573
12.984	 2.21	 1	 -41.0316	  172.5840
13.021	 3.67	 1	 -42.4619	  173.1358
13.029	 4.24	 1	 -41.5758	  176.7916
13.043	 2.75	 1	 -40.2201	  169.7744
13.049	 2.22	 1	 -42.8365	  174.9833
13.054	 2.08	 1	 -43.6253	  179.0069
13.064	 2.66	 1	 -42.9586	  171.5094
13.065	 2.22	 1	 -42.3741	  173.3669
13.074	 2.03	 1	 -40.3499	  171.1831
13.076	 2.56	 1	 -44.6648	  178.5201
13.086	 2.17	 1	 -41.0320	  176.0089
13.089	 2.39	 1	 -42.3772	  166.9194
13.106	 2.06	 1	 -38.9623	  169.6060
13.130	 2.45	 1	 -41.7604	  174.2423
13.138	 3.42	 1	 -46.0586	  175.1777
13.149	 2.20	 1	 -46.1415	  176.9476
13.154	 2.47	 1	 -43.5571	  175.7489
13.163	 2.26	 1	 -41.1994	  170.7308
13.169	 2.30	 1	 -46.2342	  175.3591
13.176	 3.01	 1	 -40.2761	  171.5291
13.176	 3.07	 1	 -41.4676	  174.3273
13.184	 2.17	 1	 -45.8468	  175.7220
13.195	 2.03	 1	 -41.8210	  174.1732
13.195	 2.35	 2	 -47.1346	  172.0685
13.203	 2.44	 1	 -40.2999	  167.8423
13.206	 2.08	 1	 -38.9538	  171.7653
13.219	 2.13	 1	 -42.6089	  177.6482
13.228	 3.12	 1	 -47.0629	  171.5826
13.270	 2.29	 1	 -42.0874	  173.8027
13.273	 2.14	 1	 -45.6774	  168.4466
13.296	 2.33	 1	 -45.2703	  174.5396
13.308	 2.61	 1	 -42.2819	  173.6228
13.311	 2.15	 1	 -42.5121	  174.9093
13.362	 2.60	 1	 -42.1866	  173.8036
13.364	 2.58	 1	 -46.3175	  176.6420
13.366	 2.86	 1	 -42.6299	  172.6648
13.367	 2.10	 1	 -40.9722	  171.3451
13.368	 2.16	 1	 -41.9899	  175.0984
13.377	 2.04	 1	 -42.1883	  179.1014
13.379	 2.12	 1	 -42.3869	  173.3957
13.383	 2.14	 1	 -41.8704	  174.3032
13.384	 2.06	 1	 -44.6939	  175.4776
13.385	 2.19	 1	 -46.7525	  170.3923
13.388	 2.55	 1	 -42.0317	  173.1430
13.400	 2.38	 1	 -40.3028	  167.8398
13.403	 3.49	 1	 -44.4564	  168.9908
13.404	 2.09	 1	 -39.7007	  169.0000
13.405	 2.49	 1	 -44.2247	  170.3498
13.407	 2.10	 1	 -46.6822	  170.2003
13.413	 3.08	 1	 -42.3935	  171.6536
13.418	 2.10	 1	 -42.5297	  173.4418
13.419	 2.36	 1	 -47.1044	  174.2044
13.421	 2.30	 1	 -41.4281	  172.2367
13.429	 2.27	 1	 -43.2634	  172.8460
13.430	 2.22	 1	 -42.4634	  173.7595
13.456	 2.05	 1	 -39.5665	  168.6245
13.458	 2.24	 1	 -42.4864	  173.2561
13.465	 2.60	 1	 -42.3974	  174.0253
13.468	 2.01	 1	 -42.3482	  173.8710
13.470	 2.42	 1	 -47.1304	  172.0363
13.470	 2.75	 1	 -39.7179	  168.4342
13.483	 2.26	 1	 -42.3233	  171.6813
13.510	 3.32	 2	 -43.3008	  172.4905
13.519	 2.55	 1	 -42.1768	  172.5255
13.522	 2.82	 1	 -42.1882	  172.1864
13.556	 2.55	 1	 -42.3643	  173.9765
13.561	 3.47	 1	 -44.3838	  174.8051
13.570	 3.67	 1	 -42.2056	  173.0827
13.572	 2.02	 1	 -42.2475	  173.7170
13.576	 2.26	 1	 -44.7358	  176.9815
13.600	 2.06	 1	 -42.3347	  173.7310
13.610	 2.82	 1	 -40.0640	  176.6972
13.622	 2.73	 1	 -38.9073	  176.3245
13.638	 2.01	 1	 -40.6833	  178.4952
13.650	 2.04	 1	 -39.4139	  173.0809
13.675	 2.59	 1	 -46.9454	  175.0091
13.676	 2.35	 1	 -40.1854	  169.0399
13.681	 2.91	 1	 -38.2322	  172.2469
13.685	 2.80	 1	 -41.5200	  173.4440
13.696	 2.35	 2	 -44.1346	  170.9504
13.698	 2.22	 1	 -38.4432	  173.4464
13.700	 2.27	 1	 -41.9190	  171.0136
13.739	 2.94	 1	 -42.3180	  172.5287
13.743	 2.14	 2	 -41.8978	  173.3614
13.748	 2.36	 1	 -43.2655	  174.9708
13.753	 2.49	 1	 -42.3069	  173.6397
13.759	 2.20	 1	 -42.8035	  169.4613
13.797	 2.71	 2	 -44.3834	  174.7790
13.804	 2.23	 1	 -38.8395	  176.1759
13.807	 3.42	 1	 -42.2414	  173.8010
13.816	 2.44	 1	 -41.0410	  172.5968
13.826	 2.22	 1	 -47.1650	  172.3894
13.850	 2.53	 1	 -42.6788	  172.0031
13.866	 2.57	 1	 -43.8839	  175.2345
13.878	 2.10	 1	 -44.8221	  178.4103
13.889	 2.20	 1	 -39.4451	  177.2537
13.895	 2.55	 1	 -44.6486	  172.8364
13.903	 2.69	 1	 -43.1208	  173.1556
13.907	 2.25	 1	 -42.2556	  173.4909
13.910	 2.10	 2	 -42.0919	  166.9459
13.915	 3.72	 1	 -43.1750	  174.4768
13.916	 2.06	 2	 -40.1362	  177.2314
13.920	 3.22	 1	 -43.0442	  166.9231
13.926	 2.13	 1	 -46.8999	  170.8635
13.941	 2.31	 1	 -47.1862	  173.2418
13.942	 2.52	 1	 -43.9234	  170.3481
13.945	 3.04	 1	 -39.1134	  171.5724
13.959	 2.34	 1	 -42.5831	  171.6186
13.961	 3.87	 1	 -42.3800	  170.7200
13.975	 2.42	 1	 -41.4049	  178.2708
13.982	 2.45	 1	 -42.1587	  171.7963
13.986	 2.37	 1	 -41.7322	  169.9348
