# Simulation 709
# RelativeTime(days) Magnitude Generation Latitude Longitude
Time Mag Gen Lat Lon
7.019	 2.47	 1	 -46.6255	  175.9877
7.021	 2.00	 1	 -44.8218	  176.5397
7.028	 2.25	 1	 -42.8476	  172.6550
7.029	 2.59	 1	 -42.3989	  173.3504
7.041	 2.01	 1	 -41.9566	  174.1603
7.047	 2.80	 1	 -42.6138	  173.6103
7.047	 2.21	 1	 -44.5819	  167.4706
7.052	 2.74	 1	 -42.0256	  172.8722
7.053	 2.08	 1	 -43.5598	  172.4003
7.061	 2.49	 1	 -42.6928	  175.6045
7.064	 2.04	 1	 -40.9675	  176.6096
7.064	 2.13	 1	 -41.9122	  173.6419
7.066	 2.47	 1	 -41.7767	  175.4555
7.074	 2.40	 1	 -42.8790	  166.9096
7.085	 2.91	 1	 -43.3693	  170.6814
7.086	 2.07	 1	 -42.4702	  173.3329
7.090	 3.35	 1	 -42.7768	  176.1631
7.092	 2.48	 1	 -38.2111	  172.5200
7.094	 2.19	 1	 -42.0873	  173.8484
7.109	 3.53	 1	 -42.3871	  173.2059
7.118	 2.46	 1	 -45.0690	  169.2243
7.118	 2.05	 1	 -42.2450	  170.9898
7.122	 2.17	 1	 -44.8542	  170.1618
7.128	 2.28	 1	 -41.8960	  170.4842
7.137	 2.47	 1	 -39.7719	  173.1236
7.138	 2.93	 1	 -41.0814	  175.4760
7.140	 2.41	 1	 -42.1354	  172.8554
7.156	 2.86	 1	 -41.1520	  172.9920
7.157	 2.40	 2	 -41.1259	  172.8982
7.158	 2.15	 1	 -42.8293	  173.7271
7.162	 2.10	 1	 -41.5780	  173.7742
7.164	 2.02	 1	 -42.6241	  172.8844
7.165	 2.58	 1	 -45.2629	  176.1180
7.166	 2.05	 1	 -42.4385	  172.6893
7.170	 2.44	 1	 -41.6872	  175.4510
7.203	 2.50	 1	 -42.6055	  173.2324
7.211	 2.10	 1	 -43.5941	  178.8151
7.211	 2.07	 1	 -42.5944	  173.4954
7.218	 2.06	 1	 -46.5257	  172.5352
7.219	 2.76	 1	 -44.5932	  175.4119
7.225	 2.31	 1	 -44.1838	  167.2505
7.225	 2.89	 1	 -43.2919	  179.0854
7.226	 2.12	 1	 -42.4008	  172.3216
7.230	 2.36	 1	 -41.2610	  172.5812
7.230	 2.05	 1	 -41.7645	  174.2948
7.241	 2.30	 1	 -42.5315	  173.3992
7.242	 2.23	 1	 -42.0097	  175.9168
7.245	 2.08	 1	 -46.8118	  170.5689
7.257	 2.03	 1	 -44.1107	  173.9086
7.262	 2.16	 1	 -46.7910	  174.3958
7.264	 2.10	 1	 -42.8842	  173.5007
7.268	 2.32	 1	 -41.5029	  174.0418
7.268	 2.11	 1	 -42.3546	  174.0043
7.270	 2.28	 1	 -44.6246	  177.3427
7.273	 2.17	 1	 -43.0896	  172.1619
7.275	 2.52	 1	 -42.9872	  174.2617
7.277	 3.12	 1	 -38.2031	  173.3686
7.285	 2.34	 1	 -40.0267	  171.5869
7.299	 2.10	 1	 -41.8701	  175.3054
7.300	 2.26	 1	 -39.1506	  169.2532
7.301	 2.19	 1	 -41.8937	  167.4095
7.303	 2.41	 1	 -42.5691	  176.6107
7.307	 2.51	 1	 -43.1964	  174.3127
7.310	 2.34	 1	 -41.2774	  174.2504
7.313	 2.14	 1	 -38.9431	  173.2969
7.315	 2.10	 1	 -42.4365	  173.1117
7.318	 2.04	 1	 -42.4581	  175.2354
7.320	 2.83	 1	 -43.6650	  175.0060
7.333	 2.13	 1	 -47.0307	  174.6319
7.346	 2.23	 1	 -40.9335	  175.5063
7.352	 2.35	 1	 -46.2791	  176.7122
7.354	 2.48	 1	 -41.6716	  173.0984
7.359	 3.05	 1	 -41.4006	  168.5374
7.363	 2.50	 1	 -46.0788	  177.0473
7.368	 2.10	 1	 -39.6646	  174.2751
7.368	 2.25	 1	 -42.2144	  173.7444
7.379	 2.07	 1	 -41.9717	  171.5834
7.398	 2.99	 1	 -41.1446	  169.5881
7.398	 2.04	 1	 -39.1898	  169.1860
7.401	 2.33	 1	 -42.4669	  173.0860
7.402	 2.55	 1	 -42.2886	  173.5984
7.406	 2.95	 1	 -44.6618	  167.5222
7.411	 3.55	 1	 -43.5837	  172.2445
7.419	 2.50	 1	 -41.3405	  175.0894
7.423	 2.03	 1	 -46.2546	  176.7559
7.427	 2.20	 1	 -41.6091	  172.6497
7.434	 2.80	 1	 -44.1213	  173.3512
7.435	 2.16	 1	 -43.3679	  171.8111
7.443	 2.28	 2	 -43.3677	  171.8079
7.448	 2.14	 1	 -42.7631	  166.9051
7.453	 2.88	 1	 -41.3722	  174.2725
7.459	 2.94	 1	 -41.9491	  173.8172
7.461	 3.03	 1	 -42.0689	  172.2175
7.473	 2.09	 1	 -41.0055	  175.8705
7.485	 2.16	 1	 -41.6678	  174.2450
7.508	 3.00	 1	 -44.5280	  167.4372
7.508	 2.30	 1	 -38.1982	  173.2144
7.514	 2.73	 1	 -41.6399	  171.0947
7.516	 2.08	 1	 -42.1922	  179.1020
7.525	 2.00	 1	 -41.8536	  173.9474
7.539	 2.18	 1	 -42.5089	  172.9518
7.545	 2.23	 1	 -42.0001	  173.6866
7.550	 3.14	 1	 -43.1706	  173.0749
7.560	 2.13	 1	 -39.7498	  177.6479
7.571	 2.45	 1	 -45.6289	  168.3889
7.577	 2.94	 1	 -43.6330	  174.8247
7.585	 3.14	 1	 -39.4831	  177.3071
7.586	 2.03	 1	 -47.0803	  171.6840
7.590	 2.20	 1	 -41.4156	  172.9760
7.596	 3.01	 1	 -42.6736	  171.8053
7.600	 2.62	 1	 -47.1076	  174.1819
7.616	 2.02	 1	 -43.0175	  173.2823
7.620	 2.31	 1	 -42.1240	  173.6337
7.622	 2.42	 1	 -38.6169	  175.6066
7.629	 2.07	 1	 -39.6486	  168.5192
7.648	 3.08	 1	 -41.8475	  173.5849
7.654	 2.13	 1	 -40.5272	  167.6604
7.661	 2.36	 2	 -39.5229	  177.3535
7.662	 2.30	 1	 -41.9607	  173.3401
7.664	 2.79	 1	 -44.1644	  175.1501
7.678	 3.66	 1	 -42.9966	  179.1259
7.679	 2.12	 1	 -41.3616	  173.0870
7.681	 2.12	 1	 -46.1329	  169.1503
7.684	 2.15	 1	 -40.4696	  170.4568
7.688	 2.10	 1	 -42.3860	  170.8474
7.708	 2.44	 1	 -42.2063	  173.6490
7.708	 2.11	 1	 -44.1440	  174.8308
7.726	 2.16	 1	 -40.6108	  174.1248
7.727	 2.15	 1	 -40.4782	  167.6976
7.729	 2.45	 1	 -42.2370	  170.6073
7.736	 2.52	 1	 -42.2434	  173.6227
7.741	 2.07	 1	 -46.3549	  176.5183
7.745	 2.06	 1	 -42.6113	  168.6670
7.758	 2.23	 1	 -40.2199	  175.7162
7.766	 2.67	 1	 -46.9155	  175.1237
7.767	 2.31	 1	 -42.0614	  173.7445
7.773	 2.30	 1	 -40.4819	  167.6947
7.774	 2.95	 1	 -42.1216	  173.5638
7.776	 2.53	 1	 -43.4805	  171.7696
7.784	 2.22	 1	 -43.3684	  171.9164
7.791	 2.02	 1	 -41.3436	  172.7638
7.795	 2.54	 1	 -46.8693	  175.2883
7.801	 2.13	 1	 -45.9525	  175.3871
7.819	 2.65	 1	 -42.4533	  172.1611
7.821	 2.09	 1	 -42.6606	  172.8651
7.822	 2.30	 1	 -41.9700	  173.1069
7.824	 2.30	 1	 -45.8621	  168.6826
7.828	 2.21	 1	 -42.3499	  174.1669
7.830	 2.67	 1	 -43.7961	  172.0410
7.831	 2.71	 1	 -42.4067	  173.9097
7.833	 2.21	 1	 -46.7664	  175.6120
7.836	 2.15	 1	 -42.5116	  173.1025
7.836	 2.89	 1	 -45.2307	  178.0722
7.838	 2.16	 1	 -42.8616	  173.7049
7.851	 2.08	 1	 -42.4990	  173.9392
7.852	 2.25	 1	 -42.6088	  172.9334
7.853	 2.21	 1	 -42.6233	  172.9360
7.856	 4.95	 1	 -42.5353	  171.7164
7.857	 3.09	 2	 -42.5918	  171.6395
7.859	 2.46	 1	 -42.2681	  171.5410
7.860	 2.21	 1	 -45.0513	  172.7369
7.860	 2.04	 1	 -42.4197	  173.1815
7.865	 2.70	 1	 -44.1479	  175.2650
7.871	 2.11	 1	 -44.4738	  175.1140
7.871	 3.30	 1	 -39.5792	  168.6079
7.873	 2.23	 2	 -41.6876	  175.4516
7.873	 2.58	 1	 -43.7211	  167.0665
7.874	 2.96	 1	 -47.1468	  172.1843
7.883	 3.57	 1	 -47.0484	  174.5407
7.891	 2.22	 1	 -41.1013	  178.7441
7.891	 2.02	 1	 -39.7837	  169.6712
7.892	 2.36	 1	 -42.6691	  176.0651
7.901	 2.11	 1	 -38.8646	  176.2321
7.906	 2.89	 1	 -39.1719	  169.2163
7.912	 2.16	 1	 -42.3807	  172.9670
7.913	 2.23	 1	 -38.3492	  174.6059
7.915	 2.35	 1	 -38.4426	  171.0236
7.916	 2.84	 1	 -42.5346	  171.6132
7.921	 2.21	 1	 -46.4427	  169.6466
7.923	 2.11	 1	 -39.1817	  176.8446
7.935	 2.09	 1	 -45.1999	  172.5718
7.944	 2.78	 1	 -41.7785	  174.1657
7.944	 2.24	 1	 -41.2826	  169.8706
7.945	 3.12	 1	 -45.2277	  178.0750
7.946	 2.10	 1	 -43.0101	  175.0953
7.958	 2.68	 1	 -43.3942	  172.3875
7.962	 2.33	 1	 -47.1833	  173.3350
7.967	 3.30	 1	 -43.0542	  179.1201
7.969	 2.01	 1	 -43.8940	  173.3138
7.974	 2.17	 2	 -39.5679	  168.5723
8.008	 2.30	 1	 -44.3531	  170.0208
8.021	 2.26	 1	 -43.9625	  172.2052
8.024	 2.03	 1	 -44.4079	  170.5847
8.025	 2.10	 1	 -43.5984	  179.0145
8.032	 2.57	 2	 -42.4688	  171.6521
8.045	 3.02	 1	 -42.5524	  173.2684
8.048	 2.13	 1	 -39.8506	  171.5029
8.049	 2.24	 1	 -45.3563	  177.9509
8.056	 2.01	 1	 -44.4162	  169.3670
8.058	 2.43	 1	 -42.2688	  173.5535
8.062	 2.61	 1	 -42.9016	  173.2316
8.068	 2.05	 1	 -43.4686	  172.4485
8.079	 2.01	 1	 -42.2786	  176.1943
8.082	 2.41	 1	 -42.5960	  173.4366
8.094	 2.20	 1	 -42.5025	  172.4186
8.098	 2.31	 1	 -43.3736	  176.6769
8.100	 2.17	 1	 -41.6963	  174.0010
8.123	 2.37	 1	 -44.7916	  178.4324
8.149	 2.69	 1	 -42.5149	  172.7362
8.153	 2.00	 1	 -46.5966	  169.9868
8.154	 2.69	 1	 -38.1988	  172.8042
8.157	 2.85	 1	 -41.8243	  177.4131
8.157	 3.45	 1	 -42.1205	  177.0226
8.163	 2.29	 2	 -47.1688	  173.3378
8.178	 2.13	 1	 -42.1304	  171.5078
8.190	 2.75	 1	 -39.3938	  168.8647
8.192	 2.16	 1	 -38.4580	  170.9641
8.196	 2.67	 1	 -39.3811	  168.8833
8.196	 2.59	 1	 -41.3114	  173.0931
8.198	 2.28	 1	 -42.2455	  171.1055
8.216	 2.66	 1	 -38.4381	  172.9380
8.231	 2.68	 1	 -42.6754	  169.8313
8.232	 2.23	 1	 -47.1799	  173.4145
8.233	 2.32	 1	 -42.6041	  171.6426
8.238	 2.13	 1	 -46.5627	  171.6861
8.241	 2.14	 1	 -44.8282	  176.5380
8.245	 2.14	 1	 -41.0212	  175.3295
8.260	 2.62	 1	 -38.7283	  172.1474
8.263	 2.00	 1	 -42.7202	  175.3923
8.265	 2.13	 1	 -46.8952	  175.1979
8.266	 2.11	 1	 -43.1208	  173.6527
8.267	 2.14	 1	 -47.1230	  171.9765
8.268	 2.17	 1	 -41.7424	  174.6718
8.275	 2.97	 1	 -43.3397	  169.9339
8.275	 2.66	 1	 -46.3194	  169.6551
8.276	 2.09	 1	 -38.2150	  173.5843
8.285	 2.22	 1	 -43.5188	  173.5472
8.285	 2.01	 1	 -45.3003	  169.3506
8.287	 2.14	 1	 -44.6106	  167.4888
8.290	 2.47	 1	 -43.8434	  175.9543
8.297	 2.14	 1	 -38.1961	  173.0770
8.301	 2.06	 1	 -40.8334	  173.7554
8.302	 2.09	 1	 -41.6515	  174.4716
8.322	 2.92	 1	 -43.6425	  173.5512
8.328	 2.67	 1	 -43.0824	  171.7923
8.337	 2.08	 1	 -45.4740	  172.1715
8.340	 2.25	 1	 -44.5413	  168.2478
8.348	 2.04	 1	 -43.6483	  174.3689
8.352	 3.19	 1	 -42.1910	  173.6952
8.365	 2.54	 1	 -45.9992	  176.5840
8.376	 2.30	 1	 -38.3538	  171.4151
8.378	 2.30	 1	 -38.6272	  175.3704
8.378	 2.15	 1	 -41.0308	  175.1844
8.383	 2.10	 1	 -38.2612	  174.0605
8.387	 2.26	 1	 -39.7592	  171.9290
8.389	 2.43	 1	 -47.1830	  173.3429
8.390	 2.16	 1	 -46.7863	  170.4912
8.422	 2.54	 1	 -42.0531	  177.1727
8.429	 2.80	 1	 -45.6090	  168.3656
8.435	 2.88	 1	 -43.3411	  179.0760
8.438	 2.17	 1	 -40.0378	  168.0844
8.440	 2.40	 1	 -46.5421	  169.8604
8.461	 2.30	 1	 -43.0807	  179.7199
8.465	 2.13	 1	 -42.2880	  173.6405
8.467	 2.19	 1	 -42.1687	  173.6087
8.468	 2.02	 1	 -39.2331	  175.8375
8.471	 2.29	 1	 -41.8134	  174.2619
8.478	 2.24	 1	 -39.5868	  176.0618
8.501	 2.90	 1	 -40.9892	  174.9890
8.508	 2.17	 1	 -47.1840	  173.3132
8.517	 2.38	 1	 -47.0558	  174.5010
8.518	 3.75	 1	 -43.1952	  168.9378
8.534	 2.33	 1	 -42.6110	  173.8631
8.536	 2.10	 1	 -41.3154	  169.2907
8.541	 2.32	 2	 -43.5089	  173.5451
8.543	 2.87	 1	 -41.6649	  174.3145
8.557	 2.08	 1	 -43.1221	  171.8216
8.564	 2.00	 1	 -41.9543	  174.0720
8.569	 2.10	 1	 -41.7180	  174.2603
8.574	 2.36	 1	 -44.6310	  169.9542
8.574	 2.13	 1	 -46.9000	  170.8636
8.576	 2.72	 1	 -42.7710	  173.9605
8.579	 3.06	 1	 -44.5690	  167.4625
8.586	 2.30	 1	 -44.7076	  174.2600
8.600	 2.20	 1	 -41.8527	  173.5155
8.607	 2.30	 1	 -42.1865	  167.7231
8.616	 2.02	 1	 -41.9230	  172.4292
8.622	 2.13	 1	 -40.0490	  172.5234
8.628	 2.01	 1	 -45.8163	  175.8139
8.634	 3.18	 1	 -41.1012	  170.3699
8.645	 2.22	 1	 -46.3655	  169.4930
8.658	 3.06	 1	 -43.1190	  179.1124
8.663	 2.35	 1	 -42.8560	  173.5117
8.669	 2.59	 1	 -45.2106	  173.6949
8.670	 2.92	 1	 -42.2500	  170.4966
8.674	 2.06	 1	 -44.4295	  178.6651
8.681	 2.22	 1	 -38.3184	  174.4403
8.687	 3.20	 1	 -44.5405	  167.4449
8.696	 2.98	 1	 -41.5401	  178.9356
8.704	 2.43	 1	 -38.2111	  173.5234
8.720	 2.50	 1	 -40.8064	  174.0704
8.723	 2.50	 1	 -43.4199	  174.9806
8.732	 2.08	 1	 -44.4458	  170.6310
8.733	 2.78	 1	 -39.4050	  168.8482
8.739	 2.22	 1	 -44.6675	  173.2204
8.742	 2.21	 1	 -42.6391	  166.9048
8.771	 2.03	 1	 -42.0181	  173.7188
8.778	 2.65	 1	 -39.3007	  177.0386
8.792	 2.56	 1	 -42.0621	  169.2405
8.794	 2.90	 1	 -45.7789	  177.0170
8.796	 2.77	 1	 -41.8254	  173.1962
8.798	 3.10	 1	 -43.2173	  171.4790
8.813	 2.76	 1	 -42.6116	  173.1446
8.815	 2.30	 1	 -42.5063	  173.0641
8.831	 2.53	 1	 -42.8597	  171.9363
8.844	 2.40	 1	 -42.4775	  166.9113
8.847	 2.08	 1	 -42.9825	  172.3306
8.850	 3.19	 2	 -43.2192	  171.4839
8.857	 2.15	 1	 -38.1961	  172.9663
8.858	 2.14	 1	 -41.5521	  178.9399
8.864	 2.24	 1	 -43.0262	  172.3501
8.867	 2.05	 1	 -41.1224	  167.2894
8.867	 2.52	 1	 -46.0509	  168.9540
8.867	 3.11	 1	 -39.9850	  168.1377
8.869	 2.34	 1	 -46.0477	  177.0953
8.872	 2.82	 1	 -40.9365	  174.3277
8.882	 2.05	 1	 -44.3162	  172.3631
8.891	 2.59	 1	 -40.3988	  171.8009
8.895	 2.37	 1	 -43.7927	  173.4354
8.901	 3.09	 1	 -38.5135	  170.7638
8.906	 2.16	 1	 -40.5435	  169.9459
8.914	 3.36	 1	 -38.6947	  170.2218
8.925	 2.28	 1	 -42.7950	  173.4491
8.931	 2.95	 1	 -40.3864	  172.9224
8.931	 2.97	 1	 -41.2702	  173.4769
8.932	 2.17	 1	 -45.3269	  175.3954
8.933	 2.61	 1	 -39.6703	  168.4922
8.941	 2.12	 1	 -42.5412	  172.3109
8.962	 2.45	 1	 -41.0428	  168.1073
8.965	 2.24	 1	 -40.1994	  167.9308
8.966	 2.50	 1	 -41.7090	  174.1988
8.985	 2.39	 1	 -46.9358	  175.0465
8.985	 2.60	 1	 -42.2617	  172.1180
8.991	 2.41	 1	 -42.8867	  170.1599
8.994	 2.68	 1	 -39.3871	  177.1698
9.004	 2.28	 1	 -41.7881	  174.1679
9.014	 2.63	 1	 -41.7245	  174.2889
9.020	 2.70	 1	 -41.5394	  170.1608
9.033	 2.52	 1	 -46.6830	  174.0695
9.033	 2.30	 1	 -38.9379	  175.1371
9.041	 2.38	 1	 -42.4087	  174.2689
9.047	 2.71	 1	 -42.7155	  179.1399
9.059	 2.37	 1	 -42.4828	  173.2144
9.065	 2.03	 1	 -41.9727	  173.9090
9.074	 2.50	 1	 -43.9424	  174.8130
9.078	 2.30	 1	 -42.1543	  173.8217
9.095	 2.51	 1	 -42.9522	  173.0664
9.101	 2.19	 1	 -41.7353	  172.1904
9.117	 2.04	 1	 -41.6891	  174.1788
9.119	 2.21	 1	 -42.1834	  173.6000
9.120	 2.02	 1	 -42.2467	  173.8302
9.125	 2.05	 1	 -43.8470	  171.1208
9.137	 2.73	 1	 -42.4654	  173.1464
9.156	 2.34	 1	 -42.6062	  174.9800
9.159	 2.95	 1	 -45.1150	  172.7338
9.159	 2.82	 1	 -44.2882	  177.2472
9.165	 2.35	 1	 -46.9637	  171.1094
9.167	 2.86	 1	 -43.9991	  173.5605
9.167	 3.02	 1	 -38.9523	  169.6263
9.175	 2.30	 1	 -42.5392	  172.9224
9.176	 2.69	 1	 -43.4452	  173.6615
9.185	 2.19	 1	 -42.6431	  174.3452
9.195	 2.58	 1	 -43.9378	  174.0077
9.198	 2.20	 1	 -39.4755	  172.0123
9.199	 2.49	 1	 -44.8827	  174.3090
9.202	 2.31	 1	 -40.3086	  177.4067
9.206	 2.90	 1	 -44.3337	  172.9648
9.210	 2.06	 1	 -41.5003	  178.9210
9.218	 2.46	 1	 -41.9023	  174.1227
9.229	 2.52	 1	 -42.2400	  173.0818
9.231	 2.65	 1	 -39.2413	  176.9439
9.237	 2.11	 1	 -42.4641	  173.2314
9.244	 2.23	 1	 -42.5864	  174.9513
9.250	 2.02	 1	 -45.8655	  171.0909
9.258	 2.04	 1	 -45.0049	  167.7752
9.269	 3.13	 1	 -44.6494	  173.1499
9.274	 2.45	 1	 -41.7601	  173.0943
9.274	 3.66	 2	 -41.8088	  172.5635
9.290	 3.11	 1	 -43.6531	  171.3274
9.299	 2.35	 1	 -44.1718	  171.8929
9.304	 2.94	 1	 -45.1480	  178.1473
9.316	 2.11	 1	 -43.5116	  174.9360
9.316	 2.09	 1	 -41.7861	  171.3120
9.352	 2.34	 1	 -42.4893	  173.6785
9.353	 2.23	 1	 -42.4149	  173.2156
9.381	 2.92	 1	 -42.0499	  173.7052
9.382	 2.03	 1	 -45.8918	  174.5385
9.383	 3.02	 1	 -42.1812	  173.5576
9.387	 2.27	 1	 -41.5540	  167.1037
9.397	 2.28	 1	 -39.5056	  176.0593
9.403	 2.44	 1	 -42.7575	  173.4415
9.419	 2.46	 1	 -41.7138	  174.2158
9.424	 2.22	 1	 -41.5567	  167.1027
9.424	 2.07	 1	 -40.4111	  167.7502
9.432	 2.25	 1	 -42.4831	  173.3013
9.439	 2.72	 1	 -38.2215	  172.3700
9.443	 3.12	 1	 -42.5634	  173.9892
9.450	 2.75	 1	 -42.3365	  170.2722
9.457	 2.42	 1	 -43.8657	  175.3537
9.464	 2.12	 1	 -40.3810	  175.4036
9.472	 2.19	 1	 -42.1894	  173.7576
9.473	 2.72	 1	 -39.2505	  170.4831
9.485	 2.19	 1	 -41.7235	  174.3202
9.490	 4.30	 1	 -46.1645	  169.1345
9.493	 2.10	 1	 -44.5461	  169.9285
9.495	 2.04	 1	 -44.0408	  178.8584
9.500	 2.45	 1	 -43.5111	  167.0065
9.523	 2.12	 3	 -41.8101	  172.5627
9.526	 2.10	 1	 -42.2609	  173.7621
9.539	 2.28	 1	 -41.7122	  174.3974
9.549	 2.06	 1	 -42.1649	  173.4975
9.551	 2.38	 2	 -46.0090	  168.9590
9.565	 3.22	 1	 -42.0857	  173.3992
9.571	 2.75	 1	 -42.1165	  173.5653
9.614	 2.07	 1	 -42.0518	  173.7040
9.615	 3.58	 1	 -41.6335	  169.0275
9.616	 2.66	 1	 -41.6906	  174.1395
9.624	 2.07	 1	 -42.9654	  173.3796
9.633	 2.10	 1	 -42.7350	  172.8194
9.634	 2.01	 1	 -42.1378	  172.7292
9.636	 2.13	 1	 -41.3648	  170.0213
9.638	 2.70	 1	 -39.4786	  174.6361
9.641	 2.99	 1	 -46.0284	  177.1244
9.643	 2.06	 1	 -42.2874	  173.7983
9.654	 2.97	 1	 -42.1888	  173.3943
9.654	 2.41	 1	 -44.2039	  171.8458
9.660	 2.25	 1	 -42.2388	  170.6752
9.661	 2.75	 1	 -43.4876	  172.8042
9.663	 2.30	 1	 -42.6120	  174.3997
9.671	 2.44	 1	 -40.0471	  168.0751
9.674	 2.40	 1	 -41.7803	  174.3618
9.674	 2.81	 1	 -43.1610	  174.9216
9.678	 2.04	 1	 -43.6461	  179.0008
9.686	 2.03	 1	 -42.0468	  173.4967
9.690	 2.08	 1	 -45.0521	  167.8143
9.697	 2.36	 1	 -42.6142	  174.7205
9.710	 2.24	 1	 -38.2292	  172.2794
9.721	 2.35	 1	 -43.5354	  172.7300
9.726	 2.35	 1	 -41.9620	  174.2138
9.747	 2.09	 1	 -46.3258	  169.4177
9.749	 3.93	 2	 -42.0991	  173.4159
9.750	 2.21	 1	 -42.0964	  173.4259
9.752	 2.49	 1	 -43.5728	  169.8938
9.752	 2.23	 1	 -40.9756	  167.3679
9.758	 2.40	 1	 -41.9110	  173.3136
9.767	 2.58	 1	 -40.0494	  168.0728
9.768	 2.35	 1	 -42.6357	  172.8891
9.769	 2.70	 1	 -43.4435	  166.9902
9.773	 2.54	 1	 -43.6021	  173.1575
9.787	 2.31	 1	 -44.1630	  171.6161
9.791	 2.08	 1	 -40.1577	  175.7521
9.807	 2.07	 1	 -42.6502	  173.9983
9.807	 2.22	 1	 -42.4485	  175.0031
9.827	 2.00	 1	 -42.9109	  172.4322
9.848	 2.16	 1	 -40.2929	  176.3787
9.855	 2.14	 1	 -42.4493	  175.3629
9.867	 3.01	 1	 -42.6133	  173.3146
9.886	 2.01	 1	 -38.1959	  173.0098
9.891	 2.25	 1	 -42.3350	  173.7232
9.899	 2.31	 2	 -46.1713	  169.1071
9.917	 2.09	 2	 -44.3366	  172.9736
9.948	 2.52	 1	 -40.1403	  171.3778
9.957	 2.43	 1	 -42.4734	  173.3602
9.959	 2.38	 1	 -46.3997	  176.4846
9.966	 2.08	 1	 -46.9633	  171.1078
9.977	 2.68	 1	 -42.1490	  173.5787
9.977	 2.25	 1	 -41.9736	  171.4494
9.982	 2.69	 1	 -43.0265	  173.4012
9.986	 2.17	 1	 -44.7459	  167.5795
9.989	 2.00	 1	 -42.6053	  174.7703
9.991	 2.15	 1	 -42.6256	  179.1393
9.995	 2.26	 1	 -41.0048	  167.3516
10.000	 2.05	 1	 -42.4684	  172.9255
10.013	 2.04	 1	 -42.3793	  173.7237
10.022	 2.19	 1	 -43.4254	  170.8352
10.022	 2.20	 1	 -42.1577	  173.3311
10.026	 2.06	 1	 -43.1122	  172.2291
10.030	 2.05	 1	 -47.0900	  174.2995
10.031	 2.12	 1	 -47.1696	  172.4519
10.042	 2.46	 1	 -40.7880	  178.1499
10.045	 2.21	 1	 -44.9313	  167.7165
10.048	 2.11	 1	 -41.9012	  174.0298
10.064	 3.11	 1	 -42.2714	  179.1131
10.067	 2.04	 1	 -44.6250	  172.7378
10.069	 2.38	 1	 -38.6707	  170.2859
10.078	 2.28	 1	 -45.3637	  175.1420
10.080	 2.07	 1	 -41.7186	  174.1408
10.089	 3.32	 1	 -42.2957	  174.4183
10.093	 2.09	 1	 -41.9760	  173.1926
10.095	 2.34	 1	 -42.8672	  173.3835
10.112	 2.04	 1	 -40.1750	  175.8112
10.113	 2.28	 1	 -44.0130	  172.3718
10.132	 2.46	 1	 -41.5883	  170.7986
10.134	 2.27	 1	 -43.0795	  173.0023
10.143	 2.04	 1	 -41.8601	  173.8313
10.152	 2.10	 1	 -42.4554	  173.9138
10.167	 2.02	 1	 -41.4715	  172.4420
10.168	 2.01	 1	 -39.5704	  173.9523
10.169	 2.02	 1	 -47.0162	  174.7023
10.180	 2.22	 1	 -41.8049	  175.0755
10.182	 3.61	 1	 -42.0208	  173.8215
10.191	 2.35	 1	 -41.0501	  172.5431
10.202	 2.09	 1	 -42.2004	  173.9386
10.208	 2.25	 1	 -42.7723	  174.0005
10.222	 2.85	 1	 -45.7603	  177.4950
10.223	 2.08	 1	 -42.9409	  166.9792
10.238	 3.21	 1	 -40.8866	  174.3654
10.260	 2.17	 1	 -41.4860	  171.4540
10.261	 3.05	 1	 -43.7063	  173.9306
10.282	 2.85	 1	 -42.7315	  170.9753
10.282	 2.12	 1	 -40.5619	  175.7097
10.295	 2.30	 1	 -42.2930	  173.3913
10.296	 2.01	 1	 -41.5141	  174.0520
10.304	 2.02	 1	 -41.3658	  175.4477
10.309	 2.71	 1	 -42.2077	  174.3241
10.312	 2.46	 1	 -46.9029	  170.9908
10.315	 2.09	 1	 -45.9273	  168.7725
10.318	 2.13	 1	 -42.3895	  173.2614
10.330	 2.10	 1	 -42.2374	  173.5607
10.330	 2.92	 1	 -43.9460	  172.6557
10.335	 3.34	 1	 -44.0788	  167.2023
10.354	 2.16	 1	 -41.3524	  167.1824
10.356	 2.27	 1	 -43.2966	  173.3531
10.358	 2.35	 1	 -41.6982	  175.5796
10.359	 2.12	 1	 -45.8011	  175.5841
10.363	 3.65	 1	 -39.2515	  169.0839
10.364	 2.97	 1	 -41.0625	  174.2401
10.375	 2.26	 1	 -41.7144	  174.3415
10.388	 2.57	 1	 -44.7591	  178.4556
10.391	 2.20	 1	 -42.3931	  171.5640
10.400	 2.28	 1	 -38.4344	  174.9879
10.426	 2.43	 1	 -45.5324	  172.5206
10.432	 2.30	 1	 -41.1255	  170.8861
10.439	 2.40	 2	 -46.1764	  169.1230
10.455	 2.03	 3	 -42.0933	  173.4194
10.464	 2.51	 1	 -41.7615	  174.2667
10.489	 2.65	 1	 -40.6151	  168.9293
10.497	 2.17	 1	 -45.2139	  167.9566
10.511	 2.17	 1	 -40.3159	  175.0686
10.512	 3.12	 2	 -40.3089	  175.0598
10.517	 2.14	 1	 -42.6720	  173.1145
10.525	 2.13	 1	 -43.5260	  169.0302
10.529	 2.98	 1	 -42.3851	  174.9642
10.529	 2.58	 2	 -42.3771	  174.9543
10.541	 3.15	 1	 -43.2999	  170.6931
10.549	 2.54	 1	 -42.5465	  173.6926
10.550	 2.74	 1	 -43.9644	  178.8901
10.551	 2.33	 1	 -43.0075	  172.8525
10.561	 2.14	 1	 -44.8554	  178.3858
10.563	 3.05	 1	 -41.3425	  175.1937
10.582	 2.06	 1	 -41.8402	  172.9742
10.591	 2.05	 1	 -40.0140	  177.9361
10.593	 3.23	 1	 -41.2124	  167.2453
10.601	 2.13	 1	 -38.7871	  176.0544
10.603	 2.34	 1	 -42.7019	  179.1399
10.604	 2.09	 1	 -44.1101	  172.7796
10.612	 2.18	 1	 -42.2788	  172.2143
10.614	 2.00	 1	 -45.4179	  177.0494
10.621	 2.07	 1	 -45.3049	  175.4895
10.622	 2.49	 1	 -41.8375	  174.2504
10.627	 2.13	 1	 -38.6460	  175.6898
10.636	 2.31	 1	 -41.9407	  171.8435
10.645	 2.86	 1	 -42.6879	  174.3096
10.648	 3.43	 1	 -38.2566	  174.0233
10.662	 2.98	 1	 -44.1162	  172.1408
10.679	 2.35	 1	 -38.6684	  170.2923
10.699	 3.24	 1	 -42.1576	  175.3609
10.716	 2.33	 1	 -44.2400	  167.4116
10.717	 2.20	 2	 -43.4407	  166.9892
10.719	 2.14	 1	 -42.1796	  173.7744
10.727	 2.69	 1	 -40.6781	  178.4917
10.745	 3.18	 1	 -42.5661	  173.0404
10.746	 2.14	 1	 -47.1796	  172.6243
10.753	 2.02	 1	 -46.7346	  174.5360
10.756	 2.54	 1	 -41.4809	  173.4659
10.767	 2.01	 1	 -40.8422	  176.1049
10.776	 3.26	 1	 -44.0339	  169.9837
10.776	 3.16	 2	 -44.0414	  169.9839
10.777	 2.12	 1	 -43.7680	  178.9624
10.783	 2.03	 2	 -44.0897	  167.1917
10.784	 2.22	 1	 -46.4239	  173.5041
10.788	 3.91	 1	 -42.5784	  174.1527
10.793	 2.03	 2	 -42.5725	  174.1467
10.810	 3.49	 1	 -42.2412	  175.3704
10.827	 2.25	 1	 -42.8206	  167.0339
10.837	 2.04	 1	 -38.2229	  172.3535
10.847	 2.11	 1	 -41.7598	  173.2128
10.854	 2.02	 1	 -43.5000	  171.4613
10.891	 2.58	 1	 -39.6577	  168.5078
10.907	 2.30	 1	 -44.3527	  170.1635
10.940	 2.56	 1	 -43.2407	  170.4695
10.957	 2.84	 1	 -42.3528	  173.7220
10.963	 2.27	 1	 -43.2264	  174.1719
10.977	 2.04	 1	 -43.3302	  173.5410
10.979	 3.05	 1	 -42.2041	  173.5155
11.006	 2.34	 1	 -43.7106	  170.4325
11.006	 2.33	 2	 -38.2464	  174.0720
11.008	 3.10	 1	 -43.8325	  171.7249
11.013	 2.10	 1	 -45.0097	  167.7792
11.030	 3.07	 1	 -38.3644	  174.6812
11.042	 2.42	 1	 -39.0064	  176.5258
11.048	 2.25	 1	 -41.0513	  167.3264
11.050	 2.12	 1	 -43.7327	  178.9740
11.052	 2.28	 1	 -43.1093	  166.9307
11.064	 2.36	 1	 -42.9139	  174.7300
11.084	 3.38	 1	 -41.9956	  177.9675
11.090	 2.30	 1	 -40.8286	  175.7775
11.095	 2.23	 1	 -41.7851	  174.3691
11.097	 3.11	 1	 -43.3641	  175.7913
11.100	 2.08	 1	 -43.8659	  174.0694
11.104	 2.71	 1	 -43.0928	  166.9286
11.108	 2.71	 1	 -39.0948	  169.3524
11.111	 2.42	 1	 -41.0125	  172.8223
11.139	 2.24	 1	 -43.4108	  173.5514
11.148	 2.08	 1	 -44.1699	  167.2439
11.151	 2.65	 1	 -43.4251	  178.5696
11.158	 2.02	 1	 -42.6165	  172.9624
11.159	 2.14	 1	 -42.8819	  167.1084
11.176	 2.26	 1	 -42.3024	  173.0891
11.190	 2.13	 1	 -42.0750	  175.6224
11.202	 2.65	 1	 -43.2904	  174.4744
11.209	 2.48	 1	 -42.1125	  172.9081
11.227	 2.05	 1	 -41.0237	  172.8915
11.227	 2.28	 1	 -42.2532	  171.7879
11.235	 2.49	 1	 -43.2477	  174.9423
11.245	 3.16	 1	 -46.2600	  169.2979
11.255	 2.13	 1	 -41.7984	  174.1194
11.259	 2.56	 1	 -42.4883	  173.4327
11.276	 2.10	 1	 -39.4685	  168.7575
11.288	 2.51	 1	 -40.1671	  178.0840
11.291	 2.81	 1	 -41.2225	  168.1648
11.298	 2.54	 1	 -38.7500	  175.9640
11.300	 2.36	 1	 -38.2050	  173.4106
11.304	 2.13	 1	 -42.2243	  173.7136
11.324	 3.20	 1	 -39.0648	  176.6369
11.325	 2.04	 1	 -42.1269	  174.6726
11.334	 2.21	 1	 -42.1969	  179.1027
11.338	 2.99	 1	 -38.3958	  174.8260
11.344	 2.15	 1	 -40.4987	  173.3591
11.346	 2.76	 1	 -38.7788	  170.0098
11.348	 2.22	 1	 -38.2728	  171.8959
11.351	 2.28	 1	 -47.0720	  174.4093
11.357	 2.39	 1	 -44.6504	  178.8622
11.374	 2.66	 1	 -42.1738	  179.0991
11.375	 3.58	 1	 -44.1604	  174.8550
11.376	 2.28	 1	 -43.2719	  168.6025
11.381	 3.16	 1	 -43.6707	  176.1168
11.382	 2.68	 1	 -41.9317	  173.9715
11.385	 2.37	 1	 -42.6150	  172.9620
11.396	 2.21	 1	 -38.2433	  172.1369
11.396	 2.82	 1	 -40.7136	  173.3420
11.402	 2.94	 1	 -45.6342	  171.4779
11.403	 3.16	 1	 -45.8462	  171.7179
11.405	 2.08	 1	 -42.9259	  170.8088
11.410	 2.98	 1	 -45.3870	  168.1243
11.418	 2.36	 1	 -43.1659	  175.5096
11.422	 2.97	 1	 -41.0933	  167.3043
11.425	 4.05	 1	 -46.8790	  170.7896
11.425	 2.11	 1	 -42.9035	  175.6052
11.427	 2.01	 1	 -42.3658	  176.0513
11.457	 2.24	 1	 -44.3850	  178.6901
11.466	 2.14	 1	 -43.1216	  175.6764
11.468	 2.33	 1	 -40.7927	  167.7688
11.492	 2.88	 1	 -38.8839	  176.2744
11.501	 2.29	 2	 -44.1579	  174.8569
11.513	 2.39	 1	 -44.5604	  167.4572
11.521	 2.63	 1	 -42.4435	  173.1044
11.542	 2.19	 1	 -40.9275	  169.5902
11.556	 2.11	 1	 -45.3827	  168.1199
11.559	 2.40	 1	 -42.4724	  179.1326
11.561	 2.24	 1	 -42.8132	  175.2356
11.579	 2.24	 1	 -41.2592	  167.2235
11.581	 2.32	 1	 -43.1986	  175.5616
11.584	 2.96	 1	 -41.8127	  174.3328
11.587	 2.01	 1	 -40.6189	  171.7826
11.593	 2.26	 1	 -40.3599	  174.1562
11.610	 2.19	 1	 -40.7669	  178.5506
11.617	 2.15	 1	 -42.3909	  172.3080
11.618	 2.29	 1	 -43.0825	  176.0752
11.624	 2.04	 1	 -42.3801	  173.3003
11.638	 2.64	 1	 -38.2256	  172.3209
11.640	 2.18	 2	 -38.2218	  172.3197
11.645	 2.36	 1	 -42.3326	  173.6375
11.656	 2.21	 1	 -43.5266	  171.7950
11.659	 2.56	 1	 -39.4768	  169.9219
11.665	 2.42	 1	 -41.9939	  172.5293
11.678	 2.33	 1	 -42.1826	  173.8190
11.690	 2.32	 1	 -42.1512	  175.8228
11.733	 2.11	 1	 -39.3437	  177.1048
11.736	 2.14	 1	 -42.6532	  170.5032
11.744	 2.17	 1	 -42.3023	  173.6415
11.753	 3.18	 1	 -42.3903	  172.8386
11.753	 2.25	 1	 -45.1781	  173.3804
11.774	 2.29	 1	 -41.6434	  172.5531
11.797	 3.58	 1	 -42.1119	  173.5961
11.804	 2.83	 1	 -42.7083	  173.5023
11.808	 2.61	 1	 -44.9243	  177.4334
11.813	 2.35	 1	 -40.9922	  167.3586
11.813	 2.01	 1	 -42.3199	  173.4739
11.815	 2.52	 1	 -39.4255	  168.8185
11.823	 2.93	 1	 -40.4778	  178.3464
11.825	 2.02	 1	 -43.3584	  174.6088
11.829	 2.13	 1	 -43.5172	  175.2353
11.831	 2.06	 1	 -41.6840	  178.9841
11.839	 3.14	 1	 -43.2854	  177.2882
11.846	 2.31	 1	 -42.2792	  169.9412
11.853	 2.10	 1	 -41.8027	  174.1913
11.865	 2.38	 2	 -41.6253	  173.4148
11.867	 2.08	 1	 -42.6860	  172.7494
11.873	 2.35	 1	 -38.4146	  174.9069
11.880	 2.00	 1	 -38.1974	  173.1812
11.885	 2.24	 1	 -42.6883	  173.1504
11.886	 2.54	 1	 -45.3153	  177.9915
11.888	 2.36	 1	 -42.1800	  174.0655
11.903	 3.38	 1	 -43.5690	  175.5353
11.907	 2.22	 1	 -41.8046	  174.2390
11.923	 2.48	 1	 -42.9304	  173.0669
11.927	 2.18	 1	 -47.1835	  172.7166
11.953	 2.37	 1	 -43.9612	  174.3538
11.958	 2.40	 1	 -43.2323	  173.7442
11.974	 2.50	 1	 -45.3430	  172.6084
11.992	 2.42	 1	 -41.6374	  175.6693
11.998	 2.10	 2	 -45.2299	  178.0787
12.023	 2.54	 1	 -41.6948	  174.2374
12.036	 2.54	 1	 -47.1709	  172.4712
12.037	 5.24	 1	 -42.8659	  171.8164
12.039	 2.20	 2	 -42.7410	  172.2529
12.040	 2.88	 2	 -43.2678	  171.9120
12.042	 2.24	 2	 -42.7129	  172.1835
12.047	 2.09	 1	 -43.3834	  172.7705
12.047	 2.40	 1	 -41.6738	  174.2695
12.052	 2.36	 2	 -42.8381	  171.9955
12.066	 2.03	 2	 -42.1037	  170.7327
12.068	 2.36	 3	 -43.2648	  171.9111
12.077	 2.24	 1	 -45.9542	  170.9202
12.101	 2.72	 1	 -47.1293	  174.0171
12.104	 3.82	 1	 -42.3484	  173.3256
12.108	 2.26	 1	 -43.4119	  174.0423
12.120	 2.02	 1	 -45.5276	  177.7708
12.132	 2.25	 1	 -42.9590	  166.9151
12.137	 2.07	 1	 -39.4428	  176.1078
12.141	 2.94	 1	 -43.8471	  174.9645
12.153	 2.04	 1	 -40.2963	  178.1989
12.212	 2.84	 1	 -43.2961	  179.0846
12.214	 2.91	 1	 -42.5070	  168.3419
12.233	 2.30	 1	 -38.4809	  175.1655
12.233	 2.04	 1	 -41.8441	  174.3082
12.236	 2.07	 1	 -43.2200	  174.3127
12.266	 2.28	 1	 -39.3881	  177.1713
12.272	 2.27	 1	 -38.3905	  171.2421
12.285	 3.22	 1	 -42.3816	  174.3697
12.287	 2.76	 1	 -42.7545	  174.4511
12.294	 2.07	 1	 -42.9854	  179.1270
12.302	 2.03	 1	 -41.7569	  174.2204
12.304	 2.40	 1	 -43.0755	  173.3295
12.304	 3.49	 1	 -40.6537	  172.9253
12.311	 2.99	 1	 -42.4694	  171.4435
12.316	 2.22	 1	 -45.5086	  168.4788
12.316	 2.25	 1	 -41.2361	  174.6526
12.329	 2.78	 1	 -41.6925	  174.2489
12.331	 2.18	 1	 -43.3257	  170.2411
12.335	 2.62	 1	 -40.7729	  172.6127
12.337	 2.09	 1	 -42.6044	  173.0109
12.350	 2.00	 1	 -46.3120	  169.3921
12.352	 2.79	 1	 -42.3975	  173.4048
12.355	 2.02	 1	 -42.2920	  174.1106
12.356	 2.19	 1	 -39.4576	  168.7729
12.364	 2.05	 1	 -42.2394	  173.0215
12.365	 3.59	 1	 -42.2577	  173.6437
12.371	 2.45	 1	 -44.6379	  170.1212
12.373	 2.65	 1	 -47.0911	  171.7517
12.377	 2.13	 1	 -41.9357	  171.9454
12.379	 2.45	 1	 -45.6966	  169.4021
12.385	 2.11	 1	 -42.1168	  173.8726
12.390	 2.28	 1	 -40.4282	  178.3077
12.396	 2.56	 1	 -40.8552	  178.6059
12.406	 2.09	 1	 -38.6646	  170.3027
12.426	 3.80	 1	 -42.3018	  173.3426
12.454	 2.30	 1	 -42.4081	  166.9166
12.493	 2.39	 1	 -44.5750	  172.5293
12.505	 2.69	 2	 -42.8498	  171.8038
12.507	 2.47	 1	 -42.1036	  173.8517
12.517	 2.14	 1	 -40.7443	  171.9215
12.533	 2.17	 1	 -38.8481	  176.1955
12.541	 2.45	 1	 -42.2837	  173.8132
12.565	 2.01	 1	 -46.4502	  173.8944
12.573	 2.22	 1	 -42.8503	  174.0261
12.591	 3.70	 1	 -39.2339	  169.1126
12.591	 2.65	 1	 -44.8662	  178.3777
12.598	 2.32	 1	 -38.9828	  169.5958
12.610	 2.04	 1	 -41.7966	  168.8170
12.651	 2.43	 1	 -41.8806	  172.3265
12.659	 2.30	 2	 -42.8664	  171.7267
12.668	 2.14	 1	 -42.4954	  173.1768
12.673	 2.67	 1	 -42.2477	  173.5987
12.675	 2.22	 1	 -41.9886	  174.1447
12.693	 2.14	 1	 -40.6890	  170.1973
12.694	 2.30	 1	 -38.2195	  172.3962
12.699	 2.11	 1	 -43.9132	  173.2530
12.706	 3.19	 1	 -43.0394	  173.2684
12.719	 2.65	 1	 -44.3692	  170.8433
12.720	 2.13	 1	 -42.1835	  171.7141
12.726	 2.58	 1	 -42.6714	  173.7632
12.727	 3.85	 1	 -42.7240	  170.1086
12.731	 2.58	 1	 -40.6767	  171.2626
12.738	 2.10	 1	 -42.4739	  173.1271
12.741	 2.39	 1	 -44.6767	  167.5322
12.749	 2.11	 1	 -42.2181	  174.0350
12.752	 2.34	 1	 -46.2199	  172.2021
12.760	 2.77	 1	 -39.8144	  171.7680
12.773	 2.19	 1	 -40.6449	  167.5755
12.774	 2.01	 1	 -42.6453	  173.4450
12.782	 2.08	 1	 -42.5301	  175.2835
12.783	 2.03	 1	 -47.1605	  173.7113
12.792	 3.30	 1	 -42.1353	  171.7310
12.806	 2.04	 1	 -42.6012	  173.0400
12.818	 2.11	 1	 -42.4977	  174.7661
12.824	 2.85	 1	 -42.4973	  173.0411
12.834	 2.10	 1	 -43.0260	  173.2822
12.845	 3.33	 1	 -40.9365	  172.0499
12.867	 2.12	 1	 -39.7653	  172.3861
12.868	 2.30	 1	 -42.3858	  173.2157
12.870	 2.13	 1	 -42.3448	  174.0248
12.916	 2.31	 1	 -44.7288	  172.8363
12.918	 2.53	 1	 -42.5323	  167.3197
12.931	 2.25	 1	 -42.4060	  179.1275
12.948	 2.80	 1	 -45.9283	  177.2703
12.961	 2.62	 1	 -42.4837	  167.5223
12.965	 2.12	 1	 -43.9353	  170.4730
12.972	 2.09	 1	 -42.5953	  170.5478
12.980	 2.81	 1	 -41.2020	  178.7940
12.997	 2.26	 1	 -38.6817	  170.2563
13.002	 2.23	 1	 -41.9575	  173.8866
13.004	 2.76	 1	 -42.5156	  173.8397
13.014	 2.87	 1	 -45.1003	  178.1889
13.014	 2.56	 1	 -40.6089	  175.6805
13.019	 2.35	 1	 -42.4818	  173.0991
13.027	 2.24	 1	 -43.6271	  174.7064
13.030	 2.33	 1	 -38.4168	  171.1282
13.050	 2.03	 1	 -41.0987	  176.1938
13.053	 2.62	 1	 -43.8257	  169.9520
13.060	 2.29	 1	 -41.9873	  173.7717
13.072	 2.85	 1	 -39.8154	  177.7237
13.073	 2.02	 1	 -41.4775	  169.0103
13.074	 2.38	 1	 -42.6688	  173.9956
13.075	 2.06	 1	 -41.7387	  173.7965
13.078	 2.21	 2	 -42.8650	  171.8548
13.079	 2.67	 1	 -44.8679	  167.6679
13.086	 3.29	 1	 -44.2723	  172.0333
13.086	 2.66	 1	 -40.8951	  167.4144
13.093	 2.70	 1	 -44.6822	  167.5359
13.098	 3.09	 1	 -43.1951	  177.0228
13.110	 2.09	 1	 -41.8059	  174.1085
13.118	 2.06	 1	 -44.9733	  178.2946
13.118	 2.07	 1	 -43.2555	  177.1338
13.125	 3.68	 1	 -47.1817	  172.6707
13.147	 2.07	 1	 -43.5310	  170.4841
13.162	 2.07	 1	 -43.6384	  167.3066
13.207	 2.31	 1	 -42.1718	  173.6528
13.216	 2.80	 1	 -43.3719	  171.5714
13.226	 2.23	 1	 -46.5619	  176.1387
13.228	 2.27	 1	 -41.2364	  170.3188
13.229	 2.19	 1	 -42.9265	  172.1818
13.231	 2.38	 1	 -42.2669	  173.4178
13.234	 2.42	 1	 -41.0050	  167.3515
13.242	 3.77	 1	 -42.3606	  173.8084
13.249	 2.05	 1	 -40.9507	  176.7035
13.251	 2.16	 1	 -41.6329	  177.3719
13.251	 3.70	 1	 -42.1074	  168.4674
13.267	 2.23	 2	 -42.8746	  171.7983
13.276	 2.04	 1	 -38.2370	  173.8471
13.291	 2.10	 1	 -43.5540	  171.8389
13.293	 2.47	 1	 -38.6366	  175.6634
13.298	 2.04	 2	 -42.3448	  173.7837
13.306	 2.10	 1	 -41.8575	  171.2024
13.307	 3.93	 1	 -42.3613	  173.9323
13.311	 2.34	 1	 -41.8062	  174.2228
13.317	 2.40	 1	 -41.6976	  174.2294
13.318	 2.16	 1	 -44.1210	  175.4194
13.321	 2.60	 1	 -42.4892	  173.2162
13.328	 3.47	 1	 -38.5008	  174.1321
13.333	 2.10	 1	 -40.3988	  172.8356
13.336	 2.47	 1	 -40.9903	  167.7401
13.365	 2.64	 1	 -46.6447	  170.1041
13.368	 2.17	 1	 -46.1922	  176.8636
13.375	 2.32	 1	 -44.7195	  168.3953
13.379	 2.68	 1	 -43.2215	  174.6003
13.431	 2.65	 1	 -45.8317	  172.1855
13.432	 2.29	 1	 -38.8823	  176.2708
13.434	 3.29	 1	 -47.1709	  172.4721
13.442	 2.02	 1	 -41.2562	  174.3690
13.447	 2.10	 1	 -42.3952	  175.3673
13.463	 2.45	 1	 -41.8499	  173.9585
13.475	 3.14	 1	 -42.3694	  169.3186
13.480	 2.89	 1	 -39.9115	  170.0767
13.481	 2.05	 1	 -44.3463	  175.4965
13.493	 2.39	 1	 -42.0467	  171.9758
13.496	 2.14	 1	 -46.7002	  171.7454
13.500	 3.32	 1	 -43.6709	  178.9934
13.501	 2.78	 1	 -43.1900	  179.1024
13.522	 2.07	 1	 -42.9487	  169.9722
13.525	 2.10	 1	 -43.0599	  174.1112
13.537	 2.19	 1	 -43.2833	  169.9580
13.550	 2.52	 1	 -41.8720	  172.1801
13.552	 3.67	 1	 -46.5129	  169.7955
13.565	 2.16	 1	 -39.6839	  177.5688
13.570	 2.40	 1	 -39.6371	  171.6510
13.579	 2.28	 1	 -44.9203	  175.7098
13.586	 2.23	 1	 -42.4913	  172.1233
13.592	 2.40	 1	 -42.0230	  177.1945
13.604	 2.10	 1	 -42.6143	  174.0892
13.619	 2.03	 2	 -39.6492	  171.6616
13.643	 2.90	 1	 -46.8202	  170.5952
13.644	 3.34	 2	 -42.3339	  173.9070
13.651	 3.26	 1	 -46.8568	  175.3304
13.667	 2.20	 1	 -45.6512	  170.3443
13.690	 2.01	 1	 -41.5875	  171.6784
13.704	 2.23	 1	 -43.5731	  174.2566
13.732	 2.61	 1	 -42.5265	  169.8885
13.740	 2.08	 1	 -42.6626	  170.9191
13.748	 2.37	 1	 -42.2783	  174.0972
13.758	 2.35	 1	 -42.0795	  173.6318
13.760	 2.63	 1	 -42.6161	  172.1729
13.774	 2.12	 1	 -39.5995	  168.5815
13.796	 2.09	 1	 -42.0349	  173.6981
13.805	 2.34	 1	 -41.6379	  172.4259
13.808	 2.16	 1	 -43.2898	  166.9585
13.811	 2.95	 1	 -43.7417	  178.9711
13.814	 3.78	 1	 -43.7507	  168.8628
13.846	 2.04	 1	 -43.5682	  172.3341
13.847	 2.13	 1	 -42.9134	  173.4741
13.885	 2.01	 1	 -44.5443	  178.5971
13.894	 2.95	 1	 -42.3987	  173.2204
13.897	 2.06	 1	 -44.6797	  175.0938
13.900	 2.18	 1	 -46.3233	  169.4130
13.905	 2.51	 1	 -42.2066	  173.5705
13.914	 3.59	 1	 -42.7384	  177.0495
13.920	 2.62	 1	 -41.8476	  174.2609
13.923	 2.60	 1	 -44.2215	  171.2421
13.927	 2.14	 1	 -38.4466	  175.0364
13.928	 3.39	 1	 -39.6079	  168.5708
13.930	 2.54	 1	 -40.2162	  167.9157
13.974	 2.46	 2	 -42.3637	  173.9300
13.991	 2.29	 1	 -40.9929	  171.1699
13.999	 2.39	 1	 -41.5010	  178.9212
