# Simulation 475
# RelativeTime(days) Magnitude Generation Latitude Longitude
Time Mag Gen Lat Lon
7.012	 2.09	 1	 -42.3730	  174.9148
7.012	 2.21	 1	 -38.2011	  173.3146
7.013	 2.49	 1	 -41.2108	  173.8972
7.016	 2.10	 1	 -42.3705	  168.8958
7.027	 2.02	 1	 -40.5879	  173.6687
7.030	 2.19	 1	 -42.1227	  173.3657
7.034	 2.18	 1	 -42.3006	  170.7774
7.041	 2.37	 1	 -44.7190	  173.1369
7.045	 2.14	 1	 -42.1344	  173.5785
7.045	 2.54	 1	 -42.5042	  173.8194
7.047	 2.87	 1	 -42.3753	  173.1582
7.053	 2.08	 1	 -38.9675	  169.5954
7.054	 2.12	 1	 -41.9860	  172.5251
7.057	 2.09	 1	 -41.9354	  170.1422
7.069	 2.08	 1	 -45.7790	  169.6230
7.072	 2.13	 1	 -42.4868	  173.9884
7.083	 3.37	 1	 -42.3167	  176.5123
7.086	 2.30	 1	 -41.9031	  171.5328
7.095	 2.55	 1	 -43.9115	  167.1334
7.110	 2.87	 1	 -41.0440	  170.2670
7.113	 2.11	 1	 -42.0863	  173.6065
7.117	 2.31	 1	 -44.4331	  172.9450
7.118	 2.14	 1	 -45.1112	  172.5596
7.126	 2.28	 1	 -40.5670	  176.0132
7.133	 2.03	 1	 -41.7153	  175.0602
7.143	 2.20	 1	 -38.7207	  170.1539
7.143	 2.80	 1	 -42.0368	  173.8148
7.145	 4.06	 1	 -47.0483	  171.5031
7.146	 2.80	 1	 -44.7470	  175.4585
7.153	 2.01	 1	 -38.2122	  173.5413
7.153	 2.06	 1	 -41.6817	  171.6799
7.163	 3.00	 1	 -40.0174	  177.0247
7.173	 2.47	 1	 -41.9775	  173.2780
7.174	 2.48	 1	 -37.3161	  173.7256
7.183	 2.08	 1	 -45.4534	  177.8510
7.187	 2.17	 1	 -41.7129	  178.9930
7.191	 3.32	 1	 -42.3475	  172.8305
7.192	 2.14	 1	 -42.0043	  173.6844
7.198	 2.24	 1	 -41.0956	  171.7934
7.201	 2.23	 1	 -44.5338	  178.6035
7.202	 2.02	 1	 -38.2896	  174.2645
7.203	 2.24	 1	 -44.2542	  173.9145
7.217	 2.14	 1	 -44.9125	  172.0744
7.217	 2.11	 1	 -47.1682	  173.6116
7.223	 2.44	 2	 -44.5237	  178.6254
7.236	 2.58	 1	 -42.8447	  171.8333
7.237	 5.00	 1	 -41.6036	  173.5021
7.240	 2.12	 2	 -41.5920	  173.4815
7.253	 2.77	 1	 -41.8106	  174.2281
7.255	 2.33	 1	 -41.6303	  173.0497
7.255	 2.33	 2	 -41.6302	  173.0500
7.255	 2.40	 1	 -43.8364	  170.6042
7.258	 2.13	 1	 -42.5716	  172.8309
7.261	 2.67	 1	 -41.2609	  168.9432
7.266	 2.15	 1	 -40.3021	  174.3832
7.267	 2.22	 1	 -44.8220	  172.2507
7.270	 2.42	 1	 -42.4114	  173.2316
7.271	 2.10	 1	 -43.5326	  173.3610
7.275	 2.74	 1	 -39.4962	  171.8934
7.282	 2.30	 1	 -42.2335	  173.7983
7.284	 2.22	 1	 -43.0720	  176.2200
7.295	 2.20	 1	 -42.2283	  173.6771
7.303	 2.16	 1	 -42.2043	  172.9468
7.304	 2.19	 2	 -41.5244	  173.4673
7.305	 2.04	 1	 -45.6993	  168.4732
7.308	 2.23	 1	 -42.5137	  173.0752
7.309	 2.15	 1	 -38.2174	  173.6195
7.313	 2.19	 1	 -45.7653	  173.5308
7.320	 2.37	 1	 -39.6974	  175.3962
7.321	 2.24	 1	 -42.5414	  173.0547
7.326	 2.52	 1	 -42.2954	  176.3599
7.327	 2.10	 1	 -41.2220	  177.7994
7.331	 2.08	 2	 -41.6742	  173.4936
7.332	 2.16	 1	 -42.6651	  172.7617
7.333	 2.02	 1	 -38.1997	  172.7726
7.334	 2.09	 1	 -45.0870	  176.1010
7.338	 2.38	 1	 -43.1116	  173.5956
7.338	 2.58	 1	 -41.6732	  174.2481
7.344	 2.36	 1	 -43.4737	  174.4929
7.356	 2.29	 1	 -41.0176	  172.6652
7.359	 2.16	 1	 -46.6530	  170.1250
7.364	 2.66	 1	 -42.0494	  173.7974
7.372	 2.96	 1	 -42.7581	  173.8420
7.374	 2.03	 1	 -41.2050	  178.7955
7.377	 2.32	 1	 -39.6353	  168.5359
7.381	 2.29	 1	 -46.9703	  171.1369
7.385	 2.95	 1	 -43.6537	  173.6038
7.390	 2.63	 1	 -43.0579	  175.1075
7.391	 2.15	 1	 -45.6327	  175.1743
7.392	 2.29	 1	 -41.9442	  172.8517
7.393	 2.38	 1	 -41.6649	  174.0923
7.395	 2.12	 1	 -46.9660	  174.9253
7.398	 2.19	 1	 -42.1566	  179.0963
7.407	 2.31	 1	 -41.4369	  172.4984
7.414	 2.33	 1	 -42.1090	  175.1582
7.417	 2.09	 1	 -43.7857	  169.1042
7.417	 2.26	 1	 -41.8921	  173.8831
7.418	 2.10	 1	 -39.0878	  174.8588
7.418	 2.37	 1	 -46.5871	  169.9642
7.426	 2.05	 1	 -43.5108	  172.8281
7.427	 2.51	 1	 -41.8018	  174.2303
7.428	 2.87	 1	 -40.8358	  172.2159
7.430	 2.63	 1	 -45.2103	  172.9574
7.441	 2.42	 1	 -43.9648	  169.3240
7.441	 2.16	 1	 -41.7076	  171.5521
7.442	 2.23	 1	 -41.0826	  174.5909
7.445	 2.13	 1	 -40.0605	  175.0553
7.449	 2.10	 1	 -41.4935	  170.8687
7.453	 2.74	 1	 -41.9626	  173.6521
7.456	 2.09	 1	 -46.5883	  169.9670
7.465	 2.82	 1	 -43.0234	  172.0518
7.476	 2.05	 1	 -41.9533	  174.2502
7.477	 2.18	 1	 -41.6850	  168.6153
7.478	 2.00	 1	 -43.2316	  169.5276
7.481	 2.01	 1	 -43.1392	  171.8982
7.484	 2.03	 1	 -42.1668	  173.6227
7.488	 2.01	 1	 -38.2549	  172.0347
7.496	 2.43	 1	 -43.9785	  167.1599
7.504	 2.37	 1	 -40.7966	  175.3830
7.508	 2.13	 1	 -44.8241	  178.4089
7.518	 2.30	 1	 -47.1874	  173.1947
7.524	 2.19	 1	 -40.9726	  173.5423
7.525	 2.61	 1	 -41.8901	  174.0390
7.531	 2.25	 1	 -42.9439	  166.9139
7.546	 2.84	 1	 -43.3516	  166.9704
7.556	 2.32	 1	 -44.5685	  170.9302
7.565	 2.53	 1	 -42.4239	  173.2550
7.578	 2.26	 1	 -42.6637	  172.8299
7.580	 2.00	 1	 -42.9877	  173.1939
7.586	 2.55	 1	 -41.9057	  174.0076
7.587	 2.66	 1	 -41.1529	  172.1897
7.614	 2.34	 1	 -44.7607	  169.4506
7.615	 2.03	 1	 -42.6100	  172.7803
7.619	 2.44	 1	 -41.9539	  173.8886
7.628	 2.00	 1	 -42.0471	  175.3215
7.644	 3.03	 1	 -42.3820	  173.8912
7.644	 2.77	 1	 -46.9856	  171.5567
7.646	 2.15	 1	 -40.4943	  169.0400
7.648	 2.32	 1	 -39.8452	  173.7995
7.652	 2.41	 1	 -43.5849	  179.0183
7.653	 2.67	 1	 -41.7334	  178.9991
7.653	 2.09	 1	 -42.7161	  172.8685
7.659	 2.34	 1	 -41.6100	  178.2043
7.664	 2.09	 1	 -43.9609	  173.2538
7.666	 2.23	 1	 -47.0485	  174.5402
7.673	 2.05	 1	 -42.1329	  172.9191
7.676	 2.36	 1	 -46.6258	  175.9870
7.679	 2.36	 1	 -46.0612	  168.9698
7.682	 2.06	 1	 -42.4090	  173.7010
7.684	 2.69	 1	 -41.3132	  173.8598
7.703	 2.52	 1	 -42.3534	  174.0938
7.705	 2.75	 1	 -43.2242	  169.0264
7.709	 2.23	 1	 -43.8825	  178.9218
7.711	 2.05	 1	 -41.6695	  174.2042
7.734	 2.25	 1	 -45.2292	  172.8887
7.739	 2.36	 1	 -42.8916	  173.3785
7.747	 2.71	 1	 -42.3100	  172.7999
7.750	 2.28	 1	 -42.1118	  173.1031
7.751	 2.04	 1	 -46.2432	  169.2683
7.761	 2.47	 1	 -41.7637	  174.2826
7.761	 3.54	 1	 -43.2099	  169.1485
7.773	 3.06	 1	 -45.1075	  173.1244
7.774	 2.50	 1	 -42.6581	  172.8800
7.786	 2.65	 1	 -44.3376	  178.7159
7.817	 2.80	 1	 -42.2489	  173.6964
7.818	 2.33	 1	 -41.6917	  174.3024
7.822	 2.20	 1	 -42.4818	  173.6425
7.834	 2.49	 1	 -45.5100	  177.7901
7.838	 3.33	 1	 -44.1236	  178.8218
7.847	 2.81	 1	 -41.8896	  173.8298
7.852	 2.51	 1	 -43.0379	  173.6914
7.853	 2.27	 1	 -42.9576	  170.1540
7.868	 3.49	 1	 -41.3731	  167.2125
7.880	 2.78	 1	 -40.6442	  168.8544
7.881	 2.69	 1	 -39.7067	  177.5965
7.891	 2.45	 1	 -41.8925	  174.1940
7.895	 2.41	 1	 -42.2074	  173.7011
7.925	 2.46	 1	 -42.1005	  172.9964
7.932	 2.60	 1	 -41.7394	  173.9565
7.938	 2.41	 1	 -43.4763	  169.6412
7.944	 2.09	 1	 -41.4547	  174.0011
7.944	 2.07	 1	 -39.6066	  175.6930
7.944	 2.53	 1	 -41.0633	  175.6414
7.944	 2.00	 2	 -41.9122	  173.8410
7.945	 2.59	 1	 -42.2485	  179.1100
7.968	 2.46	 1	 -39.8152	  175.4797
7.974	 2.63	 1	 -45.0542	  167.8161
7.977	 2.13	 1	 -42.6743	  172.9750
7.986	 2.39	 1	 -40.4099	  173.3054
7.993	 2.03	 1	 -47.1237	  174.0620
8.003	 2.02	 1	 -41.7436	  174.4310
8.005	 2.01	 1	 -46.2704	  176.7278
8.006	 2.12	 1	 -42.2742	  173.7099
8.009	 3.44	 1	 -38.8446	  176.1875
8.009	 2.00	 1	 -43.9383	  168.5825
8.011	 2.81	 1	 -45.2827	  168.0213
8.027	 2.06	 1	 -42.6801	  172.6856
8.038	 3.99	 1	 -37.8133	  175.1956
8.043	 3.39	 1	 -41.2295	  173.2244
8.054	 2.17	 1	 -40.0155	  172.3451
8.055	 2.07	 1	 -42.8373	  170.1757
8.057	 2.55	 1	 -42.2687	  173.6193
8.061	 3.15	 1	 -39.9513	  175.9683
8.063	 2.39	 1	 -42.5057	  173.0191
8.065	 2.14	 1	 -43.1905	  171.5452
8.068	 4.51	 1	 -42.6591	  173.7248
8.071	 2.91	 2	 -42.6798	  173.6726
8.072	 2.80	 1	 -43.0576	  174.1908
8.078	 3.94	 1	 -44.8230	  176.2900
8.080	 2.31	 2	 -44.8442	  176.2881
8.081	 2.35	 1	 -42.3214	  173.0663
8.087	 2.13	 1	 -40.3152	  171.1342
8.088	 2.01	 1	 -40.9358	  174.6827
8.091	 2.02	 1	 -41.3946	  167.8357
8.091	 2.59	 1	 -41.7177	  174.3463
8.093	 2.23	 1	 -44.9073	  178.3464
8.096	 2.41	 1	 -41.1078	  173.8389
8.098	 4.23	 1	 -41.1403	  168.9827
8.125	 2.04	 1	 -39.2155	  172.4492
8.127	 2.25	 1	 -42.1728	  173.6817
8.128	 2.41	 1	 -41.4474	  168.6750
8.134	 3.24	 1	 -42.6286	  173.0657
8.146	 2.04	 1	 -39.8524	  172.4794
8.148	 2.05	 1	 -46.8700	  174.7823
8.157	 2.16	 1	 -38.3552	  174.6359
8.163	 2.20	 1	 -42.3431	  173.0815
8.164	 2.20	 1	 -46.1112	  175.9660
8.166	 2.80	 1	 -45.6568	  169.8719
8.172	 2.45	 1	 -43.2458	  171.8301
8.203	 2.71	 1	 -45.1126	  173.3579
8.206	 2.14	 1	 -41.2916	  167.5622
8.209	 2.88	 1	 -41.8635	  176.4352
8.210	 2.17	 1	 -40.9069	  171.5161
8.211	 2.72	 1	 -41.2935	  173.3548
8.212	 2.15	 1	 -43.7472	  172.2514
8.217	 2.74	 1	 -40.2145	  177.8981
8.234	 2.17	 1	 -47.1381	  172.1033
8.237	 2.16	 1	 -42.7169	  172.1338
8.239	 2.67	 1	 -42.3430	  174.1792
8.244	 2.01	 1	 -45.6512	  176.2821
8.245	 2.19	 2	 -41.1730	  169.0350
8.263	 2.17	 1	 -44.0109	  173.9102
8.265	 3.13	 1	 -42.6640	  172.0625
8.277	 2.83	 1	 -44.4421	  170.5309
8.281	 2.99	 1	 -42.4135	  172.4838
8.296	 2.36	 1	 -42.6246	  166.9050
8.297	 2.46	 1	 -42.6729	  174.0681
8.308	 2.06	 1	 -41.0347	  173.4889
8.313	 2.26	 1	 -41.4958	  171.8861
8.313	 2.19	 2	 -41.7328	  174.3430
8.320	 2.55	 1	 -42.4728	  173.3893
8.340	 3.23	 1	 -39.7643	  168.3794
8.355	 2.66	 1	 -41.6426	  175.0829
8.361	 2.19	 1	 -41.5499	  171.3518
8.366	 2.27	 1	 -45.5942	  168.3485
8.368	 2.15	 1	 -42.1805	  173.5332
8.372	 2.85	 1	 -42.6129	  171.4247
8.373	 2.52	 1	 -41.7243	  171.4383
8.376	 2.86	 1	 -42.2881	  173.4486
8.377	 2.22	 1	 -45.1298	  167.8810
8.398	 3.21	 1	 -43.1408	  173.4331
8.399	 2.13	 1	 -42.2756	  173.9968
8.420	 2.16	 1	 -37.7652	  173.1712
8.426	 2.04	 1	 -47.0991	  174.2402
8.447	 2.15	 1	 -42.0126	  172.6010
8.448	 2.09	 1	 -42.3210	  172.0503
8.451	 2.30	 1	 -43.3078	  177.7976
8.452	 2.91	 1	 -42.2356	  179.1083
8.454	 3.08	 1	 -42.9776	  173.4521
8.459	 2.61	 1	 -38.5603	  175.4345
8.471	 2.20	 1	 -42.2603	  173.6963
8.474	 2.21	 1	 -42.0851	  173.7999
8.487	 2.04	 1	 -43.2530	  168.3404
8.500	 2.41	 1	 -42.0392	  173.5909
8.501	 2.14	 1	 -39.2028	  169.1641
8.502	 2.06	 1	 -43.5851	  172.3652
8.506	 3.56	 1	 -41.5467	  167.1063
8.507	 2.07	 1	 -42.5366	  172.9143
8.524	 3.39	 1	 -42.0544	  172.3713
8.528	 2.49	 1	 -42.2812	  172.9886
8.529	 3.85	 1	 -42.3071	  173.7679
8.532	 3.03	 1	 -41.8899	  173.2541
8.533	 2.30	 1	 -40.3057	  178.2069
8.536	 2.01	 1	 -43.6396	  170.2774
8.542	 2.37	 1	 -42.3629	  173.7535
8.543	 3.05	 1	 -41.0681	  173.2800
8.547	 2.05	 1	 -39.7753	  172.7691
8.547	 2.06	 1	 -46.2456	  169.2726
8.549	 2.60	 2	 -42.2806	  173.7598
8.581	 2.73	 1	 -42.8342	  179.1369
8.582	 2.26	 2	 -41.1104	  168.9202
8.595	 2.97	 1	 -47.1890	  172.9662
8.602	 2.52	 1	 -40.1347	  174.6682
8.602	 2.06	 1	 -38.5908	  170.5152
8.603	 2.22	 1	 -44.2238	  167.2700
8.619	 2.25	 1	 -42.4885	  173.5969
8.620	 2.75	 1	 -41.7838	  174.3704
8.623	 2.20	 1	 -42.4450	  172.9562
8.655	 2.86	 1	 -38.2104	  172.5309
8.663	 2.76	 1	 -43.2265	  168.6359
8.665	 2.01	 1	 -42.2661	  173.4735
8.665	 2.01	 1	 -41.4938	  173.1424
8.669	 2.12	 1	 -42.3977	  173.7008
8.683	 2.93	 1	 -38.1976	  172.8550
8.683	 2.96	 1	 -42.1484	  176.0423
8.695	 2.04	 1	 -42.5484	  171.9695
8.697	 2.75	 1	 -42.2411	  173.5938
8.718	 2.12	 1	 -41.3103	  178.8437
8.730	 2.46	 1	 -41.7322	  174.3437
8.747	 2.26	 1	 -46.2035	  169.1999
8.754	 2.16	 1	 -38.3151	  171.6229
8.757	 2.14	 1	 -46.2770	  176.7159
8.757	 2.13	 1	 -42.2139	  173.7777
8.760	 2.51	 1	 -42.7381	  174.9308
8.763	 2.31	 1	 -42.3939	  173.1354
8.764	 2.08	 1	 -42.5151	  172.0955
8.765	 2.02	 1	 -43.4083	  173.1690
8.770	 2.37	 1	 -46.6856	  175.8351
8.776	 2.48	 1	 -46.5294	  172.1880
8.776	 2.06	 1	 -43.6525	  172.0990
8.779	 2.01	 1	 -43.9816	  172.9311
8.782	 2.39	 1	 -42.1732	  173.6392
8.784	 2.85	 1	 -41.8058	  170.7065
8.786	 2.32	 1	 -47.1550	  172.2697
8.802	 2.01	 1	 -44.1750	  174.3483
8.806	 2.57	 1	 -42.3510	  173.8946
8.811	 2.02	 1	 -43.8249	  167.1015
8.822	 2.09	 1	 -42.5943	  172.6877
8.822	 2.48	 1	 -42.2300	  173.6416
8.825	 2.42	 1	 -42.3226	  174.1029
8.829	 2.22	 1	 -42.9216	  179.1320
8.846	 2.00	 1	 -46.2037	  169.2002
8.862	 2.16	 1	 -40.4924	  172.0415
8.867	 2.51	 1	 -43.2382	  169.9095
8.872	 2.38	 1	 -47.1728	  173.5432
8.873	 2.05	 1	 -42.2248	  173.7298
8.875	 2.06	 1	 -46.1904	  174.2096
8.880	 2.27	 1	 -43.7679	  178.9624
8.907	 2.25	 1	 -41.0208	  172.1015
8.907	 2.84	 1	 -41.6790	  172.5101
8.908	 3.50	 1	 -39.0756	  176.6568
8.915	 2.66	 1	 -43.6910	  167.0571
8.915	 2.40	 1	 -40.6147	  177.7367
8.922	 2.36	 1	 -43.6707	  174.1829
8.925	 2.89	 1	 -46.3706	  173.3560
8.931	 2.28	 1	 -44.2946	  178.7385
8.951	 2.04	 1	 -40.4844	  170.9633
8.965	 2.13	 1	 -40.5283	  176.6395
8.968	 2.10	 1	 -44.3257	  177.4439
8.968	 2.14	 1	 -42.1393	  171.6165
8.969	 2.06	 1	 -41.8887	  175.2857
8.981	 3.24	 1	 -42.1565	  173.8678
8.982	 2.14	 1	 -42.1436	  173.9678
8.996	 2.45	 1	 -40.8875	  175.1512
9.008	 3.02	 1	 -43.5341	  173.3630
9.021	 2.54	 1	 -46.8685	  170.7533
9.022	 2.38	 1	 -39.6963	  177.5839
9.025	 2.01	 1	 -41.4769	  167.1322
9.041	 2.25	 1	 -40.9226	  178.6461
9.045	 2.49	 1	 -42.6306	  171.9930
9.056	 2.19	 1	 -42.8802	  172.9590
9.066	 2.13	 1	 -42.6973	  172.8502
9.068	 2.27	 1	 -44.9469	  178.3155
9.073	 2.07	 1	 -46.3837	  169.5282
9.079	 2.04	 1	 -43.1963	  171.4224
9.089	 2.23	 1	 -47.1245	  171.9890
9.114	 2.81	 1	 -41.0097	  171.4326
9.127	 2.72	 1	 -47.1739	  172.5196
9.135	 2.51	 1	 -41.7699	  174.1666
9.136	 2.38	 1	 -41.7229	  174.3307
9.141	 2.53	 1	 -45.2711	  176.9605
9.143	 2.83	 1	 -42.8146	  176.2576
9.151	 3.78	 1	 -41.7360	  174.2865
9.156	 2.65	 1	 -44.2451	  169.6247
9.166	 2.06	 1	 -42.7150	  172.8524
9.171	 2.03	 1	 -41.7971	  174.4054
9.188	 2.27	 1	 -40.7251	  169.9056
9.195	 2.26	 1	 -42.4990	  173.0689
9.199	 2.24	 1	 -42.0197	  173.6646
9.202	 2.46	 1	 -40.1262	  175.1743
9.217	 2.05	 1	 -44.0755	  173.5681
9.225	 2.16	 1	 -42.8906	  172.4283
9.226	 2.01	 1	 -45.2960	  171.0422
9.228	 2.83	 1	 -46.4314	  176.4209
9.235	 2.04	 1	 -42.3844	  173.3797
9.235	 2.12	 1	 -41.4479	  174.6318
9.236	 2.44	 1	 -42.4907	  171.0670
9.237	 2.41	 1	 -41.6643	  172.9791
9.248	 2.55	 1	 -42.2549	  174.1325
9.251	 2.33	 2	 -41.7628	  174.2862
9.257	 2.60	 1	 -45.1893	  178.1102
9.258	 2.24	 1	 -41.8231	  175.3752
9.267	 2.11	 1	 -43.2174	  173.3391
9.268	 2.06	 1	 -42.0584	  174.2110
9.272	 2.85	 1	 -41.0514	  175.5298
9.275	 2.71	 1	 -42.0705	  172.4451
9.278	 2.55	 1	 -42.1791	  173.4042
9.284	 2.00	 1	 -42.2626	  173.7763
9.296	 2.40	 1	 -43.7368	  176.0210
9.296	 3.13	 1	 -43.8940	  175.6525
9.298	 2.01	 1	 -39.0453	  176.6005
9.306	 2.90	 1	 -43.1665	  174.7506
9.318	 2.80	 1	 -45.2659	  178.0391
9.345	 2.54	 1	 -43.3859	  173.3457
9.351	 2.28	 1	 -41.8815	  174.1634
9.364	 2.16	 1	 -42.2383	  175.4729
9.371	 2.05	 1	 -41.7806	  179.0128
9.392	 2.01	 1	 -42.6524	  166.9046
9.408	 2.59	 1	 -39.3997	  177.1883
9.409	 2.39	 1	 -42.5756	  173.5969
9.416	 2.32	 1	 -42.3948	  172.4688
9.421	 2.44	 1	 -41.1277	  167.2868
9.423	 2.95	 1	 -42.5569	  173.5635
9.429	 3.48	 1	 -42.6190	  166.9052
9.441	 2.00	 1	 -44.7012	  178.4956
9.449	 2.26	 1	 -44.6935	  176.0313
9.455	 2.22	 1	 -42.3690	  174.0460
9.456	 2.32	 1	 -43.3139	  173.8744
9.460	 2.05	 1	 -38.3836	  174.7709
9.463	 2.28	 1	 -42.3201	  173.7064
9.493	 2.04	 1	 -43.3486	  169.9008
9.504	 2.94	 1	 -43.0426	  174.3209
9.516	 3.20	 1	 -47.0650	  171.5945
9.521	 2.27	 1	 -42.3621	  171.2204
9.527	 2.77	 2	 -42.6475	  173.7614
9.535	 2.27	 1	 -38.7864	  169.9969
9.538	 2.38	 1	 -42.6746	  173.2463
9.547	 2.04	 1	 -42.4401	  173.3856
9.547	 2.25	 1	 -43.6514	  171.6939
9.557	 2.13	 1	 -42.0123	  173.7837
9.559	 2.01	 1	 -39.6000	  177.4634
9.564	 2.03	 1	 -44.7910	  175.4951
9.571	 2.91	 1	 -38.2773	  174.1805
9.572	 2.48	 1	 -43.4848	  171.0065
9.596	 2.09	 1	 -40.7517	  172.8421
9.597	 2.82	 1	 -39.1775	  169.2067
9.605	 2.84	 2	 -39.1737	  169.1931
9.606	 2.11	 1	 -42.4089	  173.1926
9.618	 2.27	 1	 -42.2948	  173.6811
9.619	 2.16	 1	 -41.0077	  171.4764
9.629	 3.23	 1	 -43.6878	  174.9697
9.635	 2.26	 1	 -42.3449	  173.9797
9.637	 2.32	 1	 -42.1559	  173.9187
9.646	 2.39	 1	 -38.2113	  173.5267
9.651	 3.01	 1	 -42.7100	  174.6150
9.651	 2.02	 1	 -40.3544	  175.2003
9.661	 2.35	 1	 -41.9673	  173.5308
9.663	 2.73	 1	 -42.1405	  173.0052
9.665	 3.01	 1	 -42.5923	  179.1384
9.669	 2.26	 1	 -42.2692	  166.9315
9.671	 2.37	 1	 -43.2947	  173.8842
9.672	 2.77	 1	 -42.1878	  172.7209
9.674	 2.24	 1	 -42.4563	  173.1343
9.682	 2.12	 1	 -42.6268	  173.7697
9.683	 2.02	 1	 -43.9248	  169.8151
9.685	 3.74	 1	 -45.1996	  167.9434
9.687	 2.72	 1	 -38.7491	  175.0982
9.688	 2.14	 1	 -42.5685	  176.7387
9.695	 2.04	 1	 -40.9746	  173.9150
9.700	 2.81	 1	 -40.8674	  172.1057
9.702	 2.28	 1	 -43.0170	  173.6250
9.739	 2.06	 1	 -38.5272	  170.7173
9.744	 3.63	 1	 -38.5588	  170.6146
9.746	 2.26	 1	 -41.2932	  167.2081
9.754	 2.59	 1	 -41.7851	  174.2241
9.767	 2.62	 1	 -45.9491	  173.4618
9.767	 3.12	 1	 -38.4986	  170.8154
9.789	 2.16	 1	 -41.6861	  170.1390
9.806	 2.18	 1	 -42.2748	  173.3851
9.819	 3.04	 1	 -40.9377	  178.6549
9.842	 2.11	 1	 -43.0495	  174.6294
9.843	 5.71	 1	 -43.9629	  175.5243
9.843	 2.05	 2	 -43.9586	  175.5139
9.844	 2.20	 2	 -43.9382	  175.5759
9.848	 2.09	 1	 -40.2954	  170.3450
9.849	 3.18	 2	 -43.8049	  175.4182
9.851	 2.02	 1	 -43.9573	  173.2798
9.852	 2.09	 2	 -46.3480	  176.9595
9.853	 2.04	 2	 -44.0746	  175.6108
9.854	 2.07	 1	 -41.0372	  169.0758
9.854	 2.20	 2	 -43.9066	  175.6184
9.855	 3.58	 2	 -43.9230	  175.6937
9.856	 2.53	 2	 -44.0433	  176.1221
9.859	 3.26	 1	 -39.5094	  176.0586
9.860	 2.30	 2	 -43.9726	  175.4321
9.861	 2.24	 2	 -43.8745	  175.5349
9.870	 2.59	 1	 -42.4261	  173.2030
9.874	 2.12	 1	 -42.3119	  173.9758
9.886	 2.51	 1	 -42.0051	  173.7242
9.887	 2.30	 1	 -42.2251	  174.3321
9.890	 2.08	 1	 -42.0181	  173.1488
9.893	 3.04	 2	 -43.9479	  175.4716
9.900	 2.26	 1	 -43.7585	  173.2129
9.901	 2.24	 1	 -43.2998	  179.0839
9.902	 2.25	 1	 -42.6128	  173.0155
9.915	 4.12	 1	 -44.3579	  167.6082
9.915	 2.52	 1	 -43.9963	  178.7434
9.924	 2.70	 1	 -42.2655	  173.7634
9.933	 2.11	 1	 -45.2991	  176.0396
9.933	 2.10	 1	 -42.2702	  172.5234
9.934	 2.91	 2	 -43.8981	  175.3473
9.937	 2.27	 1	 -41.6720	  174.3210
9.952	 2.68	 1	 -41.7530	  169.3178
9.961	 2.27	 1	 -46.3327	  176.6138
9.962	 2.29	 1	 -44.7009	  176.4662
9.964	 3.48	 1	 -41.9479	  170.8694
9.967	 2.45	 2	 -43.9183	  175.3572
9.969	 2.26	 1	 -39.8005	  168.3376
9.982	 3.41	 1	 -43.2720	  176.5822
9.986	 2.39	 1	 -47.1833	  173.3340
9.987	 2.05	 1	 -43.9779	  173.1793
9.993	 2.79	 1	 -41.7635	  174.2993
10.000	 2.14	 2	 -41.0753	  170.7355
10.007	 2.45	 1	 -46.8330	  170.6405
10.012	 2.40	 1	 -44.3619	  168.5409
10.015	 2.64	 1	 -47.1878	  173.1693
10.017	 2.45	 1	 -41.9232	  175.0184
10.019	 2.50	 1	 -41.8023	  173.1596
10.028	 2.74	 1	 -43.7555	  171.0413
10.029	 2.44	 1	 -38.2638	  171.9629
10.030	 2.31	 2	 -44.0813	  175.6856
10.032	 2.17	 1	 -41.9936	  173.7022
10.036	 2.04	 2	 -43.9531	  175.5778
10.038	 2.32	 1	 -45.2579	  167.9977
10.039	 2.21	 1	 -46.3436	  170.4724
10.047	 2.31	 1	 -45.1870	  176.9373
10.048	 3.23	 1	 -38.4126	  171.1460
10.068	 2.45	 1	 -42.5324	  173.2061
10.078	 2.04	 1	 -42.0078	  173.6404
10.083	 2.37	 1	 -42.4229	  172.8304
10.084	 2.07	 1	 -45.8374	  169.0792
10.087	 2.04	 1	 -38.9751	  169.5802
10.088	 2.17	 1	 -45.0942	  178.1942
10.095	 2.22	 1	 -41.0500	  171.4227
10.095	 2.49	 1	 -45.4302	  168.1689
10.100	 2.38	 1	 -45.8726	  177.3474
10.107	 2.07	 2	 -44.1698	  175.5572
10.116	 3.72	 1	 -42.3396	  173.7082
10.116	 2.00	 1	 -42.1196	  172.9257
10.125	 2.67	 1	 -40.9512	  172.2592
10.142	 2.05	 1	 -40.5215	  173.4718
10.156	 2.32	 1	 -41.1255	  167.2879
10.163	 2.22	 1	 -42.3397	  173.9118
10.165	 2.18	 1	 -41.3448	  173.4172
10.175	 2.39	 1	 -46.0349	  177.1146
10.179	 2.27	 1	 -42.5569	  173.1174
10.192	 2.40	 1	 -41.7073	  174.2036
10.195	 2.47	 1	 -46.4577	  176.3667
10.197	 2.01	 1	 -42.0081	  173.6824
10.202	 2.02	 1	 -41.5147	  175.2505
10.202	 2.59	 1	 -47.1679	  173.6167
10.203	 2.57	 1	 -38.4807	  175.1647
10.207	 2.39	 2	 -45.2114	  167.8922
10.208	 2.26	 1	 -42.5052	  172.6040
10.210	 2.35	 1	 -43.1051	  172.7748
10.221	 2.28	 1	 -43.3600	  169.8065
10.222	 2.43	 1	 -43.5583	  169.4915
10.222	 2.24	 1	 -40.4263	  173.7585
10.247	 2.55	 1	 -46.2052	  173.8930
10.276	 2.30	 1	 -38.2216	  173.6745
10.277	 2.11	 1	 -43.7734	  167.0837
10.279	 2.99	 1	 -42.0377	  173.6738
10.306	 2.30	 1	 -43.3784	  174.1543
10.324	 2.04	 1	 -43.4303	  173.8745
10.326	 2.87	 1	 -40.8147	  170.4658
10.332	 2.55	 1	 -41.9467	  166.9891
10.344	 2.12	 2	 -42.6590	  173.7436
10.347	 3.37	 1	 -42.0986	  173.6014
10.350	 3.11	 1	 -41.8916	  174.0794
10.350	 2.88	 1	 -45.5708	  174.2660
10.352	 2.35	 1	 -40.5928	  178.4320
10.355	 3.70	 1	 -39.9820	  177.9035
10.362	 2.24	 1	 -42.2931	  173.5061
10.368	 2.74	 1	 -43.1965	  177.1676
10.373	 2.49	 1	 -43.6853	  174.0393
10.378	 2.86	 1	 -44.1553	  168.6447
10.379	 2.20	 1	 -41.7498	  174.2446
10.395	 2.39	 1	 -41.4477	  167.1434
10.399	 2.01	 1	 -42.5076	  174.0263
10.399	 2.13	 1	 -43.2234	  172.6535
10.403	 2.51	 1	 -44.7523	  170.0633
10.404	 2.58	 1	 -41.7217	  174.1807
10.404	 2.29	 1	 -42.5946	  174.8198
10.406	 2.28	 1	 -41.7850	  174.2101
10.422	 2.08	 1	 -41.7940	  174.2077
10.422	 2.13	 1	 -44.8401	  178.3971
10.425	 2.28	 1	 -43.0757	  171.1834
10.435	 2.70	 2	 -42.1889	  172.7169
10.439	 3.05	 1	 -38.6095	  174.3759
10.440	 2.28	 1	 -42.6066	  172.9300
10.445	 3.08	 1	 -43.9340	  168.9339
10.451	 3.74	 2	 -43.9176	  175.6660
10.457	 2.13	 1	 -42.0182	  174.6695
10.473	 2.78	 1	 -42.4628	  170.8896
10.477	 3.39	 1	 -39.0209	  176.5539
10.480	 2.06	 1	 -46.1476	  169.1068
10.482	 2.24	 1	 -40.4078	  168.7411
10.487	 2.05	 1	 -39.4500	  177.2606
10.494	 2.27	 1	 -42.3888	  173.9882
10.508	 2.04	 1	 -42.3845	  173.8638
10.508	 3.22	 1	 -40.8664	  167.4316
10.526	 3.79	 1	 -38.5288	  170.7121
10.529	 2.47	 1	 -42.0243	  173.8166
10.529	 3.89	 1	 -43.1361	  167.8605
10.554	 2.02	 1	 -40.2389	  171.9121
10.563	 2.09	 1	 -41.5556	  172.0280
10.564	 2.16	 1	 -40.6543	  178.4753
10.568	 2.79	 1	 -42.1216	  173.8753
10.570	 2.07	 1	 -43.3745	  172.0677
10.581	 2.10	 1	 -42.0761	  170.6419
10.582	 2.28	 1	 -39.6030	  169.4848
10.582	 2.21	 2	 -41.1181	  169.0194
10.598	 2.99	 1	 -41.5697	  174.5434
10.610	 2.01	 2	 -42.7381	  173.5663
10.611	 2.18	 1	 -40.9001	  178.6329
10.619	 2.05	 1	 -41.6087	  171.2398
10.630	 2.10	 1	 -41.8211	  174.5894
10.651	 2.55	 1	 -42.1746	  173.5058
10.659	 2.26	 1	 -42.8943	  169.9057
10.664	 2.10	 1	 -44.0303	  171.2583
10.665	 2.38	 1	 -43.1865	  176.0635
10.671	 3.33	 1	 -42.9248	  170.6199
10.689	 2.35	 1	 -38.4785	  175.1565
10.692	 2.08	 1	 -40.5358	  167.6539
10.700	 2.50	 1	 -41.7123	  174.4685
10.701	 2.73	 1	 -44.4531	  167.6482
10.703	 2.03	 1	 -39.3247	  168.9684
10.717	 2.22	 1	 -40.0813	  172.9444
10.735	 2.19	 1	 -38.8187	  171.9336
10.738	 2.83	 1	 -43.3235	  171.7665
10.742	 2.17	 1	 -42.5586	  172.5527
10.743	 2.72	 2	 -43.7973	  175.5528
10.748	 3.50	 1	 -41.7362	  174.2664
10.750	 2.33	 1	 -46.5528	  169.8846
10.753	 3.27	 1	 -45.9690	  168.8321
10.755	 2.26	 1	 -42.5448	  172.4840
10.758	 2.16	 1	 -42.5256	  173.0045
10.775	 2.05	 1	 -42.3797	  173.8996
10.776	 2.11	 1	 -39.5146	  177.3503
10.786	 2.01	 1	 -41.3023	  167.2041
10.786	 2.09	 1	 -40.2038	  170.5789
10.790	 2.14	 1	 -39.1757	  175.1902
10.801	 2.15	 1	 -46.0326	  170.9331
10.812	 2.10	 1	 -43.2695	  166.9549
10.822	 2.05	 1	 -42.4437	  166.9137
10.825	 2.23	 1	 -42.4396	  172.9634
10.841	 2.10	 1	 -42.4089	  172.9835
10.848	 2.03	 1	 -41.3915	  176.0843
10.863	 2.18	 1	 -42.7550	  172.3018
10.863	 2.08	 1	 -42.8378	  171.8619
10.869	 2.29	 1	 -47.1040	  174.2069
10.874	 2.11	 1	 -42.3710	  173.3794
10.901	 2.61	 1	 -41.6632	  172.9967
10.911	 2.54	 1	 -42.9263	  173.7560
10.920	 2.79	 1	 -42.9652	  166.9156
10.930	 2.05	 1	 -43.6059	  171.3106
10.951	 2.32	 1	 -43.0094	  179.1247
10.952	 2.36	 1	 -38.5938	  170.5060
10.986	 2.35	 1	 -42.5183	  173.9761
11.007	 2.23	 1	 -43.2029	  179.1004
11.011	 2.69	 1	 -40.5588	  178.4073
11.024	 3.34	 1	 -42.3707	  173.0578
11.025	 2.33	 1	 -46.5332	  169.8404
11.032	 2.31	 1	 -40.1014	  178.0221
11.046	 2.00	 1	 -43.4590	  171.2054
11.048	 2.39	 1	 -42.5380	  172.8520
11.051	 2.02	 1	 -44.1537	  167.2363
11.060	 2.18	 1	 -42.1269	  173.7197
11.060	 2.13	 1	 -45.3900	  177.9169
11.067	 2.27	 1	 -42.4043	  174.0651
11.074	 2.18	 1	 -43.7801	  178.9583
11.083	 2.42	 1	 -42.7667	  172.9390
11.084	 2.15	 1	 -39.0396	  176.5896
11.088	 2.30	 1	 -43.5621	  172.1205
11.096	 3.58	 1	 -42.1453	  175.3080
11.098	 2.31	 1	 -46.4064	  172.5920
11.098	 2.29	 1	 -45.8717	  168.6956
11.104	 2.40	 1	 -40.0636	  168.0588
11.115	 2.11	 1	 -42.1687	  173.5960
11.139	 2.44	 1	 -43.4360	  172.4467
11.141	 2.54	 1	 -42.8082	  166.9064
11.150	 3.23	 2	 -43.1688	  167.8679
11.151	 2.62	 1	 -40.6679	  173.6288
11.156	 2.19	 1	 -40.4658	  177.6059
11.159	 2.02	 1	 -42.1674	  173.9012
11.160	 2.71	 1	 -43.5827	  172.7299
11.165	 2.22	 1	 -39.5226	  176.8559
11.166	 2.14	 1	 -44.6845	  174.7423
11.175	 3.59	 1	 -41.8568	  172.0559
11.190	 2.35	 1	 -39.3368	  177.0944
11.198	 2.53	 1	 -41.8624	  173.9477
11.211	 2.14	 2	 -43.6738	  175.2559
11.216	 2.20	 1	 -42.2834	  176.7915
11.217	 2.61	 1	 -40.9398	  172.7813
11.220	 2.83	 1	 -41.2550	  171.4149
11.222	 2.86	 1	 -44.6210	  172.7069
11.240	 2.34	 1	 -43.2636	  166.9539
11.242	 2.70	 1	 -41.0529	  172.1840
11.247	 2.24	 1	 -42.3388	  173.0190
11.248	 2.11	 1	 -44.0943	  168.5711
11.251	 2.04	 1	 -40.5246	  173.4431
11.264	 2.29	 1	 -47.0947	  174.2697
11.268	 2.44	 1	 -43.3964	  166.9798
11.271	 2.53	 1	 -43.7739	  176.3059
11.279	 3.03	 1	 -43.2165	  167.8103
11.300	 2.20	 1	 -42.7775	  170.4543
11.302	 2.42	 1	 -41.6678	  178.9790
11.303	 2.35	 1	 -38.3777	  174.7442
11.311	 2.45	 1	 -42.4047	  176.5176
11.323	 2.07	 1	 -42.1033	  171.1782
11.325	 2.64	 1	 -42.3125	  175.0427
11.331	 2.22	 1	 -40.5085	  178.3698
11.337	 2.53	 1	 -42.2848	  166.9295
11.340	 2.00	 1	 -43.7845	  167.0875
11.341	 2.23	 1	 -39.2132	  169.1467
11.350	 2.15	 1	 -43.1480	  166.9358
11.356	 2.57	 1	 -40.9666	  178.6713
11.360	 2.05	 1	 -43.7410	  167.0730
11.369	 2.05	 2	 -43.9891	  175.6716
11.379	 4.76	 1	 -42.6738	  166.9044
11.380	 2.84	 2	 -42.6514	  166.9006
11.383	 2.02	 1	 -43.3590	  170.9206
11.387	 2.33	 2	 -42.6500	  166.9040
11.389	 2.07	 2	 -42.2851	  173.8194
11.410	 2.18	 1	 -43.0066	  169.4023
11.416	 2.11	 1	 -42.9426	  171.2934
11.428	 2.20	 1	 -45.0002	  178.2729
11.430	 2.22	 2	 -42.6736	  166.9033
11.430	 2.29	 1	 -42.1550	  173.4108
11.442	 2.29	 1	 -41.4350	  178.3901
11.442	 2.14	 1	 -42.8687	  173.4111
11.442	 2.08	 1	 -39.3802	  168.8846
11.443	 2.71	 1	 -43.5993	  175.4104
11.446	 2.03	 1	 -42.9547	  168.0018
11.446	 2.24	 1	 -40.4019	  167.7576
11.449	 3.29	 1	 -40.1614	  176.6841
11.454	 2.58	 1	 -42.3840	  173.8663
11.455	 2.56	 1	 -41.0735	  175.3170
11.464	 2.35	 1	 -45.8006	  174.7621
11.466	 2.23	 2	 -45.5821	  174.8118
11.483	 2.02	 1	 -43.7579	  174.1929
11.498	 2.51	 1	 -42.5836	  173.3720
11.501	 2.03	 1	 -39.4166	  174.3071
11.503	 2.20	 1	 -42.0862	  173.2681
11.504	 2.00	 1	 -45.6554	  168.4202
11.518	 2.95	 1	 -43.5380	  174.8952
11.518	 2.11	 1	 -43.1366	  173.6615
11.529	 2.06	 1	 -41.9252	  171.9176
11.543	 2.46	 1	 -39.6974	  168.4590
11.543	 2.27	 1	 -42.3680	  173.9254
11.573	 2.40	 1	 -39.6851	  177.5702
11.575	 2.21	 1	 -43.3811	  172.4671
11.592	 3.13	 1	 -40.8353	  167.4506
11.597	 2.22	 1	 -39.4307	  177.2332
11.599	 2.08	 1	 -43.6264	  179.0066
11.630	 2.17	 1	 -41.3768	  178.8722
11.637	 2.29	 2	 -45.9904	  168.8244
11.639	 2.07	 1	 -43.1340	  171.1936
11.644	 2.01	 1	 -41.6969	  174.2648
11.647	 2.59	 1	 -46.9699	  174.9090
11.655	 2.17	 1	 -41.9249	  171.7369
11.674	 2.03	 1	 -41.5351	  172.0289
11.682	 2.02	 1	 -41.7919	  174.2790
11.685	 3.51	 2	 -46.9770	  174.9212
11.685	 2.12	 1	 -42.6520	  173.2345
11.687	 2.09	 1	 -42.4528	  173.2287
11.691	 2.23	 1	 -45.1156	  178.1757
11.692	 2.50	 1	 -42.2131	  173.6718
11.697	 2.81	 1	 -42.3889	  172.9435
11.698	 2.66	 1	 -45.4025	  169.0471
11.710	 2.29	 1	 -40.2583	  178.1660
11.716	 2.61	 1	 -39.0026	  176.0445
11.722	 2.43	 1	 -47.1872	  172.8434
11.731	 2.08	 1	 -43.3848	  173.6211
11.755	 2.32	 1	 -44.4116	  178.6752
11.756	 2.86	 1	 -43.8836	  174.3136
11.766	 3.11	 1	 -42.2601	  173.7768
11.777	 2.26	 1	 -42.2236	  173.5895
11.782	 2.64	 1	 -38.8194	  176.1301
11.787	 2.23	 1	 -44.5688	  167.4623
11.789	 3.94	 1	 -43.5718	  171.1925
11.797	 3.45	 1	 -46.2910	  169.3536
11.800	 2.24	 1	 -39.1986	  176.8732
11.800	 2.19	 1	 -42.3325	  173.7255
11.829	 2.21	 1	 -43.6691	  167.0504
11.833	 2.33	 1	 -41.7600	  174.2358
11.838	 3.88	 1	 -43.8959	  172.6559
11.845	 2.01	 1	 -41.6565	  174.3239
11.847	 2.05	 1	 -41.8040	  174.2781
11.848	 2.58	 1	 -39.8441	  176.9301
11.848	 2.04	 1	 -45.2558	  178.0486
11.854	 2.08	 1	 -42.8690	  177.3740
11.875	 2.30	 1	 -44.7933	  178.4313
11.876	 2.53	 1	 -44.9538	  172.1152
11.881	 2.49	 1	 -43.4850	  173.7732
11.895	 2.29	 1	 -42.3883	  172.4145
11.897	 2.38	 1	 -41.9719	  173.7733
11.899	 2.09	 1	 -39.5486	  175.4655
11.902	 2.00	 1	 -40.6349	  173.7439
11.920	 2.24	 1	 -42.4007	  172.9899
11.923	 2.23	 2	 -44.0095	  175.6481
11.923	 2.11	 1	 -42.5214	  173.0072
11.924	 2.43	 1	 -45.3906	  173.0394
11.925	 2.25	 1	 -38.4794	  172.8398
11.926	 2.09	 1	 -43.6336	  173.3279
11.928	 2.56	 1	 -42.4067	  173.3713
11.937	 2.24	 1	 -43.1300	  173.7461
11.946	 2.20	 1	 -46.6219	  170.0476
11.950	 2.31	 1	 -38.2852	  171.8092
11.963	 3.35	 1	 -42.5215	  173.2245
11.980	 2.26	 1	 -42.4709	  168.2620
11.980	 2.22	 1	 -45.5769	  177.7155
11.983	 2.25	 1	 -42.4596	  173.7757
11.985	 3.10	 1	 -42.2467	  173.6753
11.989	 2.23	 1	 -41.6991	  174.1886
12.002	 2.33	 1	 -38.2681	  171.9308
12.009	 2.01	 1	 -44.3497	  178.7093
12.011	 2.28	 1	 -43.8102	  176.0310
12.021	 2.05	 1	 -42.6786	  172.7606
12.034	 2.39	 1	 -42.3071	  173.7230
12.034	 2.38	 1	 -41.5761	  174.6840
12.040	 2.00	 1	 -39.3998	  170.8868
12.043	 2.22	 2	 -44.1743	  175.3192
12.044	 2.19	 1	 -42.5128	  173.8207
12.044	 2.55	 1	 -43.0396	  172.9589
12.044	 2.29	 1	 -42.4482	  173.5862
12.044	 2.55	 1	 -40.2230	  173.4285
12.046	 3.68	 1	 -40.6345	  174.1472
12.068	 2.12	 1	 -38.2933	  171.7558
12.076	 2.09	 1	 -43.9663	  170.9169
12.077	 2.24	 1	 -44.2297	  178.7714
12.082	 2.47	 1	 -43.0171	  168.3497
12.086	 2.21	 1	 -42.3994	  173.5976
12.098	 2.51	 1	 -42.0913	  173.2365
12.102	 2.31	 1	 -41.8012	  174.0636
12.104	 2.05	 1	 -41.9666	  173.7474
12.109	 2.36	 1	 -41.9408	  174.0469
12.122	 2.33	 1	 -38.8195	  176.1304
12.124	 2.62	 1	 -41.8371	  174.2256
12.129	 2.43	 1	 -41.9667	  174.5070
12.132	 2.07	 1	 -42.4260	  173.5084
12.142	 2.70	 1	 -41.6740	  174.4028
12.158	 2.60	 1	 -42.3216	  172.3186
12.159	 2.14	 1	 -40.4380	  178.3154
12.165	 2.18	 1	 -41.5494	  172.6008
12.168	 2.21	 1	 -42.5305	  173.1128
12.170	 2.55	 1	 -41.8031	  174.2706
12.174	 2.34	 1	 -42.4100	  173.1980
12.203	 2.38	 1	 -42.2538	  167.6526
12.205	 2.47	 1	 -46.4472	  176.3884
12.206	 2.44	 1	 -46.4829	  176.3136
12.211	 2.07	 1	 -41.0604	  168.9688
12.214	 2.95	 1	 -44.2553	  172.2957
12.215	 2.00	 1	 -41.6411	  173.2042
12.216	 2.17	 2	 -46.3130	  169.3333
12.241	 2.44	 1	 -39.2326	  176.9296
12.247	 2.78	 1	 -42.5237	  172.7602
12.271	 2.57	 1	 -42.3755	  173.4748
12.271	 2.26	 1	 -41.2822	  177.1841
12.285	 3.88	 1	 -44.3018	  173.0419
12.302	 2.20	 1	 -46.3555	  176.5706
12.304	 3.01	 1	 -43.1955	  178.3980
12.310	 2.75	 1	 -40.9318	  178.6514
12.311	 2.51	 1	 -39.7762	  168.3655
12.312	 2.18	 1	 -40.3637	  178.2555
12.315	 2.07	 1	 -42.2638	  173.5938
12.317	 2.28	 1	 -44.2729	  174.8130
12.324	 3.93	 1	 -47.1798	  172.6275
12.325	 3.34	 2	 -39.4913	  176.3129
12.331	 2.61	 1	 -41.6766	  174.1665
12.347	 2.16	 1	 -46.3558	  172.7569
12.362	 2.38	 1	 -45.3258	  168.0630
12.364	 2.01	 1	 -42.5408	  173.2328
12.365	 2.34	 1	 -42.6896	  171.5984
12.381	 3.02	 1	 -43.3229	  179.0795
12.382	 2.52	 1	 -46.8217	  172.5125
12.397	 2.16	 1	 -41.9376	  174.2331
12.421	 2.26	 1	 -44.7136	  174.1030
12.432	 2.44	 1	 -43.2365	  172.0331
12.443	 2.06	 2	 -47.1767	  172.6188
12.465	 2.61	 1	 -38.4741	  175.1406
12.468	 2.65	 1	 -42.1217	  173.6695
12.471	 2.93	 1	 -41.7341	  174.2660
12.476	 2.73	 1	 -42.6681	  169.5893
12.480	 2.87	 1	 -46.8306	  175.4159
12.480	 2.32	 1	 -41.9490	  174.4246
12.504	 2.06	 1	 -40.7282	  171.1063
12.514	 2.15	 1	 -42.6096	  173.0190
12.515	 2.45	 1	 -41.9107	  174.0422
12.516	 2.04	 1	 -42.5286	  173.1788
12.535	 2.20	 1	 -41.4183	  167.1551
12.536	 2.75	 1	 -46.3398	  171.5418
12.542	 2.08	 1	 -42.2547	  173.6417
12.551	 2.60	 1	 -38.2050	  173.4104
12.553	 2.58	 1	 -45.1499	  170.8531
12.561	 2.16	 1	 -41.7606	  173.9732
12.576	 2.08	 1	 -42.0144	  173.7480
12.579	 2.93	 1	 -42.0268	  167.4605
12.583	 2.10	 1	 -39.2973	  174.5253
12.594	 2.17	 1	 -38.3760	  171.3084
12.609	 2.13	 1	 -42.7977	  171.6143
12.616	 2.41	 1	 -41.3421	  178.8576
12.627	 2.20	 1	 -42.2944	  173.6981
12.635	 2.02	 1	 -41.9872	  173.8017
12.636	 2.27	 1	 -45.6956	  177.5756
12.638	 3.10	 1	 -42.3422	  172.7897
12.640	 2.01	 1	 -42.3705	  173.1105
12.643	 2.41	 1	 -38.3332	  174.5224
12.656	 2.01	 1	 -38.1964	  172.9368
12.657	 2.30	 1	 -45.8435	  177.3867
12.660	 2.63	 1	 -42.8003	  174.0513
12.672	 2.11	 1	 -43.3941	  171.8245
12.682	 2.54	 1	 -41.0034	  174.0521
12.686	 2.56	 1	 -41.9804	  172.5134
12.694	 2.22	 1	 -43.4425	  171.2884
12.718	 2.02	 1	 -42.1850	  173.2176
12.723	 2.07	 1	 -45.3452	  175.7678
12.733	 2.30	 1	 -38.8436	  176.1853
12.733	 2.15	 1	 -44.4484	  169.8952
12.733	 2.37	 1	 -44.9897	  178.2814
12.739	 3.27	 1	 -45.8135	  171.1989
12.746	 3.92	 1	 -41.7914	  174.3313
12.758	 2.65	 1	 -44.4379	  177.1110
12.765	 2.04	 1	 -44.3531	  175.2414
12.775	 2.17	 1	 -44.6007	  172.8087
12.775	 2.47	 1	 -44.5145	  173.8635
12.777	 2.22	 1	 -42.3795	  171.1650
12.779	 2.14	 1	 -46.7043	  175.7854
12.803	 2.37	 2	 -41.6745	  174.3079
12.804	 2.21	 1	 -45.0868	  172.5264
12.804	 2.27	 1	 -45.2130	  170.9543
12.809	 2.23	 1	 -41.9488	  166.9886
12.827	 2.59	 1	 -40.4377	  172.3145
12.827	 2.07	 1	 -44.9276	  173.6402
12.833	 3.37	 1	 -38.3688	  171.3420
12.833	 2.55	 1	 -44.2977	  172.0197
12.836	 2.81	 1	 -38.9823	  169.5659
12.838	 4.32	 1	 -41.0768	  171.4313
12.839	 2.91	 1	 -43.6542	  173.2204
12.844	 2.42	 1	 -43.0381	  173.1386
12.845	 3.68	 2	 -41.8650	  172.0567
12.846	 2.44	 1	 -43.7387	  167.0722
12.855	 2.04	 1	 -38.7398	  175.9387
12.859	 2.08	 1	 -38.7247	  170.1438
12.860	 2.12	 1	 -44.0071	  178.8727
12.864	 2.54	 1	 -43.1571	  177.2165
12.869	 2.80	 1	 -46.8653	  170.7425
12.880	 2.10	 2	 -38.1506	  171.7414
12.881	 2.45	 1	 -38.5049	  170.7934
12.888	 2.27	 1	 -42.8892	  172.2315
12.890	 2.19	 1	 -42.5661	  172.7870
12.910	 2.52	 1	 -38.9351	  176.3828
12.916	 2.68	 1	 -42.5268	  173.2471
12.944	 2.40	 1	 -44.1841	  172.6409
12.968	 2.21	 1	 -42.8989	  171.4274
12.978	 2.13	 1	 -39.9380	  177.8577
12.984	 2.55	 1	 -42.9651	  169.2584
12.984	 2.19	 1	 -39.9036	  173.5512
12.987	 2.17	 1	 -38.6176	  171.3781
12.989	 2.94	 1	 -42.2539	  173.9158
12.999	 2.56	 1	 -46.2009	  176.8488
13.016	 2.04	 1	 -42.4239	  173.1060
13.023	 4.45	 1	 -43.2644	  171.4090
13.035	 2.47	 1	 -39.6826	  174.3700
13.045	 2.06	 1	 -42.4357	  173.7763
13.068	 2.05	 1	 -41.9725	  170.1499
13.074	 2.44	 1	 -41.7921	  174.0694
13.076	 2.96	 1	 -47.1415	  172.1340
13.077	 2.01	 1	 -43.8633	  177.5758
13.098	 2.27	 1	 -42.5327	  172.8820
13.102	 2.57	 2	 -43.9761	  175.5396
13.107	 3.03	 1	 -41.6936	  173.8700
13.119	 2.06	 1	 -42.1419	  173.5961
13.128	 2.02	 1	 -39.8240	  177.7335
13.139	 2.25	 1	 -46.5879	  169.9660
13.139	 2.47	 1	 -41.1605	  176.7800
13.145	 2.07	 1	 -45.1303	  175.4390
13.149	 2.25	 1	 -47.1724	  172.4951
13.156	 2.05	 1	 -40.7188	  177.1358
13.179	 2.50	 1	 -43.0408	  172.8975
13.179	 2.46	 1	 -40.4720	  167.7024
13.183	 2.78	 1	 -46.2420	  176.7779
13.190	 2.22	 1	 -42.4604	  173.0983
13.190	 2.08	 1	 -42.2226	  171.4039
13.191	 3.13	 1	 -40.5999	  169.2623
13.194	 3.13	 1	 -42.2230	  179.1065
13.207	 2.79	 1	 -42.5404	  173.7564
13.216	 2.31	 1	 -38.2296	  173.7690
13.250	 2.58	 1	 -38.3572	  171.3985
13.253	 2.31	 1	 -41.9414	  173.6685
13.277	 2.30	 1	 -39.1872	  169.1904
13.315	 2.00	 2	 -44.1403	  175.4994
13.317	 2.44	 1	 -43.3199	  173.1779
13.323	 2.28	 1	 -41.8334	  174.1503
13.329	 2.05	 1	 -42.3425	  173.9845
13.337	 2.81	 1	 -43.5497	  170.2794
13.344	 2.43	 1	 -39.8040	  173.0550
13.344	 2.41	 1	 -41.9356	  173.8815
13.352	 2.01	 1	 -44.9418	  177.1138
13.362	 2.05	 1	 -41.7849	  174.3237
13.398	 2.43	 1	 -42.1899	  173.7026
13.399	 2.46	 1	 -42.5369	  172.8964
13.400	 2.17	 1	 -41.3391	  173.8534
13.415	 2.49	 1	 -38.8683	  175.2335
13.419	 2.08	 1	 -41.6761	  174.3549
13.431	 2.40	 1	 -41.6935	  167.0572
13.455	 2.97	 1	 -42.4057	  174.3954
13.455	 2.15	 1	 -42.2923	  173.5828
13.456	 3.06	 1	 -46.6854	  170.2085
13.474	 2.05	 1	 -42.1770	  169.7221
13.475	 3.24	 1	 -44.5269	  170.6495
13.490	 2.18	 1	 -42.1350	  173.8287
13.497	 2.39	 1	 -41.1868	  170.8854
13.504	 2.15	 1	 -41.1249	  178.7561
13.506	 2.81	 1	 -43.0069	  175.5354
13.509	 2.72	 1	 -42.1766	  174.6684
13.524	 2.11	 2	 -43.9397	  175.4562
13.573	 2.11	 1	 -46.5611	  176.1407
13.574	 2.16	 1	 -39.4199	  168.8266
13.581	 2.02	 1	 -42.0935	  173.2046
13.587	 2.22	 1	 -41.7316	  174.0744
13.600	 2.21	 1	 -40.3847	  167.7716
13.604	 3.27	 1	 -42.5472	  179.1367
13.604	 2.28	 1	 -41.5504	  173.1520
13.612	 2.13	 1	 -42.3768	  173.9333
13.621	 2.45	 1	 -41.7897	  174.2497
13.621	 2.28	 1	 -42.0213	  173.4150
13.625	 2.16	 1	 -41.9949	  173.9318
13.625	 2.31	 2	 -43.6603	  171.2524
13.625	 2.29	 1	 -38.3284	  174.4964
13.627	 2.26	 2	 -46.3711	  173.3555
13.640	 3.00	 1	 -42.5329	  174.2150
13.645	 2.49	 1	 -41.2006	  173.1481
13.652	 2.27	 1	 -42.1051	  172.8958
13.653	 2.47	 1	 -42.1056	  174.5308
13.663	 2.20	 1	 -41.5511	  173.3922
13.677	 3.49	 1	 -42.0793	  173.2728
13.687	 2.13	 1	 -45.2121	  173.5141
13.694	 2.37	 1	 -42.8879	  179.1342
13.695	 3.43	 1	 -42.4956	  173.1187
13.695	 2.95	 1	 -42.3569	  173.8457
13.719	 2.23	 1	 -42.0517	  175.3622
13.725	 3.42	 1	 -41.9437	  172.5256
13.743	 2.03	 1	 -43.7750	  173.0429
13.744	 2.00	 1	 -41.3657	  171.2568
13.750	 2.33	 1	 -42.2902	  173.7119
13.751	 2.17	 1	 -42.0109	  173.6908
13.756	 2.22	 1	 -42.3202	  173.7255
13.763	 3.22	 1	 -42.9194	  171.9203
13.767	 2.47	 1	 -45.7522	  177.5053
13.769	 2.94	 2	 -38.3573	  171.3974
13.776	 2.02	 1	 -45.1404	  171.5167
13.793	 2.10	 1	 -41.5544	  169.4838
13.793	 2.29	 1	 -47.0769	  174.3808
13.796	 2.02	 1	 -41.9642	  173.7924
13.813	 2.20	 1	 -42.2445	  173.6066
13.832	 2.42	 1	 -41.7407	  174.2661
13.836	 2.72	 1	 -42.7555	  174.0260
13.836	 2.59	 1	 -43.5027	  174.9422
13.840	 2.66	 1	 -41.7825	  174.1325
13.847	 2.07	 1	 -41.4886	  171.5569
13.863	 2.03	 1	 -42.3760	  172.9319
13.864	 2.35	 1	 -42.2061	  175.8254
13.869	 2.37	 1	 -45.2379	  176.6652
13.870	 2.34	 1	 -41.7084	  174.2266
13.871	 2.15	 1	 -41.5970	  175.5064
13.875	 2.21	 1	 -40.1261	  170.2122
13.892	 2.46	 1	 -46.9495	  174.9926
13.903	 2.12	 1	 -44.0913	  174.2614
13.915	 2.83	 1	 -42.5133	  177.0979
13.915	 2.19	 1	 -42.0065	  173.3124
13.917	 2.06	 1	 -42.5033	  174.5711
13.944	 2.76	 1	 -42.3718	  173.2191
13.959	 2.45	 1	 -46.4228	  172.9548
13.962	 2.60	 1	 -45.5991	  175.9605
13.963	 2.05	 1	 -38.2608	  174.0575
13.973	 2.75	 1	 -41.4645	  176.1848
13.979	 2.38	 1	 -41.3835	  172.9749
13.989	 2.63	 1	 -41.0324	  172.6197
13.990	 3.24	 1	 -43.4402	  173.9491
