# Simulation 764
# RelativeTime(days) Magnitude Generation Latitude Longitude
Time Mag Gen Lat Lon
7.003	 2.34	 1	 -43.4839	  174.2244
7.003	 2.03	 1	 -41.7049	  170.2083
7.011	 2.11	 1	 -45.0274	  174.4292
7.015	 2.14	 1	 -42.3337	  169.6395
7.021	 2.01	 1	 -47.1541	  173.7847
7.025	 2.10	 1	 -43.3555	  168.7031
7.033	 2.39	 1	 -45.2255	  172.0040
7.035	 2.44	 1	 -38.2160	  172.4450
7.038	 3.81	 1	 -42.5743	  174.3254
7.038	 2.51	 1	 -39.4954	  170.7980
7.068	 2.74	 1	 -40.4015	  174.3733
7.080	 2.53	 1	 -41.7803	  174.2825
7.088	 2.84	 1	 -41.8486	  174.1762
7.110	 2.19	 1	 -42.3086	  173.7885
7.123	 2.10	 1	 -43.0673	  174.5457
7.124	 2.00	 1	 -46.9672	  174.9206
7.124	 2.54	 1	 -38.9277	  169.6768
7.133	 2.42	 1	 -43.9997	  178.8757
7.134	 2.00	 1	 -45.9825	  175.6484
7.135	 2.10	 2	 -41.8471	  174.1751
7.152	 3.23	 1	 -47.1397	  173.9272
7.154	 2.37	 1	 -42.4490	  179.1310
7.157	 2.15	 1	 -42.0245	  173.9201
7.157	 2.39	 2	 -47.1403	  173.9304
7.164	 2.01	 1	 -39.1004	  175.5735
7.168	 2.09	 1	 -41.9743	  174.3121
7.174	 2.65	 1	 -43.0857	  174.5071
7.184	 2.20	 1	 -42.2060	  173.3931
7.184	 2.44	 1	 -44.7349	  167.5718
7.191	 2.39	 1	 -41.8841	  174.5889
7.192	 3.79	 1	 -41.9948	  173.7879
7.195	 3.46	 1	 -41.3238	  172.1588
7.201	 2.44	 1	 -42.3799	  173.6608
7.202	 2.08	 1	 -41.6894	  178.3680
7.207	 2.34	 1	 -46.4705	  169.7044
7.211	 3.50	 1	 -39.1370	  176.7674
7.217	 2.16	 1	 -46.6148	  170.0303
7.227	 2.25	 1	 -43.1200	  179.1122
7.229	 2.86	 1	 -45.2667	  176.3063
7.230	 2.00	 1	 -42.4334	  173.8141
7.234	 2.34	 1	 -44.0185	  175.0260
7.234	 2.03	 1	 -42.4621	  172.9804
7.239	 2.06	 1	 -40.8030	  175.3604
7.246	 2.74	 1	 -39.3372	  177.0949
7.259	 2.01	 1	 -42.9871	  175.7013
7.266	 2.46	 1	 -41.4457	  173.7539
7.268	 3.10	 1	 -41.1779	  173.9430
7.269	 2.37	 1	 -39.7107	  174.8562
7.273	 2.00	 1	 -47.1842	  173.3094
7.282	 2.90	 1	 -42.6699	  173.5074
7.283	 2.19	 1	 -41.4159	  171.9323
7.285	 2.16	 1	 -41.5150	  173.4283
7.294	 2.14	 1	 -42.8404	  173.0385
7.295	 2.14	 1	 -43.3789	  177.9467
7.297	 2.09	 1	 -41.8725	  179.0374
7.297	 2.10	 1	 -38.4929	  175.2086
7.306	 2.71	 1	 -42.2014	  173.7791
7.308	 2.47	 1	 -41.7736	  173.0932
7.310	 2.30	 1	 -42.3374	  173.7941
7.311	 2.54	 1	 -39.7764	  173.9238
7.320	 2.27	 1	 -40.1458	  173.2510
7.322	 2.63	 1	 -43.8108	  173.4863
7.330	 3.42	 1	 -41.7282	  174.1994
7.331	 2.45	 1	 -42.0006	  173.4367
7.334	 2.42	 1	 -47.1853	  172.7696
7.343	 2.94	 1	 -42.2493	  173.6393
7.344	 2.34	 1	 -41.8088	  174.2005
7.350	 2.23	 1	 -39.7283	  174.5435
7.363	 2.50	 1	 -42.5323	  173.2660
7.371	 2.13	 1	 -42.2621	  173.6314
7.373	 3.42	 1	 -41.0185	  173.7688
7.374	 2.40	 1	 -39.4255	  177.2257
7.378	 2.77	 1	 -41.0780	  171.4942
7.378	 2.15	 1	 -43.6163	  167.0348
7.381	 2.04	 1	 -45.8972	  177.3137
7.382	 2.30	 1	 -42.0144	  178.2542
7.384	 2.38	 1	 -42.1526	  179.0957
7.402	 2.80	 1	 -43.7989	  172.3600
7.402	 2.06	 1	 -47.0145	  174.7107
7.403	 2.49	 1	 -46.2257	  169.2379
7.404	 2.07	 1	 -45.5268	  168.2726
7.407	 2.55	 1	 -41.2552	  171.4572
7.407	 2.96	 1	 -44.0949	  178.8348
7.414	 2.19	 1	 -41.7866	  171.9677
7.419	 2.01	 1	 -42.0125	  173.8315
7.431	 2.14	 1	 -41.9427	  173.1714
7.443	 2.15	 1	 -41.7067	  174.1258
7.446	 2.89	 1	 -40.8664	  167.4315
7.451	 2.14	 1	 -41.2794	  168.8401
7.453	 2.00	 1	 -47.0072	  171.2995
7.453	 2.46	 1	 -42.8972	  171.8595
7.456	 2.91	 1	 -42.5751	  173.7124
7.476	 2.26	 1	 -43.3140	  173.4677
7.477	 2.50	 1	 -42.1827	  173.2143
7.480	 2.06	 1	 -38.6025	  175.5642
7.481	 2.00	 1	 -42.2974	  173.4524
7.481	 2.11	 1	 -42.4196	  173.9682
7.485	 2.11	 1	 -43.7124	  170.7700
7.487	 2.96	 1	 -43.7871	  172.8849
7.502	 2.83	 1	 -41.7597	  174.4156
7.506	 3.36	 1	 -41.8093	  174.2438
7.510	 2.16	 1	 -41.4669	  175.5009
7.510	 2.15	 1	 -44.1765	  169.9589
7.510	 2.87	 1	 -46.9381	  171.0066
7.511	 2.18	 1	 -41.6955	  174.2878
7.517	 2.07	 1	 -41.8762	  168.2468
7.518	 2.53	 1	 -45.7308	  169.3304
7.520	 3.63	 1	 -42.2834	  173.5687
7.524	 2.82	 1	 -41.1594	  174.7234
7.535	 2.07	 1	 -41.8317	  169.3804
7.561	 2.93	 1	 -43.1744	  166.9396
7.591	 2.09	 1	 -43.3732	  170.3125
7.595	 3.38	 1	 -42.5205	  173.3241
7.601	 2.14	 1	 -42.9197	  172.4927
7.609	 3.32	 1	 -41.6657	  174.2896
7.612	 2.50	 1	 -42.4561	  173.1780
7.614	 2.25	 1	 -41.7557	  174.1949
7.628	 2.15	 1	 -43.1864	  179.1029
7.628	 3.19	 1	 -44.6383	  167.5068
7.635	 2.36	 1	 -41.2927	  172.2171
7.637	 2.32	 1	 -41.8815	  173.5535
7.644	 2.06	 1	 -38.6679	  175.7506
7.666	 2.65	 1	 -42.8832	  173.0365
7.668	 3.25	 1	 -46.9932	  174.8083
7.669	 3.49	 1	 -41.2090	  167.9556
7.679	 2.94	 1	 -46.8569	  175.3301
7.682	 2.24	 1	 -43.0941	  172.9692
7.689	 2.60	 1	 -40.0853	  175.9426
7.702	 2.88	 1	 -47.0858	  174.3263
7.707	 2.96	 1	 -41.8625	  173.5705
7.713	 2.25	 1	 -43.2171	  174.7186
7.721	 2.33	 1	 -41.4037	  173.0877
7.728	 2.57	 1	 -42.2361	  173.6084
7.730	 3.01	 1	 -39.5135	  177.3488
7.747	 2.20	 1	 -38.6778	  175.7774
7.750	 2.34	 1	 -44.1183	  175.5105
7.751	 2.23	 1	 -38.8904	  173.6523
7.764	 2.02	 1	 -38.5716	  170.5743
7.764	 2.50	 1	 -43.4046	  173.9799
7.766	 2.08	 1	 -41.1573	  167.2719
7.767	 2.67	 1	 -42.7388	  179.1396
7.787	 2.22	 1	 -42.0063	  170.5727
7.792	 2.21	 1	 -41.7066	  174.1336
7.793	 2.16	 1	 -44.7122	  172.7525
7.800	 2.12	 1	 -42.0238	  173.5379
7.805	 2.16	 1	 -40.9640	  167.3744
7.806	 2.22	 1	 -42.4494	  171.8576
7.814	 2.81	 1	 -41.5196	  178.7892
7.814	 2.01	 1	 -41.4308	  175.3794
7.827	 2.77	 1	 -45.9095	  175.9156
7.829	 3.13	 1	 -46.2856	  172.2020
7.835	 3.12	 1	 -42.8704	  175.4178
7.842	 2.05	 1	 -45.5000	  174.8799
7.846	 2.62	 1	 -42.1522	  173.4598
7.880	 3.00	 1	 -41.6841	  178.9841
7.886	 2.89	 1	 -43.1414	  166.9349
7.899	 2.04	 1	 -41.7980	  174.4471
7.906	 2.38	 1	 -44.0407	  173.9767
7.909	 2.12	 1	 -42.5170	  174.3934
7.912	 2.21	 1	 -41.8921	  177.7638
7.913	 2.81	 1	 -43.5380	  172.8654
7.915	 2.21	 1	 -44.5237	  178.6096
7.920	 2.13	 1	 -40.8698	  167.4295
7.923	 2.71	 1	 -42.2595	  173.6100
7.931	 2.11	 1	 -42.7704	  172.3280
7.935	 2.18	 1	 -41.8598	  174.2251
7.939	 2.25	 1	 -42.0191	  172.3608
7.940	 3.43	 1	 -43.3779	  174.1445
7.940	 2.55	 1	 -41.6849	  174.2960
7.943	 2.12	 1	 -40.7470	  178.5377
7.953	 2.58	 1	 -41.5942	  175.2878
7.967	 4.25	 1	 -45.0044	  167.7748
7.985	 2.91	 1	 -43.3086	  168.9160
7.988	 2.07	 1	 -44.9978	  173.1629
8.000	 2.10	 1	 -42.9021	  172.9522
8.003	 2.62	 1	 -41.9461	  173.8367
8.004	 2.61	 1	 -42.8455	  173.3678
8.007	 3.89	 1	 -42.2911	  173.6753
8.008	 2.68	 1	 -42.1264	  166.9530
8.013	 2.70	 1	 -42.0234	  173.6315
8.013	 2.91	 1	 -44.0820	  172.7300
8.035	 2.22	 1	 -45.5195	  173.4103
8.041	 2.12	 1	 -42.7155	  171.0023
8.043	 2.45	 1	 -42.6129	  172.5573
8.045	 4.10	 1	 -38.9274	  176.3669
8.048	 2.12	 1	 -42.3418	  173.8849
8.052	 2.28	 1	 -41.7143	  174.2085
8.053	 2.15	 1	 -46.4884	  169.7426
8.079	 2.67	 1	 -41.6160	  174.3669
8.080	 2.21	 1	 -44.1726	  170.1270
8.082	 2.07	 1	 -44.3309	  168.8070
8.089	 2.37	 2	 -41.1780	  173.9388
8.095	 3.22	 1	 -45.1383	  168.7793
8.098	 2.28	 1	 -40.2588	  174.9505
8.098	 2.17	 1	 -42.0466	  174.6814
8.098	 2.95	 1	 -44.1299	  176.8192
8.101	 3.16	 1	 -42.5184	  173.0998
8.114	 3.19	 1	 -44.2631	  178.7547
8.115	 2.90	 1	 -41.7594	  174.2844
8.125	 2.79	 1	 -42.7850	  173.3186
8.137	 2.43	 1	 -42.4268	  173.7714
8.138	 2.09	 1	 -42.5824	  174.1962
8.143	 2.15	 1	 -42.7536	  166.9049
8.144	 2.15	 1	 -40.8103	  172.4101
8.145	 2.06	 1	 -45.3391	  171.3387
8.151	 2.45	 1	 -42.3200	  167.3977
8.152	 2.36	 1	 -42.3724	  171.3565
8.157	 2.22	 1	 -42.1813	  173.5421
8.159	 2.26	 1	 -42.2422	  173.5125
8.160	 2.45	 1	 -42.5649	  173.0872
8.166	 2.04	 1	 -40.4213	  175.5238
8.181	 2.02	 1	 -38.5942	  171.4955
8.189	 2.70	 1	 -42.3482	  174.6216
8.195	 2.10	 1	 -41.9148	  174.5504
8.198	 2.69	 1	 -45.8704	  174.4108
8.199	 2.09	 1	 -42.1545	  174.0289
8.202	 2.14	 1	 -42.0887	  173.6799
8.214	 2.75	 1	 -42.3463	  176.3542
8.215	 2.73	 1	 -42.8143	  172.7742
8.229	 2.04	 1	 -42.2274	  173.6338
8.242	 2.16	 1	 -44.1273	  173.6974
8.249	 3.13	 1	 -41.6951	  167.0567
8.256	 2.63	 1	 -42.6885	  169.9994
8.258	 2.89	 1	 -43.7842	  174.4146
8.263	 2.41	 1	 -39.0609	  169.4146
8.279	 2.66	 1	 -38.7048	  175.8492
8.284	 2.35	 1	 -43.7245	  174.8143
8.285	 2.20	 1	 -44.0468	  171.2310
8.297	 2.22	 1	 -42.5254	  173.3077
8.302	 2.13	 1	 -42.6033	  172.4380
8.305	 2.84	 1	 -42.3036	  174.6382
8.310	 2.20	 1	 -42.9502	  172.0326
8.314	 2.57	 1	 -41.7978	  174.7119
8.319	 2.55	 1	 -43.1869	  173.3207
8.324	 3.90	 1	 -39.0865	  176.6768
8.327	 3.02	 1	 -39.4710	  177.2903
8.334	 2.08	 1	 -42.5134	  173.0052
8.334	 2.80	 1	 -39.7427	  174.9246
8.339	 2.38	 1	 -41.6994	  174.3855
8.342	 2.27	 1	 -42.3801	  173.4314
8.343	 2.48	 1	 -45.0919	  172.5036
8.353	 2.15	 1	 -46.2323	  176.4847
8.357	 2.31	 1	 -46.8080	  175.4872
8.362	 2.31	 1	 -40.9035	  169.6947
8.373	 2.66	 1	 -42.4611	  168.0750
8.374	 2.24	 1	 -42.3869	  172.7461
8.375	 2.24	 1	 -45.9963	  168.8720
8.375	 2.47	 1	 -40.0649	  168.7610
8.387	 2.18	 2	 -42.4613	  168.0757
8.397	 2.03	 1	 -41.3167	  167.1977
8.400	 2.69	 1	 -40.2759	  175.3327
8.417	 2.77	 1	 -42.0675	  173.6566
8.419	 3.27	 1	 -38.7645	  171.6035
8.423	 2.65	 1	 -43.4199	  170.7700
8.425	 2.09	 1	 -40.5160	  172.0150
8.431	 2.92	 1	 -40.2926	  178.1957
8.442	 2.66	 1	 -43.2725	  175.8742
8.446	 2.45	 1	 -41.6961	  174.2930
8.455	 2.01	 1	 -41.5935	  174.2927
8.461	 2.67	 1	 -43.4707	  170.4358
8.469	 2.70	 1	 -42.0120	  174.0512
8.477	 2.04	 1	 -42.1414	  173.5862
8.477	 2.35	 1	 -42.6613	  173.6672
8.480	 2.09	 1	 -44.1357	  167.2280
8.481	 4.60	 1	 -40.5041	  174.2054
8.482	 2.36	 2	 -40.4668	  174.0583
8.485	 2.98	 1	 -42.1191	  173.1989
8.501	 2.73	 1	 -42.0235	  168.8331
8.512	 2.24	 1	 -45.5804	  177.7115
8.521	 3.05	 1	 -43.9457	  173.6693
8.524	 2.77	 1	 -42.5203	  174.1755
8.538	 2.22	 1	 -43.6532	  178.9987
8.539	 2.06	 1	 -43.1323	  179.1106
8.541	 3.09	 1	 -45.1439	  171.0011
8.542	 2.46	 1	 -42.2275	  173.7018
8.546	 3.03	 1	 -41.7632	  174.2952
8.547	 2.20	 1	 -42.5481	  179.1368
8.555	 2.52	 1	 -42.8534	  166.9082
8.568	 2.07	 1	 -42.4859	  173.0662
8.570	 2.49	 1	 -46.3773	  176.5285
8.580	 2.30	 1	 -44.6094	  174.3941
8.583	 2.09	 1	 -43.5037	  175.0388
8.587	 2.23	 1	 -39.6365	  177.5099
8.598	 2.21	 1	 -42.2212	  177.4806
8.599	 2.12	 1	 -43.7187	  171.9282
8.604	 2.62	 1	 -43.3051	  179.0829
8.604	 2.10	 1	 -41.1060	  175.3637
8.621	 2.03	 1	 -41.2226	  172.0059
8.631	 2.66	 1	 -44.4471	  174.1540
8.634	 2.08	 1	 -41.9085	  172.9919
8.637	 2.56	 1	 -44.2050	  171.9087
8.639	 2.09	 1	 -38.9904	  169.5497
8.643	 2.19	 1	 -40.2594	  173.1862
8.646	 2.24	 1	 -46.9959	  174.7962
8.650	 2.04	 1	 -42.2052	  173.6069
8.668	 2.24	 2	 -41.7982	  174.7113
8.675	 3.47	 1	 -42.1985	  173.8415
8.679	 2.53	 1	 -43.6431	  167.0426
8.681	 2.19	 1	 -42.2771	  172.5970
8.682	 2.53	 1	 -41.8502	  174.6966
8.684	 2.12	 1	 -46.4748	  176.3308
8.684	 2.82	 1	 -42.0452	  171.1449
8.685	 2.31	 1	 -43.3860	  179.0668
8.707	 4.29	 2	 -41.0989	  172.1658
8.716	 3.53	 1	 -43.1618	  173.7007
8.717	 3.97	 1	 -43.5942	  174.8468
8.722	 2.09	 1	 -42.2594	  173.0836
8.723	 3.02	 1	 -43.0538	  172.0530
8.733	 2.07	 1	 -41.7676	  179.0091
8.749	 2.03	 1	 -42.6135	  176.6266
8.753	 2.06	 1	 -41.1139	  167.6408
8.755	 2.35	 1	 -38.2927	  174.2843
8.756	 2.74	 1	 -43.9148	  173.9748
8.760	 2.09	 1	 -42.4800	  173.6440
8.760	 2.43	 1	 -45.0951	  171.7551
8.762	 2.03	 1	 -43.2146	  171.6553
8.764	 2.21	 1	 -40.7183	  178.5188
8.770	 2.40	 1	 -41.6512	  172.4694
8.785	 2.30	 1	 -42.5464	  173.2411
8.807	 2.96	 1	 -44.7671	  173.0993
8.813	 2.58	 1	 -39.9736	  177.8949
8.813	 2.16	 1	 -43.6290	  174.1479
8.816	 2.42	 1	 -42.4798	  172.9529
8.819	 2.09	 1	 -41.6944	  174.2903
8.821	 2.68	 1	 -41.6932	  167.0573
8.828	 3.57	 1	 -40.7834	  174.1801
8.830	 3.30	 2	 -40.8344	  174.1494
8.831	 2.61	 1	 -44.4000	  171.6894
8.831	 2.18	 1	 -43.1658	  176.0372
8.833	 2.27	 1	 -41.6514	  172.3317
8.837	 2.64	 1	 -47.1662	  173.6399
8.862	 2.47	 1	 -43.8671	  170.7333
8.893	 2.15	 1	 -43.2427	  177.7048
8.906	 2.29	 1	 -44.4794	  174.0946
8.935	 2.10	 1	 -42.1826	  173.7555
8.958	 2.09	 1	 -40.7317	  168.6413
8.963	 2.12	 1	 -43.9868	  178.1137
8.975	 2.20	 1	 -41.7259	  174.3065
8.979	 2.69	 1	 -42.7596	  173.7878
8.981	 2.08	 1	 -41.6163	  172.0942
8.982	 2.39	 1	 -41.7737	  174.2560
8.992	 2.00	 1	 -41.7481	  172.9393
8.996	 2.15	 1	 -43.8756	  168.9432
9.002	 2.82	 1	 -43.1027	  166.9298
9.006	 2.18	 1	 -46.7541	  175.6472
9.014	 2.30	 1	 -42.4343	  174.8895
9.016	 2.12	 1	 -44.1248	  168.5944
9.030	 2.07	 1	 -42.4981	  170.6025
9.039	 2.03	 1	 -42.1517	  171.2174
9.040	 2.18	 1	 -42.2253	  173.7452
9.045	 2.22	 1	 -43.5115	  175.0845
9.058	 2.56	 1	 -41.3261	  174.3501
9.058	 2.24	 1	 -42.6103	  172.5221
9.060	 3.07	 1	 -41.0390	  174.2340
9.064	 2.26	 1	 -40.9385	  173.1961
9.093	 2.05	 1	 -42.3388	  174.8595
9.096	 2.01	 1	 -42.3583	  166.9213
9.098	 2.50	 1	 -44.4231	  173.9823
9.102	 2.07	 1	 -38.3487	  171.4411
9.103	 2.26	 1	 -38.9491	  169.6328
9.121	 2.05	 1	 -47.1482	  173.8458
9.125	 2.06	 1	 -42.8516	  171.1924
9.127	 2.47	 1	 -41.7908	  174.4520
9.131	 2.35	 1	 -42.5305	  173.2440
9.144	 3.12	 1	 -42.5284	  173.0470
9.145	 2.30	 2	 -42.5300	  173.0494
9.146	 2.82	 2	 -40.4930	  174.2230
9.150	 2.04	 1	 -43.5037	  172.9331
9.176	 2.44	 1	 -45.5621	  174.7297
9.178	 2.05	 1	 -41.4964	  173.5263
9.181	 2.28	 1	 -43.5480	  172.9223
9.192	 2.78	 1	 -44.9072	  174.6410
9.195	 2.45	 1	 -40.4366	  168.6949
9.200	 2.76	 1	 -42.1798	  173.7882
9.204	 2.27	 1	 -43.3745	  179.0692
9.217	 2.26	 1	 -41.8016	  173.6128
9.217	 2.18	 1	 -44.2923	  171.4986
9.219	 2.83	 1	 -38.2637	  171.9638
9.226	 2.95	 1	 -38.2319	  172.2502
9.228	 2.35	 1	 -40.9259	  171.7098
9.234	 2.01	 1	 -39.5844	  172.6924
9.235	 2.11	 1	 -41.9985	  173.6422
9.239	 2.71	 1	 -46.3717	  176.5393
9.249	 2.04	 1	 -40.2408	  167.8937
9.257	 2.74	 1	 -44.9085	  175.0685
9.258	 2.46	 1	 -40.5785	  178.4217
9.265	 2.06	 1	 -43.8111	  167.0966
9.269	 2.23	 1	 -42.2757	  172.3468
9.269	 2.07	 1	 -45.4163	  174.8945
9.272	 2.05	 1	 -43.2084	  171.2976
9.274	 2.14	 1	 -43.7420	  167.0733
9.275	 2.65	 1	 -44.4388	  174.7719
9.278	 2.32	 2	 -46.3773	  176.5372
9.287	 2.52	 1	 -41.1877	  172.1977
9.291	 2.53	 1	 -43.1536	  172.0486
9.292	 2.01	 1	 -43.7022	  171.2629
9.299	 2.51	 1	 -42.9654	  173.6682
9.309	 2.76	 1	 -41.5637	  167.1003
9.318	 3.28	 1	 -42.3708	  170.7947
9.322	 2.70	 1	 -40.8046	  177.8835
9.331	 2.12	 1	 -41.6973	  174.2942
9.335	 2.66	 2	 -41.0408	  174.2360
9.339	 2.25	 1	 -42.8206	  170.8338
9.340	 2.26	 1	 -42.0482	  172.3432
9.341	 2.34	 1	 -46.3138	  176.6488
9.351	 2.30	 1	 -42.1331	  173.5860
9.361	 2.40	 1	 -42.1998	  173.7789
9.362	 2.17	 1	 -45.5867	  173.1524
9.368	 2.22	 1	 -42.3030	  173.6967
9.370	 2.87	 1	 -42.3819	  173.9773
9.376	 2.19	 1	 -43.1962	  173.0110
9.379	 2.20	 1	 -43.0154	  179.1242
9.380	 2.48	 1	 -40.1887	  169.2038
9.384	 2.51	 1	 -41.4923	  178.6086
9.388	 2.25	 1	 -45.3333	  169.1658
9.406	 2.20	 1	 -45.8128	  177.4272
9.415	 2.30	 1	 -43.4149	  172.0226
9.417	 2.13	 1	 -41.0689	  172.9518
9.425	 2.01	 1	 -41.8974	  173.1418
9.452	 2.14	 1	 -44.3281	  173.4299
9.458	 2.29	 1	 -42.2619	  175.2892
9.459	 2.90	 1	 -43.1584	  178.9299
9.459	 2.40	 1	 -44.2720	  175.2765
9.469	 2.41	 1	 -43.5686	  175.2180
9.469	 2.91	 1	 -43.0993	  172.6273
9.477	 2.11	 1	 -44.3144	  167.3162
9.489	 2.01	 1	 -42.1718	  166.9455
9.491	 3.42	 1	 -42.2077	  172.7548
9.495	 2.94	 1	 -41.6104	  178.9601
9.507	 2.74	 1	 -42.7078	  172.3795
9.524	 2.14	 1	 -43.1142	  170.7052
9.525	 2.05	 1	 -42.1790	  174.2973
9.528	 2.68	 1	 -42.8881	  171.4884
9.548	 2.32	 1	 -39.7569	  168.3880
9.550	 3.85	 1	 -39.9374	  172.3346
9.560	 2.60	 1	 -42.2204	  166.9382
9.565	 3.36	 1	 -42.5141	  172.5503
9.573	 2.59	 1	 -43.1483	  173.3147
9.577	 2.01	 1	 -41.8792	  167.0052
9.578	 2.67	 1	 -38.6670	  170.2961
9.581	 2.51	 1	 -41.7444	  174.3121
9.582	 2.36	 1	 -41.9939	  176.0978
9.585	 2.55	 1	 -38.3436	  171.4670
9.586	 2.56	 1	 -42.5641	  173.1395
9.593	 2.05	 1	 -40.0824	  176.9899
9.594	 2.90	 1	 -42.5862	  174.7688
9.595	 2.80	 2	 -42.5867	  174.7443
9.598	 2.32	 1	 -41.8280	  174.1504
9.611	 2.88	 1	 -41.7239	  174.1675
9.645	 2.26	 1	 -45.9974	  176.8743
9.654	 2.57	 1	 -42.3961	  173.2866
9.655	 2.37	 1	 -46.0949	  169.0222
9.669	 2.52	 1	 -40.7567	  174.1361
9.669	 2.32	 1	 -38.4113	  171.1516
9.677	 2.15	 1	 -42.8792	  173.0303
9.685	 2.83	 1	 -38.6559	  175.7176
9.690	 2.10	 1	 -45.6540	  170.4878
9.696	 2.41	 1	 -43.0459	  175.5003
9.697	 2.02	 1	 -46.7258	  175.7269
9.702	 3.16	 1	 -46.0224	  177.1334
9.717	 2.19	 1	 -44.2421	  178.7652
9.718	 2.70	 1	 -43.6432	  175.4780
9.730	 2.61	 1	 -42.5946	  175.6338
9.731	 2.42	 1	 -41.5943	  172.2953
9.749	 2.32	 1	 -41.6453	  174.4111
9.749	 2.70	 1	 -47.1272	  174.0341
9.771	 2.07	 1	 -43.2778	  171.0900
9.777	 2.67	 1	 -40.6523	  178.4739
9.784	 2.16	 1	 -42.4347	  172.9913
9.805	 2.16	 1	 -44.3165	  168.2335
9.812	 2.03	 1	 -42.3305	  174.0682
9.817	 2.38	 1	 -41.9706	  171.0440
9.822	 2.26	 1	 -41.5966	  172.6953
9.833	 2.16	 1	 -41.2858	  173.9758
9.836	 3.44	 1	 -43.1070	  175.2318
9.837	 2.22	 1	 -41.7618	  177.1466
9.837	 2.22	 1	 -41.7600	  171.9283
9.854	 2.04	 1	 -44.3071	  170.4936
9.863	 2.79	 1	 -42.3876	  170.0875
9.869	 2.11	 1	 -47.1883	  172.9038
9.891	 2.05	 1	 -46.8476	  175.3609
9.898	 2.25	 1	 -42.1569	  173.3588
9.902	 3.03	 1	 -42.3209	  172.8316
9.921	 3.34	 1	 -43.4850	  179.0442
9.923	 2.09	 1	 -39.0746	  173.1013
9.936	 2.06	 1	 -38.8248	  176.1424
9.953	 2.32	 1	 -43.0865	  172.4018
9.953	 2.44	 1	 -42.6608	  172.8036
9.960	 2.77	 1	 -43.6817	  167.0542
9.963	 2.38	 1	 -43.7905	  170.4947
9.963	 2.30	 1	 -38.9370	  176.3866
9.975	 2.01	 1	 -42.1914	  173.6371
9.976	 2.39	 1	 -44.2826	  168.9669
9.988	 2.45	 1	 -44.3772	  173.7669
9.990	 2.05	 1	 -42.5959	  173.0435
9.993	 2.26	 1	 -39.7308	  168.8756
9.999	 4.25	 1	 -43.4852	  172.3600
10.008	 2.25	 1	 -44.3619	  178.7027
10.009	 2.28	 1	 -43.0916	  173.8049
10.017	 2.40	 1	 -42.5363	  173.4031
10.026	 2.44	 1	 -42.5685	  173.1164
10.031	 2.03	 1	 -41.7582	  174.1943
10.031	 2.26	 1	 -42.5112	  171.7358
10.046	 2.25	 1	 -42.0415	  174.5396
10.051	 2.11	 1	 -46.4957	  176.2861
10.052	 2.14	 1	 -42.1678	  173.4846
10.055	 2.09	 1	 -41.5482	  172.2610
10.085	 2.31	 1	 -42.9589	  169.2224
10.092	 2.67	 1	 -39.2053	  176.8844
10.102	 2.52	 1	 -43.7675	  173.6514
10.108	 2.14	 1	 -45.5764	  169.5851
10.112	 3.13	 1	 -42.5658	  173.1503
10.113	 2.30	 1	 -47.1743	  173.5187
10.117	 2.02	 1	 -45.5754	  176.9448
10.137	 2.04	 1	 -42.4106	  172.1891
10.154	 2.11	 1	 -42.1271	  171.6099
10.157	 2.03	 1	 -45.9007	  177.3088
10.158	 2.24	 1	 -42.5425	  173.4566
10.159	 2.44	 1	 -41.6952	  174.3297
10.170	 2.04	 1	 -39.7728	  177.6748
10.175	 2.43	 1	 -47.1744	  172.5276
10.211	 2.83	 1	 -43.3870	  173.1735
10.217	 2.43	 1	 -46.9681	  171.1277
10.224	 3.87	 1	 -42.6400	  171.5524
10.228	 2.90	 1	 -42.6838	  168.8477
10.231	 2.10	 1	 -41.8493	  173.8012
10.245	 2.29	 1	 -46.6471	  175.6507
10.250	 2.78	 1	 -45.2937	  173.6585
10.251	 3.37	 1	 -40.8558	  175.4687
10.253	 2.24	 1	 -46.0849	  172.5964
10.259	 2.18	 1	 -47.1583	  173.7371
10.281	 2.70	 1	 -44.7377	  174.2458
10.287	 2.02	 1	 -40.4940	  171.4913
10.301	 2.27	 1	 -42.2955	  172.8057
10.311	 2.26	 1	 -43.3564	  174.2387
10.315	 3.22	 1	 -45.9678	  174.8787
10.327	 2.02	 1	 -45.7376	  168.5206
10.327	 2.37	 1	 -46.5359	  169.8464
10.329	 2.23	 2	 -41.3247	  172.1603
10.336	 2.19	 1	 -42.4556	  172.4034
10.346	 3.01	 1	 -46.4860	  174.3463
10.359	 2.23	 1	 -42.0532	  173.7496
10.360	 2.52	 1	 -43.3109	  174.5330
10.365	 2.04	 1	 -45.5728	  168.9591
10.391	 2.50	 1	 -42.8935	  172.5255
10.393	 2.12	 1	 -41.3342	  173.4548
10.395	 2.33	 1	 -39.7705	  175.4247
10.400	 2.84	 1	 -40.2262	  178.1376
10.403	 2.15	 1	 -42.0323	  174.0253
10.405	 2.51	 1	 -43.2584	  174.4503
10.419	 2.67	 1	 -39.7285	  169.0114
10.424	 2.41	 1	 -43.2841	  170.9004
10.427	 2.04	 1	 -40.1221	  178.0418
10.427	 2.13	 1	 -43.0006	  172.0607
10.427	 2.24	 2	 -40.4983	  174.2017
10.428	 2.46	 1	 -45.2607	  168.0003
10.431	 2.02	 1	 -42.4827	  173.2975
10.437	 2.30	 1	 -38.5891	  171.1032
10.440	 2.01	 1	 -44.2256	  172.2484
10.448	 2.02	 1	 -41.7911	  172.7787
10.455	 2.17	 1	 -41.8895	  173.6762
10.463	 3.34	 1	 -45.7175	  168.4956
10.467	 3.03	 1	 -42.6334	  172.9380
10.467	 2.05	 1	 -41.9775	  173.4157
10.469	 2.11	 1	 -41.6530	  173.6446
10.505	 4.52	 1	 -47.1812	  172.6583
10.507	 2.08	 1	 -42.1095	  174.3504
10.507	 2.18	 2	 -47.0982	  172.6244
10.509	 2.02	 1	 -42.2156	  173.3095
10.511	 2.09	 1	 -42.2670	  173.0199
10.512	 2.29	 1	 -44.6671	  167.5257
10.524	 2.23	 1	 -42.1692	  174.3747
10.529	 2.09	 1	 -42.5278	  179.1358
10.532	 2.35	 1	 -42.4363	  173.4010
10.537	 2.11	 1	 -40.4936	  170.4194
10.582	 2.33	 1	 -41.6746	  175.9501
10.592	 2.42	 1	 -45.2190	  174.5424
10.599	 2.13	 1	 -42.7458	  179.1395
10.606	 2.11	 1	 -42.6301	  167.1896
10.633	 2.38	 1	 -42.2350	  173.7463
10.672	 2.03	 2	 -42.7283	  168.8919
10.673	 2.67	 1	 -42.0409	  171.7990
10.675	 2.65	 1	 -38.9825	  169.5655
10.678	 2.25	 1	 -45.5152	  176.4776
10.682	 2.01	 1	 -42.2481	  166.9343
10.687	 3.03	 1	 -42.5909	  176.1003
10.700	 2.15	 1	 -41.2131	  175.3976
10.715	 3.35	 1	 -38.4630	  175.0990
10.717	 2.01	 1	 -42.1849	  173.9476
10.719	 3.37	 1	 -43.2614	  173.4511
10.719	 2.32	 1	 -41.7483	  174.2783
10.733	 2.12	 1	 -45.7896	  168.5868
10.739	 2.60	 1	 -41.6823	  172.3990
10.749	 2.19	 1	 -42.9560	  166.9148
10.760	 2.38	 1	 -42.9654	  170.0266
10.764	 2.33	 1	 -41.9740	  172.8480
10.770	 2.16	 1	 -41.4793	  174.2460
10.782	 2.11	 1	 -42.4969	  173.1871
10.785	 2.10	 1	 -44.4352	  167.3824
10.785	 2.04	 1	 -46.9560	  174.9666
10.799	 2.46	 1	 -38.6500	  173.9181
10.803	 2.20	 1	 -40.8683	  169.8264
10.808	 2.12	 1	 -39.5578	  169.1257
10.809	 2.03	 1	 -41.5553	  174.1358
10.813	 2.74	 1	 -46.9110	  175.1404
10.814	 2.01	 1	 -46.3587	  176.5643
10.816	 3.94	 1	 -42.5375	  173.7979
10.831	 3.70	 1	 -38.5526	  170.6343
10.837	 2.42	 1	 -43.5872	  172.7436
10.837	 2.20	 1	 -42.8541	  166.9083
10.837	 2.08	 2	 -38.5017	  170.5831
10.839	 2.63	 1	 -41.9620	  178.3963
10.860	 2.00	 1	 -40.4062	  175.6748
10.860	 2.33	 1	 -42.3453	  172.8176
10.863	 2.49	 1	 -45.4007	  168.1383
10.922	 2.23	 1	 -40.7261	  173.8013
10.928	 2.06	 1	 -38.9752	  169.5799
10.931	 2.28	 1	 -43.3678	  173.6319
10.946	 4.25	 1	 -41.7409	  174.1533
10.959	 2.21	 1	 -39.1649	  176.8158
10.962	 2.96	 1	 -47.1701	  172.4601
10.966	 3.09	 1	 -47.1353	  172.0784
10.980	 2.23	 1	 -42.1718	  173.5757
10.989	 2.05	 1	 -43.9599	  170.5633
10.993	 2.19	 1	 -44.2413	  173.0192
11.001	 2.03	 1	 -41.9244	  174.2736
11.007	 2.84	 1	 -47.1699	  172.4571
11.030	 3.18	 1	 -42.9896	  175.7949
11.038	 2.27	 1	 -44.9759	  178.2925
11.049	 2.02	 1	 -42.6070	  174.7877
11.061	 2.01	 1	 -39.5293	  168.6741
11.061	 2.36	 1	 -43.4029	  167.0848
11.067	 2.39	 1	 -45.6682	  177.6088
11.077	 2.02	 1	 -42.8140	  173.4752
11.080	 2.40	 1	 -44.2679	  178.7522
11.080	 2.25	 1	 -44.3427	  167.3312
11.085	 2.33	 3	 -42.6073	  174.7725
11.101	 2.42	 1	 -40.6258	  176.9143
11.103	 2.10	 1	 -42.2627	  172.9045
11.107	 2.03	 1	 -45.7133	  176.6748
11.111	 2.29	 1	 -41.0344	  167.3354
11.113	 2.57	 1	 -42.2311	  170.8905
11.117	 2.36	 1	 -47.1866	  172.8156
11.122	 2.12	 1	 -39.3703	  177.1449
11.138	 2.28	 1	 -42.9846	  170.5499
11.155	 2.59	 1	 -42.7751	  175.0374
11.157	 2.20	 1	 -43.2143	  166.9456
11.174	 2.08	 1	 -44.3023	  172.9508
11.180	 2.10	 1	 -40.2820	  178.1866
11.184	 2.83	 1	 -42.4196	  173.3339
11.211	 2.15	 1	 -42.1951	  173.1840
11.230	 2.52	 1	 -45.9015	  177.3078
11.234	 3.28	 1	 -44.3925	  172.8065
11.235	 3.43	 1	 -45.6041	  171.9153
11.236	 2.52	 1	 -40.9156	  172.5148
11.256	 2.85	 1	 -42.6723	  174.4952
11.259	 2.16	 1	 -44.9236	  167.7105
11.263	 3.31	 1	 -42.4493	  172.6410
11.266	 2.27	 1	 -42.6712	  172.3460
11.280	 2.95	 1	 -42.2829	  173.1224
11.298	 2.27	 1	 -42.6334	  176.2429
11.302	 2.87	 1	 -46.1043	  175.8687
11.304	 2.03	 1	 -47.0664	  171.6025
11.309	 2.23	 1	 -39.8029	  177.7095
11.317	 2.24	 1	 -41.3732	  171.3839
11.317	 3.56	 1	 -43.7997	  174.5993
11.330	 2.42	 1	 -39.4277	  168.8155
11.331	 2.55	 1	 -46.8081	  175.4869
11.332	 2.24	 1	 -44.1927	  167.2549
11.332	 3.19	 1	 -41.5047	  169.8449
11.334	 2.26	 1	 -42.6906	  179.1399
11.337	 2.13	 1	 -38.5548	  170.6273
11.355	 2.01	 1	 -41.0528	  171.7194
11.366	 2.28	 1	 -42.5271	  174.1183
11.369	 2.57	 1	 -41.8236	  167.0197
11.370	 2.07	 1	 -44.6653	  178.5198
11.397	 2.82	 1	 -38.2146	  173.5797
11.398	 2.10	 1	 -44.5432	  173.1568
11.407	 2.56	 1	 -41.6515	  172.2378
11.408	 2.18	 1	 -40.5332	  178.3884
11.413	 2.10	 1	 -45.5154	  175.8802
11.418	 2.12	 1	 -45.4969	  168.2399
11.420	 2.47	 1	 -46.9952	  171.2448
11.434	 3.00	 1	 -46.0164	  175.8820
11.441	 2.03	 1	 -44.2545	  174.3198
11.444	 3.23	 1	 -46.1030	  175.4057
11.461	 2.16	 1	 -38.2369	  173.8465
11.466	 2.30	 1	 -42.3932	  173.5665
11.479	 2.57	 1	 -43.1848	  172.0479
11.501	 2.49	 1	 -41.1284	  167.2864
11.520	 2.23	 1	 -44.5017	  173.2776
11.535	 2.67	 2	 -44.4171	  172.8052
11.537	 3.30	 1	 -42.3525	  173.9476
11.538	 2.33	 1	 -42.8662	  169.0947
11.541	 2.76	 1	 -38.3214	  174.4575
11.544	 2.41	 1	 -43.9750	  173.8301
11.545	 2.67	 1	 -46.0464	  168.9471
11.548	 2.05	 2	 -42.9828	  175.7930
11.549	 2.18	 1	 -42.7052	  166.9044
11.557	 2.26	 1	 -41.8902	  168.3355
11.566	 2.00	 1	 -39.2790	  171.7279
11.573	 2.25	 1	 -40.7669	  173.6632
11.587	 2.41	 1	 -42.2815	  169.5585
11.600	 2.44	 1	 -41.1009	  174.7463
11.606	 2.68	 1	 -42.3850	  174.0601
11.616	 2.66	 1	 -42.0494	  171.4080
11.625	 4.14	 1	 -42.4876	  173.0363
11.626	 2.65	 1	 -46.8074	  170.5555
11.630	 2.05	 1	 -42.5073	  172.9531
11.641	 2.28	 1	 -47.1488	  172.2048
11.647	 2.17	 1	 -42.2572	  167.8089
11.660	 2.32	 1	 -42.6103	  170.2671
11.684	 2.17	 1	 -46.8907	  173.5182
11.689	 2.21	 1	 -43.0266	  175.0875
11.689	 2.82	 1	 -39.1960	  172.8786
11.696	 2.37	 1	 -41.3115	  171.8049
11.717	 2.31	 1	 -42.1877	  173.8004
11.722	 2.65	 1	 -40.0716	  168.0510
11.729	 2.24	 1	 -40.7608	  178.5466
11.730	 3.19	 1	 -41.6066	  170.2928
11.747	 3.06	 1	 -42.7839	  166.9056
11.749	 2.01	 1	 -42.4026	  174.9279
11.758	 2.00	 1	 -43.2146	  176.6384
11.762	 2.02	 1	 -46.3266	  175.2142
11.777	 2.30	 1	 -41.2676	  175.3604
11.778	 2.10	 2	 -41.6061	  170.2916
11.791	 2.20	 1	 -40.6824	  178.4946
11.793	 2.06	 1	 -41.9304	  172.4524
11.797	 2.45	 1	 -41.7315	  174.3163
11.802	 2.92	 1	 -41.7437	  174.1720
11.821	 3.08	 1	 -41.6023	  174.3426
11.827	 3.83	 1	 -41.5202	  173.6998
11.834	 2.19	 1	 -47.1080	  174.1789
11.838	 2.05	 1	 -39.7619	  170.5459
11.844	 2.75	 1	 -42.2122	  179.1049
11.848	 2.74	 1	 -42.4942	  179.1340
11.861	 2.35	 1	 -42.1133	  170.7214
11.862	 3.08	 1	 -42.2782	  171.1841
11.869	 2.77	 1	 -42.6013	  173.2269
11.872	 2.38	 1	 -42.0508	  179.0773
11.875	 2.02	 1	 -41.8007	  174.1599
11.902	 2.13	 1	 -41.1145	  174.0031
11.905	 2.00	 1	 -45.7359	  176.7320
11.905	 2.22	 1	 -44.3180	  170.4624
11.907	 2.13	 1	 -42.1814	  173.4903
11.935	 2.40	 1	 -43.7740	  172.9177
11.939	 2.00	 1	 -38.4923	  170.8377
11.944	 2.27	 1	 -45.5522	  168.6397
11.945	 2.53	 1	 -42.1041	  166.9569
11.947	 2.17	 1	 -38.1963	  172.9410
11.950	 2.43	 1	 -38.2090	  172.5568
11.951	 2.87	 1	 -43.5902	  173.5791
11.952	 2.00	 1	 -45.7824	  172.3177
11.962	 2.16	 1	 -42.6263	  172.5394
11.970	 3.36	 1	 -41.8703	  173.1752
11.985	 2.06	 1	 -43.0938	  174.5696
11.989	 2.88	 1	 -38.7530	  175.9715
12.000	 2.28	 1	 -40.2585	  167.8781
12.006	 2.64	 1	 -42.5206	  168.9207
12.011	 2.35	 1	 -41.7446	  172.2621
12.035	 2.57	 1	 -38.7003	  175.8374
12.037	 2.73	 1	 -47.0499	  171.7030
12.040	 2.65	 1	 -43.6009	  169.1602
12.046	 2.90	 1	 -41.7895	  167.0290
12.048	 2.55	 1	 -41.9145	  174.0248
12.052	 2.52	 1	 -47.1673	  172.4200
12.061	 2.68	 1	 -42.0805	  173.6790
12.061	 2.52	 1	 -44.2231	  175.6110
12.063	 2.05	 1	 -39.5902	  168.5936
12.067	 2.15	 1	 -43.9931	  170.7980
12.069	 3.17	 1	 -45.6427	  171.5391
12.074	 2.20	 1	 -42.3042	  173.8944
12.074	 2.35	 2	 -42.2289	  173.8849
12.084	 3.00	 1	 -41.6858	  172.3809
12.091	 2.05	 1	 -42.4996	  172.7832
12.094	 3.13	 1	 -39.1001	  174.3092
12.104	 2.32	 1	 -46.8884	  175.2221
12.122	 2.04	 1	 -41.4303	  178.8940
12.124	 2.08	 1	 -41.7610	  174.2450
12.136	 2.41	 1	 -42.4618	  173.1930
12.140	 2.17	 1	 -43.6675	  171.2358
12.152	 2.49	 1	 -44.2630	  172.2096
12.176	 2.30	 1	 -43.1077	  173.2578
12.181	 2.32	 1	 -42.1574	  174.1812
12.182	 3.07	 1	 -39.2609	  175.5711
12.196	 2.11	 1	 -41.8230	  174.1925
12.201	 2.16	 1	 -41.7905	  174.1889
12.205	 2.16	 1	 -42.4176	  173.5329
12.209	 2.05	 1	 -40.6851	  174.5437
12.212	 4.14	 1	 -41.8096	  174.2275
12.214	 2.08	 1	 -44.6006	  175.2177
12.223	 2.15	 1	 -42.4679	  173.1497
12.228	 2.56	 1	 -41.9451	  173.8768
12.243	 3.14	 1	 -42.4177	  172.9275
12.257	 2.31	 1	 -43.4359	  179.0558
12.259	 3.19	 1	 -43.2510	  175.8315
12.289	 2.17	 1	 -45.0389	  169.4767
12.294	 2.35	 1	 -43.3263	  174.5889
12.300	 2.14	 1	 -45.5768	  177.7156
12.302	 2.62	 2	 -42.6735	  173.5028
12.305	 2.28	 1	 -42.2858	  174.4405
12.307	 2.30	 1	 -44.3672	  174.6180
12.308	 4.51	 1	 -42.3047	  172.8758
12.310	 2.53	 2	 -42.3716	  172.9700
12.312	 2.23	 1	 -45.9276	  177.2713
12.315	 2.64	 1	 -43.4726	  170.9133
12.327	 3.21	 1	 -43.7496	  178.9685
12.328	 2.44	 1	 -41.6937	  171.3163
12.346	 2.37	 1	 -42.3329	  172.1679
12.349	 2.28	 1	 -39.2478	  169.0899
12.359	 3.13	 1	 -40.7145	  172.7958
12.368	 2.02	 1	 -42.2743	  172.7955
12.384	 2.64	 1	 -42.5705	  166.9066
12.391	 2.80	 1	 -42.4378	  172.7055
12.395	 2.08	 1	 -42.2464	  174.0190
12.398	 2.64	 1	 -39.9767	  177.8981
12.401	 2.60	 1	 -42.4075	  174.0083
12.401	 2.20	 1	 -41.7013	  174.2505
12.403	 2.28	 1	 -40.9741	  167.3687
12.422	 2.86	 1	 -42.2340	  170.9784
12.425	 2.01	 1	 -41.8962	  174.6369
12.435	 2.01	 1	 -43.4263	  172.4305
12.437	 2.69	 1	 -44.8069	  167.6229
12.445	 2.32	 1	 -42.1289	  173.7612
12.478	 2.02	 1	 -46.3386	  176.0605
12.481	 2.42	 1	 -41.6561	  174.2441
12.487	 2.08	 1	 -42.7088	  172.7350
12.491	 2.45	 1	 -42.5035	  173.1706
12.496	 2.15	 1	 -42.1028	  173.7538
12.502	 2.17	 1	 -42.4326	  172.0015
12.512	 2.21	 1	 -41.7516	  174.3987
12.516	 2.86	 1	 -43.8005	  167.7020
12.576	 2.55	 1	 -42.2045	  169.0831
12.600	 2.16	 1	 -42.6256	  174.5578
12.609	 2.31	 2	 -41.1010	  174.7647
12.618	 2.22	 1	 -42.1017	  174.3970
12.619	 2.41	 1	 -45.1925	  169.1647
12.621	 2.30	 1	 -42.5935	  173.0928
12.621	 2.36	 1	 -45.7081	  168.4840
12.622	 2.52	 1	 -42.8266	  173.5269
12.633	 2.61	 1	 -42.3726	  173.7593
12.639	 2.77	 1	 -41.5600	  176.3016
12.644	 2.12	 1	 -42.2640	  173.6066
12.646	 2.49	 1	 -42.2576	  172.5226
12.654	 2.01	 1	 -43.4866	  167.0005
12.660	 2.39	 1	 -42.3887	  179.1260
12.674	 2.32	 1	 -42.0718	  166.9629
12.678	 2.54	 1	 -42.1206	  169.8245
12.688	 2.26	 1	 -42.5282	  179.1359
12.690	 2.33	 1	 -41.8641	  171.3367
12.693	 2.05	 1	 -46.9584	  171.0875
12.695	 2.08	 1	 -42.1897	  173.6617
12.698	 2.07	 1	 -45.4082	  173.4144
12.709	 2.53	 1	 -42.3451	  173.9257
12.714	 3.44	 1	 -44.1189	  167.2203
12.746	 2.41	 1	 -42.7114	  170.5077
12.748	 2.53	 1	 -45.1687	  175.3258
12.760	 2.62	 1	 -39.4745	  175.7893
12.784	 2.28	 1	 -42.0331	  173.5213
12.786	 2.50	 1	 -42.5017	  174.3492
12.788	 2.09	 1	 -42.1706	  171.2231
12.806	 3.54	 1	 -42.1385	  172.2816
12.810	 2.19	 1	 -46.1693	  172.5039
12.810	 2.05	 1	 -43.5238	  173.2455
12.815	 2.18	 1	 -44.5819	  170.2136
12.823	 2.16	 1	 -42.3554	  174.0178
12.825	 2.30	 1	 -42.1745	  173.7640
12.828	 2.04	 1	 -42.1175	  173.9316
12.853	 2.19	 1	 -43.0236	  172.0544
12.860	 2.02	 1	 -42.5955	  173.0560
12.863	 2.12	 1	 -41.8369	  173.2337
12.863	 3.93	 1	 -42.8655	  172.0578
12.874	 2.15	 1	 -40.8146	  167.4634
12.880	 2.12	 1	 -44.9741	  173.3431
12.890	 2.08	 1	 -41.7347	  173.2205
12.893	 2.36	 1	 -42.1455	  176.3732
12.901	 2.22	 1	 -42.4947	  173.1388
12.902	 2.83	 2	 -45.6541	  171.5418
12.907	 2.16	 1	 -39.9221	  169.6392
12.916	 3.66	 1	 -44.1423	  172.2281
12.919	 3.58	 1	 -47.1873	  172.8474
12.938	 2.34	 1	 -43.0292	  179.1228
12.954	 3.00	 1	 -42.1560	  174.5112
12.962	 2.05	 1	 -44.6655	  167.5247
12.972	 2.31	 1	 -44.0777	  172.3063
12.998	 2.21	 1	 -40.0761	  168.0466
13.003	 2.54	 1	 -42.4586	  173.1663
13.003	 2.19	 1	 -42.6570	  173.5853
13.041	 3.65	 1	 -41.5310	  168.0653
13.050	 3.08	 1	 -38.6712	  175.7595
13.061	 2.25	 1	 -45.9860	  174.8567
13.065	 2.43	 1	 -42.2809	  174.3595
13.068	 2.54	 1	 -38.2573	  174.0295
13.080	 2.05	 1	 -41.6787	  173.9551
13.084	 3.16	 1	 -45.4033	  176.0060
13.087	 2.24	 1	 -41.8818	  173.8490
13.092	 2.27	 1	 -41.2073	  171.6676
13.094	 3.15	 1	 -38.2180	  172.4165
13.097	 2.60	 1	 -43.6199	  167.0358
13.101	 2.12	 1	 -42.4236	  173.1842
13.102	 2.20	 1	 -41.8009	  174.3146
13.104	 2.60	 1	 -39.3423	  168.9417
13.111	 2.53	 1	 -45.3318	  174.5166
13.117	 2.04	 1	 -41.6264	  167.0788
13.126	 2.37	 1	 -42.1069	  172.8210
13.132	 2.81	 1	 -42.0759	  171.3057
13.133	 2.13	 1	 -43.9654	  171.8166
13.139	 2.00	 1	 -46.9245	  170.9545
13.159	 2.00	 1	 -45.2721	  173.6996
13.160	 2.76	 1	 -47.1883	  172.9029
13.162	 2.70	 1	 -39.4035	  174.3167
13.169	 2.41	 1	 -42.3497	  173.4817
13.173	 2.44	 1	 -47.0082	  174.7401
13.183	 2.63	 1	 -42.4047	  172.8672
13.202	 3.09	 1	 -41.9628	  175.6574
13.208	 2.13	 1	 -46.7747	  175.5877
13.216	 2.20	 1	 -46.9221	  171.7119
13.221	 2.20	 1	 -43.8909	  169.2919
13.228	 2.44	 1	 -42.7269	  173.1598
13.241	 2.02	 1	 -41.6929	  170.9511
13.248	 2.45	 1	 -44.8672	  174.8320
13.257	 2.16	 1	 -39.3834	  177.1643
13.260	 2.43	 1	 -43.0727	  173.5509
13.261	 2.02	 1	 -42.0310	  173.7960
13.295	 2.04	 1	 -47.1606	  172.3339
13.315	 3.62	 1	 -44.5072	  176.7540
13.318	 2.15	 2	 -44.4954	  176.7513
13.332	 2.07	 1	 -41.6955	  173.9059
13.338	 3.05	 1	 -39.3160	  177.0624
13.349	 2.43	 1	 -41.2173	  173.1543
13.353	 2.08	 1	 -46.5345	  176.2009
13.367	 2.42	 1	 -38.1962	  172.9495
13.378	 2.41	 1	 -40.8914	  169.8672
13.394	 2.24	 1	 -46.6634	  170.1515
13.398	 3.66	 1	 -44.5228	  171.8292
13.405	 2.33	 1	 -38.1972	  173.1659
13.410	 2.42	 2	 -44.5243	  171.8392
13.415	 2.02	 1	 -43.1971	  173.1063
13.420	 2.28	 1	 -42.2991	  174.2378
13.422	 3.75	 1	 -43.8327	  174.8119
13.423	 2.08	 1	 -40.8075	  167.4678
13.425	 2.08	 1	 -44.4261	  167.3773
13.435	 2.42	 1	 -40.7494	  171.3920
13.450	 2.10	 1	 -42.9746	  171.7564
13.463	 2.01	 1	 -41.8203	  173.1967
13.463	 2.06	 1	 -43.8756	  167.1199
13.465	 2.28	 1	 -40.6223	  171.3388
13.467	 2.13	 1	 -45.4736	  177.5082
13.480	 2.13	 1	 -40.4787	  178.3471
13.489	 2.01	 1	 -43.3674	  166.9736
13.501	 3.42	 1	 -40.3934	  167.7645
13.505	 2.03	 1	 -43.2441	  172.0441
13.509	 2.36	 1	 -42.8522	  174.8388
13.510	 3.40	 1	 -38.3208	  174.4537
13.512	 2.14	 1	 -38.2629	  174.0743
13.520	 2.03	 1	 -41.7212	  175.0885
13.560	 2.10	 1	 -42.3176	  174.1431
13.579	 2.36	 1	 -40.3853	  170.4806
13.580	 2.24	 1	 -43.8939	  178.9176
13.582	 3.43	 1	 -43.2067	  171.9207
13.591	 3.01	 1	 -38.1959	  173.0218
13.594	 2.48	 1	 -43.5205	  174.4036
13.617	 4.96	 1	 -42.6360	  173.2582
13.617	 2.06	 2	 -42.6281	  173.2807
13.621	 2.39	 1	 -43.3516	  170.0663
13.626	 2.87	 1	 -42.6036	  173.5605
13.628	 2.41	 1	 -42.5482	  171.9365
13.642	 2.01	 1	 -39.7776	  177.6804
13.655	 3.01	 1	 -42.2201	  173.5673
13.663	 2.30	 1	 -39.8713	  168.2583
13.666	 2.73	 1	 -44.9245	  167.7112
13.667	 2.04	 1	 -40.4822	  169.4202
13.669	 2.57	 1	 -39.5310	  172.1884
13.672	 2.42	 1	 -41.7908	  174.1785
13.675	 3.58	 1	 -44.0396	  173.5060
13.688	 2.19	 1	 -39.8035	  168.3341
13.690	 2.28	 1	 -45.5656	  177.7283
13.704	 2.62	 1	 -42.2154	  173.6133
13.707	 2.11	 1	 -42.0339	  174.9203
13.714	 2.22	 2	 -42.6617	  173.2613
13.719	 2.60	 1	 -41.7008	  174.4839
13.729	 2.11	 1	 -43.3472	  170.1717
13.736	 2.27	 1	 -42.6228	  172.5693
13.736	 3.37	 1	 -42.4013	  173.0472
13.743	 2.23	 1	 -44.5197	  171.3946
13.752	 3.24	 1	 -41.6802	  174.2124
13.756	 2.26	 1	 -42.0078	  174.4132
13.760	 2.30	 1	 -40.8936	  174.6019
13.761	 2.02	 1	 -43.0140	  173.1285
13.785	 2.44	 1	 -43.0146	  179.1242
13.787	 2.49	 1	 -45.5266	  177.7719
13.788	 3.03	 1	 -43.4291	  173.2044
13.789	 2.68	 2	 -42.8735	  172.0301
13.794	 2.29	 3	 -42.8588	  171.9915
13.802	 2.36	 1	 -41.7224	  174.0539
13.808	 2.35	 1	 -44.3329	  167.3259
13.816	 2.52	 1	 -42.4176	  172.5759
13.834	 2.38	 1	 -42.5828	  173.5325
13.843	 2.31	 1	 -41.8546	  167.0115
13.847	 2.27	 1	 -47.1797	  172.6270
13.855	 2.52	 1	 -45.0403	  170.2830
13.855	 2.98	 1	 -38.6831	  170.2526
13.870	 2.24	 1	 -45.7246	  175.6784
13.871	 2.64	 1	 -41.7246	  173.8695
13.872	 2.04	 1	 -39.1374	  170.3572
13.873	 2.18	 1	 -38.3790	  174.7499
13.877	 2.05	 1	 -40.8567	  172.2160
13.881	 2.82	 1	 -42.3007	  166.9276
13.892	 2.36	 2	 -46.1784	  175.4086
13.899	 2.18	 1	 -39.0102	  176.5332
13.902	 2.94	 1	 -42.5224	  174.7172
13.904	 2.87	 1	 -39.9884	  169.4878
13.906	 2.28	 1	 -41.6299	  174.2467
13.908	 2.24	 1	 -46.7487	  170.3815
13.920	 2.23	 1	 -41.2037	  175.1812
13.920	 2.39	 1	 -41.0913	  172.8468
13.932	 2.65	 1	 -45.3562	  170.9819
13.934	 2.12	 1	 -38.5798	  175.4956
13.934	 2.26	 1	 -38.1965	  172.9262
13.939	 2.93	 1	 -39.6246	  168.5495
13.940	 2.07	 1	 -42.0291	  179.6682
13.950	 3.53	 1	 -40.3061	  167.8370
13.956	 2.19	 1	 -38.8431	  169.8601
13.956	 2.57	 1	 -41.9649	  172.8522
13.964	 2.06	 1	 -38.7077	  170.1877
13.972	 4.23	 1	 -42.5854	  173.0408
13.985	 2.26	 2	 -42.5811	  173.0366
13.995	 3.09	 1	 -41.7623	  174.1345
