# Simulation 272
# RelativeTime(days) Magnitude Generation Latitude Longitude
Time Mag Gen Lat Lon
7.009	 2.29	 1	 -42.0245	  173.9912
7.012	 2.19	 1	 -42.7556	  179.1393
7.013	 2.33	 1	 -44.5819	  173.4151
7.026	 2.77	 1	 -42.6940	  172.7354
7.034	 2.16	 1	 -41.8185	  170.8638
7.035	 2.29	 1	 -44.2122	  171.8958
7.035	 2.02	 1	 -42.5395	  174.2006
7.036	 2.23	 1	 -40.7493	  167.5051
7.038	 2.24	 1	 -44.4390	  173.6373
7.045	 3.11	 1	 -41.8754	  173.0452
7.061	 2.04	 1	 -43.8737	  173.2921
7.077	 2.55	 1	 -46.5731	  169.9315
7.089	 2.44	 1	 -41.7558	  174.1484
7.099	 2.39	 1	 -40.7380	  173.5607
7.099	 2.17	 1	 -41.0605	  178.7228
7.108	 2.18	 1	 -38.2155	  172.4516
7.108	 2.02	 1	 -43.4894	  167.0012
7.109	 2.40	 1	 -41.9834	  172.2236
7.110	 2.12	 1	 -44.7306	  178.4755
7.111	 2.01	 1	 -44.0292	  173.3625
7.127	 2.21	 1	 -41.8777	  173.0104
7.138	 2.32	 1	 -41.2065	  174.6643
7.142	 2.03	 1	 -42.5370	  173.3334
7.144	 2.07	 1	 -46.2194	  169.2271
7.144	 2.90	 1	 -42.6923	  166.9043
7.146	 2.44	 1	 -42.5303	  173.3766
7.155	 2.31	 1	 -45.5327	  173.0630
7.167	 2.30	 1	 -46.2936	  175.0548
7.173	 2.94	 1	 -43.6700	  167.0506
7.177	 2.83	 1	 -42.4569	  173.2536
7.181	 3.23	 1	 -41.1817	  173.8018
7.185	 2.26	 1	 -38.2097	  173.5005
7.187	 2.59	 1	 -41.7990	  167.0263
7.187	 2.11	 1	 -39.9295	  168.1956
7.194	 2.79	 1	 -46.2285	  175.7429
7.202	 2.12	 1	 -42.6109	  169.8073
7.204	 2.45	 1	 -46.2143	  174.9886
7.214	 2.21	 1	 -42.6694	  174.8911
7.226	 2.33	 1	 -45.4748	  168.2161
7.228	 2.31	 1	 -47.1766	  173.4794
7.229	 2.57	 1	 -42.6699	  172.7860
7.239	 2.04	 1	 -43.3884	  170.0364
7.241	 2.71	 1	 -43.0307	  172.3306
7.247	 3.69	 1	 -41.3115	  178.4211
7.251	 2.03	 1	 -42.6219	  170.1382
7.266	 2.26	 1	 -39.5814	  168.6721
7.272	 3.06	 1	 -44.5880	  172.8118
7.275	 2.03	 1	 -44.2033	  171.2991
7.277	 2.65	 1	 -38.6187	  170.4324
7.299	 2.14	 1	 -41.7336	  174.2672
7.302	 3.06	 1	 -42.8189	  172.9376
7.304	 2.16	 1	 -40.3880	  171.3648
7.309	 2.29	 1	 -39.6740	  168.4876
7.314	 3.10	 1	 -42.5423	  175.7007
7.319	 2.03	 1	 -42.7902	  171.9574
7.319	 2.35	 1	 -43.6522	  167.0453
7.322	 3.14	 1	 -43.9130	  178.9103
7.330	 2.17	 1	 -42.0148	  168.5752
7.348	 2.24	 1	 -41.8521	  174.2278
7.356	 2.33	 1	 -43.0872	  170.0267
7.373	 2.24	 1	 -45.5809	  174.5048
7.381	 2.27	 1	 -42.1475	  174.6237
7.386	 2.01	 1	 -38.6782	  170.2657
7.396	 2.12	 1	 -42.1194	  174.3423
7.409	 2.17	 1	 -38.2076	  172.5820
7.411	 2.10	 1	 -42.6298	  172.6009
7.415	 2.28	 1	 -46.9582	  171.0866
7.416	 2.38	 1	 -46.4105	  169.5813
7.418	 2.03	 1	 -42.8823	  179.1345
7.420	 2.65	 1	 -42.5557	  174.2098
7.426	 2.05	 1	 -41.6217	  173.0968
7.431	 2.04	 1	 -42.9182	  171.4792
7.431	 2.26	 1	 -42.8110	  175.3499
7.442	 3.17	 1	 -41.8321	  172.5241
7.450	 2.16	 1	 -42.5696	  175.1680
7.453	 3.07	 1	 -45.2323	  172.3181
7.457	 2.59	 1	 -41.5195	  169.5991
7.466	 2.39	 1	 -46.3974	  169.5551
7.467	 2.12	 1	 -42.4641	  174.9608
7.468	 2.05	 1	 -42.3849	  169.5504
7.469	 2.26	 1	 -42.0755	  174.0749
7.475	 2.25	 1	 -39.7726	  168.8650
7.477	 2.19	 1	 -41.2480	  167.2286
7.500	 2.46	 1	 -41.3469	  173.1984
7.502	 3.00	 1	 -38.7331	  170.1225
7.504	 2.77	 1	 -44.9667	  170.2663
7.505	 2.83	 1	 -46.3322	  176.6147
7.510	 2.21	 1	 -42.6085	  173.2184
7.533	 2.93	 1	 -39.7214	  173.4844
7.533	 2.60	 1	 -41.4668	  169.5165
7.539	 2.06	 1	 -38.4543	  175.0659
7.544	 2.85	 1	 -42.1341	  172.9857
7.550	 2.97	 1	 -47.1468	  173.8594
7.556	 2.01	 1	 -43.7379	  171.8165
7.559	 2.20	 1	 -41.4982	  173.7271
7.562	 2.16	 1	 -38.1994	  173.2621
7.586	 2.02	 1	 -42.5135	  173.0581
7.588	 2.65	 1	 -44.3166	  175.7037
7.593	 2.36	 1	 -42.0835	  172.4989
7.594	 2.30	 1	 -38.5142	  170.7616
7.614	 2.58	 1	 -42.3207	  174.9490
7.618	 2.20	 2	 -42.0061	  174.0070
7.625	 3.03	 1	 -40.5940	  178.4329
7.629	 2.16	 1	 -41.4616	  167.1380
7.639	 2.04	 1	 -46.8032	  175.5018
7.651	 2.74	 1	 -43.5817	  172.7109
7.652	 2.05	 1	 -43.8727	  168.7154
7.655	 2.15	 1	 -45.8624	  173.0051
7.657	 2.58	 1	 -41.6099	  174.6085
7.658	 2.22	 1	 -42.5780	  173.0589
7.658	 2.58	 1	 -45.1338	  178.0635
7.670	 2.17	 1	 -45.2075	  173.7212
7.693	 2.64	 1	 -39.9375	  168.1871
7.699	 2.26	 1	 -42.3520	  173.4289
7.703	 2.45	 1	 -42.2122	  173.6161
7.706	 2.24	 1	 -46.8706	  175.2839
7.707	 3.50	 1	 -43.2667	  176.0074
7.709	 2.37	 1	 -46.8202	  175.4489
7.711	 2.05	 2	 -43.3324	  176.1084
7.712	 3.25	 1	 -43.1644	  174.2867
7.712	 2.70	 1	 -41.8983	  173.9265
7.714	 2.09	 1	 -42.3514	  173.9026
7.721	 2.29	 1	 -41.5115	  175.7377
7.721	 2.33	 1	 -46.7509	  170.3877
7.721	 2.37	 1	 -45.2377	  173.3588
7.724	 2.31	 1	 -42.2799	  171.0664
7.733	 2.78	 1	 -43.9976	  174.1167
7.736	 2.28	 1	 -43.0087	  172.3228
7.738	 2.77	 1	 -46.8824	  175.2428
7.738	 2.06	 1	 -43.8812	  173.7811
7.744	 2.60	 1	 -38.9159	  169.7016
7.753	 2.08	 1	 -44.5249	  175.9416
7.754	 2.65	 1	 -45.2875	  178.0184
7.788	 2.06	 1	 -43.5326	  168.9397
7.797	 2.84	 1	 -46.8453	  170.6759
7.801	 2.03	 1	 -42.1415	  173.5203
7.831	 2.19	 1	 -41.9620	  166.9856
7.833	 2.82	 1	 -41.8733	  172.9790
7.836	 3.12	 1	 -41.7831	  174.2035
7.842	 2.43	 1	 -42.6456	  173.6692
7.849	 2.13	 1	 -39.4797	  177.3024
7.850	 2.25	 1	 -46.6665	  175.8849
7.854	 2.27	 1	 -39.4862	  168.7329
7.855	 2.17	 1	 -42.6833	  174.7041
7.858	 2.11	 1	 -45.3515	  177.9558
7.863	 4.07	 1	 -41.8568	  179.0333
7.867	 2.80	 1	 -41.6125	  174.3599
7.871	 2.16	 1	 -41.7122	  174.4256
7.871	 2.15	 1	 -41.8459	  175.2521
7.873	 2.02	 1	 -46.3023	  169.3743
7.879	 2.37	 1	 -44.9513	  167.7322
7.892	 2.36	 1	 -43.3506	  177.0693
7.892	 2.10	 1	 -39.5223	  171.6061
7.894	 2.15	 1	 -42.2150	  173.5606
7.894	 2.65	 1	 -41.7987	  174.2131
7.896	 3.00	 1	 -46.2414	  169.2653
7.909	 2.39	 1	 -38.4394	  171.0362
7.913	 2.10	 1	 -44.8244	  173.8651
7.915	 2.87	 1	 -42.6714	  173.3209
7.925	 2.92	 1	 -42.4225	  169.4338
7.926	 2.94	 1	 -44.3245	  177.3040
7.931	 2.22	 1	 -40.2894	  175.3638
7.931	 2.97	 1	 -43.8744	  175.6379
7.950	 2.86	 1	 -39.8323	  177.7428
7.960	 2.02	 1	 -44.2574	  171.4306
7.970	 2.61	 1	 -43.1087	  172.9059
7.988	 2.00	 1	 -41.7320	  174.3417
8.003	 2.30	 1	 -47.1273	  172.0107
8.003	 2.06	 1	 -43.0195	  167.1931
8.013	 2.05	 1	 -41.2756	  173.9886
8.016	 2.31	 1	 -39.1091	  176.7179
8.019	 2.77	 1	 -41.6467	  174.3891
8.022	 2.10	 1	 -46.6994	  175.7987
8.025	 2.21	 1	 -41.9937	  166.9787
8.035	 2.08	 1	 -42.2865	  173.6142
8.046	 2.02	 1	 -42.3120	  173.3618
8.058	 2.42	 1	 -45.3439	  168.0810
8.067	 2.25	 1	 -41.9458	  172.6214
8.070	 2.39	 1	 -43.2543	  172.8251
8.073	 2.52	 1	 -43.4359	  179.0558
8.077	 2.31	 1	 -42.8050	  172.3188
8.085	 2.16	 1	 -41.9541	  173.8582
8.117	 2.50	 1	 -44.5963	  169.5413
8.126	 2.00	 1	 -42.4009	  173.3680
8.133	 2.25	 1	 -45.7435	  172.5493
8.136	 2.34	 1	 -46.3552	  172.8630
8.152	 2.17	 1	 -43.5162	  175.0539
8.158	 3.06	 1	 -41.9818	  166.9812
8.165	 2.13	 1	 -45.1463	  175.5968
8.193	 2.07	 1	 -46.5879	  176.0783
8.195	 2.10	 1	 -42.8107	  171.2402
8.202	 2.24	 1	 -46.8722	  175.2781
8.209	 2.20	 1	 -42.0896	  173.7260
8.212	 2.72	 1	 -46.9894	  171.2192
8.214	 2.38	 1	 -43.8221	  174.0540
8.215	 2.06	 1	 -39.1589	  176.8055
8.217	 2.10	 1	 -41.5702	  175.1093
8.219	 2.18	 1	 -38.7413	  170.1018
8.224	 2.35	 1	 -46.8893	  175.2187
8.225	 3.02	 1	 -41.0505	  169.3333
8.245	 2.24	 1	 -41.7843	  174.1932
8.249	 2.35	 1	 -39.2566	  169.0757
8.261	 3.04	 1	 -40.9178	  176.2838
8.272	 2.32	 1	 -44.1691	  174.5462
8.273	 2.01	 1	 -42.8811	  169.7998
8.274	 2.09	 1	 -42.5210	  173.7538
8.278	 2.24	 1	 -43.7932	  173.1231
8.281	 2.74	 1	 -45.8748	  177.3444
8.291	 2.12	 1	 -42.0566	  169.1253
8.300	 3.07	 1	 -40.0631	  169.4586
8.309	 2.42	 1	 -42.2137	  173.8012
8.314	 2.03	 1	 -41.9703	  179.0605
8.323	 2.08	 1	 -46.5625	  176.1375
8.331	 2.80	 1	 -42.3610	  175.8974
8.331	 2.44	 1	 -42.3165	  173.8419
8.337	 2.10	 1	 -43.7108	  167.0633
8.350	 2.35	 1	 -40.2850	  167.8551
8.353	 2.91	 1	 -40.4070	  172.1689
8.359	 3.05	 1	 -41.0298	  174.1367
8.360	 2.25	 1	 -38.9338	  171.5773
8.378	 2.00	 1	 -41.8921	  173.2135
8.400	 2.12	 1	 -43.0494	  167.7198
8.419	 2.12	 1	 -42.6161	  177.3580
8.422	 2.39	 1	 -38.3667	  174.6919
8.430	 2.03	 1	 -43.4906	  175.4507
8.437	 2.08	 1	 -46.0207	  168.9083
8.439	 3.15	 1	 -44.0197	  170.6939
8.439	 2.54	 1	 -42.7492	  175.4084
8.449	 2.20	 1	 -41.9852	  173.6481
8.456	 4.30	 1	 -41.9135	  172.6444
8.459	 2.28	 2	 -41.9413	  172.6403
8.465	 2.22	 1	 -46.0366	  168.9322
8.490	 2.37	 1	 -43.4726	  179.0472
8.490	 2.12	 1	 -43.1632	  172.6348
8.492	 2.23	 1	 -41.9520	  173.8514
8.506	 4.43	 1	 -41.6508	  177.3447
8.510	 2.43	 2	 -41.6465	  177.3843
8.511	 2.03	 1	 -41.0136	  173.7052
8.513	 2.39	 1	 -41.9850	  173.7168
8.523	 2.44	 1	 -44.2717	  167.2940
8.544	 2.04	 1	 -45.5059	  177.7946
8.550	 2.55	 1	 -42.0627	  179.0796
8.551	 2.79	 1	 -44.5061	  173.2552
8.553	 2.78	 1	 -41.9931	  174.0982
8.556	 2.21	 1	 -44.3971	  178.6834
8.559	 2.02	 1	 -45.1351	  175.2035
8.586	 2.22	 1	 -41.2129	  171.5164
8.587	 2.28	 1	 -40.6898	  171.4049
8.597	 2.65	 1	 -38.3521	  171.4236
8.605	 2.82	 1	 -41.9877	  173.0210
8.607	 2.38	 1	 -38.6275	  175.6375
8.617	 2.40	 1	 -44.0484	  173.6422
8.619	 3.43	 1	 -46.8695	  175.2875
8.622	 2.33	 1	 -45.2879	  168.0262
8.623	 2.44	 1	 -43.2499	  170.8432
8.639	 2.16	 1	 -45.6952	  177.5761
8.640	 2.69	 1	 -43.5274	  173.5153
8.645	 2.42	 1	 -38.8251	  169.9010
8.646	 2.20	 1	 -43.7507	  173.4172
8.653	 2.22	 1	 -42.1474	  172.4349
8.662	 3.06	 1	 -43.2211	  172.5069
8.674	 2.34	 1	 -44.9986	  167.7701
8.676	 4.49	 1	 -44.0168	  172.0390
8.677	 2.42	 2	 -43.9851	  172.0590
8.693	 3.06	 1	 -42.0113	  174.5803
8.694	 2.09	 1	 -38.2228	  173.6895
8.697	 2.32	 1	 -47.1221	  171.9697
8.703	 2.16	 1	 -46.0282	  177.1248
8.714	 2.19	 1	 -42.9529	  170.0686
8.724	 2.17	 1	 -40.0018	  168.1206
8.725	 2.57	 1	 -40.3941	  177.6309
8.752	 2.12	 1	 -42.4985	  172.0731
8.754	 2.06	 1	 -38.8125	  172.2408
8.758	 2.65	 1	 -42.3493	  173.0998
8.759	 2.08	 1	 -43.8699	  172.1265
8.771	 2.08	 1	 -38.2049	  172.6350
8.776	 2.30	 1	 -41.3835	  171.0555
8.777	 2.39	 1	 -43.7826	  172.8289
8.790	 2.40	 1	 -41.8301	  176.3485
8.791	 2.82	 1	 -42.0629	  172.1495
8.792	 2.23	 1	 -41.5493	  175.8419
8.798	 2.12	 1	 -41.9637	  173.6488
8.801	 2.36	 1	 -46.5194	  169.8098
8.811	 2.22	 1	 -42.8515	  170.0811
8.819	 2.04	 1	 -41.8252	  174.4057
8.823	 2.27	 1	 -44.0443	  178.8570
8.834	 2.49	 1	 -40.1001	  173.3030
8.838	 2.21	 1	 -41.6364	  178.9688
8.846	 2.95	 1	 -39.4570	  177.2706
8.889	 2.00	 1	 -44.3694	  172.7914
8.891	 2.03	 1	 -46.5297	  176.2117
8.896	 2.02	 1	 -42.1322	  172.1593
8.922	 2.88	 1	 -42.6617	  172.7178
8.925	 2.11	 2	 -43.2117	  172.4803
8.926	 2.26	 1	 -38.2637	  174.0800
8.939	 2.59	 1	 -44.1724	  172.8816
8.942	 2.03	 1	 -41.7743	  174.6012
8.943	 2.82	 1	 -43.4059	  173.6685
8.945	 2.33	 1	 -47.1858	  172.7859
8.946	 2.26	 1	 -44.4192	  167.3734
8.951	 2.12	 1	 -41.8232	  174.3111
8.955	 2.25	 1	 -41.1991	  168.0373
8.958	 2.51	 1	 -41.7428	  174.2224
8.987	 2.26	 1	 -42.7753	  179.1389
8.990	 2.39	 1	 -39.7022	  177.5911
8.994	 2.93	 1	 -38.2026	  173.3555
8.996	 3.30	 1	 -44.2875	  176.0251
9.002	 2.55	 1	 -41.9450	  174.0005
9.013	 2.08	 1	 -39.9923	  168.1302
9.024	 2.01	 1	 -38.3185	  171.6034
9.031	 3.96	 1	 -43.8418	  171.4680
9.037	 2.30	 1	 -39.3416	  177.1017
9.039	 2.14	 1	 -41.8352	  173.8407
9.044	 2.67	 1	 -46.3907	  172.1626
9.048	 2.53	 1	 -46.8518	  170.6973
9.064	 2.19	 1	 -46.1376	  174.1283
9.064	 3.01	 1	 -43.8451	  169.9005
9.084	 2.35	 1	 -47.1252	  171.9945
9.100	 2.20	 1	 -44.0035	  172.0646
9.101	 2.02	 1	 -45.7106	  168.4871
9.126	 2.83	 1	 -45.6118	  171.3726
9.133	 2.83	 1	 -44.5574	  172.3027
9.140	 2.91	 1	 -45.7166	  172.0928
9.154	 2.50	 1	 -39.3719	  168.8970
9.155	 2.52	 1	 -44.3981	  175.9313
9.159	 2.03	 1	 -46.5807	  174.8707
9.179	 2.34	 1	 -45.8857	  174.0766
9.183	 2.11	 1	 -47.0537	  171.5321
9.193	 2.07	 1	 -39.7421	  172.7379
9.195	 2.01	 1	 -42.2260	  173.5672
9.206	 2.34	 1	 -45.6876	  177.5853
9.212	 2.14	 1	 -46.1853	  171.7874
9.213	 2.14	 1	 -43.3305	  171.1667
9.214	 2.20	 1	 -43.7097	  173.5249
9.232	 2.01	 1	 -41.5418	  174.4834
9.238	 2.29	 1	 -43.6485	  173.8582
9.246	 2.07	 1	 -42.2762	  176.2509
9.256	 2.46	 1	 -42.9985	  173.4198
9.258	 2.02	 1	 -42.1778	  172.3509
9.264	 2.39	 1	 -42.4403	  178.0560
9.264	 2.35	 1	 -47.0114	  174.7252
9.265	 2.85	 1	 -43.9323	  173.8960
9.268	 2.16	 1	 -38.3899	  174.7998
9.275	 2.10	 1	 -41.9384	  179.0533
9.277	 2.19	 1	 -46.9687	  174.9142
9.284	 2.45	 1	 -40.2906	  171.8660
9.306	 2.57	 1	 -45.6302	  177.6539
9.313	 2.09	 1	 -44.2670	  178.7527
9.319	 2.20	 1	 -45.9462	  169.7921
9.323	 3.56	 1	 -40.3254	  167.8207
9.323	 2.30	 1	 -42.6435	  172.3959
9.324	 2.45	 1	 -42.6154	  173.3575
9.325	 2.02	 1	 -42.7467	  175.1011
9.329	 2.29	 1	 -39.0292	  176.5699
9.329	 2.24	 1	 -43.1122	  179.1132
9.333	 3.29	 1	 -38.9381	  169.6553
9.336	 2.99	 1	 -42.9491	  176.4017
9.340	 2.53	 1	 -41.5215	  172.6241
9.342	 2.17	 1	 -43.1961	  173.7349
9.345	 2.08	 1	 -41.7827	  174.2330
9.367	 2.17	 1	 -46.3899	  176.5038
9.378	 2.57	 1	 -40.7408	  169.3773
9.381	 3.74	 1	 -41.7757	  174.2553
9.385	 2.02	 1	 -41.8001	  179.0183
9.387	 2.10	 1	 -44.0557	  176.8390
9.398	 2.12	 1	 -41.2766	  172.5389
9.400	 4.14	 1	 -38.2872	  171.7955
9.405	 3.50	 1	 -42.1191	  174.2059
9.406	 2.46	 1	 -43.3605	  173.5297
9.420	 2.05	 1	 -44.2513	  178.7606
9.421	 2.44	 1	 -42.0894	  172.2358
9.422	 2.08	 1	 -45.2776	  178.0279
9.423	 2.64	 1	 -41.5060	  173.5635
9.433	 2.48	 1	 -47.0689	  171.6168
9.444	 2.34	 1	 -43.2910	  174.3712
9.446	 2.59	 1	 -47.1846	  173.2981
9.451	 2.13	 1	 -42.5156	  177.3473
9.463	 2.04	 1	 -42.4650	  175.7025
9.464	 2.51	 1	 -42.1134	  172.8634
9.468	 2.14	 1	 -43.0730	  179.1180
9.475	 2.24	 1	 -42.0982	  173.3262
9.475	 2.05	 1	 -42.7587	  166.9050
9.492	 2.24	 1	 -41.9814	  173.7590
9.493	 2.19	 1	 -43.2836	  170.1986
9.493	 2.67	 1	 -41.8301	  173.8720
9.526	 2.25	 1	 -46.1190	  173.7767
9.529	 2.08	 2	 -42.3631	  175.8964
9.530	 2.43	 1	 -45.1013	  178.1881
9.540	 3.37	 1	 -39.4932	  169.5350
9.546	 2.41	 1	 -40.8755	  172.5217
9.550	 2.01	 1	 -42.4508	  173.9810
9.556	 2.35	 1	 -42.4324	  172.2063
9.570	 3.56	 1	 -43.0561	  175.2946
9.574	 3.14	 1	 -41.7270	  174.3412
9.575	 4.06	 1	 -39.4871	  176.0059
9.575	 2.92	 1	 -40.6938	  174.4529
9.585	 2.64	 1	 -42.9689	  172.5569
9.598	 2.14	 1	 -42.1428	  173.8977
9.616	 2.16	 1	 -39.7855	  168.9748
9.616	 2.39	 1	 -41.8441	  170.4120
9.620	 2.12	 1	 -41.4520	  173.4491
9.622	 2.32	 1	 -45.3834	  177.9236
9.631	 2.57	 1	 -45.6889	  168.4605
9.634	 2.58	 1	 -42.6082	  173.8716
9.646	 2.75	 1	 -43.6923	  174.9255
9.647	 2.39	 1	 -45.6548	  173.8305
9.649	 2.02	 1	 -43.0186	  168.1974
9.653	 2.29	 1	 -42.9871	  179.1268
9.659	 2.03	 1	 -46.7084	  175.7744
9.669	 3.04	 1	 -44.6898	  171.3678
9.670	 2.36	 1	 -42.6061	  172.1197
9.672	 3.00	 1	 -44.7665	  175.8758
9.674	 2.44	 1	 -42.7015	  174.4973
9.680	 3.28	 1	 -41.7147	  174.2989
9.700	 2.61	 1	 -38.8734	  169.7928
9.703	 2.87	 1	 -42.4018	  174.2548
9.704	 2.33	 1	 -42.4053	  173.6096
9.711	 2.05	 1	 -46.8396	  170.6572
9.719	 2.28	 1	 -42.3843	  174.9784
9.723	 2.22	 1	 -39.0863	  170.8081
9.743	 2.04	 1	 -45.0443	  178.2365
9.746	 3.33	 1	 -46.6876	  175.8300
9.755	 2.01	 1	 -41.7796	  179.0125
9.782	 2.55	 1	 -42.1702	  174.3952
9.787	 2.33	 1	 -38.8904	  169.7559
9.791	 2.27	 1	 -40.9841	  167.3631
9.805	 2.27	 1	 -41.9914	  173.6058
9.813	 2.51	 1	 -41.3832	  175.3727
9.828	 2.47	 1	 -42.8519	  173.0200
9.838	 2.73	 1	 -44.8866	  172.1387
9.842	 2.03	 1	 -42.2187	  173.6573
9.845	 2.30	 1	 -43.1343	  168.6577
9.856	 2.05	 1	 -38.3439	  174.5786
9.858	 2.04	 1	 -41.9038	  171.7788
9.859	 2.16	 1	 -41.1041	  172.0168
9.860	 2.11	 1	 -44.4317	  176.1333
9.862	 2.49	 1	 -38.8751	  176.2552
9.867	 2.13	 1	 -38.3725	  171.3248
9.876	 2.04	 1	 -46.0550	  171.7073
9.879	 2.16	 1	 -44.5499	  176.8270
9.905	 2.35	 1	 -47.0052	  174.7542
9.908	 2.20	 1	 -44.2264	  170.6663
9.910	 2.31	 1	 -44.9458	  171.8895
9.917	 2.29	 1	 -38.2266	  173.7351
9.923	 2.16	 1	 -38.2235	  173.6983
9.926	 2.29	 1	 -40.4215	  173.6818
9.934	 2.68	 1	 -41.7529	  174.2025
9.949	 2.17	 1	 -43.3612	  170.0937
9.953	 2.01	 1	 -44.3394	  175.9207
9.972	 2.62	 1	 -45.3155	  177.9913
9.975	 2.14	 1	 -42.9689	  172.9914
9.987	 2.58	 1	 -40.1296	  167.9953
9.989	 2.54	 1	 -38.1967	  172.9101
9.991	 2.17	 1	 -45.6760	  177.5994
10.018	 2.11	 1	 -41.8199	  174.3462
10.019	 2.81	 2	 -39.4949	  176.0222
10.021	 2.60	 1	 -43.8858	  175.9207
10.021	 2.09	 1	 -42.0909	  179.0849
10.037	 2.12	 1	 -45.4115	  168.1494
10.042	 2.55	 1	 -45.6840	  169.4911
10.048	 2.10	 1	 -41.9143	  174.2246
10.052	 2.48	 1	 -38.8460	  175.6065
10.085	 2.63	 1	 -45.4949	  168.2377
10.087	 2.04	 1	 -43.7845	  178.9568
10.108	 2.03	 1	 -41.4594	  171.4016
10.117	 2.04	 1	 -41.1427	  172.9348
10.120	 2.74	 1	 -47.1653	  172.3927
10.126	 2.35	 1	 -42.7601	  176.9509
10.138	 2.03	 1	 -45.8044	  168.6060
10.141	 2.03	 1	 -43.8522	  168.8321
10.153	 2.34	 1	 -41.3499	  178.8609
10.157	 2.29	 1	 -38.3115	  171.6441
10.159	 3.42	 1	 -39.6187	  168.5569
10.162	 2.16	 1	 -42.1690	  167.6102
10.164	 2.01	 1	 -43.6720	  172.5824
10.165	 2.13	 1	 -44.1427	  177.7292
10.168	 2.53	 1	 -44.7530	  175.6240
10.172	 2.29	 1	 -42.1136	  173.8363
10.172	 2.09	 1	 -44.8726	  178.3729
10.174	 2.03	 1	 -39.3621	  168.9117
10.180	 2.41	 1	 -43.7903	  173.3860
10.181	 2.68	 1	 -41.6706	  174.2860
10.189	 3.24	 1	 -42.4895	  174.5880
10.195	 2.17	 1	 -40.9210	  168.2005
10.209	 2.29	 1	 -42.7844	  179.1387
10.213	 2.38	 1	 -46.5699	  176.1203
10.220	 2.52	 1	 -42.5380	  179.1363
10.240	 2.05	 1	 -41.6558	  174.3205
10.242	 2.35	 1	 -43.7364	  167.0715
10.255	 2.01	 1	 -42.4887	  173.2574
10.274	 2.43	 1	 -46.5410	  169.8580
10.298	 4.90	 1	 -41.6715	  174.2827
10.299	 2.02	 1	 -41.8213	  171.7941
10.306	 2.06	 2	 -41.6621	  174.3141
10.307	 2.86	 1	 -45.0139	  177.1845
10.315	 2.12	 1	 -41.9272	  174.8572
10.319	 2.06	 1	 -42.1918	  173.6415
10.319	 2.11	 1	 -38.5871	  175.5180
10.341	 2.04	 1	 -44.2582	  167.2872
10.343	 2.86	 1	 -43.1467	  173.0544
10.344	 3.45	 1	 -41.6750	  175.8666
10.345	 2.22	 1	 -45.3463	  170.0790
10.354	 2.32	 1	 -44.4648	  178.6447
10.356	 2.11	 1	 -42.0599	  174.1917
10.356	 2.04	 1	 -43.4450	  172.2081
10.357	 2.77	 1	 -41.6224	  178.9642
10.358	 2.07	 1	 -41.7273	  174.2887
10.370	 3.34	 1	 -42.1690	  173.5997
10.376	 3.12	 1	 -46.8248	  170.6098
10.381	 2.28	 1	 -42.2088	  173.6153
10.385	 2.28	 1	 -41.7388	  174.2793
10.394	 2.11	 1	 -38.2476	  173.3784
10.397	 2.28	 1	 -46.0635	  168.9733
10.414	 2.62	 1	 -43.4797	  176.4209
10.424	 2.90	 1	 -39.3575	  168.9186
10.427	 2.05	 1	 -42.5289	  173.3768
10.431	 3.04	 1	 -41.9677	  166.9843
10.436	 2.98	 1	 -42.5989	  173.0983
10.439	 2.33	 1	 -42.1311	  169.3012
10.443	 2.71	 1	 -41.7122	  174.2274
10.451	 2.17	 1	 -42.9806	  174.5974
10.452	 3.32	 1	 -42.5532	  172.8502
10.461	 2.02	 1	 -43.5196	  169.1784
10.468	 2.06	 1	 -45.7114	  168.4881
10.468	 2.79	 1	 -41.1941	  172.7231
10.474	 2.12	 1	 -40.0153	  172.6721
10.490	 2.23	 1	 -43.4341	  173.9785
10.499	 2.16	 1	 -42.7379	  172.9796
10.512	 2.88	 1	 -41.6536	  174.7631
10.557	 2.11	 1	 -43.1047	  174.8972
10.560	 2.05	 1	 -40.6055	  178.4410
10.564	 3.85	 1	 -38.2411	  172.1574
10.575	 2.59	 2	 -44.9681	  170.2595
10.577	 2.18	 1	 -43.6535	  167.0457
10.579	 2.30	 1	 -41.0811	  173.5899
10.595	 2.07	 1	 -45.9563	  173.7408
10.608	 2.13	 1	 -41.6366	  170.4952
10.620	 2.18	 1	 -41.9877	  172.7754
10.641	 2.11	 1	 -41.0611	  175.7520
10.645	 2.04	 1	 -38.2512	  172.0656
10.649	 2.16	 1	 -45.1799	  168.1581
10.656	 2.03	 1	 -43.7745	  172.5216
10.663	 2.62	 1	 -42.5422	  170.6216
10.671	 2.61	 1	 -47.1347	  172.0735
10.694	 2.17	 1	 -43.4473	  172.1877
10.694	 3.07	 1	 -41.0307	  169.8589
10.723	 2.04	 1	 -43.2997	  170.3284
10.738	 2.06	 1	 -46.4088	  176.4664
10.745	 2.08	 1	 -44.2335	  172.7150
10.746	 2.10	 1	 -44.4456	  175.7383
10.755	 2.18	 1	 -42.5771	  166.9064
10.761	 2.63	 1	 -45.4702	  177.8331
10.785	 2.07	 1	 -47.1366	  173.9550
10.786	 3.20	 1	 -42.5306	  172.4404
10.804	 2.40	 1	 -42.3146	  174.1329
10.804	 3.48	 1	 -41.2158	  167.2437
10.808	 2.15	 1	 -46.7567	  175.6399
10.825	 2.00	 1	 -42.7426	  176.7260
10.831	 2.45	 1	 -41.8425	  174.0876
10.837	 2.09	 1	 -42.2928	  173.8156
10.850	 2.96	 1	 -42.8309	  171.0649
10.855	 2.15	 1	 -42.3995	  172.3481
10.857	 2.15	 1	 -46.8579	  170.7175
10.865	 2.73	 1	 -44.6610	  172.3387
10.866	 2.01	 1	 -39.0814	  169.3767
10.877	 2.83	 1	 -42.9260	  166.9126
10.895	 2.20	 1	 -42.9242	  174.4097
10.901	 2.22	 1	 -46.8497	  175.3539
10.939	 2.54	 1	 -41.7290	  174.3291
10.961	 2.22	 1	 -41.9002	  174.5960
10.969	 3.83	 1	 -45.0669	  178.2175
10.970	 2.35	 1	 -41.4511	  174.0182
10.983	 2.61	 1	 -42.6146	  171.8600
10.984	 2.18	 1	 -46.0559	  171.9097
10.992	 2.11	 1	 -40.8175	  178.5827
11.001	 2.05	 1	 -42.5711	  176.7287
11.012	 2.13	 1	 -45.0544	  173.6369
11.026	 2.26	 1	 -42.4145	  173.2530
11.031	 2.55	 2	 -44.2327	  172.7167
11.032	 2.54	 1	 -42.4000	  167.0199
11.033	 2.12	 1	 -41.7856	  174.2710
11.046	 2.40	 1	 -41.8796	  173.9607
11.066	 2.87	 1	 -39.2833	  169.0330
11.071	 2.86	 1	 -42.5727	  173.1342
11.072	 2.03	 1	 -43.3795	  166.9761
11.073	 2.45	 1	 -42.1380	  173.5342
11.075	 2.01	 1	 -46.9173	  170.9272
11.086	 2.27	 1	 -46.0773	  168.9946
11.091	 2.02	 1	 -39.2986	  169.0090
11.092	 2.20	 1	 -42.7070	  173.6037
11.097	 4.41	 1	 -38.9572	  172.5242
11.100	 2.16	 1	 -42.1658	  173.5717
11.106	 3.17	 1	 -45.0596	  178.2237
11.107	 2.87	 1	 -41.7006	  174.4800
11.111	 2.78	 1	 -38.4036	  171.1842
11.135	 2.36	 1	 -43.0456	  172.4518
11.182	 2.79	 1	 -43.4929	  173.4393
11.182	 2.09	 1	 -45.7860	  174.7127
11.188	 2.25	 1	 -42.5931	  174.6959
11.208	 2.33	 1	 -44.6792	  169.3312
11.215	 2.04	 1	 -43.8583	  176.7493
11.216	 2.48	 1	 -41.8565	  175.9086
11.217	 2.31	 1	 -47.0270	  174.6504
11.220	 2.74	 1	 -44.9773	  169.7654
11.230	 2.25	 1	 -39.2064	  176.8863
11.238	 2.51	 1	 -42.3941	  173.7404
11.239	 2.25	 1	 -38.1969	  173.1505
11.255	 2.16	 1	 -42.7930	  173.8877
11.258	 2.36	 1	 -39.3114	  173.6096
11.284	 2.08	 1	 -42.4596	  173.4726
11.284	 2.40	 1	 -40.7544	  168.8300
11.293	 2.55	 1	 -42.7359	  172.8899
11.297	 2.00	 1	 -38.7894	  171.7111
11.301	 2.06	 1	 -41.9638	  173.9219
11.309	 2.28	 1	 -39.5569	  173.3620
11.310	 2.31	 1	 -42.0002	  174.2821
11.313	 2.24	 1	 -40.8512	  172.9838
11.326	 2.42	 1	 -43.4766	  166.9981
11.342	 2.61	 2	 -38.3184	  171.7784
11.371	 2.39	 1	 -41.6397	  178.5362
11.397	 2.22	 1	 -42.0526	  173.6239
11.404	 3.27	 1	 -42.1283	  173.6784
11.417	 2.51	 1	 -41.9636	  172.7417
11.425	 2.65	 1	 -42.5744	  178.7781
11.427	 2.50	 1	 -38.8496	  169.8455
11.431	 2.63	 1	 -46.0456	  168.9458
11.462	 2.36	 1	 -39.8979	  177.8149
11.464	 2.56	 1	 -42.1076	  171.3681
11.476	 2.71	 1	 -43.7133	  168.4545
11.514	 2.39	 1	 -46.2986	  169.3674
11.517	 2.84	 1	 -39.6027	  168.5775
11.519	 2.46	 1	 -42.1926	  174.0946
11.531	 2.57	 1	 -44.7187	  170.6156
11.546	 2.76	 1	 -42.7807	  179.1388
11.582	 2.11	 1	 -42.4265	  172.9655
11.583	 2.08	 1	 -39.1737	  176.8310
11.603	 2.16	 1	 -40.6228	  176.1305
11.604	 2.01	 1	 -41.1324	  169.2767
11.604	 2.52	 1	 -44.5420	  174.3183
11.622	 2.25	 1	 -43.1492	  172.2449
11.622	 2.63	 1	 -43.0678	  175.4748
11.645	 2.01	 1	 -41.9655	  173.9910
11.648	 2.08	 1	 -44.4252	  177.5505
11.659	 2.25	 1	 -44.8733	  172.1372
11.675	 2.39	 1	 -41.5222	  170.3373
11.685	 3.35	 1	 -44.2815	  171.7608
11.691	 2.29	 1	 -43.8569	  171.9156
11.698	 2.13	 1	 -42.5970	  171.5184
11.735	 2.63	 1	 -45.9167	  175.5765
11.745	 2.29	 1	 -45.4725	  174.3533
11.756	 2.16	 1	 -40.2295	  173.4233
11.772	 2.27	 1	 -42.0238	  171.5451
11.786	 2.25	 1	 -42.5323	  173.0506
11.791	 2.10	 1	 -43.6512	  171.5533
11.797	 2.03	 1	 -44.6524	  172.5129
11.811	 2.00	 1	 -38.8684	  173.6461
11.845	 2.18	 1	 -43.3698	  170.7397
11.848	 2.02	 1	 -47.1891	  172.9863
11.852	 2.75	 1	 -43.2173	  175.5733
11.871	 2.00	 1	 -41.2417	  176.5081
11.874	 2.14	 1	 -41.7893	  174.2776
11.901	 2.59	 1	 -41.9644	  173.6503
11.904	 2.52	 1	 -44.9022	  169.8444
11.906	 2.40	 1	 -42.5116	  173.7333
11.912	 2.71	 1	 -43.4025	  166.9811
11.917	 2.02	 1	 -42.8242	  171.5958
11.922	 2.28	 1	 -41.9514	  172.2065
11.929	 2.14	 1	 -38.4258	  174.9531
11.937	 3.08	 1	 -44.6829	  178.5080
11.940	 2.50	 1	 -41.8173	  173.4954
11.943	 2.07	 1	 -44.4733	  167.4046
11.957	 2.28	 1	 -44.1131	  167.2176
11.967	 2.26	 1	 -46.2420	  173.5338
11.978	 3.30	 1	 -46.7932	  174.4293
11.987	 2.04	 1	 -47.1873	  173.1956
12.017	 2.94	 1	 -41.6786	  174.1877
12.020	 2.31	 1	 -42.6130	  173.1153
12.027	 3.53	 1	 -42.1774	  173.6115
12.029	 2.80	 1	 -41.5685	  173.4901
12.031	 2.25	 1	 -46.8371	  173.8552
12.031	 2.27	 1	 -42.2069	  173.6987
12.045	 2.72	 1	 -40.2742	  167.8645
12.045	 2.27	 1	 -46.4462	  171.3910
12.056	 2.54	 1	 -44.1215	  172.7241
12.063	 2.44	 1	 -41.3750	  173.5165
12.077	 2.69	 1	 -42.9732	  171.7704
12.079	 2.21	 1	 -47.0086	  174.7383
12.082	 2.17	 1	 -41.7733	  174.2031
12.090	 2.07	 1	 -41.1973	  171.7770
12.094	 2.07	 1	 -43.9412	  172.2961
12.098	 2.41	 1	 -42.7052	  172.6813
12.098	 2.17	 1	 -42.0401	  172.0775
12.098	 2.14	 1	 -42.3620	  173.4587
12.101	 2.52	 1	 -38.8070	  169.9429
12.109	 2.07	 1	 -42.3238	  171.5702
12.125	 2.96	 1	 -42.6689	  171.9490
12.147	 2.66	 1	 -46.1679	  172.1696
12.150	 3.07	 1	 -39.6856	  177.5709
12.169	 2.54	 1	 -40.0930	  168.0302
12.193	 2.53	 1	 -43.6359	  174.5562
12.194	 2.10	 1	 -43.9428	  171.1586
12.207	 2.29	 1	 -45.7954	  169.3381
12.217	 2.25	 1	 -42.3207	  173.4566
12.252	 3.15	 1	 -39.2833	  177.0113
12.254	 2.43	 1	 -38.3936	  171.2280
12.264	 2.40	 1	 -41.2041	  171.4057
12.281	 2.33	 1	 -46.7082	  170.2693
12.291	 2.69	 1	 -42.4500	  173.1217
12.298	 2.02	 1	 -42.1883	  173.7851
12.303	 2.07	 1	 -38.3767	  171.3050
12.311	 2.15	 1	 -41.8089	  172.9998
12.311	 2.21	 1	 -40.3055	  167.8375
12.321	 2.39	 1	 -44.5247	  173.2473
12.326	 2.17	 1	 -43.2708	  174.9680
12.327	 2.18	 1	 -42.7250	  172.9481
12.331	 2.26	 1	 -45.4014	  177.9052
12.333	 2.56	 1	 -39.8510	  168.3334
12.337	 2.65	 1	 -45.3854	  177.9216
12.342	 2.20	 1	 -39.0845	  176.5565
12.343	 2.44	 1	 -47.1622	  172.3531
12.354	 2.27	 1	 -44.1448	  167.2322
12.370	 2.28	 1	 -41.9591	  173.3771
12.370	 2.37	 1	 -42.4704	  179.1325
12.373	 3.28	 1	 -38.3728	  171.3230
12.397	 2.73	 1	 -41.7382	  171.7120
12.402	 2.28	 1	 -40.3887	  178.2759
12.408	 3.09	 1	 -40.1656	  167.9618
12.416	 2.26	 1	 -44.4731	  172.4761
12.418	 2.18	 1	 -42.6684	  175.5496
12.426	 2.66	 1	 -43.5197	  174.5859
12.427	 2.68	 1	 -42.2416	  173.7626
12.428	 2.77	 1	 -41.8281	  174.1288
12.434	 2.06	 1	 -40.6590	  178.4786
12.437	 2.22	 1	 -38.2053	  172.6270
12.450	 2.10	 1	 -39.0157	  173.7359
12.454	 2.11	 1	 -45.6425	  170.8613
12.464	 2.00	 1	 -38.7467	  170.0883
12.474	 2.94	 1	 -38.6015	  170.4831
12.483	 2.63	 1	 -41.7775	  168.4464
12.491	 2.91	 1	 -42.5329	  173.1895
12.531	 2.73	 1	 -42.4370	  173.5426
12.533	 2.45	 1	 -38.8670	  169.8069
12.538	 2.15	 1	 -43.7995	  175.0232
12.543	 2.02	 1	 -43.3880	  170.6605
12.548	 2.06	 1	 -44.4094	  174.0388
12.564	 2.14	 1	 -40.9013	  167.4107
12.574	 2.31	 1	 -42.0087	  166.9755
12.585	 2.24	 1	 -38.2776	  174.1830
12.586	 3.38	 1	 -46.3200	  174.1247
12.595	 2.74	 1	 -43.5392	  175.5608
12.609	 2.70	 1	 -41.0665	  175.7847
12.616	 3.13	 1	 -38.9929	  172.3351
12.618	 2.85	 1	 -43.6266	  175.3609
12.619	 2.05	 1	 -45.2850	  168.0234
12.634	 2.34	 1	 -42.5954	  172.8073
12.654	 2.22	 1	 -43.4783	  171.2492
12.663	 2.07	 1	 -40.8894	  174.6668
12.671	 2.90	 1	 -39.7454	  177.6427
12.684	 2.41	 1	 -43.3984	  179.0641
12.693	 3.27	 1	 -43.7305	  171.7628
12.693	 2.16	 1	 -40.8703	  175.4355
12.695	 2.17	 1	 -38.3071	  171.6701
12.705	 2.22	 1	 -43.1695	  171.5951
12.710	 2.13	 1	 -38.6356	  173.2583
12.724	 4.34	 1	 -42.3502	  174.0901
12.727	 2.13	 1	 -41.4684	  167.1354
12.732	 2.11	 2	 -42.5881	  173.0830
12.734	 2.41	 1	 -41.7279	  174.1874
12.742	 3.06	 1	 -40.8317	  171.6520
12.753	 2.40	 1	 -45.7006	  173.9495
12.758	 2.50	 1	 -44.7408	  170.6281
12.758	 2.17	 1	 -39.3104	  172.3802
12.763	 2.12	 1	 -40.4210	  178.3019
12.769	 2.68	 1	 -42.6775	  166.9044
12.773	 2.60	 1	 -41.3040	  167.2033
12.779	 2.05	 1	 -45.4428	  173.2492
12.781	 2.35	 1	 -41.9249	  173.5377
12.786	 2.55	 1	 -42.5023	  175.1851
12.791	 3.34	 1	 -42.8608	  174.6672
12.794	 2.97	 1	 -44.0725	  171.1558
12.796	 2.14	 1	 -42.3833	  172.8971
12.800	 2.05	 1	 -46.8836	  175.2389
12.815	 2.01	 1	 -40.6207	  176.0360
12.816	 2.19	 1	 -45.6565	  168.4215
12.832	 2.80	 1	 -46.4565	  176.3691
12.855	 2.47	 1	 -42.5688	  172.3814
12.892	 2.32	 1	 -38.3630	  171.3701
12.902	 2.41	 1	 -38.9730	  169.5844
12.918	 2.72	 1	 -38.7798	  170.0074
12.936	 3.06	 1	 -41.7103	  174.3380
12.948	 2.24	 1	 -46.3016	  176.6714
12.952	 2.76	 1	 -41.8010	  174.1673
12.953	 2.21	 1	 -42.3451	  173.7437
12.968	 2.10	 1	 -44.8405	  171.5658
12.969	 2.53	 1	 -41.3123	  167.1997
12.970	 2.04	 1	 -45.1288	  167.8801
12.971	 2.04	 1	 -43.6782	  178.9911
12.972	 2.90	 1	 -39.3830	  168.8806
12.981	 2.79	 1	 -45.0455	  167.8088
12.995	 2.10	 1	 -40.6714	  178.4871
12.998	 2.22	 1	 -47.1375	  172.0978
13.000	 2.03	 1	 -38.4043	  171.1814
13.008	 2.64	 1	 -44.8546	  167.6579
13.089	 3.14	 1	 -44.1993	  170.2709
13.099	 3.15	 1	 -40.5621	  176.8203
13.129	 2.54	 2	 -41.3086	  167.1992
13.153	 2.37	 1	 -41.9356	  173.7561
13.160	 2.89	 1	 -41.6571	  174.3364
13.162	 2.51	 1	 -47.0906	  171.7481
13.188	 2.18	 1	 -42.7813	  173.4800
13.202	 2.06	 1	 -46.1907	  176.8661
13.208	 2.01	 1	 -40.8555	  167.4382
13.210	 2.97	 1	 -40.9635	  178.6696
13.229	 2.04	 1	 -45.8891	  177.3248
13.244	 2.23	 1	 -41.4085	  178.8852
13.247	 2.70	 1	 -39.4491	  168.7849
13.256	 2.15	 1	 -41.8732	  174.2289
13.261	 2.16	 1	 -42.3159	  171.9753
13.276	 2.26	 1	 -44.3163	  174.2613
13.287	 2.36	 1	 -41.0183	  172.7802
13.306	 2.16	 1	 -47.1482	  173.8459
13.310	 2.08	 1	 -43.5870	  179.0177
13.312	 2.13	 1	 -46.2545	  176.7561
13.334	 2.67	 1	 -39.2974	  169.0108
13.334	 2.45	 1	 -41.4054	  173.8340
13.345	 2.45	 1	 -41.8829	  172.3635
13.376	 2.01	 1	 -42.2918	  173.1516
13.379	 2.11	 1	 -42.3619	  174.0241
13.385	 2.92	 1	 -42.5390	  173.8899
13.386	 2.14	 1	 -42.1730	  173.4629
13.391	 2.30	 1	 -44.7806	  171.3087
13.392	 2.10	 1	 -43.9070	  167.1317
13.416	 2.47	 1	 -41.6967	  174.3738
13.423	 2.00	 1	 -45.9089	  173.6592
13.426	 3.01	 1	 -42.0633	  173.6522
13.427	 2.08	 1	 -42.2921	  173.3723
13.430	 2.03	 1	 -41.1888	  167.2565
13.431	 2.11	 1	 -46.2303	  169.2459
13.465	 2.47	 1	 -45.3943	  173.6467
13.476	 2.80	 1	 -42.4588	  170.3822
13.479	 2.79	 1	 -42.3350	  173.9584
13.485	 2.23	 1	 -39.5875	  168.5971
13.490	 2.28	 1	 -42.5578	  166.9071
13.494	 2.14	 1	 -46.3806	  173.2421
13.540	 3.07	 1	 -40.8333	  170.9818
13.557	 2.04	 1	 -43.0784	  166.9269
13.561	 2.10	 1	 -42.9027	  176.5780
13.565	 2.11	 1	 -38.4667	  170.9313
13.569	 2.07	 1	 -38.2999	  171.7139
13.577	 2.45	 1	 -44.2602	  174.5435
13.577	 2.03	 1	 -44.6363	  176.5399
13.578	 2.97	 1	 -38.4726	  170.9092
13.582	 2.53	 1	 -42.1673	  173.6374
13.584	 2.29	 1	 -45.3317	  177.9753
13.593	 2.41	 1	 -44.7855	  178.4368
13.594	 2.10	 1	 -41.2510	  176.6803
13.601	 3.45	 1	 -39.1599	  169.2371
13.601	 2.81	 1	 -44.7768	  172.5587
13.608	 2.40	 1	 -42.7044	  172.8470
13.609	 2.08	 1	 -42.2251	  173.6919
13.619	 2.57	 1	 -42.4050	  175.5500
13.627	 2.26	 1	 -44.2159	  178.7782
13.635	 2.69	 1	 -46.8673	  175.2950
13.644	 2.07	 1	 -43.9842	  174.6875
13.647	 2.37	 1	 -40.6977	  167.5393
13.660	 2.01	 1	 -44.2220	  167.2691
13.671	 2.18	 1	 -47.0386	  171.4848
13.679	 2.16	 1	 -41.6468	  175.0710
13.692	 2.24	 1	 -41.6704	  174.1528
13.720	 2.03	 1	 -43.8905	  167.1255
13.743	 2.15	 1	 -44.5447	  172.3968
13.743	 2.26	 1	 -42.5594	  172.9037
13.755	 2.41	 1	 -41.0885	  178.7375
13.760	 2.17	 1	 -43.2227	  179.0973
13.765	 2.19	 1	 -40.9806	  167.3651
13.768	 2.22	 1	 -43.3143	  179.0812
13.799	 2.74	 1	 -43.7160	  178.9794
13.800	 2.28	 1	 -38.4906	  175.2002
13.834	 2.13	 1	 -41.7852	  174.2425
13.834	 2.58	 1	 -44.3700	  174.9247
13.851	 2.26	 1	 -42.8347	  166.9074
13.898	 2.49	 1	 -42.0008	  173.6613
13.905	 2.45	 1	 -41.8077	  167.0240
13.916	 2.09	 1	 -41.3233	  171.4190
13.919	 2.98	 1	 -47.1117	  171.8918
13.931	 2.22	 1	 -42.2125	  173.7597
13.954	 2.67	 1	 -45.3220	  177.9850
13.968	 2.63	 1	 -42.4935	  174.0485
13.973	 2.46	 1	 -42.9796	  169.5418
13.990	 2.14	 1	 -41.6904	  174.1060
13.999	 2.78	 1	 -43.9874	  177.7345
