# Simulation 288
# RelativeTime(days) Magnitude Generation Latitude Longitude
Time Mag Gen Lat Lon
7.003	 2.60	 1	 -44.3974	  178.6832
7.018	 3.03	 1	 -41.7721	  179.0104
7.018	 2.19	 1	 -43.0922	  172.6249
7.018	 2.40	 1	 -44.1054	  178.8301
7.019	 2.22	 1	 -42.6291	  170.5614
7.030	 2.36	 1	 -44.1396	  171.5866
7.036	 2.19	 1	 -46.4828	  176.3138
7.041	 3.03	 1	 -39.2651	  169.0620
7.045	 3.05	 1	 -43.8461	  174.6862
7.047	 2.41	 1	 -46.9547	  174.9717
7.050	 2.39	 1	 -44.3930	  167.8908
7.054	 4.09	 1	 -46.0256	  176.3196
7.059	 2.24	 1	 -42.9813	  179.1273
7.065	 2.82	 1	 -42.9234	  171.8942
7.076	 3.79	 1	 -38.2978	  171.7272
7.090	 2.30	 1	 -46.2270	  169.7552
7.092	 2.52	 1	 -42.2559	  173.7354
7.093	 2.28	 1	 -40.8496	  178.6025
7.093	 2.07	 1	 -38.2566	  174.0235
7.096	 2.53	 1	 -40.2491	  172.4555
7.127	 3.75	 1	 -43.5051	  173.4684
7.127	 2.48	 1	 -42.5869	  173.0789
7.129	 2.09	 1	 -38.9851	  176.4839
7.131	 2.12	 1	 -41.7878	  174.0502
7.133	 2.79	 1	 -41.6470	  167.0720
7.137	 2.46	 1	 -42.5447	  173.0620
7.138	 2.22	 1	 -40.5467	  172.8085
7.141	 2.93	 1	 -39.1748	  169.2115
7.162	 3.07	 1	 -42.6077	  166.9054
7.181	 2.09	 1	 -42.8338	  173.4424
7.186	 2.38	 1	 -41.4071	  175.1658
7.194	 2.12	 1	 -44.0413	  172.4175
7.195	 2.20	 1	 -42.1501	  174.2802
7.199	 2.40	 1	 -41.7691	  174.9195
7.200	 2.26	 1	 -38.7548	  170.0683
7.202	 2.14	 1	 -41.4164	  178.8884
7.202	 2.35	 1	 -40.7420	  171.0240
7.218	 2.23	 1	 -44.7319	  172.8833
7.219	 2.30	 1	 -43.7516	  172.7125
7.229	 2.13	 1	 -38.9566	  169.6174
7.230	 2.63	 1	 -43.4752	  172.7029
7.240	 2.70	 1	 -42.5135	  173.7034
7.244	 2.75	 1	 -38.4674	  170.9285
7.247	 3.98	 1	 -44.6670	  171.6424
7.253	 2.05	 1	 -38.2067	  173.4463
7.257	 2.03	 1	 -38.1960	  172.9997
7.265	 5.33	 1	 -38.3874	  174.7885
7.266	 2.16	 1	 -44.9525	  176.0181
7.267	 3.42	 1	 -42.6443	  172.7843
7.271	 2.21	 1	 -39.5548	  168.6400
7.271	 2.41	 1	 -43.3261	  172.3886
7.274	 3.02	 1	 -47.1782	  173.4485
7.278	 2.25	 1	 -42.2556	  173.6151
7.279	 2.23	 1	 -42.6095	  175.2092
7.280	 3.02	 1	 -44.5038	  175.2333
7.281	 2.43	 1	 -41.3591	  173.0796
7.283	 2.04	 1	 -44.2152	  178.5535
7.285	 3.20	 1	 -43.0209	  174.1642
7.290	 2.11	 1	 -45.9343	  169.7590
7.297	 2.35	 1	 -47.0512	  171.5184
7.304	 2.35	 1	 -44.2643	  167.2903
7.320	 2.65	 1	 -44.8474	  167.6526
7.327	 2.02	 1	 -47.1079	  171.8645
7.328	 2.11	 1	 -46.6351	  172.1751
7.339	 2.36	 1	 -38.5360	  175.3560
7.341	 2.47	 1	 -45.3224	  168.0597
7.346	 2.28	 1	 -41.7253	  174.2333
7.349	 3.20	 1	 -42.5523	  166.9073
7.350	 2.09	 1	 -39.3774	  168.8888
7.350	 2.12	 1	 -41.8293	  179.0262
7.358	 2.16	 1	 -38.3784	  174.7471
7.375	 2.89	 1	 -44.0644	  167.4717
7.376	 2.73	 1	 -41.9026	  166.9995
7.382	 2.18	 1	 -42.3930	  177.8677
7.382	 2.13	 1	 -42.1269	  173.6294
7.384	 3.37	 1	 -42.2784	  166.9303
7.388	 2.11	 1	 -44.1433	  167.2315
7.391	 2.10	 1	 -43.6021	  169.9583
7.432	 2.01	 1	 -43.5055	  174.8252
7.435	 2.16	 1	 -47.0974	  171.7925
7.442	 2.10	 1	 -43.5054	  167.6494
7.447	 2.31	 1	 -46.2261	  172.0241
7.450	 3.15	 1	 -42.0617	  170.6835
7.452	 2.23	 1	 -47.0503	  174.5307
7.461	 2.23	 1	 -45.6262	  176.8558
7.465	 2.47	 1	 -38.1965	  173.1234
7.466	 2.20	 1	 -42.1595	  173.5885
7.471	 3.03	 1	 -42.1432	  173.3125
7.471	 2.78	 1	 -42.4114	  179.1280
7.497	 3.39	 1	 -42.1306	  173.7313
7.498	 2.74	 1	 -38.2052	  173.4148
7.499	 2.16	 1	 -43.6866	  173.5634
7.508	 2.23	 1	 -42.3254	  173.7733
7.517	 2.73	 1	 -43.9816	  177.9705
7.525	 2.38	 1	 -46.3636	  169.4892
7.534	 2.41	 1	 -43.5304	  174.6634
7.540	 3.22	 1	 -45.1335	  173.7151
7.549	 2.89	 1	 -46.4472	  169.6557
7.564	 2.33	 1	 -44.1775	  175.7236
7.567	 2.26	 1	 -41.5006	  167.1232
7.568	 2.36	 1	 -41.7582	  172.1639
7.569	 2.26	 1	 -42.0094	  173.8919
7.577	 2.78	 1	 -46.2607	  169.2993
7.587	 2.26	 1	 -38.4522	  173.6342
7.592	 2.26	 1	 -42.6269	  172.1195
7.596	 2.47	 1	 -40.1579	  170.5304
7.598	 2.20	 1	 -40.5081	  178.2965
7.600	 2.16	 1	 -38.6778	  172.7681
7.602	 2.10	 1	 -45.1203	  170.5993
7.605	 2.72	 1	 -38.2218	  172.3666
7.621	 2.13	 1	 -45.0373	  178.2423
7.626	 2.05	 1	 -46.2418	  173.3037
7.630	 2.38	 1	 -43.2541	  172.2064
7.635	 2.01	 1	 -42.7611	  173.1565
7.637	 2.29	 1	 -42.7141	  175.4071
7.643	 2.07	 1	 -38.4790	  175.1586
7.645	 2.69	 1	 -41.6995	  174.2165
7.647	 2.12	 1	 -46.7893	  170.5003
7.648	 2.22	 1	 -41.6979	  174.3311
7.649	 3.43	 1	 -38.3560	  174.6400
7.651	 2.84	 1	 -47.1498	  173.8293
7.653	 2.65	 1	 -42.8481	  169.2515
7.661	 2.81	 1	 -40.3071	  178.2081
7.665	 2.09	 1	 -40.5610	  171.2860
7.675	 2.69	 1	 -38.4848	  171.9609
7.680	 2.15	 1	 -38.2013	  173.3212
7.683	 2.24	 1	 -43.4496	  170.2977
7.685	 2.18	 1	 -43.0076	  172.9430
7.688	 2.12	 1	 -42.4645	  166.9122
7.691	 2.55	 1	 -41.8915	  167.0022
7.694	 2.49	 1	 -42.4569	  173.6275
7.695	 2.04	 1	 -38.2220	  172.3640
7.696	 2.56	 1	 -47.0458	  171.4896
7.696	 2.87	 1	 -44.9890	  167.7623
7.697	 2.06	 1	 -44.7159	  178.4856
7.700	 2.05	 1	 -39.7809	  168.9330
7.714	 2.54	 1	 -40.1319	  172.5204
7.723	 2.21	 1	 -40.4360	  178.3138
7.724	 2.05	 1	 -38.6984	  175.8324
7.724	 2.16	 1	 -39.6237	  168.5506
7.743	 2.01	 1	 -42.7012	  167.4671
7.747	 2.36	 1	 -39.5443	  177.3903
7.758	 2.12	 1	 -38.6665	  175.7467
7.764	 2.47	 1	 -41.2328	  176.1124
7.765	 2.08	 1	 -42.9547	  172.7931
7.768	 2.05	 1	 -39.7757	  177.6782
7.774	 2.23	 1	 -42.7198	  171.7983
7.779	 2.15	 1	 -46.9286	  170.9700
7.784	 2.91	 1	 -40.7491	  167.5053
7.788	 2.28	 1	 -45.4479	  177.8568
7.803	 2.07	 1	 -46.9316	  175.0629
7.807	 2.19	 1	 -43.7104	  177.6985
7.823	 2.14	 1	 -41.9227	  173.1324
7.837	 2.49	 1	 -44.1875	  178.7919
7.848	 2.95	 1	 -41.1678	  171.6734
7.855	 2.08	 1	 -42.3177	  173.8733
7.864	 2.13	 1	 -41.3620	  174.4072
7.864	 2.84	 1	 -41.8439	  171.6292
7.865	 2.08	 1	 -42.5267	  173.4048
7.867	 2.54	 1	 -39.2442	  169.7164
7.868	 2.78	 1	 -43.3067	  175.8455
7.872	 2.13	 1	 -43.8502	  167.1105
7.874	 2.04	 1	 -38.2322	  172.2463
7.876	 2.00	 1	 -39.3029	  171.5600
7.880	 2.30	 1	 -47.1371	  173.9499
7.882	 2.21	 1	 -38.7874	  169.9891
7.884	 2.71	 1	 -42.9527	  166.9146
7.894	 2.33	 1	 -39.4705	  169.4975
7.899	 2.26	 1	 -47.0771	  171.6650
7.902	 3.83	 1	 -42.2834	  166.9297
7.919	 2.83	 1	 -43.9542	  176.3719
7.946	 2.02	 1	 -38.2877	  171.7928
7.953	 2.29	 1	 -42.1363	  166.9513
7.966	 2.02	 1	 -39.2951	  177.0299
7.974	 2.80	 1	 -41.8293	  174.0441
7.975	 2.70	 1	 -40.8370	  174.7672
7.975	 2.37	 1	 -45.1273	  171.0690
7.985	 2.04	 1	 -42.3862	  171.5672
7.988	 2.66	 1	 -43.0319	  179.1225
7.988	 2.09	 1	 -42.4412	  172.9211
7.994	 2.38	 1	 -41.7935	  171.3265
8.000	 2.16	 1	 -44.8965	  167.6896
8.012	 2.11	 1	 -39.9630	  177.8839
8.030	 2.06	 1	 -42.2273	  174.0511
8.042	 2.47	 1	 -42.8266	  176.5258
8.047	 2.37	 1	 -38.8013	  174.2517
8.054	 2.04	 1	 -41.1985	  176.7509
8.056	 3.40	 1	 -45.1886	  178.1109
8.057	 2.21	 1	 -44.6870	  167.5390
8.060	 2.39	 1	 -44.0287	  178.3810
8.065	 3.11	 1	 -44.2944	  173.6539
8.079	 2.69	 1	 -42.1801	  173.7263
8.083	 2.90	 1	 -38.8888	  169.7593
8.088	 2.31	 1	 -42.1839	  169.7612
8.094	 2.05	 1	 -41.7257	  174.3012
8.094	 2.90	 1	 -40.2410	  167.8935
8.099	 2.57	 1	 -40.4700	  173.7773
8.103	 2.08	 1	 -43.2612	  176.8673
8.105	 2.38	 1	 -41.2418	  172.5477
8.109	 2.01	 1	 -44.9624	  167.7410
8.115	 2.28	 1	 -41.2131	  176.1747
8.117	 2.18	 1	 -46.9615	  172.6265
8.121	 2.10	 1	 -38.3138	  171.6307
8.133	 2.17	 1	 -41.9887	  173.7758
8.151	 2.38	 1	 -43.6902	  167.0568
8.155	 2.14	 1	 -41.0560	  167.3239
8.156	 2.35	 1	 -40.3187	  169.2052
8.161	 2.78	 1	 -45.0222	  173.9105
8.161	 2.04	 1	 -45.5354	  168.2822
8.181	 2.09	 1	 -41.3381	  174.3593
8.186	 2.15	 1	 -39.9730	  177.8942
8.201	 3.37	 1	 -44.7673	  178.4498
8.217	 4.62	 1	 -41.6885	  174.2533
8.220	 2.43	 1	 -42.5276	  173.1850
8.221	 3.49	 1	 -47.0812	  174.3547
8.223	 3.25	 1	 -38.2567	  172.0197
8.228	 2.31	 1	 -40.2646	  172.9921
8.231	 2.11	 1	 -41.0181	  173.4842
8.233	 2.56	 1	 -46.1884	  176.8699
8.233	 2.27	 1	 -38.6494	  170.3449
8.234	 2.97	 1	 -38.2107	  172.5264
8.244	 2.89	 1	 -42.5474	  169.9618
8.249	 2.27	 1	 -46.3724	  176.5381
8.258	 2.10	 1	 -47.0919	  171.7570
8.267	 3.12	 1	 -42.5458	  166.9076
8.267	 4.01	 1	 -44.0136	  167.1743
8.277	 2.65	 1	 -42.0711	  170.7370
8.284	 2.13	 1	 -41.8272	  174.4610
8.288	 2.28	 1	 -40.4904	  173.2732
8.298	 2.33	 1	 -45.8053	  177.4371
8.304	 2.90	 1	 -40.7265	  167.5201
8.306	 2.19	 1	 -45.0933	  172.5064
8.313	 2.35	 1	 -40.6362	  170.5343
8.315	 2.09	 1	 -38.8596	  171.7493
8.317	 2.14	 1	 -43.2623	  171.6727
8.320	 3.04	 1	 -47.1215	  171.9648
8.326	 3.37	 1	 -39.1827	  169.1980
8.328	 2.33	 1	 -40.9896	  171.7973
8.332	 2.48	 1	 -38.9100	  169.7140
8.332	 2.45	 1	 -46.9827	  174.8546
8.335	 2.82	 1	 -41.0933	  174.0003
8.345	 3.72	 1	 -40.6087	  173.2800
8.350	 2.29	 1	 -46.3666	  173.1906
8.351	 2.17	 1	 -39.0438	  169.4467
8.360	 2.08	 1	 -45.5321	  177.7658
8.367	 2.01	 1	 -43.0073	  179.1249
8.371	 2.02	 1	 -43.5613	  167.0706
8.373	 2.20	 1	 -42.4748	  173.7713
8.377	 2.29	 1	 -43.2913	  179.0855
8.379	 2.65	 1	 -39.7427	  168.4048
8.380	 3.31	 1	 -42.7854	  176.0686
8.387	 2.07	 1	 -44.8894	  178.3601
8.389	 2.05	 1	 -45.8724	  172.2554
8.397	 3.30	 1	 -38.5168	  170.7525
8.399	 2.27	 1	 -40.7362	  174.6370
8.401	 2.88	 1	 -38.7294	  175.9124
8.402	 2.48	 1	 -42.8351	  178.6483
8.411	 2.29	 1	 -38.5933	  172.6034
8.431	 2.37	 1	 -38.2069	  172.5949
8.432	 2.70	 1	 -46.9679	  171.1269
8.434	 2.35	 1	 -40.1481	  178.0663
8.439	 2.09	 1	 -44.7697	  171.5421
8.440	 2.19	 1	 -45.6352	  168.3963
8.450	 2.04	 1	 -42.7108	  173.1898
8.464	 2.44	 1	 -42.7834	  175.7429
8.467	 2.77	 1	 -45.2413	  178.0622
8.467	 2.53	 1	 -47.0397	  174.5864
8.490	 2.22	 1	 -41.1728	  178.7800
8.506	 2.21	 1	 -42.6570	  172.7164
8.512	 2.36	 1	 -42.5218	  173.0085
8.518	 2.61	 1	 -42.1209	  173.5902
8.527	 2.64	 1	 -41.9160	  176.5760
8.543	 2.27	 1	 -41.7465	  172.7653
8.558	 2.87	 1	 -42.0293	  173.4878
8.562	 2.41	 1	 -42.4668	  173.7927
8.567	 2.84	 1	 -47.1706	  173.5773
8.575	 2.38	 1	 -40.6568	  178.4771
8.577	 3.26	 1	 -39.0400	  176.5904
8.587	 2.18	 1	 -43.9155	  172.8723
8.592	 2.15	 1	 -41.6857	  170.8263
8.599	 2.73	 1	 -43.0713	  166.9261
8.625	 2.62	 1	 -39.1646	  169.2290
8.653	 2.30	 1	 -45.2281	  168.5879
8.660	 2.33	 1	 -40.8578	  178.1753
8.681	 2.15	 1	 -39.8772	  169.3694
8.694	 2.31	 1	 -42.9008	  172.2715
8.718	 2.40	 1	 -38.2728	  174.1488
8.733	 2.04	 1	 -45.7161	  174.1601
8.738	 2.09	 1	 -43.3667	  171.4683
8.738	 2.26	 1	 -40.4056	  172.7594
8.752	 2.28	 1	 -40.7047	  175.7103
8.755	 2.61	 1	 -46.0105	  174.5168
8.759	 2.20	 1	 -46.1966	  176.8561
8.760	 2.15	 1	 -42.9623	  166.9154
8.762	 2.36	 1	 -42.8215	  173.2185
8.772	 2.33	 1	 -42.2268	  173.6994
8.778	 2.21	 1	 -43.4397	  166.9894
8.786	 2.03	 1	 -46.6390	  175.9543
8.787	 2.11	 1	 -40.0093	  172.8902
8.787	 2.24	 1	 -38.2673	  171.9369
8.794	 2.27	 1	 -47.0067	  171.2970
8.807	 2.31	 1	 -40.6799	  177.7225
8.807	 2.05	 1	 -39.2452	  176.9502
8.821	 2.00	 1	 -46.2336	  174.6879
8.829	 2.78	 1	 -39.8825	  168.2461
8.830	 2.02	 1	 -42.6345	  173.4943
8.834	 2.85	 1	 -39.9757	  168.1473
8.851	 2.02	 1	 -41.7342	  174.0978
8.852	 2.51	 1	 -43.3859	  174.4610
8.852	 2.03	 1	 -46.7713	  170.4466
8.853	 2.12	 1	 -42.1922	  173.4221
8.856	 2.33	 1	 -40.6881	  176.0305
8.857	 2.22	 1	 -45.2962	  178.0101
8.868	 2.03	 1	 -46.9705	  174.9066
8.873	 2.14	 1	 -43.7559	  171.8702
8.881	 2.23	 1	 -46.8027	  170.5408
8.883	 2.35	 1	 -38.5021	  170.8034
8.887	 2.15	 1	 -42.4028	  173.1369
8.911	 2.27	 1	 -44.0330	  172.8714
8.923	 2.59	 1	 -40.7014	  177.8494
8.932	 2.94	 1	 -43.4809	  166.9991
8.932	 2.07	 1	 -39.2703	  171.0309
8.933	 2.07	 1	 -41.1474	  172.9995
8.939	 2.04	 1	 -44.3155	  173.4671
8.942	 2.45	 1	 -45.5752	  168.3269
8.944	 2.19	 1	 -42.3049	  173.6625
8.969	 2.22	 1	 -41.6940	  167.0571
8.970	 2.84	 1	 -42.1872	  173.7231
8.973	 2.13	 1	 -40.5058	  167.6765
8.974	 2.17	 1	 -42.3978	  173.6724
8.978	 2.65	 1	 -46.8761	  175.2650
8.983	 3.04	 1	 -43.5060	  167.0053
8.988	 2.14	 1	 -46.7396	  170.3558
8.988	 2.00	 1	 -41.9884	  174.0737
9.003	 2.44	 1	 -42.2962	  173.0667
9.010	 2.61	 1	 -38.5192	  175.2061
9.012	 2.15	 1	 -38.2148	  172.4616
9.021	 2.03	 1	 -44.8081	  167.6237
9.023	 2.69	 1	 -46.4293	  169.6190
9.042	 3.00	 1	 -42.0133	  173.6785
9.044	 2.65	 1	 -42.5454	  169.8352
9.050	 2.60	 1	 -45.9385	  177.2559
9.065	 2.34	 1	 -44.7552	  172.4765
9.074	 2.22	 1	 -42.2375	  171.8926
9.082	 2.49	 1	 -42.8805	  178.0286
9.086	 2.04	 1	 -41.4173	  170.7220
9.086	 2.41	 1	 -45.5090	  175.7424
9.095	 3.32	 1	 -43.5874	  174.9715
9.099	 2.62	 1	 -41.9550	  171.8712
9.100	 2.10	 1	 -39.9074	  169.4660
9.108	 2.54	 1	 -42.2865	  171.1416
9.109	 2.45	 1	 -46.8790	  175.2548
9.112	 2.18	 1	 -45.7197	  168.4983
9.113	 2.09	 1	 -42.4256	  173.2058
9.124	 2.07	 1	 -43.2316	  170.5577
9.127	 2.56	 1	 -42.3329	  166.9239
9.130	 2.05	 1	 -41.2619	  173.6243
9.133	 2.37	 1	 -43.3842	  179.0672
9.133	 2.16	 1	 -41.9382	  179.0532
9.154	 2.48	 1	 -38.2985	  173.2060
9.167	 2.28	 1	 -39.2151	  169.1436
9.167	 2.66	 1	 -39.7331	  169.1606
9.168	 2.26	 1	 -41.5845	  174.6294
9.194	 2.19	 1	 -41.9539	  179.0569
9.198	 2.41	 1	 -41.6588	  178.9761
9.236	 2.41	 1	 -38.2423	  172.1459
9.239	 2.27	 1	 -41.6238	  175.0610
9.242	 2.34	 1	 -46.7860	  170.4904
9.251	 2.21	 1	 -39.3458	  168.9362
9.261	 2.06	 1	 -44.3111	  169.5367
9.275	 2.07	 1	 -43.8156	  178.9461
9.278	 2.49	 1	 -43.2861	  171.8221
9.283	 3.36	 1	 -43.0194	  179.1238
9.303	 4.76	 1	 -45.6139	  177.6729
9.313	 2.17	 1	 -45.3485	  168.0855
9.334	 2.40	 1	 -43.8512	  167.1109
9.334	 3.49	 1	 -38.8013	  176.0880
9.343	 2.07	 1	 -42.4369	  173.2215
9.344	 2.23	 1	 -44.2047	  167.8208
9.358	 2.16	 1	 -38.7870	  171.9087
9.398	 2.07	 1	 -38.4518	  175.0564
9.418	 2.18	 1	 -42.2755	  173.9719
9.430	 2.30	 1	 -42.7228	  172.3161
9.444	 2.83	 1	 -42.9940	  179.1262
9.449	 2.18	 1	 -46.3237	  171.1977
9.455	 2.19	 1	 -41.2047	  174.2677
9.464	 2.54	 1	 -45.1636	  174.2504
9.465	 2.26	 1	 -44.7795	  167.6032
9.470	 2.08	 1	 -46.6515	  170.1212
9.471	 2.50	 1	 -43.7142	  169.3026
9.472	 2.52	 1	 -44.6066	  168.4195
9.473	 2.66	 1	 -46.3249	  176.6283
9.489	 3.07	 1	 -38.5602	  175.4344
9.491	 2.41	 1	 -43.8503	  167.1106
9.512	 2.16	 1	 -43.0748	  166.9265
9.513	 2.09	 1	 -39.6283	  171.1193
9.515	 2.24	 1	 -43.8272	  169.5225
9.522	 2.38	 1	 -39.6862	  171.9501
9.535	 2.03	 1	 -43.8615	  167.1147
9.539	 2.95	 1	 -42.4988	  171.1443
9.547	 2.60	 1	 -45.0501	  171.0760
9.564	 2.02	 1	 -43.8300	  171.2965
9.579	 2.26	 1	 -38.2382	  172.1856
9.581	 2.44	 1	 -47.1734	  173.5332
9.591	 2.29	 1	 -44.4820	  167.4097
9.604	 2.01	 1	 -42.5825	  172.8986
9.607	 2.03	 1	 -42.5750	  173.0478
9.609	 2.27	 1	 -41.0817	  176.6335
9.657	 2.83	 1	 -42.3120	  176.4584
9.658	 2.02	 1	 -39.4765	  168.7464
9.672	 2.05	 1	 -42.7612	  176.1830
9.678	 3.02	 1	 -39.2771	  169.0430
9.679	 2.39	 1	 -42.4544	  173.2952
9.683	 2.09	 1	 -43.3907	  174.4402
9.687	 3.06	 1	 -40.0260	  168.0961
9.693	 2.88	 1	 -38.7384	  170.1090
9.707	 2.04	 1	 -43.9346	  173.0824
9.716	 3.31	 1	 -43.1155	  171.9346
9.727	 2.34	 1	 -44.0214	  169.8285
9.728	 2.10	 1	 -46.3054	  176.6643
9.738	 2.02	 1	 -44.8979	  173.9140
9.741	 3.04	 1	 -42.5877	  170.6275
9.747	 2.72	 1	 -43.6290	  178.4895
9.756	 2.17	 1	 -41.1009	  171.7409
9.756	 2.23	 1	 -43.6464	  174.2427
9.756	 3.92	 1	 -41.1251	  173.5589
9.758	 3.24	 1	 -40.8717	  167.4283
9.770	 3.16	 1	 -38.2395	  173.8717
9.796	 2.36	 1	 -42.3440	  173.7315
9.797	 2.44	 1	 -42.5855	  166.9061
9.798	 2.08	 1	 -42.0244	  170.8970
9.803	 2.57	 1	 -43.9361	  167.1429
9.813	 2.65	 1	 -45.2000	  178.1004
9.822	 2.07	 1	 -43.1764	  166.9398
9.822	 2.18	 1	 -46.8824	  175.2430
9.828	 2.50	 1	 -41.7140	  173.4754
9.838	 2.15	 1	 -41.4697	  178.4947
9.838	 2.63	 1	 -40.9521	  172.4572
9.856	 2.93	 1	 -43.3040	  174.5207
9.863	 3.06	 1	 -42.4265	  173.0859
9.874	 2.21	 1	 -40.3637	  167.7888
9.875	 2.58	 1	 -42.8305	  173.0583
9.876	 2.14	 1	 -43.4225	  175.5735
9.879	 2.42	 1	 -41.0569	  176.7296
9.885	 2.24	 1	 -41.8246	  174.2962
9.900	 2.14	 1	 -46.1991	  176.8518
9.909	 2.15	 1	 -44.6294	  168.2849
9.930	 2.36	 1	 -44.9398	  173.3420
9.945	 2.75	 1	 -46.2682	  169.9741
9.951	 2.35	 1	 -43.5940	  175.3993
9.955	 3.04	 1	 -42.5684	  168.6359
9.965	 2.05	 1	 -44.9897	  178.2814
9.980	 2.48	 1	 -45.3453	  172.9253
9.985	 3.27	 1	 -41.7725	  179.0105
9.992	 2.25	 1	 -39.3508	  168.9287
9.996	 2.48	 1	 -42.2472	  173.6706
9.998	 2.11	 1	 -45.2489	  178.0551
9.999	 2.19	 1	 -47.1688	  172.4408
10.004	 2.94	 1	 -42.3333	  173.6076
10.009	 2.05	 1	 -46.8825	  170.8016
10.018	 2.20	 1	 -46.9509	  171.0571
10.019	 3.75	 1	 -42.2536	  178.7054
10.033	 2.52	 1	 -40.1166	  168.6433
10.047	 2.01	 1	 -40.1337	  178.0528
10.052	 2.51	 1	 -42.4905	  173.2479
10.053	 2.21	 1	 -43.3595	  170.4591
10.054	 2.31	 1	 -42.2630	  173.7751
10.068	 2.15	 1	 -47.1714	  172.4788
10.071	 2.06	 1	 -45.2024	  173.2924
10.072	 2.13	 1	 -41.6116	  167.0837
10.080	 2.35	 1	 -46.5356	  169.8458
10.107	 2.17	 1	 -40.6227	  173.2474
10.108	 2.08	 1	 -38.1994	  172.7836
10.114	 3.40	 1	 -43.0284	  179.1229
10.115	 2.72	 1	 -42.9238	  179.1319
10.130	 2.03	 1	 -42.0489	  174.3810
10.164	 2.33	 1	 -42.7155	  179.1399
10.172	 2.08	 1	 -46.8892	  170.8252
10.176	 2.05	 1	 -46.3940	  170.9210
10.191	 2.21	 1	 -40.9720	  172.6270
10.194	 2.00	 1	 -45.3365	  170.7203
10.208	 2.32	 1	 -39.4209	  168.8252
10.213	 2.49	 1	 -38.5696	  170.5804
10.226	 2.05	 1	 -40.9594	  170.0529
10.231	 2.18	 1	 -41.8792	  179.0390
10.238	 2.34	 1	 -41.1594	  175.0891
10.240	 2.07	 1	 -42.2325	  166.9364
10.265	 2.23	 1	 -38.3369	  171.5025
10.284	 2.15	 1	 -41.1541	  174.1592
10.289	 2.90	 1	 -47.0688	  174.4281
10.303	 2.19	 1	 -44.4554	  175.7566
10.319	 2.19	 1	 -46.5834	  176.0888
10.332	 2.02	 1	 -42.3922	  174.0377
10.347	 2.31	 1	 -44.7254	  177.9258
10.353	 2.19	 1	 -42.3286	  173.4641
10.355	 2.15	 1	 -40.2599	  167.8769
10.358	 2.03	 1	 -40.7463	  173.6751
10.359	 2.28	 1	 -41.7073	  174.2498
10.382	 2.18	 1	 -44.6440	  174.1069
10.383	 2.36	 1	 -46.7845	  170.4858
10.384	 2.27	 1	 -46.4427	  169.6465
10.388	 2.15	 1	 -40.9052	  178.0883
10.389	 3.20	 1	 -44.2840	  176.7451
10.390	 3.09	 1	 -47.1011	  171.8176
10.392	 3.15	 1	 -40.6943	  178.5027
10.395	 3.19	 1	 -44.1449	  168.4811
10.410	 2.07	 1	 -40.1608	  167.9661
10.420	 2.26	 1	 -42.3476	  173.9285
10.435	 2.11	 1	 -41.8260	  179.0253
10.465	 2.20	 1	 -43.8265	  167.1718
10.473	 2.03	 1	 -46.7298	  175.7158
10.476	 2.77	 1	 -42.0508	  179.0773
10.479	 2.37	 1	 -41.4794	  169.9104
10.480	 2.16	 1	 -42.6035	  172.7714
10.482	 2.35	 1	 -40.1915	  173.6561
10.484	 2.45	 1	 -46.6722	  175.8701
10.493	 2.26	 1	 -39.3289	  168.9621
10.506	 3.41	 1	 -42.8545	  166.9083
10.512	 2.07	 1	 -43.5268	  171.7685
10.520	 2.76	 1	 -39.2439	  173.5218
10.538	 3.13	 1	 -42.3856	  166.9186
10.542	 2.18	 1	 -43.7742	  174.5486
10.546	 2.85	 1	 -42.8105	  176.0659
10.548	 2.28	 1	 -42.4075	  173.2660
10.550	 3.19	 1	 -42.5795	  179.1380
10.565	 2.15	 1	 -39.5051	  168.7069
10.568	 2.48	 1	 -38.2568	  174.0253
10.574	 2.98	 1	 -42.0041	  173.3587
10.576	 2.36	 1	 -45.7815	  173.9142
10.577	 2.14	 1	 -43.5860	  175.4485
10.584	 2.70	 1	 -41.0716	  167.3157
10.593	 2.56	 1	 -44.7189	  178.4835
10.605	 2.43	 1	 -46.2293	  175.1071
10.621	 2.33	 1	 -42.7854	  173.0551
10.643	 4.12	 1	 -43.5974	  167.0295
10.659	 2.18	 1	 -43.4830	  179.0447
10.663	 2.42	 1	 -39.5740	  177.4295
10.666	 2.39	 1	 -42.6701	  176.2731
10.678	 2.52	 1	 -40.9635	  169.0146
10.680	 2.09	 1	 -43.4791	  173.7913
10.681	 2.35	 1	 -42.4259	  173.1755
10.686	 2.82	 1	 -42.4354	  166.9144
10.707	 2.22	 1	 -47.1880	  173.1574
10.718	 2.21	 1	 -46.2008	  176.7466
10.731	 2.43	 1	 -40.7594	  172.3053
10.740	 2.37	 1	 -46.9911	  174.8179
10.773	 3.06	 1	 -38.1995	  173.2658
10.800	 2.00	 1	 -42.7768	  177.1813
10.806	 2.04	 1	 -43.1315	  173.4911
10.806	 2.30	 1	 -38.5985	  174.2949
10.817	 2.37	 1	 -40.7425	  173.6700
10.821	 2.37	 1	 -43.7767	  171.6757
10.844	 2.53	 1	 -42.6027	  168.6848
10.852	 2.09	 1	 -38.4793	  170.8845
10.862	 2.32	 1	 -38.2063	  173.4382
10.874	 2.13	 1	 -42.0392	  173.7577
10.874	 2.09	 1	 -38.2446	  172.1246
10.913	 2.17	 1	 -46.6794	  170.1928
10.914	 2.69	 1	 -39.9298	  168.1952
10.939	 2.46	 1	 -46.7078	  175.7761
10.952	 2.47	 1	 -41.9926	  176.6467
10.954	 2.68	 1	 -41.7847	  167.0303
10.955	 3.64	 1	 -42.6389	  169.9590
10.956	 2.15	 1	 -41.1063	  172.7069
10.958	 2.11	 1	 -40.2533	  169.7200
10.963	 2.56	 1	 -39.2615	  169.0677
10.980	 2.57	 1	 -43.5621	  172.4329
10.981	 2.24	 1	 -46.6624	  175.8953
10.985	 2.11	 1	 -40.2357	  167.8983
10.999	 2.11	 1	 -40.6927	  174.1313
10.999	 2.05	 1	 -47.1412	  172.1312
11.007	 2.33	 1	 -44.0093	  167.1725
11.014	 2.66	 1	 -42.5162	  179.1352
11.021	 2.38	 1	 -45.8013	  168.6020
11.026	 2.20	 1	 -43.4096	  173.3922
11.028	 2.07	 1	 -40.4655	  167.7074
11.028	 2.31	 1	 -41.8046	  174.4988
11.028	 2.03	 1	 -46.8542	  174.0102
11.033	 2.15	 1	 -43.5275	  173.6337
11.044	 2.15	 1	 -39.2737	  176.9959
11.078	 2.51	 1	 -44.0332	  173.8876
11.085	 2.30	 1	 -39.0917	  173.4861
11.091	 2.16	 1	 -40.5841	  173.9743
11.092	 2.16	 1	 -41.7144	  174.2804
11.103	 2.19	 1	 -43.2125	  173.6723
11.105	 2.10	 1	 -42.3890	  175.0090
11.114	 2.53	 1	 -41.6319	  167.0770
11.121	 3.47	 1	 -40.6842	  167.5484
11.125	 2.48	 1	 -43.8345	  178.9394
11.127	 2.01	 1	 -44.6346	  178.5399
11.129	 2.46	 1	 -38.8515	  169.8412
11.133	 2.06	 1	 -41.8962	  174.6360
11.134	 2.18	 1	 -42.4093	  173.4940
11.142	 2.17	 1	 -46.8298	  175.4186
11.146	 2.06	 1	 -42.0011	  173.7501
11.148	 2.24	 1	 -38.8078	  173.6845
11.153	 2.33	 1	 -40.0395	  176.5927
11.163	 3.50	 1	 -43.7238	  173.5071
11.171	 2.03	 1	 -47.0485	  174.5405
11.180	 2.48	 1	 -40.1120	  170.5174
11.181	 2.38	 1	 -42.3213	  173.4565
11.185	 2.21	 1	 -41.4755	  167.1327
11.188	 2.29	 1	 -46.0955	  175.9959
11.202	 2.24	 1	 -39.8993	  168.2279
11.206	 2.44	 1	 -39.2871	  169.0270
11.210	 2.46	 1	 -42.7534	  169.2868
11.217	 2.06	 1	 -40.3204	  176.5014
11.221	 2.47	 1	 -38.9086	  176.3273
11.221	 2.33	 1	 -43.1849	  166.9411
11.231	 2.07	 1	 -39.7284	  168.4217
11.237	 2.40	 1	 -40.7315	  167.5168
11.257	 2.40	 1	 -39.4794	  173.1064
11.261	 3.30	 1	 -42.1624	  166.9470
11.304	 2.00	 1	 -43.6370	  171.6989
11.313	 2.40	 1	 -42.9030	  176.2181
11.319	 3.85	 1	 -45.4672	  173.7642
11.320	 2.10	 1	 -47.0337	  174.6166
11.322	 2.19	 1	 -45.6908	  177.5815
11.322	 2.86	 1	 -41.7145	  174.3024
11.326	 2.14	 1	 -41.1853	  167.2582
11.327	 2.06	 1	 -43.2785	  172.2966
11.334	 2.09	 1	 -41.7498	  174.2000
11.338	 2.50	 1	 -44.5135	  167.4284
11.342	 2.45	 1	 -43.5252	  167.0101
11.358	 2.10	 1	 -41.7450	  174.2900
11.362	 2.96	 1	 -42.1604	  173.8713
11.365	 2.12	 1	 -45.0382	  167.8027
11.365	 2.22	 1	 -42.5241	  173.2767
11.365	 2.59	 1	 -43.9563	  178.8934
11.388	 2.00	 1	 -43.0691	  179.1185
11.388	 2.18	 1	 -45.4860	  168.2281
11.397	 2.01	 1	 -44.4050	  178.6789
11.412	 2.38	 1	 -44.7123	  178.4881
11.424	 3.05	 1	 -47.1816	  173.3770
11.445	 2.91	 1	 -42.4663	  179.1322
11.445	 2.27	 1	 -42.1050	  172.5177
11.446	 2.01	 1	 -44.5597	  170.1193
11.454	 2.01	 1	 -42.9738	  169.8723
11.469	 2.07	 1	 -42.3445	  173.1991
11.482	 2.04	 1	 -41.9410	  174.2086
11.501	 2.73	 1	 -40.9881	  178.6834
11.505	 2.31	 1	 -42.4714	  173.5006
11.505	 3.12	 1	 -42.6686	  175.1346
11.508	 3.47	 1	 -41.4566	  178.9043
11.516	 2.15	 1	 -42.1376	  174.5988
11.526	 2.49	 1	 -43.3006	  169.4711
11.527	 2.22	 1	 -45.4402	  177.8649
11.570	 2.73	 1	 -46.5370	  176.1953
11.570	 2.32	 1	 -44.4058	  167.3658
11.604	 2.02	 1	 -43.3704	  172.1738
11.647	 2.15	 1	 -46.0452	  177.0989
11.649	 3.23	 1	 -45.9481	  169.0455
11.651	 2.45	 1	 -45.7423	  177.5177
11.689	 2.01	 1	 -43.3052	  173.3082
11.712	 2.03	 1	 -40.3457	  167.8036
11.734	 3.04	 1	 -45.8176	  168.6233
11.734	 2.13	 1	 -40.3072	  168.2397
11.778	 2.36	 1	 -47.1889	  172.9542
11.784	 2.36	 1	 -38.5794	  172.8592
11.790	 2.12	 1	 -42.5367	  173.1635
11.791	 2.89	 1	 -40.6852	  178.4965
11.797	 2.14	 1	 -39.1257	  169.2969
11.800	 2.04	 1	 -42.5996	  173.2766
11.812	 2.51	 1	 -41.6753	  172.7282
11.814	 2.12	 1	 -43.3787	  176.5128
11.818	 3.71	 1	 -44.5415	  167.4455
11.820	 2.08	 1	 -38.9923	  174.9371
11.827	 2.18	 1	 -47.0651	  171.5953
11.841	 2.33	 1	 -42.3610	  174.6107
11.842	 2.49	 1	 -45.4883	  168.2305
11.842	 2.09	 1	 -41.2788	  178.8297
11.846	 2.49	 1	 -45.8571	  168.6759
11.849	 2.72	 1	 -42.6510	  169.6967
11.929	 2.05	 1	 -41.6614	  178.9769
11.949	 2.21	 1	 -41.2860	  178.8329
11.968	 2.50	 1	 -46.5147	  170.9855
11.969	 2.02	 1	 -41.7703	  174.1607
11.984	 3.12	 1	 -45.2557	  175.2338
12.008	 2.46	 1	 -42.2546	  173.7460
12.011	 2.34	 1	 -42.7255	  177.6608
12.033	 2.35	 1	 -41.9441	  171.6279
12.040	 2.43	 1	 -42.9303	  173.0321
12.041	 2.31	 1	 -40.5824	  178.4245
12.054	 2.02	 1	 -41.1394	  175.5079
12.056	 2.07	 1	 -44.1496	  170.0417
12.057	 2.06	 1	 -45.9588	  174.3595
12.060	 2.29	 1	 -46.2753	  169.3253
12.065	 2.14	 1	 -44.9106	  173.4106
12.071	 2.31	 1	 -42.1407	  173.9706
12.074	 2.75	 1	 -42.4206	  166.9155
12.090	 2.32	 1	 -43.1699	  166.9389
12.092	 2.45	 1	 -46.8264	  170.6150
12.095	 2.05	 1	 -46.6038	  176.0405
12.147	 2.02	 1	 -38.2347	  173.8236
12.159	 2.24	 1	 -40.0216	  175.4681
12.169	 2.53	 1	 -43.3424	  170.5172
12.169	 2.57	 1	 -41.1849	  174.0722
12.178	 2.39	 1	 -44.0243	  178.8655
12.178	 2.19	 1	 -43.4095	  166.9826
12.185	 2.02	 1	 -45.9104	  168.7489
12.189	 2.24	 1	 -44.6210	  173.3658
12.203	 2.40	 1	 -38.1960	  172.9931
12.204	 2.10	 1	 -42.3683	  172.2787
12.207	 2.19	 1	 -38.2030	  172.6794
12.208	 3.63	 1	 -41.7101	  174.3161
12.209	 2.19	 1	 -40.9020	  177.4661
12.217	 2.67	 1	 -38.2624	  174.0703
12.219	 2.34	 1	 -42.2711	  173.3485
12.219	 2.01	 1	 -42.9710	  175.0666
12.224	 2.46	 1	 -41.1245	  167.2884
12.228	 2.51	 1	 -38.4532	  175.0618
12.232	 2.13	 1	 -42.2683	  173.7150
12.238	 2.16	 1	 -42.6798	  172.8598
12.239	 2.53	 1	 -38.2859	  171.8044
12.262	 2.18	 1	 -38.9766	  176.4670
12.262	 2.49	 1	 -38.4303	  174.9716
12.290	 2.20	 1	 -41.8526	  179.0323
12.294	 2.07	 1	 -39.7074	  168.4469
12.316	 2.83	 1	 -41.0796	  167.3114
12.322	 2.22	 1	 -44.0201	  167.1770
12.328	 2.91	 1	 -42.3507	  173.7094
12.329	 2.75	 1	 -40.1546	  178.0723
12.334	 2.74	 1	 -38.2676	  174.1098
12.336	 3.06	 1	 -44.5048	  171.4316
12.338	 2.07	 1	 -40.1098	  178.0302
12.350	 2.63	 1	 -42.1298	  166.9524
12.355	 2.52	 1	 -46.2207	  169.2292
12.358	 2.42	 1	 -44.6276	  167.4998
12.362	 2.55	 1	 -42.8498	  174.9345
12.365	 2.10	 1	 -39.2867	  171.2056
12.379	 3.00	 1	 -39.9489	  177.8692
12.382	 2.68	 1	 -44.7786	  175.0360
12.383	 2.66	 1	 -43.0849	  166.9277
12.385	 2.11	 1	 -43.0178	  173.8582
12.395	 2.77	 1	 -43.9884	  172.3602
12.404	 3.18	 1	 -41.3971	  176.1088
12.435	 2.26	 1	 -44.4862	  167.4121
12.439	 2.28	 1	 -39.2397	  176.9412
12.442	 3.11	 1	 -42.8274	  170.9956
12.456	 2.16	 1	 -42.4687	  173.2267
12.457	 3.24	 1	 -42.6073	  173.1440
12.457	 2.00	 1	 -42.0637	  169.6214
12.476	 2.27	 1	 -38.8182	  169.9169
12.483	 2.04	 1	 -42.6250	  172.8008
12.485	 2.15	 1	 -42.0774	  171.5681
12.487	 2.01	 1	 -40.1530	  177.4272
12.489	 2.01	 1	 -42.6543	  170.4141
12.499	 2.90	 1	 -42.3712	  172.9375
12.500	 2.66	 1	 -43.2739	  177.0328
12.507	 2.74	 1	 -44.6151	  167.4917
12.510	 2.34	 1	 -41.5542	  172.0621
12.522	 2.61	 1	 -46.0198	  177.1374
12.539	 2.03	 1	 -44.9276	  171.8380
12.544	 2.13	 1	 -41.6554	  178.9750
12.547	 2.10	 1	 -44.2623	  177.6050
12.558	 2.80	 1	 -38.7874	  171.3747
12.576	 2.33	 1	 -41.7959	  174.3447
12.577	 2.38	 1	 -44.8304	  170.4171
12.578	 2.01	 1	 -40.7221	  176.5485
12.583	 2.25	 1	 -40.2647	  167.8727
12.624	 2.48	 1	 -47.1502	  173.8257
12.658	 2.08	 1	 -45.5839	  168.3368
12.729	 2.23	 1	 -42.9130	  173.5371
12.750	 2.33	 1	 -42.0885	  173.8705
12.769	 2.51	 1	 -42.4112	  166.9163
12.772	 2.50	 1	 -39.4744	  177.2950
12.780	 3.33	 1	 -41.8038	  176.0368
12.795	 2.14	 1	 -41.7550	  179.0055
12.803	 2.71	 1	 -46.7291	  175.7178
12.807	 2.18	 1	 -41.8877	  174.2043
12.813	 2.00	 1	 -44.1911	  172.3617
12.817	 2.13	 1	 -45.1852	  172.2179
12.833	 2.75	 1	 -39.3408	  173.2694
12.841	 2.17	 1	 -45.3369	  173.3593
12.862	 2.66	 1	 -47.1843	  172.7378
12.889	 2.49	 1	 -38.8248	  169.9017
12.891	 2.02	 1	 -41.0868	  178.7366
12.896	 2.59	 1	 -40.2829	  178.0479
12.900	 2.71	 1	 -42.5551	  179.1371
12.912	 2.48	 1	 -42.4400	  173.7759
12.919	 2.46	 1	 -42.2370	  173.6418
12.919	 2.51	 1	 -42.5156	  172.9167
12.942	 2.50	 1	 -47.1119	  171.8928
12.949	 2.07	 1	 -38.9047	  169.7254
12.954	 2.60	 1	 -41.2990	  172.1126
12.960	 2.92	 1	 -46.3616	  169.4855
12.967	 2.35	 1	 -39.8372	  177.7483
12.972	 2.06	 1	 -46.5815	  176.0933
12.975	 2.04	 1	 -43.3805	  166.9764
12.976	 2.47	 1	 -43.1995	  173.2770
12.981	 3.81	 1	 -43.2030	  179.1004
12.983	 2.29	 1	 -43.0488	  167.5258
12.987	 3.07	 1	 -42.3638	  173.6304
12.994	 2.11	 1	 -42.1574	  171.6293
13.000	 2.52	 1	 -41.1207	  178.6309
13.006	 2.94	 1	 -44.2258	  174.6063
13.013	 2.42	 1	 -45.6132	  172.8136
13.014	 2.00	 1	 -42.2629	  179.1120
13.024	 2.33	 1	 -44.4085	  178.6770
13.035	 2.21	 1	 -44.2779	  169.3529
13.041	 2.28	 1	 -42.1994	  173.4718
13.049	 2.11	 1	 -38.5400	  175.3693
13.089	 2.14	 1	 -45.6505	  170.9094
13.096	 3.22	 1	 -47.1814	  172.6641
13.101	 3.22	 1	 -46.9648	  171.1140
13.153	 2.00	 1	 -40.4444	  173.3997
13.170	 2.78	 1	 -44.0270	  168.0013
13.176	 2.70	 1	 -46.9169	  170.9257
13.181	 2.36	 1	 -43.3088	  166.9621
13.188	 2.23	 1	 -47.1397	  172.1175
13.192	 3.10	 1	 -46.7357	  170.3449
13.192	 2.07	 1	 -44.9942	  175.9627
13.239	 2.93	 1	 -39.1894	  169.1866
13.299	 2.71	 1	 -43.1163	  179.1127
13.302	 2.40	 1	 -41.8999	  174.1774
13.311	 2.25	 1	 -38.3966	  171.2149
13.332	 2.21	 1	 -41.1757	  167.2629
13.348	 2.62	 1	 -39.1291	  175.5900
13.368	 2.02	 1	 -44.2090	  167.2627
13.371	 2.04	 1	 -42.5039	  179.1346
13.376	 2.28	 1	 -41.5994	  178.9564
13.377	 2.13	 1	 -41.0512	  168.0796
13.386	 3.39	 1	 -46.6527	  170.1244
13.417	 3.29	 1	 -42.3808	  175.5768
13.431	 3.24	 1	 -39.2086	  169.1543
13.475	 2.23	 1	 -46.9214	  170.9427
13.477	 2.60	 1	 -41.9110	  173.6309
13.478	 2.43	 1	 -43.7536	  173.3331
13.483	 2.51	 1	 -46.7588	  175.6338
13.483	 3.51	 1	 -44.3187	  178.7259
13.483	 2.36	 1	 -44.0522	  178.8536
13.484	 2.01	 1	 -47.1599	  173.7191
13.484	 2.70	 1	 -44.5923	  169.8751
13.486	 2.29	 1	 -41.4646	  167.1369
13.496	 2.37	 1	 -46.3727	  169.5068
13.497	 2.05	 1	 -42.3031	  173.6450
13.509	 2.90	 1	 -38.1984	  172.8193
13.511	 3.26	 1	 -45.1561	  168.2356
13.512	 3.07	 1	 -38.5883	  170.5228
13.514	 2.55	 1	 -38.7756	  170.0175
13.534	 2.30	 1	 -45.0539	  173.3914
13.535	 2.91	 1	 -39.9428	  175.6188
13.544	 2.74	 1	 -46.8513	  175.3488
13.565	 2.69	 1	 -43.9888	  167.1640
13.572	 2.20	 1	 -41.9376	  171.6685
13.574	 2.22	 1	 -43.1425	  173.5271
13.576	 3.28	 1	 -46.9744	  173.1875
13.582	 3.23	 1	 -40.8751	  169.7446
13.592	 2.03	 1	 -41.5402	  178.9357
13.594	 2.00	 1	 -45.0338	  178.2452
13.613	 4.44	 1	 -42.7039	  173.0787
13.618	 2.32	 1	 -38.2566	  174.0234
13.619	 2.51	 1	 -42.1484	  173.6631
13.635	 2.16	 1	 -41.4228	  169.2196
13.669	 2.38	 1	 -43.1493	  172.2785
13.679	 2.24	 1	 -47.0695	  174.4238
13.691	 2.52	 1	 -42.7211	  179.1398
13.704	 2.80	 1	 -44.9937	  167.7661
13.712	 2.30	 1	 -41.8412	  171.7053
13.712	 2.61	 1	 -40.2653	  168.1394
13.733	 3.46	 1	 -39.7478	  168.3988
13.737	 2.14	 1	 -42.8542	  171.3916
13.740	 2.11	 1	 -42.1898	  173.9862
13.755	 2.27	 1	 -38.2544	  172.0386
13.781	 2.04	 1	 -38.2266	  173.7352
13.787	 3.53	 1	 -38.4590	  175.0838
13.792	 2.04	 1	 -43.6431	  179.0017
13.815	 2.20	 1	 -43.8478	  169.5308
13.849	 2.25	 1	 -42.6099	  171.6069
13.866	 2.08	 1	 -39.5577	  177.4082
13.867	 2.57	 1	 -46.3099	  176.6562
13.869	 2.49	 1	 -42.0157	  173.8186
13.874	 2.55	 1	 -41.9354	  179.0526
13.876	 2.74	 1	 -39.8891	  168.2389
13.880	 2.11	 1	 -43.5932	  179.0160
13.909	 2.14	 1	 -45.3156	  168.4736
13.910	 2.14	 1	 -47.0334	  171.4258
13.946	 2.62	 1	 -41.1952	  178.7908
13.949	 2.30	 1	 -41.1015	  175.0576
13.961	 2.08	 1	 -40.6203	  172.7704
13.976	 2.14	 1	 -42.6289	  167.1653
13.976	 2.26	 1	 -41.7275	  174.2039
13.981	 2.14	 1	 -46.4841	  169.7333
13.988	 2.18	 1	 -42.1986	  175.7470
13.991	 3.28	 1	 -41.8524	  172.9525
13.992	 2.05	 1	 -43.6081	  175.7696
13.992	 2.02	 1	 -42.4349	  173.0771
13.996	 3.74	 1	 -38.2194	  173.6461
13.998	 2.64	 1	 -41.2662	  167.2203
